0 test1dax_consistent left_hidden
0.660 1.431 1.211 0.000 0.351 0.000 1.823 0.000 0.740 0.000 0.906 0.358 1.582 0.724 0.000 0.140 0.000 0.158 0.273 0.221 
0 test1dax_consistent right_hidden
1.568 0.090 0.000 0.000 0.000 0.476 0.000 0.000 0.000 0.000 1.027 0.000 4.369 3.322 0.346 0.000 0.000 0.000 0.181 2.459 
---
1 test1dax_inconsistent left_hidden
0.660 1.431 1.211 0.000 0.351 0.000 1.823 0.000 0.740 0.000 0.906 0.358 1.582 0.724 0.000 0.140 0.000 0.158 0.273 0.221 
1 test1dax_inconsistent right_hidden
0.959 0.030 0.144 0.000 0.972 0.400 0.000 0.000 0.000 0.000 0.766 0.000 1.910 1.421 0.000 0.000 0.000 0.000 0.288 1.366 
---
0 test1dax_consistent left_hidden
1.027 0.000 1.209 0.726 0.283 0.333 0.796 0.516 2.534 0.662 1.273 1.080 0.593 0.000 0.609 0.563 0.062 0.000 0.028 0.000 
0 test1dax_consistent right_hidden
1.188 0.000 1.128 1.928 0.663 1.177 1.352 0.000 3.504 2.269 0.933 0.062 0.426 0.000 0.614 0.000 1.314 2.533 0.000 0.159 
---
1 test1dax_inconsistent left_hidden
1.027 0.000 1.209 0.726 0.283 0.333 0.796 0.516 2.534 0.662 1.273 1.080 0.593 0.000 0.609 0.563 0.062 0.000 0.028 0.000 
1 test1dax_inconsistent right_hidden
0.046 0.017 0.610 1.663 0.261 0.874 0.442 0.000 1.388 0.954 0.287 0.725 0.519 0.000 0.795 0.000 0.233 0.960 0.078 0.104 
---
0 test1dax_consistent left_hidden
0.000 0.326 0.000 0.152 0.000 0.994 0.000 0.271 0.000 0.000 0.628 1.515 0.000 0.520 0.003 0.700 1.850 1.623 0.328 0.470 
0 test1dax_consistent right_hidden
0.000 2.691 0.000 2.022 0.000 0.000 0.653 0.000 0.216 0.000 1.398 0.000 0.000 1.111 2.493 0.000 0.313 3.430 1.008 1.721 
---
1 test1dax_inconsistent left_hidden
0.000 0.326 0.000 0.152 0.000 0.994 0.000 0.271 0.000 0.000 0.628 1.515 0.000 0.520 0.003 0.700 1.850 1.623 0.328 0.470 
1 test1dax_inconsistent right_hidden
0.000 1.013 0.102 0.705 0.000 0.402 0.538 0.000 0.312 0.000 0.782 0.000 0.000 1.478 1.339 0.031 0.202 1.712 0.243 0.649 
---
0 test1dax_consistent left_hidden
0.000 0.000 1.369 0.359 0.151 0.730 0.000 0.162 0.000 1.820 0.391 0.018 0.432 0.000 1.560 0.732 0.428 1.402 0.000 1.189 
0 test1dax_consistent right_hidden
0.000 0.000 0.070 0.000 0.000 0.006 0.000 1.809 0.000 4.097 0.000 0.000 0.000 0.000 1.662 0.000 0.008 1.284 1.230 2.512 
---
1 test1dax_inconsistent left_hidden
0.000 0.000 1.369 0.359 0.151 0.730 0.000 0.162 0.000 1.820 0.391 0.018 0.432 0.000 1.560 0.732 0.428 1.402 0.000 1.189 
1 test1dax_inconsistent right_hidden
0.000 0.000 0.803 0.144 0.000 0.000 0.003 1.085 0.000 1.467 0.096 0.000 0.000 0.000 1.834 0.000 0.071 0.469 0.301 0.773 
---
0 test1dax_consistent left_hidden
0.168 0.239 0.085 0.000 1.457 0.460 0.196 0.000 1.656 1.159 0.739 0.000 1.051 1.421 0.023 0.263 0.560 1.115 0.000 0.810 
0 test1dax_consistent right_hidden
0.261 1.013 0.000 0.000 2.350 0.000 3.111 0.000 0.379 0.000 0.340 1.258 0.000 0.752 0.000 1.835 1.420 2.717 0.032 0.863 
---
1 test1dax_inconsistent left_hidden
0.168 0.239 0.085 0.000 1.457 0.460 0.196 0.000 1.656 1.159 0.739 0.000 1.051 1.421 0.023 0.263 0.560 1.115 0.000 0.810 
1 test1dax_inconsistent right_hidden
0.213 0.128 0.000 0.125 0.493 0.000 1.471 0.125 1.058 0.000 0.684 0.776 0.260 0.495 0.000 1.085 1.187 0.778 0.555 0.126 
---
0 test1dax_consistent left_hidden
0.000 1.648 0.643 0.282 1.013 0.000 1.272 0.008 1.006 1.368 0.000 1.086 0.305 0.291 0.080 0.181 0.961 0.792 0.280 0.847 
0 test1dax_consistent right_hidden
0.000 0.812 0.000 2.172 0.000 0.000 0.000 0.441 2.004 2.395 0.000 1.172 0.000 0.000 0.389 0.000 1.944 3.220 0.000 0.000 
---
1 test1dax_inconsistent left_hidden
0.000 1.648 0.643 0.282 1.013 0.000 1.272 0.008 1.006 1.368 0.000 1.086 0.305 0.291 0.080 0.181 0.961 0.792 0.280 0.847 
1 test1dax_inconsistent right_hidden
0.000 1.239 0.000 0.425 0.450 0.081 0.000 0.123 0.520 0.461 0.000 0.000 0.225 0.435 0.000 0.263 1.276 1.835 0.205 0.000 
---
0 test1dax_consistent left_hidden
1.000 1.513 0.000 0.174 0.000 0.034 0.656 1.099 0.039 1.636 0.123 0.448 0.014 1.303 0.152 0.082 0.910 0.000 1.609 0.000 
0 test1dax_consistent right_hidden
1.783 0.000 0.000 0.527 1.560 0.785 0.123 1.757 0.000 3.189 0.014 0.290 0.000 2.786 3.393 0.036 0.436 0.000 1.464 0.000 
---
1 test1dax_inconsistent left_hidden
1.000 1.513 0.000 0.174 0.000 0.034 0.656 1.099 0.039 1.636 0.123 0.448 0.014 1.303 0.152 0.082 0.910 0.000 1.609 0.000 
1 test1dax_inconsistent right_hidden
1.458 0.118 0.000 0.776 0.407 0.360 0.599 0.433 0.000 1.602 0.142 0.315 0.000 0.851 1.368 0.434 0.026 0.000 0.177 0.000 
---
0 test1dax_consistent left_hidden
1.851 0.000 1.375 0.836 0.670 0.000 0.004 0.523 0.172 0.732 0.750 0.951 0.190 0.298 0.000 0.708 0.000 0.000 0.000 0.036 
0 test1dax_consistent right_hidden
0.129 0.000 1.962 1.106 0.561 0.000 0.085 4.316 0.000 0.811 1.726 1.627 0.000 0.000 0.000 2.042 0.000 0.000 0.212 0.000 
---
1 test1dax_inconsistent left_hidden
1.851 0.000 1.375 0.836 0.670 0.000 0.004 0.523 0.172 0.732 0.750 0.951 0.190 0.298 0.000 0.708 0.000 0.000 0.000 0.036 
1 test1dax_inconsistent right_hidden
0.508 0.000 0.149 0.766 0.300 0.000 0.114 1.795 0.000 1.076 0.722 0.944 0.000 0.103 0.000 1.515 0.000 0.052 0.448 0.000 
---
0 test1dax_consistent left_hidden
0.000 0.948 0.000 0.000 0.000 0.493 0.884 0.175 0.215 2.224 0.333 1.577 0.000 1.788 0.000 0.000 0.000 0.000 0.000 0.224 
0 test1dax_consistent right_hidden
0.000 0.811 2.972 0.000 0.000 1.280 2.276 0.000 0.000 0.641 0.000 2.767 1.151 2.922 0.000 0.000 0.356 0.629 0.000 1.860 
---
1 test1dax_inconsistent left_hidden
0.000 0.948 0.000 0.000 0.000 0.493 0.884 0.175 0.215 2.224 0.333 1.577 0.000 1.788 0.000 0.000 0.000 0.000 0.000 0.224 
1 test1dax_inconsistent right_hidden
0.000 0.773 1.097 0.000 0.000 0.212 1.922 0.052 0.000 0.676 0.000 0.806 0.060 0.782 0.000 0.000 0.000 0.707 0.018 1.345 
---
0 test1dax_consistent left_hidden
1.118 0.000 0.405 0.000 0.000 0.463 0.000 0.272 0.959 0.000 0.719 0.446 0.000 0.552 1.318 0.602 0.741 0.663 1.878 0.211 
0 test1dax_consistent right_hidden
2.845 0.000 0.000 0.245 0.242 1.292 0.000 2.572 0.000 0.000 0.519 0.000 1.107 0.000 0.318 0.157 2.206 3.191 0.571 0.033 
---
1 test1dax_inconsistent left_hidden
1.118 0.000 0.405 0.000 0.000 0.463 0.000 0.272 0.959 0.000 0.719 0.446 0.000 0.552 1.318 0.602 0.741 0.663 1.878 0.211 
1 test1dax_inconsistent right_hidden
1.325 0.000 0.000 0.167 0.000 1.127 0.000 0.905 0.000 0.000 0.188 0.479 0.120 0.000 0.910 0.315 0.558 1.848 0.536 0.356 
---
0 test1dax_consistent left_hidden
0.699 0.970 0.219 0.000 0.041 0.000 0.000 0.000 1.365 0.000 0.929 0.570 0.000 0.000 0.000 0.181 2.609 0.124 0.539 0.212 
0 test1dax_consistent right_hidden
0.000 0.634 0.023 0.000 0.000 0.000 0.504 0.000 3.211 1.372 0.000 0.735 4.824 0.000 0.000 0.997 0.449 0.076 0.000 0.343 
---
1 test1dax_inconsistent left_hidden
0.699 0.970 0.219 0.000 0.041 0.000 0.000 0.000 1.365 0.000 0.929 0.570 0.000 0.000 0.000 0.181 2.609 0.124 0.539 0.212 
1 test1dax_inconsistent right_hidden
0.000 0.000 0.316 0.000 0.024 0.000 0.690 0.014 1.895 1.158 0.464 0.767 1.617 0.000 0.000 1.203 0.642 0.000 0.000 0.367 
---
0 test1dax_consistent left_hidden
1.523 0.037 2.240 0.126 0.150 0.068 0.000 0.710 0.541 0.000 2.005 0.000 0.290 0.000 0.047 0.639 0.060 0.000 0.000 0.189 
0 test1dax_consistent right_hidden
2.117 0.000 0.353 0.579 0.000 0.879 1.507 0.877 3.860 2.023 1.097 0.000 0.550 0.171 2.411 0.000 0.000 0.000 0.000 0.655 
---
1 test1dax_inconsistent left_hidden
1.523 0.037 2.240 0.126 0.150 0.068 0.000 0.710 0.541 0.000 2.005 0.000 0.290 0.000 0.047 0.639 0.060 0.000 0.000 0.189 
1 test1dax_inconsistent right_hidden
1.362 0.000 0.234 0.793 0.000 1.052 0.514 0.675 1.352 0.820 0.636 0.000 0.638 0.513 0.442 0.175 0.083 0.000 0.000 0.564 
---
0 test1dax_consistent left_hidden
0.077 1.603 0.000 1.328 0.452 1.829 0.000 0.222 0.332 0.000 0.000 1.812 0.000 0.471 0.000 0.068 0.038 0.000 0.000 0.000 
0 test1dax_consistent right_hidden
1.000 0.308 0.000 0.000 0.433 0.876 0.000 0.517 3.124 0.000 0.000 0.000 0.000 3.346 0.000 0.220 1.761 0.030 2.731 0.000 
---
1 test1dax_inconsistent left_hidden
0.077 1.603 0.000 1.328 0.452 1.829 0.000 0.222 0.332 0.000 0.000 1.812 0.000 0.471 0.000 0.068 0.038 0.000 0.000 0.000 
1 test1dax_inconsistent right_hidden
1.154 0.000 0.000 0.000 0.176 0.769 0.000 0.897 1.292 0.000 0.000 0.000 0.299 1.059 0.000 0.000 0.736 0.000 1.024 0.000 
---
0 test1dax_consistent left_hidden
0.343 0.910 0.000 0.000 0.000 0.000 0.361 1.009 1.407 0.000 0.256 0.852 0.000 0.863 0.176 0.536 1.969 0.064 0.000 0.000 
0 test1dax_consistent right_hidden
2.653 2.972 1.514 2.153 1.257 0.000 0.000 1.451 1.590 0.921 0.688 0.377 0.000 0.000 1.761 0.521 0.264 0.022 0.000 1.950 
---
1 test1dax_inconsistent left_hidden
0.343 0.910 0.000 0.000 0.000 0.000 0.361 1.009 1.407 0.000 0.256 0.852 0.000 0.863 0.176 0.536 1.969 0.064 0.000 0.000 
1 test1dax_inconsistent right_hidden
1.108 1.151 0.568 0.611 0.581 0.000 0.000 1.125 0.577 0.000 0.159 0.000 0.210 0.000 1.334 0.972 0.426 0.106 0.000 0.712 
---
0 test1dax_consistent left_hidden
0.096 0.000 1.356 0.086 0.058 0.000 0.000 0.000 0.334 0.418 0.330 0.000 0.281 0.000 0.248 0.014 0.585 2.812 1.008 0.000 
0 test1dax_consistent right_hidden
1.444 0.000 0.000 0.796 0.000 0.297 0.000 0.000 0.000 0.706 4.561 1.919 1.362 0.000 0.000 1.729 2.790 0.210 0.000 0.000 
---
1 test1dax_inconsistent left_hidden
0.096 0.000 1.356 0.086 0.058 0.000 0.000 0.000 0.334 0.418 0.330 0.000 0.281 0.000 0.248 0.014 0.585 2.812 1.008 0.000 
1 test1dax_inconsistent right_hidden
0.494 0.164 0.050 1.137 0.030 0.763 0.080 0.000 0.000 0.145 1.976 0.783 0.880 0.288 0.000 0.689 0.646 0.496 0.000 0.000 
---
0 test1dax_consistent left_hidden
0.000 0.000 0.000 0.000 0.000 0.223 0.000 2.605 1.195 0.785 0.000 1.000 1.308 0.788 0.000 0.309 1.028 0.710 0.956 0.000 
0 test1dax_consistent right_hidden
0.000 2.209 0.849 2.920 1.675 0.148 0.000 0.492 0.561 0.214 0.890 0.802 0.411 0.309 0.000 0.000 3.289 0.000 0.518 2.643 
---
1 test1dax_inconsistent left_hidden
0.000 0.000 0.000 0.000 0.000 0.223 0.000 2.605 1.195 0.785 0.000 1.000 1.308 0.788 0.000 0.309 1.028 0.710 0.956 0.000 
1 test1dax_inconsistent right_hidden
0.000 1.206 0.280 1.044 1.195 0.187 0.000 0.384 0.000 0.652 0.069 0.123 0.625 0.466 0.000 0.056 1.816 0.000 0.319 0.897 
---
0 test1dax_consistent left_hidden
0.000 0.000 0.051 0.043 0.000 0.030 1.126 0.000 0.000 0.049 0.335 0.000 0.017 1.694 0.000 2.320 0.440 0.512 0.089 1.059 
0 test1dax_consistent right_hidden
1.357 2.674 0.106 0.000 0.000 0.000 0.000 0.000 0.000 2.008 0.000 2.851 0.000 0.023 0.697 2.465 3.147 1.422 0.000 0.000 
---
1 test1dax_inconsistent left_hidden
0.000 0.000 0.051 0.043 0.000 0.030 1.126 0.000 0.000 0.049 0.335 0.000 0.017 1.694 0.000 2.320 0.440 0.512 0.089 1.059 
1 test1dax_inconsistent right_hidden
0.446 1.022 0.336 0.000 0.000 0.000 0.000 0.000 0.000 1.262 0.005 1.712 0.000 0.011 0.592 1.604 0.997 0.781 0.000 0.000 
---
0 test1dax_consistent left_hidden
0.720 0.000 0.000 0.906 0.434 0.968 0.000 1.965 0.573 0.000 0.294 0.000 0.000 1.334 0.000 1.971 0.000 0.116 0.000 0.000 
0 test1dax_consistent right_hidden
0.000 0.555 0.000 0.000 3.240 0.000 0.038 2.567 0.912 0.000 1.223 0.000 0.000 0.000 3.208 1.607 0.000 1.141 0.000 0.000 
---
1 test1dax_inconsistent left_hidden
0.720 0.000 0.000 0.906 0.434 0.968 0.000 1.965 0.573 0.000 0.294 0.000 0.000 1.334 0.000 1.971 0.000 0.116 0.000 0.000 
1 test1dax_inconsistent right_hidden
0.000 0.101 0.000 0.027 1.609 0.086 0.000 1.968 1.257 0.000 0.000 0.000 0.000 0.000 1.197 0.293 0.000 0.091 0.049 0.000 
---
0 test1dax_consistent left_hidden
0.626 0.000 0.187 0.000 0.554 1.772 0.084 1.487 0.000 0.308 0.000 0.142 0.000 0.825 0.155 0.000 0.000 0.000 0.544 1.560 
0 test1dax_consistent right_hidden
0.639 0.053 0.271 4.383 1.197 0.748 0.000 0.000 0.000 0.000 0.000 1.896 0.020 0.472 0.518 0.000 0.000 0.000 0.000 0.974 
---
1 test1dax_inconsistent left_hidden
0.626 0.000 0.187 0.000 0.554 1.772 0.084 1.487 0.000 0.308 0.000 0.142 0.000 0.825 0.155 0.000 0.000 0.000 0.544 1.560 
1 test1dax_inconsistent right_hidden
0.446 0.000 0.605 1.467 1.266 0.000 0.000 0.000 0.000 0.000 0.000 1.348 0.000 0.037 0.425 0.000 0.000 0.000 0.071 0.850 
---
0 test1dax_consistent left_hidden
0.264 1.755 0.000 0.000 0.000 0.220 0.000 0.844 0.000 0.000 1.680 0.000 0.268 0.448 0.268 1.729 0.787 0.000 1.138 0.282 
0 test1dax_consistent right_hidden
1.423 1.561 0.000 0.000 0.000 0.000 0.000 0.000 0.185 0.000 1.366 0.000 0.725 1.960 2.453 0.442 3.834 0.000 2.501 0.000 
---
1 test1dax_inconsistent left_hidden
0.264 1.755 0.000 0.000 0.000 0.220 0.000 0.844 0.000 0.000 1.680 0.000 0.268 0.448 0.268 1.729 0.787 0.000 1.138 0.282 
1 test1dax_inconsistent right_hidden
1.072 1.806 0.000 0.000 0.000 0.112 0.000 0.235 0.000 0.157 0.160 0.000 0.189 0.696 1.025 0.559 2.005 0.000 0.970 0.000 
---
0 test1dax_consistent left_hidden
0.236 0.347 0.548 1.469 0.617 1.329 0.809 0.000 0.566 0.455 0.392 0.204 0.329 1.144 1.388 0.523 0.000 1.378 0.000 0.429 
0 test1dax_consistent right_hidden
0.729 2.117 0.756 1.108 1.589 0.053 2.361 0.000 0.203 0.698 1.008 0.000 1.567 0.639 1.899 0.748 0.000 0.262 2.652 0.000 
---
1 test1dax_inconsistent left_hidden
0.236 0.347 0.548 1.469 0.617 1.329 0.809 0.000 0.566 0.455 0.392 0.204 0.329 1.144 1.388 0.523 0.000 1.378 0.000 0.429 
1 test1dax_inconsistent right_hidden
0.282 0.686 0.087 0.584 0.490 0.336 1.426 0.000 0.387 0.304 0.597 0.000 0.453 0.991 0.798 0.825 0.000 0.830 1.344 0.000 
---
0 test1dax_consistent left_hidden
0.080 0.000 0.361 0.031 1.298 0.231 0.000 0.153 0.000 0.117 2.420 0.547 1.220 0.460 0.000 0.271 0.044 0.960 0.222 0.265 
0 test1dax_consistent right_hidden
0.000 0.000 0.100 0.167 0.702 0.027 0.000 2.265 0.000 0.008 2.735 0.384 0.459 0.000 0.248 0.547 4.120 0.000 0.000 0.000 
---
1 test1dax_inconsistent left_hidden
0.080 0.000 0.361 0.031 1.298 0.231 0.000 0.153 0.000 0.117 2.420 0.547 1.220 0.460 0.000 0.271 0.044 0.960 0.222 0.265 
1 test1dax_inconsistent right_hidden
0.000 0.000 0.000 0.331 0.559 0.000 0.000 1.029 0.000 0.000 1.812 0.610 0.712 0.010 0.000 0.000 1.526 0.000 0.000 0.000 
---
0 test1dax_consistent left_hidden
0.155 0.000 0.000 0.190 0.000 0.327 1.507 1.571 0.656 2.050 0.000 0.648 0.270 0.461 0.000 0.000 0.243 0.000 0.549 0.895 
0 test1dax_consistent right_hidden
1.878 0.000 1.883 0.945 0.000 0.000 0.178 0.479 1.453 1.628 0.747 2.109 0.000 0.000 1.250 0.000 0.000 2.683 1.433 3.371 
---
1 test1dax_inconsistent left_hidden
0.155 0.000 0.000 0.190 0.000 0.327 1.507 1.571 0.656 2.050 0.000 0.648 0.270 0.461 0.000 0.000 0.243 0.000 0.549 0.895 
1 test1dax_inconsistent right_hidden
1.156 0.000 0.497 0.536 0.000 0.000 0.203 0.333 0.420 0.869 0.000 1.706 0.098 0.000 0.916 0.000 0.000 0.704 1.134 1.340 
---
0 test1dax_consistent left_hidden
0.000 0.821 1.269 0.014 0.302 0.273 0.184 1.452 0.700 0.441 0.000 0.207 0.000 1.909 0.000 0.000 0.000 0.000 0.247 2.006 
0 test1dax_consistent right_hidden
0.000 0.000 2.186 0.223 3.301 0.401 0.000 0.061 0.131 1.430 0.000 1.325 1.511 0.548 0.000 2.587 0.000 0.000 1.173 2.116 
---
1 test1dax_inconsistent left_hidden
0.000 0.821 1.269 0.014 0.302 0.273 0.184 1.452 0.700 0.441 0.000 0.207 0.000 1.909 0.000 0.000 0.000 0.000 0.247 2.006 
1 test1dax_inconsistent right_hidden
0.000 0.000 1.073 0.463 1.420 1.047 0.015 0.000 0.413 0.744 0.000 0.000 1.190 0.934 0.000 0.720 0.000 0.038 0.200 0.641 
---
0 test1dax_consistent left_hidden
0.000 0.000 0.000 0.000 0.752 2.043 0.000 0.000 0.000 0.000 0.156 0.536 0.069 0.976 0.000 0.000 1.367 2.002 0.022 0.000 
0 test1dax_consistent right_hidden
1.064 0.000 2.037 0.000 0.005 1.450 0.126 0.000 0.000 0.000 2.168 3.476 0.000 2.513 0.000 0.000 0.719 0.000 0.000 2.259 
---
1 test1dax_inconsistent left_hidden
0.000 0.000 0.000 0.000 0.752 2.043 0.000 0.000 0.000 0.000 0.156 0.536 0.069 0.976 0.000 0.000 1.367 2.002 0.022 0.000 
1 test1dax_inconsistent right_hidden
0.895 0.000 0.705 0.135 0.000 0.406 0.380 0.000 0.000 0.000 0.505 1.486 0.000 1.125 0.000 0.000 1.437 0.000 0.000 1.602 
---
0 test1dax_consistent left_hidden
0.313 0.336 0.405 0.920 0.387 0.297 0.000 0.000 0.000 0.263 1.190 0.658 0.134 0.973 0.000 0.015 0.000 0.000 0.375 2.172 
0 test1dax_consistent right_hidden
1.524 1.471 0.256 3.577 0.000 0.000 0.000 0.826 2.228 0.000 0.398 0.352 0.000 0.000 0.577 1.832 0.000 0.000 1.518 1.119 
---
1 test1dax_inconsistent left_hidden
0.313 0.336 0.405 0.920 0.387 0.297 0.000 0.000 0.000 0.263 1.190 0.658 0.134 0.973 0.000 0.015 0.000 0.000 0.375 2.172 
1 test1dax_inconsistent right_hidden
1.100 1.235 0.298 1.104 0.000 0.000 0.000 0.248 0.633 0.000 0.482 0.000 0.000 0.000 0.469 1.034 0.000 0.212 0.927 0.758 
---
0 test1dax_consistent left_hidden
0.016 1.231 0.340 0.779 0.000 1.087 0.598 0.840 0.216 0.007 0.039 0.000 0.136 1.709 1.155 0.400 0.739 0.246 0.541 1.423 
0 test1dax_consistent right_hidden
2.072 0.000 0.109 2.315 0.000 2.502 0.000 0.010 0.359 0.000 0.672 0.000 0.019 1.104 2.627 1.425 0.442 0.143 0.887 2.374 
---
1 test1dax_inconsistent left_hidden
0.016 1.231 0.340 0.779 0.000 1.087 0.598 0.840 0.216 0.007 0.039 0.000 0.136 1.709 1.155 0.400 0.739 0.246 0.541 1.423 
1 test1dax_inconsistent right_hidden
1.282 0.393 0.000 0.653 0.000 1.528 0.000 0.329 0.397 0.625 0.414 0.000 0.000 0.416 0.955 0.942 1.113 0.095 0.048 1.072 
---
0 test1dax_consistent left_hidden
0.000 1.016 0.926 0.000 1.135 1.144 0.000 0.000 0.000 0.008 0.127 0.215 0.000 2.350 0.000 0.000 0.965 0.000 0.000 1.389 
0 test1dax_consistent right_hidden
0.000 0.000 0.262 0.000 0.000 0.000 0.000 0.000 0.000 2.392 2.597 0.000 0.000 2.373 0.000 0.000 0.000 0.000 0.000 4.165 
---
1 test1dax_inconsistent left_hidden
0.000 1.016 0.926 0.000 1.135 1.144 0.000 0.000 0.000 0.008 0.127 0.215 0.000 2.350 0.000 0.000 0.965 0.000 0.000 1.389 
1 test1dax_inconsistent right_hidden
0.000 0.016 0.489 0.000 0.000 0.298 0.000 0.000 0.000 0.322 0.608 0.000 0.127 2.060 0.000 0.000 0.223 0.000 0.000 2.056 
---
0 test1dax_consistent left_hidden
1.341 0.000 1.139 0.709 0.000 0.000 1.865 0.000 0.000 0.053 0.000 0.458 0.281 0.000 1.536 0.433 0.167 1.182 0.000 1.076 
0 test1dax_consistent right_hidden
0.100 0.000 2.606 0.000 0.000 0.000 1.652 0.000 0.000 0.136 0.000 3.322 1.747 0.986 0.431 2.265 0.000 0.000 0.000 0.727 
---
1 test1dax_inconsistent left_hidden
1.341 0.000 1.139 0.709 0.000 0.000 1.865 0.000 0.000 0.053 0.000 0.458 0.281 0.000 1.536 0.433 0.167 1.182 0.000 1.076 
1 test1dax_inconsistent right_hidden
0.053 0.000 0.464 0.274 0.000 0.000 1.091 0.000 0.000 0.373 0.436 0.811 0.745 0.366 0.012 1.422 0.000 0.161 0.126 0.672 
---
0 test1dax_consistent left_hidden
0.000 1.177 0.000 0.795 0.000 0.348 0.072 0.238 1.872 0.141 0.127 0.542 1.910 0.000 0.017 0.000 0.000 0.661 0.000 0.044 
0 test1dax_consistent right_hidden
0.000 0.298 0.004 4.151 0.000 0.000 2.004 2.168 0.097 0.000 0.000 3.015 0.000 0.769 0.000 0.000 0.000 1.596 0.582 1.321 
---
1 test1dax_inconsistent left_hidden
0.000 1.177 0.000 0.795 0.000 0.348 0.072 0.238 1.872 0.141 0.127 0.542 1.910 0.000 0.017 0.000 0.000 0.661 0.000 0.044 
1 test1dax_inconsistent right_hidden
0.072 0.000 0.108 2.494 0.000 0.340 0.511 0.616 0.038 0.000 0.000 1.100 0.000 0.046 0.208 0.101 0.000 0.270 1.011 0.153 
---
0 test1dax_consistent left_hidden
0.000 0.000 0.000 0.261 0.018 0.280 0.488 0.967 1.844 1.249 0.715 0.560 0.000 0.000 0.773 1.114 0.009 0.740 0.401 1.164 
0 test1dax_consistent right_hidden
0.000 0.000 1.989 1.958 0.978 1.872 2.315 1.088 1.173 2.280 0.098 1.335 0.000 0.000 0.000 0.627 0.179 2.263 1.732 0.102 
---
1 test1dax_inconsistent left_hidden
0.000 0.000 0.000 0.261 0.018 0.280 0.488 0.967 1.844 1.249 0.715 0.560 0.000 0.000 0.773 1.114 0.009 0.740 0.401 1.164 
1 test1dax_inconsistent right_hidden
0.000 0.000 0.787 0.665 0.312 0.958 0.823 0.982 1.213 0.993 0.093 0.785 0.000 0.000 0.000 0.494 0.254 0.631 0.905 0.213 
---
0 test1dax_consistent left_hidden
0.000 0.563 2.045 1.243 0.013 0.050 0.000 0.000 0.000 0.037 0.164 0.167 1.491 0.554 0.588 0.988 1.334 0.469 0.000 0.000 
0 test1dax_consistent right_hidden
0.129 0.239 0.000 1.509 0.556 3.128 0.000 2.777 0.816 0.000 1.329 0.000 1.090 0.390 3.241 0.000 0.015 0.985 0.000 0.000 
---
1 test1dax_inconsistent left_hidden
0.000 0.563 2.045 1.243 0.013 0.050 0.000 0.000 0.000 0.037 0.164 0.167 1.491 0.554 0.588 0.988 1.334 0.469 0.000 0.000 
1 test1dax_inconsistent right_hidden
0.406 0.000 0.022 0.601 0.563 1.158 0.000 0.708 0.720 0.000 1.146 0.000 1.062 0.887 1.311 0.082 0.016 0.689 0.000 0.022 
---
0 test1dax_consistent left_hidden
0.000 0.000 1.182 0.000 0.000 0.000 0.363 0.000 0.581 1.180 1.186 0.004 0.027 0.047 0.000 0.000 2.502 0.328 0.000 0.558 
0 test1dax_consistent right_hidden
0.000 0.000 2.915 0.162 0.000 0.000 0.037 0.000 0.721 0.000 0.001 2.423 0.000 3.594 0.000 0.869 0.281 2.000 0.000 2.188 
---
1 test1dax_inconsistent left_hidden
0.000 0.000 1.182 0.000 0.000 0.000 0.363 0.000 0.581 1.180 1.186 0.004 0.027 0.047 0.000 0.000 2.502 0.328 0.000 0.558 
1 test1dax_inconsistent right_hidden
0.000 0.000 0.841 0.191 0.000 0.000 0.000 0.004 0.000 0.041 0.000 0.916 0.000 2.004 0.000 0.567 1.192 1.564 0.000 0.961 
---
0 test1dax_consistent left_hidden
0.000 0.667 0.000 0.304 1.186 0.162 0.000 0.000 0.000 1.462 0.000 0.000 1.028 0.255 0.176 1.905 1.791 0.000 0.000 0.000 
0 test1dax_consistent right_hidden
2.505 0.000 0.000 0.702 3.133 0.000 0.201 1.030 0.463 0.190 0.000 0.209 0.775 0.445 0.404 4.150 0.000 1.480 0.455 0.000 
---
1 test1dax_inconsistent left_hidden
0.000 0.667 0.000 0.304 1.186 0.162 0.000 0.000 0.000 1.462 0.000 0.000 1.028 0.255 0.176 1.905 1.791 0.000 0.000 0.000 
1 test1dax_inconsistent right_hidden
0.736 0.000 0.000 1.242 1.304 0.325 0.376 0.773 0.075 0.065 0.000 0.000 0.097 0.651 0.532 1.633 0.000 0.526 0.653 0.000 
---
0 test1dax_consistent left_hidden
0.698 0.000 1.299 2.437 0.297 0.000 0.000 0.401 0.000 0.000 0.000 0.338 0.700 0.010 0.000 0.632 1.140 1.135 0.000 0.435 
0 test1dax_consistent right_hidden
1.639 0.000 0.028 0.442 0.013 0.031 0.466 0.813 3.723 0.000 0.000 0.397 1.789 0.000 0.000 0.341 0.067 3.356 0.150 1.713 
---
1 test1dax_inconsistent left_hidden
0.698 0.000 1.299 2.437 0.297 0.000 0.000 0.401 0.000 0.000 0.000 0.338 0.700 0.010 0.000 0.632 1.140 1.135 0.000 0.435 
1 test1dax_inconsistent right_hidden
1.445 0.000 0.247 0.860 0.000 0.000 0.110 0.583 1.005 0.097 0.000 0.646 1.050 0.000 0.000 0.335 0.158 1.638 0.014 0.846 
---
0 test1dax_consistent left_hidden
0.040 2.200 0.721 0.278 0.241 0.000 0.299 0.072 0.195 0.000 0.000 0.000 0.051 0.371 2.266 0.572 0.835 0.000 0.224 0.000 
0 test1dax_consistent right_hidden
0.000 1.949 0.000 3.839 1.551 1.446 0.173 0.000 0.610 0.000 0.000 0.000 0.513 0.000 2.092 0.000 2.122 0.000 0.000 0.000 
---
1 test1dax_inconsistent left_hidden
0.040 2.200 0.721 0.278 0.241 0.000 0.299 0.072 0.195 0.000 0.000 0.000 0.051 0.371 2.266 0.572 0.835 0.000 0.224 0.000 
1 test1dax_inconsistent right_hidden
0.325 0.684 0.036 1.932 0.532 0.708 0.562 0.000 0.619 0.000 0.000 0.000 0.766 0.033 0.333 0.000 0.454 0.000 0.000 0.000 
---
0 test1dax_consistent left_hidden
0.000 0.751 0.111 0.985 0.541 0.222 0.851 0.439 1.033 0.211 0.048 0.387 0.069 0.046 2.133 0.618 0.796 1.049 0.000 1.524 
0 test1dax_consistent right_hidden
2.783 0.368 0.000 0.565 1.079 0.000 0.000 2.300 0.000 1.780 1.947 1.977 1.708 0.000 2.298 0.000 1.904 0.348 0.000 0.592 
---
1 test1dax_inconsistent left_hidden
0.000 0.751 0.111 0.985 0.541 0.222 0.851 0.439 1.033 0.211 0.048 0.387 0.069 0.046 2.133 0.618 0.796 1.049 0.000 1.524 
1 test1dax_inconsistent right_hidden
0.742 0.033 0.000 0.582 0.131 0.000 0.000 0.609 0.000 0.625 1.501 0.672 0.888 0.000 1.036 0.000 1.211 0.560 0.000 0.994 
---
0 test1dax_consistent left_hidden
0.076 0.872 1.089 0.292 0.446 0.404 0.532 2.599 0.000 0.748 0.411 0.000 0.000 0.532 0.727 0.681 0.000 0.000 0.925 0.000 
0 test1dax_consistent right_hidden
1.683 0.000 0.769 0.000 1.098 2.756 0.425 2.343 0.404 0.165 0.000 1.545 2.581 0.815 1.162 1.382 0.000 0.399 1.453 0.879 
---
1 test1dax_inconsistent left_hidden
0.076 0.872 1.089 0.292 0.446 0.404 0.532 2.599 0.000 0.748 0.411 0.000 0.000 0.532 0.727 0.681 0.000 0.000 0.925 0.000 
1 test1dax_inconsistent right_hidden
1.062 0.674 0.353 0.169 0.000 0.847 0.141 1.114 0.176 0.245 0.000 0.838 0.864 0.864 0.695 1.174 0.000 0.226 0.265 0.445 
---
0 test1dax_consistent left_hidden
2.346 0.984 1.437 0.000 0.285 0.000 0.980 0.000 0.219 0.361 0.177 0.370 0.000 0.713 0.131 0.325 0.688 0.260 0.000 0.362 
0 test1dax_consistent right_hidden
1.783 1.859 2.583 0.691 0.152 0.000 1.489 0.382 2.070 0.000 0.000 0.947 3.237 0.005 2.112 0.844 0.035 0.935 0.000 0.290 
---
1 test1dax_inconsistent left_hidden
2.346 0.984 1.437 0.000 0.285 0.000 0.980 0.000 0.219 0.361 0.177 0.370 0.000 0.713 0.131 0.325 0.688 0.260 0.000 0.362 
1 test1dax_inconsistent right_hidden
0.623 0.824 0.973 0.153 0.043 0.000 0.779 0.188 1.136 0.000 0.121 0.685 0.959 0.000 0.914 0.391 0.231 1.225 0.000 0.409 
---
0 test1dax_consistent left_hidden
0.541 0.021 0.264 1.419 0.000 1.318 1.451 0.000 0.006 0.401 0.728 0.947 0.000 0.810 0.421 0.795 1.196 0.000 0.330 0.972 
0 test1dax_consistent right_hidden
0.324 0.000 0.000 2.923 0.000 1.933 2.496 0.000 0.015 2.084 2.524 0.060 0.000 0.000 0.763 0.555 0.780 0.000 0.013 1.599 
---
1 test1dax_inconsistent left_hidden
0.541 0.021 0.264 1.419 0.000 1.318 1.451 0.000 0.006 0.401 0.728 0.947 0.000 0.810 0.421 0.795 1.196 0.000 0.330 0.972 
1 test1dax_inconsistent right_hidden
0.683 0.000 0.000 1.625 0.000 0.625 0.741 0.000 0.044 1.159 1.221 0.099 0.000 0.057 0.585 1.220 0.000 0.000 0.000 0.624 
---
0 test1dax_consistent left_hidden
0.171 0.070 2.463 0.000 0.480 0.482 0.981 0.669 0.698 0.308 0.000 0.198 0.000 0.000 1.157 0.530 0.441 0.436 0.805 0.435 
0 test1dax_consistent right_hidden
0.100 2.401 0.000 2.650 0.082 0.148 0.000 1.562 0.199 2.028 0.000 0.000 0.000 2.113 2.126 1.923 1.544 0.000 0.013 0.000 
---
1 test1dax_inconsistent left_hidden
0.171 0.070 2.463 0.000 0.480 0.482 0.981 0.669 0.698 0.308 0.000 0.198 0.000 0.000 1.157 0.530 0.441 0.436 0.805 0.435 
1 test1dax_inconsistent right_hidden
0.676 1.585 0.000 1.419 0.244 0.176 0.243 0.316 0.266 0.577 0.000 0.000 0.000 0.780 0.653 0.418 1.445 0.303 0.556 0.000 
---
0 test1dax_consistent left_hidden
0.706 0.196 0.000 0.000 1.091 0.032 0.000 0.303 0.000 0.525 1.573 0.000 0.000 0.000 2.072 0.740 0.526 0.501 1.251 0.722 
0 test1dax_consistent right_hidden
1.005 0.617 0.116 2.369 0.469 2.401 0.282 1.682 1.902 0.052 1.558 0.000 0.000 0.459 3.656 0.409 0.566 0.429 0.134 0.083 
---
1 test1dax_inconsistent left_hidden
0.706 0.196 0.000 0.000 1.091 0.032 0.000 0.303 0.000 0.525 1.573 0.000 0.000 0.000 2.072 0.740 0.526 0.501 1.251 0.722 
1 test1dax_inconsistent right_hidden
0.741 0.684 0.400 0.855 0.756 0.632 0.251 0.957 0.746 0.000 0.568 0.000 0.383 0.190 1.672 0.752 0.547 0.239 0.192 0.343 
---
0 test1dax_consistent left_hidden
0.000 1.271 0.029 0.000 0.000 1.097 0.000 0.122 0.322 0.557 0.000 0.275 0.000 0.000 0.000 0.057 0.000 2.997 0.000 0.000 
0 test1dax_consistent right_hidden
0.000 0.086 0.061 2.947 0.000 0.000 0.532 0.000 2.256 2.758 1.089 3.451 0.000 0.000 0.000 0.000 0.000 1.173 0.000 0.000 
---
1 test1dax_inconsistent left_hidden
0.000 1.271 0.029 0.000 0.000 1.097 0.000 0.122 0.322 0.557 0.000 0.275 0.000 0.000 0.000 0.057 0.000 2.997 0.000 0.000 
1 test1dax_inconsistent right_hidden
0.000 0.536 0.144 0.887 0.000 0.060 0.828 0.157 0.571 0.956 0.781 1.929 0.000 0.000 0.000 0.000 0.000 1.576 0.000 0.000 
---
0 test1dax_consistent left_hidden
0.972 0.335 1.165 0.122 0.324 0.006 0.000 0.435 0.986 0.706 0.914 0.248 1.514 0.000 0.000 0.000 1.040 0.000 1.607 0.000 
0 test1dax_consistent right_hidden
1.263 0.000 0.000 1.092 0.118 0.000 0.000 0.546 2.823 0.000 0.484 2.168 0.000 0.102 0.000 0.000 3.164 0.000 2.546 2.248 
---
1 test1dax_inconsistent left_hidden
0.972 0.335 1.165 0.122 0.324 0.006 0.000 0.435 0.986 0.706 0.914 0.248 1.514 0.000 0.000 0.000 1.040 0.000 1.607 0.000 
1 test1dax_inconsistent right_hidden
0.118 0.000 0.000 0.372 0.330 0.340 0.000 0.685 2.075 0.001 0.481 0.387 0.405 0.125 0.000 0.000 2.031 0.245 0.983 0.741 
---
0 test1dax_consistent left_hidden
1.003 0.832 0.000 0.703 0.145 0.190 0.000 0.000 0.000 0.103 0.000 1.046 0.000 0.376 1.477 0.000 1.704 1.668 0.821 0.150 
0 test1dax_consistent right_hidden
0.065 3.361 0.000 0.000 0.181 0.000 1.888 1.681 1.884 0.929 0.574 0.632 0.000 0.544 2.289 1.547 0.031 0.000 0.031 0.000 
---
1 test1dax_inconsistent left_hidden
1.003 0.832 0.000 0.703 0.145 0.190 0.000 0.000 0.000 0.103 0.000 1.046 0.000 0.376 1.477 0.000 1.704 1.668 0.821 0.150 
1 test1dax_inconsistent right_hidden
0.000 1.088 0.000 0.186 0.000 0.160 0.209 1.232 0.799 0.417 0.017 0.692 0.000 0.867 0.483 1.247 0.336 0.218 0.073 0.000 
---
0 test1dax_consistent left_hidden
0.126 1.070 0.087 0.000 0.010 1.659 0.000 1.831 0.000 0.852 0.510 0.873 1.282 1.456 0.524 0.476 0.000 0.032 0.000 0.000 
0 test1dax_consistent right_hidden
1.689 3.827 0.553 0.000 1.375 0.017 1.232 1.752 0.000 0.946 0.828 1.734 1.703 0.299 0.171 2.705 0.453 0.000 0.123 0.023 
---
1 test1dax_inconsistent left_hidden
0.126 1.070 0.087 0.000 0.010 1.659 0.000 1.831 0.000 0.852 0.510 0.873 1.282 1.456 0.524 0.476 0.000 0.032 0.000 0.000 
1 test1dax_inconsistent right_hidden
1.036 1.164 0.588 0.000 0.478 0.247 0.772 0.897 0.000 0.649 0.826 0.904 1.248 0.484 0.088 0.864 0.669 0.061 0.000 0.085 
---
0 test1dax_consistent left_hidden
0.840 0.000 1.470 1.165 0.984 0.000 0.000 0.375 0.000 0.000 1.406 0.591 0.314 0.000 0.000 0.890 1.915 0.296 0.000 0.000 
0 test1dax_consistent right_hidden
0.000 0.000 0.000 0.564 0.000 0.000 0.000 2.056 3.674 0.000 0.245 0.694 3.809 0.000 0.000 1.183 2.577 0.000 0.299 0.820 
---
1 test1dax_inconsistent left_hidden
0.840 0.000 1.470 1.165 0.984 0.000 0.000 0.375 0.000 0.000 1.406 0.591 0.314 0.000 0.000 0.890 1.915 0.296 0.000 0.000 
1 test1dax_inconsistent right_hidden
0.000 0.000 0.000 0.000 0.052 0.000 0.000 0.831 1.527 0.000 0.577 0.641 1.161 0.054 0.000 1.008 1.647 0.000 0.777 0.269 
---
0 test1dax_consistent left_hidden
0.136 0.986 0.768 0.000 0.096 1.214 0.089 0.000 0.771 0.836 0.000 1.962 0.183 1.170 0.212 0.109 0.000 0.000 0.478 1.104 
0 test1dax_consistent right_hidden
0.000 0.000 0.945 0.904 2.937 0.566 2.388 0.000 1.765 1.045 0.078 1.069 0.336 0.000 1.538 0.834 0.000 1.230 0.000 1.687 
---
1 test1dax_inconsistent left_hidden
0.136 0.986 0.768 0.000 0.096 1.214 0.089 0.000 0.771 0.836 0.000 1.962 0.183 1.170 0.212 0.109 0.000 0.000 0.478 1.104 
1 test1dax_inconsistent right_hidden
0.000 0.000 0.833 0.552 1.131 0.628 0.823 0.063 0.461 1.256 0.000 0.628 0.039 0.210 0.956 0.457 0.000 0.259 0.000 1.425 
---
0 test1dax_consistent left_hidden
0.000 1.597 1.130 0.000 0.696 0.000 0.417 0.000 0.606 0.000 0.000 0.138 0.000 0.784 2.778 0.000 0.000 0.129 0.000 0.000 
0 test1dax_consistent right_hidden
0.000 1.623 1.720 0.579 0.000 0.000 0.000 0.000 0.000 0.000 0.000 4.121 0.370 1.785 3.019 0.000 0.000 0.765 0.000 0.000 
---
1 test1dax_inconsistent left_hidden
0.000 1.597 1.130 0.000 0.696 0.000 0.417 0.000 0.606 0.000 0.000 0.138 0.000 0.784 2.778 0.000 0.000 0.129 0.000 0.000 
1 test1dax_inconsistent right_hidden
0.000 0.803 0.000 0.595 0.000 0.000 0.000 0.000 0.671 0.000 0.000 2.060 0.578 0.368 0.842 0.000 0.000 0.968 0.000 0.000 
---
0 test1dax_consistent left_hidden
0.200 0.215 1.456 0.000 0.515 0.466 0.656 0.000 0.000 0.023 0.341 0.519 0.000 0.098 0.000 1.332 0.448 0.546 0.631 1.990 
0 test1dax_consistent right_hidden
0.204 3.887 0.000 0.000 1.446 1.799 0.037 0.000 0.000 0.000 0.322 1.632 0.000 0.221 0.000 0.049 0.578 0.644 3.519 0.950 
---
1 test1dax_inconsistent left_hidden
0.200 0.215 1.456 0.000 0.515 0.466 0.656 0.000 0.000 0.023 0.341 0.519 0.000 0.098 0.000 1.332 0.448 0.546 0.631 1.990 
1 test1dax_inconsistent right_hidden
0.462 1.738 0.583 0.000 0.402 1.399 0.274 0.000 0.000 0.121 0.508 1.366 0.000 0.223 0.000 0.475 0.345 0.000 0.735 0.161 
---
0 test1dax_consistent left_hidden
0.013 1.305 0.000 0.000 1.547 1.117 1.519 0.000 0.000 0.000 1.454 0.000 0.000 0.000 0.832 0.210 0.000 0.536 0.000 0.802 
0 test1dax_consistent right_hidden
0.000 3.350 0.000 0.000 0.000 0.000 0.247 0.000 0.000 0.000 2.219 0.000 0.000 0.125 3.212 2.676 0.000 0.008 0.000 0.000 
---
1 test1dax_inconsistent left_hidden
0.013 1.305 0.000 0.000 1.547 1.117 1.519 0.000 0.000 0.000 1.454 0.000 0.000 0.000 0.832 0.210 0.000 0.536 0.000 0.802 
1 test1dax_inconsistent right_hidden
0.000 0.765 0.000 0.054 0.000 0.397 0.279 0.000 0.162 0.000 1.328 0.000 0.000 0.455 1.649 1.703 0.171 0.158 0.000 0.021 
---
0 test1dax_consistent left_hidden
0.917 0.000 1.478 0.070 0.474 0.749 0.351 0.000 1.517 0.097 0.344 0.000 0.000 0.319 0.540 1.663 0.000 0.080 0.857 0.992 
0 test1dax_consistent right_hidden
0.000 1.262 0.427 0.679 0.224 0.083 0.000 0.000 1.042 2.178 0.364 0.733 0.000 0.971 0.576 0.868 0.782 0.000 2.408 3.206 
---
1 test1dax_inconsistent left_hidden
0.917 0.000 1.478 0.070 0.474 0.749 0.351 0.000 1.517 0.097 0.344 0.000 0.000 0.319 0.540 1.663 0.000 0.080 0.857 0.992 
1 test1dax_inconsistent right_hidden
0.683 0.660 0.690 0.815 0.220 0.161 0.185 0.000 0.186 0.876 0.868 0.307 0.000 0.531 0.570 0.117 0.709 0.000 0.970 0.835 
---
0 test1dax_consistent left_hidden
0.000 0.008 0.380 0.579 0.126 0.000 0.393 1.539 0.014 0.000 0.899 0.082 0.434 0.268 0.823 0.000 0.844 2.382 0.759 0.087 
0 test1dax_consistent right_hidden
0.105 0.000 0.000 0.016 0.054 0.819 3.313 1.646 0.000 0.000 1.004 0.000 2.551 0.086 1.238 0.954 0.635 2.334 2.368 0.053 
---
1 test1dax_inconsistent left_hidden
0.000 0.008 0.380 0.579 0.126 0.000 0.393 1.539 0.014 0.000 0.899 0.082 0.434 0.268 0.823 0.000 0.844 2.382 0.759 0.087 
1 test1dax_inconsistent right_hidden
0.000 0.000 0.000 0.227 0.176 0.000 1.733 0.847 0.000 0.184 0.497 0.000 1.689 0.253 0.383 0.838 1.196 1.156 0.615 0.002 
---
0 test1dax_consistent left_hidden
0.097 0.000 0.000 0.065 0.000 0.153 0.000 0.020 0.238 1.742 0.270 0.000 0.000 0.000 0.078 0.942 1.714 1.580 0.000 1.482 
0 test1dax_consistent right_hidden
0.577 0.000 0.000 0.000 0.000 0.996 0.000 0.000 0.000 0.110 0.000 0.000 0.000 0.248 0.000 5.200 1.013 3.154 0.000 0.000 
---
1 test1dax_inconsistent left_hidden
0.097 0.000 0.000 0.065 0.000 0.153 0.000 0.020 0.238 1.742 0.270 0.000 0.000 0.000 0.078 0.942 1.714 1.580 0.000 1.482 
1 test1dax_inconsistent right_hidden
1.019 0.000 0.000 0.000 0.000 1.136 0.098 0.000 0.000 0.887 0.000 0.000 0.000 0.305 0.000 2.270 0.344 0.890 0.000 0.000 
---
0 test1dax_consistent left_hidden
0.656 0.583 0.315 0.859 0.530 0.929 0.185 0.998 2.418 0.000 1.420 0.651 0.215 0.000 0.000 0.190 1.162 0.000 0.000 0.000 
0 test1dax_consistent right_hidden
0.089 2.038 0.000 0.000 0.011 0.267 0.517 2.259 2.054 0.000 1.173 2.799 0.995 0.000 0.210 1.809 0.117 2.623 0.309 0.789 
---
1 test1dax_inconsistent left_hidden
0.656 0.583 0.315 0.859 0.530 0.929 0.185 0.998 2.418 0.000 1.420 0.651 0.215 0.000 0.000 0.190 1.162 0.000 0.000 0.000 
1 test1dax_inconsistent right_hidden
0.191 1.410 0.000 0.367 0.309 0.403 0.401 1.196 0.983 0.008 0.276 0.820 1.079 0.000 0.152 0.369 0.260 1.418 0.000 0.180 
---
0 test1dax_consistent left_hidden
0.957 0.748 0.372 0.875 0.000 0.000 0.000 1.466 0.858 1.413 1.561 1.165 0.000 1.375 0.000 0.218 0.197 0.000 0.000 0.232 
0 test1dax_consistent right_hidden
1.101 0.000 0.000 0.000 0.000 0.000 4.291 0.000 2.233 1.905 2.762 0.275 0.124 0.286 0.729 0.000 0.000 0.000 0.000 0.000 
---
1 test1dax_inconsistent left_hidden
0.957 0.748 0.372 0.875 0.000 0.000 0.000 1.466 0.858 1.413 1.561 1.165 0.000 1.375 0.000 0.218 0.197 0.000 0.000 0.232 
1 test1dax_inconsistent right_hidden
0.996 0.000 0.000 0.000 0.000 0.000 1.566 0.055 0.481 0.846 2.309 0.346 0.263 0.000 0.407 0.000 0.149 0.045 0.000 0.184 
---
0 test1dax_consistent left_hidden
0.399 1.053 0.115 0.000 2.108 1.094 0.104 1.181 0.000 0.000 0.355 0.000 0.303 1.798 0.186 0.030 0.000 0.463 0.000 0.343 
0 test1dax_consistent right_hidden
0.171 1.129 1.316 0.000 2.741 0.595 1.610 0.000 0.000 0.632 3.616 0.000 2.568 0.613 0.652 0.307 0.000 0.645 0.011 0.767 
---
1 test1dax_inconsistent left_hidden
0.399 1.053 0.115 0.000 2.108 1.094 0.104 1.181 0.000 0.000 0.355 0.000 0.303 1.798 0.186 0.030 0.000 0.463 0.000 0.343 
1 test1dax_inconsistent right_hidden
0.717 0.637 0.945 0.000 0.571 0.116 1.035 0.459 0.000 0.578 1.366 0.031 0.855 1.102 0.264 0.226 0.058 0.365 0.244 0.846 
---
0 test1dax_consistent left_hidden
0.254 0.034 0.916 0.000 0.000 0.000 2.428 0.000 0.130 0.000 0.104 0.000 0.000 0.000 0.000 0.510 1.385 0.053 1.485 0.000 
0 test1dax_consistent right_hidden
0.000 1.252 0.000 0.000 1.270 0.000 0.000 0.000 4.612 0.000 0.000 0.000 1.184 0.529 0.000 1.970 0.108 1.408 0.748 0.000 
---
1 test1dax_inconsistent left_hidden
0.254 0.034 0.916 0.000 0.000 0.000 2.428 0.000 0.130 0.000 0.104 0.000 0.000 0.000 0.000 0.510 1.385 0.053 1.485 0.000 
1 test1dax_inconsistent right_hidden
0.000 0.886 0.000 0.060 0.313 0.000 0.402 0.000 1.265 0.000 0.000 0.036 0.915 0.760 0.000 1.367 0.508 0.973 0.000 0.000 
---
0 test1dax_consistent left_hidden
0.939 0.000 0.000 0.045 1.351 0.507 0.347 0.000 0.588 0.162 0.323 0.270 0.000 0.000 0.235 1.442 1.145 0.329 2.001 0.502 
0 test1dax_consistent right_hidden
1.256 0.656 0.939 0.000 1.345 3.397 0.000 0.000 0.527 0.000 0.000 2.810 0.075 0.000 0.324 0.658 0.000 0.403 1.723 0.000 
---
1 test1dax_inconsistent left_hidden
0.939 0.000 0.000 0.045 1.351 0.507 0.347 0.000 0.588 0.162 0.323 0.270 0.000 0.000 0.235 1.442 1.145 0.329 2.001 0.502 
1 test1dax_inconsistent right_hidden
0.428 0.130 0.268 0.268 0.040 1.047 0.000 0.104 0.614 0.003 0.000 0.641 0.695 0.000 0.711 0.773 0.000 0.606 1.300 0.000 
---
0 test1dax_consistent left_hidden
0.000 0.000 0.325 0.983 0.730 0.215 1.271 0.041 0.000 0.000 2.403 0.000 0.000 0.482 0.600 0.000 1.533 0.000 0.000 0.319 
0 test1dax_consistent right_hidden
0.000 0.000 2.265 0.000 1.319 0.421 0.994 1.245 0.000 0.000 3.937 0.000 0.000 0.000 0.000 0.000 0.109 3.070 0.000 0.816 
---
1 test1dax_inconsistent left_hidden
0.000 0.000 0.325 0.983 0.730 0.215 1.271 0.041 0.000 0.000 2.403 0.000 0.000 0.482 0.600 0.000 1.533 0.000 0.000 0.319 
1 test1dax_inconsistent right_hidden
0.000 0.002 1.674 0.000 0.408 0.660 0.895 0.811 0.000 0.000 2.170 0.000 0.000 0.000 0.094 0.000 0.420 0.901 0.035 0.000 
---
0 test1dax_consistent left_hidden
1.451 0.358 1.471 0.598 0.827 0.055 0.000 0.960 0.154 0.366 0.000 0.000 1.310 0.000 1.421 0.795 0.450 0.000 0.185 0.196 
0 test1dax_consistent right_hidden
0.906 1.337 2.709 0.000 0.007 0.000 0.000 1.051 0.227 0.000 0.000 0.000 0.742 0.000 2.157 1.401 3.548 0.648 2.048 0.024 
---
1 test1dax_inconsistent left_hidden
1.451 0.358 1.471 0.598 0.827 0.055 0.000 0.960 0.154 0.366 0.000 0.000 1.310 0.000 1.421 0.795 0.450 0.000 0.185 0.196 
1 test1dax_inconsistent right_hidden
0.607 1.162 1.402 0.000 0.475 0.000 0.000 0.117 0.410 0.000 0.000 0.000 0.447 0.000 0.661 1.281 1.183 0.298 0.803 0.000 
---
0 test1dax_consistent left_hidden
0.087 0.321 0.000 0.000 0.377 1.467 1.025 0.000 0.000 0.218 0.000 1.139 0.119 1.726 0.000 0.449 0.322 0.044 1.763 0.000 
0 test1dax_consistent right_hidden
0.000 0.000 0.000 0.000 1.236 0.000 1.343 0.000 0.000 1.737 0.609 0.321 1.017 1.589 0.000 1.157 0.000 1.199 4.513 1.064 
---
1 test1dax_inconsistent left_hidden
0.087 0.321 0.000 0.000 0.377 1.467 1.025 0.000 0.000 0.218 0.000 1.139 0.119 1.726 0.000 0.449 0.322 0.044 1.763 0.000 
1 test1dax_inconsistent right_hidden
0.000 0.000 0.000 0.000 1.131 0.455 0.914 0.054 0.000 0.908 0.494 0.460 0.000 0.564 0.000 0.768 0.000 1.029 1.622 0.374 
---
0 test1dax_consistent left_hidden
0.000 0.000 0.000 0.592 1.641 0.183 0.000 1.074 0.000 0.047 1.055 0.881 0.053 1.317 1.240 0.407 0.594 0.733 0.341 1.558 
0 test1dax_consistent right_hidden
2.197 0.000 0.000 1.875 2.464 0.630 0.000 0.207 1.499 0.466 2.032 2.328 0.428 0.499 1.900 0.000 0.282 1.278 1.892 0.363 
---
1 test1dax_inconsistent left_hidden
0.000 0.000 0.000 0.592 1.641 0.183 0.000 1.074 0.000 0.047 1.055 0.881 0.053 1.317 1.240 0.407 0.594 0.733 0.341 1.558 
1 test1dax_inconsistent right_hidden
0.586 0.000 0.000 0.840 0.834 0.523 0.000 0.416 0.550 0.290 1.380 0.573 0.094 0.004 1.444 0.183 0.851 0.521 1.000 0.130 
---
0 test1dax_consistent left_hidden
0.000 0.000 0.000 0.233 0.000 1.782 0.407 0.549 0.000 1.328 1.244 0.000 1.792 0.399 0.673 0.953 0.000 0.180 0.076 0.000 
0 test1dax_consistent right_hidden
0.000 3.098 1.355 0.059 0.870 3.881 0.000 0.627 0.000 1.484 0.000 0.000 0.021 0.849 0.000 0.000 0.225 0.401 0.335 0.000 
---
1 test1dax_inconsistent left_hidden
0.000 0.000 0.000 0.233 0.000 1.782 0.407 0.549 0.000 1.328 1.244 0.000 1.792 0.399 0.673 0.953 0.000 0.180 0.076 0.000 
1 test1dax_inconsistent right_hidden
0.000 0.746 0.933 0.548 0.367 2.101 0.210 0.696 0.448 0.421 0.000 0.000 0.175 1.190 0.348 0.032 0.041 0.772 0.000 0.000 
---
0 test1dax_consistent left_hidden
0.223 0.000 1.080 0.000 1.257 0.000 0.000 0.000 0.667 0.000 0.293 0.072 2.332 0.901 0.386 0.303 0.148 1.086 0.835 0.345 
0 test1dax_consistent right_hidden
2.524 0.000 0.000 0.000 4.020 0.000 0.000 0.000 0.000 2.920 0.000 0.000 0.000 0.451 2.373 1.433 0.000 0.000 0.980 0.835 
---
1 test1dax_inconsistent left_hidden
0.223 0.000 1.080 0.000 1.257 0.000 0.000 0.000 0.667 0.000 0.293 0.072 2.332 0.901 0.386 0.303 0.148 1.086 0.835 0.345 
1 test1dax_inconsistent right_hidden
1.641 0.000 0.000 0.000 1.929 0.000 0.000 0.000 0.000 0.808 0.000 0.010 0.000 0.842 1.789 0.558 0.000 0.020 0.861 0.000 
---
0 test1dax_consistent left_hidden
0.000 0.000 0.254 0.000 0.798 0.000 1.177 0.361 1.866 1.253 0.022 0.000 0.604 0.398 0.941 0.000 0.000 1.329 1.180 0.000 
0 test1dax_consistent right_hidden
3.603 0.000 0.000 0.000 2.987 0.000 0.218 2.169 0.448 1.806 0.000 0.000 0.000 0.448 2.055 0.000 1.004 1.035 1.096 0.000 
---
1 test1dax_inconsistent left_hidden
0.000 0.000 0.254 0.000 0.798 0.000 1.177 0.361 1.866 1.253 0.022 0.000 0.604 0.398 0.941 0.000 0.000 1.329 1.180 0.000 
1 test1dax_inconsistent right_hidden
1.451 0.000 0.000 0.000 1.490 0.000 0.000 0.818 0.124 0.099 0.000 0.000 0.054 0.191 1.373 0.000 0.292 1.303 0.755 0.000 
---
0 test1dax_consistent left_hidden
1.762 0.000 0.873 0.239 0.000 0.577 0.000 0.721 0.000 0.000 0.054 0.245 0.569 1.285 1.001 0.042 0.723 0.431 1.581 0.404 
0 test1dax_consistent right_hidden
2.778 0.339 1.255 0.000 0.000 1.943 0.000 0.000 0.000 0.000 0.000 1.317 0.128 2.372 0.676 0.000 2.305 2.005 2.076 0.109 
---
1 test1dax_inconsistent left_hidden
1.762 0.000 0.873 0.239 0.000 0.577 0.000 0.721 0.000 0.000 0.054 0.245 0.569 1.285 1.001 0.042 0.723 0.431 1.581 0.404 
1 test1dax_inconsistent right_hidden
0.809 0.106 0.077 0.000 0.000 1.831 0.006 0.295 0.019 0.000 0.000 0.917 0.504 0.757 0.571 0.000 0.929 0.916 1.649 0.227 
---
0 test1dax_consistent left_hidden
0.000 0.000 0.000 0.327 1.690 0.126 0.347 0.086 1.718 0.000 0.000 0.000 0.000 0.133 0.960 0.000 1.961 0.000 0.030 1.259 
0 test1dax_consistent right_hidden
0.000 0.832 1.708 0.000 0.574 0.000 4.603 0.000 0.000 0.293 0.000 0.000 0.153 0.000 0.637 3.248 0.009 0.000 0.000 0.000 
---
1 test1dax_inconsistent left_hidden
0.000 0.000 0.000 0.327 1.690 0.126 0.347 0.086 1.718 0.000 0.000 0.000 0.000 0.133 0.960 0.000 1.961 0.000 0.030 1.259 
1 test1dax_inconsistent right_hidden
0.000 0.000 0.311 0.000 0.967 0.000 1.633 0.000 0.321 0.011 0.000 0.000 0.611 0.138 0.810 1.900 0.000 0.000 0.035 0.024 
---
0 test1dax_consistent left_hidden
1.880 0.000 0.044 0.536 1.472 0.000 0.000 0.000 0.863 0.000 0.561 0.000 0.000 0.025 0.000 1.747 0.817 1.134 0.453 0.000 
0 test1dax_consistent right_hidden
2.663 0.000 0.000 1.728 1.222 0.000 1.181 0.000 0.098 0.000 0.000 0.000 0.659 0.093 0.613 1.559 0.504 4.302 1.208 1.257 
---
1 test1dax_inconsistent left_hidden
1.880 0.000 0.044 0.536 1.472 0.000 0.000 0.000 0.863 0.000 0.561 0.000 0.000 0.025 0.000 1.747 0.817 1.134 0.453 0.000 
1 test1dax_inconsistent right_hidden
0.869 0.012 0.000 1.291 0.332 0.000 0.380 0.011 0.637 0.000 0.000 0.000 0.204 0.343 0.095 1.473 0.805 1.731 0.720 0.926 
---
0 test1dax_consistent left_hidden
0.000 1.597 0.368 0.706 0.355 0.000 0.583 0.655 0.426 0.000 1.115 0.000 1.954 0.254 0.266 0.740 0.000 0.361 0.873 0.398 
0 test1dax_consistent right_hidden
0.000 3.616 1.363 0.113 0.000 0.000 1.653 0.000 0.000 1.185 0.097 1.297 0.000 1.047 0.812 3.169 0.000 0.000 2.267 0.000 
---
1 test1dax_inconsistent left_hidden
0.000 1.597 0.368 0.706 0.355 0.000 0.583 0.655 0.426 0.000 1.115 0.000 1.954 0.254 0.266 0.740 0.000 0.361 0.873 0.398 
1 test1dax_inconsistent right_hidden
0.000 1.449 0.166 0.199 0.000 0.024 0.530 0.000 0.000 0.310 0.315 0.467 0.702 0.165 1.325 1.340 0.000 0.000 2.129 0.246 
---
0 test1dax_consistent left_hidden
0.263 0.000 0.711 1.163 0.000 0.081 1.077 0.000 1.308 0.000 0.000 1.043 0.000 0.991 1.375 0.000 0.397 0.000 0.000 1.329 
0 test1dax_consistent right_hidden
0.069 0.000 2.080 0.000 0.329 0.683 0.000 0.436 2.867 1.616 0.000 3.781 0.161 0.168 0.000 1.476 1.203 0.364 0.000 1.690 
---
1 test1dax_inconsistent left_hidden
0.263 0.000 0.711 1.163 0.000 0.081 1.077 0.000 1.308 0.000 0.000 1.043 0.000 0.991 1.375 0.000 0.397 0.000 0.000 1.329 
1 test1dax_inconsistent right_hidden
0.000 0.000 1.025 0.000 0.372 0.283 0.126 0.889 0.859 0.464 0.000 1.521 0.017 0.367 0.277 0.657 0.387 0.766 0.000 1.161 
---
0 test1dax_consistent left_hidden
1.209 1.691 0.000 0.044 1.648 0.598 0.000 0.000 0.983 0.000 0.248 0.000 0.244 0.000 0.283 0.087 0.383 0.000 1.505 0.000 
0 test1dax_consistent right_hidden
1.565 1.850 0.809 0.916 1.384 1.929 1.165 0.000 0.475 0.654 0.000 1.776 1.950 0.632 2.951 0.000 0.000 0.000 0.296 0.000 
---
1 test1dax_inconsistent left_hidden
1.209 1.691 0.000 0.044 1.648 0.598 0.000 0.000 0.983 0.000 0.248 0.000 0.244 0.000 0.283 0.087 0.383 0.000 1.505 0.000 
1 test1dax_inconsistent right_hidden
1.032 0.924 0.263 0.475 1.011 0.869 0.348 0.000 0.682 0.943 0.000 0.592 0.221 0.535 0.952 0.000 0.412 0.000 0.066 0.000 
---
0 test1dax_consistent left_hidden
1.382 0.000 0.000 0.832 0.803 0.501 0.000 0.000 0.149 0.094 1.382 0.098 0.000 0.131 0.000 1.200 1.705 0.093 0.000 0.678 
0 test1dax_consistent right_hidden
0.000 0.306 0.000 0.000 1.188 1.492 0.000 0.588 0.000 3.699 0.000 1.329 0.437 2.348 0.000 1.542 0.000 2.533 0.000 0.000 
---
1 test1dax_inconsistent left_hidden
1.382 0.000 0.000 0.832 0.803 0.501 0.000 0.000 0.149 0.094 1.382 0.098 0.000 0.131 0.000 1.200 1.705 0.093 0.000 0.678 
1 test1dax_inconsistent right_hidden
0.492 0.625 0.000 0.000 0.894 1.193 0.000 0.152 0.064 1.656 0.372 0.801 0.135 0.234 0.000 0.555 0.159 1.139 0.000 0.000 
---
0 test1dax_consistent left_hidden
0.000 0.360 0.217 0.419 0.482 0.177 0.000 0.960 1.885 0.421 0.287 0.943 1.612 1.052 0.007 1.152 0.000 0.404 0.000 0.912 
0 test1dax_consistent right_hidden
0.000 2.947 0.054 1.775 1.235 0.000 0.000 1.665 2.559 1.826 0.000 0.251 1.239 0.036 0.062 1.475 0.000 0.792 0.000 1.441 
---
1 test1dax_inconsistent left_hidden
0.000 0.360 0.217 0.419 0.482 0.177 0.000 0.960 1.885 0.421 0.287 0.943 1.612 1.052 0.007 1.152 0.000 0.404 0.000 0.912 
1 test1dax_inconsistent right_hidden
0.000 0.887 0.453 1.123 0.562 0.000 0.000 0.902 0.523 0.850 0.000 0.686 1.036 0.802 0.626 0.439 0.267 0.518 0.302 1.069 
---
0 test1dax_consistent left_hidden
0.283 0.000 1.136 0.174 1.493 1.548 0.289 0.000 0.823 0.746 0.000 0.119 0.014 2.113 0.000 0.000 0.000 0.705 0.000 0.450 
0 test1dax_consistent right_hidden
2.508 0.000 0.000 0.000 0.940 1.324 0.000 2.284 0.000 4.352 0.057 0.000 0.082 0.000 0.853 0.000 0.000 0.038 0.000 0.000 
---
1 test1dax_inconsistent left_hidden
0.283 0.000 1.136 0.174 1.493 1.548 0.289 0.000 0.823 0.746 0.000 0.119 0.014 2.113 0.000 0.000 0.000 0.705 0.000 0.450 
1 test1dax_inconsistent right_hidden
1.343 0.000 0.000 0.000 0.956 1.295 0.000 0.126 0.439 1.997 0.039 0.000 0.171 0.000 0.669 0.000 0.000 0.000 0.000 0.045 
---
0 test1dax_consistent left_hidden
0.063 0.075 1.289 0.000 0.000 0.232 0.993 0.515 2.172 0.235 0.392 0.639 0.654 0.567 0.000 0.000 0.000 0.000 1.851 0.092 
0 test1dax_consistent right_hidden
0.000 0.012 0.829 2.881 0.709 0.413 0.180 1.140 1.692 3.018 0.270 1.054 0.790 0.150 0.000 0.000 1.270 0.348 1.313 2.617 
---
1 test1dax_inconsistent left_hidden
0.063 0.075 1.289 0.000 0.000 0.232 0.993 0.515 2.172 0.235 0.392 0.639 0.654 0.567 0.000 0.000 0.000 0.000 1.851 0.092 
1 test1dax_inconsistent right_hidden
0.000 0.202 0.985 1.672 0.361 0.656 0.262 0.317 1.261 0.889 0.193 1.098 0.761 0.605 0.000 0.000 0.178 0.000 0.549 1.118 
---
0 test1dax_consistent left_hidden
1.788 0.000 0.091 0.000 0.000 1.852 0.344 1.766 0.000 0.000 0.169 0.000 0.156 1.013 0.000 0.150 0.311 0.217 0.000 0.301 
0 test1dax_consistent right_hidden
0.000 0.000 0.000 4.222 1.345 2.069 1.514 1.181 0.000 0.013 1.094 0.259 0.212 2.249 0.039 0.687 1.021 0.887 0.000 1.357 
---
1 test1dax_inconsistent left_hidden
1.788 0.000 0.091 0.000 0.000 1.852 0.344 1.766 0.000 0.000 0.169 0.000 0.156 1.013 0.000 0.150 0.311 0.217 0.000 0.301 
1 test1dax_inconsistent right_hidden
0.571 0.002 0.000 1.135 0.293 1.674 1.180 0.421 0.010 0.000 1.006 0.601 0.467 0.986 0.000 0.677 0.887 0.541 0.000 0.423 
---
0 test1dax_consistent left_hidden
1.112 0.843 0.918 0.000 0.452 0.000 0.000 0.000 0.551 0.000 2.525 0.692 0.424 0.000 0.987 0.000 0.009 0.936 0.488 0.000 
0 test1dax_consistent right_hidden
1.999 2.845 0.000 1.345 0.000 0.000 0.455 3.731 0.000 0.000 1.359 1.101 1.577 0.000 0.000 0.000 0.000 1.176 0.722 0.000 
---
1 test1dax_inconsistent left_hidden
1.112 0.843 0.918 0.000 0.452 0.000 0.000 0.000 0.551 0.000 2.525 0.692 0.424 0.000 0.987 0.000 0.009 0.936 0.488 0.000 
1 test1dax_inconsistent right_hidden
0.819 1.508 0.000 0.724 0.000 0.000 0.043 1.292 0.495 0.000 1.408 0.286 0.209 0.000 0.000 0.125 0.072 1.263 0.100 0.000 
---
0 test1dax_consistent left_hidden
0.000 0.748 0.400 0.000 0.137 1.449 0.124 0.045 0.056 0.273 0.000 0.335 2.178 2.099 0.666 0.000 0.000 0.000 0.000 0.549 
0 test1dax_consistent right_hidden
0.000 0.662 0.000 0.000 1.200 1.779 0.000 0.247 1.120 1.920 0.000 0.000 4.265 0.242 1.377 0.176 1.552 0.000 0.000 0.000 
---
1 test1dax_inconsistent left_hidden
0.000 0.748 0.400 0.000 0.137 1.449 0.124 0.045 0.056 0.273 0.000 0.335 2.178 2.099 0.666 0.000 0.000 0.000 0.000 0.549 
1 test1dax_inconsistent right_hidden
0.000 0.123 0.000 0.000 1.170 0.589 0.271 0.353 0.285 0.505 0.000 0.000 2.425 0.612 0.330 0.000 0.532 0.000 0.000 0.071 
---
0 test1dax_consistent left_hidden
0.000 0.000 0.427 0.432 1.076 0.000 0.000 0.000 0.090 0.000 0.449 1.018 0.000 2.146 0.358 0.000 0.833 1.514 0.289 0.120 
0 test1dax_consistent right_hidden
0.000 1.398 2.890 0.000 0.000 0.006 0.000 0.416 0.000 0.000 0.390 4.018 0.000 2.596 0.000 0.000 0.000 1.050 1.419 0.000 
---
1 test1dax_inconsistent left_hidden
0.000 0.000 0.427 0.432 1.076 0.000 0.000 0.000 0.090 0.000 0.449 1.018 0.000 2.146 0.358 0.000 0.833 1.514 0.289 0.120 
1 test1dax_inconsistent right_hidden
0.152 0.850 1.551 0.000 0.000 0.000 0.000 0.671 0.384 0.000 0.000 1.202 0.000 1.653 0.153 0.000 0.000 1.170 0.194 0.000 
---
0 test1dax_consistent left_hidden
1.011 0.000 0.000 1.119 3.036 0.638 0.204 0.000 0.483 0.029 0.113 0.295 0.000 0.000 0.636 0.000 0.305 0.192 0.312 0.000 
0 test1dax_consistent right_hidden
0.753 0.088 2.145 0.034 4.273 0.124 0.000 0.000 2.089 1.334 0.000 0.633 0.000 0.000 0.837 1.816 0.000 0.076 0.519 0.000 
---
1 test1dax_inconsistent left_hidden
1.011 0.000 0.000 1.119 3.036 0.638 0.204 0.000 0.483 0.029 0.113 0.295 0.000 0.000 0.636 0.000 0.305 0.192 0.312 0.000 
1 test1dax_inconsistent right_hidden
0.335 0.199 1.178 0.382 1.403 0.000 0.155 0.000 0.931 1.245 0.000 1.244 0.000 0.000 0.378 0.488 0.000 0.559 0.699 0.000 
---
0 test1dax_consistent left_hidden
0.297 0.000 0.030 0.000 0.000 0.426 1.673 0.059 0.200 0.000 0.250 0.515 1.025 0.000 0.147 0.910 0.850 1.686 0.000 1.470 
0 test1dax_consistent right_hidden
0.000 0.000 0.000 0.021 0.008 2.055 0.445 0.000 2.567 0.000 2.787 0.000 3.750 0.000 0.037 1.151 0.029 1.204 1.413 0.000 
---
1 test1dax_inconsistent left_hidden
0.297 0.000 0.030 0.000 0.000 0.426 1.673 0.059 0.200 0.000 0.250 0.515 1.025 0.000 0.147 0.910 0.850 1.686 0.000 1.470 
1 test1dax_inconsistent right_hidden
0.000 0.000 0.039 0.169 0.000 0.759 0.213 0.000 0.635 0.000 1.116 0.333 2.509 0.000 0.367 1.020 0.010 0.293 0.869 0.000 
---
0 test1dax_consistent left_hidden
0.000 0.527 0.000 1.580 0.000 0.864 0.000 0.845 0.000 0.370 0.000 0.000 1.075 0.000 1.165 2.300 0.000 0.000 0.054 0.000 
0 test1dax_consistent right_hidden
0.227 3.364 2.362 1.784 1.315 0.335 0.000 0.000 0.451 1.328 0.000 0.000 0.073 2.539 0.996 0.397 0.013 0.000 2.084 0.016 
---
1 test1dax_inconsistent left_hidden
0.000 0.527 0.000 1.580 0.000 0.864 0.000 0.845 0.000 0.370 0.000 0.000 1.075 0.000 1.165 2.300 0.000 0.000 0.054 0.000 
1 test1dax_inconsistent right_hidden
0.204 1.478 0.584 1.088 0.241 0.542 0.000 0.414 0.000 0.336 0.066 0.000 0.223 0.722 0.336 0.398 0.051 0.000 1.128 0.270 
---
0 test1dax_consistent left_hidden
1.245 0.000 1.263 1.769 0.000 0.565 0.000 0.048 0.350 0.000 0.000 0.173 0.809 0.072 0.833 1.178 0.000 0.000 0.000 2.062 
0 test1dax_consistent right_hidden
0.000 0.416 2.049 1.903 1.232 0.096 1.136 0.000 2.595 2.378 0.000 0.000 1.091 0.335 0.100 1.455 0.000 0.000 3.476 0.667 
---
1 test1dax_inconsistent left_hidden
1.245 0.000 1.263 1.769 0.000 0.565 0.000 0.048 0.350 0.000 0.000 0.173 0.809 0.072 0.833 1.178 0.000 0.000 0.000 2.062 
1 test1dax_inconsistent right_hidden
0.070 0.455 0.949 0.270 0.240 0.000 0.239 0.090 1.889 0.749 0.000 0.000 0.129 0.079 0.000 1.220 0.000 0.000 1.218 0.377 
---
0 test1dax_consistent left_hidden
0.720 0.890 0.303 0.572 0.000 0.000 1.742 0.879 0.000 0.000 0.549 0.000 0.865 0.475 0.286 0.048 0.512 0.000 2.246 0.462 
0 test1dax_consistent right_hidden
0.227 0.279 0.000 0.000 0.000 0.061 0.072 0.000 0.000 0.000 0.000 0.000 1.783 2.249 2.663 0.746 0.326 0.663 4.564 0.000 
---
1 test1dax_inconsistent left_hidden
0.720 0.890 0.303 0.572 0.000 0.000 1.742 0.879 0.000 0.000 0.549 0.000 0.865 0.475 0.286 0.048 0.512 0.000 2.246 0.462 
1 test1dax_inconsistent right_hidden
0.955 0.000 0.224 0.206 0.000 0.169 0.564 0.000 0.134 0.000 0.064 0.000 0.000 0.887 1.380 0.251 0.000 0.662 1.924 0.000 
---
0 test1dax_consistent left_hidden
0.032 0.757 1.236 1.391 1.217 0.000 0.601 1.014 0.434 0.000 0.056 0.151 1.554 0.239 0.000 0.000 0.758 0.398 0.000 1.045 
0 test1dax_consistent right_hidden
0.000 0.000 0.670 3.147 0.000 0.000 0.306 0.000 0.000 0.000 2.989 1.780 0.517 1.502 0.000 0.937 2.014 1.218 1.099 0.736 
---
1 test1dax_inconsistent left_hidden
0.032 0.757 1.236 1.391 1.217 0.000 0.601 1.014 0.434 0.000 0.056 0.151 1.554 0.239 0.000 0.000 0.758 0.398 0.000 1.045 
1 test1dax_inconsistent right_hidden
0.020 0.107 0.637 0.972 0.293 0.000 0.656 0.686 0.000 0.000 1.287 0.342 0.327 0.961 0.000 0.838 0.856 1.243 0.083 1.177 
---
0 test1dax_consistent left_hidden
0.000 1.654 0.332 0.455 0.000 0.000 0.127 1.098 0.352 1.801 0.000 0.728 0.000 0.000 0.746 0.201 0.000 0.000 0.433 1.692 
0 test1dax_consistent right_hidden
0.000 0.000 0.591 0.000 0.000 0.000 0.000 0.000 0.614 2.916 0.000 2.157 0.000 2.483 0.280 0.054 0.000 2.588 1.849 0.000 
---
1 test1dax_inconsistent left_hidden
0.000 1.654 0.332 0.455 0.000 0.000 0.127 1.098 0.352 1.801 0.000 0.728 0.000 0.000 0.746 0.201 0.000 0.000 0.433 1.692 
1 test1dax_inconsistent right_hidden
0.000 0.374 0.296 0.000 0.000 0.306 0.061 0.095 0.565 0.438 0.130 1.600 0.095 1.119 0.378 0.000 0.000 0.822 1.214 0.041 
---
0 test1dax_consistent left_hidden
0.000 0.635 0.003 0.085 0.706 0.000 0.652 0.920 0.373 0.187 0.786 0.057 2.553 0.000 0.564 0.415 0.203 0.000 0.088 0.366 
0 test1dax_consistent right_hidden
1.015 0.158 0.000 0.890 2.740 1.869 0.164 2.568 2.852 0.688 0.000 0.967 0.000 0.000 0.399 0.000 0.000 0.000 0.000 0.000 
---
1 test1dax_inconsistent left_hidden
0.000 0.635 0.003 0.085 0.706 0.000 0.652 0.920 0.373 0.187 0.786 0.057 2.553 0.000 0.564 0.415 0.203 0.000 0.088 0.366 
1 test1dax_inconsistent right_hidden
0.301 0.439 0.000 0.694 0.829 0.000 0.256 1.298 1.005 0.632 0.044 1.010 0.458 0.000 0.523 0.170 0.000 0.000 0.104 0.133 
---
0 test1dax_consistent left_hidden
0.261 0.311 0.000 0.000 0.909 0.773 0.000 0.000 0.000 0.000 0.000 0.665 0.249 0.000 0.386 2.176 0.187 1.492 1.461 1.023 
0 test1dax_consistent right_hidden
0.000 0.000 1.970 0.000 0.983 0.076 0.000 1.182 0.000 0.000 0.000 1.116 2.441 0.000 0.000 1.044 0.486 0.046 2.795 3.448 
---
1 test1dax_inconsistent left_hidden
0.261 0.311 0.000 0.000 0.909 0.773 0.000 0.000 0.000 0.000 0.000 0.665 0.249 0.000 0.386 2.176 0.187 1.492 1.461 1.023 
1 test1dax_inconsistent right_hidden
0.030 0.161 0.643 0.000 0.277 0.000 0.000 0.952 0.000 0.000 0.000 1.025 1.887 0.000 0.034 0.207 0.466 0.339 0.740 0.880 
---
0 test1dax_consistent left_hidden
1.057 0.690 1.139 0.770 0.177 0.000 0.000 0.160 0.248 1.430 0.792 1.268 1.055 0.936 0.986 0.000 0.303 0.000 1.058 0.000 
0 test1dax_consistent right_hidden
0.279 3.064 0.409 0.000 0.223 1.517 0.000 0.897 1.618 0.000 0.000 1.952 0.544 3.470 1.096 0.000 0.000 0.217 0.000 0.000 
---
1 test1dax_inconsistent left_hidden
1.057 0.690 1.139 0.770 0.177 0.000 0.000 0.160 0.248 1.430 0.792 1.268 1.055 0.936 0.986 0.000 0.303 0.000 1.058 0.000 
1 test1dax_inconsistent right_hidden
0.000 0.980 1.243 0.000 0.509 0.149 0.000 0.301 1.003 0.000 0.000 0.473 0.283 1.353 1.180 0.000 0.000 0.424 0.138 0.000 
---
0 test1dax_consistent left_hidden
0.827 0.193 0.000 0.028 1.239 0.000 0.000 0.179 0.715 1.920 0.000 1.137 1.250 1.300 0.726 0.065 0.107 0.708 0.097 0.256 
0 test1dax_consistent right_hidden
0.070 0.000 0.045 0.000 2.140 1.328 0.000 0.000 1.595 1.273 0.000 0.000 0.297 2.534 0.000 0.012 0.314 1.307 0.000 3.923 
---
1 test1dax_inconsistent left_hidden
0.827 0.193 0.000 0.028 1.239 0.000 0.000 0.179 0.715 1.920 0.000 1.137 1.250 1.300 0.726 0.065 0.107 0.708 0.097 0.256 
1 test1dax_inconsistent right_hidden
0.183 0.162 0.000 0.000 1.458 0.175 0.000 0.000 0.492 0.322 0.000 0.000 0.770 1.239 0.000 0.000 0.715 1.012 0.047 1.752 
---
0 test1dax_consistent left_hidden
0.000 0.000 0.336 2.265 0.632 0.000 0.443 0.058 0.222 0.230 0.837 0.027 1.272 0.000 1.102 0.000 0.477 0.013 0.000 1.615 
0 test1dax_consistent right_hidden
0.000 0.000 0.000 0.000 0.640 0.000 0.000 0.000 3.059 0.272 0.365 3.349 2.419 0.000 0.000 0.000 0.000 1.141 2.083 0.000 
---
1 test1dax_inconsistent left_hidden
0.000 0.000 0.336 2.265 0.632 0.000 0.443 0.058 0.222 0.230 0.837 0.027 1.272 0.000 1.102 0.000 0.477 0.013 0.000 1.615 
1 test1dax_inconsistent right_hidden
0.000 0.259 0.054 0.381 0.472 0.000 0.000 0.000 0.508 0.981 0.356 1.820 0.812 0.000 0.211 0.000 0.000 1.249 0.753 0.000 
---
0 test1dax_consistent left_hidden
0.674 1.112 0.000 0.000 1.790 1.449 0.270 0.007 1.004 0.109 0.529 0.228 0.000 1.138 0.000 0.469 0.703 0.649 0.000 0.860 
0 test1dax_consistent right_hidden
0.261 1.343 2.099 0.000 2.267 2.282 0.000 2.136 1.935 0.000 1.381 0.020 0.869 0.341 0.000 0.000 0.149 0.000 0.000 1.583 
---
1 test1dax_inconsistent left_hidden
0.674 1.112 0.000 0.000 1.790 1.449 0.270 0.007 1.004 0.109 0.529 0.228 0.000 1.138 0.000 0.469 0.703 0.649 0.000 0.860 
1 test1dax_inconsistent right_hidden
0.791 1.082 0.582 0.000 0.517 0.789 0.000 1.427 1.372 0.000 0.310 0.234 0.304 0.000 0.000 0.000 0.000 0.137 0.000 0.675 
---
0 test1dax_consistent left_hidden
0.025 0.313 0.743 0.000 0.000 0.496 0.000 0.176 0.000 3.130 0.000 0.000 0.031 0.000 0.820 0.163 0.000 0.085 0.000 0.000 
0 test1dax_consistent right_hidden
3.034 0.000 0.000 0.000 0.000 0.370 0.000 0.000 0.243 1.331 0.000 2.568 4.387 0.000 0.000 0.050 0.000 0.000 2.416 0.000 
---
1 test1dax_inconsistent left_hidden
0.025 0.313 0.743 0.000 0.000 0.496 0.000 0.176 0.000 3.130 0.000 0.000 0.031 0.000 0.820 0.163 0.000 0.085 0.000 0.000 
1 test1dax_inconsistent right_hidden
2.094 0.100 0.000 0.000 0.053 0.665 0.083 0.000 0.177 0.610 0.000 0.897 1.440 0.000 0.000 0.467 0.000 0.000 1.955 0.000 
---
0 test1dax_consistent left_hidden
0.532 0.367 1.457 0.389 0.695 0.178 0.222 0.000 1.346 2.015 0.577 0.000 0.254 0.553 0.000 0.193 0.000 0.043 0.470 0.819 
0 test1dax_consistent right_hidden
0.000 1.556 1.516 0.657 1.055 0.030 3.322 0.000 0.154 2.071 0.550 0.000 3.134 0.087 0.000 1.403 0.000 0.000 0.000 0.230 
---
1 test1dax_inconsistent left_hidden
0.532 0.367 1.457 0.389 0.695 0.178 0.222 0.000 1.346 2.015 0.577 0.000 0.254 0.553 0.000 0.193 0.000 0.043 0.470 0.819 
1 test1dax_inconsistent right_hidden
0.000 0.743 0.917 0.000 0.110 0.396 1.085 0.000 0.000 1.878 0.582 0.117 1.452 0.000 0.000 0.644 0.000 0.000 0.000 0.000 
---
0 test1dax_consistent left_hidden
0.000 0.404 0.000 0.000 0.152 1.186 0.000 0.291 1.891 0.984 0.352 0.814 0.000 0.486 1.955 0.000 0.751 0.000 0.000 0.838 
0 test1dax_consistent right_hidden
0.000 0.000 0.000 0.000 0.000 2.584 0.000 0.117 2.413 0.007 2.675 0.089 0.000 0.000 2.833 0.884 0.019 0.000 0.000 1.249 
---
1 test1dax_inconsistent left_hidden
0.000 0.404 0.000 0.000 0.152 1.186 0.000 0.291 1.891 0.984 0.352 0.814 0.000 0.486 1.955 0.000 0.751 0.000 0.000 0.838 
1 test1dax_inconsistent right_hidden
0.000 0.212 0.022 0.000 0.337 1.505 0.000 0.082 1.423 0.000 0.623 0.605 0.000 0.000 1.206 0.846 0.275 0.025 0.000 1.104 
---
0 test1dax_consistent left_hidden
0.613 0.024 2.655 0.029 0.000 0.952 0.592 0.446 0.500 1.288 0.000 0.000 0.000 0.000 0.075 0.000 0.000 0.256 0.011 1.321 
0 test1dax_consistent right_hidden
0.000 0.000 1.636 0.934 2.336 0.191 1.435 4.797 0.000 0.603 0.000 0.749 0.000 0.000 0.000 0.000 0.000 2.216 0.000 1.373 
---
1 test1dax_inconsistent left_hidden
0.613 0.024 2.655 0.029 0.000 0.952 0.592 0.446 0.500 1.288 0.000 0.000 0.000 0.000 0.075 0.000 0.000 0.256 0.011 1.321 
1 test1dax_inconsistent right_hidden
0.000 0.117 0.754 1.108 0.714 0.359 1.587 2.025 0.000 0.918 0.000 0.815 0.004 0.000 0.000 0.000 0.000 0.517 0.000 0.271 
---
0 test1dax_consistent left_hidden
0.000 0.927 0.724 1.403 0.071 1.692 1.630 0.000 0.000 0.477 0.000 0.000 0.325 0.274 0.573 0.001 0.458 0.934 0.484 0.000 
0 test1dax_consistent right_hidden
2.051 1.939 0.000 0.003 0.035 2.115 1.749 0.000 3.138 0.000 0.000 0.000 0.378 0.000 2.303 0.000 0.000 1.224 0.919 0.000 
---
1 test1dax_inconsistent left_hidden
0.000 0.927 0.724 1.403 0.071 1.692 1.630 0.000 0.000 0.477 0.000 0.000 0.325 0.274 0.573 0.001 0.458 0.934 0.484 0.000 
1 test1dax_inconsistent right_hidden
0.894 0.507 0.000 0.250 0.000 1.673 0.309 0.000 1.005 0.000 0.000 0.000 0.696 0.008 1.258 0.000 0.000 0.960 0.495 0.000 
---
0 test1dax_consistent left_hidden
0.000 0.793 0.224 0.909 0.000 1.190 0.000 0.193 1.149 0.000 0.000 1.027 0.000 2.001 1.381 0.000 0.000 0.339 0.730 0.263 
0 test1dax_consistent right_hidden
0.000 0.000 0.000 1.526 0.148 1.103 0.000 0.000 1.991 0.009 0.000 0.000 0.368 2.416 3.341 0.214 1.670 2.616 1.872 0.000 
---
1 test1dax_inconsistent left_hidden
0.000 0.793 0.224 0.909 0.000 1.190 0.000 0.193 1.149 0.000 0.000 1.027 0.000 2.001 1.381 0.000 0.000 0.339 0.730 0.263 
1 test1dax_inconsistent right_hidden
0.000 0.153 0.423 0.421 0.605 0.418 0.000 0.227 0.807 0.000 0.000 0.000 0.122 2.007 1.660 0.344 0.133 1.089 0.745 0.000 
---
0 test1dax_consistent left_hidden
0.016 0.039 0.000 0.678 0.248 0.000 1.217 0.000 0.407 0.253 0.652 2.783 0.877 0.000 0.082 0.336 0.562 0.000 0.389 0.201 
0 test1dax_consistent right_hidden
0.000 0.644 3.110 0.000 0.807 0.684 0.000 0.000 0.639 0.669 0.965 4.640 0.251 0.000 0.000 0.031 0.060 0.000 0.590 0.139 
---
1 test1dax_inconsistent left_hidden
0.016 0.039 0.000 0.678 0.248 0.000 1.217 0.000 0.407 0.253 0.652 2.783 0.877 0.000 0.082 0.336 0.562 0.000 0.389 0.201 
1 test1dax_inconsistent right_hidden
0.223 0.645 2.069 0.083 0.296 0.000 0.521 0.000 0.284 0.000 0.753 1.496 0.346 0.000 0.204 0.517 0.156 0.135 0.904 0.372 
---
