0 test2fip_consistent left_hidden
0.000 0.466 1.283 0.000 0.000 1.709 0.000 2.657 0.017 1.503 0.000 0.535 0.000 0.000 0.831 0.000 0.079 3.127 0.812 0.000 
0 test2fip_consistent right_hidden
0.023 0.005 1.145 0.000 0.000 0.000 0.000 0.538 0.884 0.000 0.000 1.030 0.000 0.000 0.033 0.713 2.169 2.742 0.003 0.094 
---
1 test2fip_inconsistent left_hidden
0.000 0.466 1.283 0.000 0.000 1.709 0.000 2.657 0.017 1.503 0.000 0.535 0.000 0.000 0.831 0.000 0.079 3.127 0.812 0.000 
1 test2fip_inconsistent right_hidden
0.000 0.159 1.058 0.000 0.000 1.023 0.000 2.364 0.798 0.000 0.000 0.298 0.000 0.000 0.000 0.732 1.557 4.462 1.415 0.000 
---
0 test2fip_consistent left_hidden
0.356 1.321 0.187 0.000 0.679 0.157 0.000 0.000 3.550 0.000 1.542 0.000 0.000 0.000 0.000 0.000 1.174 2.153 0.000 0.523 
0 test2fip_consistent right_hidden
0.414 0.593 2.037 0.216 0.526 1.019 0.000 0.000 1.204 0.000 1.540 0.000 2.210 0.251 0.721 0.000 0.124 0.074 0.000 0.030 
---
1 test2fip_inconsistent left_hidden
0.356 1.321 0.187 0.000 0.679 0.157 0.000 0.000 3.550 0.000 1.542 0.000 0.000 0.000 0.000 0.000 1.174 2.153 0.000 0.523 
1 test2fip_inconsistent right_hidden
0.327 1.841 2.060 0.000 0.560 0.488 0.000 0.000 3.851 0.000 2.022 0.000 1.827 0.468 0.552 0.000 0.462 1.509 0.000 0.030 
---
0 test2fip_consistent left_hidden
1.175 1.420 1.672 0.000 0.000 1.789 0.000 0.479 1.806 0.019 0.000 0.000 1.020 1.001 1.133 2.817 0.000 0.613 0.000 1.163 
0 test2fip_consistent right_hidden
0.112 0.179 0.696 0.000 0.280 0.671 0.000 1.354 2.516 1.225 0.000 1.097 0.163 0.000 0.000 0.172 0.000 1.809 0.000 0.000 
---
1 test2fip_inconsistent left_hidden
1.175 1.420 1.672 0.000 0.000 1.789 0.000 0.479 1.806 0.019 0.000 0.000 1.020 1.001 1.133 2.817 0.000 0.613 0.000 1.163 
1 test2fip_inconsistent right_hidden
1.091 1.183 2.447 0.000 0.173 1.366 0.000 0.933 3.199 1.234 0.000 0.790 0.744 0.000 0.811 2.194 0.000 1.690 0.000 0.000 
---
0 test2fip_consistent left_hidden
1.737 0.037 0.000 0.000 2.938 1.612 2.452 0.562 0.034 0.000 0.000 0.061 1.420 0.721 0.000 0.000 0.130 0.450 0.000 1.038 
0 test2fip_consistent right_hidden
0.044 0.000 0.000 0.000 1.637 0.127 0.770 0.047 0.562 0.559 0.418 0.883 0.000 0.000 0.000 0.000 0.952 2.490 0.000 1.569 
---
1 test2fip_inconsistent left_hidden
1.737 0.037 0.000 0.000 2.938 1.612 2.452 0.562 0.034 0.000 0.000 0.061 1.420 0.721 0.000 0.000 0.130 0.450 0.000 1.038 
1 test2fip_inconsistent right_hidden
0.934 0.000 0.000 0.000 3.144 0.208 2.012 0.000 0.198 0.474 0.310 0.684 2.171 1.477 0.000 0.000 0.958 1.774 0.000 2.010 
---
0 test2fip_consistent left_hidden
0.000 3.011 0.000 0.058 0.000 0.000 1.186 1.127 1.772 0.343 1.237 0.000 0.000 0.016 0.000 0.000 2.534 1.004 0.000 0.228 
0 test2fip_consistent right_hidden
0.045 0.373 1.432 0.000 0.000 0.000 0.564 0.166 0.000 0.045 0.201 0.000 0.000 0.000 1.702 0.000 1.043 1.474 2.325 1.252 
---
1 test2fip_inconsistent left_hidden
0.000 3.011 0.000 0.058 0.000 0.000 1.186 1.127 1.772 0.343 1.237 0.000 0.000 0.016 0.000 0.000 2.534 1.004 0.000 0.228 
1 test2fip_inconsistent right_hidden
0.000 2.281 0.923 0.465 0.000 0.000 1.285 0.664 0.000 0.031 1.360 0.000 0.000 0.000 1.418 0.000 2.540 3.185 1.638 1.180 
---
0 test2fip_consistent left_hidden
0.000 0.000 0.000 0.793 0.000 0.487 2.133 2.076 0.188 0.602 2.391 0.000 2.641 0.000 0.000 0.000 0.011 0.031 0.000 0.204 
0 test2fip_consistent right_hidden
0.000 0.000 0.000 0.000 0.000 0.104 0.423 1.872 2.541 0.964 0.249 0.000 0.061 1.840 0.085 0.000 0.000 0.000 1.129 0.000 
---
1 test2fip_inconsistent left_hidden
0.000 0.000 0.000 0.793 0.000 0.487 2.133 2.076 0.188 0.602 2.391 0.000 2.641 0.000 0.000 0.000 0.011 0.031 0.000 0.204 
1 test2fip_inconsistent right_hidden
0.000 0.000 0.000 0.000 0.000 0.000 1.178 3.677 2.362 1.843 2.224 0.039 1.949 1.538 0.000 0.000 0.000 0.000 0.951 0.000 
---
0 test2fip_consistent left_hidden
0.000 0.000 0.429 0.000 0.000 0.000 2.905 0.550 2.650 0.000 0.413 0.087 0.000 1.152 0.000 0.000 0.000 2.763 0.142 0.000 
0 test2fip_consistent right_hidden
0.000 0.000 0.000 0.000 1.615 1.935 0.721 0.324 1.394 1.157 0.419 0.000 0.000 0.655 0.000 1.023 0.704 1.035 0.495 0.000 
---
1 test2fip_inconsistent left_hidden
0.000 0.000 0.429 0.000 0.000 0.000 2.905 0.550 2.650 0.000 0.413 0.087 0.000 1.152 0.000 0.000 0.000 2.763 0.142 0.000 
1 test2fip_inconsistent right_hidden
0.000 0.006 0.000 0.000 1.396 1.728 2.931 2.160 1.917 1.049 0.734 0.000 0.000 1.833 0.000 0.460 0.512 2.252 1.172 0.000 
---
0 test2fip_consistent left_hidden
3.206 0.134 1.143 0.000 0.000 0.169 0.185 0.230 0.343 0.000 0.000 0.000 0.120 0.052 0.000 0.000 2.891 0.000 1.803 0.261 
0 test2fip_consistent right_hidden
0.726 0.922 0.000 0.000 0.000 1.656 0.076 0.103 1.532 0.158 0.000 0.000 1.672 1.667 0.872 0.175 0.000 0.927 0.540 1.375 
---
1 test2fip_inconsistent left_hidden
3.206 0.134 1.143 0.000 0.000 0.169 0.185 0.230 0.343 0.000 0.000 0.000 0.120 0.052 0.000 0.000 2.891 0.000 1.803 0.261 
1 test2fip_inconsistent right_hidden
3.262 0.376 0.000 0.000 0.000 1.808 0.000 0.000 2.786 0.000 0.000 0.000 0.938 0.953 0.441 0.000 0.000 0.663 1.680 0.655 
---
0 test2fip_consistent left_hidden
1.297 0.000 0.000 0.103 0.000 0.000 0.155 0.000 0.000 0.000 0.000 2.477 1.322 0.000 1.414 0.000 0.008 0.875 2.774 2.029 
0 test2fip_consistent right_hidden
0.495 0.082 1.939 1.010 0.000 0.079 0.875 1.995 0.062 1.042 0.300 0.206 0.000 1.000 0.565 0.000 0.323 1.069 0.191 0.835 
---
1 test2fip_inconsistent left_hidden
1.297 0.000 0.000 0.103 0.000 0.000 0.155 0.000 0.000 0.000 0.000 2.477 1.322 0.000 1.414 0.000 0.008 0.875 2.774 2.029 
1 test2fip_inconsistent right_hidden
0.775 0.000 1.481 0.673 0.000 0.113 0.714 1.753 0.211 1.285 0.130 2.055 0.000 0.538 0.928 0.000 0.130 2.408 2.185 2.302 
---
0 test2fip_consistent left_hidden
0.000 0.007 0.325 0.000 0.002 0.000 0.486 0.000 0.000 2.945 0.000 0.000 0.099 0.590 3.314 0.093 0.000 0.637 2.317 0.000 
0 test2fip_consistent right_hidden
0.000 0.000 0.248 1.337 1.562 0.000 1.491 0.000 0.000 0.134 0.000 0.000 0.209 2.032 0.301 0.089 0.000 1.948 1.849 0.000 
---
1 test2fip_inconsistent left_hidden
0.000 0.007 0.325 0.000 0.002 0.000 0.486 0.000 0.000 2.945 0.000 0.000 0.099 0.590 3.314 0.093 0.000 0.637 2.317 0.000 
1 test2fip_inconsistent right_hidden
0.000 0.000 0.000 0.766 1.294 0.000 1.742 0.000 0.000 0.234 0.000 0.000 0.085 2.140 2.979 0.000 0.000 1.103 3.701 0.000 
---
0 test2fip_consistent left_hidden
1.453 1.102 0.000 0.000 0.000 0.000 1.445 0.000 0.463 0.193 1.965 0.058 1.548 0.000 2.214 2.658 0.810 0.000 0.267 0.000 
0 test2fip_consistent right_hidden
1.291 0.082 0.008 0.224 0.000 0.000 0.926 0.003 0.211 0.315 0.178 0.000 0.000 1.191 2.091 0.242 0.480 0.000 2.247 0.000 
---
1 test2fip_inconsistent left_hidden
1.453 1.102 0.000 0.000 0.000 0.000 1.445 0.000 0.463 0.193 1.965 0.058 1.548 0.000 2.214 2.658 0.810 0.000 0.267 0.000 
1 test2fip_inconsistent right_hidden
2.372 1.881 0.095 0.000 0.000 0.000 0.934 0.000 0.551 0.000 1.360 0.000 0.576 0.889 3.703 1.675 0.707 0.000 1.829 0.347 
---
0 test2fip_consistent left_hidden
0.015 0.000 0.149 0.969 0.000 0.000 2.025 1.987 0.000 0.000 2.099 0.000 2.146 0.000 0.000 0.702 2.232 0.048 0.000 0.000 
0 test2fip_consistent right_hidden
0.000 0.023 0.983 2.043 0.294 0.718 0.000 1.689 0.000 0.000 0.108 0.000 1.052 0.000 0.052 1.127 0.093 1.117 0.865 0.000 
---
1 test2fip_inconsistent left_hidden
0.015 0.000 0.149 0.969 0.000 0.000 2.025 1.987 0.000 0.000 2.099 0.000 2.146 0.000 0.000 0.702 2.232 0.048 0.000 0.000 
1 test2fip_inconsistent right_hidden
0.000 0.000 0.820 2.709 0.142 0.457 1.325 3.449 0.000 0.000 1.526 0.000 1.258 0.000 0.000 2.123 1.545 1.016 0.620 0.000 
---
0 test2fip_consistent left_hidden
0.000 1.788 0.731 1.395 0.333 0.335 0.496 0.969 0.000 0.424 0.403 0.000 0.336 0.000 1.225 0.482 0.000 1.477 2.230 2.943 
0 test2fip_consistent right_hidden
0.000 1.131 1.357 0.000 0.000 0.120 0.600 0.143 2.233 0.671 1.005 0.525 0.448 0.000 0.962 0.631 0.000 1.052 0.078 0.762 
---
1 test2fip_inconsistent left_hidden
0.000 1.788 0.731 1.395 0.333 0.335 0.496 0.969 0.000 0.424 0.403 0.000 0.336 0.000 1.225 0.482 0.000 1.477 2.230 2.943 
1 test2fip_inconsistent right_hidden
0.000 2.344 0.907 0.000 0.000 0.066 0.544 1.120 1.492 0.917 1.470 0.150 0.000 0.000 1.682 1.185 0.000 2.539 1.403 2.251 
---
0 test2fip_consistent left_hidden
0.856 0.000 0.000 0.000 0.297 0.129 0.000 0.000 0.000 0.000 1.092 2.342 2.181 2.760 0.916 0.000 0.000 0.000 0.203 2.665 
0 test2fip_consistent right_hidden
0.604 0.000 0.325 0.000 1.418 0.921 0.000 0.000 0.022 0.000 0.196 0.036 0.176 0.879 1.782 0.050 0.000 0.000 2.383 1.517 
---
1 test2fip_inconsistent left_hidden
0.856 0.000 0.000 0.000 0.297 0.129 0.000 0.000 0.000 0.000 1.092 2.342 2.181 2.760 0.916 0.000 0.000 0.000 0.203 2.665 
1 test2fip_inconsistent right_hidden
1.105 0.000 0.382 0.000 1.328 0.985 0.000 0.000 0.000 0.000 2.143 1.368 0.473 2.625 1.471 0.000 0.000 0.000 2.135 2.742 
---
0 test2fip_consistent left_hidden
2.390 0.680 1.761 1.191 0.725 1.027 0.000 2.063 0.000 2.326 1.158 0.000 0.000 0.000 0.000 1.152 0.077 0.918 0.029 0.339 
0 test2fip_consistent right_hidden
0.674 0.000 0.731 0.782 0.443 2.198 1.437 0.731 0.084 0.519 0.082 0.149 0.000 0.069 0.000 0.128 0.000 0.524 1.034 2.043 
---
1 test2fip_inconsistent left_hidden
2.390 0.680 1.761 1.191 0.725 1.027 0.000 2.063 0.000 2.326 1.158 0.000 0.000 0.000 0.000 1.152 0.077 0.918 0.029 0.339 
1 test2fip_inconsistent right_hidden
1.874 0.000 1.499 1.792 0.801 2.709 0.575 2.058 0.000 2.239 1.702 0.000 0.000 0.000 0.000 0.298 0.000 1.245 0.593 1.397 
---
0 test2fip_consistent left_hidden
2.347 0.400 0.000 0.000 2.983 0.000 1.446 1.027 1.719 0.000 0.000 0.254 0.096 0.000 0.124 0.000 0.349 0.957 0.909 0.000 
0 test2fip_consistent right_hidden
0.832 0.852 0.787 0.000 0.670 1.789 0.058 2.485 0.750 0.000 0.000 1.344 0.000 0.000 0.185 0.000 0.082 0.050 0.316 0.000 
---
1 test2fip_inconsistent left_hidden
2.347 0.400 0.000 0.000 2.983 0.000 1.446 1.027 1.719 0.000 0.000 0.254 0.096 0.000 0.124 0.000 0.349 0.957 0.909 0.000 
1 test2fip_inconsistent right_hidden
2.000 0.553 0.591 0.000 2.529 1.458 1.550 2.616 2.197 0.000 0.000 1.096 0.000 0.000 0.000 0.000 0.000 0.014 0.898 0.000 
---
0 test2fip_consistent left_hidden
0.879 0.000 0.000 0.511 0.000 0.192 0.363 1.367 2.717 0.000 0.000 0.000 0.209 0.625 1.233 2.673 0.095 2.616 0.000 0.014 
0 test2fip_consistent right_hidden
0.717 0.000 0.017 0.000 1.019 0.481 0.596 0.053 0.522 0.000 0.000 0.472 1.014 0.166 2.916 0.464 0.000 1.292 0.000 1.397 
---
1 test2fip_inconsistent left_hidden
0.879 0.000 0.000 0.511 0.000 0.192 0.363 1.367 2.717 0.000 0.000 0.000 0.209 0.625 1.233 2.673 0.095 2.616 0.000 0.014 
1 test2fip_inconsistent right_hidden
0.111 0.000 0.000 0.000 1.069 0.000 1.186 0.000 2.856 0.000 0.000 0.457 0.869 0.534 2.879 2.387 0.000 1.922 0.000 0.917 
---
0 test2fip_consistent left_hidden
0.000 0.000 0.000 0.000 0.285 2.261 0.000 2.507 2.288 0.000 0.000 0.061 0.000 0.720 0.000 0.000 0.960 0.000 2.586 0.401 
0 test2fip_consistent right_hidden
0.097 0.806 0.000 0.092 0.947 2.286 0.697 2.103 0.060 0.000 0.081 0.024 0.252 0.000 1.444 0.302 0.344 0.000 0.071 0.028 
---
1 test2fip_inconsistent left_hidden
0.000 0.000 0.000 0.000 0.285 2.261 0.000 2.507 2.288 0.000 0.000 0.061 0.000 0.720 0.000 0.000 0.960 0.000 2.586 0.401 
1 test2fip_inconsistent right_hidden
0.000 0.478 0.000 0.000 2.146 3.353 0.142 2.976 1.734 0.150 0.034 0.051 0.342 0.000 1.290 0.196 2.116 0.000 1.655 0.000 
---
0 test2fip_consistent left_hidden
3.231 2.677 0.000 1.561 0.000 0.000 0.026 0.088 0.000 0.566 0.141 0.509 0.397 0.383 0.678 0.287 0.000 0.000 1.162 0.000 
0 test2fip_consistent right_hidden
0.133 0.889 0.000 0.312 0.000 0.000 1.374 0.000 0.000 0.292 0.192 1.013 0.000 2.593 0.941 0.923 0.000 0.767 0.099 0.000 
---
1 test2fip_inconsistent left_hidden
3.231 2.677 0.000 1.561 0.000 0.000 0.026 0.088 0.000 0.566 0.141 0.509 0.397 0.383 0.678 0.287 0.000 0.000 1.162 0.000 
1 test2fip_inconsistent right_hidden
2.295 1.578 0.000 1.102 0.000 0.000 1.453 0.000 0.000 1.118 2.283 1.498 0.000 2.481 1.333 1.255 0.000 0.625 0.000 0.000 
---
0 test2fip_consistent left_hidden
2.889 2.838 0.002 1.510 0.000 0.487 0.000 0.512 0.000 0.000 0.000 0.000 0.000 0.381 0.000 1.206 0.000 1.584 0.215 0.530 
0 test2fip_consistent right_hidden
2.718 0.269 0.000 0.163 0.328 1.230 0.031 0.971 0.000 1.608 0.143 0.000 0.000 0.117 0.000 0.922 0.028 0.786 0.101 0.005 
---
1 test2fip_inconsistent left_hidden
2.889 2.838 0.002 1.510 0.000 0.487 0.000 0.512 0.000 0.000 0.000 0.000 0.000 0.381 0.000 1.206 0.000 1.584 0.215 0.530 
1 test2fip_inconsistent right_hidden
4.012 1.735 0.000 2.342 0.160 0.730 0.000 0.481 0.000 1.300 0.000 0.000 0.000 0.587 0.000 1.254 0.000 1.973 0.647 0.000 
---
0 test2fip_consistent left_hidden
0.219 0.941 1.104 2.457 1.008 0.000 0.000 0.000 0.894 0.000 0.180 0.000 1.745 0.000 0.000 2.662 1.738 0.374 0.534 0.000 
0 test2fip_consistent right_hidden
2.200 0.087 0.000 0.814 0.775 0.000 0.000 0.000 0.000 0.000 0.000 0.000 0.091 0.000 0.391 2.894 0.118 0.000 0.098 0.031 
---
1 test2fip_inconsistent left_hidden
0.219 0.941 1.104 2.457 1.008 0.000 0.000 0.000 0.894 0.000 0.180 0.000 1.745 0.000 0.000 2.662 1.738 0.374 0.534 0.000 
1 test2fip_inconsistent right_hidden
1.967 0.380 0.600 2.667 0.627 0.000 0.000 0.000 0.389 0.000 0.714 0.000 1.882 0.000 0.129 3.874 1.123 0.153 0.524 0.000 
---
0 test2fip_consistent left_hidden
0.000 1.663 1.696 1.907 0.000 0.000 1.901 0.608 1.823 1.052 1.718 0.655 0.056 0.731 0.257 0.000 0.000 0.000 0.342 0.010 
0 test2fip_consistent right_hidden
0.000 0.446 1.546 0.151 0.000 0.000 0.161 0.156 0.945 0.123 0.392 1.093 0.109 0.000 2.427 0.000 0.000 0.000 2.507 0.000 
---
1 test2fip_inconsistent left_hidden
0.000 1.663 1.696 1.907 0.000 0.000 1.901 0.608 1.823 1.052 1.718 0.655 0.056 0.731 0.257 0.000 0.000 0.000 0.342 0.010 
1 test2fip_inconsistent right_hidden
0.000 2.037 2.832 1.185 0.000 0.000 1.251 0.502 1.413 0.384 0.911 2.593 0.115 0.693 1.707 0.000 0.000 0.000 2.367 0.000 
---
0 test2fip_consistent left_hidden
0.000 0.000 0.000 0.891 0.000 0.000 1.644 0.110 0.000 2.525 0.000 3.477 0.484 1.340 0.000 0.271 0.000 0.000 0.000 0.000 
0 test2fip_consistent right_hidden
0.000 0.023 0.000 0.231 0.000 1.293 0.177 1.150 0.000 0.000 0.606 1.506 0.001 0.919 0.000 0.210 3.348 0.019 0.000 0.000 
---
1 test2fip_inconsistent left_hidden
0.000 0.000 0.000 0.891 0.000 0.000 1.644 0.110 0.000 2.525 0.000 3.477 0.484 1.340 0.000 0.271 0.000 0.000 0.000 0.000 
1 test2fip_inconsistent right_hidden
0.000 0.079 0.000 0.954 0.000 0.742 0.785 0.914 0.000 0.487 0.096 4.399 0.000 2.691 0.000 0.124 2.541 0.000 0.000 0.000 
---
0 test2fip_consistent left_hidden
0.000 0.000 0.000 1.432 0.000 0.010 0.000 0.331 1.805 0.000 0.000 0.000 3.131 0.000 0.956 1.816 0.000 0.000 1.882 0.000 
0 test2fip_consistent right_hidden
0.024 0.000 0.000 0.755 1.117 1.774 0.000 0.138 1.253 0.000 0.003 1.713 0.019 0.000 0.791 0.084 0.000 1.597 0.116 0.000 
---
1 test2fip_inconsistent left_hidden
0.000 0.000 0.000 1.432 0.000 0.010 0.000 0.331 1.805 0.000 0.000 0.000 3.131 0.000 0.956 1.816 0.000 0.000 1.882 0.000 
1 test2fip_inconsistent right_hidden
0.000 0.000 0.000 2.953 0.707 1.587 0.047 0.242 3.031 0.000 0.195 1.604 1.467 0.000 1.540 0.266 0.000 1.146 1.121 0.000 
---
0 test2fip_consistent left_hidden
0.387 0.000 0.534 0.000 0.461 1.674 2.484 0.000 0.000 0.000 2.161 1.557 0.393 0.000 0.000 2.685 0.670 0.000 0.294 0.000 
0 test2fip_consistent right_hidden
0.402 0.095 0.000 0.151 1.455 0.112 0.235 0.000 0.000 2.027 0.915 1.709 1.701 0.000 0.000 0.222 0.412 0.000 0.900 0.000 
---
1 test2fip_inconsistent left_hidden
0.387 0.000 0.534 0.000 0.461 1.674 2.484 0.000 0.000 0.000 2.161 1.557 0.393 0.000 0.000 2.685 0.670 0.000 0.294 0.000 
1 test2fip_inconsistent right_hidden
1.101 0.503 0.000 0.000 2.706 0.886 1.397 0.000 0.000 1.685 1.497 2.784 1.299 0.000 0.000 2.617 1.065 0.000 1.077 0.000 
---
0 test2fip_consistent left_hidden
0.095 0.073 0.563 0.000 0.000 0.000 0.000 0.000 0.030 0.000 4.144 0.121 0.280 0.000 0.000 0.000 1.054 0.000 2.352 1.365 
0 test2fip_consistent right_hidden
2.109 1.399 0.938 0.000 0.000 0.000 0.000 0.220 0.000 1.601 1.311 0.000 1.064 0.143 0.075 0.000 1.440 0.605 0.369 0.303 
---
1 test2fip_inconsistent left_hidden
0.095 0.073 0.563 0.000 0.000 0.000 0.000 0.000 0.030 0.000 4.144 0.121 0.280 0.000 0.000 0.000 1.054 0.000 2.352 1.365 
1 test2fip_inconsistent right_hidden
1.980 1.865 0.940 0.000 0.000 0.000 0.000 1.096 0.000 1.427 4.254 0.000 0.605 0.000 0.004 0.000 1.057 0.293 0.932 1.377 
---
0 test2fip_consistent left_hidden
0.742 0.315 0.000 0.170 1.420 1.339 2.403 0.000 0.015 0.015 3.210 0.000 0.000 0.000 0.078 1.087 1.291 0.556 0.149 0.000 
0 test2fip_consistent right_hidden
0.089 0.018 0.410 0.589 1.408 0.107 1.108 0.000 0.000 0.030 0.191 0.000 1.293 0.000 0.066 1.082 0.045 0.503 2.797 0.000 
---
1 test2fip_inconsistent left_hidden
0.742 0.315 0.000 0.170 1.420 1.339 2.403 0.000 0.015 0.015 3.210 0.000 0.000 0.000 0.078 1.087 1.291 0.556 0.149 0.000 
1 test2fip_inconsistent right_hidden
0.897 0.000 0.000 0.590 2.268 0.052 2.968 0.000 0.000 0.054 1.959 0.000 0.792 0.000 0.000 2.264 0.692 0.590 1.984 0.000 
---
0 test2fip_consistent left_hidden
0.128 0.828 1.041 0.000 0.209 1.065 0.000 0.000 0.000 0.000 0.000 0.574 0.000 2.228 0.360 1.739 0.000 1.398 2.996 1.717 
0 test2fip_consistent right_hidden
0.324 0.039 0.796 0.000 0.000 0.031 0.000 0.000 0.993 0.000 1.700 2.627 0.000 0.743 0.000 0.031 0.000 1.556 0.953 0.132 
---
1 test2fip_inconsistent left_hidden
0.128 0.828 1.041 0.000 0.209 1.065 0.000 0.000 0.000 0.000 0.000 0.574 0.000 2.228 0.360 1.739 0.000 1.398 2.996 1.717 
1 test2fip_inconsistent right_hidden
0.616 0.210 1.418 0.000 0.000 0.344 0.113 0.000 0.480 0.000 1.556 2.485 0.000 1.782 0.094 1.517 0.000 2.210 3.275 1.537 
---
0 test2fip_consistent left_hidden
1.963 0.124 0.158 2.675 1.607 0.348 0.000 0.000 3.538 0.000 0.016 0.004 0.040 0.000 0.000 0.937 0.000 0.428 0.005 0.725 
0 test2fip_consistent right_hidden
0.129 0.116 0.000 0.108 0.100 0.200 0.000 0.000 1.155 1.018 0.167 0.000 1.926 0.172 0.000 1.406 0.980 0.744 0.000 2.500 
---
1 test2fip_inconsistent left_hidden
1.963 0.124 0.158 2.675 1.607 0.348 0.000 0.000 3.538 0.000 0.016 0.004 0.040 0.000 0.000 0.937 0.000 0.428 0.005 0.725 
1 test2fip_inconsistent right_hidden
0.090 0.052 0.000 2.594 1.371 0.652 0.000 0.000 3.403 1.223 0.477 0.000 1.976 0.097 0.000 0.897 0.352 0.814 0.000 3.336 
---
0 test2fip_consistent left_hidden
0.972 0.000 0.135 0.051 0.000 2.121 0.000 0.000 0.000 0.000 0.213 0.832 0.763 0.023 0.756 2.723 0.269 2.243 0.407 1.473 
0 test2fip_consistent right_hidden
0.287 0.000 1.435 0.057 0.000 0.991 0.000 2.853 0.000 1.289 0.000 0.071 0.821 0.421 0.435 0.224 0.157 0.621 0.255 0.663 
---
1 test2fip_inconsistent left_hidden
0.972 0.000 0.135 0.051 0.000 2.121 0.000 0.000 0.000 0.000 0.213 0.832 0.763 0.023 0.756 2.723 0.269 2.243 0.407 1.473 
1 test2fip_inconsistent right_hidden
1.046 0.000 1.300 0.000 0.000 2.551 0.000 2.406 0.000 1.481 0.000 0.000 0.349 0.062 1.195 0.624 0.000 2.651 0.869 2.440 
---
0 test2fip_consistent left_hidden
0.000 2.765 0.005 0.343 0.000 0.000 0.103 0.000 0.000 1.002 0.000 0.000 2.113 0.000 0.000 3.243 1.649 0.000 0.000 0.000 
0 test2fip_consistent right_hidden
0.000 0.907 1.631 1.230 0.000 0.000 1.096 0.000 0.591 0.000 0.000 0.024 0.455 0.000 2.769 1.243 0.031 0.648 0.021 0.000 
---
1 test2fip_inconsistent left_hidden
0.000 2.765 0.005 0.343 0.000 0.000 0.103 0.000 0.000 1.002 0.000 0.000 2.113 0.000 0.000 3.243 1.649 0.000 0.000 0.000 
1 test2fip_inconsistent right_hidden
0.000 1.470 1.224 1.384 0.000 0.000 1.409 0.000 0.805 0.263 0.000 0.000 2.477 0.000 2.492 3.798 1.083 0.296 0.565 0.000 
---
0 test2fip_consistent left_hidden
2.453 0.000 0.580 0.000 0.000 0.712 0.976 0.000 0.000 1.777 2.581 1.906 0.000 0.422 0.000 0.525 0.893 0.458 0.321 0.004 
0 test2fip_consistent right_hidden
0.854 0.712 1.523 0.000 0.598 0.032 2.664 0.000 0.000 0.096 0.400 0.266 0.000 0.000 0.525 1.482 0.589 0.521 0.196 0.000 
---
1 test2fip_inconsistent left_hidden
2.453 0.000 0.580 0.000 0.000 0.712 0.976 0.000 0.000 1.777 2.581 1.906 0.000 0.422 0.000 0.525 0.893 0.458 0.321 0.004 
1 test2fip_inconsistent right_hidden
2.144 0.511 1.430 0.037 0.242 0.049 2.725 0.000 0.000 1.195 2.057 2.503 0.000 0.144 0.010 1.462 1.200 0.505 0.557 0.000 
---
0 test2fip_consistent left_hidden
0.000 0.622 0.176 2.080 0.000 0.624 0.000 0.000 0.165 3.610 0.231 0.000 2.020 1.590 0.000 0.000 0.000 0.000 0.372 0.000 
0 test2fip_consistent right_hidden
0.000 0.841 0.076 0.462 0.000 1.475 0.000 0.000 2.386 1.372 0.189 0.000 0.170 1.493 0.192 0.000 0.000 0.645 0.000 1.290 
---
1 test2fip_inconsistent left_hidden
0.000 0.622 0.176 2.080 0.000 0.624 0.000 0.000 0.165 3.610 0.231 0.000 2.020 1.590 0.000 0.000 0.000 0.000 0.372 0.000 
1 test2fip_inconsistent right_hidden
0.000 1.790 0.791 1.257 0.000 1.721 0.000 0.000 1.632 4.295 0.149 0.086 1.514 1.030 0.017 0.000 0.000 0.466 0.200 0.395 
---
0 test2fip_consistent left_hidden
3.279 0.331 0.717 0.000 0.328 0.000 0.290 0.113 0.393 0.864 0.701 1.122 1.068 0.829 1.131 1.877 0.000 1.833 0.804 0.469 
0 test2fip_consistent right_hidden
0.241 0.034 0.187 0.000 2.380 0.008 0.877 0.731 0.971 0.370 0.715 0.970 0.182 1.286 0.000 0.183 0.000 1.778 0.661 0.000 
---
1 test2fip_inconsistent left_hidden
3.279 0.331 0.717 0.000 0.328 0.000 0.290 0.113 0.393 0.864 0.701 1.122 1.068 0.829 1.131 1.877 0.000 1.833 0.804 0.469 
1 test2fip_inconsistent right_hidden
2.115 0.376 1.220 0.000 2.196 0.000 0.837 0.870 0.528 0.831 1.833 1.318 1.109 1.407 0.000 1.167 0.000 2.980 0.220 0.000 
---
0 test2fip_consistent left_hidden
0.000 0.000 0.181 3.647 0.000 1.595 0.319 0.000 0.000 0.000 1.066 0.000 0.437 0.445 0.137 1.168 2.497 0.249 0.000 0.000 
0 test2fip_consistent right_hidden
0.000 0.000 0.117 0.865 1.695 1.342 2.542 0.000 0.000 0.000 0.000 0.049 0.071 0.844 1.261 0.070 0.403 0.069 0.000 0.570 
---
1 test2fip_inconsistent left_hidden
0.000 0.000 0.181 3.647 0.000 1.595 0.319 0.000 0.000 0.000 1.066 0.000 0.437 0.445 0.137 1.168 2.497 0.249 0.000 0.000 
1 test2fip_inconsistent right_hidden
0.000 0.000 0.597 3.647 1.615 2.263 1.682 0.000 0.000 0.000 0.000 0.581 0.635 1.882 1.180 0.478 1.355 0.000 0.000 1.151 
---
0 test2fip_consistent left_hidden
3.392 0.000 0.000 0.000 0.252 0.078 1.868 1.525 0.000 0.178 1.734 0.000 0.357 0.000 0.298 1.072 0.091 0.000 1.937 0.833 
0 test2fip_consistent right_hidden
2.121 0.000 0.000 2.398 0.000 1.434 0.103 0.155 0.047 0.808 0.427 0.000 0.017 0.000 0.499 1.085 0.033 0.000 0.855 0.030 
---
1 test2fip_inconsistent left_hidden
3.392 0.000 0.000 0.000 0.252 0.078 1.868 1.525 0.000 0.178 1.734 0.000 0.357 0.000 0.298 1.072 0.091 0.000 1.937 0.833 
1 test2fip_inconsistent right_hidden
4.034 0.000 0.000 1.416 0.000 1.149 1.353 2.199 0.000 0.596 1.483 0.000 0.162 0.000 0.324 1.029 0.000 0.000 2.137 0.935 
---
0 test2fip_consistent left_hidden
0.000 0.000 0.021 0.349 0.290 0.000 0.003 0.000 0.518 0.372 2.171 3.797 0.000 0.000 0.000 0.000 0.196 0.770 1.293 1.729 
0 test2fip_consistent right_hidden
0.000 0.000 0.107 1.625 0.211 0.000 0.000 0.000 0.099 0.066 0.574 1.494 0.095 0.000 0.000 1.678 0.114 1.936 0.240 1.862 
---
1 test2fip_inconsistent left_hidden
0.000 0.000 0.021 0.349 0.290 0.000 0.003 0.000 0.518 0.372 2.171 3.797 0.000 0.000 0.000 0.000 0.196 0.770 1.293 1.729 
1 test2fip_inconsistent right_hidden
0.000 0.201 0.000 0.886 1.073 0.000 0.000 0.000 1.333 0.000 1.518 2.870 0.000 0.000 0.000 1.272 0.000 1.800 1.455 2.819 
---
0 test2fip_consistent left_hidden
1.650 0.000 0.649 2.460 0.000 0.000 0.000 1.686 0.000 1.215 0.000 2.762 0.000 0.000 0.000 0.000 0.109 0.000 1.155 0.924 
0 test2fip_consistent right_hidden
2.467 0.000 0.000 0.189 0.301 0.000 0.100 0.000 0.000 0.014 0.000 0.946 0.000 0.533 1.528 0.000 2.529 0.065 0.247 0.000 
---
1 test2fip_inconsistent left_hidden
1.650 0.000 0.649 2.460 0.000 0.000 0.000 1.686 0.000 1.215 0.000 2.762 0.000 0.000 0.000 0.000 0.109 0.000 1.155 0.924 
1 test2fip_inconsistent right_hidden
3.311 0.000 0.000 1.947 0.000 0.000 0.000 1.094 0.000 0.384 0.000 2.939 0.000 0.804 0.974 0.000 1.951 0.289 1.145 1.105 
---
0 test2fip_consistent left_hidden
0.000 0.000 1.634 0.911 2.112 1.834 0.000 0.000 0.000 0.000 0.000 0.730 1.430 0.267 0.000 0.000 2.377 0.000 2.431 0.527 
0 test2fip_consistent right_hidden
0.786 0.000 0.396 0.691 0.140 1.073 0.000 0.000 0.678 0.000 0.000 1.307 1.883 1.504 0.000 0.054 1.644 0.157 0.874 1.640 
---
1 test2fip_inconsistent left_hidden
0.000 0.000 1.634 0.911 2.112 1.834 0.000 0.000 0.000 0.000 0.000 0.730 1.430 0.267 0.000 0.000 2.377 0.000 2.431 0.527 
1 test2fip_inconsistent right_hidden
0.217 0.000 2.328 1.588 1.819 1.328 0.000 0.000 0.959 0.000 0.044 2.354 1.444 1.408 0.000 0.000 2.015 0.000 2.551 0.737 
---
0 test2fip_consistent left_hidden
0.272 0.000 0.000 0.000 2.846 1.072 0.353 1.690 1.241 2.132 0.000 1.256 1.847 0.000 0.000 0.000 0.000 0.000 0.004 0.000 
0 test2fip_consistent right_hidden
0.645 1.846 0.000 0.000 0.196 2.931 1.627 0.449 0.038 0.367 0.000 0.305 0.000 0.000 0.000 0.000 0.057 0.764 0.000 0.000 
---
1 test2fip_inconsistent left_hidden
0.272 0.000 0.000 0.000 2.846 1.072 0.353 1.690 1.241 2.132 0.000 1.256 1.847 0.000 0.000 0.000 0.000 0.000 0.004 0.000 
1 test2fip_inconsistent right_hidden
0.755 1.166 0.000 0.000 2.073 3.711 2.004 1.454 0.426 1.932 0.000 1.883 0.266 0.000 0.000 0.000 0.013 0.428 0.000 0.000 
---
0 test2fip_consistent left_hidden
0.000 0.000 0.734 1.122 0.072 0.382 0.248 2.718 0.000 1.943 0.087 0.405 0.000 2.820 0.000 0.000 0.000 1.921 0.000 0.148 
0 test2fip_consistent right_hidden
0.000 0.000 0.457 0.496 1.738 1.620 0.000 0.976 1.412 1.779 0.113 0.000 0.339 0.114 0.000 0.000 0.000 0.476 1.953 0.000 
---
1 test2fip_inconsistent left_hidden
0.000 0.000 0.734 1.122 0.072 0.382 0.248 2.718 0.000 1.943 0.087 0.405 0.000 2.820 0.000 0.000 0.000 1.921 0.000 0.148 
1 test2fip_inconsistent right_hidden
0.000 0.000 2.335 0.762 1.135 1.352 0.000 3.022 1.223 2.943 0.000 0.000 0.033 1.727 0.000 0.000 0.000 0.393 1.438 0.000 
---
0 test2fip_consistent left_hidden
0.000 0.000 0.401 0.000 0.000 0.859 0.299 0.877 0.000 0.021 1.508 2.952 0.458 1.457 1.184 0.000 0.371 0.000 0.000 2.722 
0 test2fip_consistent right_hidden
1.936 0.811 0.176 0.000 0.000 0.215 1.609 0.259 0.455 0.396 0.133 0.257 0.360 1.078 0.653 0.000 0.759 0.021 0.000 1.439 
---
1 test2fip_inconsistent left_hidden
0.000 0.000 0.401 0.000 0.000 0.859 0.299 0.877 0.000 0.021 1.508 2.952 0.458 1.457 1.184 0.000 0.371 0.000 0.000 2.722 
1 test2fip_inconsistent right_hidden
2.032 0.626 0.118 0.000 0.000 1.282 1.581 1.419 0.398 0.199 1.299 2.405 0.916 1.788 1.027 0.000 0.628 0.000 0.000 2.083 
---
0 test2fip_consistent left_hidden
0.832 0.000 0.012 0.000 0.000 0.466 1.259 0.834 2.271 0.331 3.222 1.597 0.000 0.659 0.904 0.596 0.000 0.000 1.626 0.510 
0 test2fip_consistent right_hidden
1.229 0.975 2.186 0.000 0.000 0.009 0.000 0.063 1.185 0.068 0.367 1.686 0.830 0.039 0.997 0.902 0.000 0.912 0.084 0.677 
---
1 test2fip_inconsistent left_hidden
0.832 0.000 0.012 0.000 0.000 0.466 1.259 0.834 2.271 0.331 3.222 1.597 0.000 0.659 0.904 0.596 0.000 0.000 1.626 0.510 
1 test2fip_inconsistent right_hidden
1.267 0.443 1.504 0.000 0.000 0.000 0.000 0.000 2.465 0.000 2.554 2.226 1.035 0.725 2.027 1.464 0.000 0.346 1.488 0.473 
---
0 test2fip_consistent left_hidden
0.215 0.030 0.000 4.403 0.387 0.000 2.115 0.159 0.198 0.742 0.000 0.000 0.000 0.084 0.275 0.000 0.000 0.000 0.000 0.000 
0 test2fip_consistent right_hidden
1.412 0.239 0.000 1.514 1.464 0.000 1.026 0.021 0.584 0.080 0.000 0.000 1.266 0.000 0.479 0.000 2.179 0.000 0.000 0.274 
---
1 test2fip_inconsistent left_hidden
0.215 0.030 0.000 4.403 0.387 0.000 2.115 0.159 0.198 0.742 0.000 0.000 0.000 0.084 0.275 0.000 0.000 0.000 0.000 0.000 
1 test2fip_inconsistent right_hidden
1.325 1.352 0.000 3.614 1.691 0.000 1.740 0.000 2.484 1.240 0.000 0.000 1.203 0.000 0.198 0.000 1.855 0.000 0.000 0.486 
---
0 test2fip_consistent left_hidden
1.410 0.000 0.083 1.013 0.403 0.000 0.180 3.348 0.000 0.064 1.422 0.000 0.359 0.000 2.621 0.000 0.647 1.137 0.192 0.000 
0 test2fip_consistent right_hidden
1.568 0.000 0.000 0.892 0.000 0.034 0.008 0.115 0.000 0.336 1.102 0.000 0.349 0.974 0.649 0.134 2.293 0.223 2.064 0.000 
---
1 test2fip_inconsistent left_hidden
1.410 0.000 0.083 1.013 0.403 0.000 0.180 3.348 0.000 0.064 1.422 0.000 0.359 0.000 2.621 0.000 0.647 1.137 0.192 0.000 
1 test2fip_inconsistent right_hidden
1.353 0.000 0.000 1.367 0.000 0.000 0.160 2.219 0.000 0.823 2.532 0.000 0.269 0.942 2.887 0.176 1.626 0.681 2.388 0.000 
---
0 test2fip_consistent left_hidden
2.884 0.019 1.512 1.662 1.134 1.711 0.402 1.180 0.655 0.240 0.000 0.000 0.000 1.240 0.000 0.119 1.221 0.000 0.539 1.471 
0 test2fip_consistent right_hidden
0.366 2.391 0.343 0.543 0.349 1.788 0.000 0.316 0.438 0.106 0.000 0.000 0.000 0.071 0.452 0.020 0.588 0.000 2.114 0.041 
---
1 test2fip_inconsistent left_hidden
2.884 0.019 1.512 1.662 1.134 1.711 0.402 1.180 0.655 0.240 0.000 0.000 0.000 1.240 0.000 0.119 1.221 0.000 0.539 1.471 
1 test2fip_inconsistent right_hidden
3.288 1.822 0.407 1.556 0.595 2.401 0.148 0.897 0.553 0.374 0.000 0.000 0.031 0.867 0.454 0.084 1.742 0.521 2.216 0.349 
---
0 test2fip_consistent left_hidden
0.000 3.312 0.863 0.000 1.435 0.499 1.288 0.000 0.000 0.000 0.000 0.000 0.011 0.000 0.000 0.576 0.025 0.000 3.266 0.000 
0 test2fip_consistent right_hidden
0.000 0.268 0.271 0.000 0.044 0.024 0.000 0.000 0.000 2.318 0.000 0.000 0.000 0.000 0.000 0.876 1.296 0.000 2.769 0.000 
---
1 test2fip_inconsistent left_hidden
0.000 3.312 0.863 0.000 1.435 0.499 1.288 0.000 0.000 0.000 0.000 0.000 0.011 0.000 0.000 0.576 0.025 0.000 3.266 0.000 
1 test2fip_inconsistent right_hidden
0.000 3.062 0.390 0.000 0.622 0.000 0.000 0.000 0.000 2.250 0.000 0.000 0.000 0.055 0.000 1.345 1.350 0.000 4.132 0.000 
---
0 test2fip_consistent left_hidden
0.144 0.000 3.244 0.731 0.000 0.000 0.000 0.361 0.000 1.224 0.000 0.000 1.298 0.904 0.562 1.533 0.377 1.187 2.280 0.000 
0 test2fip_consistent right_hidden
1.979 1.213 0.136 0.000 0.000 0.000 0.365 0.219 0.269 0.160 0.774 0.000 1.797 0.762 0.078 1.132 0.874 0.039 1.536 0.454 
---
1 test2fip_inconsistent left_hidden
0.144 0.000 3.244 0.731 0.000 0.000 0.000 0.361 0.000 1.224 0.000 0.000 1.298 0.904 0.562 1.533 0.377 1.187 2.280 0.000 
1 test2fip_inconsistent right_hidden
1.007 0.916 2.107 0.000 0.000 0.000 0.308 1.496 0.000 0.000 0.741 0.000 2.473 0.820 0.000 2.180 0.659 0.752 2.935 0.000 
---
0 test2fip_consistent left_hidden
1.105 0.024 1.070 2.204 0.000 1.092 0.100 0.498 0.000 0.000 1.614 0.000 0.019 0.000 3.091 0.000 0.412 0.387 0.000 1.368 
0 test2fip_consistent right_hidden
0.302 0.000 0.024 0.704 0.000 0.552 0.206 3.228 0.000 0.000 0.162 0.000 0.124 1.692 0.723 0.000 0.354 1.076 0.000 0.612 
---
1 test2fip_inconsistent left_hidden
1.105 0.024 1.070 2.204 0.000 1.092 0.100 0.498 0.000 0.000 1.614 0.000 0.019 0.000 3.091 0.000 0.412 0.387 0.000 1.368 
1 test2fip_inconsistent right_hidden
1.705 0.000 0.096 2.515 0.000 0.648 0.100 3.039 0.000 0.000 2.128 0.000 0.000 1.406 1.435 0.000 0.671 1.315 0.000 2.220 
---
0 test2fip_consistent left_hidden
0.000 1.466 3.963 0.000 0.743 0.838 0.000 0.000 0.000 0.000 0.000 0.000 0.419 1.263 1.898 0.000 0.669 0.000 1.707 0.603 
0 test2fip_consistent right_hidden
1.411 0.000 0.933 0.000 2.103 0.997 2.254 0.000 0.000 0.202 0.000 0.356 1.666 0.000 0.080 0.000 0.087 0.002 0.000 0.198 
---
1 test2fip_inconsistent left_hidden
0.000 1.466 3.963 0.000 0.743 0.838 0.000 0.000 0.000 0.000 0.000 0.000 0.419 1.263 1.898 0.000 0.669 0.000 1.707 0.603 
1 test2fip_inconsistent right_hidden
1.070 1.322 3.699 0.000 1.817 1.662 2.357 0.000 0.000 1.709 0.000 0.151 1.197 0.077 0.670 0.000 0.802 0.000 0.000 0.657 
---
0 test2fip_consistent left_hidden
0.000 0.000 1.109 1.630 0.371 0.000 4.068 0.588 0.847 0.611 0.386 0.000 0.000 0.188 0.250 0.862 0.000 0.000 0.000 0.146 
0 test2fip_consistent right_hidden
0.000 0.039 0.047 0.378 0.000 0.000 0.555 0.618 0.009 0.031 2.947 0.000 0.000 1.681 0.604 0.711 0.797 0.411 1.074 0.393 
---
1 test2fip_inconsistent left_hidden
0.000 0.000 1.109 1.630 0.371 0.000 4.068 0.588 0.847 0.611 0.386 0.000 0.000 0.188 0.250 0.862 0.000 0.000 0.000 0.146 
1 test2fip_inconsistent right_hidden
0.000 0.000 0.075 2.342 0.000 0.000 3.001 0.814 0.668 0.000 3.071 0.000 0.000 1.358 0.638 0.574 1.947 0.228 0.946 0.567 
---
0 test2fip_consistent left_hidden
0.000 0.434 1.872 0.000 0.544 0.157 3.887 2.057 0.000 0.275 0.508 0.000 0.598 0.007 1.622 0.000 0.174 0.000 1.389 0.000 
0 test2fip_consistent right_hidden
0.000 0.340 1.641 0.000 2.042 0.385 0.413 0.638 1.720 0.350 0.553 0.071 0.235 0.000 0.184 0.125 1.148 0.000 0.167 0.354 
---
1 test2fip_inconsistent left_hidden
0.000 0.434 1.872 0.000 0.544 0.157 3.887 2.057 0.000 0.275 0.508 0.000 0.598 0.007 1.622 0.000 0.174 0.000 1.389 0.000 
1 test2fip_inconsistent right_hidden
0.000 0.944 2.263 0.000 2.422 0.441 2.506 2.371 1.541 0.716 1.309 0.000 0.527 0.000 0.939 0.000 1.325 0.000 1.230 0.459 
---
0 test2fip_consistent left_hidden
1.462 0.000 1.750 0.000 0.000 0.073 0.790 0.524 0.752 1.916 0.178 2.049 0.000 0.000 2.801 0.000 0.000 0.000 1.749 0.503 
0 test2fip_consistent right_hidden
0.271 0.043 0.161 0.182 0.000 0.000 0.215 0.747 0.000 0.099 0.000 0.031 0.000 0.000 2.191 0.383 0.000 2.309 0.505 1.866 
---
1 test2fip_inconsistent left_hidden
1.462 0.000 1.750 0.000 0.000 0.073 0.790 0.524 0.752 1.916 0.178 2.049 0.000 0.000 2.801 0.000 0.000 0.000 1.749 0.503 
1 test2fip_inconsistent right_hidden
1.810 0.390 0.926 0.000 0.000 0.000 1.420 1.905 0.000 1.186 0.000 1.349 0.000 0.000 3.623 0.179 0.000 2.018 1.668 1.604 
---
0 test2fip_consistent left_hidden
3.060 0.000 0.000 0.000 0.112 0.230 0.000 0.938 0.000 0.000 0.844 0.475 0.000 1.946 0.000 0.000 1.505 2.592 0.000 0.000 
0 test2fip_consistent right_hidden
1.704 0.272 0.131 0.000 0.000 0.977 0.621 0.174 0.000 0.000 1.309 1.731 1.838 0.094 0.000 0.000 0.000 1.148 0.077 0.000 
---
1 test2fip_inconsistent left_hidden
3.060 0.000 0.000 0.000 0.112 0.230 0.000 0.938 0.000 0.000 0.844 0.475 0.000 1.946 0.000 0.000 1.505 2.592 0.000 0.000 
1 test2fip_inconsistent right_hidden
3.721 0.000 0.000 0.000 0.000 1.111 0.067 1.831 0.000 0.000 1.615 1.426 1.439 1.266 0.000 0.000 0.040 3.067 0.000 0.000 
---
0 test2fip_consistent left_hidden
0.303 2.991 0.357 1.518 1.521 0.000 1.416 0.410 1.215 1.382 0.000 0.000 0.000 0.000 0.400 0.000 1.750 0.095 0.223 0.536 
0 test2fip_consistent right_hidden
0.000 0.000 0.000 0.106 1.376 0.000 1.986 2.096 1.683 0.000 0.000 0.000 0.000 0.000 0.000 0.849 0.036 0.579 0.000 0.045 
---
1 test2fip_inconsistent left_hidden
0.303 2.991 0.357 1.518 1.521 0.000 1.416 0.410 1.215 1.382 0.000 0.000 0.000 0.000 0.400 0.000 1.750 0.095 0.223 0.536 
1 test2fip_inconsistent right_hidden
0.000 1.776 0.313 1.447 2.392 0.000 2.096 2.009 2.303 0.745 0.000 0.000 0.000 0.000 0.000 1.326 1.610 0.365 0.000 0.284 
---
0 test2fip_consistent left_hidden
0.040 1.115 0.000 0.000 0.000 0.776 2.060 0.285 0.000 0.000 1.547 0.000 1.190 0.541 0.000 3.375 0.575 1.226 0.280 0.000 
0 test2fip_consistent right_hidden
0.028 0.116 0.049 0.000 0.000 1.943 0.638 0.000 0.869 0.000 0.210 0.000 0.000 0.826 0.000 0.235 0.000 1.051 2.932 0.000 
---
1 test2fip_inconsistent left_hidden
0.040 1.115 0.000 0.000 0.000 0.776 2.060 0.285 0.000 0.000 1.547 0.000 1.190 0.541 0.000 3.375 0.575 1.226 0.280 0.000 
1 test2fip_inconsistent right_hidden
0.000 1.349 0.000 0.000 0.000 2.533 3.042 0.000 1.192 0.000 0.309 0.000 0.027 0.658 0.000 1.786 0.000 2.216 2.143 0.000 
---
0 test2fip_consistent left_hidden
0.298 0.000 0.792 0.000 0.000 0.000 0.000 0.145 0.862 1.963 3.121 0.000 0.000 0.227 1.635 0.000 0.000 0.321 2.624 0.131 
0 test2fip_consistent right_hidden
0.296 0.000 1.570 2.271 0.000 0.140 0.735 0.012 0.000 0.116 0.546 0.000 0.006 1.114 0.167 0.447 0.655 1.583 1.577 0.000 
---
1 test2fip_inconsistent left_hidden
0.298 0.000 0.792 0.000 0.000 0.000 0.000 0.145 0.862 1.963 3.121 0.000 0.000 0.227 1.635 0.000 0.000 0.321 2.624 0.131 
1 test2fip_inconsistent right_hidden
0.284 0.000 1.558 2.319 0.000 0.658 0.496 0.093 0.022 1.270 2.857 0.000 0.000 0.755 1.763 0.901 0.681 1.448 2.538 0.021 
---
0 test2fip_consistent left_hidden
0.315 0.210 0.391 3.452 0.000 0.000 0.000 0.000 0.000 0.000 0.000 0.000 0.000 1.134 0.814 0.000 0.000 2.730 0.000 0.906 
0 test2fip_consistent right_hidden
1.960 0.503 0.598 0.058 0.000 0.000 0.000 0.000 1.562 0.000 0.000 0.000 0.000 0.803 0.468 0.000 2.760 0.061 0.074 1.115 
---
1 test2fip_inconsistent left_hidden
0.315 0.210 0.391 3.452 0.000 0.000 0.000 0.000 0.000 0.000 0.000 0.000 0.000 1.134 0.814 0.000 0.000 2.730 0.000 0.906 
1 test2fip_inconsistent right_hidden
2.539 1.264 0.734 2.013 0.000 0.000 0.000 0.000 1.543 0.000 0.000 0.000 0.000 0.230 2.321 0.000 2.273 2.054 0.000 1.793 
---
0 test2fip_consistent left_hidden
0.951 0.000 1.401 0.000 0.000 0.950 2.297 0.556 0.000 0.306 0.000 1.749 0.000 0.000 3.293 1.239 0.907 0.000 0.000 0.463 
0 test2fip_consistent right_hidden
1.354 0.000 0.037 0.000 0.057 0.000 2.414 0.018 0.000 0.716 0.714 1.130 0.000 0.362 0.241 2.470 0.000 0.000 0.000 0.140 
---
1 test2fip_inconsistent left_hidden
0.951 0.000 1.401 0.000 0.000 0.950 2.297 0.556 0.000 0.306 0.000 1.749 0.000 0.000 3.293 1.239 0.907 0.000 0.000 0.463 
1 test2fip_inconsistent right_hidden
2.148 0.000 1.030 0.000 0.000 0.732 2.439 0.000 0.000 0.608 0.779 2.489 0.000 0.000 2.421 2.978 1.244 0.004 0.000 0.634 
---
0 test2fip_consistent left_hidden
0.000 0.000 0.000 0.233 1.463 1.765 0.000 1.889 1.349 0.000 0.000 1.261 0.000 1.545 1.842 0.206 0.000 2.492 0.000 0.393 
0 test2fip_consistent right_hidden
0.000 0.100 0.000 0.296 0.588 3.490 0.031 0.058 0.090 0.000 0.000 0.000 0.639 0.067 0.059 1.648 0.000 0.628 0.000 0.218 
---
1 test2fip_inconsistent left_hidden
0.000 0.000 0.000 0.233 1.463 1.765 0.000 1.889 1.349 0.000 0.000 1.261 0.000 1.545 1.842 0.206 0.000 2.492 0.000 0.393 
1 test2fip_inconsistent right_hidden
0.000 0.000 0.165 0.132 0.418 4.074 0.000 1.918 1.768 0.000 0.000 0.000 0.519 0.188 1.407 1.426 0.000 2.417 0.000 0.467 
---
0 test2fip_consistent left_hidden
0.037 1.614 1.684 2.578 0.000 0.000 1.671 0.035 0.000 0.908 0.000 0.354 1.362 0.808 0.777 0.000 1.443 0.000 1.133 0.273 
0 test2fip_consistent right_hidden
0.001 0.879 1.487 0.000 0.000 0.188 2.270 0.000 0.000 1.053 0.000 0.081 0.034 0.083 0.862 0.000 0.085 0.000 0.132 1.924 
---
1 test2fip_inconsistent left_hidden
0.037 1.614 1.684 2.578 0.000 0.000 1.671 0.035 0.000 0.908 0.000 0.354 1.362 0.808 0.777 0.000 1.443 0.000 1.133 0.273 
1 test2fip_inconsistent right_hidden
0.000 1.519 2.123 1.664 0.000 0.000 3.162 0.085 0.000 1.900 0.000 0.000 0.972 2.079 0.884 0.000 1.271 0.000 0.443 1.678 
---
0 test2fip_consistent left_hidden
0.000 1.234 0.011 0.000 1.459 0.571 2.785 0.334 0.437 0.000 3.119 0.000 0.721 0.000 0.000 0.614 0.000 0.159 0.000 1.291 
0 test2fip_consistent right_hidden
0.000 0.565 0.000 0.009 0.071 1.328 1.184 0.647 1.496 0.113 1.647 0.000 0.165 0.000 0.012 0.592 0.000 0.476 0.000 2.274 
---
1 test2fip_inconsistent left_hidden
0.000 1.234 0.011 0.000 1.459 0.571 2.785 0.334 0.437 0.000 3.119 0.000 0.721 0.000 0.000 0.614 0.000 0.159 0.000 1.291 
1 test2fip_inconsistent right_hidden
0.000 2.496 0.000 0.000 1.611 1.805 2.808 0.135 1.486 0.000 2.122 0.000 0.170 0.000 0.000 0.442 0.000 0.463 0.000 2.240 
---
0 test2fip_consistent left_hidden
0.253 0.135 0.000 0.257 0.000 0.252 2.623 2.229 0.000 0.000 0.000 0.576 0.000 0.000 3.185 0.243 0.134 0.000 1.171 0.000 
0 test2fip_consistent right_hidden
0.781 0.366 0.000 0.102 1.289 0.886 0.878 0.346 0.000 0.000 0.425 0.349 0.000 0.058 0.652 0.648 0.154 0.000 3.119 0.000 
---
1 test2fip_inconsistent left_hidden
0.253 0.135 0.000 0.257 0.000 0.252 2.623 2.229 0.000 0.000 0.000 0.576 0.000 0.000 3.185 0.243 0.134 0.000 1.171 0.000 
1 test2fip_inconsistent right_hidden
0.099 0.468 0.000 0.000 1.312 0.495 2.125 3.057 0.000 0.000 0.457 0.000 0.000 0.077 2.320 0.163 0.105 0.000 3.530 0.000 
---
0 test2fip_consistent left_hidden
0.000 0.664 0.071 0.000 3.477 0.000 0.408 0.168 2.030 0.000 0.000 1.752 1.140 0.683 0.927 1.429 0.000 0.000 0.000 0.000 
0 test2fip_consistent right_hidden
0.000 1.626 0.723 1.086 1.492 0.000 0.000 0.000 0.186 0.000 0.000 0.059 0.062 0.211 1.834 0.293 0.000 0.000 2.093 0.000 
---
1 test2fip_inconsistent left_hidden
0.000 0.664 0.071 0.000 3.477 0.000 0.408 0.168 2.030 0.000 0.000 1.752 1.140 0.683 0.927 1.429 0.000 0.000 0.000 0.000 
1 test2fip_inconsistent right_hidden
0.000 1.576 0.842 0.665 2.712 0.000 0.000 0.000 1.386 0.000 0.000 0.934 0.234 1.458 3.283 1.644 0.000 0.000 1.794 0.000 
---
0 test2fip_consistent left_hidden
0.057 0.000 0.000 0.000 0.000 0.501 2.317 0.000 0.018 0.000 0.000 0.000 0.000 3.777 1.815 1.319 0.000 1.411 0.178 0.346 
0 test2fip_consistent right_hidden
0.383 0.000 0.000 0.000 0.000 0.139 0.319 0.000 2.165 0.000 0.000 1.843 0.000 1.448 1.720 0.055 0.000 1.034 0.000 0.556 
---
1 test2fip_inconsistent left_hidden
0.057 0.000 0.000 0.000 0.000 0.501 2.317 0.000 0.018 0.000 0.000 0.000 0.000 3.777 1.815 1.319 0.000 1.411 0.178 0.346 
1 test2fip_inconsistent right_hidden
0.000 0.000 0.000 0.000 0.000 0.810 1.248 0.000 2.280 0.000 0.000 1.424 0.000 3.923 1.691 0.706 0.000 2.839 0.174 1.386 
---
0 test2fip_consistent left_hidden
0.000 2.042 0.000 0.000 1.087 0.000 0.000 0.000 0.000 0.398 0.543 1.238 1.303 0.000 0.000 0.000 4.098 0.747 0.000 0.000 
0 test2fip_consistent right_hidden
2.657 1.743 0.000 0.000 1.735 0.000 0.000 0.000 0.171 0.669 0.010 0.906 0.295 0.000 0.000 0.000 1.084 0.054 0.000 0.000 
---
1 test2fip_inconsistent left_hidden
0.000 2.042 0.000 0.000 1.087 0.000 0.000 0.000 0.000 0.398 0.543 1.238 1.303 0.000 0.000 0.000 4.098 0.747 0.000 0.000 
1 test2fip_inconsistent right_hidden
2.062 2.140 0.000 0.000 2.539 0.000 0.000 0.000 0.000 1.756 0.000 2.285 1.436 0.000 0.000 0.000 3.708 1.451 0.000 0.000 
---
0 test2fip_consistent left_hidden
0.694 0.000 0.485 0.788 0.000 1.410 1.973 0.147 0.000 0.130 0.326 1.356 1.705 0.959 2.344 0.155 0.588 1.689 1.654 0.000 
0 test2fip_consistent right_hidden
2.114 0.000 0.374 0.316 0.000 1.034 0.087 0.175 0.000 0.035 0.813 0.163 0.201 1.197 0.813 0.140 0.970 0.415 1.946 0.000 
---
1 test2fip_inconsistent left_hidden
0.694 0.000 0.485 0.788 0.000 1.410 1.973 0.147 0.000 0.130 0.326 1.356 1.705 0.959 2.344 0.155 0.588 1.689 1.654 0.000 
1 test2fip_inconsistent right_hidden
2.133 0.000 0.863 1.707 0.000 1.853 1.032 0.000 0.000 0.416 0.619 0.966 1.815 1.845 2.245 0.086 1.622 1.820 2.421 0.000 
---
0 test2fip_consistent left_hidden
0.000 0.125 0.000 0.130 0.000 0.000 0.975 0.634 0.000 0.370 0.022 0.556 0.000 0.628 0.000 0.000 1.516 1.144 4.035 2.358 
0 test2fip_consistent right_hidden
1.725 0.000 0.042 1.453 0.000 1.202 0.982 0.258 0.000 0.000 0.072 1.128 0.000 0.178 0.000 0.000 0.183 0.429 1.534 1.401 
---
1 test2fip_inconsistent left_hidden
0.000 0.125 0.000 0.130 0.000 0.000 0.975 0.634 0.000 0.370 0.022 0.556 0.000 0.628 0.000 0.000 1.516 1.144 4.035 2.358 
1 test2fip_inconsistent right_hidden
0.951 0.007 0.000 2.066 0.000 1.230 0.496 1.062 0.000 0.000 1.402 0.659 0.000 0.324 0.000 0.000 1.203 2.002 3.508 2.429 
---
0 test2fip_consistent left_hidden
0.039 0.000 1.640 2.565 0.000 0.564 0.418 0.093 0.000 0.668 0.000 1.948 2.038 0.643 0.000 0.238 1.679 0.000 1.562 0.579 
0 test2fip_consistent right_hidden
0.102 0.000 0.588 0.172 0.000 0.742 1.377 0.671 0.526 0.029 0.000 0.256 0.076 0.252 0.000 0.249 2.189 0.000 1.787 1.902 
---
1 test2fip_inconsistent left_hidden
0.039 0.000 1.640 2.565 0.000 0.564 0.418 0.093 0.000 0.668 0.000 1.948 2.038 0.643 0.000 0.238 1.679 0.000 1.562 0.579 
1 test2fip_inconsistent right_hidden
0.000 0.000 2.460 1.518 0.000 1.489 0.941 0.786 0.182 0.000 0.000 1.650 0.275 1.131 0.000 0.152 2.495 0.000 3.143 1.789 
---
0 test2fip_consistent left_hidden
0.000 0.325 2.509 0.416 0.125 0.000 0.000 0.826 0.980 0.828 0.000 1.013 0.084 3.685 0.982 0.000 0.000 0.397 0.534 0.000 
0 test2fip_consistent right_hidden
1.365 0.040 0.270 1.882 0.000 0.000 0.000 0.352 1.078 0.952 0.000 1.230 0.780 1.969 0.248 0.037 0.000 0.869 0.015 0.000 
---
1 test2fip_inconsistent left_hidden
0.000 0.325 2.509 0.416 0.125 0.000 0.000 0.826 0.980 0.828 0.000 1.013 0.084 3.685 0.982 0.000 0.000 0.397 0.534 0.000 
1 test2fip_inconsistent right_hidden
0.783 1.002 1.640 2.072 0.000 0.000 0.000 1.778 1.532 0.365 0.000 1.462 0.752 3.243 1.649 0.000 0.000 0.877 0.985 0.000 
---
0 test2fip_consistent left_hidden
0.166 0.104 0.609 0.000 0.341 1.002 0.000 0.318 0.989 0.910 0.458 0.134 1.242 1.391 0.000 0.000 2.179 0.928 0.000 3.718 
0 test2fip_consistent right_hidden
0.539 0.092 1.415 0.000 0.000 0.811 0.000 0.855 1.638 2.207 0.195 0.942 0.001 0.475 0.608 0.736 0.181 0.090 0.164 1.141 
---
1 test2fip_inconsistent left_hidden
0.166 0.104 0.609 0.000 0.341 1.002 0.000 0.318 0.989 0.910 0.458 0.134 1.242 1.391 0.000 0.000 2.179 0.928 0.000 3.718 
1 test2fip_inconsistent right_hidden
0.598 0.186 1.117 0.000 0.000 0.345 0.000 0.920 2.260 1.429 0.086 0.821 0.183 1.605 1.090 0.604 1.503 0.000 0.119 4.018 
---
0 test2fip_consistent left_hidden
1.513 0.000 1.215 0.000 0.067 3.858 0.771 0.000 0.000 0.422 0.000 0.456 0.000 0.000 1.982 0.000 0.314 0.472 0.000 1.246 
0 test2fip_consistent right_hidden
0.137 0.000 1.995 0.000 1.082 1.335 0.014 0.027 0.757 1.279 1.622 0.064 1.160 0.000 0.662 0.050 0.000 1.119 0.000 0.470 
---
1 test2fip_inconsistent left_hidden
1.513 0.000 1.215 0.000 0.067 3.858 0.771 0.000 0.000 0.422 0.000 0.456 0.000 0.000 1.982 0.000 0.314 0.472 0.000 1.246 
1 test2fip_inconsistent right_hidden
1.861 0.000 2.467 0.000 0.919 3.026 0.723 0.000 0.269 1.150 1.527 0.638 0.754 0.000 2.045 0.000 0.000 0.700 0.000 1.949 
---
0 test2fip_consistent left_hidden
0.172 0.875 1.683 0.000 0.000 0.000 0.000 0.000 2.580 1.232 0.000 1.255 0.000 2.914 0.000 0.000 0.000 0.000 0.000 0.000 
0 test2fip_consistent right_hidden
1.285 0.000 0.166 0.000 0.000 0.000 0.000 0.000 0.701 0.021 0.000 3.415 0.000 0.572 0.542 0.000 0.000 0.000 0.687 0.000 
---
1 test2fip_inconsistent left_hidden
0.172 0.875 1.683 0.000 0.000 0.000 0.000 0.000 2.580 1.232 0.000 1.255 0.000 2.914 0.000 0.000 0.000 0.000 0.000 0.000 
1 test2fip_inconsistent right_hidden
1.576 0.717 1.203 0.000 0.000 0.000 0.000 0.000 1.448 1.042 0.000 3.828 0.000 3.100 0.319 0.000 0.000 0.000 0.491 0.000 
---
0 test2fip_consistent left_hidden
0.000 0.000 0.000 0.000 1.282 0.000 0.000 0.000 0.000 0.000 0.000 0.310 3.474 1.236 0.000 0.000 2.974 0.000 0.000 1.666 
0 test2fip_consistent right_hidden
0.000 0.042 0.541 0.000 2.279 0.000 0.000 0.000 0.000 0.000 0.165 0.405 0.796 0.617 0.000 0.000 0.410 0.032 3.285 0.222 
---
1 test2fip_inconsistent left_hidden
0.000 0.000 0.000 0.000 1.282 0.000 0.000 0.000 0.000 0.000 0.000 0.310 3.474 1.236 0.000 0.000 2.974 0.000 0.000 1.666 
1 test2fip_inconsistent right_hidden
0.000 0.000 0.244 0.000 1.916 0.000 0.000 0.000 0.000 0.000 1.095 0.423 3.901 0.386 0.000 0.000 1.696 0.000 2.726 0.297 
---
0 test2fip_consistent left_hidden
1.254 0.000 0.080 1.115 2.946 0.085 1.066 0.000 1.416 0.377 0.000 0.000 0.852 0.000 0.000 0.000 0.522 1.126 0.000 2.340 
0 test2fip_consistent right_hidden
1.930 0.000 0.000 0.128 0.407 0.493 0.096 0.000 0.000 0.794 0.000 0.939 2.113 0.000 0.000 0.000 0.000 1.474 0.007 1.439 
---
1 test2fip_inconsistent left_hidden
1.254 0.000 0.080 1.115 2.946 0.085 1.066 0.000 1.416 0.377 0.000 0.000 0.852 0.000 0.000 0.000 0.522 1.126 0.000 2.340 
1 test2fip_inconsistent right_hidden
2.913 0.000 0.000 1.328 2.674 0.051 0.245 0.000 0.518 0.903 0.000 0.302 1.575 0.000 0.000 0.000 0.000 2.104 0.174 2.744 
---
0 test2fip_consistent left_hidden
0.000 1.600 0.773 0.271 0.000 0.185 0.000 0.246 0.009 3.851 0.228 2.007 0.000 0.136 0.000 0.726 0.668 0.479 0.000 0.000 
0 test2fip_consistent right_hidden
0.000 2.174 1.441 0.926 0.017 0.358 0.154 1.070 0.124 0.341 1.018 0.119 0.000 0.210 1.668 0.550 0.343 0.134 0.000 0.322 
---
1 test2fip_inconsistent left_hidden
0.000 1.600 0.773 0.271 0.000 0.185 0.000 0.246 0.009 3.851 0.228 2.007 0.000 0.136 0.000 0.726 0.668 0.479 0.000 0.000 
1 test2fip_inconsistent right_hidden
0.000 2.736 2.346 0.532 0.000 1.307 0.056 0.918 0.000 2.628 2.304 0.953 0.000 0.000 0.962 1.431 0.896 0.000 0.000 0.669 
---
0 test2fip_consistent left_hidden
1.837 2.378 2.535 0.000 0.052 0.000 0.000 0.000 2.331 1.671 0.194 0.615 0.000 0.000 0.221 0.000 0.000 0.000 1.757 1.235 
0 test2fip_consistent right_hidden
0.296 0.224 0.166 1.268 0.000 0.977 0.000 0.930 0.448 1.989 1.137 1.206 0.370 0.000 2.008 0.021 0.889 0.000 0.000 0.364 
---
1 test2fip_inconsistent left_hidden
1.837 2.378 2.535 0.000 0.052 0.000 0.000 0.000 2.331 1.671 0.194 0.615 0.000 0.000 0.221 0.000 0.000 0.000 1.757 1.235 
1 test2fip_inconsistent right_hidden
1.690 2.016 1.981 1.162 0.000 0.351 0.000 0.880 1.928 3.443 0.289 1.517 0.000 0.000 1.775 0.000 0.577 0.000 0.000 1.019 
---
0 test2fip_consistent left_hidden
1.894 1.001 0.536 2.715 1.086 1.027 0.000 0.653 0.127 0.049 0.207 0.324 2.245 0.000 1.715 0.199 0.597 0.469 0.000 0.000 
0 test2fip_consistent right_hidden
1.006 1.442 0.007 0.216 1.140 0.004 0.013 0.746 0.000 0.013 2.615 0.076 0.200 0.000 1.578 0.000 0.523 0.161 1.041 0.000 
---
1 test2fip_inconsistent left_hidden
1.894 1.001 0.536 2.715 1.086 1.027 0.000 0.653 0.127 0.049 0.207 0.324 2.245 0.000 1.715 0.199 0.597 0.469 0.000 0.000 
1 test2fip_inconsistent right_hidden
1.985 1.358 0.566 2.148 2.342 0.063 0.000 1.403 0.090 0.104 2.268 0.412 1.821 0.000 2.598 0.000 0.439 0.128 0.911 0.000 
---
0 test2fip_consistent left_hidden
3.426 0.000 0.058 0.000 0.024 0.000 2.366 0.868 0.000 1.647 0.000 0.000 0.000 2.122 0.602 0.000 0.322 0.000 0.987 0.000 
0 test2fip_consistent right_hidden
0.858 0.000 0.000 0.000 0.030 0.076 0.210 0.519 0.000 0.018 0.454 0.073 0.000 2.397 0.000 0.000 1.009 0.661 0.198 2.627 
---
1 test2fip_inconsistent left_hidden
3.426 0.000 0.058 0.000 0.024 0.000 2.366 0.868 0.000 1.647 0.000 0.000 0.000 2.122 0.602 0.000 0.322 0.000 0.987 0.000 
1 test2fip_inconsistent right_hidden
2.867 0.000 0.000 0.000 0.000 0.000 2.276 0.659 0.000 0.130 1.025 1.121 0.000 3.389 0.000 0.000 1.311 0.329 0.000 2.085 
---
0 test2fip_consistent left_hidden
0.000 0.000 0.498 1.635 0.000 0.000 1.152 0.000 0.000 3.955 0.665 0.000 1.562 0.000 1.151 0.093 1.069 0.000 0.547 0.000 
0 test2fip_consistent right_hidden
1.830 0.000 1.227 0.062 0.000 0.042 1.913 0.000 0.000 0.173 0.000 0.000 0.274 1.215 0.083 0.036 0.619 0.000 0.022 1.891 
---
1 test2fip_inconsistent left_hidden
0.000 0.000 0.498 1.635 0.000 0.000 1.152 0.000 0.000 3.955 0.665 0.000 1.562 0.000 1.151 0.093 1.069 0.000 0.547 0.000 
1 test2fip_inconsistent right_hidden
1.593 1.030 2.286 0.813 0.000 0.000 3.046 0.000 0.000 2.489 0.000 0.000 0.000 1.365 1.225 0.000 0.769 0.000 1.207 1.991 
---
0 test2fip_consistent left_hidden
0.462 1.684 0.000 1.065 2.391 0.000 0.000 0.000 0.081 2.165 0.310 0.000 0.000 0.199 2.981 0.000 0.953 0.000 0.161 0.000 
0 test2fip_consistent right_hidden
2.414 0.136 0.000 1.984 0.850 0.000 0.000 1.452 0.434 0.000 0.991 0.124 0.000 0.522 0.210 0.000 0.758 0.512 0.497 0.000 
---
1 test2fip_inconsistent left_hidden
0.462 1.684 0.000 1.065 2.391 0.000 0.000 0.000 0.081 2.165 0.310 0.000 0.000 0.199 2.981 0.000 0.953 0.000 0.161 0.000 
1 test2fip_inconsistent right_hidden
2.650 1.449 0.000 1.876 1.971 0.000 0.000 1.169 1.125 1.301 0.856 0.000 0.000 0.328 2.297 0.000 2.195 0.433 0.547 0.000 
---
0 test2fip_consistent left_hidden
0.000 0.422 0.858 0.000 0.020 0.000 0.000 0.000 2.793 2.014 2.935 0.362 0.000 1.551 0.408 0.000 0.000 0.000 0.000 0.375 
0 test2fip_consistent right_hidden
0.000 0.544 1.567 1.566 0.000 0.085 0.000 0.002 0.570 1.251 0.158 2.444 0.309 0.922 0.054 0.347 0.000 0.352 0.000 0.173 
---
1 test2fip_inconsistent left_hidden
0.000 0.422 0.858 0.000 0.020 0.000 0.000 0.000 2.793 2.014 2.935 0.362 0.000 1.551 0.408 0.000 0.000 0.000 0.000 0.375 
1 test2fip_inconsistent right_hidden
0.000 0.974 1.953 1.437 0.000 0.000 0.000 0.000 2.417 2.591 2.337 2.594 0.000 0.627 0.772 0.077 0.000 0.280 0.000 0.168 
---
0 test2fip_consistent left_hidden
2.662 0.000 0.156 0.491 0.000 0.000 2.109 1.674 1.220 0.180 0.000 0.000 0.699 0.000 0.809 0.890 2.033 1.526 0.000 0.000 
0 test2fip_consistent right_hidden
0.093 0.000 1.348 0.000 0.000 0.027 0.473 0.448 0.865 0.053 0.038 0.365 1.814 0.559 0.091 1.008 0.111 2.404 0.373 0.039 
---
1 test2fip_inconsistent left_hidden
2.662 0.000 0.156 0.491 0.000 0.000 2.109 1.674 1.220 0.180 0.000 0.000 0.699 0.000 0.809 0.890 2.033 1.526 0.000 0.000 
1 test2fip_inconsistent right_hidden
2.301 0.000 1.310 0.155 0.000 0.000 1.973 0.973 1.367 0.000 0.000 0.000 2.737 0.392 0.808 0.508 1.638 3.388 0.306 0.000 
---
0 test2fip_consistent left_hidden
0.000 0.000 1.534 1.893 0.848 0.000 2.893 0.000 1.971 0.000 0.000 0.014 1.673 1.320 0.208 0.000 1.015 0.000 0.144 0.657 
0 test2fip_consistent right_hidden
0.296 1.069 0.198 0.088 0.124 0.763 1.479 0.000 0.155 0.535 0.000 0.000 0.003 1.214 1.685 1.407 0.419 0.000 0.000 0.714 
---
1 test2fip_inconsistent left_hidden
0.000 0.000 1.534 1.893 0.848 0.000 2.893 0.000 1.971 0.000 0.000 0.014 1.673 1.320 0.208 0.000 1.015 0.000 0.144 0.657 
1 test2fip_inconsistent right_hidden
0.268 0.648 0.084 0.711 0.905 0.745 3.494 0.000 2.248 1.104 0.000 0.000 0.768 1.743 1.358 1.442 0.987 0.000 0.000 1.795 
---
0 test2fip_consistent left_hidden
1.639 0.011 1.400 0.772 1.270 0.293 0.000 0.302 0.256 0.055 0.543 0.418 0.000 2.794 2.141 0.000 0.294 0.000 0.711 2.128 
0 test2fip_consistent right_hidden
1.423 0.000 0.065 0.799 0.000 0.000 0.000 0.828 1.178 0.216 0.000 1.332 0.000 0.618 2.881 0.000 0.464 0.139 0.045 0.143 
---
1 test2fip_inconsistent left_hidden
1.639 0.011 1.400 0.772 1.270 0.293 0.000 0.302 0.256 0.055 0.543 0.418 0.000 2.794 2.141 0.000 0.294 0.000 0.711 2.128 
1 test2fip_inconsistent right_hidden
2.955 0.000 1.590 0.842 1.069 0.000 0.000 1.100 1.459 0.000 0.941 1.535 0.000 2.320 3.823 0.009 0.015 0.126 0.504 1.670 
---
0 test2fip_consistent left_hidden
0.000 0.417 0.414 0.440 0.382 0.534 0.000 0.000 0.000 0.000 0.000 0.000 0.000 3.764 1.424 0.058 2.182 0.911 0.000 0.554 
0 test2fip_consistent right_hidden
0.000 1.161 0.041 0.300 1.863 2.682 0.396 0.089 0.000 0.000 0.000 0.000 0.000 0.249 0.290 0.000 0.170 1.187 0.000 0.511 
---
1 test2fip_inconsistent left_hidden
0.000 0.417 0.414 0.440 0.382 0.534 0.000 0.000 0.000 0.000 0.000 0.000 0.000 3.764 1.424 0.058 2.182 0.911 0.000 0.554 
1 test2fip_inconsistent right_hidden
0.000 0.873 0.169 0.724 1.768 3.433 0.255 0.000 0.000 0.000 0.000 0.000 0.000 2.033 0.000 0.000 2.533 1.056 0.000 1.134 
---
0 test2fip_consistent left_hidden
0.000 0.630 0.000 0.357 0.283 0.000 1.664 1.633 2.572 2.547 0.000 0.000 0.000 0.000 0.000 0.000 1.559 1.088 0.000 0.000 
0 test2fip_consistent right_hidden
0.127 0.000 0.000 1.368 0.433 3.048 0.981 1.034 0.066 0.909 0.000 0.000 0.013 0.014 0.000 0.251 0.993 0.000 0.000 0.122 
---
1 test2fip_inconsistent left_hidden
0.000 0.630 0.000 0.357 0.283 0.000 1.664 1.633 2.572 2.547 0.000 0.000 0.000 0.000 0.000 0.000 1.559 1.088 0.000 0.000 
1 test2fip_inconsistent right_hidden
0.753 0.292 0.000 1.752 0.338 2.444 2.825 1.375 1.466 2.255 0.000 0.000 0.000 0.000 0.000 0.271 2.375 0.715 0.000 0.585 
---
0 test2fip_consistent left_hidden
0.000 0.000 0.000 5.107 0.000 0.000 0.000 0.549 0.000 0.000 0.000 0.000 0.000 0.833 0.000 0.115 0.000 0.000 0.000 0.271 
0 test2fip_consistent right_hidden
0.000 0.000 0.000 0.764 1.774 0.000 0.000 2.167 0.397 0.000 0.198 0.000 0.000 0.384 0.000 1.611 0.000 0.057 2.158 0.075 
---
1 test2fip_inconsistent left_hidden
0.000 0.000 0.000 5.107 0.000 0.000 0.000 0.549 0.000 0.000 0.000 0.000 0.000 0.833 0.000 0.115 0.000 0.000 0.000 0.271 
1 test2fip_inconsistent right_hidden
0.000 0.000 0.000 3.765 1.751 0.000 0.535 3.201 0.156 0.000 0.031 0.000 0.000 1.982 0.000 0.818 0.000 0.400 2.069 0.140 
---
0 test2fip_consistent left_hidden
0.483 0.329 0.000 0.000 2.876 0.000 0.000 0.000 2.989 0.000 0.185 2.595 0.000 0.000 0.000 0.003 0.000 2.024 0.000 0.124 
0 test2fip_consistent right_hidden
0.258 0.000 0.065 0.000 1.015 0.262 0.000 0.000 0.222 0.000 0.013 2.217 0.492 0.000 0.000 0.010 0.000 0.519 3.228 0.033 
---
1 test2fip_inconsistent left_hidden
0.483 0.329 0.000 0.000 2.876 0.000 0.000 0.000 2.989 0.000 0.185 2.595 0.000 0.000 0.000 0.003 0.000 2.024 0.000 0.124 
1 test2fip_inconsistent right_hidden
1.195 0.000 0.000 0.000 2.623 0.000 0.000 0.000 3.016 0.000 0.000 3.222 0.572 0.000 0.007 0.000 0.000 0.403 2.669 0.000 
---
0 test2fip_consistent left_hidden
3.139 0.309 0.436 0.000 0.000 0.000 0.000 2.244 0.000 0.656 1.799 0.000 0.037 0.000 0.000 0.000 0.693 2.682 0.000 0.000 
0 test2fip_consistent right_hidden
1.144 0.746 1.691 0.000 0.000 0.000 0.000 1.304 1.438 0.006 0.939 1.483 1.913 0.000 0.000 0.000 0.000 0.173 0.177 0.000 
---
1 test2fip_inconsistent left_hidden
3.139 0.309 0.436 0.000 0.000 0.000 0.000 2.244 0.000 0.656 1.799 0.000 0.037 0.000 0.000 0.000 0.693 2.682 0.000 0.000 
1 test2fip_inconsistent right_hidden
2.943 0.859 1.903 0.000 0.145 0.000 0.000 3.061 1.259 0.454 2.012 1.116 0.982 0.000 0.000 0.000 0.245 2.306 0.264 0.000 
---
0 test2fip_consistent left_hidden
2.370 0.000 0.686 0.000 2.865 2.065 0.000 0.000 0.000 1.731 0.000 1.581 0.975 0.372 0.200 0.000 0.000 1.047 0.000 0.000 
0 test2fip_consistent right_hidden
0.844 0.000 0.000 0.000 0.838 0.353 0.000 1.075 0.951 0.000 0.000 1.795 0.000 0.309 2.622 0.263 0.000 1.639 0.000 0.000 
---
1 test2fip_inconsistent left_hidden
2.370 0.000 0.686 0.000 2.865 2.065 0.000 0.000 0.000 1.731 0.000 1.581 0.975 0.372 0.200 0.000 0.000 1.047 0.000 0.000 
1 test2fip_inconsistent right_hidden
2.110 0.000 0.000 0.000 1.764 2.323 0.000 0.679 0.065 0.000 0.000 1.769 0.000 0.314 2.124 0.078 0.000 4.019 0.000 0.000 
---
0 test2fip_consistent left_hidden
1.894 0.370 0.000 0.000 2.773 0.000 0.290 0.000 0.293 0.000 0.000 0.344 2.115 1.895 0.000 0.000 0.000 0.823 1.775 0.621 
0 test2fip_consistent right_hidden
2.726 0.041 0.079 0.071 0.230 0.994 0.000 0.038 0.670 0.000 1.667 0.000 0.112 0.550 0.354 0.682 0.844 0.210 0.149 0.356 
---
1 test2fip_inconsistent left_hidden
1.894 0.370 0.000 0.000 2.773 0.000 0.290 0.000 0.293 0.000 0.000 0.344 2.115 1.895 0.000 0.000 0.000 0.823 1.775 0.621 
1 test2fip_inconsistent right_hidden
3.568 0.000 0.059 0.037 2.258 1.094 0.000 0.000 0.572 0.000 1.609 0.093 0.940 2.604 0.526 0.341 0.488 1.050 0.778 0.043 
---
0 test2fip_consistent left_hidden
0.000 0.000 0.000 0.398 0.042 0.040 0.226 0.000 0.676 0.000 0.172 0.000 0.000 4.804 0.127 0.000 0.000 0.000 0.000 0.000 
0 test2fip_consistent right_hidden
2.281 1.013 0.036 0.684 0.607 1.031 0.079 0.000 0.159 0.000 2.119 0.516 0.000 1.387 0.314 0.000 0.000 0.000 0.000 0.000 
---
1 test2fip_inconsistent left_hidden
0.000 0.000 0.000 0.398 0.042 0.040 0.226 0.000 0.676 0.000 0.172 0.000 0.000 4.804 0.127 0.000 0.000 0.000 0.000 0.000 
1 test2fip_inconsistent right_hidden
1.186 0.542 0.245 1.466 0.205 1.028 0.408 0.000 1.875 0.000 3.364 0.259 0.000 3.190 0.000 0.000 0.000 0.000 0.000 0.000 
---
0 test2fip_consistent left_hidden
0.000 0.000 1.590 0.000 2.663 2.835 0.595 0.000 0.765 0.000 1.080 0.000 0.009 0.908 0.000 0.085 0.000 0.483 2.323 0.825 
0 test2fip_consistent right_hidden
0.000 0.941 0.167 0.000 1.598 0.511 0.840 0.000 0.000 0.000 0.861 0.000 1.726 0.215 2.187 1.157 0.000 0.913 1.314 0.000 
---
1 test2fip_inconsistent left_hidden
0.000 0.000 1.590 0.000 2.663 2.835 0.595 0.000 0.765 0.000 1.080 0.000 0.009 0.908 0.000 0.085 0.000 0.483 2.323 0.825 
1 test2fip_inconsistent right_hidden
0.000 0.582 1.861 0.000 2.165 2.654 1.201 0.000 0.018 0.000 2.094 0.000 1.934 0.442 2.012 0.844 0.000 0.434 2.057 0.754 
---
0 test2fip_consistent left_hidden
0.000 0.322 0.000 3.048 1.910 0.000 0.342 0.134 0.691 1.809 0.303 0.000 0.884 1.137 0.000 1.242 0.700 1.223 0.000 1.465 
0 test2fip_consistent right_hidden
0.000 0.784 0.000 0.230 0.536 0.000 0.125 0.020 0.000 0.000 0.299 0.011 0.000 2.490 0.000 1.111 2.436 1.126 0.450 0.000 
---
1 test2fip_inconsistent left_hidden
0.000 0.322 0.000 3.048 1.910 0.000 0.342 0.134 0.691 1.809 0.303 0.000 0.884 1.137 0.000 1.242 0.700 1.223 0.000 1.465 
1 test2fip_inconsistent right_hidden
0.000 0.492 0.000 2.058 2.574 0.000 0.634 0.000 0.018 0.820 0.542 0.000 0.179 2.614 0.000 2.307 1.973 2.269 0.297 0.639 
---
0 test2fip_consistent left_hidden
0.457 0.797 1.012 1.331 1.334 2.706 0.163 1.439 2.947 0.080 0.000 0.000 0.000 0.000 0.000 0.000 0.141 0.093 0.000 1.052 
0 test2fip_consistent right_hidden
1.042 0.015 1.016 0.000 0.163 0.151 0.037 0.067 1.660 1.311 0.921 1.074 1.304 0.376 0.000 0.000 1.998 1.112 0.000 0.107 
---
1 test2fip_inconsistent left_hidden
0.457 0.797 1.012 1.331 1.334 2.706 0.163 1.439 2.947 0.080 0.000 0.000 0.000 0.000 0.000 0.000 0.141 0.093 0.000 1.052 
1 test2fip_inconsistent right_hidden
1.607 0.000 1.914 0.000 1.598 1.455 0.961 0.000 3.435 0.912 1.701 0.481 0.715 0.222 0.000 0.000 1.300 0.935 0.000 0.248 
---
0 test2fip_consistent left_hidden
0.000 1.364 0.090 2.200 0.000 0.000 0.000 0.077 1.489 1.209 1.109 0.000 0.000 1.049 0.199 3.393 1.397 0.639 0.000 0.421 
0 test2fip_consistent right_hidden
1.340 0.128 0.474 1.664 1.752 1.529 0.000 0.183 0.491 0.676 0.040 0.000 0.127 0.000 0.000 1.607 0.976 0.078 0.343 0.057 
---
1 test2fip_inconsistent left_hidden
0.000 1.364 0.090 2.200 0.000 0.000 0.000 0.077 1.489 1.209 1.109 0.000 0.000 1.049 0.199 3.393 1.397 0.639 0.000 0.421 
1 test2fip_inconsistent right_hidden
0.560 1.349 0.251 3.365 0.891 0.845 0.000 0.000 1.665 1.118 0.532 0.000 0.000 0.101 0.000 2.674 2.230 0.233 0.299 1.143 
---
0 test2fip_consistent left_hidden
0.000 1.186 0.891 0.505 0.000 0.268 0.123 0.291 0.698 1.991 0.000 1.516 0.021 3.333 0.198 0.000 2.401 0.000 0.494 0.000 
0 test2fip_consistent right_hidden
0.000 1.671 0.814 0.017 0.037 2.511 0.000 0.980 0.000 1.314 0.000 1.667 0.000 0.234 0.000 0.000 0.181 0.037 0.696 0.000 
---
1 test2fip_inconsistent left_hidden
0.000 1.186 0.891 0.505 0.000 0.268 0.123 0.291 0.698 1.991 0.000 1.516 0.021 3.333 0.198 0.000 2.401 0.000 0.494 0.000 
1 test2fip_inconsistent right_hidden
0.000 1.391 0.456 0.000 0.000 2.212 0.000 1.036 0.056 3.423 0.000 2.226 0.000 2.543 0.000 0.000 0.668 0.105 1.455 0.000 
---
0 test2fip_consistent left_hidden
0.000 2.875 0.000 1.272 0.383 0.654 2.593 0.000 0.093 1.534 0.000 0.000 0.000 0.000 1.478 0.387 1.324 0.311 0.000 0.446 
0 test2fip_consistent right_hidden
0.000 2.352 0.017 0.144 0.556 0.026 0.039 0.000 0.000 0.797 0.000 0.000 2.652 0.000 0.030 0.621 1.091 0.000 0.072 0.253 
---
1 test2fip_inconsistent left_hidden
0.000 2.875 0.000 1.272 0.383 0.654 2.593 0.000 0.093 1.534 0.000 0.000 0.000 0.000 1.478 0.387 1.324 0.311 0.000 0.446 
1 test2fip_inconsistent right_hidden
0.307 4.406 0.000 1.034 0.664 1.266 2.015 0.000 0.000 0.799 0.000 0.000 2.341 0.000 0.720 1.328 1.114 0.000 0.000 0.958 
---
0 test2fip_consistent left_hidden
0.195 1.224 0.000 0.076 0.000 0.337 0.000 0.715 0.035 0.382 0.000 0.000 0.100 0.000 0.102 0.000 0.760 0.173 2.622 3.839 
0 test2fip_consistent right_hidden
0.124 2.287 0.000 0.000 0.000 0.095 0.000 0.344 1.176 1.067 0.000 0.025 0.116 0.000 1.967 0.000 0.555 0.013 0.088 1.475 
---
1 test2fip_inconsistent left_hidden
0.195 1.224 0.000 0.076 0.000 0.337 0.000 0.715 0.035 0.382 0.000 0.000 0.100 0.000 0.102 0.000 0.760 0.173 2.622 3.839 
1 test2fip_inconsistent right_hidden
0.404 2.629 0.000 0.000 0.000 0.187 0.000 1.218 0.430 0.287 0.000 0.000 0.728 0.042 1.891 0.000 0.893 0.106 1.378 4.394 
---
