0 test1dax_consistent 1.193 1.262 0.540 0.389 1.205 0.575 0.000 0.000 0.932 0.449 0.101 0.157 1.157 0.454 0.185 0.253 0.026 1.766 0.000 0.000 0.107 1.087 0.000 3.137 1.828 1.281 3.838 0.000 0.000 0.000 0.000 0.010 0.335 0.000 0.000 0.000 0.000 2.462 1.441 0.000 
1 test1dax_inconsistent 1.193 1.262 0.540 0.389 1.205 0.575 0.000 0.000 0.932 0.449 0.101 0.157 1.157 0.454 0.185 0.253 0.026 1.766 0.000 0.000 0.621 0.166 0.000 1.068 0.962 1.024 1.718 0.000 0.000 0.000 0.000 0.000 0.551 0.000 0.023 0.038 0.024 1.776 1.171 0.000 
0 test1dax_consistent 0.000 0.589 0.923 0.000 1.102 0.026 0.000 0.798 0.000 0.000 0.000 0.454 1.112 0.238 0.162 0.045 0.060 1.281 2.239 1.147 1.856 2.345 0.000 0.097 0.611 0.000 0.000 0.000 0.000 0.000 0.958 0.062 0.000 3.761 0.000 0.000 0.000 3.867 0.677 2.032 
1 test1dax_inconsistent 0.000 0.589 0.923 0.000 1.102 0.026 0.000 0.798 0.000 0.000 0.000 0.454 1.112 0.238 0.162 0.045 0.060 1.281 2.239 1.147 0.345 0.640 0.000 0.408 0.172 0.060 0.000 0.000 0.000 0.000 0.557 0.018 0.626 1.572 0.000 0.000 0.000 1.972 0.000 1.554 
0 test1dax_consistent 0.673 0.240 0.510 2.343 0.000 0.394 0.000 0.082 0.585 0.682 0.000 0.239 0.000 0.235 0.396 0.000 0.438 0.000 2.115 0.000 1.093 0.341 1.011 0.119 3.105 0.000 0.000 2.011 0.000 0.062 0.132 0.000 0.000 0.000 0.000 0.000 0.000 0.000 4.317 0.000 
1 test1dax_inconsistent 0.673 0.240 0.510 2.343 0.000 0.394 0.000 0.082 0.585 0.682 0.000 0.239 0.000 0.235 0.396 0.000 0.438 0.000 2.115 0.000 0.933 0.630 1.112 0.773 1.988 0.000 0.000 1.244 0.000 0.000 0.000 0.000 0.000 0.000 0.068 0.000 0.254 0.104 1.121 0.000 
0 test1dax_consistent 1.057 0.000 1.394 0.536 1.503 0.000 0.441 0.000 0.030 0.386 0.000 0.999 1.360 0.180 1.771 0.000 0.015 0.045 0.000 0.755 0.090 0.000 1.545 3.272 0.007 0.000 3.169 0.013 0.000 0.000 0.514 3.143 0.765 1.249 0.197 0.759 0.000 0.000 1.050 1.470 
1 test1dax_inconsistent 1.057 0.000 1.394 0.536 1.503 0.000 0.441 0.000 0.030 0.386 0.000 0.999 1.360 0.180 1.771 0.000 0.015 0.045 0.000 0.755 0.483 0.000 1.750 1.004 0.364 0.000 1.646 0.305 0.000 0.000 0.017 0.805 0.000 0.531 0.137 0.230 0.000 0.000 1.025 0.760 
0 test1dax_consistent 0.199 0.679 0.000 0.293 0.319 0.211 0.949 0.000 0.000 1.005 1.209 0.000 0.228 0.000 0.617 1.620 2.426 0.510 0.000 0.206 2.371 0.073 0.000 0.000 0.185 0.639 0.000 0.564 0.018 0.197 2.246 0.672 0.046 3.102 1.231 2.394 1.994 0.000 0.000 0.386 
1 test1dax_inconsistent 0.199 0.679 0.000 0.293 0.319 0.211 0.949 0.000 0.000 1.005 1.209 0.000 0.228 0.000 0.617 1.620 2.426 0.510 0.000 0.206 0.655 0.499 0.000 0.000 0.477 0.510 0.220 0.000 0.014 0.263 0.616 0.645 0.309 0.872 0.416 1.627 1.114 0.322 0.000 0.516 
0 test1dax_consistent 1.164 0.000 0.268 0.751 0.393 1.092 0.000 0.478 0.000 1.586 1.225 0.000 0.979 0.000 1.298 0.928 0.878 0.000 0.000 0.812 1.908 0.000 0.306 1.927 1.518 0.292 0.000 0.000 0.000 3.153 3.501 0.000 0.000 0.000 1.082 1.548 1.999 0.413 0.000 1.303 
1 test1dax_inconsistent 1.164 0.000 0.268 0.751 0.393 1.092 0.000 0.478 0.000 1.586 1.225 0.000 0.979 0.000 1.298 0.928 0.878 0.000 0.000 0.812 1.292 0.000 0.848 0.376 0.721 0.096 0.174 0.290 0.000 1.295 1.447 0.000 0.000 0.023 1.504 0.318 0.982 0.406 0.000 0.793 
0 test1dax_consistent 0.480 0.000 0.000 0.725 0.356 0.000 0.193 2.068 1.226 0.000 0.000 0.182 0.351 0.205 0.000 2.517 0.146 0.000 0.000 0.000 0.090 0.000 0.000 0.596 1.686 0.000 0.000 0.000 4.385 0.000 3.127 0.114 2.160 0.000 0.000 1.371 1.509 0.000 1.241 0.000 
1 test1dax_inconsistent 0.480 0.000 0.000 0.725 0.356 0.000 0.193 2.068 1.226 0.000 0.000 0.182 0.351 0.205 0.000 2.517 0.146 0.000 0.000 0.000 0.273 0.000 0.000 0.229 0.432 0.000 0.146 0.000 2.355 0.000 1.123 0.063 1.685 0.000 0.000 0.927 0.481 0.000 0.312 0.035 
0 test1dax_consistent 0.475 0.476 0.317 0.000 0.912 0.000 0.151 1.692 1.274 1.795 0.000 0.153 1.043 0.000 0.195 0.000 0.000 0.453 0.000 0.397 0.612 0.036 0.000 0.000 0.364 0.000 3.623 1.252 0.400 4.264 0.070 0.000 0.690 0.000 0.440 0.000 0.000 0.287 1.607 0.000 
1 test1dax_inconsistent 0.475 0.476 0.317 0.000 0.912 0.000 0.151 1.692 1.274 1.795 0.000 0.153 1.043 0.000 0.195 0.000 0.000 0.453 0.000 0.397 0.000 0.195 0.000 0.041 0.455 0.000 1.785 0.358 0.372 1.837 0.000 0.000 0.000 0.000 0.074 0.000 0.000 1.120 0.905 0.096 
0 test1dax_consistent 2.212 0.000 0.243 0.112 0.291 0.000 1.077 1.190 0.000 1.143 0.788 1.043 0.000 0.409 0.858 0.000 0.000 0.000 0.258 0.048 0.272 0.000 0.000 0.000 0.000 0.000 0.000 2.015 0.000 1.764 2.359 0.346 0.594 0.000 0.024 0.000 4.975 0.817 1.881 0.373 
1 test1dax_inconsistent 2.212 0.000 0.243 0.112 0.291 0.000 1.077 1.190 0.000 1.143 0.788 1.043 0.000 0.409 0.858 0.000 0.000 0.000 0.258 0.048 0.182 0.000 0.050 0.000 0.000 0.040 0.000 0.925 0.000 0.000 1.749 0.354 0.736 0.000 0.836 0.000 2.001 0.029 0.882 0.317 
0 test1dax_consistent 0.000 1.689 0.000 0.155 0.382 0.000 0.413 2.269 0.278 0.000 0.000 1.392 0.000 0.013 0.978 0.622 0.000 0.000 1.454 0.000 0.113 1.049 2.468 1.511 1.911 0.000 0.000 2.953 0.000 0.000 1.371 0.471 3.260 0.000 0.000 0.000 2.227 0.000 1.349 0.000 
1 test1dax_inconsistent 0.000 1.689 0.000 0.155 0.382 0.000 0.413 2.269 0.278 0.000 0.000 1.392 0.000 0.013 0.978 0.622 0.000 0.000 1.454 0.000 0.469 0.677 0.503 0.423 1.188 0.000 0.000 1.713 0.000 0.000 0.876 0.677 1.324 0.000 0.327 0.076 1.279 0.000 0.198 0.000 
0 test1dax_consistent 0.000 1.047 0.000 0.000 2.187 1.885 0.338 0.000 0.000 1.092 0.000 0.387 0.000 1.231 0.235 0.073 0.720 0.109 0.215 0.055 0.000 2.983 0.000 0.348 0.145 2.001 1.874 0.000 0.000 0.000 0.000 0.062 0.000 0.672 1.379 0.000 0.509 1.475 1.012 4.033 
1 test1dax_inconsistent 0.000 1.047 0.000 0.000 2.187 1.885 0.338 0.000 0.000 1.092 0.000 0.387 0.000 1.231 0.235 0.073 0.720 0.109 0.215 0.055 0.000 0.508 0.000 0.725 0.137 1.620 1.079 0.000 0.000 0.000 0.000 0.000 0.000 0.524 0.550 0.000 0.831 1.004 0.692 1.060 
0 test1dax_consistent 0.831 0.122 1.003 0.268 0.000 0.000 0.658 0.000 0.000 0.000 1.249 0.281 1.863 0.600 0.024 0.453 0.003 1.095 1.669 0.940 1.608 0.000 2.444 0.000 1.031 0.359 0.000 0.390 0.206 0.000 4.264 0.717 1.918 0.032 1.862 0.210 0.032 1.865 0.235 0.098 
1 test1dax_inconsistent 0.831 0.122 1.003 0.268 0.000 0.000 0.658 0.000 0.000 0.000 1.249 0.281 1.863 0.600 0.024 0.453 0.003 1.095 1.669 0.940 0.411 0.283 0.677 0.000 0.425 0.746 0.398 0.000 0.279 0.296 1.744 0.535 1.523 0.000 0.508 0.009 0.179 0.888 0.999 0.230 
0 test1dax_consistent 0.786 0.025 1.648 0.025 0.303 0.316 0.000 0.183 0.000 1.046 0.765 0.523 1.176 0.000 0.527 1.181 0.000 1.658 0.780 0.065 0.743 0.081 0.042 0.000 2.121 2.830 0.266 0.978 0.000 0.000 3.282 0.000 0.473 0.070 1.064 0.000 0.000 1.055 1.411 0.000 
1 test1dax_inconsistent 0.786 0.025 1.648 0.025 0.303 0.316 0.000 0.183 0.000 1.046 0.765 0.523 1.176 0.000 0.527 1.181 0.000 1.658 0.780 0.065 0.919 0.428 0.084 0.081 0.115 0.405 0.000 0.000 0.000 0.434 1.843 0.243 0.252 0.190 0.511 0.416 0.410 0.198 0.723 0.000 
0 test1dax_consistent 0.998 0.194 0.428 0.000 0.526 1.170 0.944 0.548 0.204 0.057 0.721 1.055 0.023 0.232 0.593 0.677 1.856 0.247 0.618 0.000 2.661 0.723 1.784 0.000 0.175 0.000 0.316 0.000 0.000 0.000 0.000 0.462 0.250 1.504 0.117 4.785 0.000 1.889 0.890 0.000 
1 test1dax_inconsistent 0.998 0.194 0.428 0.000 0.526 1.170 0.944 0.548 0.204 0.057 0.721 1.055 0.023 0.232 0.593 0.677 1.856 0.247 0.618 0.000 0.958 0.702 1.193 0.000 0.000 0.199 0.166 0.000 0.000 0.000 0.000 0.547 0.178 1.028 0.794 1.848 0.572 0.199 0.803 0.000 
0 test1dax_consistent 0.677 1.171 0.806 0.000 0.000 0.000 0.487 0.425 0.669 1.053 0.000 0.823 1.875 0.000 1.403 0.361 0.222 0.797 0.479 0.817 0.000 1.691 0.000 1.870 0.000 1.066 3.358 0.000 2.331 0.480 0.000 0.154 1.308 0.000 2.398 0.000 1.353 0.881 0.000 0.511 
1 test1dax_inconsistent 0.677 1.171 0.806 0.000 0.000 0.000 0.487 0.425 0.669 1.053 0.000 0.823 1.875 0.000 1.403 0.361 0.222 0.797 0.479 0.817 0.000 0.561 0.235 0.664 0.000 0.671 1.251 0.084 0.549 0.301 0.000 0.000 1.509 0.000 0.943 0.067 0.790 0.000 0.000 0.789 
0 test1dax_consistent 0.555 1.375 1.056 0.000 0.000 0.015 0.000 0.126 0.663 0.000 0.000 0.099 1.133 1.363 0.000 0.155 0.626 1.566 0.000 1.288 1.492 0.233 0.017 0.000 3.310 0.000 0.308 0.000 2.464 0.000 0.000 0.000 0.034 0.035 0.912 1.804 0.527 3.243 0.000 2.180 
1 test1dax_inconsistent 0.555 1.375 1.056 0.000 0.000 0.015 0.000 0.126 0.663 0.000 0.000 0.099 1.133 1.363 0.000 0.155 0.626 1.566 0.000 1.288 1.294 0.328 0.701 0.000 1.502 0.000 0.163 0.014 0.701 0.000 0.000 0.231 0.041 0.180 0.000 0.887 0.889 1.370 0.000 0.441 
0 test1dax_consistent 0.000 1.120 0.302 0.000 1.254 0.347 0.000 1.691 0.000 1.010 0.410 0.227 0.000 0.000 0.586 0.000 0.392 2.225 0.017 0.000 1.258 0.038 1.322 0.969 0.242 3.088 0.000 0.076 0.000 0.012 1.508 1.216 1.706 3.977 0.751 0.000 0.000 1.452 0.000 0.000 
1 test1dax_inconsistent 0.000 1.120 0.302 0.000 1.254 0.347 0.000 1.691 0.000 1.010 0.410 0.227 0.000 0.000 0.586 0.000 0.392 2.225 0.017 0.000 0.374 0.260 0.977 0.000 0.009 1.091 0.000 0.155 0.078 0.053 0.731 0.365 0.171 1.633 1.002 0.000 0.000 1.389 0.000 0.000 
0 test1dax_consistent 0.121 0.554 0.104 0.079 1.329 2.071 0.024 0.000 0.000 0.304 0.246 1.418 0.213 0.000 0.000 1.091 0.995 0.650 0.000 0.226 0.334 0.593 0.000 2.752 0.690 0.745 0.988 0.887 1.318 0.000 0.762 0.052 3.873 0.000 1.326 0.591 0.000 0.409 0.463 1.033 
1 test1dax_inconsistent 0.121 0.554 0.104 0.079 1.329 2.071 0.024 0.000 0.000 0.304 0.246 1.418 0.213 0.000 0.000 1.091 0.995 0.650 0.000 0.226 0.000 0.721 0.000 1.432 0.495 0.194 0.780 0.740 0.384 0.000 0.405 0.385 1.458 0.000 0.089 0.930 0.005 0.401 0.787 0.886 
0 test1dax_consistent 0.357 0.000 0.787 0.000 1.477 0.598 0.946 0.330 0.000 1.192 0.711 0.000 0.000 0.428 2.358 0.100 0.000 0.589 0.000 0.565 0.000 0.000 2.276 0.000 0.000 1.531 0.000 0.019 0.000 3.200 0.000 0.000 1.542 1.005 0.799 1.098 0.000 2.814 0.000 2.514 
1 test1dax_inconsistent 0.357 0.000 0.787 0.000 1.477 0.598 0.946 0.330 0.000 1.192 0.711 0.000 0.000 0.428 2.358 0.100 0.000 0.589 0.000 0.565 0.000 0.000 0.753 0.000 0.000 0.708 0.000 0.000 0.043 1.321 0.134 0.000 0.514 0.065 1.469 0.749 0.000 1.206 0.000 1.210 
0 test1dax_consistent 0.408 0.433 0.000 0.564 0.000 2.395 0.000 0.000 0.004 0.000 1.061 1.140 0.400 0.176 0.113 0.000 1.473 0.747 0.170 0.399 0.000 0.059 0.000 0.000 0.000 2.065 3.577 2.166 0.865 0.000 0.016 2.581 1.863 1.898 0.000 0.000 1.900 0.159 1.073 0.589 
1 test1dax_inconsistent 0.408 0.433 0.000 0.564 0.000 2.395 0.000 0.000 0.004 0.000 1.061 1.140 0.400 0.176 0.113 0.000 1.473 0.747 0.170 0.399 0.126 0.172 0.000 0.439 0.000 0.695 1.460 1.189 0.565 0.000 0.517 0.648 0.994 0.539 0.120 0.000 1.906 0.167 0.185 0.861 
0 test1dax_consistent 0.000 0.453 1.580 1.108 0.521 0.403 0.251 0.000 0.684 0.000 0.000 0.337 1.295 0.000 0.000 0.517 0.000 0.310 1.807 1.176 0.000 2.020 4.065 1.869 0.000 0.000 0.000 0.000 0.000 0.000 2.906 0.000 1.850 1.464 0.000 0.053 0.000 0.000 1.308 0.000 
1 test1dax_inconsistent 0.000 0.453 1.580 1.108 0.521 0.403 0.251 0.000 0.684 0.000 0.000 0.337 1.295 0.000 0.000 0.517 0.000 0.310 1.807 1.176 0.000 0.240 2.089 0.223 0.000 0.000 0.000 0.000 0.003 0.000 1.636 0.084 0.647 0.202 0.000 0.721 0.243 0.000 1.312 0.529 
0 test1dax_consistent 0.004 0.000 0.882 0.000 0.106 0.000 2.479 0.359 0.000 0.380 1.573 0.295 0.015 0.000 0.549 0.000 1.022 0.000 0.430 0.856 0.000 0.000 0.058 0.000 0.983 0.000 2.717 0.000 0.000 0.816 0.268 0.000 0.000 1.293 1.268 0.772 0.743 0.000 0.000 4.901 
1 test1dax_inconsistent 0.004 0.000 0.882 0.000 0.106 0.000 2.479 0.359 0.000 0.380 1.573 0.295 0.015 0.000 0.549 0.000 1.022 0.000 0.430 0.856 0.000 0.000 0.270 0.021 1.039 0.000 0.684 0.286 0.000 0.972 0.687 0.162 0.059 0.205 0.809 0.915 1.042 0.000 0.087 2.207 
0 test1dax_consistent 1.582 0.000 0.691 0.317 0.000 0.000 0.816 0.382 0.646 0.432 0.733 0.000 0.041 0.366 0.158 1.329 0.547 0.000 1.847 0.000 0.011 0.000 0.613 0.761 0.031 0.000 2.550 0.127 3.345 2.670 2.238 0.000 0.000 0.000 0.000 0.000 1.711 0.000 1.883 0.000 
1 test1dax_inconsistent 1.582 0.000 0.691 0.317 0.000 0.000 0.816 0.382 0.646 0.432 0.733 0.000 0.041 0.366 0.158 1.329 0.547 0.000 1.847 0.000 0.431 0.000 0.893 0.411 0.258 0.223 0.615 0.406 1.853 2.261 0.463 0.000 0.000 0.000 0.000 0.393 0.586 0.000 0.590 0.000 
0 test1dax_consistent 1.473 0.000 0.283 0.000 0.676 0.122 1.942 1.043 0.000 0.589 0.000 0.191 0.504 0.000 0.204 1.073 0.317 0.050 1.447 0.159 2.920 0.000 2.978 0.000 0.456 3.577 0.000 0.151 0.000 0.000 0.434 0.172 0.778 0.397 0.000 0.053 1.087 0.224 0.484 0.535 
1 test1dax_inconsistent 1.473 0.000 0.283 0.000 0.676 0.122 1.942 1.043 0.000 0.589 0.000 0.191 0.504 0.000 0.204 1.073 0.317 0.050 1.447 0.159 1.844 0.227 0.857 0.000 0.567 0.892 0.000 0.450 0.000 0.142 0.547 0.203 0.027 0.041 0.000 0.424 0.467 0.200 0.561 0.653 
0 test1dax_consistent 0.254 0.000 0.786 1.176 1.410 0.000 0.626 0.366 0.225 2.303 0.663 0.000 0.000 0.000 0.000 0.000 0.042 0.533 0.000 0.761 0.000 0.000 0.261 1.462 0.187 0.000 2.829 0.000 0.919 3.424 0.392 2.212 0.000 0.000 0.000 2.832 0.038 0.184 1.858 0.000 
1 test1dax_inconsistent 0.254 0.000 0.786 1.176 1.410 0.000 0.626 0.366 0.225 2.303 0.663 0.000 0.000 0.000 0.000 0.000 0.042 0.533 0.000 0.761 0.077 0.000 0.969 0.816 0.000 0.000 0.432 0.000 0.483 2.283 0.000 0.793 0.000 0.000 0.000 0.549 0.132 0.111 0.292 0.000 
0 test1dax_consistent 0.094 0.000 0.078 0.126 0.000 1.501 0.886 0.404 0.000 1.156 1.582 0.934 0.687 0.892 1.316 0.000 0.712 0.000 0.000 1.444 0.000 0.000 2.129 0.000 1.118 1.116 0.081 0.924 0.048 1.011 1.240 2.423 0.000 0.314 0.000 0.000 0.895 4.079 0.000 1.757 
1 test1dax_inconsistent 0.094 0.000 0.078 0.126 0.000 1.501 0.886 0.404 0.000 1.156 1.582 0.934 0.687 0.892 1.316 0.000 0.712 0.000 0.000 1.444 0.154 0.000 0.518 0.000 0.757 0.962 0.165 0.690 0.446 1.216 0.755 0.444 0.246 0.408 0.362 0.134 0.668 1.416 0.000 1.401 
0 test1dax_consistent 0.075 0.000 0.000 0.000 0.000 1.278 0.077 0.943 0.292 1.905 0.000 1.528 0.000 0.735 0.000 0.224 1.180 0.472 0.110 0.498 1.734 0.000 0.000 0.000 3.718 0.415 0.754 1.513 1.113 3.321 0.000 0.000 0.000 0.630 1.220 0.733 0.000 0.000 0.000 0.695 
1 test1dax_inconsistent 0.075 0.000 0.000 0.000 0.000 1.278 0.077 0.943 0.292 1.905 0.000 1.528 0.000 0.735 0.000 0.224 1.180 0.472 0.110 0.498 0.903 0.000 0.000 0.000 1.243 0.520 0.684 0.121 1.233 0.880 0.068 0.697 0.000 0.560 1.282 0.000 0.000 0.154 0.000 0.542 
0 test1dax_consistent 0.305 0.169 0.000 0.000 0.000 1.318 1.081 2.004 0.018 0.000 1.799 0.000 0.000 0.000 0.000 1.017 0.430 1.685 0.218 0.000 0.000 0.000 0.000 0.206 0.037 2.547 0.616 0.000 0.000 0.081 0.000 0.000 0.000 0.000 0.000 0.000 0.115 2.584 0.418 4.788 
1 test1dax_inconsistent 0.305 0.169 0.000 0.000 0.000 1.318 1.081 2.004 0.018 0.000 1.799 0.000 0.000 0.000 0.000 1.017 0.430 1.685 0.218 0.000 0.000 0.000 0.000 0.000 0.611 0.938 0.011 0.135 0.188 0.000 0.066 0.000 0.000 0.000 0.000 0.232 0.171 2.328 0.370 1.618 
0 test1dax_consistent 1.149 0.381 0.006 0.069 0.000 0.462 0.000 0.000 0.065 0.702 0.000 2.517 0.123 0.000 1.009 1.139 0.000 1.491 0.315 0.000 1.382 2.242 0.383 0.000 0.335 1.192 0.000 0.000 0.000 1.732 0.000 0.000 0.000 1.498 0.142 3.061 3.098 1.749 0.000 0.000 
1 test1dax_inconsistent 1.149 0.381 0.006 0.069 0.000 0.462 0.000 0.000 0.065 0.702 0.000 2.517 0.123 0.000 1.009 1.139 0.000 1.491 0.315 0.000 0.428 0.827 0.726 0.009 0.600 0.412 0.000 0.000 0.000 0.494 0.000 0.000 0.000 0.274 0.710 1.364 0.913 1.463 0.000 0.000 
0 test1dax_consistent 1.155 0.000 0.000 0.786 0.000 0.000 1.424 0.000 1.415 0.171 0.911 2.107 0.000 0.257 0.407 0.358 0.813 0.608 0.966 0.662 2.261 2.248 0.051 0.000 0.000 2.684 0.745 0.000 2.353 0.096 0.782 0.080 0.229 1.713 1.517 1.127 0.063 3.181 0.000 0.163 
1 test1dax_inconsistent 1.155 0.000 0.000 0.786 0.000 0.000 1.424 0.000 1.415 0.171 0.911 2.107 0.000 0.257 0.407 0.358 0.813 0.608 0.966 0.662 1.235 0.627 0.000 0.025 0.025 0.871 0.563 0.000 0.639 0.185 0.479 0.000 0.405 1.035 0.375 0.240 0.278 2.474 0.000 0.449 
0 test1dax_consistent 0.000 0.280 0.948 0.000 0.000 0.849 1.619 0.351 0.000 0.466 0.171 0.188 1.988 0.000 0.279 1.738 0.000 0.000 0.501 0.406 0.000 0.000 0.347 0.000 0.000 0.081 2.909 1.141 0.000 0.000 0.000 0.458 3.832 0.000 0.000 0.228 1.084 0.000 1.382 2.932 
1 test1dax_inconsistent 0.000 0.280 0.948 0.000 0.000 0.849 1.619 0.351 0.000 0.466 0.171 0.188 1.988 0.000 0.279 1.738 0.000 0.000 0.501 0.406 0.276 0.000 1.485 0.000 0.000 0.371 1.298 0.360 0.009 0.000 0.000 0.389 1.445 0.000 0.000 0.000 0.056 0.000 0.848 1.490 
0 test1dax_consistent 0.000 1.208 1.091 0.000 0.000 0.160 2.342 0.748 0.489 0.184 0.000 0.602 1.295 0.000 1.035 0.629 0.803 0.000 0.190 0.594 0.000 0.043 0.030 0.000 0.191 1.634 0.000 0.000 0.000 1.892 0.000 0.796 2.660 2.523 0.000 1.364 0.000 0.000 0.000 3.923 
1 test1dax_inconsistent 0.000 1.208 1.091 0.000 0.000 0.160 2.342 0.748 0.489 0.184 0.000 0.602 1.295 0.000 1.035 0.629 0.803 0.000 0.190 0.594 0.000 0.414 0.000 0.000 0.873 0.484 0.000 0.000 0.062 1.188 0.022 0.617 0.356 0.439 0.000 1.187 0.548 0.000 0.011 1.643 
0 test1dax_consistent 0.000 0.000 0.000 0.239 0.000 0.000 0.408 0.588 0.000 0.014 0.510 2.921 0.810 0.262 0.000 0.421 0.000 1.265 0.419 0.000 0.000 1.569 0.000 1.979 0.000 0.000 0.432 1.728 1.714 0.000 0.000 3.178 2.226 1.195 2.979 0.000 0.850 0.360 0.000 0.000 
1 test1dax_inconsistent 0.000 0.000 0.000 0.239 0.000 0.000 0.408 0.588 0.000 0.014 0.510 2.921 0.810 0.262 0.000 0.421 0.000 1.265 0.419 0.000 0.000 0.937 0.117 1.053 0.275 0.000 0.193 0.596 0.466 0.000 0.247 1.470 0.695 0.333 1.387 0.000 0.630 0.314 0.000 0.000 
0 test1dax_consistent 0.714 1.790 0.649 0.000 0.000 0.000 1.768 0.636 0.058 0.000 0.422 0.000 0.035 1.959 0.184 0.000 0.030 0.000 0.000 1.081 1.279 3.213 0.000 0.000 0.080 1.063 0.000 0.000 1.770 0.000 1.655 0.000 0.081 0.000 3.320 0.000 0.700 2.443 0.000 0.415 
1 test1dax_inconsistent 0.714 1.790 0.649 0.000 0.000 0.000 1.768 0.636 0.058 0.000 0.422 0.000 0.035 1.959 0.184 0.000 0.030 0.000 0.000 1.081 0.000 2.121 0.355 0.026 0.217 0.158 0.000 0.000 0.960 0.000 0.500 0.000 0.048 0.796 1.160 0.000 0.421 0.304 0.000 0.731 
0 test1dax_consistent 0.450 0.000 0.000 1.875 0.248 0.000 2.326 0.842 0.447 0.029 0.342 0.165 0.418 1.295 0.972 0.000 0.000 0.927 1.172 0.185 0.000 0.000 0.000 1.046 1.524 0.066 2.825 2.400 1.817 0.046 2.583 0.000 0.107 0.065 1.630 2.399 0.000 0.000 0.296 0.000 
1 test1dax_inconsistent 0.450 0.000 0.000 1.875 0.248 0.000 2.326 0.842 0.447 0.029 0.342 0.165 0.418 1.295 0.972 0.000 0.000 0.927 1.172 0.185 0.000 0.000 0.000 0.946 0.705 0.000 1.228 0.496 0.708 0.000 1.170 0.172 0.322 0.000 1.469 1.012 0.239 0.076 0.942 0.128 
0 test1dax_consistent 0.330 0.106 0.000 0.116 0.675 2.170 0.037 0.000 0.000 0.201 0.129 1.540 0.021 1.380 0.292 0.000 0.000 0.422 1.020 0.283 0.000 0.000 1.925 0.097 3.659 0.004 2.730 0.000 0.000 1.335 0.456 1.149 0.000 1.371 1.667 0.861 0.000 0.000 2.312 0.000 
1 test1dax_inconsistent 0.330 0.106 0.000 0.116 0.675 2.170 0.037 0.000 0.000 0.201 0.129 1.540 0.021 1.380 0.292 0.000 0.000 0.422 1.020 0.283 0.148 0.000 0.891 0.357 1.744 0.671 1.222 0.000 0.000 0.644 0.704 1.421 0.000 0.194 0.244 0.501 0.000 0.000 0.602 0.000 
0 test1dax_consistent 0.555 1.116 0.759 0.000 0.419 0.000 0.107 0.603 0.048 1.777 0.315 0.000 1.986 0.000 0.429 1.236 0.275 0.000 0.000 1.243 0.658 1.155 0.546 0.658 0.713 0.000 0.000 2.159 2.696 2.339 2.816 0.000 1.790 0.000 0.289 0.839 0.006 0.000 0.010 1.883 
1 test1dax_inconsistent 0.555 1.116 0.759 0.000 0.419 0.000 0.107 0.603 0.048 1.777 0.315 0.000 1.986 0.000 0.429 1.236 0.275 0.000 0.000 1.243 0.317 0.472 0.000 0.751 0.000 0.000 0.595 0.501 1.070 0.716 0.861 0.000 1.211 0.000 0.267 0.999 0.497 0.000 0.148 0.780 
0 test1dax_consistent 1.128 2.177 0.000 0.657 0.668 0.033 0.044 0.000 0.588 0.000 0.669 0.000 0.848 0.000 0.793 0.030 1.744 0.000 0.530 0.000 0.000 2.727 0.000 1.492 0.282 0.000 1.096 0.338 0.000 0.366 0.073 1.617 4.176 0.000 0.831 1.903 0.000 1.277 0.565 0.000 
1 test1dax_inconsistent 1.128 2.177 0.000 0.657 0.668 0.033 0.044 0.000 0.588 0.000 0.669 0.000 0.848 0.000 0.793 0.030 1.744 0.000 0.530 0.000 0.268 1.592 0.000 0.000 0.000 0.000 0.808 0.000 0.000 0.000 0.023 0.656 1.372 0.033 0.542 1.381 0.269 0.419 0.996 0.000 
0 test1dax_consistent 0.000 1.242 0.702 0.000 0.000 0.631 0.463 0.494 0.105 0.000 0.021 0.067 0.642 1.949 0.000 1.468 0.000 0.048 0.002 1.164 0.367 0.075 0.000 0.547 2.504 0.000 4.245 0.000 0.000 0.000 0.000 0.104 0.669 0.000 1.903 1.769 0.000 0.040 0.676 2.078 
1 test1dax_inconsistent 0.000 1.242 0.702 0.000 0.000 0.631 0.463 0.494 0.105 0.000 0.021 0.067 0.642 1.949 0.000 1.468 0.000 0.048 0.002 1.164 0.000 0.037 0.000 0.202 1.433 0.000 1.773 0.000 0.000 0.000 0.008 0.405 0.619 0.000 0.379 0.468 0.000 0.000 1.023 0.453 
0 test1dax_consistent 0.475 2.599 0.000 0.195 0.984 0.000 0.256 0.000 0.359 0.844 0.000 0.000 0.059 0.707 0.984 0.022 0.000 1.213 0.406 0.000 2.998 0.000 1.583 0.579 1.166 2.472 1.330 0.000 0.372 0.453 0.000 0.000 0.000 0.000 2.538 0.000 2.579 0.000 0.095 0.156 
1 test1dax_inconsistent 0.475 2.599 0.000 0.195 0.984 0.000 0.256 0.000 0.359 0.844 0.000 0.000 0.059 0.707 0.984 0.022 0.000 1.213 0.406 0.000 1.050 0.163 1.552 0.094 1.026 0.564 0.079 0.000 0.144 0.549 0.048 0.000 0.000 0.000 1.065 0.000 1.354 0.000 0.407 0.629 
0 test1dax_consistent 0.040 0.366 0.475 0.000 0.000 0.018 0.812 0.000 0.144 0.532 0.059 0.000 0.285 1.666 0.949 0.000 1.163 2.069 1.285 0.814 0.271 0.000 3.443 0.000 0.864 0.000 1.797 0.834 0.000 0.000 2.197 0.000 0.745 0.653 3.647 0.000 0.088 0.122 0.000 1.394 
1 test1dax_inconsistent 0.040 0.366 0.475 0.000 0.000 0.018 0.812 0.000 0.144 0.532 0.059 0.000 0.285 1.666 0.949 0.000 1.163 2.069 1.285 0.814 0.000 0.000 1.835 0.000 0.373 0.000 1.009 0.780 0.170 0.260 0.663 0.000 1.199 0.089 0.992 0.000 0.268 0.251 0.000 0.340 
0 test1dax_consistent 0.082 0.240 0.000 0.000 0.000 0.040 1.801 0.407 0.631 0.680 0.221 0.701 0.000 1.363 1.960 0.838 0.000 0.465 0.030 0.000 0.000 0.027 0.000 0.000 0.000 0.000 0.585 4.257 0.000 1.243 1.123 0.000 0.000 0.000 0.000 0.034 0.000 2.518 0.000 2.093 
1 test1dax_inconsistent 0.082 0.240 0.000 0.000 0.000 0.040 1.801 0.407 0.631 0.680 0.221 0.701 0.000 1.363 1.960 0.838 0.000 0.465 0.030 0.000 0.122 0.000 0.000 0.000 0.304 0.000 0.349 1.151 0.000 1.008 0.411 0.000 0.000 0.000 0.502 0.332 0.000 1.565 0.042 1.759 
0 test1dax_consistent 0.213 0.202 0.722 0.237 0.071 1.457 1.013 1.509 0.372 0.000 0.426 0.150 1.662 0.000 1.436 0.000 0.000 0.131 0.000 0.000 1.671 0.000 4.242 0.506 0.195 2.810 0.000 2.135 0.000 0.000 0.000 0.515 1.178 0.000 1.038 0.000 0.000 0.000 0.000 0.000 
1 test1dax_inconsistent 0.213 0.202 0.722 0.237 0.071 1.457 1.013 1.509 0.372 0.000 0.426 0.150 1.662 0.000 1.436 0.000 0.000 0.131 0.000 0.000 0.312 0.049 1.603 0.176 0.139 1.978 0.000 1.119 0.458 0.000 0.000 0.525 0.000 0.000 0.940 0.000 0.066 0.040 0.000 0.000 
0 test1dax_consistent 0.814 0.614 0.000 0.000 0.707 1.488 0.183 0.000 1.692 0.216 0.000 1.058 0.000 0.522 1.481 0.189 0.768 0.186 1.008 0.000 0.212 0.681 0.000 0.000 0.000 0.906 0.945 0.000 0.000 0.993 0.000 2.326 0.000 0.102 2.850 0.000 2.943 3.465 0.000 0.323 
1 test1dax_inconsistent 0.814 0.614 0.000 0.000 0.707 1.488 0.183 0.000 1.692 0.216 0.000 1.058 0.000 0.522 1.481 0.189 0.768 0.186 1.008 0.000 0.103 0.976 0.087 0.000 0.253 1.064 0.390 0.011 0.008 0.752 0.057 0.773 0.000 0.000 1.567 0.000 1.281 1.069 0.000 0.997 
0 test1dax_consistent 0.000 1.366 1.197 0.287 0.598 0.000 0.142 0.004 0.756 0.237 1.306 0.340 1.327 0.000 0.411 1.571 0.332 0.611 0.000 0.826 0.000 0.954 0.059 0.051 0.000 1.830 0.000 2.112 1.610 0.000 3.527 0.000 2.696 0.000 1.550 0.039 0.327 0.033 0.000 0.106 
1 test1dax_inconsistent 0.000 1.366 1.197 0.287 0.598 0.000 0.142 0.004 0.756 0.237 1.306 0.340 1.327 0.000 0.411 1.571 0.332 0.611 0.000 0.826 0.000 0.891 0.192 0.137 0.571 0.814 0.000 0.511 0.244 0.000 1.940 0.026 0.839 0.000 0.908 0.456 0.694 0.518 0.000 0.057 
0 test1dax_consistent 0.559 0.625 0.580 0.000 0.839 0.656 0.000 1.130 0.664 0.000 0.028 0.776 0.000 1.910 0.000 0.183 0.181 1.147 0.940 1.428 0.000 0.000 0.000 0.000 2.003 1.268 3.522 0.000 0.251 0.000 0.000 0.246 0.000 2.208 0.000 2.831 2.085 0.099 0.000 0.176 
1 test1dax_inconsistent 0.559 0.625 0.580 0.000 0.839 0.656 0.000 1.130 0.664 0.000 0.028 0.776 0.000 1.910 0.000 0.183 0.181 1.147 0.940 1.428 0.000 0.152 0.039 0.009 1.758 1.284 1.076 0.172 0.049 0.000 0.000 0.073 0.000 1.752 0.000 1.069 0.268 0.000 0.000 0.565 
0 test1dax_consistent 0.000 0.829 0.511 0.000 1.071 0.774 0.584 0.531 0.453 1.995 0.000 0.000 0.251 0.875 0.675 0.826 0.315 1.167 0.000 0.650 0.000 1.828 1.623 0.000 2.931 0.040 0.057 0.758 0.707 0.447 0.000 0.000 0.498 0.000 3.779 2.053 1.963 0.042 0.000 0.655 
1 test1dax_inconsistent 0.000 0.829 0.511 0.000 1.071 0.774 0.584 0.531 0.453 1.995 0.000 0.000 0.251 0.875 0.675 0.826 0.315 1.167 0.000 0.650 0.000 1.426 1.274 0.000 1.124 0.058 0.082 0.711 0.000 1.096 0.000 0.000 0.263 0.000 1.067 1.302 0.830 0.438 0.044 0.951 
0 test1dax_consistent 0.000 0.284 0.029 0.062 0.000 0.000 0.109 0.000 0.000 0.000 0.000 0.000 0.331 0.000 1.067 1.779 0.103 0.000 2.974 0.784 1.923 3.617 0.000 0.305 0.288 2.011 1.608 0.846 0.000 0.830 0.000 0.000 1.623 2.469 0.812 0.000 0.000 2.603 0.401 0.346 
1 test1dax_inconsistent 0.000 0.284 0.029 0.062 0.000 0.000 0.109 0.000 0.000 0.000 0.000 0.000 0.331 0.000 1.067 1.779 0.103 0.000 2.974 0.784 0.156 2.020 0.000 0.749 0.195 1.185 0.391 0.195 0.000 0.419 0.000 0.030 0.816 0.886 0.373 0.000 0.006 1.044 0.754 0.450 
0 test1dax_consistent 0.368 2.162 0.678 0.000 0.059 0.606 0.592 0.471 0.316 0.785 0.467 0.000 0.964 0.434 0.000 0.065 0.000 1.084 1.591 0.539 0.000 0.451 0.018 0.279 0.531 0.000 1.764 0.138 0.000 3.073 0.126 0.000 0.000 0.480 4.392 0.000 0.000 0.116 1.533 1.117 
1 test1dax_inconsistent 0.368 2.162 0.678 0.000 0.059 0.606 0.592 0.471 0.316 0.785 0.467 0.000 0.964 0.434 0.000 0.065 0.000 1.084 1.591 0.539 0.209 0.952 0.022 0.461 0.317 0.585 0.598 0.213 0.000 1.481 0.112 0.315 0.298 0.000 1.513 0.000 0.077 0.914 0.311 0.000 
0 test1dax_consistent 0.609 2.116 1.106 0.005 0.647 0.319 0.648 0.051 0.177 0.955 0.094 0.000 1.444 0.000 0.558 0.877 0.174 0.000 0.253 0.000 5.455 0.000 0.959 0.240 0.000 0.000 0.396 0.000 0.772 0.059 0.010 1.764 0.135 0.000 0.861 0.197 0.000 0.000 0.880 0.000 
1 test1dax_inconsistent 0.609 2.116 1.106 0.005 0.647 0.319 0.648 0.051 0.177 0.955 0.094 0.000 1.444 0.000 0.558 0.877 0.174 0.000 0.253 0.000 2.449 0.542 1.384 0.040 0.000 0.000 0.483 0.000 0.764 0.050 0.086 0.125 0.662 0.000 0.512 0.317 0.367 0.017 0.000 0.368 
0 test1dax_consistent 1.243 0.000 0.000 0.210 0.000 0.000 1.176 0.551 0.000 0.549 0.808 0.996 0.000 0.475 2.467 0.229 0.000 0.000 0.889 0.000 2.221 1.259 0.000 3.297 2.709 0.000 0.477 0.142 0.000 2.128 1.154 0.165 0.000 0.000 0.731 1.810 0.000 0.000 1.479 1.845 
1 test1dax_inconsistent 1.243 0.000 0.000 0.210 0.000 0.000 1.176 0.551 0.000 0.549 0.808 0.996 0.000 0.475 2.467 0.229 0.000 0.000 0.889 0.000 0.718 0.315 0.000 1.121 0.552 0.000 0.487 0.560 0.000 1.249 0.612 0.387 0.000 0.000 0.367 1.021 0.173 0.042 0.986 0.821 
0 test1dax_consistent 0.051 0.302 0.521 1.574 0.320 0.831 1.442 0.999 1.581 1.087 0.000 0.000 0.000 0.000 0.000 0.426 0.852 0.822 0.244 0.558 0.000 0.000 0.046 0.023 0.837 1.064 0.862 1.612 0.000 0.000 0.940 0.000 0.000 0.000 3.147 1.030 3.128 0.000 1.226 0.621 
1 test1dax_inconsistent 0.051 0.302 0.521 1.574 0.320 0.831 1.442 0.999 1.581 1.087 0.000 0.000 0.000 0.000 0.000 0.426 0.852 0.822 0.244 0.558 0.000 0.294 0.708 0.283 0.587 0.000 1.080 0.418 0.275 0.332 0.739 0.000 0.000 0.000 1.523 0.721 0.503 0.044 0.253 0.871 
0 test1dax_consistent 0.362 0.000 0.331 0.724 0.000 0.648 0.000 1.201 0.729 2.431 0.586 0.537 0.000 0.209 0.070 0.772 0.319 0.541 0.652 0.225 0.000 0.000 0.000 0.000 0.732 1.745 0.000 0.727 1.703 2.467 0.122 0.000 4.640 0.000 0.000 1.410 0.000 0.000 0.135 0.205 
1 test1dax_inconsistent 0.362 0.000 0.331 0.724 0.000 0.648 0.000 1.201 0.729 2.431 0.586 0.537 0.000 0.209 0.070 0.772 0.319 0.541 0.652 0.225 0.158 0.000 0.000 0.053 0.400 0.364 0.000 1.320 1.300 1.004 0.080 0.000 2.111 0.000 0.000 0.453 0.000 0.000 0.027 0.000 
0 test1dax_consistent 0.058 0.000 0.190 0.788 1.384 0.000 1.068 0.709 0.293 0.590 0.117 0.401 0.000 0.382 1.356 0.794 1.885 0.508 0.699 0.279 0.099 0.000 0.000 0.997 0.000 2.096 2.650 1.560 0.048 0.466 0.000 0.000 0.000 0.234 1.050 0.000 3.358 2.523 0.000 0.000 
1 test1dax_inconsistent 0.058 0.000 0.190 0.788 1.384 0.000 1.068 0.709 0.293 0.590 0.117 0.401 0.000 0.382 1.356 0.794 1.885 0.508 0.699 0.279 0.300 0.000 0.000 0.984 0.429 0.642 1.686 0.549 0.000 0.546 0.055 0.022 0.000 0.607 0.475 0.127 1.391 0.393 0.436 0.000 
0 test1dax_consistent 0.000 0.758 0.338 1.265 0.000 0.125 0.070 0.000 2.620 0.088 0.000 0.167 0.754 0.165 0.046 0.383 1.086 0.560 0.000 0.000 2.304 0.000 2.532 2.328 0.000 0.000 0.000 1.800 0.000 0.000 2.371 0.000 1.154 0.286 0.000 0.580 0.055 2.513 0.000 0.000 
1 test1dax_inconsistent 0.000 0.758 0.338 1.265 0.000 0.125 0.070 0.000 2.620 0.088 0.000 0.167 0.754 0.165 0.046 0.383 1.086 0.560 0.000 0.000 0.479 0.000 1.425 1.336 0.000 0.000 0.000 0.533 0.289 0.000 0.743 0.047 0.752 0.475 0.000 0.903 0.193 1.010 0.000 0.084 
0 test1dax_consistent 0.653 0.000 1.177 1.318 1.710 0.000 0.087 0.391 1.024 0.000 0.970 0.846 0.000 1.130 0.288 0.794 0.000 0.837 0.355 0.182 0.600 0.000 0.215 0.150 3.832 0.000 2.702 0.011 0.016 0.228 1.637 0.000 1.210 1.111 1.676 0.987 0.000 1.842 0.000 0.517 
1 test1dax_inconsistent 0.653 0.000 1.177 1.318 1.710 0.000 0.087 0.391 1.024 0.000 0.970 0.846 0.000 1.130 0.288 0.794 0.000 0.837 0.355 0.182 0.160 0.000 0.931 0.780 2.047 0.000 0.441 0.000 0.259 0.355 0.596 0.116 0.460 0.787 1.216 0.439 0.000 0.412 0.000 0.000 
0 test1dax_consistent 0.000 1.658 0.495 0.000 1.478 0.000 0.000 0.677 0.514 0.192 0.880 0.600 0.254 1.479 0.687 0.000 0.000 1.541 0.736 0.000 1.040 0.000 1.679 0.000 2.019 0.000 0.015 0.570 1.230 0.000 2.703 0.000 0.000 0.026 0.731 2.992 0.000 3.131 2.138 0.000 
1 test1dax_inconsistent 0.000 1.658 0.495 0.000 1.478 0.000 0.000 0.677 0.514 0.192 0.880 0.600 0.254 1.479 0.687 0.000 0.000 1.541 0.736 0.000 0.174 0.057 0.840 0.000 0.907 0.000 0.058 0.683 0.127 0.000 1.093 0.000 0.062 0.000 0.707 1.050 0.000 1.946 0.688 0.000 
0 test1dax_consistent 0.000 0.034 0.000 0.000 1.594 1.976 1.162 0.380 0.000 0.156 0.000 1.131 0.978 0.451 0.403 0.202 0.000 0.570 0.000 0.275 0.000 1.039 0.523 0.312 1.923 0.000 0.000 3.055 0.000 2.803 2.857 0.401 1.270 0.028 0.000 0.000 0.000 0.000 1.206 1.029 
1 test1dax_inconsistent 0.000 0.034 0.000 0.000 1.594 1.976 1.162 0.380 0.000 0.156 0.000 1.131 0.978 0.451 0.403 0.202 0.000 0.570 0.000 0.275 0.000 0.323 0.766 0.000 1.041 0.517 0.403 1.072 0.000 0.910 0.957 0.847 1.008 0.084 0.098 0.000 0.000 0.000 1.245 0.655 
0 test1dax_consistent 0.767 0.000 0.000 0.000 0.000 0.756 0.420 0.154 0.045 0.000 1.030 0.258 0.000 1.015 2.300 0.087 1.655 0.366 0.000 0.474 0.000 3.647 0.000 1.167 0.130 0.057 0.000 0.246 0.000 1.045 3.818 0.000 0.617 1.054 0.428 0.733 1.460 0.000 1.293 0.000 
1 test1dax_inconsistent 0.767 0.000 0.000 0.000 0.000 0.756 0.420 0.154 0.045 0.000 1.030 0.258 0.000 1.015 2.300 0.087 1.655 0.366 0.000 0.474 0.000 0.829 0.000 1.025 0.512 0.735 0.395 0.000 0.007 0.152 1.899 0.059 0.540 0.715 0.000 0.902 0.830 0.000 0.321 0.000 
0 test1dax_consistent 1.413 0.362 0.645 0.000 0.000 0.000 0.954 0.000 0.408 0.000 0.101 2.028 1.108 0.000 0.000 0.999 0.000 1.029 0.795 0.000 0.000 4.866 0.000 0.310 0.000 0.000 1.202 0.000 0.000 0.000 0.000 1.625 0.025 0.000 0.725 1.239 0.000 0.924 2.494 0.000 
1 test1dax_inconsistent 1.413 0.362 0.645 0.000 0.000 0.000 0.954 0.000 0.408 0.000 0.101 2.028 1.108 0.000 0.000 0.999 0.000 1.029 0.795 0.000 0.044 2.142 0.539 0.000 0.000 0.150 0.807 0.000 0.000 0.000 0.000 0.755 0.000 0.000 0.493 1.609 0.000 0.763 0.549 0.000 
0 test1dax_consistent 0.681 0.169 1.241 0.000 1.084 1.291 1.030 0.326 0.323 0.000 0.010 1.125 0.713 0.241 1.101 0.000 0.712 1.091 0.919 0.654 3.104 2.633 1.874 2.446 0.873 2.341 0.000 0.086 0.000 0.000 0.000 0.010 0.840 0.000 1.019 0.609 0.106 0.460 0.260 1.556 
1 test1dax_inconsistent 0.681 0.169 1.241 0.000 1.084 1.291 1.030 0.326 0.323 0.000 0.010 1.125 0.713 0.241 1.101 0.000 0.712 1.091 0.919 0.654 0.877 1.437 1.371 0.702 0.979 0.928 0.000 0.142 0.316 0.316 0.042 0.034 0.782 0.000 0.338 0.000 0.426 0.266 0.222 0.428 
0 test1dax_consistent 0.000 0.558 0.020 0.000 0.612 0.000 1.433 0.899 0.348 0.000 0.634 0.000 0.238 0.232 0.275 0.000 2.717 0.000 0.066 1.316 0.996 0.524 0.000 0.000 2.682 0.000 2.117 3.851 0.145 0.000 0.000 0.000 0.109 0.000 0.000 0.000 0.271 0.000 3.352 0.000 
1 test1dax_inconsistent 0.000 0.558 0.020 0.000 0.612 0.000 1.433 0.899 0.348 0.000 0.634 0.000 0.238 0.232 0.275 0.000 2.717 0.000 0.066 1.316 0.580 0.258 0.231 0.000 1.541 0.000 0.442 1.022 0.000 0.000 0.000 0.000 0.193 0.000 0.495 0.000 0.873 0.000 1.682 0.214 
0 test1dax_consistent 1.836 0.000 0.380 0.000 0.000 0.104 0.000 0.000 0.000 0.232 0.339 0.734 2.272 0.312 0.836 0.000 0.150 1.398 0.367 0.000 0.000 0.000 0.031 0.000 2.260 1.413 0.000 0.000 1.321 0.000 0.000 0.000 3.282 0.000 0.000 0.000 3.102 2.831 1.034 0.123 
1 test1dax_inconsistent 1.836 0.000 0.380 0.000 0.000 0.104 0.000 0.000 0.000 0.232 0.339 0.734 2.272 0.312 0.836 0.000 0.150 1.398 0.367 0.000 0.014 0.000 0.000 0.000 0.477 1.130 0.839 0.000 0.671 0.000 0.000 0.000 2.448 0.000 0.000 0.000 1.005 0.482 0.777 0.459 
0 test1dax_consistent 0.116 0.000 0.882 0.458 0.000 0.579 0.000 0.000 0.000 0.000 0.000 2.523 0.000 0.512 0.000 0.905 0.666 1.451 0.000 0.044 1.071 0.012 2.009 0.000 0.000 0.000 0.000 0.000 0.000 3.975 0.000 0.053 1.950 1.961 0.000 1.175 1.928 0.557 0.000 1.918 
1 test1dax_inconsistent 0.116 0.000 0.882 0.458 0.000 0.579 0.000 0.000 0.000 0.000 0.000 2.523 0.000 0.512 0.000 0.905 0.666 1.451 0.000 0.044 0.700 0.102 0.422 0.000 0.000 0.000 0.000 0.000 0.000 1.387 0.000 0.000 0.328 1.107 0.000 1.328 1.351 0.278 0.000 0.706 
0 test1dax_consistent 0.000 0.000 0.332 0.452 0.554 0.759 1.778 0.052 0.719 0.907 0.559 0.119 2.179 0.028 0.000 0.000 0.000 1.357 0.086 0.000 0.181 0.000 0.207 0.428 1.556 0.446 1.386 0.881 4.128 2.671 0.000 0.000 1.874 0.000 0.000 0.211 0.000 2.384 0.614 0.000 
1 test1dax_inconsistent 0.000 0.000 0.332 0.452 0.554 0.759 1.778 0.052 0.719 0.907 0.559 0.119 2.179 0.028 0.000 0.000 0.000 1.357 0.086 0.000 0.000 0.000 0.608 0.808 0.831 0.352 0.070 0.715 1.721 0.932 0.000 0.000 0.669 0.340 0.000 0.458 0.000 0.536 0.766 0.000 
0 test1dax_consistent 0.037 2.666 0.000 0.250 0.391 0.000 0.417 0.335 0.740 0.704 0.000 0.995 0.385 0.216 0.924 0.000 0.660 0.204 1.142 0.000 0.011 4.601 0.000 0.000 2.810 0.000 0.257 0.216 0.000 0.352 2.391 0.000 0.055 0.032 1.706 0.210 0.026 0.056 0.087 0.719 
1 test1dax_inconsistent 0.037 2.666 0.000 0.250 0.391 0.000 0.417 0.335 0.740 0.704 0.000 0.995 0.385 0.216 0.924 0.000 0.660 0.204 1.142 0.000 0.000 2.441 0.018 0.000 0.790 0.000 0.685 0.556 0.000 0.464 0.514 0.115 0.000 0.000 0.478 0.339 0.336 0.384 0.000 0.883 
0 test1dax_consistent 1.049 0.000 0.000 0.000 0.394 2.577 0.000 0.000 0.000 1.375 0.833 0.113 0.901 0.000 0.404 0.000 1.091 0.141 0.000 0.194 0.291 0.000 0.000 0.000 0.000 3.584 0.000 0.000 0.000 3.084 0.000 0.461 0.081 0.000 0.000 3.913 0.000 0.223 0.498 0.885 
1 test1dax_inconsistent 1.049 0.000 0.000 0.000 0.394 2.577 0.000 0.000 0.000 1.375 0.833 0.113 0.901 0.000 0.404 0.000 1.091 0.141 0.000 0.194 0.355 0.205 0.000 0.000 0.000 0.813 0.000 0.049 0.000 1.927 0.043 1.302 0.201 0.048 0.000 1.343 0.000 0.739 0.668 0.519 
0 test1dax_consistent 0.011 1.045 2.154 1.097 0.000 0.000 0.757 0.000 0.076 1.102 0.036 0.305 0.794 0.973 0.000 0.591 0.680 0.000 1.108 1.456 0.000 1.449 1.396 0.000 0.320 0.000 0.965 0.426 0.844 0.514 0.539 0.000 0.311 5.056 0.000 1.736 1.448 0.544 0.951 0.031 
1 test1dax_inconsistent 0.011 1.045 2.154 1.097 0.000 0.000 0.757 0.000 0.076 1.102 0.036 0.305 0.794 0.973 0.000 0.591 0.680 0.000 1.108 1.456 0.000 0.237 1.363 0.060 0.476 0.000 1.422 0.491 0.622 0.275 0.000 0.077 0.342 1.947 0.000 0.404 0.595 0.615 0.462 0.000 
0 test1dax_consistent 0.000 1.184 0.222 0.362 0.000 1.848 0.378 0.251 0.000 0.261 1.833 0.000 0.474 0.000 1.733 0.000 0.824 0.000 0.000 0.000 0.000 0.000 3.499 0.981 0.000 1.968 1.381 0.784 1.053 2.827 0.000 0.000 0.000 0.000 2.289 1.272 1.677 0.000 1.171 0.000 
1 test1dax_inconsistent 0.000 1.184 0.222 0.362 0.000 1.848 0.378 0.251 0.000 0.261 1.833 0.000 0.474 0.000 1.733 0.000 0.824 0.000 0.000 0.000 0.000 0.000 1.514 0.707 0.000 1.085 1.106 0.961 0.481 0.909 0.000 0.000 0.000 0.000 0.838 0.888 0.341 0.000 0.376 0.000 
0 test1dax_consistent 1.620 1.011 0.000 0.201 0.000 0.000 1.520 0.209 0.000 0.859 0.000 0.336 0.133 0.000 1.517 1.138 1.106 0.408 0.885 0.335 1.446 2.426 0.000 1.182 0.000 0.000 2.814 0.799 0.997 0.334 0.000 0.000 0.337 1.499 2.085 0.573 1.288 0.000 2.296 1.393 
1 test1dax_inconsistent 1.620 1.011 0.000 0.201 0.000 0.000 1.520 0.209 0.000 0.859 0.000 0.336 0.133 0.000 1.517 1.138 1.106 0.408 0.885 0.335 0.830 0.471 0.000 0.536 0.000 0.000 0.800 0.510 0.294 0.143 0.000 0.622 0.725 0.474 0.810 0.460 0.147 0.000 1.084 0.938 
0 test1dax_consistent 0.769 0.000 0.238 0.866 0.070 0.000 0.000 0.321 0.000 0.000 0.364 1.448 0.940 0.534 0.000 0.555 1.608 0.418 0.006 1.759 0.000 0.000 0.423 0.000 0.000 0.000 0.000 0.353 0.655 0.007 1.181 0.000 0.000 5.580 0.000 0.000 0.612 1.312 0.000 1.230 
1 test1dax_inconsistent 0.769 0.000 0.238 0.866 0.070 0.000 0.000 0.321 0.000 0.000 0.364 1.448 0.940 0.534 0.000 0.555 1.608 0.418 0.006 1.759 0.110 0.000 0.000 0.000 0.034 0.000 0.000 0.019 0.155 0.111 1.524 0.000 0.000 2.252 0.000 0.131 0.845 0.000 0.000 0.074 
0 test1dax_consistent 0.262 0.972 0.436 0.000 0.000 0.493 1.020 0.000 1.065 0.000 0.000 0.000 0.786 1.474 0.000 0.604 1.803 0.212 0.000 0.451 2.135 1.137 0.000 2.169 0.492 0.107 2.200 0.000 0.000 0.000 0.000 0.000 3.343 0.285 0.000 0.538 0.171 0.000 3.386 1.401 
1 test1dax_inconsistent 0.262 0.972 0.436 0.000 0.000 0.493 1.020 0.000 1.065 0.000 0.000 0.000 0.786 1.474 0.000 0.604 1.803 0.212 0.000 0.451 0.905 0.343 0.000 0.451 0.832 0.420 0.880 0.000 0.000 0.000 0.000 0.000 2.033 0.424 0.010 0.000 0.000 0.000 1.097 0.850 
0 test1dax_consistent 0.764 0.123 0.000 0.000 0.000 1.507 2.213 0.206 1.126 0.000 0.036 0.294 0.000 0.411 0.993 0.936 0.738 0.251 0.232 0.052 1.311 0.002 0.182 2.077 0.000 0.100 2.828 2.731 0.000 0.000 1.022 1.048 0.779 1.119 0.145 1.238 0.193 0.000 2.024 1.046 
1 test1dax_inconsistent 0.764 0.123 0.000 0.000 0.000 1.507 2.213 0.206 1.126 0.000 0.036 0.294 0.000 0.411 0.993 0.936 0.738 0.251 0.232 0.052 1.210 0.330 0.144 0.753 0.052 0.445 1.454 0.759 0.000 0.000 0.565 0.612 0.364 0.299 0.690 0.331 0.722 0.187 0.840 0.387 
0 test1dax_consistent 1.369 0.940 0.000 0.974 0.000 0.000 0.302 0.000 0.000 0.000 0.000 0.000 0.208 1.765 1.996 0.000 0.000 0.269 0.000 0.230 0.958 0.113 0.417 0.000 0.000 0.000 0.832 1.408 0.000 0.000 0.167 0.000 5.190 0.158 1.765 1.324 0.000 0.000 0.000 0.408 
1 test1dax_inconsistent 1.369 0.940 0.000 0.974 0.000 0.000 0.302 0.000 0.000 0.000 0.000 0.000 0.208 1.765 1.996 0.000 0.000 0.269 0.000 0.230 0.000 0.494 0.742 0.000 0.002 0.000 0.909 0.315 0.006 0.000 0.000 0.000 2.606 0.859 0.375 0.856 0.000 0.000 0.000 0.550 
0 test1dax_consistent 0.000 0.063 0.000 0.663 0.358 0.000 0.000 0.715 0.000 0.000 0.971 0.000 1.884 0.011 0.830 0.000 1.701 1.619 0.000 1.038 0.000 0.000 0.000 0.146 0.000 0.000 0.000 0.467 0.000 0.196 5.467 0.000 0.252 0.000 0.079 0.000 2.051 0.823 0.606 0.000 
1 test1dax_inconsistent 0.000 0.063 0.000 0.663 0.358 0.000 0.000 0.715 0.000 0.000 0.971 0.000 1.884 0.011 0.830 0.000 1.701 1.619 0.000 1.038 0.000 0.416 0.000 0.242 0.000 0.000 0.000 0.299 0.000 0.218 1.869 0.000 0.581 0.000 0.000 0.005 1.227 1.395 0.418 0.000 
0 test1dax_consistent 2.108 0.899 0.000 0.316 0.000 1.892 0.322 0.000 0.633 0.624 0.228 0.888 0.000 0.000 0.000 0.340 0.509 0.000 0.354 0.419 0.496 1.431 0.000 0.000 0.000 1.072 0.000 0.000 0.012 1.069 3.423 3.572 0.000 0.000 0.000 0.000 0.000 0.000 2.395 0.593 
1 test1dax_inconsistent 2.108 0.899 0.000 0.316 0.000 1.892 0.322 0.000 0.633 0.624 0.228 0.888 0.000 0.000 0.000 0.340 0.509 0.000 0.354 0.419 0.681 1.263 0.279 0.000 0.000 0.235 0.000 0.000 0.000 0.891 1.241 0.956 0.000 0.205 0.000 0.027 0.000 0.119 1.481 0.425 
0 test1dax_consistent 0.031 0.488 0.695 0.000 0.000 1.555 0.233 0.137 0.000 0.000 0.630 0.301 1.076 0.000 0.000 2.314 0.617 0.014 0.000 0.000 0.250 0.137 2.474 0.424 0.000 0.190 0.045 1.620 0.000 3.411 0.000 0.939 2.124 0.537 1.809 0.000 0.079 3.266 0.000 0.000 
1 test1dax_inconsistent 0.031 0.488 0.695 0.000 0.000 1.555 0.233 0.137 0.000 0.000 0.630 0.301 1.076 0.000 0.000 2.314 0.617 0.014 0.000 0.000 0.643 0.266 1.011 0.851 0.000 0.000 0.076 0.875 0.000 1.476 0.650 0.606 0.369 0.791 1.048 0.486 0.053 0.842 0.000 0.000 
0 test1dax_consistent 0.223 0.000 0.184 0.437 1.612 0.214 0.156 0.041 0.557 1.061 0.033 0.000 0.536 0.825 0.000 0.000 0.805 2.285 0.466 0.960 0.000 0.000 2.068 0.000 0.000 2.006 0.135 0.012 0.000 1.029 2.402 0.000 3.010 0.306 0.000 0.000 0.052 2.820 1.877 1.492 
1 test1dax_inconsistent 0.223 0.000 0.184 0.437 1.612 0.214 0.156 0.041 0.557 1.061 0.033 0.000 0.536 0.825 0.000 0.000 0.805 2.285 0.466 0.960 0.000 0.000 0.860 0.000 0.000 1.136 0.399 0.617 0.008 0.321 1.495 0.000 1.034 0.780 0.000 0.000 0.384 1.809 0.155 1.037 
0 test1dax_consistent 1.364 0.089 0.709 0.000 0.527 0.000 0.568 0.386 0.425 0.034 0.948 1.069 0.000 0.000 0.957 0.000 0.000 2.144 0.889 0.763 1.434 1.915 1.015 0.434 1.418 1.839 0.065 0.521 0.000 0.439 0.000 0.361 2.234 0.000 0.000 3.322 1.632 1.718 0.853 0.000 
1 test1dax_inconsistent 1.364 0.089 0.709 0.000 0.527 0.000 0.568 0.386 0.425 0.034 0.948 1.069 0.000 0.000 0.957 0.000 0.000 2.144 0.889 0.763 0.727 0.622 0.549 0.536 1.146 0.539 0.308 0.730 0.000 0.046 0.000 0.446 0.443 0.032 0.000 1.025 0.386 0.965 1.167 0.335 
0 test1dax_consistent 0.162 1.399 0.000 1.118 1.612 0.065 0.508 0.007 0.000 1.274 0.742 0.189 0.372 0.421 0.316 1.537 0.256 0.464 0.000 0.000 0.000 0.484 0.000 3.155 0.556 0.000 0.000 0.000 0.000 3.465 0.096 2.472 0.000 0.000 1.374 1.844 0.000 1.278 0.072 0.623 
1 test1dax_inconsistent 0.162 1.399 0.000 1.118 1.612 0.065 0.508 0.007 0.000 1.274 0.742 0.189 0.372 0.421 0.316 1.537 0.256 0.464 0.000 0.000 0.000 0.391 0.000 1.101 0.612 0.139 0.089 0.000 0.000 1.307 0.114 1.213 0.040 0.377 0.712 1.942 0.000 0.000 0.192 0.153 
0 test1dax_consistent 0.083 1.023 0.334 0.000 1.318 0.063 0.000 0.000 0.000 0.527 2.153 0.000 1.726 0.000 0.454 0.000 0.900 0.944 0.265 0.278 0.000 2.904 2.361 0.000 2.889 0.000 0.000 0.000 1.454 0.000 3.176 1.033 0.000 0.000 0.000 1.703 0.000 0.030 0.000 1.078 
1 test1dax_inconsistent 0.083 1.023 0.334 0.000 1.318 0.063 0.000 0.000 0.000 0.527 2.153 0.000 1.726 0.000 0.454 0.000 0.900 0.944 0.265 0.278 0.020 1.372 1.412 0.000 0.784 0.000 0.000 0.000 0.377 0.000 0.994 1.527 0.000 0.000 0.006 0.527 0.000 0.639 0.000 0.968 
0 test1dax_consistent 0.265 0.144 0.000 0.832 0.000 0.488 1.122 0.577 0.960 0.120 1.482 0.000 1.383 0.034 0.945 1.965 0.000 0.000 0.335 0.000 0.000 2.398 1.867 2.017 0.281 0.820 0.034 0.590 1.629 0.000 0.000 0.000 2.015 0.000 1.138 0.121 4.029 0.050 0.000 0.166 
1 test1dax_inconsistent 0.265 0.144 0.000 0.832 0.000 0.488 1.122 0.577 0.960 0.120 1.482 0.000 1.383 0.034 0.945 1.965 0.000 0.000 0.335 0.000 0.000 1.450 0.386 1.405 0.527 0.993 0.043 0.700 0.330 0.000 0.239 0.000 0.841 0.000 0.000 0.007 1.541 0.570 0.000 0.476 
0 test1dax_consistent 0.000 0.693 0.000 0.489 0.000 0.000 0.887 1.333 2.097 0.000 0.429 0.086 0.000 0.109 1.800 0.001 0.590 0.000 0.726 0.162 0.000 3.673 1.875 0.825 3.458 0.103 0.641 0.000 0.563 0.000 1.294 0.103 0.344 1.638 0.974 0.000 0.139 0.000 0.000 0.000 
1 test1dax_inconsistent 0.000 0.693 0.000 0.489 0.000 0.000 0.887 1.333 2.097 0.000 0.429 0.086 0.000 0.109 1.800 0.001 0.590 0.000 0.726 0.162 0.000 1.364 0.977 1.108 0.763 0.371 0.000 0.000 0.789 0.404 0.911 0.122 0.246 0.048 0.418 0.127 0.243 0.000 0.651 0.518 
0 test1dax_consistent 1.877 0.942 0.731 0.603 0.767 0.000 0.712 0.000 0.000 0.000 0.335 0.000 0.307 1.612 0.236 0.961 1.070 0.422 0.000 1.142 1.186 3.876 2.007 0.000 2.177 0.300 0.000 0.000 0.070 0.000 2.052 1.775 0.731 0.000 0.014 0.000 0.680 0.000 0.000 1.890 
1 test1dax_inconsistent 1.877 0.942 0.731 0.603 0.767 0.000 0.712 0.000 0.000 0.000 0.335 0.000 0.307 1.612 0.236 0.961 1.070 0.422 0.000 1.142 0.050 1.450 0.781 0.000 1.394 0.266 0.000 0.033 0.632 0.000 0.898 0.204 1.238 0.000 0.000 0.000 0.127 0.000 0.033 1.145 
0 test1dax_consistent 1.062 0.464 0.123 1.344 0.329 1.418 0.000 0.451 0.000 0.000 0.000 0.000 0.552 1.542 1.462 0.000 0.000 0.899 0.000 0.000 0.000 0.000 0.000 1.509 0.458 0.000 1.143 0.000 0.540 0.000 0.042 3.085 2.775 3.739 0.108 0.000 0.000 0.736 0.000 0.000 
1 test1dax_inconsistent 1.062 0.464 0.123 1.344 0.329 1.418 0.000 0.451 0.000 0.000 0.000 0.000 0.552 1.542 1.462 0.000 0.000 0.899 0.000 0.000 0.000 0.260 0.000 1.583 0.341 0.140 1.059 0.000 0.320 0.000 0.000 0.969 0.748 1.282 0.000 0.000 0.000 0.715 0.000 0.027 
0 test1dax_consistent 0.430 1.342 0.444 0.000 0.836 0.077 0.000 0.000 2.373 0.032 0.366 0.933 0.000 0.518 1.019 0.294 0.993 0.000 0.056 1.109 1.790 3.050 2.853 0.000 1.018 0.786 0.000 0.003 3.039 0.000 0.000 1.983 0.000 0.135 0.999 1.455 1.190 0.000 0.042 0.961 
1 test1dax_inconsistent 0.430 1.342 0.444 0.000 0.836 0.077 0.000 0.000 2.373 0.032 0.366 0.933 0.000 0.518 1.019 0.294 0.993 0.000 0.056 1.109 0.119 0.947 1.053 0.000 0.772 0.584 0.000 0.000 1.009 0.000 0.000 1.496 0.000 0.374 0.452 1.086 0.666 0.000 0.499 0.109 
0 test1dax_consistent 0.000 0.000 0.293 0.185 0.000 2.233 0.000 0.000 0.000 0.000 0.060 0.059 0.672 0.000 0.000 0.000 0.917 0.000 1.611 2.435 0.000 0.064 2.625 1.801 2.657 1.621 0.000 0.000 0.075 0.000 0.418 1.747 1.865 0.257 0.000 0.000 2.652 0.000 2.543 0.025 
1 test1dax_inconsistent 0.000 0.000 0.293 0.185 0.000 2.233 0.000 0.000 0.000 0.000 0.060 0.059 0.672 0.000 0.000 0.000 0.917 0.000 1.611 2.435 0.000 0.229 0.893 1.081 1.254 1.116 0.000 0.000 0.067 0.000 0.904 0.962 0.810 0.000 0.000 0.171 0.868 0.081 0.886 0.696 
0 test1dax_consistent 0.130 0.383 0.000 0.000 1.132 1.107 0.436 0.000 0.192 1.422 0.000 0.205 0.771 0.000 0.000 0.805 0.033 0.464 2.399 0.048 1.861 0.104 0.000 0.000 0.776 0.156 1.627 2.629 2.549 0.000 0.468 1.993 0.530 0.000 0.000 0.174 0.000 3.442 0.980 0.344 
1 test1dax_inconsistent 0.130 0.383 0.000 0.000 1.132 1.107 0.436 0.000 0.192 1.422 0.000 0.205 0.771 0.000 0.000 0.805 0.033 0.464 2.399 0.048 1.151 0.264 0.000 0.000 0.871 0.498 0.770 0.542 1.209 0.532 0.311 1.008 0.005 0.217 0.000 0.040 0.000 1.005 0.390 0.926 
0 test1dax_consistent 0.000 0.296 0.000 0.000 0.000 0.284 1.485 0.386 0.654 0.000 0.409 0.000 0.674 1.240 0.000 0.716 2.401 0.210 0.970 0.000 1.928 0.054 3.032 0.000 1.823 0.000 0.062 1.018 0.613 0.000 1.280 0.000 0.000 1.065 0.000 1.051 3.213 1.924 1.124 0.000 
1 test1dax_inconsistent 0.000 0.296 0.000 0.000 0.000 0.284 1.485 0.386 0.654 0.000 0.409 0.000 0.674 1.240 0.000 0.716 2.401 0.210 0.970 0.000 0.961 0.314 1.193 0.157 0.858 0.235 0.326 0.649 0.363 0.000 0.544 0.000 0.000 0.000 0.000 1.427 1.347 0.190 0.652 0.000 
0 test1dax_consistent 0.000 2.336 0.000 0.000 1.043 0.000 1.216 0.028 0.604 0.437 0.000 0.094 0.451 0.492 0.000 0.011 1.571 0.305 1.212 0.000 1.114 0.314 2.862 0.000 2.127 0.000 1.045 0.000 2.384 0.000 0.000 2.375 0.000 1.203 1.949 0.116 1.760 0.070 0.108 0.000 
1 test1dax_inconsistent 0.000 2.336 0.000 0.000 1.043 0.000 1.216 0.028 0.604 0.437 0.000 0.094 0.451 0.492 0.000 0.011 1.571 0.305 1.212 0.000 0.287 0.125 0.911 0.000 1.381 0.000 1.019 0.088 0.735 0.026 0.000 0.485 0.000 0.938 0.896 0.252 0.929 0.372 0.778 0.000 
0 test1dax_consistent 0.000 0.000 0.000 1.078 0.176 0.672 1.417 0.547 0.147 0.543 0.367 1.503 1.299 0.763 1.094 0.233 0.249 0.000 0.578 0.426 0.000 0.000 0.000 2.482 0.001 0.304 0.535 0.000 1.144 1.567 0.000 0.154 0.575 3.203 0.000 3.069 0.000 0.000 1.615 0.000 
1 test1dax_inconsistent 0.000 0.000 0.000 1.078 0.176 0.672 1.417 0.547 0.147 0.543 0.367 1.503 1.299 0.763 1.094 0.233 0.249 0.000 0.578 0.426 0.000 0.000 0.000 0.829 0.130 0.411 1.031 0.000 0.912 0.113 0.208 0.608 0.790 2.392 0.000 0.687 0.000 0.000 0.414 0.068 
0 test1dax_consistent 2.024 0.000 0.000 0.000 0.000 0.000 0.351 0.000 0.269 0.000 0.291 2.047 0.000 0.000 0.000 0.096 0.000 1.814 0.000 0.170 0.000 0.000 0.000 1.752 0.000 2.666 1.171 2.410 1.539 0.000 0.288 0.000 0.716 1.704 0.000 0.000 0.000 1.571 3.526 0.003 
1 test1dax_inconsistent 2.024 0.000 0.000 0.000 0.000 0.000 0.351 0.000 0.269 0.000 0.291 2.047 0.000 0.000 0.000 0.096 0.000 1.814 0.000 0.170 0.000 0.000 0.000 0.504 0.000 0.718 0.320 0.560 1.598 0.000 0.403 0.307 0.208 0.804 0.000 0.000 0.000 1.011 1.234 0.000 
0 test1dax_consistent 0.000 0.651 0.468 1.709 0.000 0.000 0.000 0.000 0.901 0.000 0.000 0.974 0.000 0.000 0.751 0.000 0.000 2.337 0.000 0.261 0.000 1.456 4.413 1.006 0.000 0.870 0.000 0.000 1.941 0.000 0.000 0.193 0.000 0.426 1.900 0.000 0.000 0.850 0.000 0.344 
1 test1dax_inconsistent 0.000 0.651 0.468 1.709 0.000 0.000 0.000 0.000 0.901 0.000 0.000 0.974 0.000 0.000 0.751 0.000 0.000 2.337 0.000 0.261 0.055 1.462 1.222 0.127 0.000 1.005 0.000 0.000 1.056 0.000 0.000 0.032 0.000 0.000 0.566 0.000 0.000 0.482 0.000 0.792 
0 test1dax_consistent 0.000 0.627 0.058 0.000 0.917 1.618 0.016 0.014 0.000 0.000 2.490 0.303 0.000 0.000 0.165 0.189 0.008 1.212 0.000 0.371 0.000 0.000 0.000 0.000 0.105 1.414 0.844 1.184 2.198 0.681 3.872 0.061 0.328 0.000 0.000 0.000 0.758 0.000 0.356 2.241 
1 test1dax_inconsistent 0.000 0.627 0.058 0.000 0.917 1.618 0.016 0.014 0.000 0.000 2.490 0.303 0.000 0.000 0.165 0.189 0.008 1.212 0.000 0.371 0.000 0.012 0.000 0.000 0.000 1.029 0.001 0.656 0.522 0.227 1.082 0.210 0.353 0.000 0.000 0.040 0.503 0.153 0.890 1.606 
0 test1dax_consistent 1.035 0.000 0.348 0.096 1.483 0.000 2.187 0.000 0.806 0.483 0.030 0.000 0.000 0.000 0.000 0.328 1.112 0.504 0.107 0.992 0.025 1.405 3.340 2.718 1.462 0.000 1.425 0.000 0.230 0.033 0.000 0.590 2.567 0.000 0.000 0.540 2.645 0.649 0.000 1.150 
1 test1dax_inconsistent 1.035 0.000 0.348 0.096 1.483 0.000 2.187 0.000 0.806 0.483 0.030 0.000 0.000 0.000 0.000 0.328 1.112 0.504 0.107 0.992 0.073 0.553 1.143 1.010 1.068 0.000 1.490 0.000 0.370 0.195 0.212 0.887 1.332 0.000 0.000 0.184 1.290 0.643 0.000 0.089 
0 test1dax_consistent 0.000 0.000 0.000 1.387 0.000 0.249 0.000 0.078 1.877 0.373 0.346 0.000 0.000 0.458 1.237 0.241 1.821 0.000 0.000 0.432 0.907 0.000 0.682 2.707 0.000 0.887 0.000 0.034 1.784 0.732 1.971 0.000 2.656 3.525 2.070 0.000 0.371 0.000 0.000 0.000 
1 test1dax_inconsistent 0.000 0.000 0.000 1.387 0.000 0.249 0.000 0.078 1.877 0.373 0.346 0.000 0.000 0.458 1.237 0.241 1.821 0.000 0.000 0.432 1.135 0.000 0.392 1.382 0.000 0.825 0.000 0.000 1.185 0.749 0.407 0.000 0.988 1.207 0.218 0.000 0.499 0.000 0.000 0.000 
0 test1dax_consistent 1.394 0.000 0.275 0.000 0.346 0.369 0.000 0.614 0.662 1.554 0.000 0.595 0.693 0.315 0.353 0.286 1.992 0.425 0.293 0.271 2.740 0.016 1.260 0.071 0.000 1.319 0.000 1.127 1.123 1.933 0.000 2.468 0.000 0.000 2.006 0.157 0.000 0.130 3.241 0.686 
1 test1dax_inconsistent 1.394 0.000 0.275 0.000 0.346 0.369 0.000 0.614 0.662 1.554 0.000 0.595 0.693 0.315 0.353 0.286 1.992 0.425 0.293 0.271 0.665 0.608 1.415 0.388 0.000 0.183 0.000 0.884 0.472 0.366 0.000 0.686 0.388 0.000 1.191 0.440 0.179 0.658 1.126 0.925 
0 test1dax_consistent 0.000 0.136 0.321 0.688 0.767 0.268 0.000 0.379 0.000 0.000 0.347 1.539 1.793 0.056 1.302 0.000 0.452 0.440 0.000 0.684 0.000 0.107 0.016 0.000 1.526 0.603 0.385 1.471 0.000 0.000 0.514 1.418 0.345 0.000 0.000 3.131 0.000 2.978 1.639 2.087 
1 test1dax_inconsistent 0.000 0.136 0.321 0.688 0.767 0.268 0.000 0.379 0.000 0.000 0.347 1.539 1.793 0.056 1.302 0.000 0.452 0.440 0.000 0.684 0.000 0.539 0.309 0.258 0.546 0.506 0.697 0.730 0.000 0.000 0.426 0.571 0.736 0.000 0.000 0.923 0.000 1.564 0.924 0.553 
0 test1dax_consistent 0.374 0.000 0.000 1.498 1.682 1.574 0.000 1.116 0.000 0.047 0.000 0.000 0.587 0.377 0.373 0.961 0.000 0.055 0.237 0.209 0.457 0.590 0.131 0.000 0.326 0.061 3.244 0.974 0.000 0.471 0.000 0.000 0.141 1.671 0.000 3.974 0.336 0.000 0.000 0.117 
1 test1dax_inconsistent 0.374 0.000 0.000 1.498 1.682 1.574 0.000 1.116 0.000 0.047 0.000 0.000 0.587 0.377 0.373 0.961 0.000 0.055 0.237 0.209 0.362 0.000 0.744 0.000 0.536 0.086 1.011 0.261 0.000 0.127 0.224 0.000 0.039 1.319 0.089 1.331 0.344 0.298 0.084 0.153 
0 test1dax_consistent 0.000 2.030 0.726 0.548 0.327 1.311 0.851 0.000 1.274 0.341 0.000 0.591 0.000 0.000 0.000 0.000 0.000 1.051 0.819 0.588 0.905 0.000 0.000 0.000 2.740 2.393 2.975 0.000 0.013 0.000 0.000 0.000 0.000 0.026 2.974 0.000 0.000 0.000 0.008 1.191 
1 test1dax_inconsistent 0.000 2.030 0.726 0.548 0.327 1.311 0.851 0.000 1.274 0.341 0.000 0.591 0.000 0.000 0.000 0.000 0.000 1.051 0.819 0.588 0.867 0.386 0.000 0.000 0.621 0.773 2.417 0.000 0.000 0.000 0.000 0.000 0.000 0.215 0.869 0.075 0.000 0.068 0.051 1.103 
0 test1dax_consistent 0.310 0.000 0.711 1.151 1.867 0.000 0.000 0.000 0.000 0.241 0.459 0.642 1.337 0.751 1.166 1.466 0.560 0.000 0.000 0.074 1.036 0.000 1.177 0.016 1.546 0.000 1.126 0.000 1.599 0.814 0.000 2.570 1.591 1.650 3.678 0.477 0.919 1.099 0.000 0.000 
1 test1dax_inconsistent 0.310 0.000 0.711 1.151 1.867 0.000 0.000 0.000 0.000 0.241 0.459 0.642 1.337 0.751 1.166 1.466 0.560 0.000 0.000 0.074 0.134 0.000 0.739 0.000 1.425 0.000 0.249 0.000 0.484 0.358 0.000 0.760 0.473 0.560 1.555 1.021 0.175 0.841 0.000 0.000 
0 test1dax_consistent 0.000 0.000 1.028 0.181 2.227 0.293 0.000 0.557 0.879 0.000 0.541 0.000 0.567 0.506 0.000 0.000 0.061 0.095 1.817 0.000 1.985 0.707 1.009 3.007 1.546 2.894 0.021 0.120 2.746 0.000 0.206 1.711 0.304 0.000 0.151 0.000 0.000 2.416 1.587 0.000 
1 test1dax_inconsistent 0.000 0.000 1.028 0.181 2.227 0.293 0.000 0.557 0.879 0.000 0.541 0.000 0.567 0.506 0.000 0.000 0.061 0.095 1.817 0.000 0.418 0.658 0.285 1.544 0.405 1.686 0.672 0.206 0.970 0.136 0.331 0.581 0.186 0.000 0.243 0.014 0.000 0.905 1.507 0.017 
0 test1dax_consistent 0.567 2.351 0.515 0.657 1.016 0.000 0.000 1.023 0.019 0.000 1.066 0.000 0.185 0.061 0.000 1.738 0.000 0.000 0.000 0.223 1.754 0.919 0.000 3.637 0.599 2.309 0.964 0.553 0.164 0.000 0.186 0.000 0.445 0.000 3.574 0.953 0.000 0.000 0.196 0.000 
1 test1dax_inconsistent 0.567 2.351 0.515 0.657 1.016 0.000 0.000 1.023 0.019 0.000 1.066 0.000 0.185 0.061 0.000 1.738 0.000 0.000 0.000 0.223 0.881 0.458 0.161 1.543 0.809 0.575 0.081 0.000 0.313 0.000 0.120 0.000 0.890 0.000 0.766 0.690 0.000 0.000 0.503 0.066 
0 test1dax_consistent 0.463 0.000 0.197 0.570 1.474 0.000 0.000 0.194 0.937 0.000 1.985 0.018 0.386 0.462 0.000 0.288 1.820 0.481 0.000 0.000 1.845 0.000 0.000 0.000 3.254 0.000 0.000 0.000 1.063 0.000 1.029 2.416 3.145 0.970 0.000 1.816 0.000 1.842 0.897 0.268 
1 test1dax_inconsistent 0.463 0.000 0.197 0.570 1.474 0.000 0.000 0.194 0.937 0.000 1.985 0.018 0.386 0.462 0.000 0.288 1.820 0.481 0.000 0.000 1.026 0.000 0.000 0.000 1.550 0.000 0.088 0.000 1.010 0.000 0.706 0.874 1.018 0.989 0.000 0.635 0.000 0.613 0.205 0.264 
0 test1dax_consistent 0.000 0.000 0.000 0.752 1.171 2.650 0.282 0.000 1.716 0.028 0.000 0.000 0.310 0.163 0.592 0.335 0.000 0.000 0.344 0.315 0.501 0.000 0.000 1.946 0.000 1.900 3.810 0.000 0.153 0.930 0.000 0.000 2.675 0.000 1.795 0.000 1.288 0.000 0.305 1.754 
1 test1dax_inconsistent 0.000 0.000 0.000 0.752 1.171 2.650 0.282 0.000 1.716 0.028 0.000 0.000 0.310 0.163 0.592 0.335 0.000 0.000 0.344 0.315 0.268 0.000 0.033 0.595 0.546 0.719 1.083 0.106 0.312 0.023 0.282 0.009 1.750 0.049 1.356 0.073 0.578 0.000 0.776 1.035 
0 test1dax_consistent 0.000 0.982 0.865 1.436 1.326 0.000 0.000 0.984 0.000 0.980 0.000 0.967 0.698 0.305 0.339 0.846 0.567 0.613 0.182 0.249 1.206 1.194 2.286 0.297 1.434 1.357 1.528 2.213 0.000 0.917 0.000 0.056 0.965 0.229 3.255 0.669 0.273 0.000 0.130 0.066 
1 test1dax_inconsistent 0.000 0.982 0.865 1.436 1.326 0.000 0.000 0.984 0.000 0.980 0.000 0.967 0.698 0.305 0.339 0.846 0.567 0.613 0.182 0.249 0.752 0.254 0.816 0.700 0.909 0.722 0.475 0.843 0.000 0.172 0.066 0.691 0.383 0.433 1.075 0.870 0.411 0.000 0.643 0.311 
0 test1dax_consistent 0.000 0.000 2.436 0.829 0.585 0.000 0.305 0.712 0.130 0.188 1.213 0.573 1.301 0.000 0.000 0.166 0.286 0.696 0.000 0.000 1.131 0.689 2.426 0.542 0.000 0.057 0.000 0.740 0.042 3.869 1.912 0.167 0.000 0.000 0.453 0.000 3.501 0.578 0.027 0.000 
1 test1dax_inconsistent 0.000 0.000 2.436 0.829 0.585 0.000 0.305 0.712 0.130 0.188 1.213 0.573 1.301 0.000 0.000 0.166 0.286 0.696 0.000 0.000 0.155 0.164 1.410 0.661 0.000 0.000 0.000 0.516 0.637 1.529 0.343 0.207 0.160 0.000 0.331 0.000 1.957 0.555 0.289 0.118 
0 test1dax_consistent 0.000 1.288 0.000 0.001 0.000 0.000 0.801 0.455 0.238 0.000 0.212 0.700 0.000 0.000 0.101 1.260 0.000 0.181 0.135 2.612 0.000 0.000 3.716 0.000 0.848 0.000 0.547 1.893 1.215 0.957 0.007 1.576 0.000 0.000 2.210 0.032 0.000 1.875 0.037 1.391 
1 test1dax_inconsistent 0.000 1.288 0.000 0.001 0.000 0.000 0.801 0.455 0.238 0.000 0.212 0.700 0.000 0.000 0.101 1.260 0.000 0.181 0.135 2.612 0.210 0.281 1.210 0.000 0.790 0.000 0.704 1.138 1.103 0.489 0.555 0.496 0.000 0.000 0.445 0.042 0.228 1.266 0.372 0.335 
0 test1dax_consistent 1.397 0.000 0.000 1.307 0.148 0.156 0.000 0.006 0.832 0.006 2.746 0.000 0.277 0.000 0.213 0.000 0.387 0.000 0.000 0.000 0.188 0.000 1.271 3.458 0.000 2.995 0.000 1.851 1.099 0.016 0.066 0.000 0.041 0.000 1.880 0.152 2.072 3.188 0.000 0.000 
1 test1dax_inconsistent 1.397 0.000 0.000 1.307 0.148 0.156 0.000 0.006 0.832 0.006 2.746 0.000 0.277 0.000 0.213 0.000 0.387 0.000 0.000 0.000 0.432 0.000 0.000 1.169 0.000 1.107 0.000 0.823 0.784 0.000 0.269 0.000 0.000 0.000 1.482 0.000 1.263 1.196 0.000 0.000 
0 test1dax_consistent 0.000 0.450 0.664 2.017 0.347 0.000 0.564 1.170 0.000 0.000 0.417 0.602 0.261 1.268 0.962 0.000 0.213 1.106 0.691 0.042 1.225 0.000 2.944 1.138 1.456 0.000 1.134 0.000 0.000 2.408 0.000 0.000 0.000 1.063 0.703 0.000 0.956 3.951 0.000 0.000 
1 test1dax_inconsistent 0.000 0.450 0.664 2.017 0.347 0.000 0.564 1.170 0.000 0.000 0.417 0.602 0.261 1.268 0.962 0.000 0.213 1.106 0.691 0.042 0.860 0.069 1.903 1.269 0.486 0.000 0.105 0.288 0.000 0.737 0.000 0.178 0.000 0.213 0.894 0.000 0.690 1.259 0.031 0.147 
0 test1dax_consistent 0.000 1.204 0.000 0.946 1.142 0.342 1.219 0.475 0.244 0.000 0.679 0.691 0.764 0.440 0.813 1.141 0.000 1.572 1.237 0.000 0.000 1.126 0.000 0.228 2.161 0.000 0.060 2.036 0.000 0.000 0.247 0.000 2.254 1.803 0.383 0.000 1.497 3.920 0.979 0.542 
1 test1dax_inconsistent 0.000 1.204 0.000 0.946 1.142 0.342 1.219 0.475 0.244 0.000 0.679 0.691 0.764 0.440 0.813 1.141 0.000 1.572 1.237 0.000 0.000 0.492 0.000 0.000 1.218 0.000 0.855 0.607 0.000 0.000 0.651 0.000 0.602 0.252 0.000 0.000 0.475 1.589 1.048 0.549 
0 test1dax_consistent 1.732 1.589 0.000 0.239 0.801 0.677 0.000 0.421 0.298 0.000 0.873 0.942 0.275 0.616 0.155 0.588 0.000 0.415 0.638 0.000 1.790 0.000 0.000 2.238 0.072 1.702 0.000 0.166 0.278 0.000 0.007 1.827 0.009 1.072 1.335 4.287 0.000 0.730 0.608 0.000 
1 test1dax_inconsistent 1.732 1.589 0.000 0.239 0.801 0.677 0.000 0.421 0.298 0.000 0.873 0.942 0.275 0.616 0.155 0.588 0.000 0.415 0.638 0.000 0.348 0.571 0.000 0.568 0.459 0.323 0.000 0.000 0.493 0.018 0.000 0.514 0.000 0.106 1.122 2.133 0.468 1.084 0.000 0.000 
0 test1dax_consistent 0.000 0.481 1.969 0.000 0.000 1.711 0.000 0.226 0.219 0.422 0.134 0.616 0.000 0.199 0.000 1.834 0.732 1.420 0.000 0.000 0.683 1.770 0.135 0.000 0.000 0.000 0.884 2.520 2.429 2.260 0.008 2.878 0.484 0.000 1.531 0.618 2.212 0.052 0.000 0.000 
1 test1dax_inconsistent 0.000 0.481 1.969 0.000 0.000 1.711 0.000 0.226 0.219 0.422 0.134 0.616 0.000 0.199 0.000 1.834 0.732 1.420 0.000 0.000 0.327 0.258 0.192 0.070 0.000 0.336 0.559 0.497 0.882 0.735 0.000 1.983 0.715 0.016 0.462 0.134 1.426 0.397 0.000 0.000 
0 test1dax_consistent 0.694 0.241 0.000 0.125 0.704 0.023 0.000 0.000 0.559 0.379 2.645 0.676 0.495 0.163 0.174 0.067 0.160 0.000 0.237 1.200 0.000 0.000 0.000 0.017 0.000 0.888 3.137 0.000 0.106 0.641 2.430 0.364 1.023 0.059 0.000 0.066 1.384 2.626 2.448 1.538 
1 test1dax_inconsistent 0.694 0.241 0.000 0.125 0.704 0.023 0.000 0.000 0.559 0.379 2.645 0.676 0.495 0.163 0.174 0.067 0.160 0.000 0.237 1.200 0.145 0.000 0.000 0.041 0.119 0.001 1.073 0.000 0.327 0.626 0.587 0.342 0.890 0.055 0.000 0.759 1.362 1.183 0.790 0.560 
0 test1dax_consistent 0.286 0.788 1.358 0.000 0.138 0.309 0.811 1.058 0.000 0.077 0.151 1.748 1.681 0.315 0.324 0.628 0.000 0.780 0.195 0.000 0.445 0.000 1.150 0.000 0.000 0.000 1.818 0.000 0.000 0.000 0.000 4.590 2.109 0.330 0.427 0.015 0.298 0.731 0.000 2.389 
1 test1dax_inconsistent 0.286 0.788 1.358 0.000 0.138 0.309 0.811 1.058 0.000 0.077 0.151 1.748 1.681 0.315 0.324 0.628 0.000 0.780 0.195 0.000 0.036 0.286 1.125 0.000 0.000 0.000 1.062 0.082 0.000 0.165 0.000 1.676 0.750 0.289 0.841 0.000 0.874 0.000 0.000 1.219 
0 test1dax_consistent 0.556 0.581 0.000 0.000 0.276 0.021 0.000 0.000 0.016 0.110 0.000 0.000 1.670 0.210 0.408 0.409 2.450 1.764 0.000 0.000 1.825 3.483 0.000 0.000 1.807 0.566 0.000 3.233 2.066 0.046 0.000 0.000 0.479 0.000 0.056 0.000 0.279 0.000 0.000 0.000 
1 test1dax_inconsistent 0.556 0.581 0.000 0.000 0.276 0.021 0.000 0.000 0.016 0.110 0.000 0.000 1.670 0.210 0.408 0.409 2.450 1.764 0.000 0.000 0.806 0.905 0.000 0.004 0.445 0.578 0.000 2.146 1.143 0.172 0.000 0.000 0.900 0.000 0.450 0.000 0.615 0.386 0.000 0.549 
0 test1dax_consistent 0.188 1.127 0.828 0.000 0.000 0.000 1.326 2.341 0.365 1.276 0.090 0.000 0.018 0.591 0.757 0.338 0.000 0.264 0.212 0.746 0.960 0.434 1.893 0.905 0.000 0.000 0.000 0.000 0.120 0.000 0.705 0.000 0.000 3.817 2.115 2.886 0.000 1.612 0.000 1.569 
1 test1dax_inconsistent 0.188 1.127 0.828 0.000 0.000 0.000 1.326 2.341 0.365 1.276 0.090 0.000 0.018 0.591 0.757 0.338 0.000 0.264 0.212 0.746 0.128 0.000 0.499 0.000 0.176 0.000 0.000 0.259 0.028 0.274 0.796 0.000 0.340 1.442 1.175 0.755 0.000 0.685 0.000 0.626 
0 test1dax_consistent 0.222 0.437 0.958 0.000 1.016 0.000 0.316 0.270 1.167 0.969 0.065 0.173 0.000 0.000 0.671 1.112 0.377 0.000 0.488 2.121 0.000 1.514 1.473 0.000 0.000 0.000 3.736 0.000 2.248 2.327 1.987 0.000 0.000 0.000 0.035 2.009 0.197 0.000 0.000 0.000 
1 test1dax_inconsistent 0.222 0.437 0.958 0.000 1.016 0.000 0.316 0.270 1.167 0.969 0.065 0.173 0.000 0.000 0.671 1.112 0.377 0.000 0.488 2.121 0.298 0.036 0.231 0.000 0.665 0.000 2.081 0.000 0.587 0.583 1.047 0.000 0.166 0.000 0.467 0.568 0.657 0.000 0.136 0.332 
0 test1dax_consistent 0.560 0.000 1.499 0.394 1.233 0.430 0.469 0.430 0.000 0.000 0.785 0.737 0.000 0.580 1.117 0.000 0.000 1.641 0.000 0.652 1.872 0.000 0.040 0.000 2.503 0.000 0.642 0.486 0.091 0.000 0.000 0.263 0.037 1.846 0.000 2.160 0.000 2.890 0.033 3.230 
1 test1dax_inconsistent 0.560 0.000 1.499 0.394 1.233 0.430 0.469 0.430 0.000 0.000 0.785 0.737 0.000 0.580 1.117 0.000 0.000 1.641 0.000 0.652 1.452 0.396 0.971 0.000 1.061 0.000 0.286 0.337 0.381 0.000 0.314 0.338 0.000 1.301 0.000 1.003 0.011 0.605 0.256 1.851 
0 test1dax_consistent 0.000 0.000 0.000 0.597 0.000 1.872 0.599 0.462 0.447 0.428 0.922 0.028 0.000 2.149 0.000 0.142 1.609 0.162 0.008 0.000 0.000 0.000 0.000 2.099 0.000 0.075 0.464 0.396 0.000 4.279 0.568 0.000 0.182 0.287 0.379 1.205 1.315 2.368 0.000 0.000 
1 test1dax_inconsistent 0.000 0.000 0.000 0.597 0.000 1.872 0.599 0.462 0.447 0.428 0.922 0.028 0.000 2.149 0.000 0.142 1.609 0.162 0.008 0.000 0.000 0.000 0.000 0.866 0.000 0.000 0.564 0.694 0.000 1.280 0.022 0.000 0.734 0.000 0.165 0.908 1.295 1.164 0.000 0.000 
0 test1dax_consistent 0.086 1.934 0.000 0.099 0.000 0.000 0.000 0.047 0.000 0.565 0.313 0.136 2.101 1.096 1.054 0.392 0.950 0.186 0.000 0.651 0.776 1.362 0.000 0.000 3.584 0.000 0.000 4.360 0.000 0.000 0.000 0.000 0.022 3.059 0.000 0.000 0.000 0.259 0.000 0.000 
1 test1dax_inconsistent 0.086 1.934 0.000 0.099 0.000 0.000 0.000 0.047 0.000 0.565 0.313 0.136 2.101 1.096 1.054 0.392 0.950 0.186 0.000 0.651 1.098 1.358 0.000 0.000 0.548 0.000 0.000 2.303 0.000 0.000 0.117 0.000 0.445 1.102 0.029 0.036 0.000 0.695 0.085 0.337 
0 test1dax_consistent 0.000 0.000 1.012 0.588 0.598 0.569 0.123 0.497 0.616 0.091 0.000 0.741 0.000 1.782 0.000 0.000 0.000 0.000 0.307 1.945 0.217 0.000 3.986 3.391 0.453 0.000 0.228 0.794 0.000 0.000 0.000 0.000 0.000 1.097 0.000 0.000 0.000 0.000 2.938 0.029 
1 test1dax_inconsistent 0.000 0.000 1.012 0.588 0.598 0.569 0.123 0.497 0.616 0.091 0.000 0.741 0.000 1.782 0.000 0.000 0.000 0.000 0.307 1.945 0.331 0.000 1.122 2.201 0.264 0.000 0.449 0.755 0.090 0.000 0.022 0.000 0.000 0.789 0.000 0.000 0.015 0.000 1.375 0.007 
0 test1dax_consistent 0.360 0.000 2.459 0.000 0.053 0.769 0.000 0.595 0.000 0.505 0.085 0.000 0.000 0.400 0.245 1.308 0.041 1.230 0.873 0.739 0.000 3.453 1.278 0.000 1.518 1.035 1.422 3.338 0.000 0.822 0.891 0.000 0.000 0.000 0.348 2.279 0.230 0.066 0.746 1.400 
1 test1dax_inconsistent 0.360 0.000 2.459 0.000 0.053 0.769 0.000 0.595 0.000 0.505 0.085 0.000 0.000 0.400 0.245 1.308 0.041 1.230 0.873 0.739 0.000 1.508 0.590 0.003 1.056 1.161 0.262 1.147 0.000 0.450 0.794 0.000 0.057 0.000 0.558 0.434 0.156 0.714 0.389 0.634 
0 test1dax_consistent 0.869 0.000 0.601 1.332 0.373 0.000 0.120 0.000 0.000 2.495 0.788 0.000 0.113 0.034 0.000 0.000 1.643 0.000 0.096 0.195 0.000 0.000 0.000 0.853 2.888 0.000 0.000 1.004 0.000 0.685 0.000 0.000 0.000 2.842 3.553 0.179 1.794 1.877 0.000 1.471 
1 test1dax_inconsistent 0.869 0.000 0.601 1.332 0.373 0.000 0.120 0.000 0.000 2.495 0.788 0.000 0.113 0.034 0.000 0.000 1.643 0.000 0.096 0.195 0.000 0.873 0.000 0.316 1.816 0.000 0.000 0.611 0.453 0.429 0.215 0.000 0.000 0.761 1.457 0.114 1.587 0.424 0.000 0.528 
0 test1dax_consistent 0.688 0.000 1.129 1.040 0.000 0.419 0.734 0.759 0.173 0.000 0.112 1.673 0.767 0.453 0.209 0.440 0.484 0.541 0.000 1.230 0.000 0.000 0.000 0.000 0.000 0.000 1.111 0.081 0.000 0.028 2.484 2.397 0.000 2.129 3.674 1.067 0.539 0.000 0.117 1.819 
1 test1dax_inconsistent 0.688 0.000 1.129 1.040 0.000 0.419 0.734 0.759 0.173 0.000 0.112 1.673 0.767 0.453 0.209 0.440 0.484 0.541 0.000 1.230 0.000 0.000 0.000 0.097 0.000 0.000 0.000 0.000 0.008 0.399 0.933 0.742 0.000 1.595 1.108 1.150 0.000 0.000 0.285 2.084 
0 test1dax_consistent 0.430 0.000 1.556 2.189 0.354 0.000 0.000 1.420 0.000 0.000 0.000 0.000 0.000 1.265 1.063 0.000 0.000 0.610 0.000 0.000 0.582 0.000 1.894 2.075 0.000 0.161 0.971 1.778 0.000 0.000 0.000 0.000 0.000 0.028 3.670 1.491 0.000 0.873 3.170 0.000 
1 test1dax_inconsistent 0.430 0.000 1.556 2.189 0.354 0.000 0.000 1.420 0.000 0.000 0.000 0.000 0.000 1.265 1.063 0.000 0.000 0.610 0.000 0.000 1.216 0.000 0.739 0.351 0.602 0.402 0.841 1.416 0.007 0.040 0.000 0.000 0.000 0.000 1.502 1.001 0.000 0.362 0.990 0.000 
0 test1dax_consistent 1.343 0.000 0.956 0.000 0.537 0.008 0.325 1.128 0.000 2.361 0.000 0.151 0.000 0.000 0.065 0.000 0.219 0.000 0.000 1.826 0.014 1.594 0.000 0.000 3.784 0.607 1.313 1.688 0.000 3.515 0.000 0.000 0.000 0.000 0.105 0.000 0.000 0.000 0.048 1.278 
1 test1dax_inconsistent 1.343 0.000 0.956 0.000 0.537 0.008 0.325 1.128 0.000 2.361 0.000 0.151 0.000 0.000 0.065 0.000 0.219 0.000 0.000 1.826 0.671 0.298 0.000 0.347 1.572 0.015 0.488 1.297 0.000 1.044 0.000 0.063 0.000 0.056 0.000 0.000 0.000 0.000 0.232 0.718 
0 test1dax_consistent 0.392 1.337 1.095 0.611 0.812 0.000 0.474 1.183 0.000 0.119 0.000 0.889 0.782 1.413 0.265 0.000 0.104 1.735 0.000 0.332 0.939 0.000 0.070 2.332 2.310 0.000 0.735 0.013 2.006 0.000 0.000 0.289 1.367 0.368 3.698 0.000 0.047 1.739 0.170 0.000 
1 test1dax_inconsistent 0.392 1.337 1.095 0.611 0.812 0.000 0.474 1.183 0.000 0.119 0.000 0.889 0.782 1.413 0.265 0.000 0.104 1.735 0.000 0.332 0.695 0.340 0.338 0.692 0.470 0.000 0.141 0.474 0.495 0.000 0.000 0.020 1.176 0.659 1.589 0.000 0.161 1.403 0.583 0.000 
0 test1dax_consistent 0.402 0.967 0.554 0.441 1.166 0.979 0.000 0.150 1.443 0.276 0.223 0.000 0.000 0.000 2.261 0.147 0.000 0.013 0.000 0.546 0.000 1.206 0.027 0.000 0.000 3.123 0.000 0.000 0.000 0.000 0.000 0.000 0.000 0.000 3.296 0.000 1.543 3.017 0.000 0.000 
1 test1dax_inconsistent 0.402 0.967 0.554 0.441 1.166 0.979 0.000 0.150 1.443 0.276 0.223 0.000 0.000 0.000 2.261 0.147 0.000 0.013 0.000 0.546 0.000 0.000 0.256 0.338 0.026 2.195 0.000 0.000 0.190 0.091 0.175 0.000 0.106 0.000 1.725 0.336 0.939 0.699 0.133 0.359 
0 test1dax_consistent 0.000 1.632 0.000 0.000 0.024 0.344 0.425 1.440 0.396 0.000 0.273 0.268 0.322 2.318 0.000 0.280 0.582 0.623 0.000 0.000 0.000 0.425 2.484 0.000 0.790 0.818 0.000 2.971 1.156 0.000 0.337 0.000 0.425 0.000 0.000 0.583 1.296 2.190 0.000 3.274 
1 test1dax_inconsistent 0.000 1.632 0.000 0.000 0.024 0.344 0.425 1.440 0.396 0.000 0.273 0.268 0.322 2.318 0.000 0.280 0.582 0.623 0.000 0.000 0.000 0.000 0.824 0.122 0.630 0.000 0.000 0.842 0.609 0.000 0.475 0.000 1.054 0.539 0.000 0.846 0.350 1.374 0.000 1.561 
0 test1dax_consistent 0.000 0.066 0.000 0.000 0.298 1.764 1.053 0.000 0.000 0.713 0.391 0.009 0.599 0.000 2.329 0.072 0.000 0.633 0.000 1.016 0.114 0.283 0.000 0.000 2.015 0.044 2.839 0.000 0.000 0.042 0.000 1.127 2.016 3.146 3.205 0.000 0.071 2.176 0.000 1.373 
1 test1dax_inconsistent 0.000 0.066 0.000 0.000 0.298 1.764 1.053 0.000 0.000 0.713 0.391 0.009 0.599 0.000 2.329 0.072 0.000 0.633 0.000 1.016 0.480 0.305 0.000 0.000 1.196 0.395 0.583 0.180 0.000 0.380 0.000 1.089 0.727 1.315 1.948 0.000 0.247 0.546 0.000 0.540 
0 test1dax_consistent 1.177 0.053 0.303 0.928 0.000 1.213 0.177 2.592 0.000 0.018 0.000 0.340 1.385 0.305 0.512 0.866 0.124 0.000 0.000 0.000 0.133 0.000 0.963 1.961 0.000 1.077 0.002 1.832 0.000 0.425 0.798 0.638 0.000 4.531 1.103 0.857 0.000 1.007 0.000 0.000 
1 test1dax_inconsistent 1.177 0.053 0.303 0.928 0.000 1.213 0.177 2.592 0.000 0.018 0.000 0.340 1.385 0.305 0.512 0.866 0.124 0.000 0.000 0.000 0.000 0.009 0.000 1.141 0.000 0.031 0.426 1.078 0.000 0.305 0.212 0.148 0.553 1.675 1.057 0.679 0.151 1.002 0.000 0.000 
0 test1dax_consistent 0.090 0.332 0.000 0.917 0.059 1.125 0.963 0.000 0.082 0.000 2.526 0.126 0.000 0.000 0.000 0.000 1.292 0.269 0.403 1.083 2.461 0.687 0.510 0.973 0.000 0.000 0.000 0.038 0.222 3.121 0.907 2.495 0.225 3.023 0.000 2.216 0.773 0.000 0.011 0.000 
1 test1dax_inconsistent 0.090 0.332 0.000 0.917 0.059 1.125 0.963 0.000 0.082 0.000 2.526 0.126 0.000 0.000 0.000 0.000 1.292 0.269 0.403 1.083 1.623 0.742 0.213 0.998 0.000 0.000 0.000 0.167 0.237 1.480 0.931 0.737 0.000 0.265 0.000 0.773 1.163 0.000 0.273 0.000 
0 test1dax_consistent 0.573 1.313 0.000 0.969 1.261 0.411 1.336 0.993 0.548 0.000 0.049 0.010 0.884 0.000 1.380 1.522 0.000 0.901 0.000 0.065 0.000 0.278 0.000 0.000 3.315 1.018 2.437 1.100 0.032 0.000 0.761 2.815 0.161 0.000 3.385 0.226 0.000 2.020 0.609 0.000 
1 test1dax_inconsistent 0.573 1.313 0.000 0.969 1.261 0.411 1.336 0.993 0.548 0.000 0.049 0.010 0.884 0.000 1.380 1.522 0.000 0.901 0.000 0.065 0.167 0.850 0.000 0.121 0.916 0.084 1.333 0.219 0.287 0.008 0.973 0.944 0.500 0.000 1.928 0.472 0.000 0.488 0.945 0.000 
0 test1dax_consistent 0.000 0.000 0.000 0.653 0.000 1.382 0.069 0.000 0.107 0.000 0.226 1.000 0.000 0.563 0.000 0.446 0.000 0.779 0.000 2.750 0.703 0.000 0.355 0.000 0.772 0.528 0.034 0.939 0.000 0.000 2.778 0.000 0.000 2.918 0.000 2.763 0.000 3.322 0.000 1.950 
1 test1dax_inconsistent 0.000 0.000 0.000 0.653 0.000 1.382 0.069 0.000 0.107 0.000 0.226 1.000 0.000 0.563 0.000 0.446 0.000 0.779 0.000 2.750 0.124 0.026 0.336 0.000 0.005 0.000 0.000 0.383 0.000 0.000 1.257 0.000 0.018 1.167 0.000 1.840 0.000 1.324 0.040 1.425 
0 test1dax_consistent 0.411 0.000 0.410 0.000 0.065 0.323 0.000 0.446 0.210 0.000 0.000 1.610 0.805 1.992 0.435 0.000 1.558 1.301 0.000 0.365 0.525 0.913 2.492 3.827 0.012 0.003 0.000 0.017 3.522 0.190 0.000 0.796 0.043 1.224 0.000 0.000 0.595 1.185 0.063 0.000 
1 test1dax_inconsistent 0.411 0.000 0.410 0.000 0.065 0.323 0.000 0.446 0.210 0.000 0.000 1.610 0.805 1.992 0.435 0.000 1.558 1.301 0.000 0.365 0.244 0.551 1.524 2.047 0.020 0.646 0.000 0.335 0.776 0.672 0.000 0.289 0.474 1.168 0.240 0.000 0.024 0.000 0.172 0.260 
0 test1dax_consistent 0.000 0.000 0.000 0.000 0.000 1.762 0.000 1.448 0.000 1.664 0.000 0.049 0.000 0.373 0.000 0.000 0.000 1.130 0.757 1.342 0.000 2.316 0.000 0.000 2.852 0.000 1.958 2.659 0.000 1.291 0.000 0.728 0.000 1.383 0.000 0.000 0.897 2.032 1.762 2.899 
1 test1dax_inconsistent 0.000 0.000 0.000 0.000 0.000 1.762 0.000 1.448 0.000 1.664 0.000 0.049 0.000 0.373 0.000 0.000 0.000 1.130 0.757 1.342 0.000 1.205 0.000 0.000 0.835 0.038 0.659 1.638 0.000 0.240 0.000 1.016 0.070 1.187 0.000 0.000 0.000 0.783 1.104 1.378 
0 test1dax_consistent 0.000 1.078 0.030 0.288 1.735 0.652 0.245 0.623 0.000 0.605 0.642 0.388 0.000 0.631 1.013 0.756 1.317 0.056 1.305 0.000 1.528 0.978 0.000 0.000 0.000 0.000 0.000 3.869 0.000 0.509 0.192 1.506 0.000 0.222 1.064 1.746 0.062 3.539 0.139 0.000 
1 test1dax_inconsistent 0.000 1.078 0.030 0.288 1.735 0.652 0.245 0.623 0.000 0.605 0.642 0.388 0.000 0.631 1.013 0.756 1.317 0.056 1.305 0.000 0.361 0.444 0.000 0.000 0.000 0.000 0.000 1.311 0.000 0.244 0.467 1.288 0.206 0.316 1.076 0.289 0.231 1.377 0.492 0.000 
0 test1dax_consistent 1.082 1.391 0.000 0.145 0.950 0.065 0.005 0.000 1.690 0.985 0.000 0.000 0.000 0.000 0.908 1.450 0.914 0.532 0.808 0.010 0.263 1.054 0.000 0.341 0.051 0.151 0.000 0.000 1.212 2.162 0.000 0.000 0.818 0.000 1.714 1.923 0.158 1.895 4.162 0.000 
1 test1dax_inconsistent 1.082 1.391 0.000 0.145 0.950 0.065 0.005 0.000 1.690 0.985 0.000 0.000 0.000 0.000 0.908 1.450 0.914 0.532 0.808 0.010 0.000 0.329 0.222 0.728 0.455 0.429 0.000 0.000 1.447 0.253 0.034 0.000 0.260 0.000 1.183 0.435 0.067 0.983 2.002 0.000 
0 test1dax_consistent 0.000 0.000 0.211 0.018 0.650 1.109 0.000 0.189 0.305 2.835 0.246 0.934 0.000 0.000 0.000 0.000 0.866 0.208 0.000 1.076 0.000 0.150 2.423 0.235 0.156 3.031 0.058 1.190 0.000 0.889 0.071 0.001 0.000 0.000 0.000 0.000 2.211 3.276 0.030 1.963 
1 test1dax_inconsistent 0.000 0.000 0.211 0.018 0.650 1.109 0.000 0.189 0.305 2.835 0.246 0.934 0.000 0.000 0.000 0.000 0.866 0.208 0.000 1.076 0.000 0.821 1.002 0.000 0.322 1.474 0.253 0.084 0.199 0.902 0.346 0.116 0.000 0.000 0.000 0.000 0.478 1.093 0.246 0.767 
0 test1dax_consistent 1.030 2.228 0.000 0.530 1.493 0.653 0.000 0.000 0.000 0.073 0.000 0.000 0.000 0.100 0.000 0.000 1.305 0.000 0.000 0.746 4.773 0.664 0.000 0.028 0.000 3.410 0.530 0.000 0.000 0.000 0.000 0.000 0.000 1.031 0.000 0.000 0.508 0.391 0.000 0.000 
1 test1dax_inconsistent 1.030 2.228 0.000 0.530 1.493 0.653 0.000 0.000 0.000 0.073 0.000 0.000 0.000 0.100 0.000 0.000 1.305 0.000 0.000 0.746 2.415 0.500 0.000 0.695 0.259 1.054 0.000 0.000 0.281 0.023 0.000 0.000 0.000 0.373 0.000 0.000 0.000 0.000 0.000 0.000 
0 test1dax_consistent 0.380 0.343 0.670 0.186 0.044 0.476 1.248 0.056 0.000 0.110 0.000 0.148 0.078 0.030 0.000 1.754 2.363 0.340 0.664 0.348 1.725 1.699 1.189 0.855 0.038 0.000 0.373 2.200 2.005 1.027 3.167 0.058 0.000 0.032 0.000 2.991 1.131 0.000 0.000 0.573 
1 test1dax_inconsistent 0.380 0.343 0.670 0.186 0.044 0.476 1.248 0.056 0.000 0.110 0.000 0.148 0.078 0.030 0.000 1.754 2.363 0.340 0.664 0.348 0.810 0.548 0.149 0.439 0.047 0.000 0.447 0.718 0.854 1.225 1.364 0.000 0.000 0.315 0.000 1.327 0.000 0.052 0.281 0.847 
0 test1dax_consistent 0.000 1.281 0.284 0.050 0.535 0.000 0.436 0.000 1.083 0.256 1.447 0.117 1.770 1.527 0.000 1.400 0.254 0.000 0.000 0.159 0.000 0.223 0.000 1.572 1.137 0.000 0.063 0.031 1.558 2.700 1.880 0.903 0.012 4.013 0.000 0.096 0.666 2.559 0.000 0.525 
1 test1dax_inconsistent 0.000 1.281 0.284 0.050 0.535 0.000 0.436 0.000 1.083 0.256 1.447 0.117 1.770 1.527 0.000 1.400 0.254 0.000 0.000 0.159 0.000 0.456 0.000 0.114 1.268 0.000 0.012 0.412 1.248 0.899 0.712 0.846 0.428 1.540 0.000 0.520 0.476 0.791 0.000 0.740 
0 test1dax_consistent 0.000 0.000 0.321 0.439 0.000 0.196 0.715 0.892 0.095 0.543 0.000 0.494 0.903 0.272 0.348 2.641 0.000 0.000 0.862 1.020 0.000 0.000 1.663 1.820 0.471 3.939 0.160 1.246 0.803 0.000 0.388 0.147 0.000 0.380 0.254 2.547 1.197 0.507 0.881 1.127 
1 test1dax_inconsistent 0.000 0.000 0.321 0.439 0.000 0.196 0.715 0.892 0.095 0.543 0.000 0.494 0.903 0.272 0.348 2.641 0.000 0.000 0.862 1.020 0.263 0.000 1.063 0.355 0.098 1.579 0.024 0.000 0.762 0.142 0.329 0.051 0.324 0.845 0.726 1.171 0.686 0.010 0.098 1.185 
