0 test2fip_consistent left_hidden
0.000 1.846 0.287 0.915 2.030 0.000 0.000 1.577 1.143 0.343 0.000 0.000 0.000 3.139 0.000 0.000 1.037 1.036 0.000 0.336 
0 test2fip_consistent right_hidden
0.000 1.792 2.065 0.165 1.096 0.313 0.962 0.554 0.708 0.429 0.000 0.497 0.000 0.263 0.000 0.118 0.000 0.414 1.420 0.800 
---
1 test2fip_inconsistent left_hidden
0.000 1.846 0.287 0.915 2.030 0.000 0.000 1.577 1.143 0.343 0.000 0.000 0.000 3.139 0.000 0.000 1.037 1.036 0.000 0.336 
1 test2fip_inconsistent right_hidden
0.000 3.031 1.636 0.928 2.411 0.000 1.085 1.461 0.956 0.774 0.000 0.337 0.000 2.846 0.000 0.000 0.000 0.307 1.045 0.830 
---
0 test2fip_consistent left_hidden
0.552 0.868 0.109 1.143 0.000 1.195 2.187 0.000 0.343 1.331 0.000 1.488 0.000 0.000 1.150 0.000 1.349 0.000 2.087 1.825 
0 test2fip_consistent right_hidden
1.248 0.754 0.861 0.215 0.000 0.229 2.992 0.000 0.000 1.835 0.000 0.113 0.000 0.005 0.030 0.000 0.842 0.373 0.085 0.085 
---
1 test2fip_inconsistent left_hidden
0.552 0.868 0.109 1.143 0.000 1.195 2.187 0.000 0.343 1.331 0.000 1.488 0.000 0.000 1.150 0.000 1.349 0.000 2.087 1.825 
1 test2fip_inconsistent right_hidden
1.318 1.460 0.859 1.290 0.000 1.007 3.683 0.000 0.000 2.509 0.000 0.445 0.000 0.000 1.082 0.000 2.485 0.719 1.531 1.087 
---
0 test2fip_consistent left_hidden
0.419 0.000 3.112 1.025 0.000 0.391 0.000 1.460 1.432 0.466 0.236 2.235 0.680 1.659 0.076 0.560 0.832 0.000 0.293 0.000 
0 test2fip_consistent right_hidden
0.000 0.049 0.601 0.056 0.000 0.099 0.000 0.082 1.104 0.000 0.953 1.341 2.010 0.070 2.033 0.522 0.181 0.000 1.179 1.018 
---
1 test2fip_inconsistent left_hidden
0.419 0.000 3.112 1.025 0.000 0.391 0.000 1.460 1.432 0.466 0.236 2.235 0.680 1.659 0.076 0.560 0.832 0.000 0.293 0.000 
1 test2fip_inconsistent right_hidden
0.680 0.145 1.935 0.746 0.000 0.534 0.000 0.870 1.193 0.000 1.068 3.152 2.004 2.116 1.856 1.123 0.919 0.000 1.009 0.683 
---
0 test2fip_consistent left_hidden
2.171 0.597 0.000 0.000 0.000 0.000 0.000 0.000 0.692 0.000 0.000 0.000 0.000 0.050 0.205 0.046 0.000 2.872 1.730 2.559 
0 test2fip_consistent right_hidden
1.824 1.573 2.077 0.104 0.000 0.000 0.000 0.087 0.881 1.159 0.000 0.000 0.144 0.000 0.153 0.194 0.000 0.289 1.522 0.436 
---
1 test2fip_inconsistent left_hidden
2.171 0.597 0.000 0.000 0.000 0.000 0.000 0.000 0.692 0.000 0.000 0.000 0.000 0.050 0.205 0.046 0.000 2.872 1.730 2.559 
1 test2fip_inconsistent right_hidden
3.147 2.158 1.558 0.000 0.000 0.000 0.000 0.000 0.440 0.931 0.000 0.000 0.000 0.000 0.845 0.095 0.000 2.694 1.673 2.131 
---
0 test2fip_consistent left_hidden
0.000 0.000 0.000 1.454 0.300 0.053 0.005 0.000 3.946 0.611 0.867 0.162 0.041 0.000 0.000 0.000 0.379 2.526 0.013 0.000 
0 test2fip_consistent right_hidden
0.000 0.000 0.000 0.000 0.438 0.102 1.159 0.000 1.549 0.954 0.120 1.191 2.545 0.549 0.000 0.000 1.559 1.016 0.089 0.000 
---
1 test2fip_inconsistent left_hidden
0.000 0.000 0.000 1.454 0.300 0.053 0.005 0.000 3.946 0.611 0.867 0.162 0.041 0.000 0.000 0.000 0.379 2.526 0.013 0.000 
1 test2fip_inconsistent right_hidden
0.000 0.000 0.000 0.572 0.741 0.075 0.624 0.000 4.530 0.517 0.991 1.197 1.828 0.393 0.000 0.000 0.956 2.835 0.000 0.000 
---
0 test2fip_consistent left_hidden
0.382 1.937 0.348 0.016 0.000 0.867 0.475 0.000 1.274 0.000 2.351 0.654 2.321 0.000 0.000 0.000 1.475 0.347 0.000 1.960 
0 test2fip_consistent right_hidden
0.000 0.820 1.412 1.287 0.644 0.297 0.415 2.224 0.807 0.000 0.074 1.065 0.079 0.115 0.463 0.468 1.313 0.380 0.000 0.721 
---
1 test2fip_inconsistent left_hidden
0.382 1.937 0.348 0.016 0.000 0.867 0.475 0.000 1.274 0.000 2.351 0.654 2.321 0.000 0.000 0.000 1.475 0.347 0.000 1.960 
1 test2fip_inconsistent right_hidden
0.000 2.354 1.350 1.115 1.357 1.050 0.370 1.539 1.252 0.000 1.770 1.753 1.367 1.012 0.213 0.886 2.477 0.619 0.000 1.353 
---
0 test2fip_consistent left_hidden
3.083 0.000 0.000 0.000 1.392 0.000 0.000 0.549 0.116 0.000 0.000 1.859 0.234 0.000 0.000 0.347 0.000 2.964 0.000 0.000 
0 test2fip_consistent right_hidden
1.274 0.000 0.320 0.034 2.131 0.082 0.000 1.176 0.100 0.000 0.000 0.069 0.213 2.440 0.000 0.087 1.548 0.144 0.000 0.000 
---
1 test2fip_inconsistent left_hidden
3.083 0.000 0.000 0.000 1.392 0.000 0.000 0.549 0.116 0.000 0.000 1.859 0.234 0.000 0.000 0.347 0.000 2.964 0.000 0.000 
1 test2fip_inconsistent right_hidden
3.826 0.000 0.000 0.000 2.524 0.000 0.000 1.502 0.000 0.000 0.000 1.014 0.073 2.075 0.000 0.000 0.908 1.920 0.000 0.000 
---
0 test2fip_consistent left_hidden
0.000 1.936 1.468 0.000 0.011 0.372 0.057 2.924 0.000 2.272 0.000 0.000 0.000 0.410 0.603 0.000 2.178 0.000 0.102 0.000 
0 test2fip_consistent right_hidden
0.007 0.365 1.615 0.319 1.506 0.481 0.009 0.784 0.165 2.979 0.000 0.000 0.000 0.377 0.081 0.000 0.165 0.145 0.000 0.000 
---
1 test2fip_inconsistent left_hidden
0.000 1.936 1.468 0.000 0.011 0.372 0.057 2.924 0.000 2.272 0.000 0.000 0.000 0.410 0.603 0.000 2.178 0.000 0.102 0.000 
1 test2fip_inconsistent right_hidden
0.000 1.124 1.213 0.176 2.037 0.099 0.000 2.800 1.690 3.457 0.000 0.000 0.000 0.710 0.344 0.000 1.901 0.000 0.000 0.000 
---
0 test2fip_consistent left_hidden
0.000 0.168 0.000 0.089 0.487 0.268 2.047 0.000 0.896 2.217 0.000 3.172 0.426 0.166 0.000 0.000 0.000 0.285 0.000 1.520 
0 test2fip_consistent right_hidden
0.171 0.051 0.876 0.030 1.526 0.690 1.257 0.086 0.000 2.367 0.463 0.209 1.438 0.000 0.000 0.000 0.110 0.329 0.171 0.915 
---
1 test2fip_inconsistent left_hidden
0.000 0.168 0.000 0.089 0.487 0.268 2.047 0.000 0.896 2.217 0.000 3.172 0.426 0.166 0.000 0.000 0.000 0.285 0.000 1.520 
1 test2fip_inconsistent right_hidden
0.000 0.810 0.690 0.027 1.392 0.698 1.878 0.000 0.921 4.093 0.342 2.668 0.933 0.012 0.100 0.000 0.000 0.258 0.000 1.744 
---
0 test2fip_consistent left_hidden
0.000 0.215 0.314 2.101 1.804 0.716 0.000 0.000 0.300 2.262 0.142 1.790 2.738 0.331 0.000 0.361 0.000 0.000 0.000 0.787 
0 test2fip_consistent right_hidden
0.000 3.307 1.506 0.066 0.161 0.232 0.000 0.000 0.089 0.454 0.326 1.132 1.323 0.683 0.030 0.000 0.570 0.000 0.017 1.077 
---
1 test2fip_inconsistent left_hidden
0.000 0.215 0.314 2.101 1.804 0.716 0.000 0.000 0.300 2.262 0.142 1.790 2.738 0.331 0.000 0.361 0.000 0.000 0.000 0.787 
1 test2fip_inconsistent right_hidden
0.000 2.819 1.501 0.542 1.638 0.449 0.000 0.000 0.024 2.312 1.208 2.231 2.986 0.788 0.260 0.000 0.510 0.000 0.000 1.403 
---
0 test2fip_consistent left_hidden
2.670 0.131 2.362 0.170 1.323 0.294 0.005 0.000 0.513 0.000 0.570 0.000 1.401 0.000 0.775 2.377 0.000 0.000 0.589 0.400 
0 test2fip_consistent right_hidden
0.165 1.116 0.730 1.320 1.269 1.262 0.472 0.147 1.175 0.000 1.766 0.308 1.372 0.000 0.735 0.092 0.000 0.000 0.000 0.444 
---
1 test2fip_inconsistent left_hidden
2.670 0.131 2.362 0.170 1.323 0.294 0.005 0.000 0.513 0.000 0.570 0.000 1.401 0.000 0.775 2.377 0.000 0.000 0.589 0.400 
1 test2fip_inconsistent right_hidden
2.321 1.200 2.291 0.866 1.748 1.077 0.040 0.000 1.187 0.000 1.915 0.538 2.667 0.000 0.846 1.912 0.000 0.000 0.000 0.000 
---
0 test2fip_consistent left_hidden
1.453 2.266 0.000 1.028 0.682 0.000 0.000 0.000 0.309 1.678 0.000 0.000 2.749 1.814 1.626 0.000 0.156 0.498 0.000 0.000 
0 test2fip_consistent right_hidden
0.400 1.513 0.157 1.204 2.897 0.000 1.424 0.000 0.257 1.463 0.217 0.000 0.258 0.065 0.340 0.000 0.086 0.000 0.000 0.000 
---
1 test2fip_inconsistent left_hidden
1.453 2.266 0.000 1.028 0.682 0.000 0.000 0.000 0.309 1.678 0.000 0.000 2.749 1.814 1.626 0.000 0.156 0.498 0.000 0.000 
1 test2fip_inconsistent right_hidden
1.976 3.246 0.000 2.123 2.536 0.000 1.088 0.000 0.017 2.220 0.072 0.000 1.678 0.172 2.108 0.000 0.000 0.000 0.000 0.000 
---
0 test2fip_consistent left_hidden
2.059 0.000 0.000 0.000 0.248 1.129 2.110 0.833 0.000 1.597 0.487 1.906 1.032 1.246 1.312 0.771 1.739 0.000 0.000 0.000 
0 test2fip_consistent right_hidden
0.150 0.000 0.000 0.000 0.113 0.001 0.012 0.025 1.035 1.484 1.822 1.730 1.982 0.590 1.189 0.157 0.169 0.000 0.000 0.231 
---
1 test2fip_inconsistent left_hidden
2.059 0.000 0.000 0.000 0.248 1.129 2.110 0.833 0.000 1.597 0.487 1.906 1.032 1.246 1.312 0.771 1.739 0.000 0.000 0.000 
1 test2fip_inconsistent right_hidden
1.722 0.000 0.000 0.000 1.071 0.113 1.374 0.512 0.588 2.542 1.300 2.606 1.951 0.384 2.602 0.293 0.960 0.000 0.000 0.000 
---
0 test2fip_consistent left_hidden
0.000 0.297 0.000 0.000 0.000 0.000 0.497 0.000 0.000 0.000 0.000 0.194 0.000 0.000 0.000 0.000 4.004 2.687 1.227 0.000 
0 test2fip_consistent right_hidden
0.160 0.090 0.000 0.000 0.132 0.000 2.764 0.570 1.356 0.000 0.000 1.613 0.000 0.031 0.065 0.396 0.997 0.796 0.000 1.196 
---
1 test2fip_inconsistent left_hidden
0.000 0.297 0.000 0.000 0.000 0.000 0.497 0.000 0.000 0.000 0.000 0.194 0.000 0.000 0.000 0.000 4.004 2.687 1.227 0.000 
1 test2fip_inconsistent right_hidden
1.520 1.260 0.000 0.000 0.646 0.000 3.062 0.149 1.184 0.000 0.063 0.764 0.000 0.000 0.000 0.180 3.972 1.754 0.000 0.822 
---
0 test2fip_consistent left_hidden
0.000 0.400 0.000 1.030 0.375 0.250 2.791 0.168 0.000 0.139 0.000 0.000 0.000 2.599 0.000 0.000 2.056 0.638 1.598 0.000 
0 test2fip_consistent right_hidden
1.351 0.328 0.000 0.212 2.965 0.061 0.159 0.213 0.107 0.066 1.300 0.029 0.739 1.025 0.000 0.000 1.155 0.689 0.378 0.565 
---
1 test2fip_inconsistent left_hidden
0.000 0.400 0.000 1.030 0.375 0.250 2.791 0.168 0.000 0.139 0.000 0.000 0.000 2.599 0.000 0.000 2.056 0.638 1.598 0.000 
1 test2fip_inconsistent right_hidden
0.935 1.079 0.000 0.473 3.042 0.000 2.010 0.032 0.000 0.000 0.852 0.000 0.228 2.883 0.000 0.000 2.636 0.625 1.909 0.000 
---
0 test2fip_consistent left_hidden
0.000 0.362 0.000 2.283 0.992 0.315 0.000 0.154 0.255 0.000 0.352 2.238 0.000 2.634 1.184 1.694 0.971 0.000 1.360 0.000 
0 test2fip_consistent right_hidden
1.460 1.135 0.000 0.395 1.604 1.606 0.046 0.869 0.000 0.000 2.075 1.092 0.030 0.252 0.826 0.473 0.737 0.132 0.104 0.000 
---
1 test2fip_inconsistent left_hidden
0.000 0.362 0.000 2.283 0.992 0.315 0.000 0.154 0.255 0.000 0.352 2.238 0.000 2.634 1.184 1.694 0.971 0.000 1.360 0.000 
1 test2fip_inconsistent right_hidden
0.853 0.848 0.000 1.499 2.216 0.725 0.000 0.572 0.000 0.000 1.961 2.187 0.000 2.799 1.947 1.874 0.437 0.000 0.000 0.000 
---
0 test2fip_consistent left_hidden
0.129 1.812 0.434 2.436 0.000 1.119 0.000 0.000 1.017 0.000 3.372 0.000 0.000 0.768 1.232 0.000 0.465 0.898 0.000 0.000 
0 test2fip_consistent right_hidden
0.000 0.378 0.000 0.024 0.617 0.021 0.000 0.000 0.356 0.288 0.356 0.000 0.980 0.000 3.022 0.000 0.265 0.830 1.114 0.000 
---
1 test2fip_inconsistent left_hidden
0.129 1.812 0.434 2.436 0.000 1.119 0.000 0.000 1.017 0.000 3.372 0.000 0.000 0.768 1.232 0.000 0.465 0.898 0.000 0.000 
1 test2fip_inconsistent right_hidden
0.000 1.999 0.000 0.789 1.442 0.000 0.000 0.000 2.239 0.156 2.062 0.000 1.014 0.000 2.905 0.000 0.000 0.579 2.254 0.000 
---
0 test2fip_consistent left_hidden
0.000 0.000 1.095 2.352 0.000 0.100 0.000 0.954 2.822 3.163 0.000 0.000 0.268 1.241 0.000 0.000 0.097 0.000 0.503 0.000 
0 test2fip_consistent right_hidden
0.000 0.000 0.419 1.957 0.000 1.958 0.000 0.115 0.095 0.561 0.000 0.067 0.260 0.095 0.000 0.331 0.737 1.731 1.821 0.049 
---
1 test2fip_inconsistent left_hidden
0.000 0.000 1.095 2.352 0.000 0.100 0.000 0.954 2.822 3.163 0.000 0.000 0.268 1.241 0.000 0.000 0.097 0.000 0.503 0.000 
1 test2fip_inconsistent right_hidden
0.066 0.000 1.334 3.395 0.000 1.550 0.000 1.126 1.750 2.881 0.000 0.000 1.391 0.000 0.000 0.000 0.483 1.268 1.720 0.000 
---
0 test2fip_consistent left_hidden
0.000 1.540 0.217 0.000 1.966 2.342 1.786 1.778 0.000 0.000 0.000 0.000 0.000 0.383 0.000 0.000 0.948 0.953 0.122 2.211 
0 test2fip_consistent right_hidden
0.349 0.107 0.715 0.000 0.060 0.120 0.043 2.666 1.865 0.743 0.676 0.057 0.722 0.048 0.000 0.000 0.000 0.546 0.522 1.234 
---
1 test2fip_inconsistent left_hidden
0.000 1.540 0.217 0.000 1.966 2.342 1.786 1.778 0.000 0.000 0.000 0.000 0.000 0.383 0.000 0.000 0.948 0.953 0.122 2.211 
1 test2fip_inconsistent right_hidden
0.000 2.018 0.414 0.000 0.687 1.802 1.332 3.545 1.709 0.718 0.157 0.000 0.372 0.135 0.000 0.000 0.000 0.607 0.273 2.654 
---
0 test2fip_consistent left_hidden
0.044 1.860 1.173 0.000 1.348 0.000 0.000 3.384 0.081 0.000 0.000 0.000 2.030 0.293 1.328 0.014 0.256 1.052 0.000 0.000 
0 test2fip_consistent right_hidden
1.048 0.112 1.370 0.000 2.172 1.364 0.000 0.614 0.069 0.000 0.011 0.448 0.744 1.791 0.158 0.090 1.433 0.193 0.502 0.000 
---
1 test2fip_inconsistent left_hidden
0.044 1.860 1.173 0.000 1.348 0.000 0.000 3.384 0.081 0.000 0.000 0.000 2.030 0.293 1.328 0.014 0.256 1.052 0.000 0.000 
1 test2fip_inconsistent right_hidden
1.241 1.259 2.501 0.000 2.203 0.684 0.000 2.894 0.000 0.000 0.000 0.808 2.835 1.255 0.347 0.000 1.377 0.122 0.422 0.000 
---
0 test2fip_consistent left_hidden
0.791 0.000 2.043 0.435 0.709 0.000 2.409 0.000 0.955 0.229 0.021 2.445 2.061 0.947 0.433 0.279 1.669 0.000 0.000 0.000 
0 test2fip_consistent right_hidden
1.297 0.778 0.562 0.000 1.387 0.000 0.206 0.187 0.029 1.273 0.569 0.191 2.156 0.934 0.150 0.000 0.246 0.000 1.184 0.000 
---
1 test2fip_inconsistent left_hidden
0.791 0.000 2.043 0.435 0.709 0.000 2.409 0.000 0.955 0.229 0.021 2.445 2.061 0.947 0.433 0.279 1.669 0.000 0.000 0.000 
1 test2fip_inconsistent right_hidden
1.243 0.539 2.285 0.000 1.335 0.000 1.646 0.000 0.093 1.134 0.372 1.155 3.643 0.765 1.191 0.000 0.899 0.000 0.681 0.000 
---
0 test2fip_consistent left_hidden
0.607 1.745 0.319 0.395 0.744 0.360 0.161 0.000 0.000 1.397 1.097 2.708 0.512 0.000 2.676 0.000 0.166 0.000 2.334 0.000 
0 test2fip_consistent right_hidden
1.062 0.281 0.000 0.000 0.000 2.773 0.426 0.000 0.685 0.853 0.000 1.322 1.559 0.000 0.614 0.000 0.885 0.000 0.993 1.022 
---
1 test2fip_inconsistent left_hidden
0.607 1.745 0.319 0.395 0.744 0.360 0.161 0.000 0.000 1.397 1.097 2.708 0.512 0.000 2.676 0.000 0.166 0.000 2.334 0.000 
1 test2fip_inconsistent right_hidden
0.997 0.574 0.000 0.000 0.000 1.902 1.296 0.000 0.511 1.191 0.565 3.742 1.232 0.000 2.310 0.000 0.534 0.000 2.373 0.780 
---
0 test2fip_consistent left_hidden
0.000 0.913 0.000 0.111 0.740 0.000 0.379 0.018 1.905 0.000 0.684 2.482 1.079 0.000 0.736 0.000 2.501 2.419 0.000 1.467 
0 test2fip_consistent right_hidden
0.000 1.409 0.000 0.000 0.918 0.000 0.000 0.106 1.967 0.654 0.370 3.167 1.066 0.000 0.000 0.000 0.040 0.671 0.000 0.176 
---
1 test2fip_inconsistent left_hidden
0.000 0.913 0.000 0.111 0.740 0.000 0.379 0.018 1.905 0.000 0.684 2.482 1.079 0.000 0.736 0.000 2.501 2.419 0.000 1.467 
1 test2fip_inconsistent right_hidden
0.000 0.720 0.000 0.000 2.089 0.000 0.000 0.000 3.098 0.000 0.724 3.528 0.972 0.000 0.000 0.000 1.412 2.601 0.000 1.448 
---
0 test2fip_consistent left_hidden
0.243 0.000 0.757 0.000 0.613 0.000 1.765 0.604 0.267 0.181 0.558 0.000 0.000 0.000 0.088 1.083 1.696 0.852 0.126 4.137 
0 test2fip_consistent right_hidden
0.211 0.170 1.609 0.084 0.498 0.075 0.484 0.033 1.532 1.086 0.165 0.000 0.164 0.000 0.027 0.000 0.693 0.000 2.767 0.821 
---
1 test2fip_inconsistent left_hidden
0.243 0.000 0.757 0.000 0.613 0.000 1.765 0.604 0.267 0.181 0.558 0.000 0.000 0.000 0.088 1.083 1.696 0.852 0.126 4.137 
1 test2fip_inconsistent right_hidden
0.695 0.055 2.094 0.000 1.279 0.116 2.013 0.605 1.378 0.905 0.292 0.000 0.142 0.000 0.000 0.087 0.866 0.049 2.647 4.012 
---
0 test2fip_consistent left_hidden
1.309 0.000 0.000 3.744 0.000 0.978 0.359 0.000 3.369 0.000 0.000 0.000 0.000 0.000 0.000 0.000 0.000 0.000 0.000 0.000 
0 test2fip_consistent right_hidden
1.745 0.000 1.295 1.966 1.511 0.069 0.000 0.000 1.782 0.000 0.041 1.438 0.000 0.031 0.000 0.819 0.000 0.000 0.725 0.000 
---
1 test2fip_inconsistent left_hidden
1.309 0.000 0.000 3.744 0.000 0.978 0.359 0.000 3.369 0.000 0.000 0.000 0.000 0.000 0.000 0.000 0.000 0.000 0.000 0.000 
1 test2fip_inconsistent right_hidden
2.380 0.000 0.159 1.323 1.104 0.138 0.000 0.000 4.775 0.000 0.000 1.039 0.000 0.000 0.000 0.823 0.000 0.000 0.470 0.000 
---
0 test2fip_consistent left_hidden
3.131 0.424 0.000 0.188 0.000 0.000 0.267 0.783 0.000 0.000 3.839 0.102 0.000 0.574 0.000 0.000 0.000 0.000 0.000 0.000 
0 test2fip_consistent right_hidden
1.101 1.539 0.277 2.548 0.159 0.000 0.063 0.185 0.000 1.804 1.322 0.067 0.878 0.238 0.934 0.000 0.000 0.000 0.000 0.000 
---
1 test2fip_inconsistent left_hidden
3.131 0.424 0.000 0.188 0.000 0.000 0.267 0.783 0.000 0.000 3.839 0.102 0.000 0.574 0.000 0.000 0.000 0.000 0.000 0.000 
1 test2fip_inconsistent right_hidden
2.354 1.418 0.253 2.470 0.348 0.000 0.000 0.746 0.000 0.973 4.078 0.000 0.206 1.177 0.545 0.000 0.000 0.050 0.000 0.000 
---
0 test2fip_consistent left_hidden
0.000 0.000 0.000 0.000 3.606 0.000 0.000 3.525 0.493 0.000 0.000 0.000 1.294 0.000 0.000 0.000 0.431 0.000 1.039 0.591 
0 test2fip_consistent right_hidden
0.000 0.000 0.000 0.000 0.809 1.564 1.443 0.669 0.558 0.000 0.000 0.008 2.346 0.000 0.000 0.221 0.025 0.000 0.227 2.184 
---
1 test2fip_inconsistent left_hidden
0.000 0.000 0.000 0.000 3.606 0.000 0.000 3.525 0.493 0.000 0.000 0.000 1.294 0.000 0.000 0.000 0.431 0.000 1.039 0.591 
1 test2fip_inconsistent right_hidden
0.000 0.000 0.000 0.000 3.332 1.457 0.717 2.580 0.197 0.000 0.000 0.000 2.758 0.000 0.000 0.388 0.553 0.000 1.501 2.493 
---
0 test2fip_consistent left_hidden
0.638 0.000 0.002 0.340 1.582 1.464 0.280 0.000 0.000 0.118 0.177 0.000 0.785 1.533 0.000 4.048 0.000 0.000 0.097 0.637 
0 test2fip_consistent right_hidden
0.635 0.000 0.600 0.427 0.263 0.290 1.266 0.182 0.774 1.885 0.793 0.394 0.356 0.076 1.031 0.937 0.000 0.000 1.749 0.242 
---
1 test2fip_inconsistent left_hidden
0.638 0.000 0.002 0.340 1.582 1.464 0.280 0.000 0.000 0.118 0.177 0.000 0.785 1.533 0.000 4.048 0.000 0.000 0.097 0.637 
1 test2fip_inconsistent right_hidden
0.392 0.000 0.149 0.504 0.503 0.251 2.280 0.000 0.362 1.531 0.554 0.000 0.123 1.776 0.822 3.597 0.000 0.000 1.485 0.818 
---
0 test2fip_consistent left_hidden
0.000 1.183 0.000 0.000 0.000 0.000 0.000 1.702 0.220 4.069 0.469 0.000 0.000 0.000 0.402 0.444 1.217 0.000 0.000 0.565 
0 test2fip_consistent right_hidden
0.000 0.055 0.000 0.000 0.070 0.871 0.128 0.061 1.065 1.055 1.971 0.099 0.000 0.013 0.615 1.523 0.044 0.026 0.000 2.389 
---
1 test2fip_inconsistent left_hidden
0.000 1.183 0.000 0.000 0.000 0.000 0.000 1.702 0.220 4.069 0.469 0.000 0.000 0.000 0.402 0.444 1.217 0.000 0.000 0.565 
1 test2fip_inconsistent right_hidden
0.000 1.932 0.090 0.000 0.004 0.342 0.000 1.125 0.294 3.326 1.478 0.000 0.000 0.000 0.739 1.308 0.028 0.000 0.000 2.792 
---
0 test2fip_consistent left_hidden
0.000 0.000 0.000 0.558 0.489 3.760 0.401 2.146 0.294 0.000 0.000 0.000 1.719 0.000 0.000 0.000 0.000 0.000 0.226 2.635 
0 test2fip_consistent right_hidden
0.096 0.000 0.418 0.258 2.049 0.309 0.793 0.502 0.678 0.404 0.000 0.000 2.543 0.000 0.602 0.000 0.433 0.000 1.329 1.159 
---
1 test2fip_inconsistent left_hidden
0.000 0.000 0.000 0.558 0.489 3.760 0.401 2.146 0.294 0.000 0.000 0.000 1.719 0.000 0.000 0.000 0.000 0.000 0.226 2.635 
1 test2fip_inconsistent right_hidden
0.000 0.051 0.000 1.188 1.291 2.730 0.665 2.554 0.405 0.242 0.000 0.000 3.642 0.000 0.156 0.000 0.081 0.000 1.731 0.819 
---
0 test2fip_consistent left_hidden
0.000 0.470 0.000 0.292 0.388 0.000 0.000 0.000 0.135 3.512 0.000 0.000 0.000 0.337 3.090 2.025 0.111 0.000 0.000 0.000 
0 test2fip_consistent right_hidden
0.000 1.683 1.524 0.433 0.341 0.000 0.162 0.000 0.000 0.732 1.325 0.000 1.139 0.025 0.153 1.148 1.026 0.000 0.000 2.061 
---
1 test2fip_inconsistent left_hidden
0.000 0.470 0.000 0.292 0.388 0.000 0.000 0.000 0.135 3.512 0.000 0.000 0.000 0.337 3.090 2.025 0.111 0.000 0.000 0.000 
1 test2fip_inconsistent right_hidden
0.000 3.509 1.889 0.593 0.000 0.000 0.337 0.000 0.056 1.480 0.824 0.000 0.750 0.600 2.548 2.438 0.305 0.000 0.000 1.274 
---
0 test2fip_consistent left_hidden
2.699 0.059 1.322 0.000 1.064 0.339 0.779 0.135 0.943 1.522 0.544 0.000 0.000 0.000 2.482 0.000 0.349 0.161 2.082 0.000 
0 test2fip_consistent right_hidden
0.097 0.036 0.883 0.041 1.866 1.852 0.047 0.000 0.742 0.000 0.000 1.815 0.714 0.772 1.081 0.000 0.000 0.077 0.071 0.000 
---
1 test2fip_inconsistent left_hidden
2.699 0.059 1.322 0.000 1.064 0.339 0.779 0.135 0.943 1.522 0.544 0.000 0.000 0.000 2.482 0.000 0.349 0.161 2.082 0.000 
1 test2fip_inconsistent right_hidden
2.241 0.000 2.608 0.000 1.955 1.161 0.105 0.000 1.045 1.254 0.000 1.338 0.356 0.441 2.313 0.000 0.000 0.000 1.875 0.000 
---
0 test2fip_consistent left_hidden
0.660 0.543 0.000 0.572 0.000 0.000 0.000 3.231 0.390 2.764 0.000 0.000 0.000 0.270 0.781 1.624 0.093 0.000 0.984 1.151 
0 test2fip_consistent right_hidden
1.383 0.639 0.839 1.043 0.000 0.000 0.000 0.186 1.333 0.853 0.000 0.058 0.000 0.983 2.252 0.000 1.211 0.000 0.708 0.375 
---
1 test2fip_inconsistent left_hidden
0.660 0.543 0.000 0.572 0.000 0.000 0.000 3.231 0.390 2.764 0.000 0.000 0.000 0.270 0.781 1.624 0.093 0.000 0.984 1.151 
1 test2fip_inconsistent right_hidden
0.704 1.639 0.188 1.315 0.000 0.000 0.000 2.104 0.446 1.772 0.000 0.000 0.000 0.735 3.176 0.085 1.291 0.000 1.300 1.995 
---
0 test2fip_consistent left_hidden
0.413 0.000 2.668 0.231 0.000 0.000 0.000 0.000 0.961 0.000 0.594 0.000 1.608 2.226 0.000 1.021 1.606 2.463 0.000 0.000 
0 test2fip_consistent right_hidden
1.879 0.000 0.165 0.067 0.026 0.000 0.468 0.000 0.235 0.552 2.748 0.043 1.240 0.856 0.000 0.021 0.089 0.624 0.072 1.018 
---
1 test2fip_inconsistent left_hidden
0.413 0.000 2.668 0.231 0.000 0.000 0.000 0.000 0.961 0.000 0.594 0.000 1.608 2.226 0.000 1.021 1.606 2.463 0.000 0.000 
1 test2fip_inconsistent right_hidden
1.768 0.000 2.890 0.000 0.000 0.000 0.403 0.090 1.731 0.118 2.679 0.000 1.296 2.179 0.000 0.000 0.000 1.732 0.110 0.962 
---
0 test2fip_consistent left_hidden
0.000 0.000 3.058 0.000 0.048 0.000 0.000 0.000 0.000 0.264 0.000 0.000 2.663 0.125 1.324 2.532 0.842 0.322 0.000 0.000 
0 test2fip_consistent right_hidden
0.000 0.250 0.374 0.597 1.304 0.000 0.476 1.901 0.000 1.388 0.744 0.643 1.174 0.000 1.758 0.395 2.208 0.800 0.000 0.000 
---
1 test2fip_inconsistent left_hidden
0.000 0.000 3.058 0.000 0.048 0.000 0.000 0.000 0.000 0.264 0.000 0.000 2.663 0.125 1.324 2.532 0.842 0.322 0.000 0.000 
1 test2fip_inconsistent right_hidden
0.000 0.357 2.544 0.515 1.593 0.015 0.414 1.703 0.000 1.493 0.781 0.308 2.781 0.008 2.721 2.062 1.616 0.363 0.000 0.000 
---
0 test2fip_consistent left_hidden
2.152 1.490 0.000 0.000 1.388 0.000 0.653 1.880 0.108 1.371 0.378 1.346 0.000 0.000 0.869 0.000 0.000 1.291 1.801 1.168 
0 test2fip_consistent right_hidden
0.110 0.100 0.882 0.082 0.205 2.335 0.920 0.703 1.024 0.936 0.644 0.968 0.000 0.022 0.969 0.323 0.909 0.491 0.079 0.917 
---
1 test2fip_inconsistent left_hidden
2.152 1.490 0.000 0.000 1.388 0.000 0.653 1.880 0.108 1.371 0.378 1.346 0.000 0.000 0.869 0.000 0.000 1.291 1.801 1.168 
1 test2fip_inconsistent right_hidden
2.142 1.266 0.688 0.729 0.635 1.902 1.280 1.387 1.079 2.346 0.526 1.718 0.000 0.161 1.838 0.049 0.398 1.448 0.595 2.011 
---
0 test2fip_consistent left_hidden
0.000 4.040 0.000 1.034 0.000 0.000 0.000 0.074 1.314 2.111 0.000 0.000 0.000 0.268 0.000 0.307 0.000 0.919 0.569 1.186 
0 test2fip_consistent right_hidden
0.119 0.078 0.000 0.040 0.594 0.000 0.000 0.000 0.503 0.149 0.000 0.542 0.000 2.747 0.000 0.010 0.000 2.091 0.042 1.702 
---
1 test2fip_inconsistent left_hidden
0.000 4.040 0.000 1.034 0.000 0.000 0.000 0.074 1.314 2.111 0.000 0.000 0.000 0.268 0.000 0.307 0.000 0.919 0.569 1.186 
1 test2fip_inconsistent right_hidden
0.518 2.897 0.000 0.000 0.446 0.000 0.000 0.000 0.665 1.507 0.000 0.514 0.000 2.702 0.000 0.000 0.000 2.014 0.058 2.946 
---
0 test2fip_consistent left_hidden
0.069 0.000 1.002 0.000 0.000 0.618 0.000 1.695 0.000 0.000 1.366 1.607 0.437 0.000 2.973 2.709 0.000 0.275 0.000 0.378 
0 test2fip_consistent right_hidden
0.180 0.000 1.092 0.000 0.386 0.008 0.000 1.319 0.160 0.000 0.037 1.324 2.034 0.000 0.135 0.710 1.588 1.301 0.000 0.481 
---
1 test2fip_inconsistent left_hidden
0.069 0.000 1.002 0.000 0.000 0.618 0.000 1.695 0.000 0.000 1.366 1.607 0.437 0.000 2.973 2.709 0.000 0.275 0.000 0.378 
1 test2fip_inconsistent right_hidden
0.000 0.000 1.013 0.000 0.229 0.728 0.000 1.626 0.727 0.000 1.604 1.516 2.066 0.000 0.775 3.804 1.469 0.880 0.000 0.914 
---
0 test2fip_consistent left_hidden
0.000 0.000 1.934 2.416 1.510 0.119 0.000 0.000 0.000 1.577 0.000 1.053 0.000 1.075 0.000 0.000 0.518 3.352 0.126 0.530 
0 test2fip_consistent right_hidden
0.000 0.000 0.589 0.237 0.319 0.000 0.000 0.000 0.028 1.326 0.000 0.000 2.159 0.052 0.031 0.390 2.173 1.361 1.666 0.000 
---
1 test2fip_inconsistent left_hidden
0.000 0.000 1.934 2.416 1.510 0.119 0.000 0.000 0.000 1.577 0.000 1.053 0.000 1.075 0.000 0.000 0.518 3.352 0.126 0.530 
1 test2fip_inconsistent right_hidden
0.000 0.000 2.468 1.488 1.765 0.000 0.000 0.000 0.000 2.595 0.000 0.000 1.258 0.000 0.000 0.000 2.753 3.028 1.173 0.016 
---
0 test2fip_consistent left_hidden
0.780 0.103 0.257 0.000 2.489 1.555 0.000 1.063 0.000 0.000 0.000 0.000 0.166 0.000 1.133 0.000 0.000 0.000 0.000 3.606 
0 test2fip_consistent right_hidden
0.647 0.276 1.665 1.476 1.046 2.037 0.371 0.199 0.000 0.000 0.223 0.000 1.645 0.000 0.302 0.000 1.417 0.000 0.000 0.069 
---
1 test2fip_inconsistent left_hidden
0.780 0.103 0.257 0.000 2.489 1.555 0.000 1.063 0.000 0.000 0.000 0.000 0.166 0.000 1.133 0.000 0.000 0.000 0.000 3.606 
1 test2fip_inconsistent right_hidden
0.404 0.239 1.798 1.550 2.182 4.043 0.185 0.748 0.000 0.000 0.575 0.000 1.372 0.000 1.837 0.000 0.633 0.000 0.000 1.958 
---
0 test2fip_consistent left_hidden
0.675 0.000 0.307 2.949 0.000 0.162 0.191 0.073 0.733 1.830 0.000 2.620 2.103 0.000 0.061 0.540 0.491 1.477 0.000 0.153 
0 test2fip_consistent right_hidden
0.288 0.000 0.758 1.317 0.000 0.476 0.789 0.000 0.810 1.213 0.000 0.079 0.053 0.000 0.002 1.321 2.274 0.561 0.000 1.777 
---
1 test2fip_inconsistent left_hidden
0.675 0.000 0.307 2.949 0.000 0.162 0.191 0.073 0.733 1.830 0.000 2.620 2.103 0.000 0.061 0.540 0.491 1.477 0.000 0.153 
1 test2fip_inconsistent right_hidden
0.166 0.000 1.278 2.942 0.000 0.018 0.462 0.000 0.356 3.041 0.089 1.435 1.416 0.000 0.000 1.770 1.363 1.220 0.000 0.792 
---
0 test2fip_consistent left_hidden
0.000 0.000 0.000 0.390 0.000 0.000 0.000 0.000 0.000 0.000 0.013 0.000 0.101 0.000 1.201 2.932 0.000 3.730 0.000 2.387 
0 test2fip_consistent right_hidden
0.036 0.000 0.000 0.108 0.000 0.000 0.817 0.435 0.000 1.190 0.000 1.876 2.313 0.000 0.198 0.069 1.006 1.491 0.000 1.275 
---
1 test2fip_inconsistent left_hidden
0.000 0.000 0.000 0.390 0.000 0.000 0.000 0.000 0.000 0.000 0.013 0.000 0.101 0.000 1.201 2.932 0.000 3.730 0.000 2.387 
1 test2fip_inconsistent right_hidden
0.000 0.000 0.000 0.000 0.000 0.000 0.730 0.251 0.000 0.227 0.000 1.951 1.840 0.239 1.757 1.693 0.873 4.122 0.000 2.120 
---
0 test2fip_consistent left_hidden
0.000 0.949 0.713 1.522 2.056 0.000 0.000 1.333 0.064 1.989 0.000 1.006 0.000 0.000 0.550 1.210 0.000 0.000 0.000 2.942 
0 test2fip_consistent right_hidden
0.000 0.410 0.000 0.106 0.520 0.000 0.000 0.138 0.508 0.716 1.176 0.000 0.248 0.000 2.026 0.086 0.000 2.674 0.657 0.003 
---
1 test2fip_inconsistent left_hidden
0.000 0.949 0.713 1.522 2.056 0.000 0.000 1.333 0.064 1.989 0.000 1.006 0.000 0.000 0.550 1.210 0.000 0.000 0.000 2.942 
1 test2fip_inconsistent right_hidden
0.010 0.000 0.000 0.673 2.863 0.000 0.000 0.952 0.181 1.580 2.134 0.000 0.403 0.000 1.597 0.370 0.000 2.507 0.398 1.559 
---
0 test2fip_consistent left_hidden
0.000 0.000 1.977 0.000 0.000 0.000 2.967 1.472 0.333 0.386 0.149 0.000 2.315 0.599 0.000 1.180 1.422 0.422 0.000 0.433 
0 test2fip_consistent right_hidden
0.000 0.000 0.592 0.464 0.000 0.000 0.100 1.588 1.473 0.103 1.019 0.000 0.103 1.209 0.014 0.908 1.553 1.767 0.000 0.420 
---
1 test2fip_inconsistent left_hidden
0.000 0.000 1.977 0.000 0.000 0.000 2.967 1.472 0.333 0.386 0.149 0.000 2.315 0.599 0.000 1.180 1.422 0.422 0.000 0.433 
1 test2fip_inconsistent right_hidden
0.000 0.000 2.068 0.000 0.000 0.000 1.998 1.810 1.212 0.666 0.922 0.000 1.926 1.227 0.000 1.492 2.029 2.417 0.000 0.383 
---
0 test2fip_consistent left_hidden
0.000 0.014 0.000 0.434 2.548 0.000 1.218 1.858 0.000 0.890 0.440 0.000 0.000 2.431 1.970 0.176 0.000 1.601 0.605 0.198 
0 test2fip_consistent right_hidden
0.000 1.156 0.000 0.093 0.091 0.033 0.076 0.087 0.049 0.000 0.845 0.392 0.631 0.128 3.037 0.092 0.319 1.337 1.208 0.974 
---
1 test2fip_inconsistent left_hidden
0.000 0.014 0.000 0.434 2.548 0.000 1.218 1.858 0.000 0.890 0.440 0.000 0.000 2.431 1.970 0.176 0.000 1.601 0.605 0.198 
1 test2fip_inconsistent right_hidden
0.000 0.686 0.000 0.000 0.774 0.000 1.394 1.636 0.000 0.000 0.654 0.000 0.000 2.191 4.004 0.000 0.000 2.346 1.748 0.836 
---
0 test2fip_consistent left_hidden
0.000 0.000 0.000 0.014 2.304 0.127 0.378 2.333 0.000 0.000 2.350 1.703 0.286 0.000 0.000 0.544 1.606 0.000 0.000 0.514 
0 test2fip_consistent right_hidden
0.622 0.102 0.816 0.000 0.116 2.134 1.089 0.500 0.000 0.799 1.050 0.987 1.217 0.000 0.000 0.070 1.291 0.000 0.200 0.306 
---
1 test2fip_inconsistent left_hidden
0.000 0.000 0.000 0.014 2.304 0.127 0.378 2.333 0.000 0.000 2.350 1.703 0.286 0.000 0.000 0.544 1.606 0.000 0.000 0.514 
1 test2fip_inconsistent right_hidden
0.508 0.097 0.328 0.146 2.652 1.865 1.065 0.768 0.042 0.602 2.816 0.691 2.425 0.000 0.000 1.096 1.710 0.000 0.549 1.092 
---
0 test2fip_consistent left_hidden
0.000 0.000 1.770 0.000 0.000 0.000 2.022 0.000 1.538 0.905 0.000 0.000 0.000 0.830 0.360 0.255 0.000 0.000 3.360 1.826 
0 test2fip_consistent right_hidden
0.852 0.000 0.989 0.356 0.000 0.000 1.165 0.392 0.498 0.000 0.245 0.000 0.000 0.061 2.319 1.600 0.353 0.000 0.217 1.468 
---
1 test2fip_inconsistent left_hidden
0.000 0.000 1.770 0.000 0.000 0.000 2.022 0.000 1.538 0.905 0.000 0.000 0.000 0.830 0.360 0.255 0.000 0.000 3.360 1.826 
1 test2fip_inconsistent right_hidden
0.400 0.000 2.445 0.228 0.000 0.000 2.510 0.266 1.529 0.000 0.487 0.000 0.000 0.166 1.757 1.586 0.261 0.349 2.690 2.057 
---
0 test2fip_consistent left_hidden
0.000 0.000 0.000 2.545 0.000 2.565 0.066 0.000 0.000 1.691 0.000 1.055 0.000 0.000 0.621 0.000 2.187 1.763 0.618 0.562 
0 test2fip_consistent right_hidden
0.000 0.000 0.000 1.196 1.675 1.257 0.009 0.000 1.264 0.892 0.000 1.893 0.000 1.362 0.008 0.000 0.121 0.622 0.000 0.000 
---
1 test2fip_inconsistent left_hidden
0.000 0.000 0.000 2.545 0.000 2.565 0.066 0.000 0.000 1.691 0.000 1.055 0.000 0.000 0.621 0.000 2.187 1.763 0.618 0.562 
1 test2fip_inconsistent right_hidden
0.000 0.000 0.008 2.653 0.866 3.100 0.000 0.000 1.067 2.667 0.000 2.361 0.000 1.191 1.022 0.000 1.516 1.540 0.000 0.000 
---
0 test2fip_consistent left_hidden
0.000 0.000 0.000 0.000 0.689 0.000 0.000 0.000 0.000 0.000 0.839 0.213 3.686 0.000 1.593 0.000 0.000 0.000 2.732 0.291 
0 test2fip_consistent right_hidden
0.000 2.137 0.000 0.000 1.892 0.000 0.000 1.155 0.000 0.041 0.000 0.852 1.906 0.000 0.535 0.138 0.026 0.000 0.303 0.188 
---
1 test2fip_inconsistent left_hidden
0.000 0.000 0.000 0.000 0.689 0.000 0.000 0.000 0.000 0.000 0.839 0.213 3.686 0.000 1.593 0.000 0.000 0.000 2.732 0.291 
1 test2fip_inconsistent right_hidden
0.000 1.821 0.000 0.000 1.484 0.000 0.000 0.858 0.000 0.000 0.000 1.408 3.990 0.000 2.691 0.934 0.000 0.000 0.859 0.799 
---
0 test2fip_consistent left_hidden
0.000 0.445 0.000 1.857 0.000 0.000 0.000 1.128 0.000 2.050 0.000 0.000 0.000 0.000 1.598 0.340 2.313 0.000 0.000 2.702 
0 test2fip_consistent right_hidden
0.000 0.550 0.000 0.180 0.000 0.006 0.000 0.013 0.000 0.564 0.000 0.021 0.000 0.000 0.449 3.219 0.264 0.000 0.048 2.064 
---
1 test2fip_inconsistent left_hidden
0.000 0.445 0.000 1.857 0.000 0.000 0.000 1.128 0.000 2.050 0.000 0.000 0.000 0.000 1.598 0.340 2.313 0.000 0.000 2.702 
1 test2fip_inconsistent right_hidden
0.000 0.472 0.000 1.076 0.000 0.000 0.000 0.912 0.000 1.948 0.000 0.000 0.000 0.000 1.527 2.691 1.711 0.000 0.000 4.170 
---
0 test2fip_consistent left_hidden
1.168 3.074 1.269 0.000 0.359 1.750 0.000 1.776 1.786 0.988 0.000 0.000 0.000 1.812 0.000 0.000 0.000 0.665 0.000 0.186 
0 test2fip_consistent right_hidden
0.175 0.235 0.000 0.000 1.814 1.936 0.000 1.010 0.709 0.559 0.000 0.000 0.000 0.213 0.983 1.015 1.246 0.000 0.000 1.016 
---
1 test2fip_inconsistent left_hidden
1.168 3.074 1.269 0.000 0.359 1.750 0.000 1.776 1.786 0.988 0.000 0.000 0.000 1.812 0.000 0.000 0.000 0.665 0.000 0.186 
1 test2fip_inconsistent right_hidden
0.486 2.710 0.000 0.000 1.656 2.874 0.000 0.923 2.397 0.561 0.389 0.000 0.000 1.619 1.066 0.695 0.671 0.000 0.000 0.588 
---
0 test2fip_consistent left_hidden
0.528 3.708 0.521 0.000 1.397 0.000 0.000 0.000 2.570 0.000 1.655 0.000 0.502 0.000 0.000 0.564 0.828 0.000 0.031 0.000 
0 test2fip_consistent right_hidden
0.000 0.769 2.248 0.000 0.283 0.000 0.000 0.000 0.124 0.181 1.167 0.000 2.161 0.000 1.450 1.590 1.691 0.000 0.097 0.000 
---
1 test2fip_inconsistent left_hidden
0.528 3.708 0.521 0.000 1.397 0.000 0.000 0.000 2.570 0.000 1.655 0.000 0.502 0.000 0.000 0.564 0.828 0.000 0.031 0.000 
1 test2fip_inconsistent right_hidden
0.000 3.421 2.482 0.000 0.417 0.000 0.000 0.000 1.245 0.565 3.403 0.000 1.174 0.000 0.955 1.649 1.931 0.000 0.000 0.000 
---
0 test2fip_consistent left_hidden
0.241 0.000 0.014 2.863 2.010 2.018 0.215 0.000 1.602 0.000 1.848 0.000 0.957 0.000 0.000 1.283 0.000 0.000 0.000 0.000 
0 test2fip_consistent right_hidden
0.000 0.044 1.195 2.531 0.881 0.054 0.359 0.000 0.000 0.035 0.109 0.000 0.133 1.623 0.000 1.423 0.000 1.021 0.000 0.028 
---
1 test2fip_inconsistent left_hidden
0.241 0.000 0.014 2.863 2.010 2.018 0.215 0.000 1.602 0.000 1.848 0.000 0.957 0.000 0.000 1.283 0.000 0.000 0.000 0.000 
1 test2fip_inconsistent right_hidden
0.000 0.000 0.988 3.792 0.699 2.741 0.268 0.000 0.000 0.000 1.176 0.000 1.058 2.225 0.000 2.202 0.000 0.865 0.000 0.000 
---
0 test2fip_consistent left_hidden
2.053 0.564 1.619 0.000 0.006 0.093 0.287 0.907 0.264 0.495 0.738 0.420 0.018 1.352 0.000 3.734 0.018 0.000 0.773 0.000 
0 test2fip_consistent right_hidden
0.346 0.000 0.117 0.000 1.085 0.000 0.055 0.133 0.050 1.199 0.039 0.000 0.068 0.969 0.000 1.878 2.659 0.000 0.000 1.345 
---
1 test2fip_inconsistent left_hidden
2.053 0.564 1.619 0.000 0.006 0.093 0.287 0.907 0.264 0.495 0.738 0.420 0.018 1.352 0.000 3.734 0.018 0.000 0.773 0.000 
1 test2fip_inconsistent right_hidden
2.093 0.000 1.315 0.000 0.967 0.000 0.779 0.283 0.428 0.907 0.000 0.000 0.000 2.173 0.000 4.232 1.712 0.000 0.930 0.948 
---
0 test2fip_consistent left_hidden
0.062 0.186 0.930 0.000 0.111 2.904 0.605 0.519 0.000 0.000 1.483 0.081 0.000 3.189 0.175 0.000 0.085 0.206 0.000 0.000 
0 test2fip_consistent right_hidden
0.000 0.073 0.000 0.722 2.011 0.026 0.435 1.761 0.000 0.000 0.430 1.807 0.000 1.946 0.000 0.000 0.709 0.071 0.000 0.009 
---
1 test2fip_inconsistent left_hidden
0.062 0.186 0.930 0.000 0.111 2.904 0.605 0.519 0.000 0.000 1.483 0.081 0.000 3.189 0.175 0.000 0.085 0.206 0.000 0.000 
1 test2fip_inconsistent right_hidden
0.000 0.082 0.000 0.474 1.842 1.363 0.398 1.555 0.000 0.000 2.270 0.446 0.000 4.435 0.112 0.000 1.034 0.731 0.000 0.104 
---
0 test2fip_consistent left_hidden
0.237 0.165 2.741 0.754 0.000 1.772 1.056 0.000 0.709 0.000 0.000 0.027 0.000 0.086 2.492 0.025 2.245 1.167 0.045 0.000 
0 test2fip_consistent right_hidden
0.000 0.090 0.228 0.095 0.000 0.327 0.000 0.000 0.132 0.000 0.000 0.000 0.000 2.343 0.733 0.487 1.726 1.154 2.087 0.000 
---
1 test2fip_inconsistent left_hidden
0.237 0.165 2.741 0.754 0.000 1.772 1.056 0.000 0.709 0.000 0.000 0.027 0.000 0.086 2.492 0.025 2.245 1.167 0.045 0.000 
1 test2fip_inconsistent right_hidden
0.000 0.000 2.630 0.408 0.000 0.352 0.042 0.000 1.248 0.000 0.000 0.000 0.000 1.739 2.680 0.421 3.246 0.974 2.041 0.000 
---
0 test2fip_consistent left_hidden
0.516 0.717 0.000 0.675 0.322 0.193 0.000 0.954 1.234 1.962 0.000 0.425 0.544 0.434 1.446 1.757 2.922 0.613 1.373 0.000 
0 test2fip_consistent right_hidden
2.202 0.986 0.000 0.238 0.935 0.050 0.000 1.177 0.053 0.175 1.409 0.877 1.062 0.946 0.562 0.756 1.024 0.290 0.050 0.000 
---
1 test2fip_inconsistent left_hidden
0.516 0.717 0.000 0.675 0.322 0.193 0.000 0.954 1.234 1.962 0.000 0.425 0.544 0.434 1.446 1.757 2.922 0.613 1.373 0.000 
1 test2fip_inconsistent right_hidden
2.007 1.876 0.000 0.000 0.837 0.235 0.000 0.768 0.810 1.153 0.468 0.929 1.289 0.727 1.379 2.758 2.719 0.230 1.394 0.000 
---
0 test2fip_consistent left_hidden
0.520 0.210 2.715 0.308 0.324 0.410 0.000 0.000 3.116 1.167 1.046 0.000 0.000 0.000 0.323 0.000 1.220 1.811 0.121 0.143 
0 test2fip_consistent right_hidden
0.742 0.020 0.066 0.500 1.130 2.697 0.000 0.000 1.117 0.940 1.015 0.000 0.316 0.251 0.000 0.000 0.126 1.231 0.819 0.576 
---
1 test2fip_inconsistent left_hidden
0.520 0.210 2.715 0.308 0.324 0.410 0.000 0.000 3.116 1.167 1.046 0.000 0.000 0.000 0.323 0.000 1.220 1.811 0.121 0.143 
1 test2fip_inconsistent right_hidden
1.009 0.591 1.739 1.301 1.360 2.303 0.000 0.000 3.301 1.647 1.078 0.000 0.180 0.000 0.000 0.000 1.207 2.181 0.776 0.352 
---
0 test2fip_consistent left_hidden
1.101 1.024 0.005 0.000 1.063 0.000 0.892 0.000 1.004 3.496 0.000 0.000 0.037 1.003 0.000 2.723 0.251 0.000 0.000 0.612 
0 test2fip_consistent right_hidden
0.229 0.000 0.123 0.000 0.121 0.466 1.296 0.852 0.000 2.909 0.000 0.637 0.052 0.000 0.000 0.090 0.000 0.000 0.499 1.795 
---
1 test2fip_inconsistent left_hidden
1.101 1.024 0.005 0.000 1.063 0.000 0.892 0.000 1.004 3.496 0.000 0.000 0.037 1.003 0.000 2.723 0.251 0.000 0.000 0.612 
1 test2fip_inconsistent right_hidden
1.410 1.036 0.433 0.000 1.600 0.164 1.427 0.616 1.038 4.389 0.000 0.222 0.000 0.568 0.000 1.936 0.000 0.000 0.152 2.270 
---
0 test2fip_consistent left_hidden
0.000 0.000 0.000 4.225 0.021 0.872 0.992 1.184 0.501 0.136 0.000 0.000 0.000 1.978 0.052 0.000 0.000 0.282 0.033 0.143 
0 test2fip_consistent right_hidden
0.000 0.000 0.000 0.653 0.617 0.097 1.235 0.075 1.633 0.000 1.875 0.000 0.000 0.958 2.212 0.084 0.551 0.230 0.000 0.359 
---
1 test2fip_inconsistent left_hidden
0.000 0.000 0.000 4.225 0.021 0.872 0.992 1.184 0.501 0.136 0.000 0.000 0.000 1.978 0.052 0.000 0.000 0.282 0.033 0.143 
1 test2fip_inconsistent right_hidden
0.000 0.000 0.000 3.642 0.116 0.000 1.132 0.139 2.132 0.000 1.328 0.000 0.000 2.580 2.162 0.000 0.159 0.000 0.000 1.480 
---
0 test2fip_consistent left_hidden
2.538 0.018 0.578 0.337 0.025 0.298 0.000 0.000 0.000 1.930 0.585 0.000 0.000 0.329 1.980 0.000 3.016 0.078 0.000 0.000 
0 test2fip_consistent right_hidden
0.907 0.780 0.260 0.189 1.453 0.950 0.000 0.000 0.131 0.497 1.324 0.000 0.239 2.186 1.295 1.042 0.370 0.147 0.070 0.000 
---
1 test2fip_inconsistent left_hidden
2.538 0.018 0.578 0.337 0.025 0.298 0.000 0.000 0.000 1.930 0.585 0.000 0.000 0.329 1.980 0.000 3.016 0.078 0.000 0.000 
1 test2fip_inconsistent right_hidden
2.697 0.784 0.429 0.123 1.545 0.759 0.000 0.000 0.342 2.671 1.395 0.000 0.000 2.015 1.306 0.495 2.290 0.270 0.000 0.000 
---
0 test2fip_consistent left_hidden
0.000 0.000 0.000 0.000 0.000 0.000 0.298 0.000 0.000 0.000 0.000 0.100 0.000 4.904 0.063 0.000 0.000 0.000 0.852 0.000 
0 test2fip_consistent right_hidden
0.000 0.000 0.000 0.254 0.574 0.000 0.097 0.000 0.000 0.032 1.390 0.645 0.027 1.268 1.832 0.261 0.000 2.504 0.409 1.245 
---
1 test2fip_inconsistent left_hidden
0.000 0.000 0.000 0.000 0.000 0.000 0.298 0.000 0.000 0.000 0.000 0.100 0.000 4.904 0.063 0.000 0.000 0.000 0.852 0.000 
1 test2fip_inconsistent right_hidden
0.000 0.000 0.000 0.285 0.323 0.000 0.442 0.000 0.000 0.000 1.549 1.092 0.000 4.465 2.196 0.537 0.000 2.159 1.545 0.428 
---
0 test2fip_consistent left_hidden
0.000 2.013 0.672 2.671 0.000 0.000 1.353 0.000 0.000 0.712 0.000 0.006 0.010 0.152 1.288 0.368 0.993 2.354 1.018 1.516 
0 test2fip_consistent right_hidden
0.015 0.630 0.549 1.046 0.000 1.753 0.577 0.000 1.466 0.632 0.014 0.000 1.770 0.018 0.880 0.000 0.252 1.780 0.152 0.030 
---
1 test2fip_inconsistent left_hidden
0.000 2.013 0.672 2.671 0.000 0.000 1.353 0.000 0.000 0.712 0.000 0.006 0.010 0.152 1.288 0.368 0.993 2.354 1.018 1.516 
1 test2fip_inconsistent right_hidden
0.001 2.337 0.520 2.314 0.000 1.234 2.173 0.000 1.898 1.166 0.066 0.000 1.447 0.000 0.735 0.571 0.791 2.563 0.525 1.723 
---
0 test2fip_consistent left_hidden
0.012 0.000 0.000 0.747 0.054 0.000 0.028 1.074 2.085 0.000 0.000 0.000 0.000 0.000 1.348 1.340 0.000 4.053 0.000 0.000 
0 test2fip_consistent right_hidden
1.190 0.000 0.046 0.206 0.167 0.756 0.156 0.074 0.753 1.223 0.000 0.000 0.000 0.617 0.000 1.966 0.000 2.915 0.599 0.000 
---
1 test2fip_inconsistent left_hidden
0.012 0.000 0.000 0.747 0.054 0.000 0.028 1.074 2.085 0.000 0.000 0.000 0.000 0.000 1.348 1.340 0.000 4.053 0.000 0.000 
1 test2fip_inconsistent right_hidden
0.266 0.000 0.000 0.110 0.000 1.393 0.136 2.556 1.648 0.622 0.000 0.000 0.000 0.000 0.223 2.463 0.000 3.888 0.000 0.000 
---
0 test2fip_consistent left_hidden
0.714 0.000 0.000 0.000 0.000 3.032 0.000 0.000 0.000 0.000 0.000 0.491 0.000 3.666 0.143 0.000 0.191 0.000 0.000 0.635 
0 test2fip_consistent right_hidden
1.177 0.080 0.047 0.000 0.461 2.102 0.000 0.000 0.228 0.000 0.000 0.000 0.000 0.361 2.555 0.000 0.034 0.077 0.917 1.607 
---
1 test2fip_inconsistent left_hidden
0.714 0.000 0.000 0.000 0.000 3.032 0.000 0.000 0.000 0.000 0.000 0.491 0.000 3.666 0.143 0.000 0.191 0.000 0.000 0.635 
1 test2fip_inconsistent right_hidden
1.615 0.000 0.010 0.000 0.582 3.220 0.845 0.000 0.356 0.000 0.000 0.000 0.000 3.717 2.330 0.000 0.000 0.000 0.726 1.170 
---
0 test2fip_consistent left_hidden
0.000 0.000 0.417 0.074 1.179 0.000 2.145 2.670 0.087 0.000 0.000 0.094 0.000 0.000 1.406 0.000 2.583 0.000 0.000 1.449 
0 test2fip_consistent right_hidden
0.000 0.436 0.000 1.825 0.498 0.000 1.193 0.353 1.030 1.342 0.997 1.551 0.000 0.000 1.222 0.000 1.293 0.000 0.000 0.153 
---
1 test2fip_inconsistent left_hidden
0.000 0.000 0.417 0.074 1.179 0.000 2.145 2.670 0.087 0.000 0.000 0.094 0.000 0.000 1.406 0.000 2.583 0.000 0.000 1.449 
1 test2fip_inconsistent right_hidden
0.000 0.257 0.000 1.379 2.641 0.000 2.418 1.802 0.903 0.978 1.381 0.934 0.000 0.000 1.564 0.000 2.052 0.000 0.000 0.997 
---
0 test2fip_consistent left_hidden
0.000 0.000 0.000 4.380 0.057 0.000 0.000 0.000 0.597 0.222 0.000 0.000 0.000 1.789 0.000 0.000 0.000 0.652 0.090 0.013 
0 test2fip_consistent right_hidden
0.015 0.000 0.192 1.398 0.675 0.000 0.000 0.000 0.263 0.590 1.730 0.082 0.000 1.545 0.000 2.468 0.000 0.690 0.000 0.182 
---
1 test2fip_inconsistent left_hidden
0.000 0.000 0.000 4.380 0.057 0.000 0.000 0.000 0.597 0.222 0.000 0.000 0.000 1.789 0.000 0.000 0.000 0.652 0.090 0.013 
1 test2fip_inconsistent right_hidden
0.000 0.000 0.773 4.644 0.567 0.000 0.000 0.000 0.000 1.439 0.985 0.000 0.000 2.098 0.000 1.889 0.000 0.837 0.000 0.215 
---
0 test2fip_consistent left_hidden
0.053 0.000 0.000 3.631 0.000 0.000 0.198 0.528 0.000 0.962 0.309 0.000 0.000 0.000 3.135 1.520 0.000 0.198 0.000 0.000 
0 test2fip_consistent right_hidden
1.639 0.000 0.194 0.477 2.995 0.000 0.748 0.055 0.000 0.140 0.216 0.000 0.000 0.135 1.824 0.000 0.000 0.000 0.093 0.000 
---
1 test2fip_inconsistent left_hidden
0.053 0.000 0.000 3.631 0.000 0.000 0.198 0.528 0.000 0.962 0.309 0.000 0.000 0.000 3.135 1.520 0.000 0.198 0.000 0.000 
1 test2fip_inconsistent right_hidden
1.517 0.000 0.000 3.287 2.684 0.000 0.545 0.000 0.000 0.605 0.000 0.000 0.000 0.000 3.681 1.069 0.000 0.000 0.921 0.000 
---
0 test2fip_consistent left_hidden
1.154 0.000 0.000 0.384 0.000 0.318 0.549 0.034 4.037 1.759 1.149 0.713 0.000 0.000 0.000 0.812 0.130 0.172 1.507 0.000 
0 test2fip_consistent right_hidden
0.990 0.000 0.000 1.008 0.384 1.131 1.664 0.000 1.064 0.808 0.204 0.010 1.320 0.098 2.151 0.397 0.062 0.186 0.352 0.000 
---
1 test2fip_inconsistent left_hidden
1.154 0.000 0.000 0.384 0.000 0.318 0.549 0.034 4.037 1.759 1.149 0.713 0.000 0.000 0.000 0.812 0.130 0.172 1.507 0.000 
1 test2fip_inconsistent right_hidden
0.962 0.000 0.000 0.540 0.000 1.099 1.898 0.000 4.026 1.278 0.875 0.821 0.489 0.000 2.412 0.156 0.362 0.000 1.693 0.000 
---
0 test2fip_consistent left_hidden
0.000 0.000 3.842 0.000 0.511 0.000 0.000 0.000 0.000 3.644 0.079 0.000 0.000 0.000 0.000 0.000 0.000 0.000 0.000 0.000 
0 test2fip_consistent right_hidden
0.000 0.198 0.169 0.802 2.011 0.000 0.000 0.029 0.000 1.259 1.172 1.240 0.000 0.262 0.000 0.000 0.000 0.000 0.000 2.679 
---
1 test2fip_inconsistent left_hidden
0.000 0.000 3.842 0.000 0.511 0.000 0.000 0.000 0.000 3.644 0.079 0.000 0.000 0.000 0.000 0.000 0.000 0.000 0.000 0.000 
1 test2fip_inconsistent right_hidden
0.000 0.687 0.387 0.542 1.940 0.000 0.000 0.000 0.000 4.427 0.940 1.101 0.000 1.592 0.000 0.000 0.000 0.000 0.000 1.975 
---
0 test2fip_consistent left_hidden
1.367 0.000 0.462 0.000 0.121 0.000 0.069 3.280 0.000 0.000 0.000 0.774 0.357 1.258 1.405 0.451 0.000 0.000 0.416 2.444 
0 test2fip_consistent right_hidden
1.162 0.000 0.000 0.000 0.127 0.000 0.000 1.063 0.000 1.940 0.000 1.748 0.707 0.092 1.204 0.710 0.000 0.000 2.196 0.000 
---
1 test2fip_inconsistent left_hidden
1.367 0.000 0.462 0.000 0.121 0.000 0.069 3.280 0.000 0.000 0.000 0.774 0.357 1.258 1.405 0.451 0.000 0.000 0.416 2.444 
1 test2fip_inconsistent right_hidden
1.143 0.000 0.000 0.000 0.000 0.000 0.000 2.569 0.000 1.595 0.000 1.353 1.592 1.442 2.361 0.683 0.000 0.000 1.925 2.163 
---
0 test2fip_consistent left_hidden
2.518 0.000 0.655 2.521 0.517 0.741 0.000 0.350 0.000 0.000 1.504 0.000 0.000 0.210 1.682 1.716 0.275 1.903 0.000 0.687 
0 test2fip_consistent right_hidden
1.637 0.031 1.257 0.189 0.604 2.232 0.048 0.000 0.509 0.000 0.000 0.000 0.564 0.016 0.041 0.234 0.080 0.798 0.000 2.002 
---
1 test2fip_inconsistent left_hidden
2.518 0.000 0.655 2.521 0.517 0.741 0.000 0.350 0.000 0.000 1.504 0.000 0.000 0.210 1.682 1.716 0.275 1.903 0.000 0.687 
1 test2fip_inconsistent right_hidden
3.360 0.000 2.049 1.312 0.201 2.293 0.000 0.000 0.510 0.000 0.000 0.000 0.000 0.000 1.503 2.035 0.039 1.415 0.000 1.605 
---
0 test2fip_consistent left_hidden
1.152 0.000 3.395 0.003 0.000 0.191 0.000 1.666 0.439 2.292 0.681 0.000 0.225 0.324 0.000 0.000 0.000 0.000 1.733 0.000 
0 test2fip_consistent right_hidden
0.099 0.000 1.439 0.000 0.000 3.161 0.282 1.000 0.389 0.515 0.213 0.395 0.989 0.066 0.000 0.000 0.000 0.000 0.058 0.118 
---
1 test2fip_inconsistent left_hidden
1.152 0.000 3.395 0.003 0.000 0.191 0.000 1.666 0.439 2.292 0.681 0.000 0.225 0.324 0.000 0.000 0.000 0.000 1.733 0.000 
1 test2fip_inconsistent right_hidden
1.315 0.000 3.270 0.000 0.000 2.780 0.445 2.272 1.432 1.634 0.459 0.043 1.073 0.349 0.000 0.000 0.000 0.000 1.307 0.276 
---
0 test2fip_consistent left_hidden
1.931 0.585 0.000 1.717 2.496 0.000 0.000 0.219 1.511 1.700 0.184 0.785 0.000 1.223 1.983 0.000 0.684 0.000 0.000 0.000 
0 test2fip_consistent right_hidden
0.001 1.073 0.000 0.248 2.572 0.026 0.160 0.000 2.089 0.104 0.000 0.000 0.000 0.000 0.000 0.108 0.132 0.101 1.518 1.352 
---
1 test2fip_inconsistent left_hidden
1.931 0.585 0.000 1.717 2.496 0.000 0.000 0.219 1.511 1.700 0.184 0.785 0.000 1.223 1.983 0.000 0.684 0.000 0.000 0.000 
1 test2fip_inconsistent right_hidden
1.504 0.853 0.000 1.804 4.247 0.000 1.463 0.000 2.630 1.470 0.087 0.000 0.000 0.106 0.778 0.000 0.463 1.156 0.960 1.080 
---
0 test2fip_consistent left_hidden
0.536 0.810 1.783 0.000 0.000 0.000 0.498 2.025 0.000 2.902 0.000 0.000 0.000 2.132 0.712 0.709 0.000 0.000 0.000 0.289 
0 test2fip_consistent right_hidden
0.978 0.653 2.255 1.043 0.371 0.000 0.476 0.601 0.929 0.142 0.000 0.000 0.000 0.943 0.307 0.081 0.000 0.000 0.103 2.311 
---
1 test2fip_inconsistent left_hidden
0.536 0.810 1.783 0.000 0.000 0.000 0.498 2.025 0.000 2.902 0.000 0.000 0.000 2.132 0.712 0.709 0.000 0.000 0.000 0.289 
1 test2fip_inconsistent right_hidden
1.893 0.395 3.399 0.577 0.232 0.000 1.272 1.434 0.490 1.906 0.000 0.000 0.000 2.106 1.396 0.000 0.000 0.000 0.000 1.528 
---
0 test2fip_consistent left_hidden
0.435 2.525 1.227 0.000 0.000 0.304 0.000 0.723 0.000 0.000 0.472 0.791 1.375 0.597 3.351 0.001 0.694 0.000 0.000 0.000 
0 test2fip_consistent right_hidden
0.000 2.152 0.000 0.000 0.000 2.092 0.000 0.057 0.398 0.268 0.087 0.000 0.000 0.210 1.120 0.025 0.130 0.000 0.000 1.942 
---
1 test2fip_inconsistent left_hidden
0.435 2.525 1.227 0.000 0.000 0.304 0.000 0.723 0.000 0.000 0.472 0.791 1.375 0.597 3.351 0.001 0.694 0.000 0.000 0.000 
1 test2fip_inconsistent right_hidden
0.119 3.241 0.779 0.000 0.000 1.546 0.000 0.269 0.110 0.000 0.671 0.368 1.380 0.814 3.918 0.016 0.000 0.000 0.000 1.063 
---
0 test2fip_consistent left_hidden
0.063 0.000 0.000 0.159 1.018 0.000 0.241 0.211 1.948 1.545 0.621 2.838 0.000 0.238 0.000 0.000 2.425 0.000 1.532 0.582 
0 test2fip_consistent right_hidden
1.996 0.000 0.000 0.032 0.022 1.224 0.598 0.531 0.187 0.044 0.784 1.870 0.000 0.094 0.000 0.576 0.036 2.099 0.151 0.000 
---
1 test2fip_inconsistent left_hidden
0.063 0.000 0.000 0.159 1.018 0.000 0.241 0.211 1.948 1.545 0.621 2.838 0.000 0.238 0.000 0.000 2.425 0.000 1.532 0.582 
1 test2fip_inconsistent right_hidden
1.491 0.000 0.000 0.000 0.535 1.076 1.186 0.598 1.377 1.089 1.363 3.783 0.000 0.863 0.000 0.334 0.832 1.693 1.603 0.069 
---
0 test2fip_consistent left_hidden
1.451 0.000 1.071 0.654 3.919 0.563 2.062 0.000 0.412 0.000 0.000 0.053 0.645 0.000 0.000 1.535 0.000 0.000 0.238 0.000 
0 test2fip_consistent right_hidden
0.000 0.357 0.182 0.058 2.468 1.589 0.066 0.000 0.517 0.077 0.000 0.000 0.395 0.000 0.000 0.065 0.000 0.078 1.918 1.676 
---
1 test2fip_inconsistent left_hidden
1.451 0.000 1.071 0.654 3.919 0.563 2.062 0.000 0.412 0.000 0.000 0.053 0.645 0.000 0.000 1.535 0.000 0.000 0.238 0.000 
1 test2fip_inconsistent right_hidden
0.703 0.000 0.842 0.999 5.075 1.266 1.397 0.000 0.440 0.000 0.000 0.000 0.813 0.000 0.000 1.536 0.000 0.012 1.473 1.339 
---
0 test2fip_consistent left_hidden
0.163 1.028 0.000 3.656 1.113 1.401 0.000 0.000 0.000 0.000 0.386 0.000 2.712 0.108 0.000 0.965 0.206 0.000 0.000 1.250 
0 test2fip_consistent right_hidden
1.004 1.078 0.028 0.724 1.747 0.887 0.000 0.335 0.020 2.136 1.751 0.312 0.714 0.361 0.000 0.014 0.178 0.000 0.000 0.000 
---
1 test2fip_inconsistent left_hidden
0.163 1.028 0.000 3.656 1.113 1.401 0.000 0.000 0.000 0.000 0.386 0.000 2.712 0.108 0.000 0.965 0.206 0.000 0.000 1.250 
1 test2fip_inconsistent right_hidden
0.641 0.532 0.195 1.359 2.131 1.826 0.000 0.391 0.000 1.239 1.874 0.959 3.274 0.000 0.000 0.000 0.022 0.000 0.000 1.520 
---
0 test2fip_consistent left_hidden
0.000 1.570 1.756 0.511 0.000 0.000 0.000 0.000 1.906 0.000 0.000 0.462 3.910 0.000 0.000 0.568 0.652 0.069 0.000 0.028 
0 test2fip_consistent right_hidden
0.000 0.126 0.873 1.587 0.000 0.015 0.037 3.220 0.672 0.000 0.000 0.226 0.448 0.000 1.217 1.058 0.000 0.000 0.123 0.454 
---
1 test2fip_inconsistent left_hidden
0.000 1.570 1.756 0.511 0.000 0.000 0.000 0.000 1.906 0.000 0.000 0.462 3.910 0.000 0.000 0.568 0.652 0.069 0.000 0.028 
1 test2fip_inconsistent right_hidden
0.000 1.635 3.341 1.574 0.000 0.000 0.000 3.108 1.604 0.000 0.000 0.091 2.294 0.000 1.175 1.124 0.000 0.000 0.254 0.463 
---
0 test2fip_consistent left_hidden
0.134 0.000 0.762 0.000 0.831 0.000 0.000 0.000 0.000 1.700 0.000 0.000 0.000 0.000 0.000 1.375 0.302 0.717 3.309 2.720 
0 test2fip_consistent right_hidden
1.076 0.000 0.000 0.000 1.846 0.000 0.000 0.000 0.000 0.150 0.000 0.000 2.702 0.000 0.006 1.002 0.031 0.020 0.784 1.290 
---
1 test2fip_inconsistent left_hidden
0.134 0.000 0.762 0.000 0.831 0.000 0.000 0.000 0.000 1.700 0.000 0.000 0.000 0.000 0.000 1.375 0.302 0.717 3.309 2.720 
1 test2fip_inconsistent right_hidden
1.675 0.000 0.000 0.000 1.975 0.000 0.000 0.017 0.000 1.526 0.000 0.000 2.081 0.000 0.000 2.677 0.000 1.142 2.828 2.377 
---
0 test2fip_consistent left_hidden
0.000 0.000 0.000 0.000 0.000 0.827 0.003 2.845 3.519 0.000 0.000 0.000 1.938 0.000 0.498 0.225 0.097 0.000 0.000 0.000 
0 test2fip_consistent right_hidden
0.000 0.000 0.000 0.000 0.533 0.000 0.000 0.113 1.549 0.517 0.673 0.022 1.495 0.000 0.058 0.000 1.891 0.000 0.000 2.637 
---
1 test2fip_inconsistent left_hidden
0.000 0.000 0.000 0.000 0.000 0.827 0.003 2.845 3.519 0.000 0.000 0.000 1.938 0.000 0.498 0.225 0.097 0.000 0.000 0.000 
1 test2fip_inconsistent right_hidden
0.125 0.000 0.000 0.000 0.450 0.855 0.000 1.123 4.590 0.158 0.000 0.000 3.005 0.000 0.319 0.000 1.398 0.000 0.000 1.975 
---
0 test2fip_consistent left_hidden
2.648 0.000 0.000 1.957 0.000 0.188 1.692 0.833 0.000 0.000 2.959 0.000 0.791 0.460 0.041 0.000 1.402 0.766 0.000 0.365 
0 test2fip_consistent right_hidden
0.611 0.000 0.013 0.124 0.000 0.863 0.000 2.287 0.000 0.000 0.618 0.000 1.924 1.389 1.776 0.000 0.055 0.882 0.000 0.656 
---
1 test2fip_inconsistent left_hidden
2.648 0.000 0.000 1.957 0.000 0.188 1.692 0.833 0.000 0.000 2.959 0.000 0.791 0.460 0.041 0.000 1.402 0.766 0.000 0.365 
1 test2fip_inconsistent right_hidden
2.162 0.000 0.000 0.874 0.000 0.914 1.370 3.046 0.000 0.000 2.355 0.000 1.737 1.020 1.666 0.000 0.993 2.437 0.000 0.896 
---
0 test2fip_consistent left_hidden
0.206 0.000 0.217 1.552 1.161 0.000 3.535 0.000 1.431 0.000 0.000 1.445 0.000 0.096 0.122 1.286 0.000 0.051 0.000 0.000 
0 test2fip_consistent right_hidden
0.206 0.000 1.839 0.308 0.004 1.429 0.000 0.245 1.546 0.000 0.000 2.937 0.000 0.030 0.000 0.000 0.000 0.027 0.006 0.000 
---
1 test2fip_inconsistent left_hidden
0.206 0.000 0.217 1.552 1.161 0.000 3.535 0.000 1.431 0.000 0.000 1.445 0.000 0.096 0.122 1.286 0.000 0.051 0.000 0.000 
1 test2fip_inconsistent right_hidden
1.043 0.000 1.977 0.995 0.509 1.048 2.358 0.000 3.109 0.000 0.000 3.499 0.000 0.000 0.000 0.894 0.000 0.000 0.000 0.000 
---
0 test2fip_consistent left_hidden
0.000 0.000 3.380 0.617 0.000 0.000 0.000 1.336 0.000 2.191 0.000 2.494 0.240 0.000 0.000 0.000 0.000 0.935 0.000 0.000 
0 test2fip_consistent right_hidden
0.000 0.000 0.128 0.484 0.493 0.025 0.000 1.213 0.785 1.283 0.749 0.614 2.101 0.002 0.000 0.709 0.077 2.403 0.000 0.063 
---
1 test2fip_inconsistent left_hidden
0.000 0.000 3.380 0.617 0.000 0.000 0.000 1.336 0.000 2.191 0.000 2.494 0.240 0.000 0.000 0.000 0.000 0.935 0.000 0.000 
1 test2fip_inconsistent right_hidden
0.000 0.000 2.144 1.956 0.062 0.000 0.000 1.778 1.624 1.951 0.036 2.512 2.169 0.000 0.000 0.554 0.083 1.863 0.000 1.148 
---
0 test2fip_consistent left_hidden
0.364 0.387 1.122 0.000 1.610 0.000 0.000 0.574 0.000 3.274 0.000 0.000 0.000 2.514 0.000 0.000 0.173 0.011 0.988 1.792 
0 test2fip_consistent right_hidden
1.503 0.695 1.557 0.000 1.188 0.070 1.049 1.452 0.000 1.022 0.000 1.882 0.168 0.093 1.247 0.000 0.000 0.568 0.000 0.614 
---
1 test2fip_inconsistent left_hidden
0.364 0.387 1.122 0.000 1.610 0.000 0.000 0.574 0.000 3.274 0.000 0.000 0.000 2.514 0.000 0.000 0.173 0.011 0.988 1.792 
1 test2fip_inconsistent right_hidden
1.456 0.164 1.947 0.000 2.925 0.938 0.425 1.020 0.000 2.166 0.000 1.202 0.171 1.452 0.968 0.000 1.348 0.458 0.000 1.798 
---
0 test2fip_consistent left_hidden
0.438 0.000 2.475 0.000 0.356 0.000 0.000 0.379 0.000 0.000 0.779 2.076 1.594 0.000 0.000 1.412 1.622 2.375 0.250 0.000 
0 test2fip_consistent right_hidden
2.353 1.406 0.236 0.000 1.361 0.172 0.132 0.188 0.000 0.000 0.047 0.296 0.093 0.305 0.037 0.000 2.120 1.399 0.075 0.000 
---
1 test2fip_inconsistent left_hidden
0.438 0.000 2.475 0.000 0.356 0.000 0.000 0.379 0.000 0.000 0.779 2.076 1.594 0.000 0.000 1.412 1.622 2.375 0.250 0.000 
1 test2fip_inconsistent right_hidden
2.029 0.503 2.252 0.000 1.153 0.000 0.000 0.000 0.000 0.000 0.344 2.330 0.670 1.055 0.000 0.255 3.141 2.818 0.000 0.000 
---
0 test2fip_consistent left_hidden
2.836 0.000 0.000 3.322 0.509 0.000 0.863 0.000 1.476 0.551 0.719 1.069 0.322 0.339 1.299 0.322 0.000 0.000 0.220 1.105 
0 test2fip_consistent right_hidden
0.647 0.000 1.401 1.638 0.000 0.000 1.678 0.604 1.139 1.243 0.595 0.099 1.252 0.000 0.747 1.308 0.000 0.000 0.725 0.289 
---
1 test2fip_inconsistent left_hidden
2.836 0.000 0.000 3.322 0.509 0.000 0.863 0.000 1.476 0.551 0.719 1.069 0.322 0.339 1.299 0.322 0.000 0.000 0.220 1.105 
1 test2fip_inconsistent right_hidden
2.995 0.000 0.778 3.913 0.000 0.000 0.893 0.133 1.309 1.415 0.423 0.737 0.818 0.012 1.453 1.377 0.000 0.000 0.401 0.977 
---
0 test2fip_consistent left_hidden
0.445 3.314 0.000 1.937 0.000 0.000 0.831 0.000 0.000 0.732 0.000 1.467 0.491 2.215 0.319 0.021 0.000 0.000 0.000 0.797 
0 test2fip_consistent right_hidden
1.776 0.116 0.000 0.924 0.000 0.000 0.047 0.855 0.056 0.505 0.000 0.435 0.074 1.154 1.872 2.018 0.347 0.000 0.033 0.723 
---
1 test2fip_inconsistent left_hidden
0.445 3.314 0.000 1.937 0.000 0.000 0.831 0.000 0.000 0.732 0.000 1.467 0.491 2.215 0.319 0.021 0.000 0.000 0.000 0.797 
1 test2fip_inconsistent right_hidden
1.278 1.800 0.000 1.867 0.000 0.000 0.797 0.565 0.000 0.209 0.000 1.601 0.000 3.066 1.445 2.038 0.000 0.066 0.000 2.198 
---
0 test2fip_consistent left_hidden
1.396 1.887 0.000 3.430 0.000 0.000 0.000 0.000 0.549 0.000 0.087 0.000 0.000 0.000 2.207 0.000 0.000 0.000 1.786 0.189 
0 test2fip_consistent right_hidden
0.106 2.755 0.345 0.413 0.938 0.000 0.000 0.236 0.128 0.000 0.022 0.000 0.572 0.000 0.005 0.277 0.000 0.000 0.060 2.356 
---
1 test2fip_inconsistent left_hidden
1.396 1.887 0.000 3.430 0.000 0.000 0.000 0.000 0.549 0.000 0.087 0.000 0.000 0.000 2.207 0.000 0.000 0.000 1.786 0.189 
1 test2fip_inconsistent right_hidden
0.938 3.789 0.035 3.409 0.307 0.000 0.000 0.070 0.000 0.000 0.057 0.000 0.323 0.146 0.000 0.000 0.000 0.000 0.772 2.296 
---
0 test2fip_consistent left_hidden
0.000 0.510 1.932 1.538 0.000 0.000 0.000 0.000 2.957 0.747 0.452 0.329 0.168 0.000 0.000 0.000 0.000 0.000 1.651 2.106 
0 test2fip_consistent right_hidden
1.307 0.611 0.189 2.743 0.000 1.787 0.000 0.000 0.000 1.065 0.676 0.824 1.076 0.000 0.000 0.000 0.426 0.000 0.016 0.326 
---
1 test2fip_inconsistent left_hidden
0.000 0.510 1.932 1.538 0.000 0.000 0.000 0.000 2.957 0.747 0.452 0.329 0.168 0.000 0.000 0.000 0.000 0.000 1.651 2.106 
1 test2fip_inconsistent right_hidden
0.910 0.622 2.161 3.158 0.000 1.620 0.000 0.000 1.163 1.772 1.790 1.023 0.919 0.000 0.000 0.000 1.152 0.000 1.593 1.273 
---
0 test2fip_consistent left_hidden
0.797 0.000 1.146 0.000 0.000 2.198 0.000 0.029 0.811 1.754 0.075 0.000 0.000 0.105 0.322 0.163 2.592 0.000 0.000 3.091 
0 test2fip_consistent right_hidden
0.000 1.619 1.332 0.556 1.163 0.225 0.657 0.010 0.185 0.052 0.306 0.000 1.887 0.655 0.000 0.670 2.504 0.223 0.000 0.761 
---
1 test2fip_inconsistent left_hidden
0.797 0.000 1.146 0.000 0.000 2.198 0.000 0.029 0.811 1.754 0.075 0.000 0.000 0.105 0.322 0.163 2.592 0.000 0.000 3.091 
1 test2fip_inconsistent right_hidden
0.000 0.956 1.358 0.000 0.353 2.623 0.673 0.000 0.548 0.781 0.107 0.000 1.484 0.295 0.000 0.000 4.416 0.090 0.000 2.462 
---
0 test2fip_consistent left_hidden
0.845 0.605 0.000 1.877 2.225 2.740 0.420 0.000 0.782 0.019 0.010 0.000 0.000 0.202 0.000 1.190 0.099 0.000 2.533 0.000 
0 test2fip_consistent right_hidden
0.226 0.221 1.642 0.708 0.413 0.948 1.070 0.428 0.964 2.649 0.052 0.000 0.060 0.000 1.287 0.095 0.310 0.272 0.422 0.000 
---
1 test2fip_inconsistent left_hidden
0.845 0.605 0.000 1.877 2.225 2.740 0.420 0.000 0.782 0.019 0.010 0.000 0.000 0.202 0.000 1.190 0.099 0.000 2.533 0.000 
1 test2fip_inconsistent right_hidden
0.967 0.029 1.207 1.362 2.749 2.249 1.291 0.358 2.372 2.394 0.000 0.000 0.379 0.000 0.671 1.238 0.000 0.000 1.146 0.000 
---
0 test2fip_consistent left_hidden
0.000 0.000 3.378 0.000 0.000 0.000 0.000 1.256 1.475 1.418 0.000 0.000 0.016 0.000 0.000 0.547 2.711 0.000 0.000 1.346 
0 test2fip_consistent right_hidden
0.051 0.000 0.618 1.603 0.828 0.771 0.765 0.324 0.124 0.083 1.460 0.000 0.071 0.000 0.738 0.274 2.911 0.740 0.000 0.208 
---
1 test2fip_inconsistent left_hidden
0.000 0.000 3.378 0.000 0.000 0.000 0.000 1.256 1.475 1.418 0.000 0.000 0.016 0.000 0.000 0.547 2.711 0.000 0.000 1.346 
1 test2fip_inconsistent right_hidden
0.000 0.000 2.938 0.976 0.384 0.920 0.000 1.056 1.411 0.534 0.772 0.000 0.026 0.000 0.000 0.319 4.427 0.922 0.000 0.000 
---
0 test2fip_consistent left_hidden
0.000 0.474 0.000 0.000 0.000 2.734 2.904 0.071 0.000 0.620 1.841 0.000 0.000 0.000 0.000 0.961 0.000 1.870 0.124 0.999 
0 test2fip_consistent right_hidden
0.000 0.258 1.364 0.741 0.003 0.098 1.326 0.295 0.000 2.170 0.682 0.052 0.040 0.000 0.000 1.028 0.040 1.354 1.409 0.117 
---
1 test2fip_inconsistent left_hidden
0.000 0.474 0.000 0.000 0.000 2.734 2.904 0.071 0.000 0.620 1.841 0.000 0.000 0.000 0.000 0.961 0.000 1.870 0.124 0.999 
1 test2fip_inconsistent right_hidden
0.000 1.452 1.112 0.443 0.000 2.037 1.974 1.214 0.000 1.366 1.554 0.144 0.000 0.000 0.000 1.294 1.265 3.111 1.491 0.402 
---
0 test2fip_consistent left_hidden
0.413 0.000 3.296 1.896 0.000 0.325 0.595 0.000 0.000 0.000 0.427 0.000 1.405 0.000 0.000 0.000 0.762 1.915 1.406 0.000 
0 test2fip_consistent right_hidden
0.000 0.000 0.129 0.982 1.472 1.766 0.307 0.630 0.000 0.000 2.456 0.000 1.182 0.322 0.327 0.000 0.131 0.187 0.906 0.000 
---
1 test2fip_inconsistent left_hidden
0.413 0.000 3.296 1.896 0.000 0.325 0.595 0.000 0.000 0.000 0.427 0.000 1.405 0.000 0.000 0.000 0.762 1.915 1.406 0.000 
1 test2fip_inconsistent right_hidden
0.000 0.000 2.257 2.648 1.174 1.567 0.919 0.542 0.000 0.000 2.353 0.000 1.638 0.641 0.111 0.000 0.237 1.224 2.175 0.000 
---
0 test2fip_consistent left_hidden
0.758 0.000 1.048 0.000 2.858 0.335 0.289 0.000 0.351 0.900 0.702 1.163 0.926 1.595 0.000 0.588 0.000 0.166 2.654 0.787 
0 test2fip_consistent right_hidden
0.405 0.000 0.210 0.000 0.980 1.340 1.024 0.000 0.127 0.990 1.033 1.894 2.008 1.543 0.000 0.000 0.209 0.281 0.114 0.027 
---
1 test2fip_inconsistent left_hidden
0.758 0.000 1.048 0.000 2.858 0.335 0.289 0.000 0.351 0.900 0.702 1.163 0.926 1.595 0.000 0.588 0.000 0.166 2.654 0.787 
1 test2fip_inconsistent right_hidden
0.000 0.000 0.355 0.000 3.395 1.119 1.095 0.000 0.213 0.960 1.818 2.615 1.618 2.094 0.000 0.447 0.046 0.319 2.217 0.269 
---
0 test2fip_consistent left_hidden
1.520 2.021 0.000 3.121 0.000 1.139 0.000 0.087 0.000 0.000 0.000 1.171 0.000 0.000 0.558 0.000 2.450 0.000 0.738 0.000 
0 test2fip_consistent right_hidden
0.549 0.123 0.000 0.674 1.320 1.703 0.000 2.254 0.000 0.000 0.047 0.395 0.000 0.000 0.000 0.000 2.639 0.000 0.126 0.441 
---
1 test2fip_inconsistent left_hidden
1.520 2.021 0.000 3.121 0.000 1.139 0.000 0.087 0.000 0.000 0.000 1.171 0.000 0.000 0.558 0.000 2.450 0.000 0.738 0.000 
1 test2fip_inconsistent right_hidden
1.499 2.010 0.000 1.890 0.830 1.037 0.000 1.340 0.000 0.000 0.394 1.747 0.000 0.000 0.000 0.000 4.334 0.000 0.408 0.000 
---
0 test2fip_consistent left_hidden
0.003 2.821 0.000 0.111 0.149 0.480 0.997 0.541 1.751 0.000 0.448 3.198 0.000 0.359 0.008 1.238 0.000 0.731 0.254 0.511 
0 test2fip_consistent right_hidden
0.000 0.218 0.000 2.195 0.631 0.722 0.708 1.602 0.585 0.000 1.025 1.234 0.038 0.000 0.142 0.677 0.000 0.814 0.000 0.852 
---
1 test2fip_inconsistent left_hidden
0.003 2.821 0.000 0.111 0.149 0.480 0.997 0.541 1.751 0.000 0.448 3.198 0.000 0.359 0.008 1.238 0.000 0.731 0.254 0.511 
1 test2fip_inconsistent right_hidden
0.000 2.611 0.159 2.292 0.067 1.361 1.884 1.985 0.755 0.000 0.723 2.183 0.000 0.713 0.154 1.352 0.000 0.536 0.000 1.453 
---
0 test2fip_consistent left_hidden
0.320 0.000 0.451 0.000 0.000 0.956 2.308 0.224 0.000 0.743 1.159 3.047 0.000 0.000 0.000 0.000 2.753 1.044 0.522 0.000 
0 test2fip_consistent right_hidden
1.759 0.000 1.433 0.000 0.000 0.000 0.031 2.368 0.819 0.000 0.189 0.223 0.000 0.000 0.095 0.000 0.648 0.040 1.575 0.045 
---
1 test2fip_inconsistent left_hidden
0.320 0.000 0.451 0.000 0.000 0.956 2.308 0.224 0.000 0.743 1.159 3.047 0.000 0.000 0.000 0.000 2.753 1.044 0.522 0.000 
1 test2fip_inconsistent right_hidden
1.596 0.000 1.167 0.000 0.000 0.000 1.167 3.715 0.747 0.000 0.182 2.654 0.000 0.000 0.000 0.000 1.213 1.304 1.216 0.000 
---
