0 test2fip_consistent left_hidden
1.063 1.234 0.163 0.000 2.931 0.000 1.028 0.000 0.015 0.399 1.838 0.000 1.859 1.154 1.746 0.077 0.260 0.037 0.899 0.440 
0 test2fip_consistent right_hidden
1.376 2.222 0.000 0.000 0.243 0.123 0.397 0.095 1.583 0.074 0.566 0.000 0.301 0.216 0.528 0.991 0.898 0.000 1.205 0.364 
---
1 test2fip_inconsistent left_hidden
1.063 1.234 0.163 0.000 2.931 0.000 1.028 0.000 0.015 0.399 1.838 0.000 1.859 1.154 1.746 0.077 0.260 0.037 0.899 0.440 
1 test2fip_inconsistent right_hidden
1.432 2.261 0.000 0.000 1.965 0.223 1.557 0.637 1.701 0.028 2.163 0.000 1.405 1.153 0.766 0.760 0.469 0.000 1.353 0.961 
---
0 test2fip_consistent left_hidden
3.709 0.000 0.895 1.502 1.095 0.000 0.050 0.314 0.388 0.000 0.492 0.000 1.913 0.102 0.000 0.420 0.731 0.458 0.000 0.980 
0 test2fip_consistent right_hidden
0.553 0.247 1.665 2.649 0.000 0.000 0.014 1.106 0.644 0.000 1.283 0.000 0.061 0.085 0.270 0.092 0.000 0.590 0.000 0.144 
---
1 test2fip_inconsistent left_hidden
3.709 0.000 0.895 1.502 1.095 0.000 0.050 0.314 0.388 0.000 0.492 0.000 1.913 0.102 0.000 0.420 0.731 0.458 0.000 0.980 
1 test2fip_inconsistent right_hidden
2.744 0.014 2.334 3.551 0.088 0.000 0.000 1.072 0.535 0.000 0.554 0.000 1.357 0.377 0.119 0.814 0.756 0.520 0.000 0.351 
---
0 test2fip_consistent left_hidden
0.000 0.000 0.000 0.000 1.631 0.000 0.095 0.000 0.000 4.160 1.133 0.499 0.390 0.000 0.000 0.580 0.476 0.000 0.000 1.258 
0 test2fip_consistent right_hidden
0.000 0.000 2.053 0.000 0.021 0.001 0.029 0.021 0.000 0.980 1.625 0.996 0.601 0.000 0.306 0.782 1.675 0.000 0.000 1.257 
---
1 test2fip_inconsistent left_hidden
0.000 0.000 0.000 0.000 1.631 0.000 0.095 0.000 0.000 4.160 1.133 0.499 0.390 0.000 0.000 0.580 0.476 0.000 0.000 1.258 
1 test2fip_inconsistent right_hidden
0.000 0.000 1.747 0.000 1.259 0.000 0.000 0.000 0.000 3.896 1.392 2.282 1.095 0.000 0.192 0.298 1.191 0.000 0.000 1.699 
---
0 test2fip_consistent left_hidden
0.000 0.918 0.150 2.876 0.112 0.619 0.000 1.432 0.000 0.000 0.000 0.787 0.895 3.532 0.000 0.000 0.000 0.107 0.000 0.000 
0 test2fip_consistent right_hidden
0.000 0.669 1.296 2.610 0.000 0.319 0.000 0.104 0.000 0.000 0.000 0.000 0.663 0.159 0.000 0.023 1.272 1.460 0.000 0.000 
---
1 test2fip_inconsistent left_hidden
0.000 0.918 0.150 2.876 0.112 0.619 0.000 1.432 0.000 0.000 0.000 0.787 0.895 3.532 0.000 0.000 0.000 0.107 0.000 0.000 
1 test2fip_inconsistent right_hidden
0.000 1.583 1.659 3.835 0.000 1.249 0.000 0.594 0.000 0.000 0.000 0.000 1.120 2.893 0.000 0.000 1.222 1.595 0.000 0.000 
---
0 test2fip_consistent left_hidden
0.364 0.000 0.000 2.887 1.309 0.260 1.172 1.137 1.867 0.036 0.964 0.000 1.280 0.000 0.000 0.309 2.049 0.000 1.058 0.000 
0 test2fip_consistent right_hidden
2.102 0.000 0.089 1.367 0.062 0.501 0.338 0.038 0.047 1.251 0.158 0.732 1.711 1.660 0.000 0.029 0.000 0.000 0.481 0.039 
---
1 test2fip_inconsistent left_hidden
0.364 0.000 0.000 2.887 1.309 0.260 1.172 1.137 1.867 0.036 0.964 0.000 1.280 0.000 0.000 0.309 2.049 0.000 1.058 0.000 
1 test2fip_inconsistent right_hidden
1.768 0.000 0.046 3.115 0.769 0.617 0.880 0.633 2.162 0.813 0.654 0.264 2.955 1.648 0.000 0.000 1.098 0.000 0.950 0.000 
---
0 test2fip_consistent left_hidden
1.285 0.000 0.535 0.696 0.071 0.000 0.000 1.091 0.847 0.000 1.812 4.239 0.000 0.000 1.298 0.632 0.000 0.567 0.000 0.000 
0 test2fip_consistent right_hidden
0.000 2.539 1.144 0.397 0.000 0.000 0.000 0.106 0.677 0.000 1.613 1.469 0.180 0.000 0.000 0.896 0.190 0.723 0.000 0.000 
---
1 test2fip_inconsistent left_hidden
1.285 0.000 0.535 0.696 0.071 0.000 0.000 1.091 0.847 0.000 1.812 4.239 0.000 0.000 1.298 0.632 0.000 0.567 0.000 0.000 
1 test2fip_inconsistent right_hidden
0.000 2.180 0.993 0.073 0.000 0.000 0.000 0.905 0.300 0.000 2.641 4.023 0.271 0.000 1.917 0.149 0.562 1.619 0.000 0.000 
---
0 test2fip_consistent left_hidden
1.404 0.000 2.743 0.022 0.000 0.000 0.000 0.000 0.708 0.137 0.000 0.259 0.000 0.000 2.364 0.450 0.000 0.000 0.000 2.521 
0 test2fip_consistent right_hidden
1.868 1.539 0.344 1.565 1.481 0.000 0.013 0.000 0.033 0.000 0.000 0.000 0.092 0.500 0.282 1.384 0.000 0.000 0.000 0.102 
---
1 test2fip_inconsistent left_hidden
1.404 0.000 2.743 0.022 0.000 0.000 0.000 0.000 0.708 0.137 0.000 0.259 0.000 0.000 2.364 0.450 0.000 0.000 0.000 2.521 
1 test2fip_inconsistent right_hidden
2.906 1.605 2.577 1.570 1.332 0.000 0.000 0.000 0.835 0.000 0.000 0.076 0.000 0.419 1.514 1.131 0.000 0.000 0.000 1.882 
---
0 test2fip_consistent left_hidden
0.397 1.011 0.487 0.118 1.231 1.247 1.460 0.000 0.000 0.679 0.000 2.102 1.433 0.000 0.000 0.888 2.851 0.535 0.000 0.000 
0 test2fip_consistent right_hidden
0.668 0.138 0.000 0.083 0.960 0.013 2.000 0.000 0.674 0.293 0.000 1.776 0.036 0.000 0.000 2.562 0.102 0.042 0.037 0.011 
---
1 test2fip_inconsistent left_hidden
0.397 1.011 0.487 0.118 1.231 1.247 1.460 0.000 0.000 0.679 0.000 2.102 1.433 0.000 0.000 0.888 2.851 0.535 0.000 0.000 
1 test2fip_inconsistent right_hidden
0.422 0.811 0.000 0.000 0.607 0.968 2.805 0.000 0.409 1.386 0.000 2.786 1.125 0.000 0.000 2.744 2.455 0.000 0.000 0.000 
---
0 test2fip_consistent left_hidden
1.696 0.000 1.600 0.000 0.000 0.928 0.256 1.406 1.687 0.284 1.020 1.711 0.000 0.616 2.443 0.547 0.000 0.000 1.343 0.874 
0 test2fip_consistent right_hidden
0.521 1.261 1.447 0.000 0.058 0.289 0.499 0.115 2.019 1.745 1.457 0.000 0.313 0.694 0.200 0.411 0.000 0.000 0.099 0.107 
---
1 test2fip_inconsistent left_hidden
1.696 0.000 1.600 0.000 0.000 0.928 0.256 1.406 1.687 0.284 1.020 1.711 0.000 0.616 2.443 0.547 0.000 0.000 1.343 0.874 
1 test2fip_inconsistent right_hidden
2.040 1.154 1.058 0.000 0.022 1.395 0.480 0.869 3.005 1.087 1.946 0.919 0.311 1.272 2.145 0.830 0.000 0.000 0.711 0.583 
---
0 test2fip_consistent left_hidden
0.000 0.779 0.338 0.412 0.858 0.295 1.157 1.321 0.000 1.077 0.587 2.233 0.021 0.916 0.001 0.000 2.238 0.000 2.284 0.715 
0 test2fip_consistent right_hidden
0.000 0.041 0.000 0.000 0.000 0.042 0.454 0.683 0.129 1.876 0.663 0.004 0.128 0.547 3.229 0.000 0.944 0.000 0.162 0.381 
---
1 test2fip_inconsistent left_hidden
0.000 0.779 0.338 0.412 0.858 0.295 1.157 1.321 0.000 1.077 0.587 2.233 0.021 0.916 0.001 0.000 2.238 0.000 2.284 0.715 
1 test2fip_inconsistent right_hidden
0.000 0.000 0.000 0.000 0.330 0.000 0.696 1.073 0.000 3.043 1.047 1.993 1.052 1.048 2.521 0.000 2.524 0.000 1.671 0.357 
---
0 test2fip_consistent left_hidden
0.000 2.185 2.297 0.231 0.000 0.000 0.000 0.000 0.109 0.000 0.464 0.000 1.321 0.000 1.152 0.000 0.000 3.001 0.000 0.000 
0 test2fip_consistent right_hidden
0.000 0.072 0.120 0.000 0.184 0.000 0.000 0.310 0.000 0.000 0.861 0.000 3.437 0.000 0.000 0.001 0.000 0.086 0.022 1.078 
---
1 test2fip_inconsistent left_hidden
0.000 2.185 2.297 0.231 0.000 0.000 0.000 0.000 0.109 0.000 0.464 0.000 1.321 0.000 1.152 0.000 0.000 3.001 0.000 0.000 
1 test2fip_inconsistent right_hidden
0.000 1.412 2.173 0.000 0.000 0.000 0.000 0.321 0.000 0.000 1.039 0.000 4.254 0.000 1.569 0.309 0.000 1.686 0.000 0.737 
---
0 test2fip_consistent left_hidden
2.249 0.000 0.000 0.000 1.398 0.142 0.000 0.000 1.049 0.000 0.400 0.788 0.000 0.000 2.077 0.000 0.000 0.755 3.075 0.000 
0 test2fip_consistent right_hidden
0.712 0.000 0.136 0.000 1.498 0.265 0.000 0.000 0.014 0.000 2.489 0.000 0.000 0.000 0.025 0.240 0.212 2.340 0.269 0.000 
---
1 test2fip_inconsistent left_hidden
2.249 0.000 0.000 0.000 1.398 0.142 0.000 0.000 1.049 0.000 0.400 0.788 0.000 0.000 2.077 0.000 0.000 0.755 3.075 0.000 
1 test2fip_inconsistent right_hidden
3.094 0.000 0.837 0.000 2.078 0.247 0.000 0.000 1.181 0.000 2.364 0.491 0.000 0.000 1.096 0.139 0.000 2.723 1.353 0.000 
---
0 test2fip_consistent left_hidden
1.264 0.000 0.075 2.259 0.000 0.190 2.666 1.402 1.620 1.477 0.880 0.000 0.000 0.000 0.474 0.000 0.000 0.000 0.000 0.000 
0 test2fip_consistent right_hidden
0.000 2.243 1.053 0.174 0.048 0.640 2.095 0.156 0.028 0.400 0.000 0.996 0.053 0.000 0.000 1.445 0.000 0.000 0.011 0.000 
---
1 test2fip_inconsistent left_hidden
1.264 0.000 0.075 2.259 0.000 0.190 2.666 1.402 1.620 1.477 0.880 0.000 0.000 0.000 0.474 0.000 0.000 0.000 0.000 0.000 
1 test2fip_inconsistent right_hidden
0.000 1.379 0.436 0.601 0.000 0.417 3.932 1.075 0.695 2.333 0.000 0.711 0.000 0.131 0.000 1.370 0.025 0.000 0.000 0.000 
---
0 test2fip_consistent left_hidden
0.000 0.984 1.214 2.067 0.306 1.907 2.249 0.373 1.220 0.000 0.000 0.000 0.000 2.515 0.093 0.308 0.013 0.000 0.000 0.000 
0 test2fip_consistent right_hidden
0.056 0.000 0.060 0.132 0.032 2.386 0.601 0.424 0.237 0.000 0.000 0.000 0.000 0.281 1.770 0.000 0.600 1.849 0.000 1.246 
---
1 test2fip_inconsistent left_hidden
0.000 0.984 1.214 2.067 0.306 1.907 2.249 0.373 1.220 0.000 0.000 0.000 0.000 2.515 0.093 0.308 0.013 0.000 0.000 0.000 
1 test2fip_inconsistent right_hidden
0.038 0.438 0.489 1.099 0.000 3.567 2.612 1.542 0.443 0.000 0.000 0.054 0.000 1.266 1.185 0.000 0.451 1.474 0.000 1.082 
---
0 test2fip_consistent left_hidden
0.000 0.000 0.741 0.715 1.316 3.199 2.363 0.000 0.000 0.000 0.575 0.021 0.000 2.190 0.000 0.879 0.375 0.000 0.455 0.000 
0 test2fip_consistent right_hidden
0.000 0.134 0.000 1.457 0.789 0.055 1.891 0.000 0.000 0.350 1.446 0.100 0.000 0.774 0.000 1.602 0.000 0.000 1.310 0.000 
---
1 test2fip_inconsistent left_hidden
0.000 0.000 0.741 0.715 1.316 3.199 2.363 0.000 0.000 0.000 0.575 0.021 0.000 2.190 0.000 0.879 0.375 0.000 0.455 0.000 
1 test2fip_inconsistent right_hidden
0.000 0.319 0.913 1.267 2.033 1.995 2.630 0.000 0.018 1.312 2.271 0.389 0.000 2.066 0.075 1.628 0.000 0.000 0.969 0.000 
---
0 test2fip_consistent left_hidden
0.333 0.000 1.429 0.000 2.770 0.000 2.685 0.000 0.000 0.182 0.000 0.397 0.933 1.846 0.772 0.000 0.000 1.908 0.869 1.189 
0 test2fip_consistent right_hidden
0.039 1.535 0.168 0.000 1.224 0.322 0.400 0.000 0.366 0.000 0.206 0.086 1.594 0.003 0.685 0.000 1.504 0.121 1.974 0.821 
---
1 test2fip_inconsistent left_hidden
0.333 0.000 1.429 0.000 2.770 0.000 2.685 0.000 0.000 0.182 0.000 0.397 0.933 1.846 0.772 0.000 0.000 1.908 0.869 1.189 
1 test2fip_inconsistent right_hidden
0.000 1.198 1.508 0.000 2.270 0.221 2.205 0.000 0.677 0.000 0.618 1.069 1.895 0.828 1.237 0.000 1.097 0.691 2.522 0.852 
---
0 test2fip_consistent left_hidden
1.499 2.489 1.103 2.735 0.585 0.297 0.000 2.172 0.000 0.000 0.000 0.641 0.000 0.874 0.000 0.924 0.000 0.000 0.000 0.000 
0 test2fip_consistent right_hidden
0.048 0.911 2.099 0.975 1.342 0.806 0.000 0.000 0.000 0.000 0.000 2.070 0.676 0.969 0.033 0.000 0.000 0.000 0.000 0.006 
---
1 test2fip_inconsistent left_hidden
1.499 2.489 1.103 2.735 0.585 0.297 0.000 2.172 0.000 0.000 0.000 0.641 0.000 0.874 0.000 0.924 0.000 0.000 0.000 0.000 
1 test2fip_inconsistent right_hidden
1.575 2.517 1.641 3.452 1.135 0.698 0.000 1.189 0.000 0.000 0.000 2.369 0.057 1.420 0.000 0.000 0.000 0.000 0.070 0.000 
---
0 test2fip_consistent left_hidden
0.000 1.287 2.853 0.319 0.146 0.000 0.000 0.000 0.000 1.323 0.000 0.000 0.000 0.000 1.469 0.000 1.194 3.135 0.000 0.000 
0 test2fip_consistent right_hidden
0.000 0.201 1.668 0.000 0.081 0.000 0.730 0.000 0.000 0.093 0.000 0.052 0.764 0.000 2.899 0.000 1.289 0.000 0.765 0.000 
---
1 test2fip_inconsistent left_hidden
0.000 1.287 2.853 0.319 0.146 0.000 0.000 0.000 0.000 1.323 0.000 0.000 0.000 0.000 1.469 0.000 1.194 3.135 0.000 0.000 
1 test2fip_inconsistent right_hidden
0.000 1.725 2.895 0.000 1.571 0.000 0.306 0.000 0.000 1.598 0.000 0.001 0.285 0.000 4.066 0.000 1.761 1.389 0.201 0.000 
---
0 test2fip_consistent left_hidden
0.000 1.131 0.000 3.125 0.000 0.304 0.000 2.891 0.026 1.649 1.659 0.621 0.000 0.000 0.223 0.000 0.000 0.000 0.000 1.683 
0 test2fip_consistent right_hidden
1.228 2.150 0.000 0.190 0.000 0.748 1.019 2.452 0.521 1.307 0.000 0.055 0.000 0.000 0.109 0.000 0.417 0.000 0.000 0.855 
---
1 test2fip_inconsistent left_hidden
0.000 1.131 0.000 3.125 0.000 0.304 0.000 2.891 0.026 1.649 1.659 0.621 0.000 0.000 0.223 0.000 0.000 0.000 0.000 1.683 
1 test2fip_inconsistent right_hidden
1.303 1.346 0.000 1.721 0.000 0.407 1.355 2.643 0.054 2.876 1.460 0.500 0.000 0.000 0.045 0.000 0.146 0.000 0.000 1.082 
---
0 test2fip_consistent left_hidden
0.000 0.090 0.622 0.000 1.550 0.000 1.850 1.935 0.570 0.000 0.548 0.000 0.000 0.000 2.167 0.000 1.766 0.000 0.000 2.372 
0 test2fip_consistent right_hidden
0.000 0.316 2.609 0.000 0.005 0.000 1.491 1.180 0.073 0.000 0.785 0.822 0.000 0.000 0.152 0.000 0.633 0.119 1.721 0.294 
---
1 test2fip_inconsistent left_hidden
0.000 0.090 0.622 0.000 1.550 0.000 1.850 1.935 0.570 0.000 0.548 0.000 0.000 0.000 2.167 0.000 1.766 0.000 0.000 2.372 
1 test2fip_inconsistent right_hidden
0.000 0.222 2.245 0.000 1.005 0.000 2.596 2.145 0.638 0.000 0.085 0.675 0.000 0.000 1.377 0.000 2.101 0.929 1.378 1.754 
---
0 test2fip_consistent left_hidden
0.000 0.000 0.280 0.665 0.132 0.000 0.000 0.000 2.693 2.815 2.663 0.875 0.840 0.000 0.178 0.887 0.174 0.365 0.258 0.000 
0 test2fip_consistent right_hidden
0.000 0.000 0.000 0.149 0.384 0.000 0.663 0.000 0.133 2.418 0.180 0.027 2.196 0.000 1.217 0.900 0.216 0.072 1.166 0.000 
---
1 test2fip_inconsistent left_hidden
0.000 0.000 0.280 0.665 0.132 0.000 0.000 0.000 2.693 2.815 2.663 0.875 0.840 0.000 0.178 0.887 0.174 0.365 0.258 0.000 
1 test2fip_inconsistent right_hidden
0.000 0.000 1.041 0.971 0.381 0.000 0.661 0.000 1.509 3.530 1.556 0.000 1.975 0.000 0.790 2.890 0.338 0.494 0.745 0.000 
---
0 test2fip_consistent left_hidden
0.063 1.272 0.000 1.261 0.008 0.000 0.000 0.628 3.364 0.000 0.000 0.000 0.000 0.000 0.378 1.859 0.000 1.918 1.268 0.000 
0 test2fip_consistent right_hidden
0.000 1.799 0.732 0.384 1.351 0.000 0.000 0.277 0.223 0.000 1.157 0.000 0.738 0.000 0.331 1.421 0.000 0.666 0.168 1.680 
---
1 test2fip_inconsistent left_hidden
0.063 1.272 0.000 1.261 0.008 0.000 0.000 0.628 3.364 0.000 0.000 0.000 0.000 0.000 0.378 1.859 0.000 1.918 1.268 0.000 
1 test2fip_inconsistent right_hidden
0.000 2.370 0.293 1.501 1.033 0.000 0.000 1.126 2.560 0.000 1.066 0.000 0.309 0.000 0.332 2.574 0.000 2.216 0.232 1.242 
---
0 test2fip_consistent left_hidden
0.000 0.000 0.000 2.618 0.000 0.000 0.000 1.005 0.000 0.000 1.736 0.467 1.014 1.670 0.002 1.701 2.099 0.579 0.000 0.670 
0 test2fip_consistent right_hidden
0.000 0.129 0.113 0.307 0.000 0.000 0.269 0.078 0.255 0.000 0.890 1.864 1.703 0.998 0.000 0.067 0.298 0.068 0.011 2.324 
---
1 test2fip_inconsistent left_hidden
0.000 0.000 0.000 2.618 0.000 0.000 0.000 1.005 0.000 0.000 1.736 0.467 1.014 1.670 0.002 1.701 2.099 0.579 0.000 0.670 
1 test2fip_inconsistent right_hidden
0.000 0.234 0.000 2.016 0.000 0.000 0.028 0.093 0.113 0.000 2.503 1.715 1.416 2.191 0.000 1.060 1.894 0.541 0.000 2.660 
---
0 test2fip_consistent left_hidden
0.809 0.313 0.000 0.431 0.243 1.227 1.779 2.489 0.378 0.804 0.000 1.789 1.502 0.547 0.083 0.710 0.000 2.165 0.000 0.589 
0 test2fip_consistent right_hidden
0.859 0.980 0.000 0.417 0.867 0.380 1.062 0.314 0.331 0.000 0.000 0.141 0.010 1.958 0.527 0.325 0.000 0.666 0.720 1.799 
---
1 test2fip_inconsistent left_hidden
0.809 0.313 0.000 0.431 0.243 1.227 1.779 2.489 0.378 0.804 0.000 1.789 1.502 0.547 0.083 0.710 0.000 2.165 0.000 0.589 
1 test2fip_inconsistent right_hidden
1.557 0.703 0.000 0.971 0.809 1.763 2.018 1.619 0.506 0.000 0.000 1.252 1.395 1.912 0.334 0.132 0.000 2.495 0.484 1.908 
---
0 test2fip_consistent left_hidden
0.300 2.803 0.000 0.000 0.000 2.577 0.000 1.572 0.007 0.000 0.000 0.801 1.814 0.009 0.000 2.044 0.000 0.000 0.980 0.000 
0 test2fip_consistent right_hidden
2.486 0.422 0.000 0.000 0.012 1.234 0.000 0.105 0.036 0.000 0.000 0.063 1.397 0.016 0.000 0.129 0.000 0.000 1.693 1.157 
---
1 test2fip_inconsistent left_hidden
0.300 2.803 0.000 0.000 0.000 2.577 0.000 1.572 0.007 0.000 0.000 0.801 1.814 0.009 0.000 2.044 0.000 0.000 0.980 0.000 
1 test2fip_inconsistent right_hidden
2.085 1.660 0.000 0.000 0.000 2.889 0.000 1.395 0.129 0.000 0.000 0.847 1.804 0.000 0.000 2.086 0.000 0.000 2.819 0.785 
---
0 test2fip_consistent left_hidden
0.000 0.000 0.000 2.366 1.909 0.325 0.294 0.484 3.197 0.476 0.000 0.000 0.000 1.380 0.000 0.126 0.000 0.000 0.000 1.368 
0 test2fip_consistent right_hidden
0.000 1.358 0.000 0.017 1.849 0.000 0.418 1.762 0.526 0.286 0.338 0.000 0.000 0.000 0.000 0.000 0.000 2.182 0.000 0.278 
---
1 test2fip_inconsistent left_hidden
0.000 0.000 0.000 2.366 1.909 0.325 0.294 0.484 3.197 0.476 0.000 0.000 0.000 1.380 0.000 0.126 0.000 0.000 0.000 1.368 
1 test2fip_inconsistent right_hidden
0.000 0.907 0.000 1.295 2.972 0.000 0.271 1.680 2.833 0.964 0.476 0.000 0.000 0.548 0.000 0.000 0.000 1.546 0.000 1.614 
---
0 test2fip_consistent left_hidden
2.121 0.000 0.657 0.795 2.687 0.378 0.000 0.000 0.738 0.000 0.000 1.620 0.000 0.513 0.000 1.761 1.802 0.000 0.000 0.142 
0 test2fip_consistent right_hidden
0.268 0.474 0.081 1.502 0.127 0.274 0.000 0.000 0.071 0.119 0.000 1.411 0.104 2.262 0.147 0.109 0.820 0.000 0.480 1.785 
---
1 test2fip_inconsistent left_hidden
2.121 0.000 0.657 0.795 2.687 0.378 0.000 0.000 0.738 0.000 0.000 1.620 0.000 0.513 0.000 1.761 1.802 0.000 0.000 0.142 
1 test2fip_inconsistent right_hidden
1.730 0.681 0.727 1.265 1.942 0.800 0.000 0.000 1.397 0.213 0.000 2.215 0.000 2.500 0.171 1.265 2.107 0.000 0.888 1.708 
---
0 test2fip_consistent left_hidden
0.000 0.000 0.513 0.227 0.000 0.000 0.000 0.176 0.000 0.000 0.000 0.796 0.000 0.000 0.092 3.767 2.047 0.055 0.000 1.804 
0 test2fip_consistent right_hidden
1.291 0.000 2.317 0.296 0.000 1.012 0.858 0.338 0.000 0.000 0.000 1.982 0.000 0.000 0.000 0.975 0.203 0.796 0.000 0.035 
---
1 test2fip_inconsistent left_hidden
0.000 0.000 0.513 0.227 0.000 0.000 0.000 0.176 0.000 0.000 0.000 0.796 0.000 0.000 0.092 3.767 2.047 0.055 0.000 1.804 
1 test2fip_inconsistent right_hidden
0.848 0.000 3.000 0.148 0.000 0.000 0.218 0.425 0.000 0.000 0.000 2.111 0.000 0.000 0.000 3.717 1.554 0.197 0.000 0.731 
---
0 test2fip_consistent left_hidden
0.133 0.000 3.193 0.021 0.000 0.000 0.000 0.000 0.000 0.000 1.273 3.148 1.038 0.868 0.121 0.000 0.000 0.000 1.800 0.092 
0 test2fip_consistent right_hidden
0.140 0.000 1.016 0.857 0.434 0.096 0.235 0.012 0.679 0.000 0.530 0.098 0.558 0.037 0.433 0.236 0.000 0.000 0.125 3.331 
---
1 test2fip_inconsistent left_hidden
0.133 0.000 3.193 0.021 0.000 0.000 0.000 0.000 0.000 0.000 1.273 3.148 1.038 0.868 0.121 0.000 0.000 0.000 1.800 0.092 
1 test2fip_inconsistent right_hidden
0.194 0.000 3.319 0.692 1.569 0.000 0.000 0.000 0.648 0.049 1.596 0.978 2.161 0.254 0.243 0.000 0.000 0.000 0.401 2.495 
---
0 test2fip_consistent left_hidden
0.125 0.000 0.279 0.000 0.000 1.455 0.000 0.000 0.000 0.000 0.000 0.580 0.000 0.432 4.139 0.000 2.758 0.000 0.206 0.235 
0 test2fip_consistent right_hidden
0.595 0.982 1.536 0.000 0.000 1.956 0.085 0.000 0.000 0.000 0.000 0.376 0.000 2.017 0.101 0.000 1.198 0.852 0.339 0.960 
---
1 test2fip_inconsistent left_hidden
0.125 0.000 0.279 0.000 0.000 1.455 0.000 0.000 0.000 0.000 0.000 0.580 0.000 0.432 4.139 0.000 2.758 0.000 0.206 0.235 
1 test2fip_inconsistent right_hidden
1.163 0.825 2.098 0.000 0.000 1.696 0.000 0.000 0.000 0.000 0.000 0.420 0.000 1.934 3.041 0.000 3.167 0.711 0.427 0.774 
---
0 test2fip_consistent left_hidden
0.044 0.000 0.000 0.000 0.518 0.000 0.755 0.213 4.117 0.000 0.000 0.000 0.000 0.392 0.000 0.869 2.481 0.000 0.097 0.000 
0 test2fip_consistent right_hidden
0.620 0.000 0.000 0.000 0.000 0.000 0.000 1.001 2.180 0.000 0.000 0.000 0.000 0.000 0.000 0.000 0.141 0.039 0.065 2.971 
---
1 test2fip_inconsistent left_hidden
0.044 0.000 0.000 0.000 0.518 0.000 0.755 0.213 4.117 0.000 0.000 0.000 0.000 0.392 0.000 0.869 2.481 0.000 0.097 0.000 
1 test2fip_inconsistent right_hidden
1.234 0.000 0.000 0.000 0.009 0.000 0.000 0.898 4.391 0.000 0.000 0.000 0.000 0.119 0.000 0.000 2.138 0.000 0.000 2.030 
---
0 test2fip_consistent left_hidden
0.000 1.145 1.055 0.000 0.099 0.227 0.000 0.098 2.030 1.476 1.349 1.278 2.091 0.000 0.020 3.117 0.000 0.000 0.224 0.501 
0 test2fip_consistent right_hidden
0.000 0.120 1.320 0.000 0.658 0.361 0.096 0.468 0.589 0.049 0.108 1.164 0.626 2.552 0.343 1.548 0.000 0.031 0.322 0.591 
---
1 test2fip_inconsistent left_hidden
0.000 1.145 1.055 0.000 0.099 0.227 0.000 0.098 2.030 1.476 1.349 1.278 2.091 0.000 0.020 3.117 0.000 0.000 0.224 0.501 
1 test2fip_inconsistent right_hidden
0.000 0.000 1.481 0.000 0.000 0.338 0.000 0.556 2.422 1.335 1.458 1.804 1.736 2.076 0.668 3.057 0.000 0.000 0.288 0.903 
---
0 test2fip_consistent left_hidden
0.000 0.000 0.000 1.167 2.233 3.098 0.000 0.000 0.000 0.221 0.000 0.233 0.419 2.569 0.000 0.000 0.155 0.135 1.824 0.244 
0 test2fip_consistent right_hidden
0.000 0.000 0.064 0.026 0.762 0.724 1.016 0.000 2.779 0.036 0.000 0.223 0.772 0.589 0.000 0.000 0.044 0.498 0.000 1.429 
---
1 test2fip_inconsistent left_hidden
0.000 0.000 0.000 1.167 2.233 3.098 0.000 0.000 0.000 0.221 0.000 0.233 0.419 2.569 0.000 0.000 0.155 0.135 1.824 0.244 
1 test2fip_inconsistent right_hidden
0.000 0.000 0.000 1.632 2.373 2.281 0.577 0.000 2.492 0.139 0.000 0.216 2.544 2.021 0.010 0.000 0.000 0.226 0.000 1.699 
---
0 test2fip_consistent left_hidden
2.443 1.761 0.000 0.000 0.000 1.732 0.137 0.156 1.793 0.000 0.000 0.010 0.364 0.656 0.000 0.410 0.000 1.910 2.257 0.471 
0 test2fip_consistent right_hidden
0.342 0.044 0.952 0.813 0.000 0.997 0.142 0.000 0.753 0.000 2.199 0.255 0.000 0.365 0.000 1.658 0.000 0.167 0.639 1.296 
---
1 test2fip_inconsistent left_hidden
2.443 1.761 0.000 0.000 0.000 1.732 0.137 0.156 1.793 0.000 0.000 0.010 0.364 0.656 0.000 0.410 0.000 1.910 2.257 0.471 
1 test2fip_inconsistent right_hidden
0.990 1.437 0.669 0.910 0.000 2.916 0.000 0.190 1.106 0.000 1.749 0.133 0.000 0.653 0.000 1.643 0.000 1.425 2.385 1.502 
---
0 test2fip_consistent left_hidden
0.000 2.192 0.000 1.163 0.000 1.096 0.000 0.000 0.000 0.000 0.463 0.000 0.000 3.343 0.000 1.301 0.000 0.000 1.957 0.000 
0 test2fip_consistent right_hidden
0.036 0.246 0.087 0.933 1.029 0.000 0.000 2.193 0.000 0.000 1.151 0.000 0.463 0.564 0.000 0.424 0.000 0.000 1.102 1.126 
---
1 test2fip_inconsistent left_hidden
0.000 2.192 0.000 1.163 0.000 1.096 0.000 0.000 0.000 0.000 0.463 0.000 0.000 3.343 0.000 1.301 0.000 0.000 1.957 0.000 
1 test2fip_inconsistent right_hidden
0.000 2.197 0.050 1.441 0.791 0.000 0.000 1.961 0.000 0.000 0.722 0.000 0.000 2.518 0.000 0.936 0.000 0.000 2.592 0.877 
---
0 test2fip_consistent left_hidden
1.341 1.442 0.045 0.000 0.000 0.929 0.000 0.000 0.697 1.208 0.000 0.533 0.000 0.000 0.000 0.266 0.253 0.000 0.000 4.173 
0 test2fip_consistent right_hidden
0.392 0.000 0.003 1.089 0.000 0.267 0.024 0.000 0.108 0.000 0.000 2.362 0.000 0.231 0.393 0.000 0.000 0.000 2.013 1.848 
---
1 test2fip_inconsistent left_hidden
1.341 1.442 0.045 0.000 0.000 0.929 0.000 0.000 0.697 1.208 0.000 0.533 0.000 0.000 0.000 0.266 0.253 0.000 0.000 4.173 
1 test2fip_inconsistent right_hidden
1.034 1.466 0.000 0.636 0.000 0.181 0.215 0.000 0.014 0.000 0.000 2.072 0.000 0.079 0.000 0.000 0.000 0.000 1.509 4.591 
---
0 test2fip_consistent left_hidden
0.000 0.000 2.316 0.000 0.752 0.029 1.356 1.524 1.377 0.000 0.000 0.000 0.000 1.269 0.351 0.131 0.000 1.054 3.119 0.000 
0 test2fip_consistent right_hidden
0.359 0.000 2.471 0.880 1.296 1.245 0.698 0.000 0.139 0.000 0.000 0.000 0.000 0.000 0.591 0.995 0.000 1.421 0.258 0.088 
---
1 test2fip_inconsistent left_hidden
0.000 0.000 2.316 0.000 0.752 0.029 1.356 1.524 1.377 0.000 0.000 0.000 0.000 1.269 0.351 0.131 0.000 1.054 3.119 0.000 
1 test2fip_inconsistent right_hidden
0.000 0.000 3.142 1.056 1.302 0.639 1.885 1.444 1.679 0.000 0.000 0.000 0.000 1.173 0.149 0.903 0.000 1.744 2.500 0.288 
---
0 test2fip_consistent left_hidden
0.859 0.070 0.000 0.000 0.948 0.000 0.323 0.270 0.038 0.000 1.648 2.279 0.000 1.853 0.000 2.623 0.000 0.000 2.102 0.000 
0 test2fip_consistent right_hidden
1.830 0.954 0.025 0.000 0.001 0.439 0.000 0.000 0.000 0.000 0.136 2.586 0.000 0.266 0.070 0.167 0.081 1.319 0.051 0.000 
---
1 test2fip_inconsistent left_hidden
0.859 0.070 0.000 0.000 0.948 0.000 0.323 0.270 0.038 0.000 1.648 2.279 0.000 1.853 0.000 2.623 0.000 0.000 2.102 0.000 
1 test2fip_inconsistent right_hidden
2.375 0.412 0.173 0.109 1.812 0.458 0.000 0.529 0.000 0.000 0.076 3.943 0.000 1.762 0.276 1.410 0.000 1.335 1.128 0.000 
---
0 test2fip_consistent left_hidden
0.000 0.092 2.527 0.000 1.314 0.000 1.456 0.000 1.277 1.307 0.918 0.000 1.883 2.568 0.316 0.000 0.000 0.000 1.105 0.528 
0 test2fip_consistent right_hidden
0.211 0.000 0.812 1.322 0.818 0.000 0.860 0.993 0.062 0.296 0.210 0.000 1.079 0.112 0.856 0.000 1.297 0.000 2.376 1.313 
---
1 test2fip_inconsistent left_hidden
0.000 0.092 2.527 0.000 1.314 0.000 1.456 0.000 1.277 1.307 0.918 0.000 1.883 2.568 0.316 0.000 0.000 0.000 1.105 0.528 
1 test2fip_inconsistent right_hidden
0.587 0.000 2.598 1.060 1.565 0.000 1.435 0.581 1.127 0.340 1.411 0.000 2.606 1.587 0.733 0.000 1.215 0.000 2.725 1.331 
---
0 test2fip_consistent left_hidden
1.308 0.000 0.792 2.268 0.118 0.000 3.396 0.000 0.000 0.000 0.000 0.004 0.115 0.533 0.000 1.323 0.799 0.000 0.000 2.190 
0 test2fip_consistent right_hidden
0.000 0.579 0.694 0.891 0.244 0.211 0.634 2.030 0.000 0.000 0.000 0.355 0.126 2.387 0.000 0.000 1.333 0.428 0.100 0.882 
---
1 test2fip_inconsistent left_hidden
1.308 0.000 0.792 2.268 0.118 0.000 3.396 0.000 0.000 0.000 0.000 0.004 0.115 0.533 0.000 1.323 0.799 0.000 0.000 2.190 
1 test2fip_inconsistent right_hidden
0.000 0.579 0.661 2.336 0.150 0.508 2.834 1.069 0.000 0.000 0.000 0.000 0.000 2.621 0.000 0.000 0.998 0.214 0.000 2.648 
---
0 test2fip_consistent left_hidden
0.000 0.747 0.000 0.168 0.000 0.189 0.000 0.100 0.000 0.000 0.142 4.091 0.035 0.725 0.829 1.122 0.000 0.000 1.475 0.000 
0 test2fip_consistent right_hidden
0.000 0.000 0.116 0.904 0.000 1.084 1.727 0.000 1.499 0.025 0.750 0.364 0.606 1.919 0.671 0.914 0.000 0.012 0.212 0.554 
---
1 test2fip_inconsistent left_hidden
0.000 0.747 0.000 0.168 0.000 0.189 0.000 0.100 0.000 0.000 0.142 4.091 0.035 0.725 0.829 1.122 0.000 0.000 1.475 0.000 
1 test2fip_inconsistent right_hidden
0.000 0.858 0.003 0.778 0.000 0.788 1.083 0.000 0.875 0.000 0.685 2.560 0.548 3.256 1.032 1.590 0.000 0.139 1.825 0.300 
---
0 test2fip_consistent left_hidden
1.920 0.263 4.437 0.107 0.000 0.384 0.000 0.539 0.000 0.635 1.072 0.000 0.250 0.000 0.000 0.000 0.000 0.000 0.349 0.000 
0 test2fip_consistent right_hidden
0.727 1.716 0.033 2.412 0.000 1.588 0.000 0.000 0.000 0.359 0.364 1.863 0.000 0.000 0.412 0.000 0.187 0.000 0.056 0.322 
---
1 test2fip_inconsistent left_hidden
1.920 0.263 4.437 0.107 0.000 0.384 0.000 0.539 0.000 0.635 1.072 0.000 0.250 0.000 0.000 0.000 0.000 0.000 0.349 0.000 
1 test2fip_inconsistent right_hidden
1.759 1.156 2.043 2.642 0.000 2.469 0.000 0.000 0.000 0.172 1.804 0.897 0.000 0.000 1.106 0.000 0.954 0.000 0.597 0.000 
---
0 test2fip_consistent left_hidden
0.274 0.000 0.000 0.643 1.174 0.751 0.086 0.000 0.095 0.997 1.030 0.000 0.000 1.794 0.000 0.000 0.000 4.153 0.538 0.250 
0 test2fip_consistent right_hidden
0.853 0.000 0.395 0.311 0.000 0.130 1.032 0.000 0.961 2.276 0.221 0.000 0.020 2.103 0.000 0.000 0.000 0.480 1.325 0.204 
---
1 test2fip_inconsistent left_hidden
0.274 0.000 0.000 0.643 1.174 0.751 0.086 0.000 0.095 0.997 1.030 0.000 0.000 1.794 0.000 0.000 0.000 4.153 0.538 0.250 
1 test2fip_inconsistent right_hidden
1.175 0.000 0.000 1.139 0.101 1.039 0.638 0.000 0.616 1.929 1.105 0.000 0.000 3.000 0.000 0.000 0.000 3.025 1.062 0.000 
---
0 test2fip_consistent left_hidden
0.000 0.000 2.451 0.000 2.027 0.000 0.000 0.000 0.000 0.124 3.437 0.000 0.762 0.000 0.000 1.262 0.000 0.000 0.000 0.000 
0 test2fip_consistent right_hidden
0.551 0.037 0.198 0.000 1.717 0.000 0.000 0.000 0.278 1.549 0.000 1.955 0.000 1.000 0.000 0.273 0.000 0.000 0.000 1.681 
---
1 test2fip_inconsistent left_hidden
0.000 0.000 2.451 0.000 2.027 0.000 0.000 0.000 0.000 0.124 3.437 0.000 0.762 0.000 0.000 1.262 0.000 0.000 0.000 0.000 
1 test2fip_inconsistent right_hidden
0.331 0.000 2.028 0.000 3.815 0.000 0.000 0.000 0.000 1.442 1.105 1.348 0.300 0.419 0.000 0.212 0.000 0.000 0.000 1.459 
---
0 test2fip_consistent left_hidden
0.000 0.000 0.000 0.000 0.000 0.016 2.124 0.060 0.000 0.000 0.206 0.000 0.000 2.679 1.183 0.000 0.579 0.521 2.154 3.342 
0 test2fip_consistent right_hidden
0.000 0.310 0.060 0.000 0.000 0.000 0.024 0.120 0.000 0.000 1.026 0.003 0.000 1.612 2.273 0.000 2.142 0.000 0.052 1.436 
---
1 test2fip_inconsistent left_hidden
0.000 0.000 0.000 0.000 0.000 0.016 2.124 0.060 0.000 0.000 0.206 0.000 0.000 2.679 1.183 0.000 0.579 0.521 2.154 3.342 
1 test2fip_inconsistent right_hidden
0.000 0.000 0.000 0.000 0.000 0.000 1.617 0.000 0.000 0.000 0.793 2.040 0.000 2.691 1.929 0.000 1.869 0.000 0.000 3.084 
---
0 test2fip_consistent left_hidden
0.323 0.000 0.833 2.045 0.000 0.545 0.130 1.950 0.000 0.130 3.360 0.000 0.131 0.000 0.405 0.035 0.391 1.229 0.110 0.000 
0 test2fip_consistent right_hidden
0.027 0.000 0.272 1.302 0.000 0.000 0.401 0.000 0.000 0.093 0.262 0.731 0.366 1.724 2.551 0.000 0.074 1.485 0.000 0.000 
---
1 test2fip_inconsistent left_hidden
0.323 0.000 0.833 2.045 0.000 0.545 0.130 1.950 0.000 0.130 3.360 0.000 0.131 0.000 0.405 0.035 0.391 1.229 0.110 0.000 
1 test2fip_inconsistent right_hidden
0.050 0.000 1.067 2.469 0.002 0.000 1.012 0.762 0.000 0.478 2.029 0.417 0.550 1.008 2.270 0.000 1.282 2.705 0.000 0.000 
---
0 test2fip_consistent left_hidden
0.076 0.000 3.554 0.588 0.931 0.000 0.376 0.000 0.000 0.000 0.000 1.463 0.979 0.897 0.766 1.515 1.152 0.000 0.846 0.824 
0 test2fip_consistent right_hidden
0.000 0.000 0.149 0.077 0.053 0.000 0.000 0.000 0.678 0.000 0.000 1.749 0.243 0.106 1.019 2.615 0.000 0.941 0.020 1.103 
---
1 test2fip_inconsistent left_hidden
0.076 0.000 3.554 0.588 0.931 0.000 0.376 0.000 0.000 0.000 0.000 1.463 0.979 0.897 0.766 1.515 1.152 0.000 0.846 0.824 
1 test2fip_inconsistent right_hidden
0.000 0.000 2.823 0.327 0.723 0.000 0.000 0.000 0.302 0.000 0.000 2.353 0.663 1.120 1.797 3.679 0.691 0.569 0.164 0.957 
---
0 test2fip_consistent left_hidden
0.000 0.000 0.997 0.000 0.077 0.755 0.000 0.000 0.197 0.617 2.224 1.742 0.000 0.000 0.000 0.457 0.311 1.473 3.065 0.000 
0 test2fip_consistent right_hidden
0.079 1.171 0.711 2.496 0.000 1.562 0.000 0.000 1.042 0.198 0.189 0.039 0.070 0.000 0.341 1.657 0.388 0.568 0.524 0.017 
---
1 test2fip_inconsistent left_hidden
0.000 0.000 0.997 0.000 0.077 0.755 0.000 0.000 0.197 0.617 2.224 1.742 0.000 0.000 0.000 0.457 0.311 1.473 3.065 0.000 
1 test2fip_inconsistent right_hidden
0.000 0.508 0.778 1.441 0.000 1.778 0.000 0.000 1.115 0.434 1.051 1.978 0.348 0.000 0.000 2.711 1.268 1.252 2.853 0.000 
---
0 test2fip_consistent left_hidden
1.205 1.568 0.000 0.681 0.061 2.003 0.000 0.377 0.000 0.000 2.254 0.064 0.000 0.633 0.000 0.000 0.972 0.810 1.743 1.875 
0 test2fip_consistent right_hidden
1.135 0.250 0.000 0.397 0.097 1.554 0.196 0.000 0.000 0.000 0.162 2.524 0.796 0.011 0.000 0.043 1.123 0.000 0.935 0.095 
---
1 test2fip_inconsistent left_hidden
1.205 1.568 0.000 0.681 0.061 2.003 0.000 0.377 0.000 0.000 2.254 0.064 0.000 0.633 0.000 0.000 0.972 0.810 1.743 1.875 
1 test2fip_inconsistent right_hidden
1.924 1.744 0.000 0.457 0.488 2.912 0.000 0.000 0.000 0.000 1.463 2.136 0.974 0.000 0.000 0.000 1.895 0.462 1.624 1.781 
---
0 test2fip_consistent left_hidden
0.000 2.065 2.037 0.189 0.000 0.754 0.000 2.384 0.000 0.000 0.000 0.000 0.685 3.127 0.565 0.050 0.000 0.000 1.115 0.381 
0 test2fip_consistent right_hidden
0.038 0.836 0.212 1.095 0.000 0.000 0.000 1.068 0.000 0.004 0.000 0.000 0.097 0.122 1.484 0.842 0.432 0.438 0.979 2.803 
---
1 test2fip_inconsistent left_hidden
0.000 2.065 2.037 0.189 0.000 0.754 0.000 2.384 0.000 0.000 0.000 0.000 0.685 3.127 0.565 0.050 0.000 0.000 1.115 0.381 
1 test2fip_inconsistent right_hidden
0.000 1.177 1.354 1.399 0.000 0.000 0.000 2.869 0.000 0.000 0.000 0.000 0.325 2.554 0.889 0.500 0.227 0.217 1.932 2.811 
---
0 test2fip_consistent left_hidden
0.000 0.000 0.000 0.000 2.810 0.440 0.000 0.356 0.071 0.000 0.000 3.282 1.067 1.840 0.000 0.084 1.233 0.000 0.000 0.372 
0 test2fip_consistent right_hidden
0.000 0.000 0.018 0.575 0.112 2.986 0.000 1.056 0.000 0.000 0.013 1.487 0.077 0.135 0.000 0.060 1.604 0.692 0.000 0.071 
---
1 test2fip_inconsistent left_hidden
0.000 0.000 0.000 0.000 2.810 0.440 0.000 0.356 0.071 0.000 0.000 3.282 1.067 1.840 0.000 0.084 1.233 0.000 0.000 0.372 
1 test2fip_inconsistent right_hidden
0.000 0.000 0.000 0.073 2.109 3.438 0.000 0.773 0.000 0.000 0.000 2.673 0.840 1.058 0.000 1.163 2.733 0.215 0.000 1.171 
---
0 test2fip_consistent left_hidden
0.000 0.956 0.583 0.642 0.000 0.108 0.184 0.000 0.000 0.548 0.054 2.566 0.049 2.852 0.000 2.086 0.000 0.000 1.689 1.180 
0 test2fip_consistent right_hidden
0.129 1.447 0.000 0.272 0.000 0.042 0.688 0.000 0.000 0.972 1.195 2.154 1.103 0.174 0.000 0.049 1.186 1.099 0.621 0.147 
---
1 test2fip_inconsistent left_hidden
0.000 0.956 0.583 0.642 0.000 0.108 0.184 0.000 0.000 0.548 0.054 2.566 0.049 2.852 0.000 2.086 0.000 0.000 1.689 1.180 
1 test2fip_inconsistent right_hidden
0.278 1.764 0.000 0.759 0.000 0.000 0.533 0.000 0.000 1.822 1.117 3.104 0.761 1.175 0.000 2.002 0.752 0.889 2.350 0.971 
---
0 test2fip_consistent left_hidden
2.495 0.000 0.202 0.000 0.000 0.143 0.000 0.000 0.218 0.000 0.000 4.475 0.000 0.000 0.000 0.001 0.000 0.095 0.121 0.000 
0 test2fip_consistent right_hidden
2.889 0.000 0.022 0.006 0.777 0.979 0.638 0.000 0.086 0.000 0.000 1.249 1.158 0.000 0.000 0.646 0.073 1.332 0.848 0.000 
---
1 test2fip_inconsistent left_hidden
2.495 0.000 0.202 0.000 0.000 0.143 0.000 0.000 0.218 0.000 0.000 4.475 0.000 0.000 0.000 0.001 0.000 0.095 0.121 0.000 
1 test2fip_inconsistent right_hidden
2.292 0.000 0.338 0.000 0.489 1.167 0.500 0.000 0.000 0.928 0.000 3.914 1.094 0.000 0.353 1.811 0.000 1.706 0.736 0.000 
---
0 test2fip_consistent left_hidden
0.000 1.142 0.000 0.000 1.073 2.294 0.000 0.000 0.966 0.024 2.325 0.374 0.000 0.000 0.314 2.227 0.000 0.296 2.361 0.000 
0 test2fip_consistent right_hidden
0.000 0.295 0.000 0.000 1.461 0.000 0.000 0.000 0.000 0.000 1.342 0.629 0.000 0.043 0.478 0.000 0.000 2.840 2.310 0.000 
---
1 test2fip_inconsistent left_hidden
0.000 1.142 0.000 0.000 1.073 2.294 0.000 0.000 0.966 0.024 2.325 0.374 0.000 0.000 0.314 2.227 0.000 0.296 2.361 0.000 
1 test2fip_inconsistent right_hidden
0.000 0.318 0.000 0.000 0.925 1.466 0.000 0.000 0.000 0.000 2.750 0.358 0.000 0.000 1.299 2.101 0.000 1.685 3.694 0.000 
---
0 test2fip_consistent left_hidden
4.488 0.016 0.000 0.000 0.977 0.000 0.513 0.028 0.000 0.411 0.000 0.000 0.000 0.242 0.200 0.983 0.000 0.605 0.726 0.000 
0 test2fip_consistent right_hidden
0.141 0.000 1.883 0.000 0.000 0.002 0.444 0.492 0.000 0.480 0.139 0.000 0.939 0.051 0.889 2.810 0.011 0.108 0.366 0.000 
---
1 test2fip_inconsistent left_hidden
4.488 0.016 0.000 0.000 0.977 0.000 0.513 0.028 0.000 0.411 0.000 0.000 0.000 0.242 0.200 0.983 0.000 0.605 0.726 0.000 
1 test2fip_inconsistent right_hidden
2.900 0.000 2.284 0.000 0.000 0.000 0.699 0.486 0.000 1.381 0.000 0.000 0.487 0.862 0.952 3.059 0.000 1.312 1.443 0.000 
---
0 test2fip_consistent left_hidden
0.971 0.000 0.000 0.071 1.069 0.000 0.393 0.000 1.096 2.684 1.004 0.828 0.333 1.022 0.783 0.195 0.000 2.874 1.478 0.006 
0 test2fip_consistent right_hidden
0.291 0.230 0.000 0.861 0.491 0.000 0.159 1.694 0.087 0.042 0.991 1.138 0.000 0.218 1.161 1.468 1.370 0.276 1.271 0.000 
---
1 test2fip_inconsistent left_hidden
0.971 0.000 0.000 0.071 1.069 0.000 0.393 0.000 1.096 2.684 1.004 0.828 0.333 1.022 0.783 0.195 0.000 2.874 1.478 0.006 
1 test2fip_inconsistent right_hidden
0.153 0.040 0.000 0.492 1.387 0.000 0.267 1.818 0.161 1.942 1.792 1.432 0.000 1.606 2.045 1.207 1.879 2.209 1.921 0.000 
---
0 test2fip_consistent left_hidden
0.000 0.000 0.000 1.916 1.532 0.000 0.000 2.244 0.673 0.883 0.000 1.356 0.379 0.000 0.000 2.993 0.000 0.000 0.066 1.332 
0 test2fip_consistent right_hidden
0.000 0.000 0.000 2.446 0.685 0.452 0.039 0.331 0.388 2.558 0.030 0.009 0.327 0.000 0.000 0.142 0.000 0.000 0.989 0.000 
---
1 test2fip_inconsistent left_hidden
0.000 0.000 0.000 1.916 1.532 0.000 0.000 2.244 0.673 0.883 0.000 1.356 0.379 0.000 0.000 2.993 0.000 0.000 0.066 1.332 
1 test2fip_inconsistent right_hidden
0.000 0.000 0.000 3.146 0.788 0.165 0.000 1.713 1.258 2.854 0.000 0.496 0.150 0.000 0.000 2.690 0.000 0.000 1.038 0.000 
---
0 test2fip_consistent left_hidden
0.242 0.000 1.103 0.000 0.000 0.000 3.345 0.000 0.135 3.029 0.000 0.000 0.276 0.000 0.000 0.000 0.000 0.000 1.739 0.000 
0 test2fip_consistent right_hidden
0.211 0.000 0.045 0.000 0.000 0.000 0.321 0.000 0.497 1.659 0.000 0.000 2.995 0.247 0.000 0.000 0.000 0.000 0.144 1.611 
---
1 test2fip_inconsistent left_hidden
0.242 0.000 1.103 0.000 0.000 0.000 3.345 0.000 0.135 3.029 0.000 0.000 0.276 0.000 0.000 0.000 0.000 0.000 1.739 0.000 
1 test2fip_inconsistent right_hidden
0.031 0.000 0.000 0.021 0.000 0.000 1.902 0.000 0.314 3.659 0.000 0.000 2.403 0.189 0.000 0.000 0.000 0.000 1.765 1.337 
---
0 test2fip_consistent left_hidden
1.695 0.000 3.063 0.000 0.064 0.000 0.000 0.044 0.000 2.435 2.098 0.000 0.581 0.000 0.000 0.000 1.059 0.718 0.000 0.000 
0 test2fip_consistent right_hidden
0.142 0.156 2.037 0.264 0.772 0.896 1.124 1.868 0.000 0.504 0.370 0.000 0.000 0.000 1.257 0.000 0.019 0.044 0.000 1.084 
---
1 test2fip_inconsistent left_hidden
1.695 0.000 3.063 0.000 0.064 0.000 0.000 0.044 0.000 2.435 2.098 0.000 0.581 0.000 0.000 0.000 1.059 0.718 0.000 0.000 
1 test2fip_inconsistent right_hidden
1.372 0.000 3.718 0.144 0.379 1.004 0.829 1.720 0.000 1.883 2.372 0.000 0.000 0.000 1.329 0.000 0.816 0.035 0.000 0.315 
---
0 test2fip_consistent left_hidden
0.000 0.095 0.000 0.000 0.000 0.000 0.258 0.000 0.000 2.696 0.000 0.000 0.000 1.902 0.295 0.114 0.873 0.108 2.222 2.690 
0 test2fip_consistent right_hidden
1.678 1.515 0.431 0.045 0.000 0.000 1.350 2.064 0.000 0.023 0.000 0.140 0.000 0.263 0.215 0.390 0.721 1.226 0.812 0.154 
---
1 test2fip_inconsistent left_hidden
0.000 0.095 0.000 0.000 0.000 0.000 0.258 0.000 0.000 2.696 0.000 0.000 0.000 1.902 0.295 0.114 0.873 0.108 2.222 2.690 
1 test2fip_inconsistent right_hidden
1.499 1.982 0.000 0.252 0.000 0.060 1.442 1.363 0.000 1.466 0.000 0.065 0.000 1.923 0.162 0.131 2.732 1.023 2.727 0.520 
---
0 test2fip_consistent left_hidden
0.000 0.000 0.000 0.000 0.000 0.188 1.371 0.374 0.380 0.000 1.855 0.000 0.000 0.252 0.000 3.091 0.000 2.773 0.262 0.000 
0 test2fip_consistent right_hidden
1.416 1.002 0.029 0.321 0.055 0.000 0.050 0.000 0.180 0.000 2.696 0.709 0.602 0.747 0.000 0.055 0.704 0.319 1.759 0.000 
---
1 test2fip_inconsistent left_hidden
0.000 0.000 0.000 0.000 0.000 0.188 1.371 0.374 0.380 0.000 1.855 0.000 0.000 0.252 0.000 3.091 0.000 2.773 0.262 0.000 
1 test2fip_inconsistent right_hidden
0.758 0.817 0.000 0.240 0.000 0.000 1.804 0.000 0.215 0.000 3.796 0.443 0.000 0.592 0.000 1.693 0.490 2.569 1.560 0.000 
---
0 test2fip_consistent left_hidden
0.000 2.530 0.000 1.392 0.000 0.379 0.000 0.197 0.000 1.575 1.445 0.000 2.021 0.040 0.341 0.000 0.263 1.388 0.000 2.101 
0 test2fip_consistent right_hidden
0.356 0.779 0.967 2.536 0.645 0.892 1.092 0.637 0.000 0.029 0.616 0.000 0.672 0.013 0.728 0.032 1.006 0.398 0.010 0.143 
---
1 test2fip_inconsistent left_hidden
0.000 2.530 0.000 1.392 0.000 0.379 0.000 0.197 0.000 1.575 1.445 0.000 2.021 0.040 0.341 0.000 0.263 1.388 0.000 2.101 
1 test2fip_inconsistent right_hidden
0.579 2.874 0.610 3.021 1.393 0.568 0.867 1.100 0.000 1.360 1.537 0.000 1.477 0.000 0.778 0.223 0.918 1.187 0.099 1.510 
---
0 test2fip_consistent left_hidden
0.079 0.000 0.030 0.000 0.000 3.522 0.067 1.684 0.847 0.000 0.238 0.000 0.000 0.000 0.018 1.849 1.564 1.575 1.115 1.426 
0 test2fip_consistent right_hidden
0.736 0.000 0.507 0.102 0.000 0.538 0.141 0.150 0.147 0.000 1.444 1.913 0.000 0.000 0.989 1.150 0.054 0.893 1.915 0.000 
---
1 test2fip_inconsistent left_hidden
0.079 0.000 0.030 0.000 0.000 3.522 0.067 1.684 0.847 0.000 0.238 0.000 0.000 0.000 0.018 1.849 1.564 1.575 1.115 1.426 
1 test2fip_inconsistent right_hidden
0.715 0.000 1.139 0.000 0.000 2.488 0.402 1.881 0.183 0.000 1.456 1.158 0.000 0.000 0.765 2.248 1.392 2.465 2.552 0.000 
---
0 test2fip_consistent left_hidden
0.000 2.544 0.247 0.604 1.436 0.004 0.000 0.000 0.000 0.251 0.000 0.000 0.000 3.485 0.000 0.000 0.817 2.036 0.000 0.000 
0 test2fip_consistent right_hidden
0.000 1.799 0.926 0.000 1.416 0.000 0.000 1.490 0.000 0.000 1.688 0.000 0.016 0.551 0.000 0.000 0.000 0.052 1.773 0.000 
---
1 test2fip_inconsistent left_hidden
0.000 2.544 0.247 0.604 1.436 0.004 0.000 0.000 0.000 0.251 0.000 0.000 0.000 3.485 0.000 0.000 0.817 2.036 0.000 0.000 
1 test2fip_inconsistent right_hidden
0.000 3.204 0.775 0.000 1.966 0.000 0.000 1.194 0.000 0.000 0.908 0.000 0.000 3.422 0.000 0.000 0.042 0.671 1.519 0.000 
---
0 test2fip_consistent left_hidden
1.717 1.601 0.754 1.387 0.000 1.845 1.570 0.000 0.459 2.964 0.000 0.000 0.694 0.000 0.000 0.894 0.029 0.625 0.000 0.427 
0 test2fip_consistent right_hidden
0.542 0.223 0.156 0.363 1.603 0.143 1.026 0.000 1.228 0.968 0.000 0.000 1.089 0.071 0.000 2.543 0.432 0.000 0.475 0.308 
---
1 test2fip_inconsistent left_hidden
1.717 1.601 0.754 1.387 0.000 1.845 1.570 0.000 0.459 2.964 0.000 0.000 0.694 0.000 0.000 0.894 0.029 0.625 0.000 0.427 
1 test2fip_inconsistent right_hidden
1.779 0.234 0.000 0.884 1.483 1.895 1.980 0.000 0.970 3.121 0.000 0.000 1.348 0.731 0.000 2.402 0.692 0.000 0.174 0.191 
---
0 test2fip_consistent left_hidden
1.426 0.157 1.479 1.875 0.828 0.443 1.367 0.321 0.193 0.000 0.000 0.345 1.826 1.084 1.964 0.000 0.000 0.000 1.349 1.329 
0 test2fip_consistent right_hidden
0.452 1.059 2.611 0.127 0.273 0.000 0.094 0.000 0.025 0.000 0.823 0.074 0.000 2.372 0.102 0.003 0.000 0.000 0.000 0.062 
---
1 test2fip_inconsistent left_hidden
1.426 0.157 1.479 1.875 0.828 0.443 1.367 0.321 0.193 0.000 0.000 0.345 1.826 1.084 1.964 0.000 0.000 0.000 1.349 1.329 
1 test2fip_inconsistent right_hidden
1.070 0.847 3.661 1.955 0.000 0.000 1.073 0.000 0.088 0.000 0.545 0.176 0.551 2.597 1.349 0.000 0.000 0.000 1.327 1.120 
---
0 test2fip_consistent left_hidden
0.000 0.246 0.551 0.000 0.000 0.000 0.699 0.479 3.006 0.878 0.000 0.000 1.353 0.379 1.927 1.225 1.143 2.528 0.000 0.000 
0 test2fip_consistent right_hidden
0.139 0.000 0.000 0.000 0.000 1.946 0.467 1.253 0.667 0.049 0.000 0.000 0.232 1.427 2.034 0.181 0.069 1.422 0.000 0.258 
---
1 test2fip_inconsistent left_hidden
0.000 0.246 0.551 0.000 0.000 0.000 0.699 0.479 3.006 0.878 0.000 0.000 1.353 0.379 1.927 1.225 1.143 2.528 0.000 0.000 
1 test2fip_inconsistent right_hidden
0.000 0.000 0.893 0.000 0.000 1.407 0.789 0.766 2.857 0.000 0.000 0.000 0.715 1.249 2.335 0.386 0.732 3.286 0.000 1.350 
---
0 test2fip_consistent left_hidden
0.000 3.106 1.233 0.877 0.000 0.000 0.000 1.706 0.000 0.130 0.000 1.495 0.000 0.000 1.165 1.730 1.166 0.000 0.000 0.418 
0 test2fip_consistent right_hidden
0.000 0.126 1.198 0.166 0.000 0.084 0.000 1.334 0.020 0.471 0.000 1.363 1.037 0.000 2.850 0.112 0.542 0.037 0.000 0.000 
---
1 test2fip_inconsistent left_hidden
0.000 3.106 1.233 0.877 0.000 0.000 0.000 1.706 0.000 0.130 0.000 1.495 0.000 0.000 1.165 1.730 1.166 0.000 0.000 0.418 
1 test2fip_inconsistent right_hidden
0.000 1.905 1.025 0.496 0.000 0.013 0.000 2.384 1.025 0.394 0.000 2.293 0.887 0.000 2.946 1.993 2.140 0.000 0.000 0.000 
---
0 test2fip_consistent left_hidden
0.000 0.000 0.242 0.303 0.000 0.000 1.596 2.467 2.670 0.000 0.000 0.000 0.000 0.662 0.000 2.624 0.000 0.000 1.416 0.000 
0 test2fip_consistent right_hidden
0.000 0.000 2.024 0.858 0.000 0.000 0.004 2.204 0.208 0.000 0.670 0.000 0.000 0.384 0.517 0.212 0.000 0.000 1.590 1.002 
---
1 test2fip_inconsistent left_hidden
0.000 0.000 0.242 0.303 0.000 0.000 1.596 2.467 2.670 0.000 0.000 0.000 0.000 0.662 0.000 2.624 0.000 0.000 1.416 0.000 
1 test2fip_inconsistent right_hidden
0.000 0.000 1.536 0.133 0.000 0.000 1.366 3.348 1.488 0.000 0.480 0.000 0.000 1.146 0.148 2.289 0.039 0.000 2.305 0.580 
---
0 test2fip_consistent left_hidden
0.139 2.742 3.165 1.441 0.011 0.163 0.000 0.000 0.057 1.720 0.000 0.000 0.002 0.000 0.000 0.000 0.000 0.000 0.858 0.000 
0 test2fip_consistent right_hidden
1.357 0.605 0.303 2.420 0.012 1.311 0.020 0.000 1.737 0.325 0.000 0.000 0.000 0.000 0.000 0.000 0.000 0.417 0.098 0.000 
---
1 test2fip_inconsistent left_hidden
0.139 2.742 3.165 1.441 0.011 0.163 0.000 0.000 0.057 1.720 0.000 0.000 0.002 0.000 0.000 0.000 0.000 0.000 0.858 0.000 
1 test2fip_inconsistent right_hidden
1.283 2.327 2.814 2.587 0.000 1.373 0.000 0.000 1.512 1.466 0.000 0.000 0.000 0.000 0.028 0.103 0.000 0.250 0.532 0.000 
---
0 test2fip_consistent left_hidden
0.821 0.743 0.313 0.000 0.000 3.336 0.724 0.000 0.000 2.236 0.000 0.000 1.678 0.000 0.000 0.000 0.000 0.000 2.129 0.000 
0 test2fip_consistent right_hidden
0.331 0.687 0.000 0.000 0.000 1.143 1.251 0.000 0.000 1.220 1.779 0.064 0.000 1.511 0.000 0.000 0.000 1.716 0.110 0.000 
---
1 test2fip_inconsistent left_hidden
0.821 0.743 0.313 0.000 0.000 3.336 0.724 0.000 0.000 2.236 0.000 0.000 1.678 0.000 0.000 0.000 0.000 0.000 2.129 0.000 
1 test2fip_inconsistent right_hidden
0.344 1.846 0.000 0.000 0.000 3.405 0.828 0.000 0.000 3.117 1.626 0.201 0.834 1.168 0.000 0.000 0.000 1.625 1.550 0.000 
---
0 test2fip_consistent left_hidden
0.000 1.911 0.000 0.866 0.060 1.382 0.728 0.410 0.000 0.000 0.187 2.487 0.000 0.009 3.071 0.000 0.000 0.000 0.000 0.000 
0 test2fip_consistent right_hidden
0.148 0.114 0.000 0.023 0.000 0.395 0.514 1.005 0.198 0.000 0.072 1.745 1.180 0.929 1.146 0.000 0.000 2.151 0.986 0.000 
---
1 test2fip_inconsistent left_hidden
0.000 1.911 0.000 0.866 0.060 1.382 0.728 0.410 0.000 0.000 0.187 2.487 0.000 0.009 3.071 0.000 0.000 0.000 0.000 0.000 
1 test2fip_inconsistent right_hidden
0.000 2.010 0.000 0.705 0.000 0.938 0.995 2.274 0.000 0.000 0.271 3.337 1.020 0.934 2.640 0.000 0.000 1.200 0.659 0.000 
---
0 test2fip_consistent left_hidden
0.000 2.109 0.000 0.000 0.200 0.000 0.000 0.000 1.125 1.294 3.899 0.058 0.000 0.000 0.173 0.000 0.000 2.067 0.046 0.000 
0 test2fip_consistent right_hidden
0.000 0.045 0.843 0.000 1.503 0.286 0.000 0.000 0.000 3.260 0.854 0.000 0.000 0.000 0.000 0.000 0.243 0.751 0.000 1.077 
---
1 test2fip_inconsistent left_hidden
0.000 2.109 0.000 0.000 0.200 0.000 0.000 0.000 1.125 1.294 3.899 0.058 0.000 0.000 0.173 0.000 0.000 2.067 0.046 0.000 
1 test2fip_inconsistent right_hidden
0.000 1.963 0.662 0.000 1.157 0.099 0.000 0.000 0.000 3.617 0.771 0.000 0.000 0.000 0.018 0.000 0.188 3.697 0.000 0.615 
---
0 test2fip_consistent left_hidden
0.000 2.082 0.074 0.245 0.417 0.044 1.226 0.000 0.000 1.531 0.984 0.361 0.000 0.292 0.692 0.000 1.537 1.827 3.088 0.000 
0 test2fip_consistent right_hidden
0.000 0.937 0.000 1.125 0.140 0.050 2.347 1.361 0.692 0.402 0.030 0.162 0.003 0.000 1.702 0.000 0.887 0.885 0.523 0.000 
---
1 test2fip_inconsistent left_hidden
0.000 2.082 0.074 0.245 0.417 0.044 1.226 0.000 0.000 1.531 0.984 0.361 0.000 0.292 0.692 0.000 1.537 1.827 3.088 0.000 
1 test2fip_inconsistent right_hidden
0.000 1.431 0.000 1.004 0.181 0.000 2.853 1.048 0.502 1.935 0.616 0.141 0.000 0.620 1.462 0.000 1.821 1.415 2.926 0.000 
---
0 test2fip_consistent left_hidden
2.267 0.000 1.926 0.000 1.436 0.000 0.000 0.664 2.437 0.000 0.000 1.266 0.502 0.594 0.362 2.505 0.000 0.005 0.000 0.000 
0 test2fip_consistent right_hidden
1.345 2.046 1.009 0.877 0.000 0.000 1.574 0.741 0.750 0.000 0.000 0.014 0.605 0.072 1.559 0.116 0.007 0.049 0.000 0.000 
---
1 test2fip_inconsistent left_hidden
2.267 0.000 1.926 0.000 1.436 0.000 0.000 0.664 2.437 0.000 0.000 1.266 0.502 0.594 0.362 2.505 0.000 0.005 0.000 0.000 
1 test2fip_inconsistent right_hidden
2.750 1.687 1.743 0.576 0.000 0.000 1.086 1.148 2.900 0.009 0.000 0.856 0.762 0.000 1.406 1.829 0.000 0.347 0.000 0.000 
---
0 test2fip_consistent left_hidden
0.412 1.371 0.000 0.000 0.000 0.254 3.203 0.000 0.747 2.298 0.000 0.000 0.000 0.000 0.520 2.266 0.847 0.000 0.412 0.370 
0 test2fip_consistent right_hidden
0.029 1.969 0.032 0.095 0.000 0.000 0.219 0.122 0.000 1.616 1.068 0.000 0.438 0.490 0.058 1.426 0.106 0.000 1.754 1.268 
---
1 test2fip_inconsistent left_hidden
0.412 1.371 0.000 0.000 0.000 0.254 3.203 0.000 0.747 2.298 0.000 0.000 0.000 0.000 0.520 2.266 0.847 0.000 0.412 0.370 
1 test2fip_inconsistent right_hidden
0.000 2.664 0.000 0.000 0.000 0.000 2.890 0.000 0.854 2.408 0.440 0.000 0.210 0.394 0.108 2.123 0.996 0.000 1.280 0.673 
---
0 test2fip_consistent left_hidden
0.038 0.000 0.462 0.284 2.196 0.000 1.333 0.000 2.676 2.655 0.000 0.000 0.037 1.090 0.577 0.358 0.000 1.135 0.000 0.000 
0 test2fip_consistent right_hidden
0.829 0.000 2.038 1.539 0.958 0.000 0.184 0.000 0.588 0.637 0.000 0.960 0.387 0.113 1.679 0.229 0.000 0.945 0.056 0.892 
---
1 test2fip_inconsistent left_hidden
0.038 0.000 0.462 0.284 2.196 0.000 1.333 0.000 2.676 2.655 0.000 0.000 0.037 1.090 0.577 0.358 0.000 1.135 0.000 0.000 
1 test2fip_inconsistent right_hidden
0.380 0.000 1.689 0.928 2.100 0.000 0.642 0.000 2.884 2.040 0.000 0.530 0.000 0.192 1.644 0.503 0.000 1.465 0.000 0.829 
---
0 test2fip_consistent left_hidden
0.000 1.206 0.269 0.000 0.153 0.226 0.879 0.000 0.227 1.608 0.000 0.000 4.727 0.000 0.000 0.000 0.000 1.077 0.000 0.000 
0 test2fip_consistent right_hidden
0.000 0.106 0.957 0.000 0.000 0.000 0.431 0.000 0.032 0.000 0.000 0.000 0.701 1.605 0.000 0.000 0.259 2.109 2.444 0.000 
---
1 test2fip_inconsistent left_hidden
0.000 1.206 0.269 0.000 0.153 0.226 0.879 0.000 0.227 1.608 0.000 0.000 4.727 0.000 0.000 0.000 0.000 1.077 0.000 0.000 
1 test2fip_inconsistent right_hidden
0.000 0.074 1.774 0.000 0.724 0.000 1.686 0.000 0.127 0.003 0.000 0.000 3.840 1.185 0.000 0.000 0.304 1.842 2.723 0.000 
---
0 test2fip_consistent left_hidden
0.470 0.000 2.607 2.454 1.670 0.392 0.000 0.000 1.236 0.976 0.000 0.387 0.000 0.000 1.439 0.200 1.465 0.000 0.000 0.000 
0 test2fip_consistent right_hidden
1.753 0.000 0.041 1.026 1.845 1.378 0.000 0.000 0.175 0.000 0.000 1.004 0.000 1.759 0.302 0.000 0.000 0.035 0.843 0.000 
---
1 test2fip_inconsistent left_hidden
0.470 0.000 2.607 2.454 1.670 0.392 0.000 0.000 1.236 0.976 0.000 0.387 0.000 0.000 1.439 0.200 1.465 0.000 0.000 0.000 
1 test2fip_inconsistent right_hidden
1.969 0.000 2.011 2.985 3.200 1.260 0.000 0.000 0.363 0.945 0.000 0.727 0.000 1.111 1.803 0.000 0.029 0.000 0.529 0.003 
---
0 test2fip_consistent left_hidden
0.447 2.126 1.626 1.667 0.928 0.069 0.000 0.347 0.779 0.000 2.824 0.399 0.309 0.000 0.000 1.810 0.000 0.118 0.000 1.481 
0 test2fip_consistent right_hidden
0.879 1.101 0.567 0.107 1.103 1.369 0.000 0.796 0.004 1.037 1.147 0.841 1.188 0.000 0.000 1.845 0.000 0.063 0.000 0.923 
---
1 test2fip_inconsistent left_hidden
0.447 2.126 1.626 1.667 0.928 0.069 0.000 0.347 0.779 0.000 2.824 0.399 0.309 0.000 0.000 1.810 0.000 0.118 0.000 1.481 
1 test2fip_inconsistent right_hidden
0.681 3.035 2.011 1.612 0.671 1.242 0.000 0.538 0.908 0.506 2.575 0.964 0.521 0.000 0.000 2.200 0.000 0.000 0.000 1.094 
---
0 test2fip_consistent left_hidden
1.099 0.000 0.727 0.000 0.635 0.510 0.000 0.243 2.291 0.000 0.000 0.000 0.724 0.310 0.385 0.000 0.918 1.178 3.453 1.846 
0 test2fip_consistent right_hidden
0.114 0.000 0.000 0.000 0.010 1.492 0.000 0.000 3.399 0.455 0.000 0.000 0.766 0.062 0.860 0.000 0.514 0.000 0.233 0.125 
---
1 test2fip_inconsistent left_hidden
1.099 0.000 0.727 0.000 0.635 0.510 0.000 0.243 2.291 0.000 0.000 0.000 0.724 0.310 0.385 0.000 0.918 1.178 3.453 1.846 
1 test2fip_inconsistent right_hidden
0.341 0.000 0.399 0.000 0.681 0.966 0.000 0.000 4.806 0.438 0.000 0.000 0.416 0.629 1.034 0.000 1.881 0.361 1.654 1.817 
---
0 test2fip_consistent left_hidden
0.943 0.000 0.000 3.184 1.634 0.208 2.766 0.595 0.000 0.000 0.000 0.000 0.000 0.000 1.087 0.000 0.051 0.000 1.050 1.337 
0 test2fip_consistent right_hidden
0.035 1.064 0.000 0.548 2.607 1.556 0.189 0.266 0.000 0.000 0.000 0.071 0.162 0.767 0.003 0.073 0.000 0.000 0.880 1.438 
---
1 test2fip_inconsistent left_hidden
0.943 0.000 0.000 3.184 1.634 0.208 2.766 0.595 0.000 0.000 0.000 0.000 0.000 0.000 1.087 0.000 0.051 0.000 1.050 1.337 
1 test2fip_inconsistent right_hidden
0.439 0.779 0.000 2.750 2.817 1.307 2.138 0.861 0.000 0.000 0.000 0.000 0.000 0.000 0.184 0.000 0.034 0.000 1.568 1.844 
---
0 test2fip_consistent left_hidden
0.127 0.000 0.000 2.418 2.116 0.000 1.515 0.128 1.298 0.000 0.000 0.000 0.000 0.530 0.000 3.025 0.000 0.464 0.135 0.306 
0 test2fip_consistent right_hidden
0.087 0.000 0.000 1.293 0.023 0.000 1.519 0.706 1.198 0.429 0.693 1.526 0.000 0.018 0.505 0.131 0.000 0.031 0.274 2.008 
---
1 test2fip_inconsistent left_hidden
0.127 0.000 0.000 2.418 2.116 0.000 1.515 0.128 1.298 0.000 0.000 0.000 0.000 0.530 0.000 3.025 0.000 0.464 0.135 0.306 
1 test2fip_inconsistent right_hidden
0.900 0.000 0.000 2.724 1.752 0.000 1.274 0.054 1.910 0.371 0.655 1.262 0.000 0.376 0.324 1.112 0.000 1.248 0.199 2.478 
---
0 test2fip_consistent left_hidden
0.025 0.000 0.028 0.067 0.009 0.000 0.000 2.726 0.000 0.455 0.000 0.511 1.577 0.000 0.226 0.000 0.122 2.062 3.119 0.060 
0 test2fip_consistent right_hidden
1.113 0.109 0.730 0.731 0.163 0.000 0.236 0.086 0.000 0.414 0.000 0.296 0.019 0.000 1.972 0.557 0.853 0.101 2.388 0.474 
---
1 test2fip_inconsistent left_hidden
0.025 0.000 0.028 0.067 0.009 0.000 0.000 2.726 0.000 0.455 0.000 0.511 1.577 0.000 0.226 0.000 0.122 2.062 3.119 0.060 
1 test2fip_inconsistent right_hidden
1.178 1.157 0.548 1.313 0.000 0.000 0.087 2.078 0.000 1.059 0.000 1.172 0.958 0.000 1.639 0.444 0.641 1.186 4.041 0.369 
---
0 test2fip_consistent left_hidden
3.287 0.000 0.073 0.561 0.000 0.000 1.963 0.020 1.660 1.295 0.497 1.755 0.000 0.212 0.000 0.000 0.000 0.000 0.000 0.000 
0 test2fip_consistent right_hidden
0.543 0.000 0.307 0.000 0.000 0.056 0.000 1.185 0.282 1.400 0.340 0.901 0.045 2.245 0.021 1.860 0.000 0.388 0.000 0.000 
---
1 test2fip_inconsistent left_hidden
3.287 0.000 0.073 0.561 0.000 0.000 1.963 0.020 1.660 1.295 0.497 1.755 0.000 0.212 0.000 0.000 0.000 0.000 0.000 0.000 
1 test2fip_inconsistent right_hidden
2.234 0.000 1.371 0.039 0.000 0.000 0.301 0.846 1.225 2.244 2.003 2.549 0.000 1.980 0.000 1.332 0.000 0.000 0.000 0.000 
---
0 test2fip_consistent left_hidden
1.468 0.280 0.040 0.267 1.603 1.080 0.000 0.060 0.000 0.000 0.753 0.669 0.000 0.000 2.593 2.289 0.743 0.186 1.225 0.982 
0 test2fip_consistent right_hidden
0.452 0.669 0.300 1.724 1.327 0.217 0.000 0.000 0.000 0.000 0.034 1.017 0.000 0.000 0.199 0.596 0.072 0.788 0.000 2.316 
---
1 test2fip_inconsistent left_hidden
1.468 0.280 0.040 0.267 1.603 1.080 0.000 0.060 0.000 0.000 0.753 0.669 0.000 0.000 2.593 2.289 0.743 0.186 1.225 0.982 
1 test2fip_inconsistent right_hidden
1.922 0.387 0.223 1.533 2.617 0.944 0.000 0.000 0.000 0.000 0.527 1.096 0.000 0.000 2.334 1.773 0.354 0.250 0.154 2.681 
---
0 test2fip_consistent left_hidden
0.513 0.000 0.000 2.306 0.000 0.000 0.000 0.000 0.096 0.000 0.000 0.000 0.066 2.405 0.000 0.000 0.000 2.392 0.000 2.946 
0 test2fip_consistent right_hidden
3.470 0.000 0.000 0.000 0.000 0.037 0.000 0.039 1.998 0.000 0.000 0.000 0.034 0.683 0.000 0.028 0.000 0.187 0.000 0.810 
---
1 test2fip_inconsistent left_hidden
0.513 0.000 0.000 2.306 0.000 0.000 0.000 0.000 0.096 0.000 0.000 0.000 0.066 2.405 0.000 0.000 0.000 2.392 0.000 2.946 
1 test2fip_inconsistent right_hidden
3.096 0.000 0.000 0.172 0.000 0.000 0.000 0.000 2.781 0.000 0.000 0.000 0.000 2.688 0.000 1.488 0.000 2.273 0.000 2.080 
---
0 test2fip_consistent left_hidden
1.954 0.000 0.095 2.633 1.413 0.000 0.000 0.000 1.388 0.315 0.000 0.000 0.484 0.405 0.186 0.000 3.017 0.077 0.121 0.000 
0 test2fip_consistent right_hidden
1.612 0.000 0.846 0.208 0.846 0.000 0.000 0.043 0.566 1.323 0.000 0.000 0.058 0.195 0.872 0.000 1.640 1.348 0.241 1.126 
---
1 test2fip_inconsistent left_hidden
1.954 0.000 0.095 2.633 1.413 0.000 0.000 0.000 1.388 0.315 0.000 0.000 0.484 0.405 0.186 0.000 3.017 0.077 0.121 0.000 
1 test2fip_inconsistent right_hidden
2.045 0.000 0.625 1.920 2.664 0.004 0.000 0.997 1.936 1.523 0.000 0.000 0.034 0.696 0.570 0.000 1.986 1.299 0.550 0.996 
---
0 test2fip_consistent left_hidden
1.589 0.254 0.000 0.643 2.859 0.000 1.025 0.000 0.079 0.102 0.502 0.143 0.000 0.041 0.000 3.599 0.160 0.000 0.268 0.000 
0 test2fip_consistent right_hidden
0.310 0.000 0.000 0.407 0.615 0.000 1.415 0.265 0.000 0.626 1.217 0.000 0.000 0.000 0.177 0.942 2.363 0.000 1.384 0.009 
---
1 test2fip_inconsistent left_hidden
1.589 0.254 0.000 0.643 2.859 0.000 1.025 0.000 0.079 0.102 0.502 0.143 0.000 0.041 0.000 3.599 0.160 0.000 0.268 0.000 
1 test2fip_inconsistent right_hidden
2.289 0.019 0.000 0.162 2.439 0.000 1.661 0.000 0.000 0.611 0.715 0.000 0.000 0.159 0.000 2.443 2.060 0.000 2.207 0.000 
---
0 test2fip_consistent left_hidden
0.000 0.000 0.000 0.000 0.892 2.730 2.279 0.513 0.000 0.000 3.033 0.333 0.000 0.000 0.000 0.000 0.000 0.000 0.000 0.821 
0 test2fip_consistent right_hidden
0.000 1.399 0.000 0.000 1.152 0.300 2.046 1.231 0.000 0.105 0.096 0.406 0.000 0.000 0.000 0.000 0.000 1.535 0.051 1.495 
---
1 test2fip_inconsistent left_hidden
0.000 0.000 0.000 0.000 0.892 2.730 2.279 0.513 0.000 0.000 3.033 0.333 0.000 0.000 0.000 0.000 0.000 0.000 0.000 0.821 
1 test2fip_inconsistent right_hidden
0.000 0.663 0.000 0.000 1.417 2.349 3.354 2.710 0.000 0.000 1.318 1.164 0.000 0.000 0.000 0.000 0.000 1.525 0.000 1.341 
---
0 test2fip_consistent left_hidden
0.000 0.164 0.368 1.120 0.000 1.008 0.000 0.000 0.580 0.258 3.929 1.991 1.307 0.000 0.000 0.400 0.000 0.000 0.000 0.629 
0 test2fip_consistent right_hidden
2.400 1.199 0.075 0.781 0.000 0.690 0.000 0.000 0.020 1.579 1.464 0.499 0.949 0.000 0.000 0.052 0.000 0.215 0.798 0.000 
---
1 test2fip_inconsistent left_hidden
0.000 0.164 0.368 1.120 0.000 1.008 0.000 0.000 0.580 0.258 3.929 1.991 1.307 0.000 0.000 0.400 0.000 0.000 0.000 0.629 
1 test2fip_inconsistent right_hidden
1.625 0.901 0.374 0.888 0.000 2.275 0.000 0.000 0.000 1.642 4.108 1.737 0.013 0.000 0.000 0.499 0.000 0.000 0.686 0.000 
---
0 test2fip_consistent left_hidden
1.728 1.398 0.000 0.000 0.927 0.000 0.036 2.153 0.562 0.000 0.000 2.240 0.822 0.207 0.000 0.237 0.000 0.852 1.736 1.320 
0 test2fip_consistent right_hidden
0.047 0.441 0.000 0.000 0.102 0.000 0.901 0.386 0.057 1.644 0.000 2.329 0.906 0.214 0.000 0.000 1.661 0.080 0.659 0.082 
---
1 test2fip_inconsistent left_hidden
1.728 1.398 0.000 0.000 0.927 0.000 0.036 2.153 0.562 0.000 0.000 2.240 0.822 0.207 0.000 0.237 0.000 0.852 1.736 1.320 
1 test2fip_inconsistent right_hidden
1.676 0.884 0.000 0.000 1.101 0.000 0.898 1.833 0.486 1.253 0.000 3.911 1.267 0.098 0.000 0.000 0.965 0.926 1.563 0.429 
---
0 test2fip_consistent left_hidden
0.000 0.297 0.000 0.318 0.045 2.147 1.652 0.000 0.000 2.323 0.000 0.000 0.198 0.000 0.000 2.634 2.285 0.115 0.000 0.000 
0 test2fip_consistent right_hidden
0.086 0.000 0.000 0.000 0.439 0.108 1.457 0.731 0.000 1.680 0.320 0.043 2.389 0.000 0.000 0.185 0.140 0.351 0.172 0.000 
---
1 test2fip_inconsistent left_hidden
0.000 0.297 0.000 0.318 0.045 2.147 1.652 0.000 0.000 2.323 0.000 0.000 0.198 0.000 0.000 2.634 2.285 0.115 0.000 0.000 
1 test2fip_inconsistent right_hidden
0.219 0.000 0.000 0.000 0.372 1.355 1.505 0.416 0.000 2.957 0.020 0.000 3.343 0.000 0.248 2.402 0.604 0.539 1.126 0.000 
---
0 test2fip_consistent left_hidden
0.479 0.000 1.114 0.360 0.000 4.553 1.538 0.132 0.251 0.000 0.851 0.000 0.026 0.369 0.993 0.000 0.000 0.421 0.200 1.073 
0 test2fip_consistent right_hidden
0.000 1.335 1.003 0.000 0.000 1.153 0.207 0.052 1.143 0.000 1.487 0.420 0.000 1.512 0.000 0.440 0.347 1.638 0.000 1.174 
---
1 test2fip_inconsistent left_hidden
0.479 0.000 1.114 0.360 0.000 4.553 1.538 0.132 0.251 0.000 0.851 0.000 0.026 0.369 0.993 0.000 0.000 0.421 0.200 1.073 
1 test2fip_inconsistent right_hidden
0.000 0.962 0.400 0.189 0.000 4.540 1.175 0.000 0.930 0.000 1.825 0.842 0.000 1.601 0.000 0.450 0.338 1.443 0.000 1.656 
---
0 test2fip_consistent left_hidden
0.232 0.000 0.023 0.000 0.000 2.316 2.460 0.000 0.932 0.194 1.710 1.055 1.711 0.348 0.000 2.006 0.447 0.332 0.000 0.000 
0 test2fip_consistent right_hidden
0.000 0.007 0.656 0.885 0.273 0.666 0.049 0.000 0.575 0.107 0.730 0.118 0.117 1.482 0.011 1.134 1.992 1.210 0.862 0.964 
---
1 test2fip_inconsistent left_hidden
0.232 0.000 0.023 0.000 0.000 2.316 2.460 0.000 0.932 0.194 1.710 1.055 1.711 0.348 0.000 2.006 0.447 0.332 0.000 0.000 
1 test2fip_inconsistent right_hidden
0.000 0.000 1.510 0.528 0.379 1.822 1.425 0.003 1.597 0.086 1.865 0.717 1.618 0.874 0.000 2.567 2.000 1.046 0.764 0.767 
---
0 test2fip_consistent left_hidden
0.000 0.000 2.552 0.000 0.000 0.000 1.452 0.820 0.016 2.378 0.771 0.639 0.231 0.000 0.000 0.776 0.000 0.000 0.000 3.108 
0 test2fip_consistent right_hidden
0.000 0.022 1.048 0.000 0.000 0.000 0.059 0.063 1.097 2.265 1.581 0.000 0.198 0.959 0.000 1.751 0.000 0.000 1.042 0.197 
---
1 test2fip_inconsistent left_hidden
0.000 0.000 2.552 0.000 0.000 0.000 1.452 0.820 0.016 2.378 0.771 0.639 0.231 0.000 0.000 0.776 0.000 0.000 0.000 3.108 
1 test2fip_inconsistent right_hidden
0.000 0.079 2.907 0.000 0.000 0.000 0.990 0.000 0.237 3.268 1.292 0.000 1.148 0.536 0.000 1.400 0.000 0.000 0.965 2.172 
---
0 test2fip_consistent left_hidden
0.000 0.000 0.000 2.759 0.000 1.439 0.295 0.000 2.695 0.000 0.143 0.000 0.000 0.533 2.920 0.248 0.442 0.000 0.000 0.000 
0 test2fip_consistent right_hidden
0.000 0.000 0.000 0.404 0.000 1.448 0.089 0.000 0.518 0.000 0.726 0.098 0.000 3.106 0.456 0.346 0.899 0.607 0.000 0.000 
---
1 test2fip_inconsistent left_hidden
0.000 0.000 0.000 2.759 0.000 1.439 0.295 0.000 2.695 0.000 0.143 0.000 0.000 0.533 2.920 0.248 0.442 0.000 0.000 0.000 
1 test2fip_inconsistent right_hidden
0.000 0.000 0.251 2.305 0.000 2.808 1.225 0.056 2.094 0.000 0.964 0.000 0.000 2.270 1.849 1.069 0.880 1.457 0.000 0.000 
---
0 test2fip_consistent left_hidden
0.000 3.555 0.476 0.503 0.000 0.248 0.000 0.737 0.788 0.120 0.454 0.517 0.633 0.093 0.000 0.395 2.349 1.750 0.000 1.181 
0 test2fip_consistent right_hidden
0.750 1.202 0.000 0.589 0.103 0.794 0.000 0.014 0.802 0.000 0.132 0.517 0.254 2.812 0.124 1.177 0.601 0.893 0.000 0.000 
---
1 test2fip_inconsistent left_hidden
0.000 3.555 0.476 0.503 0.000 0.248 0.000 0.737 0.788 0.120 0.454 0.517 0.633 0.093 0.000 0.395 2.349 1.750 0.000 1.181 
1 test2fip_inconsistent right_hidden
0.430 3.566 0.699 0.643 0.000 1.064 0.000 0.383 1.400 0.000 0.383 0.481 0.378 2.381 0.037 0.838 1.967 2.095 0.000 0.765 
---
0 test2fip_consistent left_hidden
0.000 1.699 0.868 0.000 0.000 0.202 0.000 1.992 0.000 3.445 0.056 1.676 0.000 0.000 0.341 1.376 0.000 0.000 0.000 0.000 
0 test2fip_consistent right_hidden
0.000 0.090 0.083 1.606 0.639 0.000 0.000 0.447 0.000 0.208 1.378 2.256 0.000 0.311 0.819 1.549 0.000 0.000 0.154 0.000 
---
1 test2fip_inconsistent left_hidden
0.000 1.699 0.868 0.000 0.000 0.202 0.000 1.992 0.000 3.445 0.056 1.676 0.000 0.000 0.341 1.376 0.000 0.000 0.000 0.000 
1 test2fip_inconsistent right_hidden
0.000 0.545 0.335 1.404 0.657 0.833 0.000 1.992 0.000 2.561 1.117 3.393 0.000 0.000 0.809 1.569 0.000 0.000 0.922 0.000 
---
0 test2fip_consistent left_hidden
0.000 0.398 0.000 0.167 0.000 0.000 0.225 0.000 1.491 1.948 1.730 1.801 0.040 3.158 0.038 0.407 0.146 0.000 1.145 0.091 
0 test2fip_consistent right_hidden
0.000 2.340 0.000 0.049 0.000 0.000 0.951 0.950 2.051 0.078 0.241 1.780 0.104 0.094 0.000 0.844 0.000 0.504 0.030 0.000 
---
1 test2fip_inconsistent left_hidden
0.000 0.398 0.000 0.167 0.000 0.000 0.225 0.000 1.491 1.948 1.730 1.801 0.040 3.158 0.038 0.407 0.146 0.000 1.145 0.091 
1 test2fip_inconsistent right_hidden
0.000 1.736 0.000 0.000 0.000 0.000 0.643 0.291 2.833 1.279 0.725 3.021 0.052 2.489 0.000 1.183 0.000 0.106 1.217 0.000 
---
