0 test1dax_consistent 0.931 1.091 0.369 0.000 0.446 0.513 1.125 0.000 1.506 0.388 0.848 0.000 0.000 0.000 0.831 1.390 0.452 0.291 1.802 0.000 0.989 1.138 0.000 0.000 0.000 0.589 1.283 2.628 0.000 0.000 0.000 0.000 0.000 0.000 0.012 0.952 0.000 0.972 5.132 0.980 
1 test1dax_inconsistent 0.931 1.091 0.369 0.000 0.446 0.513 1.125 0.000 1.506 0.388 0.848 0.000 0.000 0.000 0.831 1.390 0.452 0.291 1.802 0.000 0.476 0.000 0.373 0.000 0.000 0.707 0.844 1.384 0.000 0.000 0.334 0.000 0.239 0.000 0.612 1.507 0.000 0.998 1.819 0.889 
0 test1dax_consistent 0.000 0.673 0.019 0.955 1.225 0.000 1.009 1.202 0.000 0.000 0.690 0.000 0.000 1.588 0.000 0.500 1.653 0.482 0.000 0.887 0.000 0.121 0.910 1.088 2.181 0.000 3.733 0.598 0.000 0.756 3.862 0.140 0.000 0.569 0.000 0.119 0.797 0.062 0.000 0.000 
1 test1dax_inconsistent 0.000 0.673 0.019 0.955 1.225 0.000 1.009 1.202 0.000 0.000 0.690 0.000 0.000 1.588 0.000 0.500 1.653 0.482 0.000 0.887 0.159 0.161 0.000 1.181 1.347 0.000 1.885 0.993 0.000 0.607 0.915 0.355 0.000 0.150 0.222 0.170 0.969 0.000 0.000 0.000 
0 test1dax_consistent 0.779 0.256 0.000 0.000 0.000 0.000 0.000 2.534 0.000 0.796 0.111 0.000 0.000 0.457 0.347 1.425 0.000 0.339 0.893 0.000 2.521 0.335 0.000 0.000 0.712 0.380 1.359 3.184 2.044 1.966 0.000 0.005 0.000 2.206 0.206 3.454 1.199 0.670 0.183 0.000 
1 test1dax_inconsistent 0.779 0.256 0.000 0.000 0.000 0.000 0.000 2.534 0.000 0.796 0.111 0.000 0.000 0.457 0.347 1.425 0.000 0.339 0.893 0.000 0.912 0.784 0.000 0.007 0.555 0.762 0.987 1.279 0.918 0.049 0.144 0.000 0.000 1.138 0.686 1.490 0.096 0.440 0.576 0.000 
0 test1dax_consistent 0.405 0.509 0.986 0.000 0.186 0.000 0.000 0.203 0.450 0.566 0.045 0.389 0.000 2.681 1.035 0.091 0.829 0.581 0.227 0.492 2.665 0.000 0.000 0.000 0.000 0.000 0.168 2.006 1.629 0.142 0.029 4.474 0.000 1.500 0.009 0.000 0.278 0.276 1.016 0.000 
1 test1dax_inconsistent 0.405 0.509 0.986 0.000 0.186 0.000 0.000 0.203 0.450 0.566 0.045 0.389 0.000 2.681 1.035 0.091 0.829 0.581 0.227 0.492 0.841 0.000 0.000 0.000 0.000 0.000 0.557 0.528 1.076 0.234 0.000 1.679 0.000 1.637 0.552 0.000 0.502 0.000 1.055 0.000 
0 test1dax_consistent 0.000 1.120 0.434 0.000 0.000 1.505 1.407 1.383 0.537 1.937 0.115 0.000 0.000 0.000 0.091 0.664 1.233 1.105 0.000 0.894 0.000 1.045 0.000 0.377 0.000 3.603 0.000 0.644 0.000 3.288 0.571 1.122 1.812 1.221 2.719 0.000 0.969 0.000 0.000 1.713 
1 test1dax_inconsistent 0.000 1.120 0.434 0.000 0.000 1.505 1.407 1.383 0.537 1.937 0.115 0.000 0.000 0.000 0.091 0.664 1.233 1.105 0.000 0.894 0.000 0.031 0.087 0.000 0.207 1.525 0.289 0.756 0.371 1.043 0.218 0.724 0.774 0.241 0.916 0.194 0.749 0.000 0.000 1.464 
0 test1dax_consistent 0.000 0.206 2.159 0.073 0.009 0.032 0.160 1.187 0.000 2.428 0.131 0.420 0.352 0.784 0.159 0.729 1.014 0.000 0.000 0.000 0.000 2.295 0.087 0.000 0.000 1.221 0.880 0.000 2.054 0.286 0.000 0.283 1.135 0.000 0.000 0.000 4.989 0.000 0.000 0.000 
1 test1dax_inconsistent 0.000 0.206 2.159 0.073 0.009 0.032 0.160 1.187 0.000 2.428 0.131 0.420 0.352 0.784 0.159 0.729 1.014 0.000 0.000 0.000 0.000 1.596 0.218 0.209 0.000 0.833 0.704 0.186 0.350 0.561 0.000 0.127 1.435 0.013 0.000 0.000 1.674 0.000 0.000 0.000 
0 test1dax_consistent 0.865 0.541 0.144 1.681 0.000 0.000 1.819 1.515 1.272 0.000 1.570 0.128 0.044 0.253 0.000 0.000 0.245 0.121 0.266 0.169 1.758 1.788 2.062 0.336 0.000 1.442 1.288 1.376 0.397 0.000 1.100 1.958 0.000 0.101 0.380 0.000 0.000 0.000 0.133 4.104 
1 test1dax_inconsistent 0.865 0.541 0.144 1.681 0.000 0.000 1.819 1.515 1.272 0.000 1.570 0.128 0.044 0.253 0.000 0.000 0.245 0.121 0.266 0.169 0.683 0.425 1.184 0.330 0.000 0.000 0.249 0.624 0.648 0.000 0.968 0.306 0.129 0.409 0.497 0.000 0.000 0.000 0.468 1.821 
0 test1dax_consistent 0.000 0.000 0.000 0.351 0.000 0.000 0.000 0.100 0.158 0.079 0.000 3.343 0.000 1.013 0.025 0.283 0.000 0.095 0.340 0.000 0.000 0.285 0.000 3.658 0.000 0.253 0.116 1.061 0.000 0.000 4.877 0.000 0.000 0.235 0.007 0.455 0.612 0.047 0.100 0.000 
1 test1dax_inconsistent 0.000 0.000 0.000 0.351 0.000 0.000 0.000 0.100 0.158 0.079 0.000 3.343 0.000 1.013 0.025 0.283 0.000 0.095 0.340 0.000 0.000 0.672 0.000 1.669 0.000 0.000 0.175 0.983 0.120 0.462 1.425 0.000 0.057 0.674 0.203 0.569 1.070 0.293 0.190 0.000 
0 test1dax_consistent 0.724 0.644 0.000 0.000 0.539 2.440 0.000 0.000 0.232 1.479 0.243 0.006 0.435 0.680 0.564 0.000 0.758 0.195 0.157 0.000 1.265 1.331 0.000 2.171 0.000 1.738 3.858 0.000 2.154 0.000 2.156 0.000 1.348 0.251 0.775 0.460 2.012 0.000 0.000 0.000 
1 test1dax_inconsistent 0.724 0.644 0.000 0.000 0.539 2.440 0.000 0.000 0.232 1.479 0.243 0.006 0.435 0.680 0.564 0.000 0.758 0.195 0.157 0.000 0.000 0.437 0.000 0.940 0.000 1.331 1.482 0.000 1.069 0.194 1.058 0.000 0.866 0.448 0.000 0.801 1.013 0.000 0.000 0.000 
0 test1dax_consistent 0.619 0.208 1.224 0.000 0.651 0.945 0.000 0.000 0.000 1.882 0.000 0.000 0.000 1.445 0.408 1.252 0.770 0.341 0.002 0.434 0.186 0.000 4.950 0.219 2.040 1.787 0.000 0.000 0.050 0.885 2.860 0.000 0.000 0.073 0.481 0.650 0.311 1.050 0.075 0.069 
1 test1dax_inconsistent 0.619 0.208 1.224 0.000 0.651 0.945 0.000 0.000 0.000 1.882 0.000 0.000 0.000 1.445 0.408 1.252 0.770 0.341 0.002 0.434 0.000 0.000 1.165 0.255 1.244 1.342 0.043 0.000 0.023 0.470 1.330 0.000 0.000 0.904 1.016 0.606 0.287 0.000 0.555 0.129 
0 test1dax_consistent 0.032 0.000 0.000 0.595 0.000 1.728 0.623 1.913 0.000 0.000 0.389 0.967 0.000 1.155 0.000 0.952 0.034 0.112 0.890 0.156 1.880 3.117 0.000 4.156 0.000 0.987 0.000 1.518 2.118 0.000 0.000 0.000 0.000 0.000 0.000 0.000 0.000 0.000 1.193 0.666 
1 test1dax_inconsistent 0.032 0.000 0.000 0.595 0.000 1.728 0.623 1.913 0.000 0.000 0.389 0.967 0.000 1.155 0.000 0.952 0.034 0.112 0.890 0.156 1.019 0.918 0.000 1.938 0.032 1.335 0.056 0.000 0.817 0.000 0.000 0.000 0.152 0.121 0.000 0.000 0.000 0.359 0.822 0.853 
0 test1dax_consistent 0.145 0.000 0.213 0.000 0.000 2.438 0.000 0.000 0.025 0.057 0.000 1.800 0.957 0.000 0.454 0.000 1.097 0.659 0.000 1.124 0.341 0.000 0.555 0.000 0.000 1.407 0.000 0.000 1.120 0.072 3.419 0.107 2.516 0.000 0.000 3.300 0.000 0.701 0.000 1.865 
1 test1dax_inconsistent 0.145 0.000 0.213 0.000 0.000 2.438 0.000 0.000 0.025 0.057 0.000 1.800 0.957 0.000 0.454 0.000 1.097 0.659 0.000 1.124 0.214 0.000 0.140 0.000 0.374 0.994 0.000 0.000 0.956 0.148 0.458 0.502 0.329 0.000 0.000 2.143 0.000 0.884 0.000 1.616 
0 test1dax_consistent 0.000 2.018 0.000 0.000 0.000 0.047 0.000 0.753 0.090 0.009 2.813 0.000 0.660 0.000 0.000 0.000 0.000 0.772 0.224 0.111 0.564 1.167 3.067 0.118 0.608 1.451 0.000 0.000 3.739 0.000 2.716 0.000 0.000 0.000 1.609 1.231 0.000 0.000 0.000 1.643 
1 test1dax_inconsistent 0.000 2.018 0.000 0.000 0.000 0.047 0.000 0.753 0.090 0.009 2.813 0.000 0.660 0.000 0.000 0.000 0.000 0.772 0.224 0.111 0.160 0.778 0.969 0.694 0.146 1.304 0.000 0.000 1.586 0.000 0.734 0.000 0.000 0.000 0.907 0.438 0.000 0.000 0.000 1.174 
0 test1dax_consistent 1.751 0.056 0.020 2.549 0.000 0.942 0.000 0.000 0.317 0.000 0.457 0.603 0.257 1.208 0.601 0.000 0.910 0.275 0.000 0.000 0.000 0.000 0.000 1.727 0.000 0.000 0.000 0.000 3.031 0.933 2.990 2.227 0.049 2.418 2.471 0.024 0.000 0.000 2.289 0.000 
1 test1dax_inconsistent 1.751 0.056 0.020 2.549 0.000 0.942 0.000 0.000 0.317 0.000 0.457 0.603 0.257 1.208 0.601 0.000 0.910 0.275 0.000 0.000 0.549 0.000 0.000 0.870 0.000 0.000 0.000 0.000 1.640 0.000 0.682 1.566 0.563 0.661 1.205 0.000 0.000 0.000 1.698 0.000 
0 test1dax_consistent 0.155 0.000 0.000 1.061 0.627 0.179 0.249 2.604 0.682 0.000 0.464 0.000 0.290 0.898 0.000 0.000 1.382 1.670 0.146 0.000 0.000 0.000 1.915 1.072 0.890 1.001 0.610 0.102 1.271 0.000 2.025 0.000 2.152 1.233 0.000 0.000 3.731 2.808 1.064 0.000 
1 test1dax_inconsistent 0.155 0.000 0.000 1.061 0.627 0.179 0.249 2.604 0.682 0.000 0.464 0.000 0.290 0.898 0.000 0.000 1.382 1.670 0.146 0.000 0.000 0.000 0.851 0.650 1.030 0.579 0.408 0.296 0.347 0.000 1.397 0.000 0.779 0.693 0.000 0.000 1.301 0.810 0.918 0.122 
0 test1dax_consistent 1.000 0.721 0.079 0.000 0.000 0.375 0.000 1.331 0.000 0.718 0.964 0.000 0.000 0.000 1.227 0.503 2.358 0.000 0.609 0.758 1.152 2.263 0.000 0.000 5.674 0.568 1.850 1.114 0.000 0.306 0.000 1.886 0.000 0.000 0.885 0.291 0.000 0.000 0.721 0.000 
1 test1dax_inconsistent 1.000 0.721 0.079 0.000 0.000 0.375 0.000 1.331 0.000 0.718 0.964 0.000 0.000 0.000 1.227 0.503 2.358 0.000 0.609 0.758 0.677 0.974 0.000 0.000 2.125 0.572 0.000 0.632 0.000 0.773 0.000 1.097 0.000 0.000 0.573 0.824 0.000 0.000 0.759 0.050 
0 test1dax_consistent 0.000 1.893 0.666 0.472 1.069 0.507 0.540 0.730 0.000 0.785 0.000 0.000 0.000 1.809 0.439 0.158 0.070 0.000 0.537 0.846 0.000 4.245 0.893 1.446 1.407 1.585 2.543 2.624 0.000 0.295 0.000 0.000 0.000 0.068 0.000 0.000 0.000 1.334 0.494 1.201 
1 test1dax_inconsistent 0.000 1.893 0.666 0.472 1.069 0.507 0.540 0.730 0.000 0.785 0.000 0.000 0.000 1.809 0.439 0.158 0.070 0.000 0.537 0.846 0.000 1.443 0.301 0.611 0.700 0.684 1.446 0.912 0.000 0.849 0.000 0.000 0.000 1.015 0.000 0.000 0.000 0.741 0.284 0.187 
0 test1dax_consistent 1.012 1.694 1.395 0.000 1.576 0.797 0.354 0.000 0.000 0.107 0.339 0.000 0.543 0.000 0.142 0.000 0.260 1.022 0.362 0.860 0.000 2.334 0.777 0.042 2.991 2.914 1.916 0.000 1.045 3.165 0.752 0.412 0.077 0.000 0.000 0.000 0.627 0.130 0.815 0.000 
1 test1dax_inconsistent 1.012 1.694 1.395 0.000 1.576 0.797 0.354 0.000 0.000 0.107 0.339 0.000 0.543 0.000 0.142 0.000 0.260 1.022 0.362 0.860 0.160 0.308 0.645 0.886 1.687 0.978 0.972 0.147 0.953 0.637 1.280 0.596 0.450 0.153 0.000 0.065 0.038 0.221 0.296 0.000 
0 test1dax_consistent 1.960 1.246 0.637 1.832 0.065 0.000 0.636 0.833 0.777 0.517 0.000 0.971 0.170 0.159 0.000 0.000 0.000 0.882 0.000 1.065 0.097 0.244 0.916 0.030 0.000 0.000 0.000 2.563 4.271 0.000 0.000 0.135 0.000 1.151 0.000 0.000 0.576 3.155 0.000 1.330 
1 test1dax_inconsistent 1.960 1.246 0.637 1.832 0.065 0.000 0.636 0.833 0.777 0.517 0.000 0.971 0.170 0.159 0.000 0.000 0.000 0.882 0.000 1.065 0.545 0.294 0.000 0.182 0.000 0.000 0.064 0.994 1.679 0.248 0.000 0.000 0.000 0.896 0.000 0.000 0.735 0.996 0.000 1.562 
0 test1dax_consistent 0.007 0.000 0.027 1.777 0.377 0.247 0.323 0.000 0.000 0.173 0.000 0.231 3.015 0.000 0.000 0.550 0.358 0.000 0.000 0.000 0.000 2.525 0.000 1.827 0.000 0.563 0.000 0.668 0.303 3.227 1.114 0.183 3.223 0.350 0.000 1.948 0.225 0.000 0.000 1.171 
1 test1dax_inconsistent 0.007 0.000 0.027 1.777 0.377 0.247 0.323 0.000 0.000 0.173 0.000 0.231 3.015 0.000 0.000 0.550 0.358 0.000 0.000 0.000 0.000 1.088 0.072 0.438 0.647 0.964 0.157 0.848 0.797 1.769 0.711 0.082 0.601 0.789 0.000 0.544 0.299 0.000 0.036 0.164 
0 test1dax_consistent 1.705 0.608 0.175 1.372 0.245 0.000 0.019 0.165 0.875 1.371 0.083 0.455 0.000 0.979 1.470 0.625 0.000 0.000 0.000 0.000 2.888 0.805 0.000 2.548 1.995 0.000 0.000 0.053 1.957 0.120 0.000 2.773 0.000 0.055 0.935 2.087 0.000 1.793 0.000 0.000 
1 test1dax_inconsistent 1.705 0.608 0.175 1.372 0.245 0.000 0.019 0.165 0.875 1.371 0.083 0.455 0.000 0.979 1.470 0.625 0.000 0.000 0.000 0.000 1.706 0.155 0.000 0.929 0.696 0.000 0.000 0.000 0.245 0.474 0.000 1.664 0.000 0.344 0.208 0.836 0.000 0.680 0.000 0.000 
0 test1dax_consistent 0.301 0.000 0.000 1.304 0.000 0.757 0.000 0.637 0.154 1.144 0.342 2.419 1.164 0.902 0.557 0.000 0.055 0.000 1.247 0.000 1.568 0.000 0.000 0.113 0.000 0.000 1.062 2.467 1.840 2.530 0.114 2.904 1.697 0.000 1.915 0.000 0.162 1.296 0.000 0.000 
1 test1dax_inconsistent 0.301 0.000 0.000 1.304 0.000 0.757 0.000 0.637 0.154 1.144 0.342 2.419 1.164 0.902 0.557 0.000 0.055 0.000 1.247 0.000 1.058 0.000 0.133 0.241 0.000 0.303 0.215 1.378 0.628 0.476 0.197 0.719 1.270 0.389 0.433 0.132 0.000 0.000 0.404 0.000 
0 test1dax_consistent 1.366 1.806 1.226 0.610 0.000 0.161 1.555 0.104 0.890 0.000 0.000 0.898 0.308 0.314 0.811 0.000 0.000 0.559 0.000 0.978 0.795 0.303 0.704 0.081 0.000 1.903 1.397 0.000 0.000 0.000 0.000 0.442 0.000 2.566 4.160 2.405 0.000 0.534 0.000 0.874 
1 test1dax_inconsistent 1.366 1.806 1.226 0.610 0.000 0.161 1.555 0.104 0.890 0.000 0.000 0.898 0.308 0.314 0.811 0.000 0.000 0.559 0.000 0.978 0.832 1.086 0.983 0.000 0.000 1.011 0.479 0.042 0.235 0.000 0.000 0.000 0.079 1.147 1.612 1.209 0.000 0.619 0.000 0.081 
0 test1dax_consistent 0.611 1.811 0.329 0.000 0.226 0.398 0.000 0.000 0.132 0.000 1.913 0.138 0.385 0.451 0.000 0.331 1.355 1.137 0.956 0.918 2.432 1.557 0.811 0.000 0.000 0.010 0.589 0.000 0.056 0.000 0.880 4.343 0.000 0.093 0.000 3.264 0.000 0.000 0.000 0.000 
1 test1dax_inconsistent 0.611 1.811 0.329 0.000 0.226 0.398 0.000 0.000 0.132 0.000 1.913 0.138 0.385 0.451 0.000 0.331 1.355 1.137 0.956 0.918 1.115 1.380 0.656 0.000 0.000 0.237 1.060 0.000 0.152 0.000 0.866 1.668 0.109 0.139 0.000 0.638 0.000 0.000 0.277 0.000 
0 test1dax_consistent 1.718 0.358 2.045 0.000 0.249 0.000 0.000 0.697 1.601 0.000 1.088 0.000 0.000 0.076 0.229 0.000 0.000 0.574 0.000 0.616 0.459 0.000 0.000 0.000 2.593 0.000 0.000 0.837 2.281 1.130 0.550 0.118 2.449 0.000 3.173 0.000 0.806 1.220 0.000 3.040 
1 test1dax_inconsistent 1.718 0.358 2.045 0.000 0.249 0.000 0.000 0.697 1.601 0.000 1.088 0.000 0.000 0.076 0.229 0.000 0.000 0.574 0.000 0.616 0.118 0.000 0.227 0.000 1.146 0.000 0.000 1.035 1.359 0.451 1.063 0.064 0.767 0.000 0.902 0.172 0.281 0.579 0.000 1.723 
0 test1dax_consistent 0.410 0.009 0.000 0.931 0.000 1.608 0.762 0.000 0.000 0.087 0.000 0.494 0.200 0.134 0.259 0.000 0.000 0.718 2.548 0.372 1.290 1.545 0.000 1.471 3.390 1.177 0.868 0.000 0.000 1.420 0.378 2.434 0.008 0.000 2.181 0.000 3.058 0.235 1.305 0.000 
1 test1dax_inconsistent 0.410 0.009 0.000 0.931 0.000 1.608 0.762 0.000 0.000 0.087 0.000 0.494 0.200 0.134 0.259 0.000 0.000 0.718 2.548 0.372 0.383 1.096 0.000 0.829 1.197 0.419 0.220 0.000 0.000 0.435 0.594 1.433 0.181 0.000 1.057 0.000 0.880 0.855 0.812 0.000 
0 test1dax_consistent 0.000 1.481 0.026 0.305 0.012 2.125 0.956 0.295 0.000 0.347 0.631 0.000 0.000 0.000 0.846 0.000 0.000 1.229 0.000 0.615 0.000 0.000 2.345 2.866 0.038 0.497 0.948 0.499 0.000 2.932 2.114 0.027 0.000 0.000 3.261 2.345 0.797 1.350 0.000 0.000 
1 test1dax_inconsistent 0.000 1.481 0.026 0.305 0.012 2.125 0.956 0.295 0.000 0.347 0.631 0.000 0.000 0.000 0.846 0.000 0.000 1.229 0.000 0.615 0.000 0.526 0.759 0.990 0.000 0.000 0.921 0.000 0.000 1.592 0.943 0.283 0.000 0.000 1.995 0.883 0.531 0.000 0.000 0.000 
0 test1dax_consistent 0.179 0.051 0.722 0.072 2.810 0.000 0.000 0.000 0.000 0.000 1.043 0.000 1.804 0.130 0.000 0.000 0.013 0.000 0.000 0.964 0.000 0.114 2.582 2.158 3.904 0.000 0.000 0.000 0.000 0.000 4.159 0.000 0.533 0.000 0.000 0.000 0.000 0.011 0.000 1.707 
1 test1dax_inconsistent 0.179 0.051 0.722 0.072 2.810 0.000 0.000 0.000 0.000 0.000 1.043 0.000 1.804 0.130 0.000 0.000 0.013 0.000 0.000 0.964 0.000 0.055 0.836 1.330 0.606 0.233 0.000 0.000 0.000 0.320 2.530 0.190 0.589 0.000 0.000 0.000 0.000 0.754 0.000 0.551 
0 test1dax_consistent 0.078 0.000 2.063 1.355 0.000 0.344 0.000 0.127 0.000 0.315 0.914 1.293 1.056 0.659 0.000 0.000 1.305 0.145 0.000 0.175 0.000 0.000 1.872 0.056 0.000 0.000 0.000 2.363 1.604 3.782 1.993 1.966 2.220 0.298 0.951 0.115 1.001 0.000 0.000 0.000 
1 test1dax_inconsistent 0.078 0.000 2.063 1.355 0.000 0.344 0.000 0.127 0.000 0.315 0.914 1.293 1.056 0.659 0.000 0.000 1.305 0.145 0.000 0.175 0.271 0.000 0.745 0.256 0.000 0.000 0.000 1.041 0.722 1.530 1.727 0.064 0.920 0.013 0.598 0.118 0.808 0.000 0.000 0.000 
0 test1dax_consistent 0.663 0.000 0.866 0.268 0.573 0.000 0.265 1.789 0.604 0.328 0.517 0.000 1.569 0.700 0.000 1.529 0.000 0.703 0.721 0.000 0.880 0.000 0.000 0.701 2.661 0.000 0.000 4.784 0.000 0.000 0.000 0.014 0.349 0.000 0.000 1.035 1.618 0.000 0.811 0.306 
1 test1dax_inconsistent 0.663 0.000 0.866 0.268 0.573 0.000 0.265 1.789 0.604 0.328 0.517 0.000 1.569 0.700 0.000 1.529 0.000 0.703 0.721 0.000 1.145 0.000 0.580 0.578 1.227 0.000 0.000 1.896 0.000 0.074 0.258 0.000 0.599 0.000 0.000 0.744 0.105 0.000 0.305 0.416 
0 test1dax_consistent 1.790 2.218 0.180 0.713 0.000 0.000 1.706 0.000 0.000 0.000 0.327 0.000 0.000 0.000 0.531 1.195 0.000 0.125 0.375 0.225 2.989 0.459 1.566 1.571 0.000 0.000 0.314 2.317 2.933 2.269 0.154 0.470 0.621 0.000 1.301 0.036 1.269 2.149 0.000 0.000 
1 test1dax_inconsistent 1.790 2.218 0.180 0.713 0.000 0.000 1.706 0.000 0.000 0.000 0.327 0.000 0.000 0.000 0.531 1.195 0.000 0.125 0.375 0.225 0.641 0.757 0.468 1.029 0.000 0.000 0.000 1.509 1.033 0.674 0.033 0.565 0.873 0.000 1.267 0.195 0.285 0.848 0.000 0.000 
0 test1dax_consistent 1.346 1.516 0.302 0.692 0.156 0.000 1.462 1.019 0.329 0.557 0.273 1.217 0.000 0.000 0.000 1.499 0.000 0.918 0.000 0.832 0.000 1.458 0.849 0.027 0.437 0.000 2.130 0.435 0.000 2.558 1.213 3.637 0.125 0.000 1.289 0.813 0.000 2.577 0.122 0.041 
1 test1dax_inconsistent 1.346 1.516 0.302 0.692 0.156 0.000 1.462 1.019 0.329 0.557 0.273 1.217 0.000 0.000 0.000 1.499 0.000 0.918 0.000 0.832 0.039 0.820 0.806 0.000 0.661 0.000 0.582 0.773 0.000 0.526 0.354 1.491 0.271 0.000 0.487 0.314 0.000 2.093 0.112 0.359 
0 test1dax_consistent 0.250 0.986 0.000 1.097 0.738 0.605 1.116 0.000 0.000 0.000 0.379 0.000 0.000 0.197 2.206 0.000 0.124 0.448 0.996 1.193 2.869 0.787 1.946 0.296 0.000 2.809 1.497 0.546 1.649 0.000 2.253 0.000 0.000 1.126 0.480 0.000 0.425 0.060 2.700 0.758 
1 test1dax_inconsistent 0.250 0.986 0.000 1.097 0.738 0.605 1.116 0.000 0.000 0.000 0.379 0.000 0.000 0.197 2.206 0.000 0.124 0.448 0.996 1.193 0.994 0.791 0.539 0.550 0.000 0.633 0.679 0.224 0.366 0.000 1.308 0.000 0.000 0.830 0.403 0.000 0.123 0.051 1.408 0.077 
0 test1dax_consistent 1.127 0.000 0.000 0.000 1.268 0.325 0.191 0.000 0.228 0.215 0.082 0.147 0.000 0.000 0.794 0.000 0.400 0.000 2.494 0.719 2.844 0.000 0.015 0.740 2.261 0.585 0.578 0.000 0.000 3.796 0.000 0.000 2.615 0.000 0.643 0.960 1.409 0.621 1.419 0.202 
1 test1dax_inconsistent 1.127 0.000 0.000 0.000 1.268 0.325 0.191 0.000 0.228 0.215 0.082 0.147 0.000 0.000 0.794 0.000 0.400 0.000 2.494 0.719 1.121 0.000 0.217 0.000 0.751 0.515 1.319 0.000 0.000 1.810 0.000 0.065 0.643 0.000 0.072 0.621 0.899 0.062 0.916 0.049 
0 test1dax_consistent 0.293 0.000 0.000 0.442 0.272 1.900 0.000 1.028 0.000 0.000 1.539 0.144 0.237 0.742 0.552 0.000 0.407 1.888 0.234 1.173 0.624 0.000 1.621 0.478 1.130 2.201 0.000 0.000 0.000 0.209 0.000 0.000 0.000 0.014 0.000 0.000 0.000 2.449 0.000 5.274 
1 test1dax_inconsistent 0.293 0.000 0.000 0.442 0.272 1.900 0.000 1.028 0.000 0.000 1.539 0.144 0.237 0.742 0.552 0.000 0.407 1.888 0.234 1.173 0.000 0.000 1.719 0.875 0.569 0.400 0.124 0.055 0.000 0.686 0.127 0.000 0.406 0.307 0.000 0.000 0.000 0.970 0.000 2.246 
0 test1dax_consistent 1.327 0.000 0.000 1.047 1.309 0.140 0.070 0.160 0.633 0.216 0.000 0.000 1.511 0.000 1.269 0.000 0.000 0.704 0.510 1.444 2.215 2.283 0.294 0.000 0.048 1.558 2.079 0.000 1.634 0.303 0.000 0.000 0.710 0.000 0.570 0.651 0.217 1.985 0.041 3.318 
1 test1dax_inconsistent 1.327 0.000 0.000 1.047 1.309 0.140 0.070 0.160 0.633 0.216 0.000 0.000 1.511 0.000 1.269 0.000 0.000 0.704 0.510 1.444 0.680 0.725 0.088 0.304 0.338 1.381 0.635 0.451 1.162 0.256 0.000 0.000 0.316 0.000 0.644 0.000 0.000 1.008 0.387 0.798 
0 test1dax_consistent 0.088 0.392 1.109 1.956 0.092 0.488 0.000 0.000 1.020 0.493 0.083 0.500 1.289 0.361 1.052 0.909 0.000 0.000 0.000 0.524 0.002 0.000 0.022 1.605 0.000 2.265 1.671 0.529 3.695 0.775 0.000 0.038 0.082 0.733 2.091 0.000 0.640 1.143 2.223 0.000 
1 test1dax_inconsistent 0.088 0.392 1.109 1.956 0.092 0.488 0.000 0.000 1.020 0.493 0.083 0.500 1.289 0.361 1.052 0.909 0.000 0.000 0.000 0.524 0.000 0.505 0.367 1.225 0.000 0.638 1.334 0.492 1.142 0.165 0.000 0.194 0.000 0.662 1.201 0.000 0.000 0.531 1.241 0.000 
0 test1dax_consistent 0.462 0.239 0.213 1.119 0.000 1.173 0.353 0.000 0.000 0.584 1.151 0.481 0.000 0.154 1.224 0.865 0.257 1.380 0.000 1.439 0.170 0.724 0.000 2.165 0.000 0.118 1.375 0.000 0.000 1.362 0.000 0.000 2.274 0.480 1.906 0.173 3.275 0.811 2.844 0.274 
1 test1dax_inconsistent 0.462 0.239 0.213 1.119 0.000 1.173 0.353 0.000 0.000 0.584 1.151 0.481 0.000 0.154 1.224 0.865 0.257 1.380 0.000 1.439 0.000 0.166 0.000 0.872 0.000 0.002 0.095 0.000 0.016 0.181 0.473 0.140 0.868 0.625 0.853 0.417 1.594 1.400 0.881 0.116 
0 test1dax_consistent 2.440 0.061 0.000 0.345 0.982 0.355 0.000 0.167 0.000 0.075 1.420 0.000 0.024 0.135 0.000 1.918 0.000 0.133 0.000 0.081 1.266 0.079 0.678 0.054 0.062 2.144 0.815 0.941 2.149 0.013 3.409 0.000 1.876 0.000 0.000 2.622 0.000 0.000 0.000 2.924 
1 test1dax_inconsistent 2.440 0.061 0.000 0.345 0.982 0.355 0.000 0.167 0.000 0.075 1.420 0.000 0.024 0.135 0.000 1.918 0.000 0.133 0.000 0.081 0.949 0.022 0.495 0.503 0.106 1.868 0.076 0.607 1.167 0.000 1.014 0.000 0.776 0.000 0.000 0.728 0.000 0.000 0.000 1.089 
0 test1dax_consistent 0.945 1.864 0.019 1.252 0.000 2.029 0.000 0.000 0.000 0.659 0.000 0.386 0.000 1.706 0.000 0.263 0.000 0.104 0.024 0.000 5.825 0.000 0.858 0.000 0.000 0.000 0.000 1.343 0.000 0.000 1.353 0.000 0.007 0.000 0.000 0.000 0.000 0.000 1.481 0.219 
1 test1dax_inconsistent 0.945 1.864 0.019 1.252 0.000 2.029 0.000 0.000 0.000 0.659 0.000 0.386 0.000 1.706 0.000 0.263 0.000 0.104 0.024 0.000 1.943 0.595 0.609 0.505 0.289 0.156 0.130 1.046 0.000 0.000 0.132 0.000 0.000 0.080 0.000 0.131 0.000 0.004 1.442 0.378 
0 test1dax_consistent 0.151 0.277 0.325 1.617 1.451 1.156 0.048 0.000 0.359 2.122 0.000 0.046 0.000 0.031 0.414 0.000 0.501 0.000 0.662 0.145 3.611 0.004 3.900 0.539 0.025 0.289 0.000 0.000 0.000 3.534 0.000 0.351 0.080 0.000 0.000 0.000 0.000 0.000 0.000 0.000 
1 test1dax_inconsistent 0.151 0.277 0.325 1.617 1.451 1.156 0.048 0.000 0.359 2.122 0.000 0.046 0.000 0.031 0.414 0.000 0.501 0.000 0.662 0.145 2.344 0.000 1.470 0.154 0.000 0.878 0.000 0.000 0.000 1.052 0.324 0.524 0.392 0.285 0.000 0.314 0.467 0.000 0.289 0.091 
0 test1dax_consistent 0.548 0.000 1.093 0.253 1.965 1.141 0.000 0.794 0.233 0.000 0.268 0.000 0.000 0.000 0.740 1.541 0.210 0.303 0.000 0.416 0.011 1.021 0.114 0.000 0.000 0.000 0.000 3.317 0.111 2.977 0.000 1.945 0.962 0.000 0.000 3.140 0.000 0.000 0.000 0.164 
1 test1dax_inconsistent 0.548 0.000 1.093 0.253 1.965 1.141 0.000 0.794 0.233 0.000 0.268 0.000 0.000 0.000 0.740 1.541 0.210 0.303 0.000 0.416 0.114 0.532 0.535 0.000 0.751 0.181 0.000 0.834 0.013 1.794 0.000 1.432 0.335 0.000 0.267 1.375 0.052 0.000 0.000 0.154 
0 test1dax_consistent 0.000 0.000 0.334 0.000 0.000 1.738 1.874 0.267 0.678 0.810 0.004 0.774 0.097 0.204 0.000 0.000 1.543 0.398 0.000 1.080 0.000 0.000 0.000 0.000 0.000 2.805 1.635 3.897 1.878 0.007 0.000 2.490 1.810 1.372 0.000 0.000 0.158 0.000 0.000 1.271 
1 test1dax_inconsistent 0.000 0.000 0.334 0.000 0.000 1.738 1.874 0.267 0.678 0.810 0.004 0.774 0.097 0.204 0.000 0.000 1.543 0.398 0.000 1.080 0.000 0.000 0.000 0.000 0.000 0.600 1.332 2.060 1.338 0.535 0.012 0.745 0.887 0.575 0.000 0.030 0.131 0.000 0.000 0.850 
0 test1dax_consistent 0.081 0.000 0.000 0.000 2.453 0.093 0.447 0.560 0.311 0.000 0.151 0.598 1.094 0.879 0.000 0.000 0.433 1.386 0.012 0.446 1.259 0.000 0.054 0.361 0.128 1.504 0.000 2.727 3.140 2.948 0.000 0.941 0.000 1.630 0.000 0.000 1.822 0.000 0.000 0.000 
1 test1dax_inconsistent 0.081 0.000 0.000 0.000 2.453 0.093 0.447 0.560 0.311 0.000 0.151 0.598 1.094 0.879 0.000 0.000 0.433 1.386 0.012 0.446 0.461 0.017 0.511 0.807 0.113 0.000 0.194 1.127 1.697 0.453 0.000 1.066 0.319 1.095 0.000 0.000 0.259 0.120 0.045 0.326 
0 test1dax_consistent 0.677 1.603 0.000 1.419 0.292 0.009 0.295 1.185 0.641 0.675 0.000 0.439 0.683 0.043 1.669 0.000 0.000 0.000 0.230 0.348 0.000 0.819 0.000 3.889 0.000 0.000 0.000 0.012 0.107 4.260 0.000 0.692 0.541 0.416 0.000 0.000 0.107 0.360 0.000 1.021 
1 test1dax_inconsistent 0.677 1.603 0.000 1.419 0.292 0.009 0.295 1.185 0.641 0.675 0.000 0.439 0.683 0.043 1.669 0.000 0.000 0.000 0.230 0.348 0.000 0.987 0.086 1.836 0.000 0.001 0.000 0.185 0.520 1.074 0.000 0.000 0.413 0.000 0.000 0.000 0.445 0.394 0.000 1.489 
0 test1dax_consistent 2.655 0.000 0.746 0.295 0.776 0.813 0.000 0.050 0.245 0.000 0.648 0.908 0.043 0.983 0.000 0.000 0.290 0.600 0.297 1.227 2.914 0.000 0.626 0.000 0.000 3.402 0.000 0.035 0.000 0.610 0.052 1.529 0.000 2.829 2.350 0.000 0.000 0.000 0.555 1.472 
1 test1dax_inconsistent 2.655 0.000 0.746 0.295 0.776 0.813 0.000 0.050 0.245 0.000 0.648 0.908 0.043 0.983 0.000 0.000 0.290 0.600 0.297 1.227 0.766 0.000 0.236 0.387 0.625 0.843 0.000 0.000 0.000 0.316 0.106 1.495 0.000 1.609 0.847 0.000 0.000 0.626 0.000 1.342 
0 test1dax_consistent 0.000 0.086 0.000 0.000 0.671 0.032 0.406 0.000 0.000 0.014 0.612 0.773 1.430 1.799 1.541 0.547 1.184 0.786 0.320 0.000 0.000 0.000 0.000 2.466 0.536 0.000 2.865 0.000 0.000 0.057 1.871 1.283 1.981 1.226 3.750 0.000 1.300 1.161 0.448 0.000 
1 test1dax_inconsistent 0.000 0.086 0.000 0.000 0.671 0.032 0.406 0.000 0.000 0.014 0.612 0.773 1.430 1.799 1.541 0.547 1.184 0.786 0.320 0.000 0.016 0.000 0.000 1.322 0.000 0.000 1.125 0.000 0.001 0.000 0.721 1.094 0.772 1.106 1.145 0.000 1.506 0.516 0.056 0.000 
0 test1dax_consistent 0.465 0.000 0.085 0.394 0.000 0.559 0.395 0.290 0.842 0.000 1.172 0.517 0.117 0.000 0.018 0.083 0.653 0.575 2.592 0.000 0.000 3.051 0.000 2.149 0.000 2.274 2.137 0.000 2.639 0.000 0.827 0.000 0.000 0.213 0.781 0.860 2.319 0.033 0.000 0.000 
1 test1dax_inconsistent 0.465 0.000 0.085 0.394 0.000 0.559 0.395 0.290 0.842 0.000 1.172 0.517 0.117 0.000 0.018 0.083 0.653 0.575 2.592 0.000 0.054 1.143 0.000 0.448 0.000 1.209 1.720 0.000 1.160 0.000 0.207 0.593 0.000 0.017 0.222 0.753 0.247 0.199 0.000 0.000 
0 test1dax_consistent 0.371 1.267 0.211 0.000 0.000 1.334 0.029 0.000 0.646 0.453 0.516 0.000 0.466 0.207 0.476 1.370 0.276 0.229 0.000 2.347 0.000 1.293 0.037 0.000 0.820 1.630 3.898 0.000 0.325 2.578 0.006 0.000 0.548 2.206 0.000 0.000 0.389 0.000 0.000 2.087 
1 test1dax_inconsistent 0.371 1.267 0.211 0.000 0.000 1.334 0.029 0.000 0.646 0.453 0.516 0.000 0.466 0.207 0.476 1.370 0.276 0.229 0.000 2.347 0.464 0.003 0.000 0.000 0.370 0.787 2.028 0.000 0.052 0.698 0.686 0.000 0.549 0.651 0.000 0.013 0.576 0.000 0.000 0.382 
0 test1dax_consistent 0.000 0.000 0.000 0.728 0.204 0.000 0.000 0.000 0.000 0.023 0.091 0.000 0.065 0.000 3.036 0.090 0.000 1.174 0.024 0.638 0.000 0.000 0.000 1.630 1.206 0.229 0.000 2.390 0.000 0.000 3.577 0.000 0.000 2.682 0.000 0.000 1.836 0.000 0.785 2.237 
1 test1dax_inconsistent 0.000 0.000 0.000 0.728 0.204 0.000 0.000 0.000 0.000 0.023 0.091 0.000 0.065 0.000 3.036 0.090 0.000 1.174 0.024 0.638 0.000 0.271 0.000 0.083 0.373 0.493 0.000 0.559 0.144 0.000 1.666 0.220 0.000 0.617 0.118 0.000 0.515 0.173 0.644 1.772 
0 test1dax_consistent 0.000 0.000 0.000 0.788 0.000 0.688 0.787 0.000 0.544 0.403 1.133 0.127 0.049 0.946 2.082 0.000 0.000 1.208 0.000 1.786 0.000 0.000 0.000 0.000 0.000 3.150 2.560 0.000 0.553 0.000 0.000 0.000 0.050 0.000 3.408 0.000 0.898 0.000 0.000 3.282 
1 test1dax_inconsistent 0.000 0.000 0.000 0.788 0.000 0.688 0.787 0.000 0.544 0.403 1.133 0.127 0.049 0.946 2.082 0.000 0.000 1.208 0.000 1.786 0.000 0.000 0.000 0.000 0.000 0.900 1.089 0.021 1.273 0.121 0.455 0.000 0.010 0.000 1.977 0.000 0.000 0.000 0.000 0.927 
0 test1dax_consistent 0.101 0.617 0.000 0.430 0.186 0.000 0.237 2.371 0.000 0.000 0.000 0.540 0.620 0.000 0.000 1.690 0.000 1.698 0.720 0.196 0.000 1.844 1.644 0.000 0.904 0.000 2.211 2.757 0.290 1.835 0.000 1.853 0.000 0.000 0.000 3.667 0.000 0.000 1.075 1.242 
1 test1dax_inconsistent 0.101 0.617 0.000 0.430 0.186 0.000 0.237 2.371 0.000 0.000 0.000 0.540 0.620 0.000 0.000 1.690 0.000 1.698 0.720 0.196 0.000 0.636 0.709 0.000 0.215 0.000 0.984 1.333 0.089 1.366 0.063 1.112 0.009 0.005 0.000 1.383 0.000 0.816 0.459 0.921 
0 test1dax_consistent 0.000 0.439 0.000 0.072 0.000 0.000 0.207 0.000 0.000 0.088 0.000 0.957 0.306 0.000 1.279 0.459 0.173 0.526 1.897 2.352 0.000 0.000 0.000 0.000 0.000 1.073 0.000 0.000 1.840 1.751 0.035 0.000 0.005 2.104 5.173 0.000 0.000 0.255 0.968 0.872 
1 test1dax_inconsistent 0.000 0.439 0.000 0.072 0.000 0.000 0.207 0.000 0.000 0.088 0.000 0.957 0.306 0.000 1.279 0.459 0.173 0.526 1.897 2.352 0.000 0.355 0.000 0.000 0.091 0.000 0.247 0.000 0.716 1.908 0.000 0.000 0.946 0.817 1.904 0.003 0.000 0.425 0.000 0.444 
0 test1dax_consistent 0.741 0.136 0.000 0.000 0.300 0.991 0.190 0.168 0.970 1.204 0.075 1.015 0.000 0.968 0.000 0.062 1.586 0.000 0.505 1.832 0.145 0.000 0.000 2.373 0.000 1.200 1.219 0.113 1.458 0.632 2.287 0.000 2.244 1.167 0.783 1.618 1.604 1.054 3.035 0.392 
1 test1dax_inconsistent 0.741 0.136 0.000 0.000 0.300 0.991 0.190 0.168 0.970 1.204 0.075 1.015 0.000 0.968 0.000 0.062 1.586 0.000 0.505 1.832 0.611 0.000 0.000 0.793 0.000 0.493 0.742 0.054 0.551 0.301 0.414 0.546 0.836 0.717 0.481 0.653 1.528 0.658 1.124 0.588 
0 test1dax_consistent 0.712 1.102 0.979 0.000 0.576 0.000 0.000 0.273 0.675 0.000 0.788 0.560 0.000 0.904 1.952 1.479 0.033 0.126 0.000 0.914 0.216 0.000 1.357 0.391 1.284 0.000 0.000 0.454 2.199 0.000 1.085 1.778 1.310 0.053 0.156 0.922 3.927 1.357 1.863 1.565 
1 test1dax_inconsistent 0.712 1.102 0.979 0.000 0.576 0.000 0.000 0.273 0.675 0.000 0.788 0.560 0.000 0.904 1.952 1.479 0.033 0.126 0.000 0.914 0.700 0.525 0.346 0.143 0.438 0.000 0.000 0.071 0.390 0.000 0.656 1.262 0.534 0.049 0.000 0.883 1.386 0.472 0.111 1.113 
0 test1dax_consistent 1.232 0.580 0.087 0.000 0.879 0.858 0.842 0.517 0.093 0.000 0.000 0.715 0.879 0.439 0.416 0.000 2.527 0.000 0.227 0.903 0.058 0.000 0.000 0.567 3.228 1.171 0.182 1.820 0.000 0.000 0.000 0.263 0.000 2.926 0.014 0.000 3.170 0.000 1.920 0.116 
1 test1dax_inconsistent 1.232 0.580 0.087 0.000 0.879 0.858 0.842 0.517 0.093 0.000 0.000 0.715 0.879 0.439 0.416 0.000 2.527 0.000 0.227 0.903 0.321 0.092 0.001 0.476 0.865 1.135 0.647 0.984 0.000 0.000 0.080 0.732 0.137 1.218 0.163 0.212 1.177 0.000 1.775 0.310 
0 test1dax_consistent 0.430 0.000 0.000 0.782 2.402 0.000 0.069 1.334 0.437 0.826 0.176 0.803 0.000 0.233 0.834 1.441 0.099 0.639 0.000 0.000 0.000 0.000 0.000 0.140 0.612 0.000 0.042 0.000 0.000 2.515 0.000 0.000 0.000 2.519 0.000 0.000 0.000 4.136 2.781 1.883 
1 test1dax_inconsistent 0.430 0.000 0.000 0.782 2.402 0.000 0.069 1.334 0.437 0.826 0.176 0.803 0.000 0.233 0.834 1.441 0.099 0.639 0.000 0.000 0.000 0.000 0.000 0.498 1.217 0.105 0.052 0.507 0.036 1.783 0.000 0.473 0.000 1.565 0.000 0.000 0.000 1.869 0.502 0.758 
0 test1dax_consistent 0.000 0.405 0.000 0.745 0.983 0.000 0.000 0.000 0.512 0.464 0.348 0.212 1.002 1.854 0.903 0.400 0.000 0.000 1.863 0.447 2.137 0.000 4.231 0.000 0.059 0.000 0.000 0.000 0.000 0.405 0.036 0.000 0.000 3.198 1.352 0.000 2.320 0.000 0.447 0.000 
1 test1dax_inconsistent 0.000 0.405 0.000 0.745 0.983 0.000 0.000 0.000 0.512 0.464 0.348 0.212 1.002 1.854 0.903 0.400 0.000 0.000 1.863 0.447 1.270 0.000 2.079 0.212 0.830 0.000 0.000 0.000 0.036 0.502 0.330 0.000 0.008 0.655 1.121 0.000 0.650 0.000 0.000 0.000 
0 test1dax_consistent 1.565 0.002 1.182 0.000 0.136 0.469 0.000 0.045 0.411 1.734 0.427 0.078 0.000 0.573 0.000 0.232 0.708 0.413 1.897 0.887 0.763 0.373 2.404 0.335 1.046 0.333 0.000 0.257 1.218 0.223 2.457 3.553 1.003 0.800 1.192 2.473 0.087 0.000 0.000 0.025 
1 test1dax_inconsistent 1.565 0.002 1.182 0.000 0.136 0.469 0.000 0.045 0.411 1.734 0.427 0.078 0.000 0.573 0.000 0.232 0.708 0.413 1.897 0.887 0.538 0.593 0.734 0.697 0.380 0.357 0.000 0.133 0.582 0.432 0.812 0.922 0.000 0.671 0.676 1.356 0.270 0.008 0.490 1.045 
0 test1dax_consistent 0.495 0.373 0.108 1.256 0.000 0.175 0.144 0.786 0.000 0.000 0.563 0.000 0.337 0.859 0.000 0.930 0.000 0.712 2.243 0.000 0.882 1.579 0.026 3.159 0.851 2.098 0.000 0.000 2.098 1.452 0.444 0.000 2.148 1.496 0.000 0.286 0.000 1.097 1.273 2.045 
1 test1dax_inconsistent 0.495 0.373 0.108 1.256 0.000 0.175 0.144 0.786 0.000 0.000 0.563 0.000 0.337 0.859 0.000 0.930 0.000 0.712 2.243 0.000 0.395 0.723 0.010 1.053 0.158 0.618 0.020 0.000 0.991 0.553 0.104 0.000 1.679 0.642 0.000 0.701 0.000 0.550 0.258 0.834 
0 test1dax_consistent 2.694 0.000 0.000 1.091 0.163 0.349 0.301 0.000 0.094 0.000 0.423 0.000 0.000 0.874 0.000 0.326 0.315 0.000 0.000 1.488 1.910 0.000 0.000 0.418 2.545 0.001 3.371 0.682 0.000 0.000 0.078 2.217 2.317 2.095 0.000 0.000 0.000 0.795 0.000 0.031 
1 test1dax_inconsistent 2.694 0.000 0.000 1.091 0.163 0.349 0.301 0.000 0.094 0.000 0.423 0.000 0.000 0.874 0.000 0.326 0.315 0.000 0.000 1.488 0.404 0.000 0.000 0.835 0.777 0.000 1.580 0.300 0.000 0.000 0.538 0.474 0.582 1.088 0.249 0.000 0.000 0.872 0.133 0.108 
0 test1dax_consistent 0.000 0.418 0.232 1.506 1.193 0.000 1.782 0.000 0.000 0.000 0.685 0.000 0.018 0.682 1.379 0.093 1.073 0.000 0.000 0.833 0.000 0.000 0.022 1.082 1.543 0.000 0.000 0.000 0.000 0.000 0.124 2.292 0.006 0.816 0.352 4.866 2.250 0.000 1.174 1.168 
1 test1dax_inconsistent 0.000 0.418 0.232 1.506 1.193 0.000 1.782 0.000 0.000 0.000 0.685 0.000 0.018 0.682 1.379 0.093 1.073 0.000 0.000 0.833 0.011 0.165 0.273 0.090 1.630 0.000 0.365 0.000 0.000 0.000 0.000 1.073 0.000 0.171 0.879 1.858 0.187 0.000 0.059 0.378 
0 test1dax_consistent 0.093 0.042 0.000 0.201 0.000 0.988 1.036 0.684 0.361 0.000 0.397 1.211 0.961 0.719 0.000 1.129 0.082 0.844 2.053 0.000 0.038 0.000 0.000 0.057 0.000 0.000 0.791 0.092 0.432 0.000 0.679 0.000 0.000 0.017 0.000 3.089 0.000 0.023 5.314 0.000 
1 test1dax_inconsistent 0.093 0.042 0.000 0.201 0.000 0.988 1.036 0.684 0.361 0.000 0.397 1.211 0.961 0.719 0.000 1.129 0.082 0.844 2.053 0.000 0.094 0.064 0.022 0.708 0.000 0.000 0.000 0.000 0.170 0.000 0.000 0.000 0.028 0.054 0.032 2.942 0.000 0.000 2.083 0.000 
0 test1dax_consistent 0.119 0.166 2.325 0.000 0.315 0.000 0.000 0.006 0.023 2.377 0.000 0.304 0.000 0.705 0.000 1.803 0.321 0.377 0.000 0.854 0.015 0.000 2.049 0.000 1.247 1.198 2.784 0.590 0.000 0.235 1.974 0.981 0.249 2.873 0.000 0.429 0.000 0.488 0.000 3.000 
1 test1dax_inconsistent 0.119 0.166 2.325 0.000 0.315 0.000 0.000 0.006 0.023 2.377 0.000 0.304 0.000 0.705 0.000 1.803 0.321 0.377 0.000 0.854 0.486 0.271 0.908 0.000 1.161 0.737 0.972 0.472 0.000 0.766 1.112 0.879 0.223 0.847 0.000 0.535 0.055 0.721 0.000 0.530 
0 test1dax_consistent 0.385 0.515 0.000 0.349 0.000 0.719 0.000 1.070 0.821 0.934 0.000 0.268 0.340 0.000 0.062 0.892 0.060 0.352 1.799 2.051 0.037 0.128 1.111 0.000 0.092 2.721 0.000 2.545 0.000 0.055 0.000 0.560 0.071 0.000 0.000 1.294 1.506 0.000 3.389 3.151 
1 test1dax_inconsistent 0.385 0.515 0.000 0.349 0.000 0.719 0.000 1.070 0.821 0.934 0.000 0.268 0.340 0.000 0.062 0.892 0.060 0.352 1.799 2.051 0.000 0.193 0.062 0.000 0.353 0.992 0.000 0.698 0.273 0.297 0.000 0.076 0.548 0.000 0.000 0.389 0.490 0.065 1.939 2.309 
0 test1dax_consistent 1.730 0.724 0.075 0.831 1.760 1.519 0.319 0.668 0.000 0.000 0.000 0.127 0.055 0.000 0.163 1.365 0.492 0.521 0.512 0.429 0.234 0.000 0.891 2.144 0.000 0.742 0.000 0.000 0.000 0.137 0.000 2.544 0.000 0.000 4.209 2.240 0.000 0.036 0.048 2.650 
1 test1dax_inconsistent 1.730 0.724 0.075 0.831 1.760 1.519 0.319 0.668 0.000 0.000 0.000 0.127 0.055 0.000 0.163 1.365 0.492 0.521 0.512 0.429 0.477 0.000 1.149 1.708 0.575 0.434 0.000 0.000 0.000 0.000 0.000 1.305 0.000 0.000 1.155 1.460 0.000 0.000 0.358 0.875 
0 test1dax_consistent 0.465 0.682 0.000 0.974 0.000 0.085 0.988 0.000 0.377 0.000 0.000 0.319 0.000 0.337 1.039 1.012 0.008 2.273 0.016 1.023 0.000 0.049 0.000 0.007 3.029 0.000 0.000 0.000 2.768 0.603 0.000 1.704 0.000 0.000 1.197 0.000 0.071 3.056 3.199 0.000 
1 test1dax_inconsistent 0.465 0.682 0.000 0.974 0.000 0.085 0.988 0.000 0.377 0.000 0.000 0.319 0.000 0.337 1.039 1.012 0.008 2.273 0.016 1.023 0.026 0.606 0.000 0.639 1.468 0.000 0.101 0.000 1.138 0.631 0.000 0.625 0.170 0.170 0.379 0.099 0.124 0.415 1.626 0.313 
0 test1dax_consistent 1.036 0.596 1.227 0.000 1.111 0.000 0.000 0.000 0.236 0.073 0.513 1.945 0.222 0.000 0.669 1.795 0.000 0.028 0.034 0.869 0.000 0.000 0.674 4.080 0.581 0.000 0.000 0.000 1.867 1.451 0.031 2.768 0.000 0.000 0.153 1.860 0.000 1.230 0.455 1.384 
1 test1dax_inconsistent 1.036 0.596 1.227 0.000 1.111 0.000 0.000 0.000 0.236 0.073 0.513 1.945 0.222 0.000 0.669 1.795 0.000 0.028 0.034 0.869 0.402 0.690 0.000 1.344 0.469 0.000 0.000 0.000 1.525 0.851 0.000 1.215 0.000 0.000 0.000 0.920 0.000 0.289 0.442 1.135 
0 test1dax_consistent 0.000 0.000 0.000 0.982 2.138 1.553 1.007 0.162 0.000 0.195 0.000 0.000 0.439 1.121 0.494 0.065 0.710 1.025 0.000 0.283 4.716 0.000 0.000 0.035 0.000 0.000 1.029 0.995 0.000 2.984 0.000 0.000 0.107 0.000 0.000 0.047 1.641 0.000 0.000 2.674 
1 test1dax_inconsistent 0.000 0.000 0.000 0.982 2.138 1.553 1.007 0.162 0.000 0.195 0.000 0.000 0.439 1.121 0.494 0.065 0.710 1.025 0.000 0.283 1.282 0.132 0.000 0.636 0.018 0.000 0.644 0.596 0.205 1.860 0.000 0.000 0.123 0.000 0.000 0.067 0.318 0.190 0.000 1.260 
0 test1dax_consistent 0.000 0.520 0.000 1.361 0.000 2.591 1.252 0.000 0.167 0.548 0.000 0.000 0.176 0.982 0.000 0.065 0.126 0.000 0.000 0.994 1.462 0.000 0.786 0.802 0.000 0.000 3.311 3.155 3.609 0.000 0.612 0.591 0.000 0.000 0.000 2.111 0.000 0.000 0.436 1.398 
1 test1dax_inconsistent 0.000 0.520 0.000 1.361 0.000 2.591 1.252 0.000 0.167 0.548 0.000 0.000 0.176 0.982 0.000 0.065 0.126 0.000 0.000 0.994 0.977 0.000 0.303 0.295 0.000 0.376 2.329 0.979 1.115 0.000 0.406 0.084 0.000 0.000 0.000 0.754 0.000 0.000 0.506 0.785 
0 test1dax_consistent 0.000 1.740 1.123 1.691 0.423 1.672 0.000 0.269 0.000 0.268 0.669 0.025 0.703 0.000 0.000 0.305 0.566 0.440 1.036 0.935 2.685 1.080 0.056 1.738 1.623 1.530 0.000 0.158 0.000 2.011 0.000 3.320 0.742 0.828 0.000 0.000 0.000 0.000 2.467 0.068 
1 test1dax_inconsistent 0.000 1.740 1.123 1.691 0.423 1.672 0.000 0.269 0.000 0.268 0.669 0.025 0.703 0.000 0.000 0.305 0.566 0.440 1.036 0.935 0.836 0.892 0.000 0.968 0.645 1.462 0.000 0.349 0.000 1.003 0.000 1.265 0.889 0.656 0.000 0.212 0.164 0.000 0.539 0.210 
0 test1dax_consistent 1.022 0.562 0.000 2.259 0.345 0.018 0.866 1.568 0.157 0.000 0.351 0.304 0.000 0.170 0.000 0.887 0.489 0.484 0.147 0.563 0.011 1.156 1.231 0.093 1.694 0.000 0.000 2.323 0.000 1.064 3.178 0.904 2.055 0.000 0.000 0.000 0.066 0.000 2.659 1.657 
1 test1dax_inconsistent 1.022 0.562 0.000 2.259 0.345 0.018 0.866 1.568 0.157 0.000 0.351 0.304 0.000 0.170 0.000 0.887 0.489 0.484 0.147 0.563 0.000 1.426 0.491 0.031 0.105 0.000 0.315 1.091 0.273 0.802 0.616 0.046 0.906 0.000 0.000 0.000 0.178 0.391 1.009 0.502 
0 test1dax_consistent 0.408 0.043 0.000 1.018 0.000 0.000 2.030 0.133 0.720 0.000 0.000 0.000 0.098 0.358 0.287 0.257 0.000 0.000 1.041 2.227 0.325 0.000 0.000 0.549 2.276 1.777 1.170 4.061 2.635 0.021 1.824 0.000 0.000 0.171 0.000 1.177 0.000 0.000 0.635 0.000 
1 test1dax_inconsistent 0.408 0.043 0.000 1.018 0.000 0.000 2.030 0.133 0.720 0.000 0.000 0.000 0.098 0.358 0.287 0.257 0.000 0.000 1.041 2.227 0.509 0.000 0.000 0.000 1.000 1.041 1.248 1.533 1.055 0.000 0.293 0.000 0.000 0.154 0.000 0.951 0.000 0.000 0.040 0.707 
0 test1dax_consistent 0.000 0.000 0.750 0.000 0.000 0.217 0.686 0.211 0.911 0.004 2.421 0.000 0.000 0.000 1.117 0.235 1.992 0.000 0.000 0.031 0.000 0.000 0.628 1.531 0.000 0.085 3.661 0.180 2.852 2.393 1.896 0.000 0.000 0.484 1.791 0.677 0.383 0.000 0.000 0.000 
1 test1dax_inconsistent 0.000 0.000 0.750 0.000 0.000 0.217 0.686 0.211 0.911 0.004 2.421 0.000 0.000 0.000 1.117 0.235 1.992 0.000 0.000 0.031 0.000 0.000 0.000 0.865 0.000 0.259 1.190 0.397 2.022 0.676 0.701 0.000 0.000 0.189 0.700 0.372 0.825 0.000 0.000 0.000 
0 test1dax_consistent 0.000 1.006 1.030 0.000 1.337 0.184 0.000 0.777 0.083 0.250 0.000 2.042 0.000 0.000 0.271 0.313 0.362 0.000 1.385 0.436 0.000 0.000 0.000 0.000 1.369 2.661 0.000 0.072 0.955 0.000 1.985 2.711 0.331 0.000 0.000 0.000 0.339 3.074 0.000 2.999 
1 test1dax_inconsistent 0.000 1.006 1.030 0.000 1.337 0.184 0.000 0.777 0.083 0.250 0.000 2.042 0.000 0.000 0.271 0.313 0.362 0.000 1.385 0.436 0.028 0.000 0.000 0.000 1.170 1.355 0.000 0.000 0.307 0.000 0.972 1.550 0.473 0.000 0.000 0.000 0.834 1.295 0.000 0.890 
0 test1dax_consistent 0.000 0.629 0.356 0.000 1.202 1.665 0.697 1.297 0.000 0.644 0.000 1.402 0.000 0.000 0.000 1.930 0.337 0.032 0.362 0.000 0.051 0.402 1.905 0.000 3.299 2.983 0.164 2.061 0.633 0.000 0.971 0.000 0.000 0.000 0.000 3.879 0.000 0.000 0.000 0.000 
1 test1dax_inconsistent 0.000 0.629 0.356 0.000 1.202 1.665 0.697 1.297 0.000 0.644 0.000 1.402 0.000 0.000 0.000 1.930 0.337 0.032 0.362 0.000 0.193 0.511 0.508 0.000 1.065 1.119 0.322 0.986 0.064 0.000 0.403 0.102 0.000 0.086 0.000 2.476 0.144 0.000 0.291 0.000 
0 test1dax_consistent 0.001 0.306 0.000 0.203 0.000 0.164 0.000 0.226 1.751 0.228 0.000 1.089 0.737 0.982 1.249 1.655 0.000 0.000 0.000 1.711 0.880 3.842 2.107 0.000 0.217 0.000 0.000 0.122 1.480 1.160 0.000 0.000 0.000 0.550 0.584 0.682 0.000 0.895 1.022 3.676 
1 test1dax_inconsistent 0.001 0.306 0.000 0.203 0.000 0.164 0.000 0.226 1.751 0.228 0.000 1.089 0.737 0.982 1.249 1.655 0.000 0.000 0.000 1.711 0.689 1.673 0.950 0.000 0.000 0.000 0.000 0.590 0.217 0.766 0.000 0.000 0.000 0.132 0.000 1.409 0.000 0.161 0.610 1.322 
0 test1dax_consistent 0.000 0.522 0.164 0.000 1.757 0.000 0.000 2.905 0.000 0.000 0.544 0.000 0.000 0.990 0.000 0.147 0.000 0.281 0.000 0.120 0.000 1.632 1.443 0.000 5.251 0.173 0.000 0.000 0.000 1.164 0.558 0.000 3.393 0.000 0.000 1.091 0.000 0.000 0.000 0.000 
1 test1dax_inconsistent 0.000 0.522 0.164 0.000 1.757 0.000 0.000 2.905 0.000 0.000 0.544 0.000 0.000 0.990 0.000 0.147 0.000 0.281 0.000 0.120 0.000 0.313 1.318 0.000 2.260 0.000 0.000 0.429 0.000 0.386 0.844 0.000 1.236 0.000 0.000 0.957 0.000 0.000 0.000 0.000 
0 test1dax_consistent 0.077 0.076 1.545 1.246 1.620 0.000 0.000 1.127 0.265 1.541 0.021 0.051 0.000 0.000 0.000 0.206 0.358 1.262 0.000 0.036 0.895 0.000 0.000 3.239 0.382 0.000 1.781 0.108 0.899 1.068 3.258 0.000 0.000 3.555 0.000 0.329 1.677 0.000 0.247 0.000 
1 test1dax_inconsistent 0.077 0.076 1.545 1.246 1.620 0.000 0.000 1.127 0.265 1.541 0.021 0.051 0.000 0.000 0.000 0.206 0.358 1.262 0.000 0.036 0.168 0.000 0.310 1.496 0.343 0.000 0.948 0.161 1.085 0.982 1.169 0.038 0.000 1.040 0.142 0.258 1.205 0.000 0.585 0.036 
0 test1dax_consistent 0.688 0.035 0.000 0.441 0.000 1.359 0.000 0.762 1.686 0.019 1.022 1.859 0.601 1.932 0.537 0.262 0.000 0.000 0.000 0.000 0.955 0.676 0.967 0.199 0.000 0.000 0.962 2.770 2.537 0.089 1.381 0.499 0.053 3.618 0.000 1.129 0.000 0.134 0.917 2.183 
1 test1dax_inconsistent 0.688 0.035 0.000 0.441 0.000 1.359 0.000 0.762 1.686 0.019 1.022 1.859 0.601 1.932 0.537 0.262 0.000 0.000 0.000 0.000 0.481 0.000 0.122 0.397 0.000 0.283 0.160 1.058 0.636 0.220 0.510 0.927 0.675 2.152 0.000 0.771 0.000 0.062 0.063 0.806 
0 test1dax_consistent 0.073 0.000 0.051 0.000 0.590 2.286 0.000 0.381 0.359 0.582 0.336 0.000 0.111 0.000 2.092 0.500 0.489 0.044 0.070 0.672 0.365 0.000 0.000 0.303 4.916 0.704 0.000 0.000 0.844 0.426 2.412 0.000 0.000 2.047 0.000 0.238 0.311 0.000 0.767 0.180 
1 test1dax_inconsistent 0.073 0.000 0.051 0.000 0.590 2.286 0.000 0.381 0.359 0.582 0.336 0.000 0.111 0.000 2.092 0.500 0.489 0.044 0.070 0.672 0.808 0.000 0.000 0.425 1.894 0.123 0.000 0.135 0.000 0.000 0.935 0.000 0.043 0.508 0.710 0.000 0.000 0.059 0.976 0.290 
0 test1dax_consistent 0.000 0.000 0.965 0.183 0.845 0.430 0.949 2.425 0.295 0.000 0.171 0.000 1.377 1.037 0.131 0.756 0.000 0.057 0.612 0.571 0.052 0.000 1.223 2.088 0.065 0.000 0.546 3.552 0.000 0.000 1.110 0.000 1.611 0.000 3.438 0.000 0.000 0.000 0.298 1.607 
1 test1dax_inconsistent 0.000 0.000 0.965 0.183 0.845 0.430 0.949 2.425 0.295 0.000 0.171 0.000 1.377 1.037 0.131 0.756 0.000 0.057 0.612 0.571 0.391 0.000 0.136 0.398 0.118 0.000 0.000 1.534 0.000 0.364 1.342 0.000 0.677 0.622 1.690 0.122 0.446 0.000 0.012 0.000 
0 test1dax_consistent 2.286 0.895 0.000 0.396 1.421 0.000 0.858 0.254 0.252 0.017 0.000 0.000 1.808 0.090 0.000 0.000 0.000 0.228 0.000 0.651 0.463 0.000 1.640 0.767 2.345 0.755 0.920 2.471 0.626 1.253 2.937 0.000 0.919 1.192 0.000 0.056 0.000 0.607 2.523 1.130 
1 test1dax_inconsistent 2.286 0.895 0.000 0.396 1.421 0.000 0.858 0.254 0.252 0.017 0.000 0.000 1.808 0.090 0.000 0.000 0.000 0.228 0.000 0.651 0.276 0.008 0.885 0.130 1.013 0.728 0.324 0.605 0.548 0.337 1.145 0.000 1.120 0.659 0.000 0.343 0.000 0.646 0.611 0.707 
0 test1dax_consistent 0.000 1.279 1.353 0.467 0.907 0.000 0.000 0.323 1.403 0.000 0.000 0.000 1.150 0.000 0.622 1.570 0.400 0.986 0.303 0.000 0.000 0.032 1.322 0.060 0.000 0.000 0.000 4.621 1.490 0.000 1.114 1.560 2.094 0.000 0.633 1.155 2.138 0.000 0.431 0.000 
1 test1dax_inconsistent 0.000 1.279 1.353 0.467 0.907 0.000 0.000 0.323 1.403 0.000 0.000 0.000 1.150 0.000 0.622 1.570 0.400 0.986 0.303 0.000 0.000 0.000 1.073 0.060 0.087 0.000 0.000 1.840 0.257 0.000 0.279 0.486 0.442 0.078 0.349 0.536 1.421 0.912 0.667 0.000 
0 test1dax_consistent 1.242 0.991 0.818 1.052 1.537 0.000 1.076 0.000 0.175 0.264 0.000 0.292 1.422 0.279 0.013 1.073 0.653 0.000 0.000 0.000 0.426 2.213 0.014 0.113 2.231 0.000 0.000 0.000 0.028 0.000 0.000 0.000 0.041 0.000 0.083 3.748 0.810 3.367 0.054 0.953 
1 test1dax_inconsistent 1.242 0.991 0.818 1.052 1.537 0.000 1.076 0.000 0.175 0.264 0.000 0.292 1.422 0.279 0.013 1.073 0.653 0.000 0.000 0.000 1.139 1.643 0.000 0.000 1.023 0.124 0.003 0.000 0.000 0.000 0.000 0.125 0.437 0.000 0.257 1.107 0.966 0.887 0.053 0.839 
0 test1dax_consistent 1.979 0.172 0.000 0.420 0.174 0.196 0.053 0.252 0.000 0.000 0.000 0.000 0.000 0.739 0.940 0.313 1.193 0.309 1.804 0.362 0.000 1.219 1.570 2.197 2.769 0.000 0.000 1.800 0.000 0.000 0.000 0.000 0.000 2.307 0.153 0.788 0.000 0.000 2.312 2.790 
1 test1dax_inconsistent 1.979 0.172 0.000 0.420 0.174 0.196 0.053 0.252 0.000 0.000 0.000 0.000 0.000 0.739 0.940 0.313 1.193 0.309 1.804 0.362 0.347 0.489 0.817 1.557 1.568 0.369 0.000 0.549 0.000 0.000 0.000 0.026 0.000 0.868 0.663 0.175 0.000 0.000 0.550 0.828 
0 test1dax_consistent 1.185 0.000 0.230 0.406 0.317 1.400 0.714 0.000 1.103 0.000 0.000 0.311 0.000 0.202 0.653 1.937 0.288 1.023 0.599 0.589 0.000 0.334 0.640 3.189 1.185 2.372 0.139 1.589 1.543 0.562 0.000 2.053 1.426 1.506 0.016 0.131 2.289 0.000 0.000 0.261 
1 test1dax_inconsistent 1.185 0.000 0.230 0.406 0.317 1.400 0.714 0.000 1.103 0.000 0.000 0.311 0.000 0.202 0.653 1.937 0.288 1.023 0.599 0.589 0.000 0.062 0.200 0.973 0.868 1.821 0.226 0.309 0.956 0.000 0.000 1.131 0.507 0.279 0.000 0.417 1.425 0.000 0.353 0.640 
0 test1dax_consistent 0.000 0.647 1.407 1.272 0.580 0.000 0.235 0.000 0.000 1.900 0.412 1.739 0.465 0.000 0.000 0.266 0.144 0.430 0.000 0.221 0.000 1.426 2.499 1.925 2.663 2.277 0.000 0.000 0.000 2.734 0.015 0.014 0.000 1.429 0.000 0.000 1.702 0.061 1.463 1.317 
1 test1dax_inconsistent 0.000 0.647 1.407 1.272 0.580 0.000 0.235 0.000 0.000 1.900 0.412 1.739 0.465 0.000 0.000 0.266 0.144 0.430 0.000 0.221 0.292 0.461 1.304 0.357 1.101 0.410 0.000 0.204 0.000 0.908 0.481 0.000 0.000 0.347 0.000 0.263 1.379 0.406 0.272 1.044 
0 test1dax_consistent 0.144 1.402 0.000 0.849 0.615 0.000 0.000 0.000 0.716 1.186 0.000 0.480 0.078 2.495 0.058 0.000 0.546 0.000 0.000 1.199 0.000 1.428 0.000 0.091 1.761 1.848 1.067 0.000 2.616 0.000 0.000 1.497 0.000 0.111 0.883 0.644 3.034 0.000 0.000 2.511 
1 test1dax_inconsistent 0.144 1.402 0.000 0.849 0.615 0.000 0.000 0.000 0.716 1.186 0.000 0.480 0.078 2.495 0.058 0.000 0.546 0.000 0.000 1.199 0.000 0.985 0.000 0.669 0.942 0.616 0.042 0.000 1.010 0.672 0.000 0.925 0.000 0.430 0.672 0.840 1.103 0.000 0.165 1.231 
0 test1dax_consistent 0.000 0.000 0.000 1.762 0.000 2.187 0.000 1.051 0.000 0.000 0.000 0.483 0.429 0.553 0.000 0.059 1.505 0.000 0.000 0.000 0.089 0.000 0.000 0.000 0.000 4.352 0.000 4.398 0.000 0.000 0.000 0.776 0.000 0.000 0.000 1.023 0.000 0.000 0.480 0.669 
1 test1dax_inconsistent 0.000 0.000 0.000 1.762 0.000 2.187 0.000 1.051 0.000 0.000 0.000 0.483 0.429 0.553 0.000 0.059 1.505 0.000 0.000 0.000 0.108 0.000 0.000 0.051 0.000 2.068 0.000 1.285 0.078 0.000 0.000 0.127 0.000 0.212 0.077 0.719 0.052 0.000 1.330 0.000 
0 test1dax_consistent 2.059 0.000 0.000 0.000 1.641 0.378 0.000 0.010 0.000 0.185 0.645 0.428 0.000 1.149 0.054 1.490 0.633 0.049 0.380 1.225 2.265 0.000 0.000 0.373 1.581 4.222 0.573 2.482 0.000 0.565 0.300 0.425 0.680 0.424 0.004 1.962 1.008 0.000 0.000 0.062 
1 test1dax_inconsistent 2.059 0.000 0.000 0.000 1.641 0.378 0.000 0.010 0.000 0.185 0.645 0.428 0.000 1.149 0.054 1.490 0.633 0.049 0.380 1.225 0.217 0.000 0.000 0.608 0.379 1.675 0.437 0.957 0.000 0.371 0.673 0.710 0.341 0.000 0.090 1.531 0.778 0.000 0.058 0.654 
0 test1dax_consistent 0.000 0.000 0.232 0.535 1.464 0.000 0.000 0.000 0.000 1.038 1.610 0.000 1.039 1.192 0.700 0.495 1.754 0.000 0.000 0.010 0.000 0.000 0.363 1.020 0.472 0.000 0.000 0.000 0.000 0.000 3.048 0.000 0.580 0.640 1.046 0.000 4.704 0.520 0.130 0.913 
1 test1dax_inconsistent 0.000 0.000 0.232 0.535 1.464 0.000 0.000 0.000 0.000 1.038 1.610 0.000 1.039 1.192 0.700 0.495 1.754 0.000 0.000 0.010 0.000 0.000 0.522 0.000 0.000 0.000 0.000 0.000 0.000 0.000 0.856 0.000 0.935 1.007 0.549 0.196 2.231 0.164 0.000 0.026 
0 test1dax_consistent 1.518 0.006 1.597 0.157 0.002 1.023 0.789 0.000 2.434 0.000 1.020 0.525 0.000 0.006 0.385 0.062 0.189 0.000 0.000 0.205 0.029 0.000 0.000 0.000 0.000 0.000 0.081 0.000 4.175 0.000 1.074 0.333 0.958 0.618 4.223 0.000 0.000 0.000 0.000 1.206 
1 test1dax_inconsistent 1.518 0.006 1.597 0.157 0.002 1.023 0.789 0.000 2.434 0.000 1.020 0.525 0.000 0.006 0.385 0.062 0.189 0.000 0.000 0.205 0.295 0.000 0.000 0.000 0.000 0.011 0.015 0.000 1.071 0.000 1.645 0.712 0.065 0.000 1.776 0.164 0.319 0.000 0.000 0.718 
0 test1dax_consistent 0.413 0.571 1.318 0.000 2.469 0.000 0.341 0.000 1.686 0.987 0.000 0.006 0.206 0.318 0.031 0.000 0.053 0.000 0.504 0.000 0.000 0.138 5.529 0.000 0.000 1.399 1.530 0.000 0.000 0.156 0.000 0.000 0.000 0.273 1.246 0.000 0.833 0.029 1.747 0.000 
1 test1dax_inconsistent 0.413 0.571 1.318 0.000 2.469 0.000 0.341 0.000 1.686 0.987 0.000 0.006 0.206 0.318 0.031 0.000 0.053 0.000 0.504 0.000 0.000 0.383 1.719 0.462 0.000 0.886 0.643 0.000 0.967 0.513 0.000 0.000 0.242 0.193 0.841 0.000 1.588 0.084 1.000 0.000 
0 test1dax_consistent 0.764 0.000 0.004 0.000 1.084 0.837 0.199 0.088 0.000 2.342 0.053 0.758 0.000 1.136 0.000 0.000 0.591 1.274 0.000 0.515 0.000 2.226 0.000 0.000 1.173 0.994 0.076 0.000 2.422 0.000 0.000 0.000 0.000 1.795 2.765 0.000 0.087 4.045 0.000 0.436 
1 test1dax_inconsistent 0.764 0.000 0.004 0.000 1.084 0.837 0.199 0.088 0.000 2.342 0.053 0.758 0.000 1.136 0.000 0.000 0.591 1.274 0.000 0.515 0.491 0.636 0.010 0.000 0.868 0.637 0.249 0.000 0.721 0.572 0.000 0.000 0.000 0.060 1.121 0.000 0.408 1.711 0.000 0.769 
0 test1dax_consistent 0.000 0.000 0.333 0.058 0.073 0.036 0.561 0.971 2.173 0.396 0.151 0.000 0.302 0.000 0.000 0.000 0.196 2.549 0.000 0.330 0.000 0.560 1.383 0.314 0.000 0.000 0.000 0.282 0.016 2.711 0.589 2.684 1.645 0.000 1.975 0.000 0.000 3.519 1.688 0.000 
1 test1dax_inconsistent 0.000 0.000 0.333 0.058 0.073 0.036 0.561 0.971 2.173 0.396 0.151 0.000 0.302 0.000 0.000 0.000 0.196 2.549 0.000 0.330 0.000 0.555 0.276 1.164 0.000 0.048 0.000 0.138 0.216 1.180 0.000 1.171 0.609 0.000 0.978 0.000 0.000 1.139 0.796 0.000 
0 test1dax_consistent 0.000 0.000 0.000 1.176 0.000 0.000 0.000 0.792 0.278 0.237 1.131 0.535 1.534 1.138 2.099 0.098 0.000 1.177 0.000 0.000 1.159 0.000 0.000 0.076 0.000 0.000 0.000 0.000 0.000 0.000 0.000 0.000 0.000 1.765 5.420 0.000 0.001 0.000 0.000 1.395 
1 test1dax_inconsistent 0.000 0.000 0.000 1.176 0.000 0.000 0.000 0.792 0.278 0.237 1.131 0.535 1.534 1.138 2.099 0.098 0.000 1.177 0.000 0.000 0.193 0.000 0.000 0.000 0.066 0.000 0.000 0.000 0.000 0.313 0.000 0.025 0.000 1.466 2.122 0.023 0.019 0.000 0.000 0.000 
0 test1dax_consistent 1.707 0.140 0.000 0.000 0.000 0.000 0.040 0.384 0.163 1.271 0.001 0.000 1.883 1.025 0.191 1.562 0.166 0.000 0.000 0.000 1.003 2.873 0.000 0.000 0.000 0.000 1.731 0.083 0.000 3.204 2.267 2.321 0.152 0.672 0.182 0.486 0.000 0.000 2.610 0.000 
1 test1dax_inconsistent 1.707 0.140 0.000 0.000 0.000 0.000 0.040 0.384 0.163 1.271 0.001 0.000 1.883 1.025 0.191 1.562 0.166 0.000 0.000 0.000 0.218 0.761 0.000 0.000 0.000 0.000 1.182 0.451 0.019 1.026 1.341 0.619 0.889 0.035 0.417 0.548 0.000 0.000 1.150 0.000 
0 test1dax_consistent 0.000 1.360 0.000 0.451 2.146 0.035 0.000 0.474 0.000 1.683 0.002 1.419 0.021 0.000 0.251 0.688 0.965 0.000 0.000 0.000 1.104 0.302 1.629 0.000 0.602 0.236 1.795 0.467 0.000 0.789 2.449 4.173 0.000 2.540 0.548 0.000 0.000 0.000 0.000 0.359 
1 test1dax_inconsistent 0.000 1.360 0.000 0.451 2.146 0.035 0.000 0.474 0.000 1.683 0.002 1.419 0.021 0.000 0.251 0.688 0.965 0.000 0.000 0.000 0.029 0.218 0.831 0.000 0.593 0.471 0.188 0.636 0.000 1.192 1.176 1.376 0.000 1.222 0.629 0.727 0.000 0.000 0.000 0.318 
0 test1dax_consistent 0.354 0.000 0.000 0.000 0.000 0.557 1.193 0.000 0.124 1.559 0.000 0.000 0.022 0.000 0.891 2.599 1.090 0.696 0.331 0.000 0.795 1.850 0.000 0.000 0.000 0.000 0.000 0.038 1.349 0.019 0.000 1.293 0.000 0.636 1.340 1.655 1.744 4.143 2.721 0.000 
1 test1dax_inconsistent 0.354 0.000 0.000 0.000 0.000 0.557 1.193 0.000 0.124 1.559 0.000 0.000 0.022 0.000 0.891 2.599 1.090 0.696 0.331 0.000 0.558 0.572 0.002 0.000 0.000 0.000 0.000 0.000 0.143 0.415 0.000 0.231 0.000 0.221 0.316 1.681 0.844 1.876 1.171 0.000 
