0 test2fip_consistent left_hidden
0.000 0.490 0.967 0.052 0.839 2.481 0.027 0.009 0.000 0.251 0.017 0.000 2.311 1.985 0.334 0.810 2.516 0.359 1.520 0.758 
0 test2fip_consistent right_hidden
0.000 1.366 0.000 0.958 2.622 0.176 0.000 0.007 1.007 0.410 0.057 0.342 0.437 0.334 0.000 1.514 1.437 0.306 0.039 0.010 
---
1 test2fip_inconsistent left_hidden
0.000 0.490 0.967 0.052 0.839 2.481 0.027 0.009 0.000 0.251 0.017 0.000 2.311 1.985 0.334 0.810 2.516 0.359 1.520 0.758 
1 test2fip_inconsistent right_hidden
0.000 2.696 0.000 0.727 2.322 1.801 0.000 0.000 0.772 0.289 0.000 0.259 1.291 1.154 0.000 2.075 2.812 0.454 1.193 1.260 
---
0 test2fip_consistent left_hidden
0.000 0.000 0.000 0.282 0.000 0.077 0.777 0.108 0.789 0.281 0.000 0.000 0.000 2.895 0.000 2.494 0.000 3.101 0.863 0.379 
0 test2fip_consistent right_hidden
0.000 0.000 0.000 0.000 0.000 0.000 0.772 0.104 2.392 0.000 0.000 0.000 0.000 1.349 0.038 0.707 0.000 0.118 2.771 0.469 
---
1 test2fip_inconsistent left_hidden
0.000 0.000 0.000 0.282 0.000 0.077 0.777 0.108 0.789 0.281 0.000 0.000 0.000 2.895 0.000 2.494 0.000 3.101 0.863 0.379 
1 test2fip_inconsistent right_hidden
0.000 0.000 0.000 0.000 0.000 0.000 0.932 0.042 2.584 0.000 0.000 0.000 0.000 3.571 0.000 2.786 0.000 2.248 1.985 1.138 
---
0 test2fip_consistent left_hidden
0.790 0.538 0.000 0.000 3.439 0.000 0.074 0.294 0.395 0.000 2.272 0.241 1.053 0.000 1.038 0.000 0.000 2.526 0.000 0.000 
0 test2fip_consistent right_hidden
0.000 1.912 0.000 0.000 0.562 0.057 0.116 0.348 1.286 0.000 0.118 2.318 1.198 1.753 0.017 0.065 0.000 0.000 0.536 0.864 
---
1 test2fip_inconsistent left_hidden
0.790 0.538 0.000 0.000 3.439 0.000 0.074 0.294 0.395 0.000 2.272 0.241 1.053 0.000 1.038 0.000 0.000 2.526 0.000 0.000 
1 test2fip_inconsistent right_hidden
0.719 3.054 0.000 0.000 2.807 0.000 0.000 1.701 1.640 0.000 0.716 1.940 1.597 1.219 1.321 0.000 0.000 1.775 0.190 0.321 
---
0 test2fip_consistent left_hidden
0.000 2.181 0.000 0.568 0.312 0.000 0.057 2.424 0.000 0.774 0.132 1.059 0.000 0.000 1.070 0.044 2.381 2.395 0.000 0.000 
0 test2fip_consistent right_hidden
0.000 1.792 0.000 0.725 1.733 0.948 1.080 0.218 0.000 1.561 1.758 0.000 0.000 0.000 1.014 0.315 0.202 1.102 0.000 0.000 
---
1 test2fip_inconsistent left_hidden
0.000 2.181 0.000 0.568 0.312 0.000 0.057 2.424 0.000 0.774 0.132 1.059 0.000 0.000 1.070 0.044 2.381 2.395 0.000 0.000 
1 test2fip_inconsistent right_hidden
0.000 2.017 0.000 0.738 2.321 0.699 0.341 2.205 0.000 1.145 1.295 0.000 0.000 0.000 2.886 0.000 1.824 2.191 0.000 0.000 
---
0 test2fip_consistent left_hidden
0.117 0.000 0.214 1.952 0.000 0.000 0.884 0.705 1.316 1.440 1.827 0.000 2.894 0.000 0.076 0.000 0.000 1.738 1.233 0.000 
0 test2fip_consistent right_hidden
0.000 0.000 2.010 1.124 0.000 0.742 0.000 1.271 0.000 0.000 1.036 0.000 1.769 0.000 0.175 2.004 0.000 0.259 0.011 0.000 
---
1 test2fip_inconsistent left_hidden
0.117 0.000 0.214 1.952 0.000 0.000 0.884 0.705 1.316 1.440 1.827 0.000 2.894 0.000 0.076 0.000 0.000 1.738 1.233 0.000 
1 test2fip_inconsistent right_hidden
0.000 0.000 1.636 2.395 0.000 0.350 0.000 1.770 1.723 1.943 1.878 0.000 2.779 0.000 0.000 2.230 0.000 1.203 0.750 0.000 
---
0 test2fip_consistent left_hidden
0.990 0.000 0.000 0.440 0.000 1.326 0.000 0.000 1.281 0.000 0.207 0.000 0.000 3.873 0.000 2.417 1.703 0.029 0.141 0.000 
0 test2fip_consistent right_hidden
3.033 0.000 0.000 1.938 0.000 0.955 0.000 0.000 0.045 0.000 0.000 0.000 0.000 0.902 0.000 0.802 1.417 0.031 0.050 1.033 
---
1 test2fip_inconsistent left_hidden
0.990 0.000 0.000 0.440 0.000 1.326 0.000 0.000 1.281 0.000 0.207 0.000 0.000 3.873 0.000 2.417 1.703 0.029 0.141 0.000 
1 test2fip_inconsistent right_hidden
2.152 0.000 0.000 1.623 0.000 1.068 0.000 0.000 0.110 0.000 0.000 0.000 0.000 3.908 0.000 2.449 2.912 0.000 0.000 1.107 
---
0 test2fip_consistent left_hidden
0.000 0.000 1.381 2.710 0.000 1.095 0.000 1.562 0.322 1.130 1.663 1.134 0.000 2.104 0.000 0.000 1.738 0.000 0.000 0.000 
0 test2fip_consistent right_hidden
0.532 0.000 0.000 1.508 0.000 0.512 0.000 3.500 0.574 0.811 0.000 0.000 0.866 0.000 0.000 0.000 0.030 0.000 0.000 0.000 
---
1 test2fip_inconsistent left_hidden
0.000 0.000 1.381 2.710 0.000 1.095 0.000 1.562 0.322 1.130 1.663 1.134 0.000 2.104 0.000 0.000 1.738 0.000 0.000 0.000 
1 test2fip_inconsistent right_hidden
0.240 0.000 0.663 3.929 0.000 1.738 0.000 3.436 0.652 1.546 1.446 0.533 0.819 0.900 0.000 0.000 1.521 0.000 0.000 0.000 
---
0 test2fip_consistent left_hidden
1.399 0.000 0.000 2.933 0.000 0.476 0.000 0.000 1.165 0.198 1.923 0.000 1.181 0.000 0.000 0.226 1.849 0.520 2.266 0.483 
0 test2fip_consistent right_hidden
0.000 0.000 0.533 1.787 0.000 0.000 0.316 0.040 0.153 0.142 0.358 1.383 0.141 0.285 2.542 0.510 1.075 0.000 0.886 1.213 
---
1 test2fip_inconsistent left_hidden
1.399 0.000 0.000 2.933 0.000 0.476 0.000 0.000 1.165 0.198 1.923 0.000 1.181 0.000 0.000 0.226 1.849 0.520 2.266 0.483 
1 test2fip_inconsistent right_hidden
0.595 0.492 0.352 3.728 0.000 0.000 0.069 0.000 1.402 0.148 0.911 1.064 1.135 0.778 2.187 0.442 2.126 0.000 2.615 0.885 
---
0 test2fip_consistent left_hidden
1.262 0.000 0.000 0.411 0.964 0.000 0.000 0.129 1.851 0.896 2.243 2.639 0.691 1.455 0.617 1.695 0.044 1.065 0.248 0.000 
0 test2fip_consistent right_hidden
1.159 0.661 0.000 1.485 0.209 0.000 0.000 1.041 2.979 0.791 1.411 0.072 0.000 0.126 0.032 0.112 0.132 0.283 0.000 0.000 
---
1 test2fip_inconsistent left_hidden
1.262 0.000 0.000 0.411 0.964 0.000 0.000 0.129 1.851 0.896 2.243 2.639 0.691 1.455 0.617 1.695 0.044 1.065 0.248 0.000 
1 test2fip_inconsistent right_hidden
1.094 0.271 0.000 1.169 0.049 0.000 0.000 0.908 3.671 0.426 3.092 2.602 0.481 1.368 0.160 1.535 0.000 0.748 0.000 0.000 
---
0 test2fip_consistent left_hidden
0.000 0.000 0.022 2.222 0.000 1.565 1.153 1.800 2.781 0.000 0.000 0.000 1.548 0.000 1.556 0.000 0.000 0.000 0.000 0.000 
0 test2fip_consistent right_hidden
0.000 0.000 0.622 3.390 0.000 0.497 0.421 2.210 0.050 0.000 0.000 0.000 0.156 0.000 1.383 0.000 0.000 0.000 0.000 0.000 
---
1 test2fip_inconsistent left_hidden
0.000 0.000 0.022 2.222 0.000 1.565 1.153 1.800 2.781 0.000 0.000 0.000 1.548 0.000 1.556 0.000 0.000 0.000 0.000 0.000 
1 test2fip_inconsistent right_hidden
0.000 1.013 0.509 3.333 0.196 1.274 1.710 3.824 2.223 0.000 0.000 0.000 1.174 0.000 1.490 0.000 0.000 0.000 0.000 0.000 
---
0 test2fip_consistent left_hidden
0.000 0.097 0.000 0.000 0.179 0.292 0.161 0.220 0.003 2.034 2.837 0.408 0.000 0.000 0.182 0.000 3.068 1.324 0.548 0.135 
0 test2fip_consistent right_hidden
0.000 1.372 0.000 0.071 1.092 1.523 0.160 0.493 0.480 0.545 1.566 1.261 0.000 0.000 0.046 0.000 0.806 0.155 0.021 1.804 
---
1 test2fip_inconsistent left_hidden
0.000 0.097 0.000 0.000 0.179 0.292 0.161 0.220 0.003 2.034 2.837 0.408 0.000 0.000 0.182 0.000 3.068 1.324 0.548 0.135 
1 test2fip_inconsistent right_hidden
0.000 0.837 0.000 0.000 1.352 0.415 1.042 1.399 0.401 1.028 3.516 1.964 0.000 0.182 0.000 0.000 2.284 1.136 0.496 1.713 
---
0 test2fip_consistent left_hidden
3.140 1.157 1.544 0.000 2.630 0.000 0.000 0.100 0.000 1.049 0.000 0.874 0.000 0.000 1.923 0.000 0.000 0.000 0.000 0.276 
0 test2fip_consistent right_hidden
0.191 0.266 0.125 0.000 0.108 0.912 0.267 0.014 0.106 2.120 1.201 0.049 2.046 0.000 1.600 0.000 0.000 0.056 0.000 1.437 
---
1 test2fip_inconsistent left_hidden
3.140 1.157 1.544 0.000 2.630 0.000 0.000 0.100 0.000 1.049 0.000 0.874 0.000 0.000 1.923 0.000 0.000 0.000 0.000 0.276 
1 test2fip_inconsistent right_hidden
1.242 0.411 0.674 0.000 2.262 0.458 1.466 0.000 0.000 3.284 0.976 1.019 1.481 0.000 3.026 0.000 0.000 0.000 0.000 1.427 
---
0 test2fip_consistent left_hidden
2.031 0.883 2.433 2.712 0.886 0.928 0.000 0.668 0.843 0.000 0.000 0.107 0.000 0.000 0.000 0.052 0.000 0.077 0.000 1.713 
0 test2fip_consistent right_hidden
1.633 0.000 0.000 0.200 1.345 0.000 0.000 1.926 0.081 0.000 0.036 0.010 1.641 0.000 0.276 0.333 0.014 0.639 0.689 2.220 
---
1 test2fip_inconsistent left_hidden
2.031 0.883 2.433 2.712 0.886 0.928 0.000 0.668 0.843 0.000 0.000 0.107 0.000 0.000 0.000 0.052 0.000 0.077 0.000 1.713 
1 test2fip_inconsistent right_hidden
1.470 0.877 1.593 1.540 2.701 0.000 0.000 2.710 1.010 0.000 0.000 0.000 1.535 0.000 0.000 0.111 0.000 0.222 0.541 3.067 
---
0 test2fip_consistent left_hidden
0.121 0.000 1.284 0.000 0.000 0.000 0.446 2.880 0.000 0.206 0.000 0.177 3.538 0.000 0.809 0.000 1.911 0.000 0.000 0.000 
0 test2fip_consistent right_hidden
0.000 0.000 1.912 0.000 2.992 0.000 0.000 0.843 0.053 0.063 0.000 0.000 0.362 0.044 0.128 0.000 1.970 0.000 0.000 0.000 
---
1 test2fip_inconsistent left_hidden
0.121 0.000 1.284 0.000 0.000 0.000 0.446 2.880 0.000 0.206 0.000 0.177 3.538 0.000 0.809 0.000 1.911 0.000 0.000 0.000 
1 test2fip_inconsistent right_hidden
0.000 0.000 3.358 0.000 2.587 0.000 0.000 2.881 0.000 0.045 0.504 0.000 2.215 0.000 2.249 0.000 1.877 0.000 0.000 0.000 
---
0 test2fip_consistent left_hidden
1.766 0.879 0.000 0.558 1.250 0.180 1.770 0.380 0.000 0.993 0.129 2.491 0.000 0.000 0.008 3.014 0.000 0.365 0.281 0.000 
0 test2fip_consistent right_hidden
0.105 0.000 0.054 0.338 0.160 0.016 0.035 2.057 0.195 0.332 0.085 1.865 1.413 0.087 0.000 0.889 1.859 0.291 0.900 0.000 
---
1 test2fip_inconsistent left_hidden
1.766 0.879 0.000 0.558 1.250 0.180 1.770 0.380 0.000 0.993 0.129 2.491 0.000 0.000 0.008 3.014 0.000 0.365 0.281 0.000 
1 test2fip_inconsistent right_hidden
2.072 0.008 0.000 0.168 1.135 0.000 0.762 2.551 0.543 1.301 0.101 3.008 0.823 0.103 0.000 2.673 1.877 0.000 0.543 0.000 
---
0 test2fip_consistent left_hidden
0.000 1.303 0.000 0.056 3.040 0.000 0.040 0.000 0.000 0.309 0.000 0.165 2.496 0.226 1.043 0.138 2.644 0.000 0.128 0.000 
0 test2fip_consistent right_hidden
0.697 0.137 0.000 0.000 2.062 0.000 0.000 0.000 0.055 0.000 0.655 1.340 0.862 0.469 1.886 0.408 0.054 2.189 0.214 0.000 
---
1 test2fip_inconsistent left_hidden
0.000 1.303 0.000 0.056 3.040 0.000 0.040 0.000 0.000 0.309 0.000 0.165 2.496 0.226 1.043 0.138 2.644 0.000 0.128 0.000 
1 test2fip_inconsistent right_hidden
3.204 0.592 0.000 0.000 2.041 0.000 0.000 0.000 0.130 0.000 0.775 1.632 2.663 0.253 2.887 0.242 1.666 1.767 0.000 0.000 
---
0 test2fip_consistent left_hidden
0.000 0.000 0.000 0.657 0.000 2.385 0.345 0.000 0.000 0.000 1.951 0.000 0.092 0.000 0.338 3.847 0.000 0.610 0.069 0.000 
0 test2fip_consistent right_hidden
0.000 1.419 0.000 3.120 0.000 1.007 1.388 0.000 0.000 0.000 0.838 0.000 0.625 0.757 0.000 0.607 0.000 0.588 1.122 1.304 
---
1 test2fip_inconsistent left_hidden
0.000 0.000 0.000 0.657 0.000 2.385 0.345 0.000 0.000 0.000 1.951 0.000 0.092 0.000 0.338 3.847 0.000 0.610 0.069 0.000 
1 test2fip_inconsistent right_hidden
0.000 1.411 0.000 1.989 0.000 2.175 2.055 0.000 0.000 0.000 2.905 0.000 0.295 2.192 0.000 2.435 0.000 1.545 1.085 1.275 
---
0 test2fip_consistent left_hidden
0.680 1.702 0.000 0.000 0.000 0.000 0.000 1.332 1.946 4.129 0.000 0.000 0.149 0.000 0.000 0.050 0.000 0.000 0.000 0.000 
0 test2fip_consistent right_hidden
0.000 1.040 1.630 0.000 2.649 0.000 0.060 0.239 0.077 0.864 0.000 0.325 0.000 0.000 0.000 0.994 0.052 0.000 0.000 0.990 
---
1 test2fip_inconsistent left_hidden
0.680 1.702 0.000 0.000 0.000 0.000 0.000 1.332 1.946 4.129 0.000 0.000 0.149 0.000 0.000 0.050 0.000 0.000 0.000 0.000 
1 test2fip_inconsistent right_hidden
0.000 3.556 1.196 0.000 2.689 0.000 0.000 1.404 1.565 1.778 0.000 2.004 0.050 0.000 0.000 0.860 0.000 0.000 0.000 0.578 
---
0 test2fip_consistent left_hidden
0.000 0.000 1.989 0.743 0.869 0.913 0.000 0.000 2.906 0.281 0.051 0.000 0.571 0.000 1.575 0.000 2.677 0.000 0.000 0.000 
0 test2fip_consistent right_hidden
0.000 0.000 0.818 0.134 0.292 0.000 0.000 1.734 2.104 0.000 1.433 2.082 1.273 0.000 0.257 0.025 0.028 0.107 0.000 0.000 
---
1 test2fip_inconsistent left_hidden
0.000 0.000 1.989 0.743 0.869 0.913 0.000 0.000 2.906 0.281 0.051 0.000 0.571 0.000 1.575 0.000 2.677 0.000 0.000 0.000 
1 test2fip_inconsistent right_hidden
0.000 0.000 2.646 1.218 1.923 0.186 0.000 1.358 3.898 0.000 1.548 1.723 0.829 0.000 0.000 0.000 1.981 0.000 0.000 0.000 
---
0 test2fip_consistent left_hidden
0.000 2.086 1.080 1.180 0.000 2.578 0.000 0.000 1.399 0.289 0.000 2.215 0.048 0.000 0.000 0.000 2.647 0.000 0.000 0.000 
0 test2fip_consistent right_hidden
0.000 0.269 1.240 0.564 0.848 0.738 2.459 0.000 1.271 0.802 0.000 1.351 0.424 0.000 0.000 0.000 0.647 0.618 0.000 1.324 
---
1 test2fip_inconsistent left_hidden
0.000 2.086 1.080 1.180 0.000 2.578 0.000 0.000 1.399 0.289 0.000 2.215 0.048 0.000 0.000 0.000 2.647 0.000 0.000 0.000 
1 test2fip_inconsistent right_hidden
0.000 1.484 1.459 0.854 0.662 2.448 2.139 0.000 0.979 1.087 0.000 3.331 1.272 0.000 0.000 0.000 2.684 0.681 0.112 0.732 
---
0 test2fip_consistent left_hidden
0.000 0.000 0.000 0.986 0.041 0.061 0.231 0.245 0.034 0.020 0.179 0.530 0.064 0.162 0.000 2.209 0.868 0.000 3.533 2.843 
0 test2fip_consistent right_hidden
0.673 0.000 0.000 0.340 0.300 0.011 2.149 0.000 1.268 1.436 1.450 0.715 0.210 0.000 0.007 0.652 0.659 0.000 0.583 1.266 
---
1 test2fip_inconsistent left_hidden
0.000 0.000 0.000 0.986 0.041 0.061 0.231 0.245 0.034 0.020 0.179 0.530 0.064 0.162 0.000 2.209 0.868 0.000 3.533 2.843 
1 test2fip_inconsistent right_hidden
0.113 0.000 0.021 1.820 0.218 0.000 1.604 0.434 1.108 1.143 1.055 0.975 1.177 0.007 0.000 2.475 2.233 0.000 2.967 2.142 
---
0 test2fip_consistent left_hidden
0.178 0.000 1.802 0.131 0.000 0.000 0.397 0.000 0.000 0.000 0.000 0.198 0.000 2.272 0.360 3.273 0.000 0.000 1.849 1.540 
0 test2fip_consistent right_hidden
1.020 0.000 0.624 2.100 1.930 0.000 0.133 0.000 0.000 0.519 0.000 0.000 0.000 2.573 0.141 0.465 0.000 0.000 0.425 0.101 
---
1 test2fip_inconsistent left_hidden
0.178 0.000 1.802 0.131 0.000 0.000 0.397 0.000 0.000 0.000 0.000 0.198 0.000 2.272 0.360 3.273 0.000 0.000 1.849 1.540 
1 test2fip_inconsistent right_hidden
0.869 0.000 2.059 2.419 1.500 0.000 0.000 0.000 0.000 0.427 0.000 0.000 0.000 3.565 0.000 2.314 0.000 1.173 1.383 2.278 
---
0 test2fip_consistent left_hidden
0.000 0.000 1.680 0.463 0.000 0.479 0.000 0.000 2.332 1.474 0.000 1.032 0.000 0.000 0.000 2.335 1.954 0.806 0.000 1.823 
0 test2fip_consistent right_hidden
0.440 0.000 0.237 2.027 0.000 0.751 0.000 0.000 0.097 0.000 0.285 1.791 0.000 0.796 0.000 0.583 2.888 0.000 0.007 0.114 
---
1 test2fip_inconsistent left_hidden
0.000 0.000 1.680 0.463 0.000 0.479 0.000 0.000 2.332 1.474 0.000 1.032 0.000 0.000 0.000 2.335 1.954 0.806 0.000 1.823 
1 test2fip_inconsistent right_hidden
0.969 0.000 1.922 2.401 0.000 0.026 0.000 0.000 1.222 1.125 0.000 2.132 0.000 0.059 0.000 2.103 3.589 0.886 0.000 1.348 
---
0 test2fip_consistent left_hidden
0.810 0.000 0.000 0.000 0.426 1.893 0.000 0.445 0.611 1.017 0.000 1.258 0.000 0.000 0.695 1.036 0.869 4.138 1.183 0.000 
0 test2fip_consistent right_hidden
0.282 0.000 1.154 0.000 2.546 0.200 0.093 0.286 0.000 1.357 0.048 0.161 0.000 0.000 0.053 1.369 0.000 0.000 2.167 0.000 
---
1 test2fip_inconsistent left_hidden
0.810 0.000 0.000 0.000 0.426 1.893 0.000 0.445 0.611 1.017 0.000 1.258 0.000 0.000 0.695 1.036 0.869 4.138 1.183 0.000 
1 test2fip_inconsistent right_hidden
1.091 0.000 0.478 0.000 2.006 1.455 0.000 1.011 0.242 1.882 0.000 1.239 0.000 0.000 0.316 1.758 0.000 2.886 3.032 0.000 
---
0 test2fip_consistent left_hidden
1.772 0.000 0.000 0.000 1.079 0.000 2.292 0.746 0.000 0.000 0.919 2.792 1.751 0.023 0.053 1.669 0.000 0.000 1.884 0.991 
0 test2fip_consistent right_hidden
0.749 0.000 0.000 1.441 0.192 1.694 0.622 0.067 2.036 0.142 0.428 0.598 0.027 0.011 0.254 1.898 0.000 0.000 0.944 1.499 
---
1 test2fip_inconsistent left_hidden
1.772 0.000 0.000 0.000 1.079 0.000 2.292 0.746 0.000 0.000 0.919 2.792 1.751 0.023 0.053 1.669 0.000 0.000 1.884 0.991 
1 test2fip_inconsistent right_hidden
1.603 0.000 0.000 0.763 0.726 1.691 1.647 0.000 2.279 0.837 0.182 2.680 1.184 0.422 1.103 2.801 0.000 0.000 2.768 1.213 
---
0 test2fip_consistent left_hidden
0.000 0.000 0.117 0.000 1.516 0.103 0.000 0.649 0.000 3.749 0.000 1.660 2.530 0.000 0.063 0.243 0.000 0.078 1.366 0.000 
0 test2fip_consistent right_hidden
0.000 0.000 0.454 0.795 0.244 0.223 1.502 0.354 1.118 1.291 0.000 1.921 0.180 0.293 0.000 1.536 0.677 1.159 0.000 0.087 
---
1 test2fip_inconsistent left_hidden
0.000 0.000 0.117 0.000 1.516 0.103 0.000 0.649 0.000 3.749 0.000 1.660 2.530 0.000 0.063 0.243 0.000 0.078 1.366 0.000 
1 test2fip_inconsistent right_hidden
0.000 0.000 1.137 0.400 1.284 0.250 1.074 1.511 1.147 2.195 0.000 3.311 1.875 0.455 0.000 1.277 0.332 1.195 0.000 1.868 
---
0 test2fip_consistent left_hidden
0.000 0.000 0.586 1.634 0.000 1.704 0.385 1.343 1.527 0.000 0.000 0.032 0.000 0.443 1.575 0.000 1.753 2.813 0.454 1.594 
0 test2fip_consistent right_hidden
0.000 0.007 0.000 0.165 2.369 1.160 0.000 0.205 1.208 0.000 0.164 0.541 0.000 0.000 0.000 0.000 0.167 2.800 0.029 0.172 
---
1 test2fip_inconsistent left_hidden
0.000 0.000 0.586 1.634 0.000 1.704 0.385 1.343 1.527 0.000 0.000 0.032 0.000 0.443 1.575 0.000 1.753 2.813 0.454 1.594 
1 test2fip_inconsistent right_hidden
0.000 0.000 0.000 1.264 1.526 2.708 0.000 1.225 1.307 0.000 0.000 0.584 0.000 0.168 1.191 0.000 1.123 4.056 0.964 1.496 
---
0 test2fip_consistent left_hidden
0.000 0.000 0.000 1.260 3.444 1.829 0.000 0.343 0.000 2.790 0.623 1.211 0.000 0.000 0.000 0.000 0.100 1.343 0.000 0.000 
0 test2fip_consistent right_hidden
0.001 0.001 1.640 0.388 0.089 0.000 2.409 0.741 0.489 2.619 1.654 0.529 0.000 0.000 0.000 0.047 1.657 0.275 0.000 0.021 
---
1 test2fip_inconsistent left_hidden
0.000 0.000 0.000 1.260 3.444 1.829 0.000 0.343 0.000 2.790 0.623 1.211 0.000 0.000 0.000 0.000 0.100 1.343 0.000 0.000 
1 test2fip_inconsistent right_hidden
0.024 0.000 1.166 0.278 2.195 0.000 2.438 1.421 0.314 3.158 3.355 1.795 0.000 0.000 0.000 1.361 0.669 0.703 0.000 0.063 
---
0 test2fip_consistent left_hidden
0.033 1.424 0.000 0.944 1.504 1.221 1.011 0.000 0.000 0.406 0.791 1.405 0.117 0.392 0.000 3.447 0.441 0.356 0.000 0.812 
0 test2fip_consistent right_hidden
0.201 0.125 0.000 0.736 2.029 0.368 0.787 0.013 0.000 2.145 0.000 0.980 0.852 0.000 0.000 0.217 0.021 0.046 0.000 2.276 
---
1 test2fip_inconsistent left_hidden
0.033 1.424 0.000 0.944 1.504 1.221 1.011 0.000 0.000 0.406 0.791 1.405 0.117 0.392 0.000 3.447 0.441 0.356 0.000 0.812 
1 test2fip_inconsistent right_hidden
0.000 1.667 0.000 1.129 3.282 1.237 0.423 0.000 0.000 1.861 0.000 1.535 0.702 0.000 0.000 2.277 0.000 0.594 0.000 2.135 
---
0 test2fip_consistent left_hidden
0.000 0.930 0.467 0.000 0.000 0.000 0.000 0.000 0.000 0.000 0.000 0.000 3.684 3.494 0.000 0.000 0.000 0.000 0.000 0.000 
0 test2fip_consistent right_hidden
2.865 0.287 0.263 0.000 0.000 0.460 2.358 0.000 1.446 0.033 0.000 0.000 0.797 1.564 0.090 0.000 0.000 0.467 0.000 0.000 
---
1 test2fip_inconsistent left_hidden
0.000 0.930 0.467 0.000 0.000 0.000 0.000 0.000 0.000 0.000 0.000 0.000 3.684 3.494 0.000 0.000 0.000 0.000 0.000 0.000 
1 test2fip_inconsistent right_hidden
2.497 0.262 0.000 0.000 0.000 0.729 1.545 0.000 1.000 0.000 0.103 0.000 2.646 4.554 0.000 0.000 0.000 0.818 0.000 0.000 
---
0 test2fip_consistent left_hidden
2.623 1.272 0.772 1.289 0.243 0.016 2.532 0.479 0.000 0.147 0.000 0.000 2.181 1.467 0.249 1.074 0.000 0.000 1.603 0.264 
0 test2fip_consistent right_hidden
0.764 0.535 0.000 0.139 1.072 0.012 0.889 1.547 0.000 1.129 0.000 1.306 1.281 0.156 0.000 0.080 0.000 1.971 1.220 0.046 
---
1 test2fip_inconsistent left_hidden
2.623 1.272 0.772 1.289 0.243 0.016 2.532 0.479 0.000 0.147 0.000 0.000 2.181 1.467 0.249 1.074 0.000 0.000 1.603 0.264 
1 test2fip_inconsistent right_hidden
1.551 0.694 0.000 1.524 0.744 0.000 2.556 0.990 0.000 1.018 0.000 1.103 2.429 2.235 0.160 1.231 0.000 2.213 2.087 0.000 
---
0 test2fip_consistent left_hidden
0.000 0.253 0.000 1.189 0.000 0.204 0.000 4.209 0.647 0.000 0.701 0.885 1.458 0.245 0.129 1.256 1.177 0.000 0.131 0.000 
0 test2fip_consistent right_hidden
0.025 0.571 0.000 1.366 0.467 0.664 0.000 0.340 2.205 0.759 0.000 0.242 1.268 0.089 1.313 0.000 0.051 0.000 1.330 0.065 
---
1 test2fip_inconsistent left_hidden
0.000 0.253 0.000 1.189 0.000 0.204 0.000 4.209 0.647 0.000 0.701 0.885 1.458 0.245 0.129 1.256 1.177 0.000 0.131 0.000 
1 test2fip_inconsistent right_hidden
0.016 0.978 0.048 3.039 0.354 1.214 0.000 2.718 2.113 0.271 0.000 1.044 2.001 0.189 1.474 0.023 0.605 0.000 0.967 0.000 
---
0 test2fip_consistent left_hidden
1.647 0.000 0.000 0.000 0.000 3.987 0.125 0.000 0.106 0.376 0.000 0.332 0.000 0.925 1.962 0.253 0.090 0.639 0.445 1.553 
0 test2fip_consistent right_hidden
0.000 0.000 0.000 0.000 0.000 1.656 0.000 0.000 0.000 0.000 0.000 0.110 0.023 1.859 0.053 0.064 1.497 0.000 0.000 2.786 
---
1 test2fip_inconsistent left_hidden
1.647 0.000 0.000 0.000 0.000 3.987 0.125 0.000 0.106 0.376 0.000 0.332 0.000 0.925 1.962 0.253 0.090 0.639 0.445 1.553 
1 test2fip_inconsistent right_hidden
1.304 0.000 0.000 0.000 0.000 3.747 0.000 0.000 0.000 1.887 0.000 0.018 0.000 1.945 0.256 0.000 0.780 1.622 0.000 2.599 
---
0 test2fip_consistent left_hidden
0.358 0.641 1.894 0.000 0.232 0.834 0.035 0.299 0.925 0.000 0.000 2.482 3.349 0.016 0.000 0.000 1.654 0.361 0.000 1.234 
0 test2fip_consistent right_hidden
0.024 0.000 0.527 0.006 0.073 1.228 2.620 0.296 0.171 0.000 0.000 0.235 2.195 1.671 0.030 0.000 2.016 0.971 0.000 0.190 
---
1 test2fip_inconsistent left_hidden
0.358 0.641 1.894 0.000 0.232 0.834 0.035 0.299 0.925 0.000 0.000 2.482 3.349 0.016 0.000 0.000 1.654 0.361 0.000 1.234 
1 test2fip_inconsistent right_hidden
0.000 0.000 0.945 0.000 0.000 0.485 1.772 1.231 1.998 0.000 0.000 2.474 3.620 1.664 0.000 0.000 2.438 0.610 0.000 1.441 
---
0 test2fip_consistent left_hidden
0.118 1.873 0.000 0.473 1.175 0.339 0.725 1.226 0.517 2.233 0.123 0.114 1.951 0.111 0.000 0.000 0.481 2.920 0.000 0.927 
0 test2fip_consistent right_hidden
0.529 1.266 0.226 0.064 0.051 0.464 0.498 0.584 0.569 0.436 1.882 1.544 0.556 0.000 2.196 0.000 0.000 1.427 0.000 0.078 
---
1 test2fip_inconsistent left_hidden
0.118 1.873 0.000 0.473 1.175 0.339 0.725 1.226 0.517 2.233 0.123 0.114 1.951 0.111 0.000 0.000 0.481 2.920 0.000 0.927 
1 test2fip_inconsistent right_hidden
0.357 2.130 0.994 0.000 0.800 0.217 0.075 1.318 0.984 1.826 1.598 1.378 2.469 0.000 1.710 0.000 0.302 2.995 0.000 0.816 
---
0 test2fip_consistent left_hidden
0.000 0.124 0.028 0.000 1.797 0.468 0.709 0.000 0.618 0.527 2.283 0.000 2.591 1.607 2.644 0.000 0.000 0.767 1.048 0.331 
0 test2fip_consistent right_hidden
0.822 0.064 0.000 0.000 0.420 0.000 0.000 0.000 1.418 1.510 1.857 0.000 0.240 0.237 0.672 0.000 1.259 0.601 0.530 2.451 
---
1 test2fip_inconsistent left_hidden
0.000 0.124 0.028 0.000 1.797 0.468 0.709 0.000 0.618 0.527 2.283 0.000 2.591 1.607 2.644 0.000 0.000 0.767 1.048 0.331 
1 test2fip_inconsistent right_hidden
0.182 0.000 0.000 0.000 1.797 0.000 0.133 0.000 2.394 1.373 2.172 0.000 1.810 2.338 2.005 0.000 1.136 1.461 0.568 2.262 
---
0 test2fip_consistent left_hidden
0.000 0.606 0.256 0.000 0.572 0.768 1.954 0.000 3.008 2.961 0.692 0.000 0.053 0.000 0.000 0.000 1.252 0.619 1.025 0.000 
0 test2fip_consistent right_hidden
0.000 1.581 0.494 0.920 2.531 1.624 1.449 0.000 0.389 0.152 0.000 0.000 0.072 0.000 0.000 0.000 1.143 0.564 1.568 0.000 
---
1 test2fip_inconsistent left_hidden
0.000 0.606 0.256 0.000 0.572 0.768 1.954 0.000 3.008 2.961 0.692 0.000 0.053 0.000 0.000 0.000 1.252 0.619 1.025 0.000 
1 test2fip_inconsistent right_hidden
0.000 1.822 0.383 0.347 2.422 1.127 3.590 0.000 2.668 2.126 0.000 0.000 0.000 0.000 0.000 0.000 0.914 0.292 2.318 0.000 
---
0 test2fip_consistent left_hidden
0.000 0.056 0.023 0.000 0.000 1.161 0.000 0.400 0.000 0.000 1.916 0.000 0.000 3.264 0.514 0.277 0.032 3.232 0.000 0.864 
0 test2fip_consistent right_hidden
0.874 0.047 0.077 0.000 1.275 1.454 0.000 0.127 0.696 0.000 0.402 2.218 0.000 0.334 1.632 0.011 0.084 0.629 0.000 1.522 
---
1 test2fip_inconsistent left_hidden
0.000 0.056 0.023 0.000 0.000 1.161 0.000 0.400 0.000 0.000 1.916 0.000 0.000 3.264 0.514 0.277 0.032 3.232 0.000 0.864 
1 test2fip_inconsistent right_hidden
0.970 0.216 0.000 0.000 0.795 1.250 0.104 0.420 0.888 0.000 0.224 1.968 0.000 2.677 3.132 0.495 0.109 2.694 0.000 1.366 
---
0 test2fip_consistent left_hidden
0.348 0.003 1.448 0.000 1.975 0.848 0.848 0.000 2.878 0.030 0.000 0.229 0.605 0.534 0.310 0.612 0.000 0.000 1.844 2.132 
0 test2fip_consistent right_hidden
0.213 2.712 0.669 0.000 0.274 0.000 2.034 0.377 0.119 0.763 0.000 1.151 0.573 1.018 0.005 0.233 0.046 0.000 0.073 1.117 
---
1 test2fip_inconsistent left_hidden
0.348 0.003 1.448 0.000 1.975 0.848 0.848 0.000 2.878 0.030 0.000 0.229 0.605 0.534 0.310 0.612 0.000 0.000 1.844 2.132 
1 test2fip_inconsistent right_hidden
0.799 2.697 0.687 0.000 1.565 0.156 2.193 0.132 2.170 0.162 0.000 1.335 0.964 1.058 0.219 0.037 0.000 0.000 1.961 2.877 
---
0 test2fip_consistent left_hidden
0.482 0.034 0.000 0.679 1.405 1.336 0.236 0.987 0.596 0.783 2.573 3.243 0.109 0.000 0.000 0.000 0.308 0.000 0.080 0.000 
0 test2fip_consistent right_hidden
2.133 0.499 0.637 0.047 0.402 0.164 0.000 0.909 0.727 0.923 0.859 0.582 0.879 0.000 0.000 0.507 1.717 0.000 1.304 0.259 
---
1 test2fip_inconsistent left_hidden
0.482 0.034 0.000 0.679 1.405 1.336 0.236 0.987 0.596 0.783 2.573 3.243 0.109 0.000 0.000 0.000 0.308 0.000 0.080 0.000 
1 test2fip_inconsistent right_hidden
2.482 0.000 0.357 0.383 2.742 1.142 0.000 0.541 1.464 0.848 2.271 2.364 0.518 0.000 0.000 0.258 1.906 0.000 0.930 0.368 
---
0 test2fip_consistent left_hidden
0.000 0.023 0.000 0.000 0.000 0.000 1.157 0.000 1.097 0.000 0.000 0.764 2.770 0.000 0.000 0.000 0.441 3.032 2.368 0.820 
0 test2fip_consistent right_hidden
0.000 0.000 1.619 0.000 0.000 0.000 1.375 0.000 0.046 0.068 0.000 0.116 1.720 0.452 0.000 0.000 0.554 0.970 0.718 2.728 
---
1 test2fip_inconsistent left_hidden
0.000 0.023 0.000 0.000 0.000 0.000 1.157 0.000 1.097 0.000 0.000 0.764 2.770 0.000 0.000 0.000 0.441 3.032 2.368 0.820 
1 test2fip_inconsistent right_hidden
0.000 0.000 1.104 0.000 0.000 0.000 1.094 0.000 1.065 0.000 0.000 1.207 3.298 0.517 0.000 0.000 0.750 2.955 2.173 2.141 
---
0 test2fip_consistent left_hidden
0.666 2.270 0.396 0.468 0.749 0.000 1.861 0.143 0.000 0.000 1.088 0.723 0.857 0.000 0.486 3.426 0.000 0.000 0.000 0.000 
0 test2fip_consistent right_hidden
3.297 0.247 0.353 0.149 1.011 0.000 0.044 0.370 0.000 0.620 1.311 0.467 0.424 0.000 0.546 0.887 0.000 0.000 0.000 0.282 
---
1 test2fip_inconsistent left_hidden
0.666 2.270 0.396 0.468 0.749 0.000 1.861 0.143 0.000 0.000 1.088 0.723 0.857 0.000 0.486 3.426 0.000 0.000 0.000 0.000 
1 test2fip_inconsistent right_hidden
2.959 2.101 0.572 0.038 2.887 0.000 0.769 0.257 0.000 0.132 1.185 1.497 0.813 0.000 1.056 2.443 0.000 0.000 0.000 0.000 
---
0 test2fip_consistent left_hidden
1.790 2.448 0.039 0.517 1.507 0.000 0.273 0.000 0.000 0.000 0.858 2.464 0.000 0.000 0.946 0.088 2.715 0.000 0.828 0.000 
0 test2fip_consistent right_hidden
0.968 0.954 1.148 0.970 0.000 0.000 3.040 0.366 0.000 0.026 0.010 0.197 0.675 0.632 0.067 0.000 0.970 0.000 0.104 0.000 
---
1 test2fip_inconsistent left_hidden
1.790 2.448 0.039 0.517 1.507 0.000 0.273 0.000 0.000 0.000 0.858 2.464 0.000 0.000 0.946 0.088 2.715 0.000 0.828 0.000 
1 test2fip_inconsistent right_hidden
2.425 2.817 0.659 2.163 1.568 0.000 3.034 0.026 0.000 0.459 0.420 1.688 0.242 0.446 0.383 0.000 1.347 0.000 0.918 0.000 
---
0 test2fip_consistent left_hidden
0.000 0.000 0.000 1.622 3.118 0.011 0.145 0.036 2.701 0.000 0.000 1.835 0.000 1.039 0.317 1.026 1.437 0.514 0.000 0.000 
0 test2fip_consistent right_hidden
0.000 0.000 0.000 1.740 0.182 1.832 0.815 2.152 0.125 0.000 0.000 0.920 0.000 1.683 0.000 0.130 0.232 0.574 0.318 0.000 
---
1 test2fip_inconsistent left_hidden
0.000 0.000 0.000 1.622 3.118 0.011 0.145 0.036 2.701 0.000 0.000 1.835 0.000 1.039 0.317 1.026 1.437 0.514 0.000 0.000 
1 test2fip_inconsistent right_hidden
0.000 0.000 0.000 1.602 2.205 1.811 1.591 1.737 1.787 0.000 0.000 1.858 0.000 3.221 0.000 1.040 0.953 1.447 0.079 0.000 
---
0 test2fip_consistent left_hidden
0.247 0.475 1.470 0.878 2.400 0.000 0.000 0.000 3.242 0.112 0.000 1.009 0.546 0.014 0.623 0.199 1.295 0.000 0.000 0.000 
0 test2fip_consistent right_hidden
1.408 0.299 0.957 0.478 0.362 0.000 0.784 0.047 0.847 1.953 0.000 0.245 1.472 0.189 1.429 0.758 0.000 0.000 0.000 0.000 
---
1 test2fip_inconsistent left_hidden
0.247 0.475 1.470 0.878 2.400 0.000 0.000 0.000 3.242 0.112 0.000 1.009 0.546 0.014 0.623 0.199 1.295 0.000 0.000 0.000 
1 test2fip_inconsistent right_hidden
1.380 0.256 1.657 1.143 2.682 0.000 0.754 0.000 3.034 1.546 0.000 1.311 1.736 0.031 1.250 0.636 0.023 0.000 0.019 0.000 
---
0 test2fip_consistent left_hidden
1.330 0.000 0.000 2.604 1.716 0.000 0.000 0.520 2.289 0.173 0.381 0.000 0.000 0.937 1.055 2.265 0.645 0.000 1.788 0.000 
0 test2fip_consistent right_hidden
0.245 0.000 0.928 2.496 0.000 0.000 0.466 0.096 0.000 0.979 0.000 0.544 0.000 0.098 0.000 1.161 2.697 0.000 0.123 0.000 
---
1 test2fip_inconsistent left_hidden
1.330 0.000 0.000 2.604 1.716 0.000 0.000 0.520 2.289 0.173 0.381 0.000 0.000 0.937 1.055 2.265 0.645 0.000 1.788 0.000 
1 test2fip_inconsistent right_hidden
1.809 0.000 0.709 3.990 1.511 0.000 0.206 0.214 1.941 0.634 0.000 0.598 0.000 0.028 0.754 2.192 2.204 0.000 1.089 0.000 
---
0 test2fip_consistent left_hidden
0.000 0.000 0.000 0.240 0.025 0.000 0.000 0.591 0.000 0.879 1.170 0.880 0.000 1.599 0.440 0.310 3.304 0.000 0.816 2.560 
0 test2fip_consistent right_hidden
1.490 0.319 0.000 0.091 0.020 0.079 0.000 0.000 0.764 2.201 0.712 1.649 0.179 1.373 0.000 0.000 1.576 0.390 0.067 0.150 
---
1 test2fip_inconsistent left_hidden
0.000 0.000 0.000 0.240 0.025 0.000 0.000 0.591 0.000 0.879 1.170 0.880 0.000 1.599 0.440 0.310 3.304 0.000 0.816 2.560 
1 test2fip_inconsistent right_hidden
0.705 0.000 0.000 0.820 0.000 0.000 0.000 0.000 0.376 2.497 1.483 1.543 0.058 1.620 0.000 0.000 3.747 0.000 0.674 2.608 
---
0 test2fip_consistent left_hidden
3.473 0.000 0.000 0.349 0.965 1.483 0.389 0.000 0.477 1.475 1.097 0.000 0.000 0.000 0.000 0.000 0.744 1.226 2.576 0.505 
0 test2fip_consistent right_hidden
0.251 1.194 1.549 0.669 0.153 0.000 0.000 0.000 1.716 2.782 0.523 0.300 0.121 0.000 0.034 0.000 0.170 1.303 0.044 0.255 
---
1 test2fip_inconsistent left_hidden
3.473 0.000 0.000 0.349 0.965 1.483 0.389 0.000 0.477 1.475 1.097 0.000 0.000 0.000 0.000 0.000 0.744 1.226 2.576 0.505 
1 test2fip_inconsistent right_hidden
2.845 1.113 1.382 0.507 0.918 0.000 0.106 0.000 2.317 2.800 1.451 0.505 0.000 0.000 0.000 0.000 0.000 1.207 1.898 0.798 
---
0 test2fip_consistent left_hidden
1.941 2.565 0.306 0.000 0.000 0.000 0.488 0.000 2.501 0.363 0.000 1.474 0.000 0.000 0.568 1.047 0.000 1.007 2.056 0.227 
0 test2fip_consistent right_hidden
0.849 0.211 1.419 0.023 0.000 0.000 0.000 2.936 0.786 0.175 0.885 0.627 0.000 1.316 0.194 0.336 0.000 0.489 1.117 0.587 
---
1 test2fip_inconsistent left_hidden
1.941 2.565 0.306 0.000 0.000 0.000 0.488 0.000 2.501 0.363 0.000 1.474 0.000 0.000 0.568 1.047 0.000 1.007 2.056 0.227 
1 test2fip_inconsistent right_hidden
2.376 1.554 0.725 0.000 0.000 0.000 0.050 2.399 2.528 0.000 0.862 1.663 0.000 0.783 0.231 0.979 0.000 2.176 2.278 1.166 
---
0 test2fip_consistent left_hidden
1.536 1.080 0.000 0.381 0.171 1.027 0.000 0.271 3.500 0.000 0.281 0.000 0.000 2.658 0.488 0.467 0.000 1.249 1.023 0.000 
0 test2fip_consistent right_hidden
0.137 0.130 0.681 1.651 0.976 0.000 0.000 0.048 1.237 0.122 2.574 0.000 0.005 0.203 1.931 0.000 0.603 1.475 0.296 0.000 
---
1 test2fip_inconsistent left_hidden
1.536 1.080 0.000 0.381 0.171 1.027 0.000 0.271 3.500 0.000 0.281 0.000 0.000 2.658 0.488 0.467 0.000 1.249 1.023 0.000 
1 test2fip_inconsistent right_hidden
1.398 2.145 0.403 1.264 2.214 0.000 0.000 0.137 2.570 0.000 1.779 0.000 0.000 1.468 2.084 0.000 0.357 2.176 1.521 0.000 
---
0 test2fip_consistent left_hidden
1.794 0.000 0.000 0.000 0.000 1.539 0.000 0.000 1.273 0.000 0.000 1.161 1.830 2.907 1.887 0.000 0.000 0.000 0.178 1.372 
0 test2fip_consistent right_hidden
0.000 0.000 0.000 0.000 0.000 0.055 0.000 0.791 0.360 0.000 0.000 0.584 0.033 0.016 2.634 0.004 0.000 0.000 2.469 1.591 
---
1 test2fip_inconsistent left_hidden
1.794 0.000 0.000 0.000 0.000 1.539 0.000 0.000 1.273 0.000 0.000 1.161 1.830 2.907 1.887 0.000 0.000 0.000 0.178 1.372 
1 test2fip_inconsistent right_hidden
1.121 0.000 0.000 0.000 0.000 1.351 0.000 0.270 1.446 0.158 0.000 0.603 1.836 1.860 3.997 0.000 0.000 0.000 2.441 2.559 
---
0 test2fip_consistent left_hidden
0.000 0.000 1.061 0.238 1.460 1.836 0.000 0.000 0.000 0.174 0.066 0.000 0.692 1.061 3.817 0.000 0.000 0.381 2.139 0.000 
0 test2fip_consistent right_hidden
0.768 0.180 0.097 0.553 0.587 0.871 0.000 0.000 0.000 0.081 1.364 1.573 0.000 2.155 0.300 0.000 0.695 1.692 0.391 0.006 
---
1 test2fip_inconsistent left_hidden
0.000 0.000 1.061 0.238 1.460 1.836 0.000 0.000 0.000 0.174 0.066 0.000 0.692 1.061 3.817 0.000 0.000 0.381 2.139 0.000 
1 test2fip_inconsistent right_hidden
0.206 2.371 0.639 0.495 1.512 1.942 0.000 0.000 0.000 0.000 1.110 1.206 0.000 2.536 2.061 0.000 0.637 1.795 1.495 0.000 
---
0 test2fip_consistent left_hidden
0.000 2.089 0.000 0.237 0.000 0.000 0.000 2.672 0.938 0.214 0.000 0.099 1.247 2.445 0.000 1.078 1.326 0.717 0.000 0.311 
0 test2fip_consistent right_hidden
0.000 0.649 1.643 0.000 0.118 1.236 1.008 0.395 0.291 1.071 0.000 0.832 0.042 0.715 0.569 0.000 0.557 2.426 0.000 0.232 
---
1 test2fip_inconsistent left_hidden
0.000 2.089 0.000 0.237 0.000 0.000 0.000 2.672 0.938 0.214 0.000 0.099 1.247 2.445 0.000 1.078 1.326 0.717 0.000 0.311 
1 test2fip_inconsistent right_hidden
0.000 1.328 1.080 1.168 0.913 0.557 1.216 2.348 0.006 0.767 0.000 0.374 1.378 2.350 0.472 0.429 1.522 3.243 0.000 0.348 
---
0 test2fip_consistent left_hidden
2.756 1.195 0.161 0.000 0.000 0.000 0.000 0.186 0.000 1.590 0.424 0.000 2.720 1.070 0.000 0.209 2.028 0.000 0.000 0.991 
0 test2fip_consistent right_hidden
1.761 0.199 1.852 0.000 0.000 0.000 0.706 1.397 1.998 0.341 0.409 0.000 0.120 0.461 0.000 0.096 1.326 0.000 0.000 0.447 
---
1 test2fip_inconsistent left_hidden
2.756 1.195 0.161 0.000 0.000 0.000 0.000 0.186 0.000 1.590 0.424 0.000 2.720 1.070 0.000 0.209 2.028 0.000 0.000 0.991 
1 test2fip_inconsistent right_hidden
3.508 0.966 1.208 0.000 0.000 0.000 0.750 0.843 1.361 1.616 0.703 0.000 2.256 0.364 0.000 0.000 2.650 0.000 0.000 0.232 
---
0 test2fip_consistent left_hidden
0.000 0.000 0.581 1.283 0.000 1.459 2.024 0.000 0.000 0.118 0.214 2.574 0.000 2.583 0.593 0.000 0.000 0.683 1.523 0.770 
0 test2fip_consistent right_hidden
0.000 0.000 0.750 0.113 1.496 0.000 0.326 0.065 0.000 0.309 0.502 0.573 0.000 2.224 0.133 0.000 1.983 0.101 1.426 1.498 
---
1 test2fip_inconsistent left_hidden
0.000 0.000 0.581 1.283 0.000 1.459 2.024 0.000 0.000 0.118 0.214 2.574 0.000 2.583 0.593 0.000 0.000 0.683 1.523 0.770 
1 test2fip_inconsistent right_hidden
0.000 0.000 0.689 1.387 1.312 1.590 1.828 0.000 0.000 0.448 0.521 1.894 0.000 3.079 0.634 0.000 1.555 0.000 1.970 2.277 
---
0 test2fip_consistent left_hidden
0.000 0.000 0.000 0.000 1.874 0.701 0.000 0.187 0.201 2.583 0.000 1.749 3.021 1.648 0.312 0.000 0.938 0.000 0.000 0.174 
0 test2fip_consistent right_hidden
0.321 2.012 0.000 0.000 1.579 0.817 0.000 0.198 0.208 0.206 0.000 0.239 0.300 0.033 1.982 0.106 2.302 0.000 0.000 0.051 
---
1 test2fip_inconsistent left_hidden
0.000 0.000 0.000 0.000 1.874 0.701 0.000 0.187 0.201 2.583 0.000 1.749 3.021 1.648 0.312 0.000 0.938 0.000 0.000 0.174 
1 test2fip_inconsistent right_hidden
0.151 1.718 0.000 0.000 2.916 1.044 0.000 0.000 0.000 1.642 0.000 1.299 2.681 0.866 2.149 0.000 2.544 0.000 0.000 0.000 
---
0 test2fip_consistent left_hidden
0.961 0.000 0.503 0.718 2.411 0.000 1.959 0.000 0.000 0.113 0.445 0.167 0.000 0.786 0.412 2.442 0.034 2.265 0.204 0.000 
0 test2fip_consistent right_hidden
0.445 0.000 1.068 1.059 0.325 0.238 0.950 0.000 0.000 1.121 1.605 0.390 1.372 1.308 1.173 0.418 1.468 0.391 0.623 0.085 
---
1 test2fip_inconsistent left_hidden
0.961 0.000 0.503 0.718 2.411 0.000 1.959 0.000 0.000 0.113 0.445 0.167 0.000 0.786 0.412 2.442 0.034 2.265 0.204 0.000 
1 test2fip_inconsistent right_hidden
1.156 0.000 1.829 0.632 2.553 0.029 1.424 0.000 0.000 1.530 1.221 0.275 0.976 1.125 1.347 2.145 1.614 2.153 0.537 0.216 
---
0 test2fip_consistent left_hidden
0.000 1.170 1.757 1.145 1.241 1.379 2.886 0.446 1.750 0.140 0.326 0.973 1.422 0.253 0.000 0.000 0.892 0.000 0.000 0.000 
0 test2fip_consistent right_hidden
0.000 0.639 0.475 0.518 1.191 0.145 0.851 0.671 0.150 1.675 0.566 0.431 0.000 0.028 2.860 0.000 0.035 1.547 0.068 0.000 
---
1 test2fip_inconsistent left_hidden
0.000 1.170 1.757 1.145 1.241 1.379 2.886 0.446 1.750 0.140 0.326 0.973 1.422 0.253 0.000 0.000 0.892 0.000 0.000 0.000 
1 test2fip_inconsistent right_hidden
0.000 2.135 1.824 0.674 1.949 0.472 2.900 0.664 0.952 1.369 1.192 1.084 0.904 0.132 2.339 0.000 0.448 1.455 0.000 0.000 
---
0 test2fip_consistent left_hidden
2.242 0.000 0.000 0.000 0.000 0.920 0.000 0.000 1.522 0.879 0.000 0.611 2.510 0.000 1.543 0.826 0.000 0.327 2.301 0.253 
0 test2fip_consistent right_hidden
0.819 0.000 0.524 0.000 0.000 2.262 0.000 1.871 0.433 0.766 0.210 0.413 0.259 0.532 0.034 0.715 0.000 0.832 0.594 2.018 
---
1 test2fip_inconsistent left_hidden
2.242 0.000 0.000 0.000 0.000 0.920 0.000 0.000 1.522 0.879 0.000 0.611 2.510 0.000 1.543 0.826 0.000 0.327 2.301 0.253 
1 test2fip_inconsistent right_hidden
2.493 0.000 0.702 0.000 0.000 3.007 0.000 1.144 2.475 0.649 0.246 0.840 1.213 0.101 0.804 0.909 0.000 0.164 2.396 1.427 
---
0 test2fip_consistent left_hidden
0.843 0.529 0.000 0.100 1.378 0.027 1.773 0.864 0.000 3.117 0.052 0.650 0.655 2.177 0.494 0.534 0.509 0.988 1.260 0.000 
0 test2fip_consistent right_hidden
0.730 0.026 0.000 0.689 0.257 0.027 0.201 0.224 0.000 1.548 1.133 1.751 2.115 0.229 0.000 0.817 0.348 1.919 0.121 0.000 
---
1 test2fip_inconsistent left_hidden
0.843 0.529 0.000 0.100 1.378 0.027 1.773 0.864 0.000 3.117 0.052 0.650 0.655 2.177 0.494 0.534 0.509 0.988 1.260 0.000 
1 test2fip_inconsistent right_hidden
1.238 0.000 0.000 0.502 0.876 0.000 1.667 1.059 0.000 3.842 1.092 1.632 1.818 1.620 0.000 0.590 0.269 1.672 1.204 0.000 
---
0 test2fip_consistent left_hidden
0.000 0.000 0.896 0.000 0.000 0.000 1.005 4.922 0.000 0.455 1.615 0.000 0.000 0.100 0.073 0.000 0.000 0.000 0.000 0.000 
0 test2fip_consistent right_hidden
0.000 0.223 0.785 0.000 0.000 1.816 0.338 1.530 0.000 0.126 0.732 0.000 1.946 0.172 1.422 0.000 1.492 1.800 0.000 0.000 
---
1 test2fip_inconsistent left_hidden
0.000 0.000 0.896 0.000 0.000 0.000 1.005 4.922 0.000 0.455 1.615 0.000 0.000 0.100 0.073 0.000 0.000 0.000 0.000 0.000 
1 test2fip_inconsistent right_hidden
0.000 0.000 1.273 0.000 0.000 1.602 1.674 5.118 0.000 0.139 0.664 0.000 1.235 0.251 1.374 0.000 0.716 1.304 0.000 0.000 
---
0 test2fip_consistent left_hidden
0.000 1.899 1.437 3.059 0.000 1.190 0.000 0.233 0.292 0.174 0.000 2.591 0.045 0.000 0.000 0.000 0.626 0.000 0.650 0.000 
0 test2fip_consistent right_hidden
0.840 0.141 0.917 1.963 0.603 0.132 0.006 0.505 1.864 0.162 0.000 0.010 0.323 0.000 0.305 2.714 0.079 0.002 0.155 0.000 
---
1 test2fip_inconsistent left_hidden
0.000 1.899 1.437 3.059 0.000 1.190 0.000 0.233 0.292 0.174 0.000 2.591 0.045 0.000 0.000 0.000 0.626 0.000 0.650 0.000 
1 test2fip_inconsistent right_hidden
0.890 1.002 2.967 3.999 0.529 0.212 0.000 0.367 1.336 0.390 0.000 1.360 0.149 0.000 0.494 2.029 0.065 0.000 0.512 0.000 
---
0 test2fip_consistent left_hidden
0.154 0.244 0.159 0.486 2.618 0.656 1.382 0.381 0.000 1.293 0.000 2.430 0.991 0.000 2.096 0.055 0.000 0.646 1.522 0.821 
0 test2fip_consistent right_hidden
1.337 1.494 0.055 0.050 0.929 0.000 0.000 0.000 0.000 0.178 0.000 0.211 0.000 0.000 1.921 0.000 0.006 0.000 2.390 0.006 
---
1 test2fip_inconsistent left_hidden
0.154 0.244 0.159 0.486 2.618 0.656 1.382 0.381 0.000 1.293 0.000 2.430 0.991 0.000 2.096 0.055 0.000 0.646 1.522 0.821 
1 test2fip_inconsistent right_hidden
0.898 0.878 0.346 0.514 2.274 0.000 0.248 0.000 0.000 1.629 0.165 1.421 0.000 0.000 3.899 0.000 0.000 0.000 2.081 0.000 
---
0 test2fip_consistent left_hidden
0.120 0.000 2.478 3.562 0.000 0.000 0.000 0.000 0.000 0.000 0.000 0.046 0.043 3.083 0.000 0.000 0.000 0.614 0.000 0.000 
0 test2fip_consistent right_hidden
0.304 0.000 0.262 1.049 0.000 0.000 0.053 3.110 1.481 0.000 0.003 0.000 0.000 0.372 0.110 0.000 0.000 1.966 0.000 0.000 
---
1 test2fip_inconsistent left_hidden
0.120 0.000 2.478 3.562 0.000 0.000 0.000 0.000 0.000 0.000 0.000 0.046 0.043 3.083 0.000 0.000 0.000 0.614 0.000 0.000 
1 test2fip_inconsistent right_hidden
1.631 0.000 1.785 3.185 0.000 0.000 0.000 3.530 1.823 0.000 0.000 0.000 0.000 2.210 0.242 0.002 0.000 1.883 0.000 0.000 
---
0 test2fip_consistent left_hidden
1.169 0.249 0.548 0.070 0.000 0.023 0.096 3.003 0.202 0.000 0.000 0.456 0.000 1.280 0.000 2.751 0.000 0.000 2.317 1.023 
0 test2fip_consistent right_hidden
0.253 0.228 0.559 1.945 0.000 0.000 2.418 0.968 0.129 0.289 0.000 0.131 0.349 0.000 0.000 1.526 0.000 0.310 0.600 0.831 
---
1 test2fip_inconsistent left_hidden
1.169 0.249 0.548 0.070 0.000 0.023 0.096 3.003 0.202 0.000 0.000 0.456 0.000 1.280 0.000 2.751 0.000 0.000 2.317 1.023 
1 test2fip_inconsistent right_hidden
0.796 0.122 2.015 1.546 0.000 0.000 2.130 2.711 0.710 0.295 0.000 0.903 0.000 0.000 0.000 3.322 0.000 0.000 2.202 0.537 
---
0 test2fip_consistent left_hidden
2.285 0.811 1.719 1.995 2.776 0.500 0.000 0.348 0.000 0.000 0.000 0.000 0.000 1.772 0.034 0.000 0.000 0.000 0.000 0.000 
0 test2fip_consistent right_hidden
2.446 0.209 0.037 0.315 0.171 0.139 0.000 2.741 0.000 0.182 0.057 0.000 0.000 0.480 0.000 0.000 0.000 0.918 0.055 1.090 
---
1 test2fip_inconsistent left_hidden
2.285 0.811 1.719 1.995 2.776 0.500 0.000 0.348 0.000 0.000 0.000 0.000 0.000 1.772 0.034 0.000 0.000 0.000 0.000 0.000 
1 test2fip_inconsistent right_hidden
4.509 1.194 0.457 1.123 2.557 0.055 0.000 2.663 0.000 0.077 0.000 0.000 0.000 0.673 0.000 0.000 0.000 0.612 0.000 1.003 
---
0 test2fip_consistent left_hidden
0.132 0.921 0.000 1.837 0.000 0.701 0.534 0.239 3.058 2.108 0.000 0.000 0.866 0.613 1.176 0.179 1.279 0.623 0.020 0.000 
0 test2fip_consistent right_hidden
0.510 0.000 0.000 3.275 0.000 0.277 0.546 0.028 1.489 0.167 0.306 0.000 0.000 0.057 0.125 0.774 0.585 0.677 0.684 0.000 
---
1 test2fip_inconsistent left_hidden
0.132 0.921 0.000 1.837 0.000 0.701 0.534 0.239 3.058 2.108 0.000 0.000 0.866 0.613 1.176 0.179 1.279 0.623 0.020 0.000 
1 test2fip_inconsistent right_hidden
0.134 0.565 0.000 3.297 0.000 1.166 0.399 1.040 3.459 2.013 0.012 0.000 0.005 0.614 0.151 0.472 1.447 0.879 0.440 0.000 
---
0 test2fip_consistent left_hidden
0.028 0.000 0.261 0.000 1.509 0.709 0.336 1.656 0.716 1.969 0.916 1.135 0.000 0.589 2.764 0.020 2.209 0.023 0.000 0.219 
0 test2fip_consistent right_hidden
1.240 0.000 0.000 0.013 0.036 1.880 1.043 1.744 0.025 0.189 0.000 0.000 0.801 0.000 1.445 0.763 0.342 1.648 0.000 0.000 
---
1 test2fip_inconsistent left_hidden
0.028 0.000 0.261 0.000 1.509 0.709 0.336 1.656 0.716 1.969 0.916 1.135 0.000 0.589 2.764 0.020 2.209 0.023 0.000 0.219 
1 test2fip_inconsistent right_hidden
0.570 0.000 0.000 0.000 0.956 2.147 0.665 2.145 0.000 1.843 1.083 0.089 0.580 0.193 3.264 0.717 2.330 1.374 0.000 0.000 
---
0 test2fip_consistent left_hidden
0.000 0.695 0.000 3.113 2.791 0.077 0.562 0.986 0.865 0.000 0.153 0.074 0.405 0.382 0.233 0.178 0.000 1.458 0.000 1.211 
0 test2fip_consistent right_hidden
0.191 0.175 0.062 0.516 0.742 2.077 0.374 0.008 0.093 0.133 0.000 0.065 0.386 1.940 2.227 0.416 0.000 1.490 0.000 0.575 
---
1 test2fip_inconsistent left_hidden
0.000 0.695 0.000 3.113 2.791 0.077 0.562 0.986 0.865 0.000 0.153 0.074 0.405 0.382 0.233 0.178 0.000 1.458 0.000 1.211 
1 test2fip_inconsistent right_hidden
0.146 0.288 0.000 3.065 2.632 2.148 1.847 1.203 0.013 0.000 0.000 0.000 0.299 1.895 1.495 0.322 0.000 1.556 0.000 1.690 
---
0 test2fip_consistent left_hidden
1.266 0.000 1.332 0.000 0.000 0.000 0.719 0.000 0.565 0.000 0.000 0.000 0.000 1.630 0.000 0.000 2.437 3.603 0.000 0.542 
0 test2fip_consistent right_hidden
0.043 0.000 0.843 0.000 0.000 0.000 0.000 1.797 1.260 0.000 0.247 0.000 0.000 0.004 0.000 0.036 1.308 0.639 0.000 2.703 
---
1 test2fip_inconsistent left_hidden
1.266 0.000 1.332 0.000 0.000 0.000 0.719 0.000 0.565 0.000 0.000 0.000 0.000 1.630 0.000 0.000 2.437 3.603 0.000 0.542 
1 test2fip_inconsistent right_hidden
0.000 0.035 1.272 0.000 0.000 0.000 0.263 0.946 0.920 0.012 0.000 0.000 0.035 1.802 0.000 0.000 2.034 3.672 0.000 2.680 
---
0 test2fip_consistent left_hidden
0.000 0.257 0.000 2.604 0.000 0.000 0.255 0.810 0.000 0.000 0.845 0.000 0.000 1.464 0.000 2.556 0.000 0.095 2.851 0.000 
0 test2fip_consistent right_hidden
0.000 0.144 0.000 2.050 0.000 0.392 0.835 1.196 0.000 0.000 1.086 0.000 1.060 0.052 0.000 0.259 0.711 2.401 0.210 0.003 
---
1 test2fip_inconsistent left_hidden
0.000 0.257 0.000 2.604 0.000 0.000 0.255 0.810 0.000 0.000 0.845 0.000 0.000 1.464 0.000 2.556 0.000 0.095 2.851 0.000 
1 test2fip_inconsistent right_hidden
0.000 0.601 0.000 3.673 0.000 0.266 0.470 1.759 0.000 0.000 2.231 0.000 0.959 1.361 0.000 1.537 0.040 2.336 2.254 0.000 
---
0 test2fip_consistent left_hidden
0.219 0.340 1.550 0.000 0.000 2.057 1.115 0.000 0.000 0.300 1.708 1.583 0.000 1.340 1.116 1.311 1.249 2.202 0.000 0.864 
0 test2fip_consistent right_hidden
1.865 0.295 0.042 0.000 0.000 2.819 1.495 0.000 0.000 1.138 0.433 0.092 0.000 0.049 0.000 0.102 1.337 0.010 0.000 0.397 
---
1 test2fip_inconsistent left_hidden
0.219 0.340 1.550 0.000 0.000 2.057 1.115 0.000 0.000 0.300 1.708 1.583 0.000 1.340 1.116 1.311 1.249 2.202 0.000 0.864 
1 test2fip_inconsistent right_hidden
1.718 0.014 1.587 0.000 0.000 3.660 1.475 0.000 0.000 0.924 2.059 0.793 0.000 0.828 1.152 0.738 2.443 1.075 0.000 0.491 
---
0 test2fip_consistent left_hidden
0.000 0.217 1.110 3.476 0.000 0.343 0.000 2.047 0.842 1.092 0.521 0.000 0.000 0.000 0.000 0.000 0.836 0.000 2.278 0.591 
0 test2fip_consistent right_hidden
0.195 1.622 0.000 0.364 0.000 0.759 0.000 0.210 1.257 1.024 0.018 0.000 0.000 0.142 0.000 1.639 0.000 1.745 0.956 1.864 
---
1 test2fip_inconsistent left_hidden
0.000 0.217 1.110 3.476 0.000 0.343 0.000 2.047 0.842 1.092 0.521 0.000 0.000 0.000 0.000 0.000 0.836 0.000 2.278 0.591 
1 test2fip_inconsistent right_hidden
0.000 2.087 0.000 2.722 0.000 0.436 0.000 2.334 0.916 1.121 0.000 0.000 0.000 0.000 0.000 1.993 0.000 1.397 2.675 1.255 
---
0 test2fip_consistent left_hidden
0.531 1.542 0.000 0.071 0.000 2.134 0.456 0.000 0.000 0.202 0.000 3.205 0.071 0.000 2.194 0.000 0.196 1.566 0.000 0.181 
0 test2fip_consistent right_hidden
0.600 1.086 1.780 0.066 0.000 0.693 1.418 0.000 0.000 0.530 0.000 0.945 1.572 0.000 0.073 0.000 1.616 1.504 0.558 0.006 
---
1 test2fip_inconsistent left_hidden
0.531 1.542 0.000 0.071 0.000 2.134 0.456 0.000 0.000 0.202 0.000 3.205 0.071 0.000 2.194 0.000 0.196 1.566 0.000 0.181 
1 test2fip_inconsistent right_hidden
0.577 2.762 1.513 0.000 0.000 1.294 1.066 0.000 0.000 0.536 0.000 3.112 0.641 0.000 2.272 0.000 1.417 2.443 0.041 0.000 
---
0 test2fip_consistent left_hidden
1.248 0.000 2.831 0.000 0.000 0.000 0.000 0.000 2.010 0.000 3.148 0.000 0.000 0.235 0.275 0.000 0.000 0.000 0.488 0.000 
0 test2fip_consistent right_hidden
0.135 0.000 0.055 0.000 0.000 0.000 1.592 1.512 1.674 1.479 1.272 0.000 0.000 0.052 0.025 2.388 0.000 0.000 0.000 0.000 
---
1 test2fip_inconsistent left_hidden
1.248 0.000 2.831 0.000 0.000 0.000 0.000 0.000 2.010 0.000 3.148 0.000 0.000 0.235 0.275 0.000 0.000 0.000 0.488 0.000 
1 test2fip_inconsistent right_hidden
1.348 0.000 1.825 0.000 0.000 0.000 0.984 1.272 2.281 1.290 4.140 0.000 0.000 0.000 0.000 2.159 0.000 0.000 0.000 0.000 
---
0 test2fip_consistent left_hidden
0.000 0.057 0.000 0.000 0.000 0.532 1.432 0.000 2.351 3.410 0.352 0.000 0.000 0.000 0.000 0.000 1.577 2.617 0.064 0.000 
0 test2fip_consistent right_hidden
0.000 0.000 0.000 0.593 0.000 2.312 1.112 2.011 0.140 0.520 0.000 0.000 0.000 0.000 0.000 0.000 0.571 1.211 1.976 0.063 
---
1 test2fip_inconsistent left_hidden
0.000 0.057 0.000 0.000 0.000 0.532 1.432 0.000 2.351 3.410 0.352 0.000 0.000 0.000 0.000 0.000 1.577 2.617 0.064 0.000 
1 test2fip_inconsistent right_hidden
0.000 0.000 0.000 0.545 0.000 1.952 1.998 1.725 0.928 3.179 0.199 0.000 0.000 0.000 0.000 0.000 2.912 1.454 1.869 0.046 
---
0 test2fip_consistent left_hidden
0.000 3.223 0.000 1.645 0.113 0.206 2.698 0.961 0.070 0.637 1.485 0.424 0.000 0.000 0.001 0.813 0.411 0.346 2.034 0.000 
0 test2fip_consistent right_hidden
0.000 1.955 1.819 1.613 0.000 1.651 1.035 0.000 0.000 0.111 0.231 1.110 0.016 0.000 0.578 0.390 1.178 0.056 0.080 0.000 
---
1 test2fip_inconsistent left_hidden
0.000 3.223 0.000 1.645 0.113 0.206 2.698 0.961 0.070 0.637 1.485 0.424 0.000 0.000 0.001 0.813 0.411 0.346 2.034 0.000 
1 test2fip_inconsistent right_hidden
0.000 4.343 0.608 1.747 0.000 1.243 2.502 0.000 0.307 0.000 1.614 0.608 0.000 0.000 0.451 0.658 0.764 0.170 0.410 0.000 
---
0 test2fip_consistent left_hidden
0.000 0.091 0.000 1.063 1.345 0.000 0.451 0.000 2.257 0.664 0.000 0.000 1.728 0.000 0.000 2.214 0.000 2.764 0.555 1.897 
0 test2fip_consistent right_hidden
0.897 0.000 0.143 0.938 0.000 0.000 0.000 0.000 2.718 0.830 0.000 0.000 0.131 0.000 0.000 1.200 2.565 0.096 1.198 0.258 
---
1 test2fip_inconsistent left_hidden
0.000 0.091 0.000 1.063 1.345 0.000 0.451 0.000 2.257 0.664 0.000 0.000 1.728 0.000 0.000 2.214 0.000 2.764 0.555 1.897 
1 test2fip_inconsistent right_hidden
0.000 0.039 0.193 2.706 0.000 0.000 0.000 0.000 3.424 1.668 0.000 0.000 1.035 0.000 0.000 3.227 1.935 1.369 0.148 1.484 
---
0 test2fip_consistent left_hidden
0.820 0.000 1.704 0.000 2.556 0.000 1.084 0.000 0.000 0.342 0.000 0.648 0.000 2.458 2.528 0.000 0.485 0.000 0.000 1.685 
0 test2fip_consistent right_hidden
0.000 0.000 0.219 0.000 0.085 0.000 2.537 1.820 0.000 0.101 1.498 0.000 0.000 0.834 0.096 0.079 0.595 0.794 0.000 0.164 
---
1 test2fip_inconsistent left_hidden
0.820 0.000 1.704 0.000 2.556 0.000 1.084 0.000 0.000 0.342 0.000 0.648 0.000 2.458 2.528 0.000 0.485 0.000 0.000 1.685 
1 test2fip_inconsistent right_hidden
0.000 0.000 1.636 0.000 1.527 0.000 3.644 1.465 0.000 0.000 2.078 0.000 0.000 1.863 2.369 0.000 0.266 0.653 0.000 1.245 
---
0 test2fip_consistent left_hidden
0.534 0.225 0.341 0.005 2.096 0.000 1.950 0.208 1.738 2.306 0.426 0.715 0.000 1.166 0.332 0.287 0.000 2.392 1.067 0.000 
0 test2fip_consistent right_hidden
0.012 0.000 1.960 0.000 0.212 0.064 0.006 0.076 0.234 1.716 1.566 0.774 0.303 0.385 1.387 1.161 0.000 0.835 0.000 0.000 
---
1 test2fip_inconsistent left_hidden
0.534 0.225 0.341 0.005 2.096 0.000 1.950 0.208 1.738 2.306 0.426 0.715 0.000 1.166 0.332 0.287 0.000 2.392 1.067 0.000 
1 test2fip_inconsistent right_hidden
0.591 0.000 1.533 0.096 1.411 0.000 1.260 0.213 2.011 2.862 1.400 0.380 0.450 1.141 1.302 1.724 0.000 2.611 0.000 0.000 
---
0 test2fip_consistent left_hidden
2.197 0.630 0.658 0.176 1.266 0.000 0.248 3.787 1.378 0.217 0.000 0.929 0.190 0.176 0.000 0.666 0.877 0.057 0.790 0.485 
0 test2fip_consistent right_hidden
0.186 0.067 0.183 0.644 2.056 0.000 0.000 1.854 1.655 1.905 0.000 0.000 0.000 0.105 0.000 0.812 0.000 0.830 0.410 0.000 
---
1 test2fip_inconsistent left_hidden
2.197 0.630 0.658 0.176 1.266 0.000 0.248 3.787 1.378 0.217 0.000 0.929 0.190 0.176 0.000 0.666 0.877 0.057 0.790 0.485 
1 test2fip_inconsistent right_hidden
1.602 0.080 0.175 0.859 2.866 0.000 0.514 4.061 1.513 1.453 0.036 1.230 0.000 0.412 0.000 0.715 0.917 0.971 1.161 0.412 
---
0 test2fip_consistent left_hidden
0.722 0.000 0.000 0.975 0.906 0.000 0.418 0.437 0.012 0.000 0.000 1.619 0.000 0.731 2.789 0.000 2.187 2.222 0.022 1.540 
0 test2fip_consistent right_hidden
0.043 0.000 0.000 1.389 0.000 0.007 2.278 1.260 0.749 0.000 1.580 1.799 0.000 0.170 0.702 0.000 1.227 0.523 0.000 0.227 
---
1 test2fip_inconsistent left_hidden
0.722 0.000 0.000 0.975 0.906 0.000 0.418 0.437 0.012 0.000 0.000 1.619 0.000 0.731 2.789 0.000 2.187 2.222 0.022 1.540 
1 test2fip_inconsistent right_hidden
0.000 0.000 0.000 1.574 0.000 0.000 1.497 1.080 0.474 0.000 1.185 1.993 0.000 0.999 3.748 0.000 1.947 2.001 0.000 0.631 
---
0 test2fip_consistent left_hidden
0.000 0.000 0.000 0.000 0.002 0.000 2.743 0.000 0.000 0.000 0.000 3.080 1.120 0.000 0.000 1.105 1.095 0.000 2.562 0.000 
0 test2fip_consistent right_hidden
0.546 0.000 0.000 0.000 0.000 0.000 3.916 0.000 0.000 0.000 0.000 0.176 0.000 0.000 0.000 0.737 0.045 0.000 0.232 0.000 
---
1 test2fip_inconsistent left_hidden
0.000 0.000 0.000 0.000 0.002 0.000 2.743 0.000 0.000 0.000 0.000 3.080 1.120 0.000 0.000 1.105 1.095 0.000 2.562 0.000 
1 test2fip_inconsistent right_hidden
0.249 0.000 0.000 0.000 0.000 0.000 5.254 0.000 0.000 0.000 0.000 2.111 0.000 0.000 0.000 2.096 0.326 0.213 2.093 0.000 
---
0 test2fip_consistent left_hidden
2.383 1.925 1.568 0.000 2.370 0.000 0.000 0.000 0.000 2.504 0.125 0.000 0.000 0.552 0.657 0.000 0.000 0.000 1.743 0.000 
0 test2fip_consistent right_hidden
0.000 0.000 0.622 0.000 0.185 0.000 0.000 0.000 2.057 1.194 0.630 0.059 0.031 2.096 1.565 0.000 0.000 0.000 1.660 0.838 
---
1 test2fip_inconsistent left_hidden
2.383 1.925 1.568 0.000 2.370 0.000 0.000 0.000 0.000 2.504 0.125 0.000 0.000 0.552 0.657 0.000 0.000 0.000 1.743 0.000 
1 test2fip_inconsistent right_hidden
0.609 1.810 1.610 0.000 1.872 0.000 0.000 0.000 1.325 3.348 0.000 0.831 0.000 1.581 1.603 0.000 0.000 0.000 2.402 1.258 
---
0 test2fip_consistent left_hidden
1.828 0.000 0.891 0.000 0.087 3.071 0.000 0.000 0.356 0.294 2.931 0.205 0.000 0.000 1.604 0.510 0.000 0.000 0.000 0.413 
0 test2fip_consistent right_hidden
0.000 0.000 1.213 0.000 0.074 0.068 0.000 0.000 0.617 0.810 0.417 1.836 0.891 0.000 3.038 0.079 0.023 0.000 0.058 0.448 
---
1 test2fip_inconsistent left_hidden
1.828 0.000 0.891 0.000 0.087 3.071 0.000 0.000 0.356 0.294 2.931 0.205 0.000 0.000 1.604 0.510 0.000 0.000 0.000 0.413 
1 test2fip_inconsistent right_hidden
0.508 0.000 1.545 0.000 0.069 1.207 0.000 0.000 0.489 1.245 2.944 0.904 0.495 0.000 3.518 0.102 0.000 0.000 0.000 1.376 
---
0 test2fip_consistent left_hidden
0.000 0.000 0.000 0.000 0.000 2.718 0.000 0.000 0.111 0.000 0.000 0.591 1.600 0.000 0.000 0.000 2.492 0.000 0.788 2.994 
0 test2fip_consistent right_hidden
0.000 0.288 0.274 0.000 0.204 1.468 0.559 0.000 2.584 0.000 0.000 1.585 1.266 0.000 0.000 0.684 0.600 1.649 1.092 0.179 
---
1 test2fip_inconsistent left_hidden
0.000 0.000 0.000 0.000 0.000 2.718 0.000 0.000 0.111 0.000 0.000 0.591 1.600 0.000 0.000 0.000 2.492 0.000 0.788 2.994 
1 test2fip_inconsistent right_hidden
0.000 0.059 0.005 0.000 0.000 2.478 0.511 0.000 2.514 0.000 0.000 1.033 3.224 0.000 0.000 0.056 2.446 1.510 1.296 1.774 
---
0 test2fip_consistent left_hidden
0.000 0.295 0.335 0.000 0.000 0.103 0.000 0.286 0.757 0.000 0.000 0.000 1.712 1.516 3.100 0.000 2.636 1.304 0.000 0.058 
0 test2fip_consistent right_hidden
0.000 0.011 1.281 1.311 0.609 0.392 0.000 1.873 0.000 0.000 0.000 0.759 0.773 0.046 0.193 0.050 2.744 0.122 0.000 0.064 
---
1 test2fip_inconsistent left_hidden
0.000 0.295 0.335 0.000 0.000 0.103 0.000 0.286 0.757 0.000 0.000 0.000 1.712 1.516 3.100 0.000 2.636 1.304 0.000 0.058 
1 test2fip_inconsistent right_hidden
0.000 1.139 0.744 1.029 0.000 0.467 0.000 2.707 0.000 0.000 0.000 0.216 0.560 0.961 2.309 0.000 4.131 1.494 0.000 0.000 
---
0 test2fip_consistent left_hidden
0.714 0.584 0.000 0.000 0.000 1.456 0.542 0.641 0.000 0.024 0.000 1.164 0.000 0.000 0.000 0.000 1.092 3.430 3.118 0.133 
0 test2fip_consistent right_hidden
2.735 0.117 0.000 0.000 0.000 1.314 0.000 0.274 2.682 0.369 0.000 0.000 0.000 0.000 0.006 0.087 0.000 0.495 1.168 0.000 
---
1 test2fip_inconsistent left_hidden
0.714 0.584 0.000 0.000 0.000 1.456 0.542 0.641 0.000 0.024 0.000 1.164 0.000 0.000 0.000 0.000 1.092 3.430 3.118 0.133 
1 test2fip_inconsistent right_hidden
2.928 0.000 0.000 0.000 0.000 1.942 0.000 0.847 2.253 0.267 0.000 0.000 0.000 0.000 0.000 0.000 1.442 2.715 2.854 0.000 
---
0 test2fip_consistent left_hidden
0.843 2.164 1.159 0.612 0.673 0.000 0.002 0.000 0.000 1.202 1.033 0.000 1.406 1.603 0.657 0.256 1.224 3.198 0.000 0.779 
0 test2fip_consistent right_hidden
0.423 1.229 0.280 0.000 0.168 0.631 0.000 0.000 1.970 0.160 0.261 0.000 1.138 0.122 0.228 1.507 0.818 1.811 0.000 0.134 
---
1 test2fip_inconsistent left_hidden
0.843 2.164 1.159 0.612 0.673 0.000 0.002 0.000 0.000 1.202 1.033 0.000 1.406 1.603 0.657 0.256 1.224 3.198 0.000 0.779 
1 test2fip_inconsistent right_hidden
1.216 2.077 2.059 0.537 0.494 0.351 0.000 0.000 1.932 0.801 1.058 0.000 2.024 1.115 0.372 1.144 1.074 3.475 0.000 0.616 
---
0 test2fip_consistent left_hidden
0.222 0.000 0.976 2.868 0.000 0.000 1.115 0.116 0.000 0.051 0.000 0.000 0.308 0.006 0.296 0.003 2.996 0.862 2.435 0.719 
0 test2fip_consistent right_hidden
0.000 0.000 2.401 0.146 0.398 0.767 0.794 0.353 0.388 0.010 0.000 0.000 2.300 1.261 0.200 0.017 1.553 0.339 0.320 0.000 
---
1 test2fip_inconsistent left_hidden
0.222 0.000 0.976 2.868 0.000 0.000 1.115 0.116 0.000 0.051 0.000 0.000 0.308 0.006 0.296 0.003 2.996 0.862 2.435 0.719 
1 test2fip_inconsistent right_hidden
0.326 0.000 2.508 1.869 0.671 0.667 1.871 0.959 0.286 0.042 0.000 0.000 2.427 0.666 0.875 0.000 3.671 1.263 1.687 0.854 
---
0 test2fip_consistent left_hidden
0.000 2.152 1.154 0.000 0.000 0.000 0.453 0.000 0.000 2.170 0.754 0.000 1.088 0.432 2.474 0.000 1.218 0.618 2.159 0.000 
0 test2fip_consistent right_hidden
0.000 0.948 0.091 0.659 0.000 2.267 2.033 0.000 0.428 0.571 0.344 0.000 0.836 0.455 0.399 0.000 1.962 0.580 0.824 0.230 
---
1 test2fip_inconsistent left_hidden
0.000 2.152 1.154 0.000 0.000 0.000 0.453 0.000 0.000 2.170 0.754 0.000 1.088 0.432 2.474 0.000 1.218 0.618 2.159 0.000 
1 test2fip_inconsistent right_hidden
0.000 3.113 0.000 0.417 0.000 2.107 1.547 0.000 0.539 1.884 1.158 0.000 1.899 0.000 2.134 0.000 1.392 0.434 1.594 0.739 
---
0 test2fip_consistent left_hidden
2.116 0.210 1.942 0.296 0.000 1.063 1.086 0.000 0.883 0.000 0.589 0.348 3.323 1.368 0.000 1.123 0.025 0.000 0.000 0.016 
0 test2fip_consistent right_hidden
0.168 0.000 1.304 1.544 0.259 0.362 0.715 0.000 0.395 0.000 0.531 2.208 0.751 0.181 0.000 1.413 1.550 0.000 0.000 0.000 
---
1 test2fip_inconsistent left_hidden
2.116 0.210 1.942 0.296 0.000 1.063 1.086 0.000 0.883 0.000 0.589 0.348 3.323 1.368 0.000 1.123 0.025 0.000 0.000 0.016 
1 test2fip_inconsistent right_hidden
2.295 0.000 2.298 1.566 0.429 0.000 2.215 0.000 0.445 0.000 0.917 2.232 2.481 1.547 0.000 2.196 1.046 0.000 0.000 0.000 
---
0 test2fip_consistent left_hidden
0.675 0.000 0.000 2.353 0.000 0.495 0.000 0.026 0.000 0.000 0.000 0.000 0.396 3.620 0.000 2.089 0.137 0.000 0.000 0.032 
0 test2fip_consistent right_hidden
2.130 0.828 0.000 1.326 0.842 2.340 0.517 0.039 0.000 0.000 1.178 1.363 0.104 0.727 0.000 0.068 0.000 0.000 0.000 0.000 
---
1 test2fip_inconsistent left_hidden
0.675 0.000 0.000 2.353 0.000 0.495 0.000 0.026 0.000 0.000 0.000 0.000 0.396 3.620 0.000 2.089 0.137 0.000 0.000 0.032 
1 test2fip_inconsistent right_hidden
2.438 0.398 0.000 2.910 0.792 1.962 0.022 0.000 0.000 0.000 0.628 1.156 0.315 3.302 0.000 1.518 0.000 0.000 0.000 0.000 
---
0 test2fip_consistent left_hidden
3.497 0.000 0.000 0.292 2.229 1.340 0.000 0.498 0.000 0.463 1.277 1.497 0.463 0.000 0.245 0.490 1.634 0.000 0.000 1.365 
0 test2fip_consistent right_hidden
0.179 0.020 0.013 0.520 1.552 1.534 0.252 2.567 0.048 0.293 0.303 0.000 0.217 0.000 0.000 0.688 1.789 0.125 0.000 0.246 
---
1 test2fip_inconsistent left_hidden
3.497 0.000 0.000 0.292 2.229 1.340 0.000 0.498 0.000 0.463 1.277 1.497 0.463 0.000 0.245 0.490 1.634 0.000 0.000 1.365 
1 test2fip_inconsistent right_hidden
1.976 0.000 0.000 0.436 2.220 2.620 0.463 2.447 0.000 1.182 2.000 0.053 0.496 0.167 0.000 1.817 1.434 0.000 0.000 2.160 
---
0 test2fip_consistent left_hidden
1.307 0.136 2.534 0.000 0.000 0.000 0.000 0.000 0.517 0.000 0.362 0.000 0.000 0.331 0.000 1.453 1.528 0.000 2.106 2.614 
0 test2fip_consistent right_hidden
1.946 0.075 0.477 0.000 0.237 0.000 0.913 0.000 0.321 0.000 0.000 0.129 1.061 1.023 1.053 0.000 0.184 0.115 2.681 0.059 
---
1 test2fip_inconsistent left_hidden
1.307 0.136 2.534 0.000 0.000 0.000 0.000 0.000 0.517 0.000 0.362 0.000 0.000 0.331 0.000 1.453 1.528 0.000 2.106 2.614 
1 test2fip_inconsistent right_hidden
1.717 0.000 2.912 0.000 0.000 0.000 0.368 0.000 1.763 0.000 0.000 0.053 0.464 0.789 0.792 0.231 0.823 0.000 4.009 0.920 
---
0 test2fip_consistent left_hidden
1.104 0.414 0.230 2.483 0.913 0.930 0.000 0.000 0.000 0.095 0.365 0.145 2.642 0.000 2.847 0.217 0.000 0.000 1.647 0.000 
0 test2fip_consistent right_hidden
1.458 0.052 1.071 0.788 0.129 0.101 0.121 2.455 0.000 0.801 2.107 0.754 0.786 0.000 0.183 0.325 0.847 0.000 0.000 0.110 
---
1 test2fip_inconsistent left_hidden
1.104 0.414 0.230 2.483 0.913 0.930 0.000 0.000 0.000 0.095 0.365 0.145 2.642 0.000 2.847 0.217 0.000 0.000 1.647 0.000 
1 test2fip_inconsistent right_hidden
2.475 0.000 1.003 2.398 0.729 0.892 0.000 1.962 0.000 0.469 2.244 0.742 2.747 0.000 2.749 0.480 0.913 0.000 0.000 0.000 
---
0 test2fip_consistent left_hidden
2.308 0.338 0.338 2.546 0.000 0.178 0.000 0.000 1.966 0.000 0.780 1.134 2.357 0.000 0.473 0.000 0.000 1.167 0.199 0.000 
0 test2fip_consistent right_hidden
1.034 0.000 1.100 0.068 0.000 0.000 0.020 0.000 0.242 0.883 1.000 0.000 1.556 0.000 0.576 0.000 2.109 1.280 0.402 0.968 
---
1 test2fip_inconsistent left_hidden
2.308 0.338 0.338 2.546 0.000 0.178 0.000 0.000 1.966 0.000 0.780 1.134 2.357 0.000 0.473 0.000 0.000 1.167 0.199 0.000 
1 test2fip_inconsistent right_hidden
1.880 0.000 0.594 2.227 0.000 0.000 0.757 0.000 1.569 0.226 1.006 0.100 3.729 0.000 0.707 0.000 1.369 1.367 0.000 1.035 
---
0 test2fip_consistent left_hidden
0.000 0.000 0.000 1.273 0.555 0.915 0.379 2.617 0.000 0.000 0.055 0.720 1.776 3.329 0.059 0.424 0.000 0.168 0.000 1.014 
0 test2fip_consistent right_hidden
0.087 1.588 0.354 0.097 0.720 1.043 0.875 1.890 0.000 1.084 0.281 0.056 0.299 0.158 1.940 0.310 0.167 0.126 0.000 0.350 
---
1 test2fip_inconsistent left_hidden
0.000 0.000 0.000 1.273 0.555 0.915 0.379 2.617 0.000 0.000 0.055 0.720 1.776 3.329 0.059 0.424 0.000 0.168 0.000 1.014 
1 test2fip_inconsistent right_hidden
0.000 1.252 0.592 1.131 1.542 0.971 0.813 3.936 0.000 0.878 0.141 0.019 0.951 1.765 1.023 0.469 1.206 0.194 0.000 0.770 
---
0 test2fip_consistent left_hidden
0.000 0.000 0.083 0.000 0.092 0.000 0.000 0.000 1.615 0.000 0.000 0.062 0.000 0.302 0.000 4.923 0.279 0.000 0.000 0.000 
0 test2fip_consistent right_hidden
0.000 0.504 0.439 1.523 0.821 0.000 0.422 0.000 0.048 0.177 0.000 0.000 1.391 0.000 0.000 0.712 1.529 2.740 0.000 0.517 
---
1 test2fip_inconsistent left_hidden
0.000 0.000 0.083 0.000 0.092 0.000 0.000 0.000 1.615 0.000 0.000 0.062 0.000 0.302 0.000 4.923 0.279 0.000 0.000 0.000 
1 test2fip_inconsistent right_hidden
0.000 0.103 0.000 1.636 0.171 0.000 0.000 0.000 0.000 0.057 0.000 0.000 1.296 0.000 0.000 3.958 2.006 3.498 0.000 0.000 
---
0 test2fip_consistent left_hidden
0.000 0.522 0.380 0.000 0.000 0.000 0.000 0.074 2.201 0.054 0.000 0.000 0.368 0.000 3.853 0.270 2.289 0.015 0.000 0.000 
0 test2fip_consistent right_hidden
1.582 0.000 1.047 0.867 0.000 0.000 0.000 1.541 0.139 0.044 0.091 0.000 1.765 0.000 1.040 1.439 0.913 0.937 0.000 0.082 
---
1 test2fip_inconsistent left_hidden
0.000 0.522 0.380 0.000 0.000 0.000 0.000 0.074 2.201 0.054 0.000 0.000 0.368 0.000 3.853 0.270 2.289 0.015 0.000 0.000 
1 test2fip_inconsistent right_hidden
0.765 0.000 1.425 0.573 0.000 0.000 0.000 1.237 1.181 0.000 0.000 0.000 1.300 0.000 3.307 1.126 3.332 0.513 0.065 0.000 
---
