0 test1dax_consistent left_hidden
0.337 0.000 0.746 0.000 0.425 0.000 1.546 1.737 0.000 0.467 0.000 0.418 1.145 0.739 1.497 0.000 0.742 0.360 0.000 0.996 
0 test1dax_consistent right_hidden
0.000 0.000 0.072 0.000 0.416 0.000 3.013 0.752 0.835 0.000 0.053 1.458 2.001 0.000 0.113 1.364 0.175 4.520 0.000 0.012 
---
1 test1dax_inconsistent left_hidden
0.337 0.000 0.746 0.000 0.425 0.000 1.546 1.737 0.000 0.467 0.000 0.418 1.145 0.739 1.497 0.000 0.742 0.360 0.000 0.996 
1 test1dax_inconsistent right_hidden
0.000 0.000 0.095 0.000 0.263 0.000 2.454 0.000 0.418 0.145 0.048 0.747 0.473 0.068 0.000 0.259 0.058 1.787 0.000 0.318 
---
0 test1dax_consistent left_hidden
1.050 0.109 0.912 0.661 0.631 1.188 1.321 0.000 0.435 0.000 0.082 0.698 0.000 0.000 0.221 1.092 0.723 0.131 1.773 0.215 
0 test1dax_consistent right_hidden
0.003 0.185 0.200 2.235 0.511 0.425 1.319 0.182 2.324 0.000 0.024 0.177 1.169 0.000 3.137 1.182 3.107 0.249 1.551 0.000 
---
1 test1dax_inconsistent left_hidden
1.050 0.109 0.912 0.661 0.631 1.188 1.321 0.000 0.435 0.000 0.082 0.698 0.000 0.000 0.221 1.092 0.723 0.131 1.773 0.215 
1 test1dax_inconsistent right_hidden
0.395 0.066 0.837 1.599 0.000 0.165 0.765 0.147 1.389 0.000 0.029 0.026 0.316 0.143 1.110 0.341 0.731 0.357 0.863 0.000 
---
0 test1dax_consistent left_hidden
0.000 0.285 1.341 1.561 0.465 1.228 0.282 0.319 0.660 0.000 0.000 0.181 0.000 0.000 0.000 0.000 0.000 2.136 0.000 0.912 
0 test1dax_consistent right_hidden
0.000 0.000 0.711 0.387 2.644 2.957 2.406 0.242 0.057 3.440 0.000 0.000 0.000 0.000 0.197 1.639 0.000 0.910 0.248 2.296 
---
1 test1dax_inconsistent left_hidden
0.000 0.285 1.341 1.561 0.465 1.228 0.282 0.319 0.660 0.000 0.000 0.181 0.000 0.000 0.000 0.000 0.000 2.136 0.000 0.912 
1 test1dax_inconsistent right_hidden
0.000 0.111 0.291 0.739 0.957 1.647 0.945 0.244 0.692 1.895 0.261 0.000 0.000 0.078 0.462 0.417 0.000 0.164 0.723 0.548 
---
0 test1dax_consistent left_hidden
0.042 0.000 0.307 0.000 0.598 0.416 2.216 0.021 0.000 1.632 0.298 0.000 0.500 0.179 0.053 0.366 0.000 0.000 1.227 1.477 
0 test1dax_consistent right_hidden
0.000 0.000 0.747 0.000 0.000 0.084 0.038 0.000 0.000 1.789 1.683 0.186 3.506 3.106 0.000 0.699 0.000 2.410 1.022 2.108 
---
1 test1dax_inconsistent left_hidden
0.042 0.000 0.307 0.000 0.598 0.416 2.216 0.021 0.000 1.632 0.298 0.000 0.500 0.179 0.053 0.366 0.000 0.000 1.227 1.477 
1 test1dax_inconsistent right_hidden
0.000 0.000 0.865 0.000 0.101 0.033 0.778 0.000 0.125 0.902 0.300 0.000 1.474 1.156 0.000 0.494 0.000 1.693 0.995 0.878 
---
0 test1dax_consistent left_hidden
0.000 0.000 0.488 1.715 1.831 0.000 0.000 0.000 0.652 0.000 1.151 0.000 0.365 0.065 1.881 0.044 0.000 1.144 0.000 1.008 
0 test1dax_consistent right_hidden
0.000 0.535 0.000 2.166 0.607 0.000 0.000 0.000 3.339 2.090 2.249 0.000 1.957 0.000 0.000 0.000 2.010 2.638 0.000 0.000 
---
1 test1dax_inconsistent left_hidden
0.000 0.000 0.488 1.715 1.831 0.000 0.000 0.000 0.652 0.000 1.151 0.000 0.365 0.065 1.881 0.044 0.000 1.144 0.000 1.008 
1 test1dax_inconsistent right_hidden
0.000 0.077 0.374 0.677 0.615 0.000 0.000 0.000 1.424 1.303 0.990 0.000 1.471 0.000 0.446 0.000 1.023 0.741 0.000 0.000 
---
0 test1dax_consistent left_hidden
1.617 0.786 0.000 0.305 0.369 2.147 0.185 0.998 0.178 0.041 0.280 0.041 0.500 0.370 0.731 1.000 0.000 0.000 0.831 0.000 
0 test1dax_consistent right_hidden
0.860 0.000 0.000 0.000 0.125 0.423 0.000 0.000 1.734 0.000 0.000 0.000 3.439 0.000 0.000 2.375 0.007 0.289 2.874 0.645 
---
1 test1dax_inconsistent left_hidden
1.617 0.786 0.000 0.305 0.369 2.147 0.185 0.998 0.178 0.041 0.280 0.041 0.500 0.370 0.731 1.000 0.000 0.000 0.831 0.000 
1 test1dax_inconsistent right_hidden
0.242 0.000 0.000 0.000 0.377 0.741 0.132 0.731 1.239 0.000 0.165 0.000 0.668 0.000 0.250 1.962 0.000 0.101 0.506 0.144 
---
0 test1dax_consistent left_hidden
0.023 0.273 0.964 1.520 1.413 1.461 0.854 0.000 0.974 0.000 0.709 0.827 0.100 0.305 0.606 0.000 0.000 0.197 0.706 0.000 
0 test1dax_consistent right_hidden
0.000 0.019 2.655 3.116 0.102 1.047 0.313 2.405 1.611 0.603 1.145 0.505 0.000 2.977 0.000 0.000 0.000 0.000 0.000 0.000 
---
1 test1dax_inconsistent left_hidden
0.023 0.273 0.964 1.520 1.413 1.461 0.854 0.000 0.974 0.000 0.709 0.827 0.100 0.305 0.606 0.000 0.000 0.197 0.706 0.000 
1 test1dax_inconsistent right_hidden
0.000 0.147 1.584 0.571 0.780 1.290 0.377 0.704 0.788 0.313 0.119 0.636 0.000 0.873 0.000 0.026 0.006 0.000 0.101 0.405 
---
0 test1dax_consistent left_hidden
0.203 0.802 0.000 1.565 1.134 0.586 0.000 0.591 0.818 0.000 0.000 1.282 0.000 0.000 1.869 1.454 0.000 0.610 0.000 0.000 
0 test1dax_consistent right_hidden
0.000 0.000 0.000 0.768 1.757 0.707 2.998 2.246 0.939 0.000 0.000 2.039 2.807 0.000 0.695 0.152 0.062 0.432 3.526 0.000 
---
1 test1dax_inconsistent left_hidden
0.203 0.802 0.000 1.565 1.134 0.586 0.000 0.591 0.818 0.000 0.000 1.282 0.000 0.000 1.869 1.454 0.000 0.610 0.000 0.000 
1 test1dax_inconsistent right_hidden
0.000 0.093 0.000 1.309 0.415 0.698 1.633 0.567 0.618 0.000 0.000 1.279 1.230 0.000 0.172 0.139 0.384 0.219 1.077 0.000 
---
0 test1dax_consistent left_hidden
1.148 0.000 0.215 0.000 0.000 0.000 0.685 0.000 1.414 0.000 0.000 1.835 0.000 0.161 0.458 0.720 0.458 0.000 1.855 0.890 
0 test1dax_consistent right_hidden
0.000 1.552 0.000 1.128 1.119 2.204 0.162 0.000 2.496 0.000 0.000 3.030 0.000 1.747 0.000 1.911 0.032 1.788 0.382 0.000 
---
1 test1dax_inconsistent left_hidden
1.148 0.000 0.215 0.000 0.000 0.000 0.685 0.000 1.414 0.000 0.000 1.835 0.000 0.161 0.458 0.720 0.458 0.000 1.855 0.890 
1 test1dax_inconsistent right_hidden
0.062 0.190 0.217 0.638 0.277 0.949 0.276 0.000 0.372 0.000 0.000 1.470 0.101 1.122 0.000 0.575 0.241 0.494 0.572 0.300 
---
0 test1dax_consistent left_hidden
1.811 0.000 0.000 0.473 0.271 0.000 2.069 0.956 0.280 0.000 0.000 0.000 0.582 0.000 0.162 0.067 0.580 1.143 0.534 0.870 
0 test1dax_consistent right_hidden
0.866 0.500 0.000 0.055 0.000 0.000 2.437 1.285 0.000 0.000 1.401 0.000 0.133 0.000 1.346 0.288 3.336 0.000 3.341 0.000 
---
1 test1dax_inconsistent left_hidden
1.811 0.000 0.000 0.473 0.271 0.000 2.069 0.956 0.280 0.000 0.000 0.000 0.582 0.000 0.162 0.067 0.580 1.143 0.534 0.870 
1 test1dax_inconsistent right_hidden
0.607 0.477 0.000 0.000 0.158 0.000 0.514 1.097 0.000 0.000 0.468 0.000 0.496 0.241 0.271 0.022 0.990 0.496 1.876 0.276 
---
0 test1dax_consistent left_hidden
0.107 0.431 0.000 0.190 0.000 0.000 0.549 0.000 0.355 0.578 0.000 0.000 1.995 0.000 1.140 0.388 1.016 0.003 2.113 0.820 
0 test1dax_consistent right_hidden
1.533 3.194 2.667 0.318 0.000 0.000 0.000 0.000 2.623 0.896 0.000 0.000 1.128 2.845 0.100 1.439 0.000 1.644 2.317 0.000 
---
1 test1dax_inconsistent left_hidden
0.107 0.431 0.000 0.190 0.000 0.000 0.549 0.000 0.355 0.578 0.000 0.000 1.995 0.000 1.140 0.388 1.016 0.003 2.113 0.820 
1 test1dax_inconsistent right_hidden
0.518 1.378 0.902 0.444 0.000 0.087 0.000 0.000 0.769 0.533 0.000 0.000 0.199 1.395 0.334 0.461 0.000 1.168 1.427 0.000 
---
0 test1dax_consistent left_hidden
0.000 0.335 0.337 0.000 0.452 1.686 0.141 0.498 0.611 1.971 1.199 0.000 0.027 1.092 0.000 0.203 1.027 0.168 0.972 0.000 
0 test1dax_consistent right_hidden
2.031 0.000 1.476 0.000 3.227 0.017 3.343 1.343 0.000 1.554 0.000 0.000 1.591 0.000 2.437 0.000 0.000 0.000 0.000 0.000 
---
1 test1dax_inconsistent left_hidden
0.000 0.335 0.337 0.000 0.452 1.686 0.141 0.498 0.611 1.971 1.199 0.000 0.027 1.092 0.000 0.203 1.027 0.168 0.972 0.000 
1 test1dax_inconsistent right_hidden
0.442 0.000 0.619 0.000 1.070 0.509 1.878 0.379 0.006 1.649 0.194 0.033 0.892 0.000 1.026 0.000 0.103 0.000 0.000 0.000 
---
0 test1dax_consistent left_hidden
0.067 1.318 0.117 0.000 0.711 1.140 2.161 0.000 0.000 0.525 0.000 0.760 0.309 0.755 0.000 0.166 0.252 0.165 0.000 0.700 
0 test1dax_consistent right_hidden
0.000 1.491 0.000 1.777 2.364 0.738 1.425 3.364 0.827 0.000 1.930 2.759 0.231 0.219 0.000 2.421 0.483 0.000 0.000 0.117 
---
1 test1dax_inconsistent left_hidden
0.067 1.318 0.117 0.000 0.711 1.140 2.161 0.000 0.000 0.525 0.000 0.760 0.309 0.755 0.000 0.166 0.252 0.165 0.000 0.700 
1 test1dax_inconsistent right_hidden
0.000 0.000 0.125 0.792 1.960 1.008 0.839 1.424 0.204 0.000 0.672 1.015 0.048 0.254 0.013 1.357 0.000 0.000 0.000 0.327 
---
0 test1dax_consistent left_hidden
0.875 0.501 0.000 0.610 2.646 0.219 0.221 0.003 0.409 0.000 1.385 0.000 0.000 0.000 0.501 0.000 0.000 0.000 0.993 0.000 
0 test1dax_consistent right_hidden
1.034 0.082 0.466 0.000 0.161 0.316 0.000 0.000 2.381 3.787 0.029 0.000 0.000 1.739 1.330 0.000 0.000 0.000 0.219 3.159 
---
1 test1dax_inconsistent left_hidden
0.875 0.501 0.000 0.610 2.646 0.219 0.221 0.003 0.409 0.000 1.385 0.000 0.000 0.000 0.501 0.000 0.000 0.000 0.993 0.000 
1 test1dax_inconsistent right_hidden
0.271 0.025 0.188 0.252 0.525 0.813 0.000 0.000 1.767 1.040 0.483 0.013 0.023 1.278 0.079 0.000 0.000 0.000 0.106 0.763 
---
0 test1dax_consistent left_hidden
0.258 0.000 0.976 0.494 0.257 0.000 0.846 0.000 0.000 0.000 1.403 0.000 1.665 0.000 0.895 0.000 0.190 1.062 1.276 1.170 
0 test1dax_consistent right_hidden
0.000 0.000 3.165 1.087 1.427 0.000 0.000 2.671 0.000 0.000 1.534 0.000 0.562 0.000 0.000 0.000 0.000 0.000 0.750 4.204 
---
1 test1dax_inconsistent left_hidden
0.258 0.000 0.976 0.494 0.257 0.000 0.846 0.000 0.000 0.000 1.403 0.000 1.665 0.000 0.895 0.000 0.190 1.062 1.276 1.170 
1 test1dax_inconsistent right_hidden
0.061 0.000 0.945 1.352 0.883 0.000 0.000 0.932 0.002 0.000 1.417 0.000 0.551 0.000 0.000 0.000 0.153 0.000 0.000 1.649 
---
0 test1dax_consistent left_hidden
0.267 0.000 0.239 0.315 0.000 0.510 0.316 0.743 0.740 0.456 1.430 0.688 0.000 0.053 0.613 0.675 2.265 0.510 0.382 1.118 
0 test1dax_consistent right_hidden
0.550 0.000 0.479 0.000 0.000 3.054 0.151 0.187 1.473 2.989 0.495 0.054 0.000 0.000 0.848 3.531 1.097 1.453 0.151 0.100 
---
1 test1dax_inconsistent left_hidden
0.267 0.000 0.239 0.315 0.000 0.510 0.316 0.743 0.740 0.456 1.430 0.688 0.000 0.053 0.613 0.675 2.265 0.510 0.382 1.118 
1 test1dax_inconsistent right_hidden
0.593 0.104 0.863 0.000 0.000 1.148 0.529 0.275 0.377 1.768 0.639 0.817 0.000 0.000 0.315 0.921 0.815 1.295 0.434 0.462 
---
0 test1dax_consistent left_hidden
1.258 0.945 0.528 0.295 0.946 0.000 0.000 1.127 0.000 0.000 1.567 0.380 1.104 0.000 0.000 0.000 0.000 0.010 1.845 0.256 
0 test1dax_consistent right_hidden
0.000 0.407 0.000 0.000 1.218 2.265 0.000 0.047 0.246 0.643 0.000 1.926 4.633 0.000 0.000 0.614 0.037 0.000 2.156 1.913 
---
1 test1dax_inconsistent left_hidden
1.258 0.945 0.528 0.295 0.946 0.000 0.000 1.127 0.000 0.000 1.567 0.380 1.104 0.000 0.000 0.000 0.000 0.010 1.845 0.256 
1 test1dax_inconsistent right_hidden
0.000 0.000 0.000 0.000 1.148 1.363 0.271 0.375 0.401 0.101 0.462 1.057 1.456 0.024 0.000 0.800 0.000 0.160 1.180 0.432 
---
0 test1dax_consistent left_hidden
0.000 0.501 0.000 0.121 0.732 0.000 0.328 0.000 0.000 0.624 0.369 0.000 1.354 0.441 0.000 0.037 0.577 0.492 2.733 0.327 
0 test1dax_consistent right_hidden
0.000 1.860 0.194 0.000 2.784 0.000 3.347 1.234 0.000 0.555 0.224 0.000 2.857 0.000 0.000 0.000 0.077 1.336 0.879 0.000 
---
1 test1dax_inconsistent left_hidden
0.000 0.501 0.000 0.121 0.732 0.000 0.328 0.000 0.000 0.624 0.369 0.000 1.354 0.441 0.000 0.037 0.577 0.492 2.733 0.327 
1 test1dax_inconsistent right_hidden
0.000 0.992 0.000 0.000 1.779 0.048 1.010 0.435 0.000 0.356 0.146 0.000 0.447 0.420 0.000 0.000 0.107 0.524 1.120 0.000 
---
0 test1dax_consistent left_hidden
0.799 0.000 0.972 1.871 0.000 0.672 1.825 0.295 0.934 0.236 0.327 0.000 0.264 0.489 0.264 0.000 0.000 0.132 1.093 0.000 
0 test1dax_consistent right_hidden
0.079 1.390 2.068 3.441 1.509 0.288 3.931 0.000 0.604 0.000 1.989 0.000 0.443 1.055 0.000 0.000 0.000 0.000 0.947 0.000 
---
1 test1dax_inconsistent left_hidden
0.799 0.000 0.972 1.871 0.000 0.672 1.825 0.295 0.934 0.236 0.327 0.000 0.264 0.489 0.264 0.000 0.000 0.132 1.093 0.000 
1 test1dax_inconsistent right_hidden
0.543 0.422 1.517 1.969 0.279 0.310 1.306 0.000 0.499 0.000 0.658 0.000 0.633 0.542 0.000 0.000 0.000 0.000 0.951 0.000 
---
0 test1dax_consistent left_hidden
0.000 0.000 1.156 0.333 0.087 0.000 1.382 2.244 0.000 1.180 0.770 0.428 0.515 0.228 0.023 0.000 0.513 1.096 0.208 0.000 
0 test1dax_consistent right_hidden
0.000 2.019 0.112 0.208 0.000 0.000 0.214 0.201 0.000 3.796 0.541 1.028 0.162 1.618 0.005 2.229 2.873 1.597 0.000 0.397 
---
1 test1dax_inconsistent left_hidden
0.000 0.000 1.156 0.333 0.087 0.000 1.382 2.244 0.000 1.180 0.770 0.428 0.515 0.228 0.023 0.000 0.513 1.096 0.208 0.000 
1 test1dax_inconsistent right_hidden
0.000 0.914 0.431 0.223 0.000 0.000 0.602 0.740 0.000 1.386 0.025 0.604 0.302 0.864 0.000 0.818 1.906 0.999 0.000 0.032 
---
0 test1dax_consistent left_hidden
0.000 0.872 0.316 0.667 0.718 2.370 0.000 0.000 0.000 0.175 1.353 0.249 0.014 1.190 0.000 0.523 0.000 0.014 1.124 0.285 
0 test1dax_consistent right_hidden
0.911 0.000 2.297 0.389 0.111 1.354 0.000 0.000 0.198 0.000 2.892 0.163 0.000 0.236 0.000 4.039 0.829 0.267 0.672 0.000 
---
1 test1dax_inconsistent left_hidden
0.000 0.872 0.316 0.667 0.718 2.370 0.000 0.000 0.000 0.175 1.353 0.249 0.014 1.190 0.000 0.523 0.000 0.014 1.124 0.285 
1 test1dax_inconsistent right_hidden
0.000 0.403 0.800 0.207 0.208 0.000 0.000 0.000 0.000 0.000 2.402 0.258 0.000 0.109 0.000 1.079 0.138 0.494 0.432 0.232 
---
0 test1dax_consistent left_hidden
0.581 1.026 0.065 1.080 0.415 0.000 0.503 0.240 0.183 0.000 0.000 0.127 0.614 0.140 0.368 0.021 0.636 1.989 0.850 1.428 
0 test1dax_consistent right_hidden
0.000 2.501 0.000 1.101 0.000 0.000 0.135 0.000 0.555 1.210 2.287 1.222 2.284 0.217 0.093 1.148 1.217 2.136 0.464 1.999 
---
1 test1dax_inconsistent left_hidden
0.581 1.026 0.065 1.080 0.415 0.000 0.503 0.240 0.183 0.000 0.000 0.127 0.614 0.140 0.368 0.021 0.636 1.989 0.850 1.428 
1 test1dax_inconsistent right_hidden
0.957 0.530 0.259 0.361 0.209 0.000 0.424 0.132 0.474 0.029 0.700 0.294 1.067 0.057 0.503 0.445 0.553 0.671 0.316 0.785 
---
0 test1dax_consistent left_hidden
0.030 0.000 0.211 0.657 0.673 0.236 1.618 0.199 0.028 0.247 0.593 0.505 0.823 0.539 0.669 0.502 0.000 1.567 0.000 1.420 
0 test1dax_consistent right_hidden
0.034 0.000 0.000 0.045 0.175 0.000 1.353 2.545 0.050 0.000 2.062 1.976 2.727 2.251 0.031 0.362 0.000 0.099 1.230 2.405 
---
1 test1dax_inconsistent left_hidden
0.030 0.000 0.211 0.657 0.673 0.236 1.618 0.199 0.028 0.247 0.593 0.505 0.823 0.539 0.669 0.502 0.000 1.567 0.000 1.420 
1 test1dax_inconsistent right_hidden
0.198 0.093 0.064 0.723 0.814 0.000 0.290 1.007 0.332 0.000 0.962 0.689 0.579 1.866 0.540 0.161 0.000 0.578 0.889 0.735 
---
0 test1dax_consistent left_hidden
0.414 0.000 2.177 0.479 0.000 0.832 0.372 0.000 0.735 0.184 0.000 1.315 0.000 1.263 0.000 0.000 0.120 0.000 0.000 1.063 
0 test1dax_consistent right_hidden
1.722 0.000 0.000 0.817 1.489 0.423 3.876 0.727 2.087 1.471 0.000 1.844 0.000 1.442 0.000 0.000 0.667 0.000 0.000 2.338 
---
1 test1dax_inconsistent left_hidden
0.414 0.000 2.177 0.479 0.000 0.832 0.372 0.000 0.735 0.184 0.000 1.315 0.000 1.263 0.000 0.000 0.120 0.000 0.000 1.063 
1 test1dax_inconsistent right_hidden
1.470 0.000 0.568 0.364 0.739 0.649 1.137 0.259 0.477 0.857 0.036 0.484 0.000 1.092 0.000 0.000 0.543 0.009 0.000 1.356 
---
0 test1dax_consistent left_hidden
0.021 0.032 0.598 0.000 0.000 0.399 0.002 0.000 1.531 0.048 0.414 1.864 2.350 0.000 0.136 0.127 0.145 0.090 0.000 0.892 
0 test1dax_consistent right_hidden
0.000 0.544 0.000 0.000 0.000 0.000 0.598 0.259 2.670 0.000 3.608 0.000 3.847 0.000 0.072 0.000 1.286 0.085 0.000 0.000 
---
1 test1dax_inconsistent left_hidden
0.021 0.032 0.598 0.000 0.000 0.399 0.002 0.000 1.531 0.048 0.414 1.864 2.350 0.000 0.136 0.127 0.145 0.090 0.000 0.892 
1 test1dax_inconsistent right_hidden
0.000 0.167 0.000 0.000 0.000 0.542 0.533 0.647 0.858 0.000 2.176 0.000 0.940 0.000 0.482 0.000 0.805 0.013 0.045 0.000 
---
0 test1dax_consistent left_hidden
0.000 0.000 0.834 2.269 1.866 0.000 0.325 0.613 0.004 0.351 0.000 1.367 0.698 0.000 0.146 0.018 0.000 0.676 0.000 0.000 
0 test1dax_consistent right_hidden
1.996 4.185 0.164 0.000 0.948 0.000 0.931 0.906 0.000 1.060 0.000 2.206 2.245 0.300 1.717 0.000 0.000 0.000 0.071 0.000 
---
1 test1dax_inconsistent left_hidden
0.000 0.000 0.834 2.269 1.866 0.000 0.325 0.613 0.004 0.351 0.000 1.367 0.698 0.000 0.146 0.018 0.000 0.676 0.000 0.000 
1 test1dax_inconsistent right_hidden
1.662 1.450 0.238 0.055 0.000 0.008 0.000 0.370 0.000 0.927 0.000 1.878 0.728 0.355 0.469 0.000 0.253 0.000 0.483 0.000 
---
0 test1dax_consistent left_hidden
0.000 0.640 0.559 0.357 0.003 0.881 0.000 0.034 0.346 0.354 0.677 0.008 0.569 0.921 0.000 1.687 0.000 1.213 0.000 2.477 
0 test1dax_consistent right_hidden
0.000 0.473 0.000 0.952 0.000 3.475 0.486 1.205 0.490 0.000 2.380 0.470 1.485 2.694 1.133 2.774 0.000 0.019 0.000 0.104 
---
1 test1dax_inconsistent left_hidden
0.000 0.640 0.559 0.357 0.003 0.881 0.000 0.034 0.346 0.354 0.677 0.008 0.569 0.921 0.000 1.687 0.000 1.213 0.000 2.477 
1 test1dax_inconsistent right_hidden
0.000 0.448 0.222 0.151 0.010 1.952 0.492 0.526 0.044 0.000 0.783 0.334 0.580 1.246 1.339 0.712 0.000 0.076 0.000 0.909 
---
0 test1dax_consistent left_hidden
1.171 1.087 0.000 0.787 0.534 0.000 0.901 0.000 0.430 1.559 0.048 1.323 1.332 1.331 1.294 0.000 0.000 0.012 0.124 0.000 
0 test1dax_consistent right_hidden
0.000 3.482 0.158 0.851 1.839 0.124 2.749 0.117 1.437 0.293 0.008 0.000 0.000 2.297 0.058 0.000 1.007 0.318 0.000 1.321 
---
1 test1dax_inconsistent left_hidden
1.171 1.087 0.000 0.787 0.534 0.000 0.901 0.000 0.430 1.559 0.048 1.323 1.332 1.331 1.294 0.000 0.000 0.012 0.124 0.000 
1 test1dax_inconsistent right_hidden
0.092 1.261 0.607 0.778 0.374 0.332 0.417 0.438 0.462 0.495 0.221 0.000 0.426 1.263 0.009 0.000 1.193 0.326 0.082 1.286 
---
0 test1dax_consistent left_hidden
0.000 0.000 0.530 1.071 0.000 0.321 0.000 0.000 0.788 1.121 1.327 0.884 0.406 1.463 1.214 0.851 0.720 0.000 0.000 1.398 
0 test1dax_consistent right_hidden
0.000 0.000 2.757 0.059 0.000 0.000 0.000 0.000 1.841 1.475 2.077 0.000 0.000 4.210 0.240 1.679 0.042 0.000 1.001 0.122 
---
1 test1dax_inconsistent left_hidden
0.000 0.000 0.530 1.071 0.000 0.321 0.000 0.000 0.788 1.121 1.327 0.884 0.406 1.463 1.214 0.851 0.720 0.000 0.000 1.398 
1 test1dax_inconsistent right_hidden
0.000 0.000 0.992 0.000 0.000 0.100 0.203 0.000 0.871 0.893 0.325 0.061 0.037 1.625 0.571 0.896 0.024 0.000 0.948 0.852 
---
0 test1dax_consistent left_hidden
0.403 0.691 0.000 0.446 0.344 1.659 0.000 1.665 0.626 0.000 1.556 0.000 0.885 0.000 0.000 0.000 0.000 1.007 0.000 2.023 
0 test1dax_consistent right_hidden
1.270 0.202 0.000 0.000 0.441 1.144 0.000 1.888 0.952 0.079 0.000 0.513 0.000 0.000 1.120 0.000 1.669 0.000 0.000 5.304 
---
1 test1dax_inconsistent left_hidden
0.403 0.691 0.000 0.446 0.344 1.659 0.000 1.665 0.626 0.000 1.556 0.000 0.885 0.000 0.000 0.000 0.000 1.007 0.000 2.023 
1 test1dax_inconsistent right_hidden
0.000 0.014 0.000 0.000 0.988 1.400 0.000 0.214 0.879 0.324 0.541 0.481 0.000 0.000 0.458 0.111 1.408 0.000 0.000 1.629 
---
0 test1dax_consistent left_hidden
0.536 1.620 0.027 0.576 0.000 0.267 0.814 0.244 0.918 0.313 1.197 1.296 0.814 0.000 0.000 0.000 0.490 0.456 1.342 0.938 
0 test1dax_consistent right_hidden
0.793 0.000 0.000 1.803 4.145 0.000 0.275 0.000 0.163 0.000 0.000 0.696 0.064 1.440 1.712 0.000 0.441 2.149 0.064 0.142 
---
1 test1dax_inconsistent left_hidden
0.536 1.620 0.027 0.576 0.000 0.267 0.814 0.244 0.918 0.313 1.197 1.296 0.814 0.000 0.000 0.000 0.490 0.456 1.342 0.938 
1 test1dax_inconsistent right_hidden
0.387 0.123 0.000 0.100 1.220 0.195 0.517 0.000 0.673 0.000 0.585 0.083 0.497 0.802 0.812 0.000 0.503 0.536 0.587 0.126 
---
0 test1dax_consistent left_hidden
1.781 0.509 0.000 0.536 0.912 0.409 0.378 0.000 0.000 0.191 1.012 0.000 0.621 0.125 0.264 0.335 0.869 0.000 0.512 1.681 
0 test1dax_consistent right_hidden
3.567 0.125 0.000 0.083 1.021 3.140 0.000 0.000 0.000 0.000 0.000 3.204 0.993 0.000 0.094 0.000 0.381 0.643 0.000 0.000 
---
1 test1dax_inconsistent left_hidden
1.781 0.509 0.000 0.536 0.912 0.409 0.378 0.000 0.000 0.191 1.012 0.000 0.621 0.125 0.264 0.335 0.869 0.000 0.512 1.681 
1 test1dax_inconsistent right_hidden
2.080 0.000 0.249 0.357 0.197 0.752 0.000 0.000 0.000 0.131 0.000 1.241 0.957 0.324 0.319 0.038 0.734 0.643 0.000 0.000 
---
0 test1dax_consistent left_hidden
1.647 0.000 1.247 0.000 0.000 1.423 0.000 0.199 0.000 1.116 0.000 0.047 0.000 0.000 0.550 0.194 0.520 0.243 2.084 0.022 
0 test1dax_consistent right_hidden
0.140 0.526 0.000 0.000 0.000 2.864 0.000 0.964 0.000 4.174 0.000 0.709 2.845 0.000 0.806 0.004 0.113 0.081 0.000 0.000 
---
1 test1dax_inconsistent left_hidden
1.647 0.000 1.247 0.000 0.000 1.423 0.000 0.199 0.000 1.116 0.000 0.047 0.000 0.000 0.550 0.194 0.520 0.243 2.084 0.022 
1 test1dax_inconsistent right_hidden
0.000 0.461 0.271 0.000 0.000 1.049 0.000 1.186 0.000 1.558 0.000 0.978 0.412 0.271 0.854 0.000 0.334 0.630 0.000 0.156 
---
0 test1dax_consistent left_hidden
1.051 0.276 1.121 0.000 0.990 1.523 0.473 0.000 1.348 0.683 0.551 0.150 0.341 0.131 0.000 0.000 0.000 0.729 0.146 1.641 
0 test1dax_consistent right_hidden
0.711 0.034 0.131 0.000 0.000 2.915 1.816 0.903 0.000 4.457 1.479 0.890 0.000 0.003 0.000 0.000 0.000 0.544 0.000 0.792 
---
1 test1dax_inconsistent left_hidden
1.051 0.276 1.121 0.000 0.990 1.523 0.473 0.000 1.348 0.683 0.551 0.150 0.341 0.131 0.000 0.000 0.000 0.729 0.146 1.641 
1 test1dax_inconsistent right_hidden
0.913 0.073 0.808 0.294 0.000 0.986 1.587 0.097 0.000 1.840 0.079 0.816 0.000 0.361 0.079 0.037 0.000 0.454 0.000 0.529 
---
0 test1dax_consistent left_hidden
0.000 0.366 0.000 0.017 0.100 0.107 0.000 0.437 1.268 2.062 0.287 0.912 0.000 0.000 0.000 0.646 0.524 0.262 0.245 1.737 
0 test1dax_consistent right_hidden
0.000 2.471 0.000 0.000 0.000 3.397 1.294 0.000 0.000 3.892 1.848 0.000 0.000 2.719 0.000 0.733 0.000 0.000 0.000 0.000 
---
1 test1dax_inconsistent left_hidden
0.000 0.366 0.000 0.017 0.100 0.107 0.000 0.437 1.268 2.062 0.287 0.912 0.000 0.000 0.000 0.646 0.524 0.262 0.245 1.737 
1 test1dax_inconsistent right_hidden
0.004 0.998 0.000 0.000 0.000 1.413 1.533 0.000 0.683 1.166 1.091 0.000 0.000 1.526 0.000 0.078 0.152 0.000 0.000 0.051 
---
0 test1dax_consistent left_hidden
0.000 0.538 0.000 1.242 0.000 0.650 0.000 0.549 1.350 0.164 0.111 0.745 1.376 0.927 1.326 0.000 0.208 1.137 0.875 0.000 
0 test1dax_consistent right_hidden
0.000 0.000 0.000 1.935 0.000 0.908 0.000 0.000 1.633 1.364 0.000 0.303 0.804 2.975 0.801 0.000 2.476 0.874 3.575 0.364 
---
1 test1dax_inconsistent left_hidden
0.000 0.538 0.000 1.242 0.000 0.650 0.000 0.549 1.350 0.164 0.111 0.745 1.376 0.927 1.326 0.000 0.208 1.137 0.875 0.000 
1 test1dax_inconsistent right_hidden
0.000 0.000 0.000 1.776 0.000 0.032 0.000 0.000 0.300 0.811 0.000 0.941 0.130 1.184 0.703 0.000 1.736 0.764 1.287 0.567 
---
0 test1dax_consistent left_hidden
0.266 0.000 1.121 0.513 0.633 0.905 0.000 0.000 1.498 0.846 0.596 0.000 0.981 0.290 0.507 0.000 0.000 0.021 0.000 1.871 
0 test1dax_consistent right_hidden
0.006 0.530 0.000 0.000 1.296 0.282 0.121 0.000 2.842 1.268 1.672 0.000 0.774 0.000 0.000 0.000 2.883 1.437 0.000 3.006 
---
1 test1dax_inconsistent left_hidden
0.266 0.000 1.121 0.513 0.633 0.905 0.000 0.000 1.498 0.846 0.596 0.000 0.981 0.290 0.507 0.000 0.000 0.021 0.000 1.871 
1 test1dax_inconsistent right_hidden
0.524 0.385 0.000 0.000 0.883 0.510 0.745 0.000 1.021 0.948 1.015 0.000 0.142 0.000 0.585 0.000 0.968 1.360 0.244 0.917 
---
0 test1dax_consistent left_hidden
0.000 0.542 0.370 0.000 1.547 0.461 0.178 1.488 0.000 0.000 2.545 0.000 0.025 0.000 0.000 0.063 0.019 0.000 0.279 0.070 
0 test1dax_consistent right_hidden
0.000 3.424 1.017 0.000 1.116 3.244 3.784 1.231 0.000 0.536 0.716 0.000 0.840 0.000 0.000 0.566 0.000 0.194 0.000 0.085 
---
1 test1dax_inconsistent left_hidden
0.000 0.542 0.370 0.000 1.547 0.461 0.178 1.488 0.000 0.000 2.545 0.000 0.025 0.000 0.000 0.063 0.019 0.000 0.279 0.070 
1 test1dax_inconsistent right_hidden
0.000 1.143 0.924 0.000 0.618 1.891 1.002 0.998 0.000 0.616 0.303 0.000 0.490 0.356 0.000 0.556 0.008 0.752 0.000 0.093 
---
0 test1dax_consistent left_hidden
0.951 1.377 1.254 0.000 0.000 0.000 1.701 0.909 0.060 0.000 0.678 0.597 0.000 0.000 0.017 0.517 0.000 1.475 0.548 0.000 
0 test1dax_consistent right_hidden
1.448 0.978 0.035 0.000 0.018 0.918 1.576 1.613 0.616 0.000 1.959 0.000 0.000 0.000 0.088 2.947 0.000 3.865 0.000 0.000 
---
1 test1dax_inconsistent left_hidden
0.951 1.377 1.254 0.000 0.000 0.000 1.701 0.909 0.060 0.000 0.678 0.597 0.000 0.000 0.017 0.517 0.000 1.475 0.548 0.000 
1 test1dax_inconsistent right_hidden
1.250 0.209 0.829 0.000 0.000 0.253 0.461 1.003 0.303 0.322 1.653 0.000 0.000 0.192 0.118 1.258 0.000 1.316 0.000 0.000 
---
0 test1dax_consistent left_hidden
0.156 0.000 0.298 0.694 0.000 1.018 0.788 0.262 2.174 0.980 0.000 0.000 0.541 0.136 0.703 0.035 0.650 0.000 0.000 1.589 
0 test1dax_consistent right_hidden
0.000 0.000 2.433 0.603 0.554 0.796 3.127 0.000 0.721 0.237 1.487 0.000 0.000 3.332 1.739 0.000 0.185 0.000 0.000 0.000 
---
1 test1dax_inconsistent left_hidden
0.156 0.000 0.298 0.694 0.000 1.018 0.788 0.262 2.174 0.980 0.000 0.000 0.541 0.136 0.703 0.035 0.650 0.000 0.000 1.589 
1 test1dax_inconsistent right_hidden
0.031 0.000 0.531 0.544 0.244 1.044 1.556 0.298 0.000 0.277 0.363 0.000 0.260 1.607 0.332 0.000 0.204 0.000 0.000 0.503 
---
0 test1dax_consistent left_hidden
1.783 0.642 0.000 0.403 0.508 0.162 0.000 0.261 0.576 0.000 0.000 0.205 1.468 0.000 0.734 0.000 0.325 1.759 0.376 0.462 
0 test1dax_consistent right_hidden
0.385 0.058 0.000 0.000 0.347 0.000 0.000 0.000 2.527 0.000 2.181 0.413 1.711 3.595 0.577 0.000 0.391 0.000 1.174 3.270 
---
1 test1dax_inconsistent left_hidden
1.783 0.642 0.000 0.403 0.508 0.162 0.000 0.261 0.576 0.000 0.000 0.205 1.468 0.000 0.734 0.000 0.325 1.759 0.376 0.462 
1 test1dax_inconsistent right_hidden
0.529 0.000 0.000 0.000 0.631 0.000 0.000 0.080 1.444 0.000 1.340 0.569 0.417 0.990 0.715 0.000 0.789 0.000 0.307 1.067 
---
0 test1dax_consistent left_hidden
0.734 0.472 0.000 0.000 0.942 1.304 0.000 0.000 0.102 2.505 1.160 0.269 0.724 0.098 0.000 0.000 0.610 0.000 0.000 0.353 
0 test1dax_consistent right_hidden
0.000 0.000 0.055 0.247 0.000 3.861 0.000 1.853 0.000 3.965 0.478 0.000 2.248 0.000 0.000 0.000 0.000 0.000 0.000 0.000 
---
1 test1dax_inconsistent left_hidden
0.734 0.472 0.000 0.000 0.942 1.304 0.000 0.000 0.102 2.505 1.160 0.269 0.724 0.098 0.000 0.000 0.610 0.000 0.000 0.353 
1 test1dax_inconsistent right_hidden
0.108 0.000 0.000 0.513 0.000 1.982 0.000 0.689 0.468 1.141 0.838 0.377 1.609 0.000 0.560 0.000 0.000 0.000 0.000 0.000 
---
0 test1dax_consistent left_hidden
0.000 0.000 0.491 0.047 0.837 0.297 1.291 0.841 0.000 1.481 0.996 1.063 0.000 0.000 0.838 1.254 0.487 1.061 1.148 0.000 
0 test1dax_consistent right_hidden
0.285 0.000 1.624 1.807 0.481 0.094 0.543 4.355 0.000 0.354 0.162 0.084 0.000 1.208 0.683 0.743 2.567 0.400 2.569 0.000 
---
1 test1dax_inconsistent left_hidden
0.000 0.000 0.491 0.047 0.837 0.297 1.291 0.841 0.000 1.481 0.996 1.063 0.000 0.000 0.838 1.254 0.487 1.061 1.148 0.000 
1 test1dax_inconsistent right_hidden
0.469 0.115 0.352 0.193 0.062 0.493 0.000 1.657 0.000 0.929 0.309 0.230 0.000 0.790 0.596 1.203 0.865 0.377 0.888 0.031 
---
0 test1dax_consistent left_hidden
0.000 0.065 0.000 2.052 2.135 1.722 0.460 0.253 0.000 0.169 0.000 1.175 0.000 0.000 0.383 0.000 0.001 0.000 1.326 0.000 
0 test1dax_consistent right_hidden
0.018 3.796 0.000 3.897 0.000 1.310 0.039 0.803 0.000 0.000 0.000 0.233 0.017 0.000 0.144 0.000 0.000 0.000 2.180 0.000 
---
1 test1dax_inconsistent left_hidden
0.000 0.065 0.000 2.052 2.135 1.722 0.460 0.253 0.000 0.169 0.000 1.175 0.000 0.000 0.383 0.000 0.001 0.000 1.326 0.000 
1 test1dax_inconsistent right_hidden
0.410 1.170 0.059 1.973 0.078 1.049 0.383 0.964 0.433 0.000 0.000 0.179 0.000 0.451 0.249 0.251 0.000 0.000 0.032 0.000 
---
0 test1dax_consistent left_hidden
0.311 0.033 0.000 2.455 0.458 0.000 0.161 0.317 1.482 0.800 0.000 1.606 0.000 0.000 0.233 0.000 0.000 0.276 0.120 0.213 
0 test1dax_consistent right_hidden
3.002 0.000 2.815 0.472 1.481 0.095 0.286 0.122 2.444 0.025 0.000 0.370 0.170 0.521 2.708 0.000 0.000 0.000 0.000 1.535 
---
1 test1dax_inconsistent left_hidden
0.311 0.033 0.000 2.455 0.458 0.000 0.161 0.317 1.482 0.800 0.000 1.606 0.000 0.000 0.233 0.000 0.000 0.276 0.120 0.213 
1 test1dax_inconsistent right_hidden
1.122 0.000 0.682 0.618 1.149 0.132 0.815 0.241 1.182 0.247 0.000 0.154 0.023 0.656 0.665 0.000 0.000 0.000 0.039 0.988 
---
0 test1dax_consistent left_hidden
0.000 2.567 0.000 1.117 0.706 0.014 0.404 0.879 0.387 0.000 0.003 1.556 0.000 0.149 0.000 0.000 0.447 0.000 0.751 0.000 
0 test1dax_consistent right_hidden
1.288 1.651 0.000 1.654 1.509 0.000 2.529 0.110 2.143 0.000 0.005 0.805 0.000 2.247 0.000 2.714 0.043 3.072 0.000 0.000 
---
1 test1dax_inconsistent left_hidden
0.000 2.567 0.000 1.117 0.706 0.014 0.404 0.879 0.387 0.000 0.003 1.556 0.000 0.149 0.000 0.000 0.447 0.000 0.751 0.000 
1 test1dax_inconsistent right_hidden
0.903 1.705 0.000 0.487 0.751 0.000 1.299 0.000 0.546 0.000 0.246 0.000 0.000 1.347 0.000 1.013 0.000 1.372 0.262 0.158 
---
0 test1dax_consistent left_hidden
0.188 0.711 0.000 0.817 0.000 0.000 0.000 0.000 1.988 0.152 1.849 1.210 0.000 0.395 0.000 0.413 0.256 0.000 1.370 0.000 
0 test1dax_consistent right_hidden
0.000 0.119 0.181 2.712 0.000 0.000 2.694 0.000 4.154 0.000 0.000 2.619 0.000 0.061 0.890 0.000 0.311 0.000 1.769 0.766 
---
1 test1dax_inconsistent left_hidden
0.188 0.711 0.000 0.817 0.000 0.000 0.000 0.000 1.988 0.152 1.849 1.210 0.000 0.395 0.000 0.413 0.256 0.000 1.370 0.000 
1 test1dax_inconsistent right_hidden
0.000 0.000 0.056 2.144 0.000 0.000 0.775 0.000 1.667 0.000 0.396 0.582 0.000 0.235 0.841 0.000 0.511 0.000 0.806 0.587 
---
0 test1dax_consistent left_hidden
1.464 0.000 0.000 0.000 0.000 1.092 1.569 0.000 0.549 0.476 0.000 0.345 0.832 0.000 1.670 0.000 0.000 1.670 0.000 0.586 
0 test1dax_consistent right_hidden
1.786 0.000 0.000 0.000 0.000 0.362 0.000 0.000 0.000 0.215 0.000 0.139 3.404 0.070 4.182 0.000 0.000 0.283 1.120 2.997 
---
1 test1dax_inconsistent left_hidden
1.464 0.000 0.000 0.000 0.000 1.092 1.569 0.000 0.549 0.476 0.000 0.345 0.832 0.000 1.670 0.000 0.000 1.670 0.000 0.586 
1 test1dax_inconsistent right_hidden
0.433 0.000 0.000 0.000 0.000 0.558 0.000 0.011 0.000 1.342 0.000 0.000 1.122 0.170 2.052 0.099 0.000 0.000 0.000 1.661 
---
0 test1dax_consistent left_hidden
0.285 0.878 0.458 0.872 0.000 0.000 1.141 0.121 0.804 0.000 0.438 0.005 1.892 0.000 0.509 1.365 1.047 1.133 0.262 0.409 
0 test1dax_consistent right_hidden
0.000 2.526 0.000 0.691 0.000 0.080 0.000 0.017 1.293 0.000 1.022 0.000 3.683 0.000 0.129 0.000 0.030 2.858 2.322 0.000 
---
1 test1dax_inconsistent left_hidden
0.285 0.878 0.458 0.872 0.000 0.000 1.141 0.121 0.804 0.000 0.438 0.005 1.892 0.000 0.509 1.365 1.047 1.133 0.262 0.409 
1 test1dax_inconsistent right_hidden
0.000 0.629 0.270 0.804 0.398 0.391 0.000 0.020 0.672 0.000 0.000 0.000 1.543 0.000 0.586 0.000 0.000 1.651 0.835 0.424 
---
0 test1dax_consistent left_hidden
0.278 0.000 0.000 1.588 0.000 0.259 0.122 1.134 0.368 0.338 0.000 0.000 1.856 0.000 0.880 0.830 0.026 1.796 0.000 0.000 
0 test1dax_consistent right_hidden
0.734 0.000 0.000 1.453 0.000 1.392 0.000 0.099 0.949 1.226 0.000 0.062 0.052 0.000 0.244 5.115 1.565 0.000 0.000 1.160 
---
1 test1dax_inconsistent left_hidden
0.278 0.000 0.000 1.588 0.000 0.259 0.122 1.134 0.368 0.338 0.000 0.000 1.856 0.000 0.880 0.830 0.026 1.796 0.000 0.000 
1 test1dax_inconsistent right_hidden
0.517 0.000 0.124 0.106 0.000 1.176 0.137 0.369 0.898 1.059 0.000 0.000 0.513 0.249 0.374 1.827 0.906 0.243 0.000 0.279 
---
0 test1dax_consistent left_hidden
1.724 0.234 0.000 0.669 0.000 0.391 0.978 0.000 0.543 0.000 0.739 0.000 0.000 1.793 0.458 0.000 1.150 0.108 1.184 0.955 
0 test1dax_consistent right_hidden
3.153 0.000 0.000 0.527 0.000 0.041 0.000 0.000 0.000 0.623 3.974 0.128 0.000 0.000 0.015 0.000 2.096 2.813 0.098 0.000 
---
1 test1dax_inconsistent left_hidden
1.724 0.234 0.000 0.669 0.000 0.391 0.978 0.000 0.543 0.000 0.739 0.000 0.000 1.793 0.458 0.000 1.150 0.108 1.184 0.955 
1 test1dax_inconsistent right_hidden
2.083 0.000 0.000 0.068 0.000 0.000 0.065 0.000 0.353 0.401 1.263 0.402 0.000 0.357 0.369 0.000 1.488 0.553 0.138 0.000 
---
0 test1dax_consistent left_hidden
0.000 0.097 1.389 0.361 2.721 0.538 0.000 0.000 0.000 1.339 0.000 0.019 0.180 0.000 0.269 0.000 1.173 0.000 0.731 0.247 
0 test1dax_consistent right_hidden
0.000 0.000 4.476 0.000 0.104 0.013 0.000 0.000 3.408 0.387 1.636 1.119 2.333 0.000 0.000 0.000 0.000 0.000 0.368 0.000 
---
1 test1dax_inconsistent left_hidden
0.000 0.097 1.389 0.361 2.721 0.538 0.000 0.000 0.000 1.339 0.000 0.019 0.180 0.000 0.269 0.000 1.173 0.000 0.731 0.247 
1 test1dax_inconsistent right_hidden
0.000 0.047 1.314 0.000 0.365 0.806 0.000 0.000 2.226 0.000 0.634 0.485 1.201 0.000 0.000 0.000 0.000 0.000 0.109 0.208 
---
0 test1dax_consistent left_hidden
1.029 2.011 0.867 0.000 0.094 0.000 0.857 0.710 0.161 1.140 0.741 0.360 0.096 1.106 0.000 0.427 0.041 1.333 0.577 0.000 
0 test1dax_consistent right_hidden
0.000 1.104 0.000 0.005 0.088 2.163 0.349 0.948 0.094 0.000 1.705 0.000 1.013 4.493 0.000 0.961 0.000 2.843 0.000 0.000 
---
1 test1dax_inconsistent left_hidden
1.029 2.011 0.867 0.000 0.094 0.000 0.857 0.710 0.161 1.140 0.741 0.360 0.096 1.106 0.000 0.427 0.041 1.333 0.577 0.000 
1 test1dax_inconsistent right_hidden
0.000 0.825 0.000 0.145 0.263 0.920 0.456 1.262 0.000 0.000 0.361 0.108 0.000 1.457 0.000 1.046 0.000 1.882 0.198 0.000 
---
0 test1dax_consistent left_hidden
0.545 0.000 0.839 0.000 0.000 1.079 0.000 0.359 2.443 0.699 0.279 1.007 0.000 1.337 0.089 0.000 0.000 1.421 0.027 0.038 
0 test1dax_consistent right_hidden
1.373 0.000 1.747 0.000 3.185 0.000 0.000 2.697 1.501 0.366 0.000 1.781 3.665 1.524 0.000 0.000 0.000 0.488 0.760 0.000 
---
1 test1dax_inconsistent left_hidden
0.545 0.000 0.839 0.000 0.000 1.079 0.000 0.359 2.443 0.699 0.279 1.007 0.000 1.337 0.089 0.000 0.000 1.421 0.027 0.038 
1 test1dax_inconsistent right_hidden
0.206 0.000 0.348 0.101 1.880 0.000 0.000 1.218 1.001 0.655 0.000 0.560 1.415 1.208 0.000 0.000 0.000 0.285 0.416 0.000 
---
0 test1dax_consistent left_hidden
0.237 0.000 0.891 0.478 0.429 1.162 0.000 0.451 0.446 0.090 0.307 0.056 0.925 0.219 1.866 1.368 0.000 0.367 1.625 0.702 
0 test1dax_consistent right_hidden
0.213 0.315 1.135 0.000 2.549 1.222 0.921 0.000 0.533 0.000 2.053 1.120 2.589 3.539 0.732 0.000 0.000 0.032 0.000 1.011 
---
1 test1dax_inconsistent left_hidden
0.237 0.000 0.891 0.478 0.429 1.162 0.000 0.451 0.446 0.090 0.307 0.056 0.925 0.219 1.866 1.368 0.000 0.367 1.625 0.702 
1 test1dax_inconsistent right_hidden
0.000 0.081 1.082 0.088 1.351 0.310 0.000 0.197 0.845 0.159 0.885 0.160 0.976 1.099 0.450 0.040 0.000 0.000 0.514 1.046 
---
0 test1dax_consistent left_hidden
0.279 0.000 0.251 0.608 0.000 0.959 1.383 2.137 0.000 0.000 0.577 0.000 0.000 1.031 0.000 0.085 0.017 0.488 0.000 1.743 
0 test1dax_consistent right_hidden
0.494 0.000 0.000 0.310 0.000 1.922 0.181 3.473 0.643 0.000 0.523 1.145 0.000 0.264 2.428 2.448 1.787 1.162 0.000 0.515 
---
1 test1dax_inconsistent left_hidden
0.279 0.000 0.251 0.608 0.000 0.959 1.383 2.137 0.000 0.000 0.577 0.000 0.000 1.031 0.000 0.085 0.017 0.488 0.000 1.743 
1 test1dax_inconsistent right_hidden
0.410 0.190 0.155 0.869 0.000 0.280 0.342 1.269 0.218 0.149 0.714 0.754 0.000 0.732 0.999 1.005 0.856 1.072 0.000 0.145 
---
0 test1dax_consistent left_hidden
0.380 0.000 1.974 0.100 0.610 0.000 0.618 0.000 0.464 0.000 0.000 0.000 0.000 1.357 1.160 1.706 0.727 0.000 0.810 0.000 
0 test1dax_consistent right_hidden
0.291 0.000 0.911 1.352 0.899 0.086 2.223 0.000 0.176 0.000 1.818 0.000 0.000 0.050 0.044 1.439 3.422 0.270 4.076 0.000 
---
1 test1dax_inconsistent left_hidden
0.380 0.000 1.974 0.100 0.610 0.000 0.618 0.000 0.464 0.000 0.000 0.000 0.000 1.357 1.160 1.706 0.727 0.000 0.810 0.000 
1 test1dax_inconsistent right_hidden
0.667 0.000 1.476 0.629 0.106 0.099 0.380 0.000 0.486 0.000 0.754 0.000 0.000 0.200 0.000 0.485 1.828 0.351 1.484 0.000 
---
0 test1dax_consistent left_hidden
0.000 0.358 0.000 0.787 0.347 0.000 0.000 0.060 0.482 0.852 0.335 0.086 0.765 0.161 0.000 0.000 0.394 1.604 2.746 0.000 
0 test1dax_consistent right_hidden
0.000 1.191 0.705 2.126 2.543 0.000 0.000 0.321 1.947 0.000 1.868 0.000 0.036 2.449 3.984 0.000 0.000 0.105 1.213 0.000 
---
1 test1dax_inconsistent left_hidden
0.000 0.358 0.000 0.787 0.347 0.000 0.000 0.060 0.482 0.852 0.335 0.086 0.765 0.161 0.000 0.000 0.394 1.604 2.746 0.000 
1 test1dax_inconsistent right_hidden
0.641 0.538 0.481 1.623 1.642 0.000 0.000 0.630 0.437 0.021 1.373 0.000 0.039 1.020 1.007 0.000 0.000 0.424 0.346 0.000 
---
0 test1dax_consistent left_hidden
0.000 1.552 1.116 0.290 0.000 0.000 0.000 1.310 0.048 1.125 0.941 0.127 1.811 0.000 1.153 0.000 0.114 0.898 0.000 0.802 
0 test1dax_consistent right_hidden
0.000 1.080 3.366 0.121 2.211 0.000 0.000 1.904 0.303 1.957 0.190 1.383 0.112 2.404 0.000 0.000 0.000 1.418 1.539 0.874 
---
1 test1dax_inconsistent left_hidden
0.000 1.552 1.116 0.290 0.000 0.000 0.000 1.310 0.048 1.125 0.941 0.127 1.811 0.000 1.153 0.000 0.114 0.898 0.000 0.802 
1 test1dax_inconsistent right_hidden
0.000 0.271 1.017 0.661 0.807 0.000 0.000 1.193 0.000 0.578 0.000 0.513 0.643 1.468 0.000 0.000 0.017 0.537 0.183 0.723 
---
0 test1dax_consistent left_hidden
0.000 0.709 0.000 0.000 0.305 1.650 0.866 0.778 0.945 0.000 0.000 1.054 0.000 1.675 0.815 0.000 0.000 0.994 0.300 0.571 
0 test1dax_consistent right_hidden
0.000 0.033 0.000 3.764 0.066 1.603 1.939 0.075 0.077 0.000 0.000 1.947 2.793 0.000 1.394 0.000 0.000 0.011 0.004 1.412 
---
1 test1dax_inconsistent left_hidden
0.000 0.709 0.000 0.000 0.305 1.650 0.866 0.778 0.945 0.000 0.000 1.054 0.000 1.675 0.815 0.000 0.000 0.994 0.300 0.571 
1 test1dax_inconsistent right_hidden
0.000 0.000 0.000 1.768 0.000 1.485 0.938 0.190 0.000 0.000 0.258 0.353 0.436 0.243 0.168 0.000 0.000 0.386 0.124 0.986 
---
0 test1dax_consistent left_hidden
0.000 1.456 0.000 0.000 0.501 0.000 1.732 1.098 1.075 1.219 0.859 0.000 0.314 0.000 0.035 0.000 0.000 0.827 0.163 1.450 
0 test1dax_consistent right_hidden
0.000 0.000 0.460 0.000 0.000 1.759 0.000 2.263 2.240 1.147 2.323 2.085 0.000 0.000 0.000 0.000 0.193 0.978 0.000 4.342 
---
1 test1dax_inconsistent left_hidden
0.000 1.456 0.000 0.000 0.501 0.000 1.732 1.098 1.075 1.219 0.859 0.000 0.314 0.000 0.035 0.000 0.000 0.827 0.163 1.450 
1 test1dax_inconsistent right_hidden
0.000 0.000 0.564 0.000 0.000 0.731 0.000 1.637 1.030 0.905 0.680 0.634 0.000 0.206 0.057 0.000 0.000 1.405 0.000 1.871 
---
0 test1dax_consistent left_hidden
0.380 1.755 0.037 0.419 0.220 1.622 1.227 0.472 0.215 0.000 0.454 0.854 0.000 0.024 0.602 0.000 0.000 0.004 0.342 1.482 
0 test1dax_consistent right_hidden
0.000 1.676 0.750 0.000 0.510 0.036 0.012 0.000 3.251 0.256 0.838 0.000 2.480 0.000 1.286 0.000 0.000 3.521 0.229 0.000 
---
1 test1dax_inconsistent left_hidden
0.380 1.755 0.037 0.419 0.220 1.622 1.227 0.472 0.215 0.000 0.454 0.854 0.000 0.024 0.602 0.000 0.000 0.004 0.342 1.482 
1 test1dax_inconsistent right_hidden
0.232 1.486 0.817 0.038 0.737 0.080 0.000 0.024 1.397 0.450 0.135 0.033 0.479 0.127 0.150 0.000 0.039 1.260 0.728 0.000 
---
0 test1dax_consistent left_hidden
1.366 0.830 0.000 0.684 1.335 1.052 0.360 0.000 0.571 0.056 0.000 1.734 0.151 1.909 0.076 0.000 0.023 0.000 0.648 0.000 
0 test1dax_consistent right_hidden
0.341 1.926 1.986 0.180 4.622 0.442 0.000 1.138 0.991 0.000 0.000 0.000 0.443 0.000 0.000 0.000 1.071 0.054 2.207 0.000 
---
1 test1dax_inconsistent left_hidden
1.366 0.830 0.000 0.684 1.335 1.052 0.360 0.000 0.571 0.056 0.000 1.734 0.151 1.909 0.076 0.000 0.023 0.000 0.648 0.000 
1 test1dax_inconsistent right_hidden
0.835 0.330 1.061 0.517 1.638 0.756 0.000 0.094 0.141 0.046 0.000 0.259 0.703 0.000 0.000 0.000 0.412 0.000 1.251 0.000 
---
0 test1dax_consistent left_hidden
0.384 0.139 0.097 0.324 0.504 0.000 1.372 1.912 0.171 0.808 0.000 0.865 0.228 0.063 1.812 0.208 0.000 0.000 0.491 0.403 
0 test1dax_consistent right_hidden
0.000 0.527 0.000 0.000 0.595 0.000 2.969 0.147 0.837 2.101 2.316 3.299 0.839 0.000 0.076 0.230 0.000 0.000 0.000 2.712 
---
1 test1dax_inconsistent left_hidden
0.384 0.139 0.097 0.324 0.504 0.000 1.372 1.912 0.171 0.808 0.000 0.865 0.228 0.063 1.812 0.208 0.000 0.000 0.491 0.403 
1 test1dax_inconsistent right_hidden
0.000 0.645 0.000 0.000 0.448 0.000 0.833 0.640 0.540 0.739 0.394 1.566 0.938 0.109 0.315 0.311 0.000 0.000 0.000 1.424 
---
0 test1dax_consistent left_hidden
0.924 0.854 1.516 0.365 0.000 0.428 1.567 0.906 0.212 0.000 1.348 0.000 1.165 0.000 0.000 0.277 0.048 1.450 0.575 0.027 
0 test1dax_consistent right_hidden
0.974 1.518 3.600 0.406 0.516 1.561 0.445 0.539 0.224 0.000 0.151 2.637 1.830 0.463 0.000 0.000 1.763 1.768 0.086 0.000 
---
1 test1dax_inconsistent left_hidden
0.924 0.854 1.516 0.365 0.000 0.428 1.567 0.906 0.212 0.000 1.348 0.000 1.165 0.000 0.000 0.277 0.048 1.450 0.575 0.027 
1 test1dax_inconsistent right_hidden
0.188 0.884 1.036 0.946 0.067 0.805 0.340 0.144 0.317 0.000 0.245 0.810 1.561 0.437 0.000 0.000 0.392 0.664 0.194 0.000 
---
0 test1dax_consistent left_hidden
0.000 0.000 0.256 0.000 0.000 1.247 0.000 0.000 0.136 0.239 0.000 0.024 0.700 0.759 0.000 1.254 1.160 2.620 0.138 0.000 
0 test1dax_consistent right_hidden
1.902 3.616 0.083 0.000 0.538 0.982 0.000 0.000 0.000 2.288 0.000 1.568 0.035 2.157 0.000 0.000 0.955 1.236 2.792 0.000 
---
1 test1dax_inconsistent left_hidden
0.000 0.000 0.256 0.000 0.000 1.247 0.000 0.000 0.136 0.239 0.000 0.024 0.700 0.759 0.000 1.254 1.160 2.620 0.138 0.000 
1 test1dax_inconsistent right_hidden
0.450 1.038 0.000 0.000 0.309 0.000 0.000 0.273 0.000 1.356 0.000 0.449 0.470 0.693 0.214 0.266 0.114 0.493 1.513 0.000 
---
0 test1dax_consistent left_hidden
0.000 0.484 0.932 0.094 0.794 0.000 0.000 0.000 0.791 0.907 0.693 1.644 0.697 0.000 1.776 0.909 0.668 1.276 0.235 0.008 
0 test1dax_consistent right_hidden
0.000 1.427 0.880 0.554 0.000 0.836 0.000 1.828 0.696 0.000 0.124 2.353 0.000 0.000 3.906 0.000 0.000 0.000 3.166 0.000 
---
1 test1dax_inconsistent left_hidden
0.000 0.484 0.932 0.094 0.794 0.000 0.000 0.000 0.791 0.907 0.693 1.644 0.697 0.000 1.776 0.909 0.668 1.276 0.235 0.008 
1 test1dax_inconsistent right_hidden
0.110 1.603 0.378 0.228 0.286 0.000 0.000 0.382 0.445 0.000 0.196 0.424 0.000 0.000 1.979 0.000 0.232 0.000 0.938 0.000 
---
0 test1dax_consistent left_hidden
0.140 0.000 0.977 0.279 0.000 1.654 0.000 0.000 0.000 2.460 0.350 0.000 0.000 0.000 1.021 1.279 0.000 0.000 1.162 0.000 
0 test1dax_consistent right_hidden
2.430 0.000 0.591 1.383 0.585 2.334 0.448 2.624 0.867 0.038 1.360 2.557 0.000 0.000 2.152 0.000 0.000 0.000 0.117 0.000 
---
1 test1dax_inconsistent left_hidden
0.140 0.000 0.977 0.279 0.000 1.654 0.000 0.000 0.000 2.460 0.350 0.000 0.000 0.000 1.021 1.279 0.000 0.000 1.162 0.000 
1 test1dax_inconsistent right_hidden
1.065 0.000 1.203 0.561 0.000 1.166 0.019 1.137 0.000 0.256 0.989 0.880 0.000 0.000 0.125 0.525 0.000 0.000 0.242 0.000 
---
0 test1dax_consistent left_hidden
0.000 0.878 0.000 0.243 2.954 0.000 0.219 0.380 0.685 0.054 0.365 0.000 0.644 0.392 0.000 0.729 0.000 0.207 0.639 0.924 
0 test1dax_consistent right_hidden
0.000 0.000 0.000 1.332 0.927 0.000 0.763 1.022 0.312 0.000 2.574 3.656 0.286 0.000 0.000 1.760 0.000 0.180 3.500 0.781 
---
1 test1dax_inconsistent left_hidden
0.000 0.878 0.000 0.243 2.954 0.000 0.219 0.380 0.685 0.054 0.365 0.000 0.644 0.392 0.000 0.729 0.000 0.207 0.639 0.924 
1 test1dax_inconsistent right_hidden
0.292 0.083 0.000 0.983 0.795 0.000 0.789 0.789 0.452 0.000 1.095 1.419 0.000 0.000 0.018 0.727 0.000 0.421 0.996 1.052 
---
0 test1dax_consistent left_hidden
0.000 1.102 0.000 1.308 0.215 0.000 1.534 0.000 2.388 0.083 0.000 0.000 0.375 0.592 0.000 0.000 0.001 0.000 0.000 0.215 
0 test1dax_consistent right_hidden
0.000 0.000 0.216 3.354 1.091 0.063 1.765 3.098 0.043 0.110 0.000 0.000 0.000 3.359 0.000 0.000 1.898 0.000 0.000 0.000 
---
1 test1dax_inconsistent left_hidden
0.000 1.102 0.000 1.308 0.215 0.000 1.534 0.000 2.388 0.083 0.000 0.000 0.375 0.592 0.000 0.000 0.001 0.000 0.000 0.215 
1 test1dax_inconsistent right_hidden
0.000 0.000 0.000 1.075 1.016 0.246 1.459 1.251 0.000 0.201 0.000 0.000 0.000 2.046 0.069 0.000 0.724 0.000 0.069 0.000 
---
0 test1dax_consistent left_hidden
0.000 0.000 0.150 0.508 0.000 0.179 0.000 0.568 0.540 0.544 0.515 0.000 0.343 0.000 0.323 2.892 0.000 1.193 0.322 0.867 
0 test1dax_consistent right_hidden
0.000 0.817 0.193 3.329 1.006 0.000 1.096 2.312 3.070 2.162 2.066 0.000 0.034 0.000 0.126 0.526 0.097 0.000 1.656 0.554 
---
1 test1dax_inconsistent left_hidden
0.000 0.000 0.150 0.508 0.000 0.179 0.000 0.568 0.540 0.544 0.515 0.000 0.343 0.000 0.323 2.892 0.000 1.193 0.322 0.867 
1 test1dax_inconsistent right_hidden
0.000 0.409 1.103 1.348 0.120 0.222 0.123 0.724 1.195 0.692 1.236 0.033 0.534 0.000 0.608 0.617 0.527 0.000 1.038 0.357 
---
0 test1dax_consistent left_hidden
0.439 0.000 1.357 0.000 0.337 1.601 1.217 0.000 0.000 0.251 0.082 0.019 0.753 0.000 0.000 0.391 0.000 2.326 0.000 0.000 
0 test1dax_consistent right_hidden
0.856 0.000 1.365 0.799 0.000 1.662 0.000 1.228 0.743 1.067 0.334 4.093 2.050 0.000 0.000 3.115 0.000 0.169 0.608 0.000 
---
1 test1dax_inconsistent left_hidden
0.439 0.000 1.357 0.000 0.337 1.601 1.217 0.000 0.000 0.251 0.082 0.019 0.753 0.000 0.000 0.391 0.000 2.326 0.000 0.000 
1 test1dax_inconsistent right_hidden
0.492 0.107 0.138 0.742 0.000 0.754 0.000 0.684 0.567 0.576 0.411 1.381 1.011 0.000 0.000 0.900 0.000 0.955 0.799 0.166 
---
0 test1dax_consistent left_hidden
0.000 1.121 0.235 0.348 1.512 1.609 0.672 0.088 0.942 0.780 0.000 0.452 0.000 1.349 0.812 0.000 0.265 0.683 0.603 0.000 
0 test1dax_consistent right_hidden
0.000 2.320 0.434 2.847 0.562 0.000 0.116 2.186 0.210 0.000 3.373 0.000 1.321 0.945 0.254 0.000 0.000 0.202 1.245 0.112 
---
1 test1dax_inconsistent left_hidden
0.000 1.121 0.235 0.348 1.512 1.609 0.672 0.088 0.942 0.780 0.000 0.452 0.000 1.349 0.812 0.000 0.265 0.683 0.603 0.000 
1 test1dax_inconsistent right_hidden
0.001 1.030 0.000 0.710 0.646 0.079 0.304 1.036 0.453 0.126 0.811 0.000 1.083 1.100 0.739 0.015 0.000 0.144 1.105 0.347 
---
0 test1dax_consistent left_hidden
0.022 0.000 1.209 1.894 0.293 0.000 0.004 0.136 0.962 0.838 0.778 1.214 0.099 0.814 0.958 0.940 0.919 0.000 0.000 0.400 
0 test1dax_consistent right_hidden
0.000 0.000 0.000 1.422 0.000 0.000 2.744 1.957 2.399 0.497 0.510 1.032 0.000 3.483 1.723 0.992 0.082 1.687 0.000 1.115 
---
1 test1dax_inconsistent left_hidden
0.022 0.000 1.209 1.894 0.293 0.000 0.004 0.136 0.962 0.838 0.778 1.214 0.099 0.814 0.958 0.940 0.919 0.000 0.000 0.400 
1 test1dax_inconsistent right_hidden
0.000 0.000 0.014 0.395 0.000 0.114 0.814 0.670 0.968 0.147 1.089 1.370 0.270 1.712 0.713 0.212 0.640 0.972 0.000 0.967 
---
0 test1dax_consistent left_hidden
1.097 2.214 0.003 2.205 0.248 0.000 0.006 0.454 0.000 0.685 0.000 0.171 1.256 0.517 0.000 0.396 0.050 0.000 0.010 0.000 
0 test1dax_consistent right_hidden
2.631 1.694 0.812 0.799 0.000 1.171 1.214 3.156 1.431 0.043 0.000 0.000 3.131 0.000 0.000 0.910 0.000 0.000 1.624 0.000 
---
1 test1dax_inconsistent left_hidden
1.097 2.214 0.003 2.205 0.248 0.000 0.006 0.454 0.000 0.685 0.000 0.171 1.256 0.517 0.000 0.396 0.050 0.000 0.010 0.000 
1 test1dax_inconsistent right_hidden
1.022 0.966 0.508 1.401 0.105 0.342 0.011 1.437 0.292 0.271 0.000 0.057 1.424 0.284 0.000 0.097 0.000 0.000 0.865 0.000 
---
0 test1dax_consistent left_hidden
0.031 0.003 0.061 0.319 0.740 0.648 0.000 0.331 0.741 0.000 1.496 1.496 0.000 0.000 0.000 1.023 0.146 0.184 0.066 2.208 
0 test1dax_consistent right_hidden
3.917 1.441 0.000 0.000 1.017 2.420 0.000 0.000 2.120 0.774 0.007 0.000 0.000 0.000 2.712 1.967 0.000 1.069 0.000 0.109 
---
1 test1dax_inconsistent left_hidden
0.031 0.003 0.061 0.319 0.740 0.648 0.000 0.331 0.741 0.000 1.496 1.496 0.000 0.000 0.000 1.023 0.146 0.184 0.066 2.208 
1 test1dax_inconsistent right_hidden
1.348 1.008 0.015 0.000 1.011 1.044 0.000 0.000 1.496 0.575 0.552 0.215 0.000 0.197 0.651 0.762 0.000 0.483 0.002 0.214 
---
0 test1dax_consistent left_hidden
0.000 0.728 0.849 2.024 0.197 0.425 0.246 0.452 0.000 0.000 1.923 0.463 0.630 0.000 1.171 0.000 1.022 0.254 0.000 0.000 
0 test1dax_consistent right_hidden
0.309 0.688 0.187 0.022 0.000 0.000 0.000 1.501 2.993 0.320 3.690 0.000 1.576 1.594 2.468 1.912 0.112 0.000 0.000 0.412 
---
1 test1dax_inconsistent left_hidden
0.000 0.728 0.849 2.024 0.197 0.425 0.246 0.452 0.000 0.000 1.923 0.463 0.630 0.000 1.171 0.000 1.022 0.254 0.000 0.000 
1 test1dax_inconsistent right_hidden
0.132 0.021 0.294 0.730 0.000 0.000 0.000 0.696 1.021 0.000 1.221 0.000 1.122 0.415 2.016 1.161 0.393 0.000 0.096 0.551 
---
0 test1dax_consistent left_hidden
0.000 0.000 0.244 0.454 0.000 0.000 0.168 0.897 0.512 0.535 0.000 2.077 0.490 0.777 0.401 0.000 0.000 2.395 0.000 0.525 
0 test1dax_consistent right_hidden
0.000 0.000 0.000 0.000 4.030 0.000 0.756 0.402 1.625 1.188 0.000 0.000 1.738 1.768 0.000 0.000 0.000 1.287 0.409 3.586 
---
1 test1dax_inconsistent left_hidden
0.000 0.000 0.244 0.454 0.000 0.000 0.168 0.897 0.512 0.535 0.000 2.077 0.490 0.777 0.401 0.000 0.000 2.395 0.000 0.525 
1 test1dax_inconsistent right_hidden
0.000 0.000 0.000 0.000 1.324 0.000 0.000 0.901 0.493 1.291 0.000 0.357 0.461 1.295 0.115 0.034 0.000 0.618 0.028 2.086 
---
0 test1dax_consistent left_hidden
0.000 2.126 0.000 0.923 0.115 0.243 0.000 0.000 0.031 0.119 0.200 0.005 0.356 0.000 0.000 1.509 0.000 0.000 2.095 0.352 
0 test1dax_consistent right_hidden
0.000 1.403 0.000 0.046 0.000 2.413 1.606 0.000 0.653 0.546 1.561 0.093 0.775 0.000 0.607 0.593 0.966 0.000 0.014 4.628 
---
1 test1dax_inconsistent left_hidden
0.000 2.126 0.000 0.923 0.115 0.243 0.000 0.000 0.031 0.119 0.200 0.005 0.356 0.000 0.000 1.509 0.000 0.000 2.095 0.352 
1 test1dax_inconsistent right_hidden
0.051 0.723 0.000 0.458 0.000 1.230 0.030 0.000 0.779 0.499 0.208 0.038 1.090 0.000 0.469 0.331 0.740 0.000 0.384 1.595 
---
0 test1dax_consistent left_hidden
0.149 0.163 1.624 0.000 1.249 1.082 1.349 0.272 0.000 0.000 1.860 0.291 0.000 0.000 0.366 1.090 0.000 0.000 0.000 0.000 
0 test1dax_consistent right_hidden
0.000 0.000 0.554 0.000 0.038 0.039 0.224 0.898 1.880 0.000 0.049 3.351 0.070 1.333 3.749 1.260 0.000 1.951 0.000 0.000 
---
1 test1dax_inconsistent left_hidden
0.149 0.163 1.624 0.000 1.249 1.082 1.349 0.272 0.000 0.000 1.860 0.291 0.000 0.000 0.366 1.090 0.000 0.000 0.000 0.000 
1 test1dax_inconsistent right_hidden
0.000 0.000 0.671 0.000 0.328 0.175 0.457 1.048 0.196 0.000 0.282 1.748 0.477 0.216 1.206 1.232 0.000 0.505 0.000 0.000 
---
0 test1dax_consistent left_hidden
0.908 0.049 0.148 0.788 0.099 1.354 0.000 0.188 0.732 0.000 0.174 0.292 0.270 0.000 0.000 1.238 1.638 0.000 0.287 2.173 
0 test1dax_consistent right_hidden
2.059 0.242 2.289 1.162 0.000 1.160 0.000 3.997 2.682 0.000 0.509 0.000 0.000 0.000 0.956 1.288 0.000 0.000 1.793 0.000 
---
1 test1dax_inconsistent left_hidden
0.908 0.049 0.148 0.788 0.099 1.354 0.000 0.188 0.732 0.000 0.174 0.292 0.270 0.000 0.000 1.238 1.638 0.000 0.287 2.173 
1 test1dax_inconsistent right_hidden
0.898 0.000 0.130 0.196 0.000 0.758 0.000 1.973 0.991 0.000 0.839 0.000 0.000 0.000 0.660 0.861 0.466 0.000 0.822 0.517 
---
0 test1dax_consistent left_hidden
0.078 1.712 0.790 0.122 0.000 0.511 1.192 0.261 1.140 0.225 0.132 0.103 0.399 0.022 0.021 1.120 1.795 0.255 0.000 0.092 
0 test1dax_consistent right_hidden
0.056 0.000 0.096 0.885 0.000 0.008 0.000 2.598 0.000 2.714 0.000 0.000 3.501 1.298 0.000 0.507 0.695 0.759 0.040 2.355 
---
1 test1dax_inconsistent left_hidden
0.078 1.712 0.790 0.122 0.000 0.511 1.192 0.261 1.140 0.225 0.132 0.103 0.399 0.022 0.021 1.120 1.795 0.255 0.000 0.092 
1 test1dax_inconsistent right_hidden
0.292 0.471 0.000 0.089 0.000 0.009 0.000 0.645 0.070 0.615 0.000 0.110 1.539 0.126 0.149 1.233 0.276 0.753 0.516 1.169 
---
0 test1dax_consistent left_hidden
0.000 1.147 0.400 0.000 0.000 0.015 0.936 0.000 0.465 0.000 0.000 0.625 0.000 0.736 0.564 0.000 0.366 0.000 0.000 2.831 
0 test1dax_consistent right_hidden
0.000 0.812 0.301 0.000 0.000 4.106 0.340 0.000 0.000 0.000 0.000 3.110 0.000 0.000 1.002 0.000 0.386 2.741 1.019 2.372 
---
1 test1dax_inconsistent left_hidden
0.000 1.147 0.400 0.000 0.000 0.015 0.936 0.000 0.465 0.000 0.000 0.625 0.000 0.736 0.564 0.000 0.366 0.000 0.000 2.831 
1 test1dax_inconsistent right_hidden
0.053 0.000 0.000 0.000 0.000 1.677 0.516 0.000 0.362 0.000 0.000 1.104 0.000 0.221 0.000 0.425 0.035 1.398 0.081 1.521 
---
0 test1dax_consistent left_hidden
0.000 0.339 0.000 0.000 1.174 0.371 1.968 1.020 0.000 0.202 1.615 0.000 0.657 0.000 0.000 0.000 0.000 0.000 0.074 1.174 
0 test1dax_consistent right_hidden
0.000 0.047 0.000 3.271 0.143 0.877 2.769 1.126 0.000 0.469 3.027 0.263 0.486 0.000 0.000 0.831 2.576 0.000 0.000 0.000 
---
1 test1dax_inconsistent left_hidden
0.000 0.339 0.000 0.000 1.174 0.371 1.968 1.020 0.000 0.202 1.615 0.000 0.657 0.000 0.000 0.000 0.000 0.000 0.074 1.174 
1 test1dax_inconsistent right_hidden
0.000 0.632 0.000 0.876 1.047 0.242 0.538 0.961 0.000 0.012 1.535 0.370 0.964 0.000 0.016 0.200 1.382 0.000 0.000 0.000 
---
0 test1dax_consistent left_hidden
0.133 0.551 1.632 0.000 0.666 0.000 0.045 1.220 1.780 1.542 0.883 0.106 0.000 0.664 0.000 0.249 0.047 0.408 0.079 0.000 
0 test1dax_consistent right_hidden
2.020 0.000 0.264 0.000 1.955 0.000 0.478 3.008 0.307 0.000 0.000 0.187 0.000 0.407 1.943 3.484 1.589 0.071 1.915 0.000 
---
1 test1dax_inconsistent left_hidden
0.133 0.551 1.632 0.000 0.666 0.000 0.045 1.220 1.780 1.542 0.883 0.106 0.000 0.664 0.000 0.249 0.047 0.408 0.079 0.000 
1 test1dax_inconsistent right_hidden
0.739 0.495 0.000 0.000 0.437 0.000 0.000 0.753 0.993 0.406 0.000 0.608 0.076 0.237 0.549 1.631 1.248 0.212 0.714 0.000 
---
0 test1dax_consistent left_hidden
0.000 0.000 0.000 0.270 0.000 2.397 0.000 0.000 1.928 0.454 0.000 0.000 0.013 0.000 0.000 0.116 2.026 0.008 0.000 0.252 
0 test1dax_consistent right_hidden
0.000 0.000 0.000 2.667 0.000 1.371 0.000 0.278 0.622 0.000 0.000 0.000 0.000 1.452 3.665 3.924 2.343 1.187 0.000 0.000 
---
1 test1dax_inconsistent left_hidden
0.000 0.000 0.000 0.270 0.000 2.397 0.000 0.000 1.928 0.454 0.000 0.000 0.013 0.000 0.000 0.116 2.026 0.008 0.000 0.252 
1 test1dax_inconsistent right_hidden
0.000 0.000 0.096 1.144 0.000 0.701 0.000 0.101 1.105 0.070 0.000 0.000 0.000 0.505 1.540 1.947 1.208 0.000 0.000 0.000 
---
0 test1dax_consistent left_hidden
0.873 0.000 0.000 0.858 0.831 1.226 0.000 0.000 0.000 0.698 0.614 0.000 0.777 0.000 0.000 2.680 0.000 0.000 0.376 0.780 
0 test1dax_consistent right_hidden
0.889 0.847 0.000 1.452 0.134 0.249 0.000 0.000 0.000 0.131 3.366 0.000 0.000 0.000 0.952 2.375 0.000 0.000 2.427 2.957 
---
1 test1dax_inconsistent left_hidden
0.873 0.000 0.000 0.858 0.831 1.226 0.000 0.000 0.000 0.698 0.614 0.000 0.777 0.000 0.000 2.680 0.000 0.000 0.376 0.780 
1 test1dax_inconsistent right_hidden
1.120 0.551 0.229 0.056 0.078 0.294 0.000 0.000 0.000 0.207 1.404 0.000 0.036 0.337 0.725 0.971 0.000 0.000 1.241 1.255 
---
0 test1dax_consistent left_hidden
0.218 0.050 0.657 0.000 0.000 0.000 0.876 0.000 0.000 1.014 0.127 0.000 2.630 0.284 1.148 0.000 1.322 0.233 0.222 0.000 
0 test1dax_consistent right_hidden
1.699 0.407 0.000 0.000 0.767 0.000 3.726 0.000 0.000 1.997 0.000 0.000 0.965 0.000 2.037 0.000 0.907 0.000 3.340 2.379 
---
1 test1dax_inconsistent left_hidden
0.218 0.050 0.657 0.000 0.000 0.000 0.876 0.000 0.000 1.014 0.127 0.000 2.630 0.284 1.148 0.000 1.322 0.233 0.222 0.000 
1 test1dax_inconsistent right_hidden
0.388 0.491 0.000 0.000 0.783 0.000 1.389 0.000 0.000 1.721 0.000 0.000 0.355 0.365 0.871 0.000 1.113 0.000 1.993 0.192 
---
0 test1dax_consistent left_hidden
0.506 0.547 0.989 0.724 0.000 0.104 0.000 0.159 0.302 0.475 1.236 1.551 0.000 1.174 0.601 0.227 0.564 1.296 0.357 0.244 
0 test1dax_consistent right_hidden
0.000 0.000 0.120 1.221 0.604 1.018 0.596 0.740 0.000 0.000 0.357 0.000 0.000 1.929 1.158 0.000 3.914 1.521 3.287 0.000 
---
1 test1dax_inconsistent left_hidden
0.506 0.547 0.989 0.724 0.000 0.104 0.000 0.159 0.302 0.475 1.236 1.551 0.000 1.174 0.601 0.227 0.564 1.296 0.357 0.244 
1 test1dax_inconsistent right_hidden
0.000 0.341 0.283 0.354 0.605 0.694 0.634 0.621 0.000 0.000 0.846 0.075 0.000 1.548 1.011 0.000 1.121 1.069 1.268 0.000 
---
0 test1dax_consistent left_hidden
0.056 0.000 0.460 0.000 1.203 0.000 0.450 1.857 0.000 1.170 0.000 0.000 1.306 0.000 0.317 0.187 1.510 1.285 0.272 0.064 
0 test1dax_consistent right_hidden
0.301 0.000 3.811 0.283 0.000 0.000 0.484 3.586 1.823 0.000 0.000 0.000 0.000 0.000 2.923 1.297 0.000 0.000 0.044 0.000 
---
1 test1dax_inconsistent left_hidden
0.056 0.000 0.460 0.000 1.203 0.000 0.450 1.857 0.000 1.170 0.000 0.000 1.306 0.000 0.317 0.187 1.510 1.285 0.272 0.064 
1 test1dax_inconsistent right_hidden
0.368 0.000 1.436 0.000 0.037 0.000 0.022 1.126 1.392 0.263 0.000 0.000 0.009 0.000 2.098 0.000 0.509 0.000 0.326 0.000 
---
0 test1dax_consistent left_hidden
2.553 0.244 0.512 0.711 0.024 0.000 0.176 0.000 0.400 0.000 1.651 0.841 0.000 0.000 0.121 0.066 0.567 0.000 0.000 0.000 
0 test1dax_consistent right_hidden
0.000 1.605 0.000 0.000 2.431 1.100 0.000 1.557 1.744 0.000 1.231 4.253 0.000 0.000 0.000 0.000 2.421 0.000 0.992 0.000 
---
1 test1dax_inconsistent left_hidden
2.553 0.244 0.512 0.711 0.024 0.000 0.176 0.000 0.400 0.000 1.651 0.841 0.000 0.000 0.121 0.066 0.567 0.000 0.000 0.000 
1 test1dax_inconsistent right_hidden
0.585 0.940 0.000 0.249 1.197 0.438 0.000 0.714 0.719 0.000 0.838 1.509 0.000 0.000 0.000 0.090 1.358 0.000 0.776 0.008 
---
0 test1dax_consistent left_hidden
1.413 0.000 0.042 0.000 0.471 0.000 1.185 0.611 0.677 0.764 0.034 0.000 0.185 0.000 0.000 0.094 0.000 0.000 2.425 1.047 
0 test1dax_consistent right_hidden
4.421 0.000 1.457 0.000 2.418 0.000 3.104 0.127 0.000 0.010 0.636 1.279 0.000 0.000 0.000 0.000 0.000 0.000 0.000 0.092 
---
1 test1dax_inconsistent left_hidden
1.413 0.000 0.042 0.000 0.471 0.000 1.185 0.611 0.677 0.764 0.034 0.000 0.185 0.000 0.000 0.094 0.000 0.000 2.425 1.047 
1 test1dax_inconsistent right_hidden
1.260 0.278 1.012 0.000 1.906 0.000 1.302 0.399 0.000 0.556 0.852 0.140 0.000 0.000 0.000 0.000 0.000 0.000 0.342 0.191 
---
0 test1dax_consistent left_hidden
0.968 0.149 0.136 2.083 0.030 1.276 1.761 0.000 0.000 0.082 0.127 0.000 0.000 1.155 0.222 0.000 1.222 0.009 0.849 0.284 
0 test1dax_consistent right_hidden
4.309 0.984 0.012 1.266 0.000 0.250 0.081 0.000 0.967 2.512 0.099 0.000 1.463 1.369 0.000 0.000 0.528 0.000 1.000 2.314 
---
1 test1dax_inconsistent left_hidden
0.968 0.149 0.136 2.083 0.030 1.276 1.761 0.000 0.000 0.082 0.127 0.000 0.000 1.155 0.222 0.000 1.222 0.009 0.849 0.284 
1 test1dax_inconsistent right_hidden
1.253 0.470 0.074 0.912 0.000 0.521 0.255 0.221 0.201 1.412 0.000 0.000 0.511 0.925 0.129 0.000 0.180 0.000 1.290 1.208 
---
0 test1dax_consistent left_hidden
1.975 0.376 0.940 1.417 1.078 0.694 0.352 0.000 0.000 0.000 0.000 1.656 0.000 0.000 0.000 1.348 0.000 0.000 0.000 0.000 
0 test1dax_consistent right_hidden
3.410 1.337 0.086 2.382 0.000 3.237 0.497 0.000 0.000 0.000 0.623 1.253 0.000 0.000 0.000 1.824 0.000 0.386 0.000 1.638 
---
1 test1dax_inconsistent left_hidden
1.975 0.376 0.940 1.417 1.078 0.694 0.352 0.000 0.000 0.000 0.000 1.656 0.000 0.000 0.000 1.348 0.000 0.000 0.000 0.000 
1 test1dax_inconsistent right_hidden
0.891 0.301 0.000 1.349 0.038 1.832 0.528 0.205 0.032 0.000 0.025 1.180 0.000 0.000 0.000 0.659 0.000 0.382 0.000 0.390 
---
0 test1dax_consistent left_hidden
0.000 0.029 0.429 1.209 0.288 2.042 0.064 0.473 0.262 0.000 0.000 0.000 0.000 0.000 1.247 0.435 0.000 0.000 2.100 0.089 
0 test1dax_consistent right_hidden
0.000 0.000 0.146 4.010 1.234 0.484 0.428 0.000 0.000 0.000 0.000 0.436 1.458 0.000 0.000 0.061 0.000 0.000 4.440 0.000 
---
1 test1dax_inconsistent left_hidden
0.000 0.029 0.429 1.209 0.288 2.042 0.064 0.473 0.262 0.000 0.000 0.000 0.000 0.000 1.247 0.435 0.000 0.000 2.100 0.089 
1 test1dax_inconsistent right_hidden
0.000 0.000 0.833 1.606 0.661 0.000 0.641 0.000 0.416 0.000 0.000 0.130 1.036 0.000 0.000 0.009 0.000 0.000 1.627 0.692 
---
0 test1dax_consistent left_hidden
1.355 0.000 0.109 0.000 0.316 0.267 0.000 0.000 1.064 1.899 0.000 1.167 0.360 0.224 0.000 0.327 1.209 0.203 1.257 0.255 
0 test1dax_consistent right_hidden
2.466 0.000 0.000 1.614 0.000 0.765 0.000 0.000 0.000 0.603 0.000 0.000 0.750 1.666 0.000 4.303 2.595 0.000 0.000 0.000 
---
1 test1dax_inconsistent left_hidden
1.355 0.000 0.109 0.000 0.316 0.267 0.000 0.000 1.064 1.899 0.000 1.167 0.360 0.224 0.000 0.327 1.209 0.203 1.257 0.255 
1 test1dax_inconsistent right_hidden
1.124 0.000 0.000 0.626 0.000 0.093 0.329 0.000 0.291 0.922 0.000 0.125 0.750 1.275 0.105 1.497 0.594 0.000 0.000 0.042 
---
0 test1dax_consistent left_hidden
0.595 0.000 0.851 0.058 0.425 1.705 0.000 0.045 0.000 0.000 2.578 0.000 0.390 0.614 0.000 0.471 0.000 0.185 0.119 0.350 
0 test1dax_consistent right_hidden
0.797 1.005 1.746 1.203 2.999 2.363 0.000 0.000 0.000 0.000 0.117 0.000 1.467 1.483 0.000 3.969 0.000 0.923 1.163 0.000 
---
1 test1dax_inconsistent left_hidden
0.595 0.000 0.851 0.058 0.425 1.705 0.000 0.045 0.000 0.000 2.578 0.000 0.390 0.614 0.000 0.471 0.000 0.185 0.119 0.350 
1 test1dax_inconsistent right_hidden
0.284 1.191 0.747 0.801 1.168 0.861 0.000 0.168 0.000 0.000 0.525 0.000 0.305 0.191 0.000 1.575 0.011 1.007 0.698 0.000 
---
0 test1dax_consistent left_hidden
0.000 0.000 0.234 0.000 0.833 1.613 0.835 0.459 0.461 1.365 0.000 0.344 0.000 0.866 1.497 0.671 0.000 0.771 1.048 0.204 
0 test1dax_consistent right_hidden
0.000 0.000 0.000 0.000 0.134 0.543 0.428 2.533 0.192 2.986 0.171 4.343 0.000 0.884 0.000 0.000 0.000 0.000 0.625 0.000 
---
1 test1dax_inconsistent left_hidden
0.000 0.000 0.234 0.000 0.833 1.613 0.835 0.459 0.461 1.365 0.000 0.344 0.000 0.866 1.497 0.671 0.000 0.771 1.048 0.204 
1 test1dax_inconsistent right_hidden
0.000 0.000 0.000 0.000 0.000 1.002 0.000 1.350 0.000 1.435 0.252 1.351 0.500 0.236 0.000 0.170 0.159 0.072 0.521 0.000 
---
0 test1dax_consistent left_hidden
2.716 0.007 0.000 0.244 0.000 0.000 0.000 0.000 1.865 0.000 0.357 0.000 0.340 0.008 0.300 0.662 1.108 0.000 0.053 0.679 
0 test1dax_consistent right_hidden
0.871 2.857 3.975 0.000 0.000 1.116 1.072 0.000 0.092 0.646 0.000 0.000 1.564 0.124 3.095 0.000 0.259 0.000 0.000 0.000 
---
1 test1dax_inconsistent left_hidden
2.716 0.007 0.000 0.244 0.000 0.000 0.000 0.000 1.865 0.000 0.357 0.000 0.340 0.008 0.300 0.662 1.108 0.000 0.053 0.679 
1 test1dax_inconsistent right_hidden
0.045 0.838 2.285 0.028 0.058 0.200 0.053 0.000 0.635 0.797 0.000 0.000 0.458 0.000 0.808 0.015 1.252 0.000 0.059 0.000 
---
0 test1dax_consistent left_hidden
0.659 1.828 0.427 0.000 0.000 0.000 1.742 0.000 0.000 0.077 1.006 0.371 0.297 0.000 1.352 0.398 0.423 0.886 0.000 0.000 
0 test1dax_consistent right_hidden
0.876 0.785 0.217 2.430 2.137 0.000 1.819 2.516 0.000 0.023 0.000 0.000 0.000 0.000 0.460 1.600 0.687 2.777 0.000 0.000 
---
1 test1dax_inconsistent left_hidden
0.659 1.828 0.427 0.000 0.000 0.000 1.742 0.000 0.000 0.077 1.006 0.371 0.297 0.000 1.352 0.398 0.423 0.886 0.000 0.000 
1 test1dax_inconsistent right_hidden
0.053 0.783 0.508 0.722 0.269 0.000 0.877 1.469 0.329 0.556 0.283 0.014 0.732 0.049 0.496 0.671 0.751 0.775 0.185 0.000 
---
