0 test2fip_consistent left_hidden
0.160 2.349 0.000 2.644 0.000 0.146 1.432 0.634 2.263 0.077 0.000 0.219 0.703 0.338 0.094 0.000 2.123 0.289 0.000 0.000 
0 test2fip_consistent right_hidden
0.339 0.217 0.095 0.681 0.014 0.694 0.452 0.375 1.477 2.376 0.000 0.939 0.000 0.000 0.392 0.000 0.358 1.266 0.000 1.209 
---
1 test2fip_inconsistent left_hidden
0.160 2.349 0.000 2.644 0.000 0.146 1.432 0.634 2.263 0.077 0.000 0.219 0.703 0.338 0.094 0.000 2.123 0.289 0.000 0.000 
1 test2fip_inconsistent right_hidden
0.820 0.000 0.000 3.172 0.252 0.364 1.894 2.082 2.209 1.748 0.000 1.191 0.278 0.000 1.689 0.000 1.385 0.933 0.000 0.643 
---
0 test2fip_consistent left_hidden
0.000 1.691 1.631 0.186 0.397 0.134 0.000 2.566 1.140 0.000 2.794 0.199 1.707 1.922 1.503 0.000 0.000 0.593 0.000 0.447 
0 test2fip_consistent right_hidden
0.570 0.503 1.579 0.000 2.073 0.533 0.000 0.162 0.017 1.136 0.208 0.000 0.037 1.400 0.314 0.000 0.871 0.000 0.005 0.501 
---
1 test2fip_inconsistent left_hidden
0.000 1.691 1.631 0.186 0.397 0.134 0.000 2.566 1.140 0.000 2.794 0.199 1.707 1.922 1.503 0.000 0.000 0.593 0.000 0.447 
1 test2fip_inconsistent right_hidden
0.165 1.290 1.082 0.000 2.475 0.530 0.000 1.537 0.007 0.337 1.732 0.000 0.517 2.968 3.047 0.000 0.492 0.000 0.000 0.605 
---
0 test2fip_consistent left_hidden
0.000 0.000 1.428 0.000 1.204 0.403 0.000 1.747 0.000 0.000 0.000 2.150 0.000 0.450 0.000 0.547 4.255 1.282 0.000 1.439 
0 test2fip_consistent right_hidden
0.000 0.000 0.072 0.749 1.382 0.000 0.306 0.497 1.109 0.000 0.000 2.197 0.000 0.000 0.000 2.508 0.705 0.018 0.000 1.005 
---
1 test2fip_inconsistent left_hidden
0.000 0.000 1.428 0.000 1.204 0.403 0.000 1.747 0.000 0.000 0.000 2.150 0.000 0.450 0.000 0.547 4.255 1.282 0.000 1.439 
1 test2fip_inconsistent right_hidden
0.000 0.000 1.317 0.159 1.301 0.000 0.125 2.337 0.738 0.000 0.148 2.741 0.000 0.962 0.033 1.961 3.026 1.180 0.000 1.854 
---
0 test2fip_consistent left_hidden
0.000 3.306 0.000 0.000 0.000 0.892 0.703 0.132 0.354 0.000 0.000 0.000 1.821 0.000 0.367 3.377 0.000 0.816 0.000 1.681 
0 test2fip_consistent right_hidden
0.000 0.866 0.000 0.922 0.000 0.000 0.126 2.025 2.746 0.000 0.000 0.000 1.694 0.000 0.553 0.762 0.000 0.202 0.000 0.534 
---
1 test2fip_inconsistent left_hidden
0.000 3.306 0.000 0.000 0.000 0.892 0.703 0.132 0.354 0.000 0.000 0.000 1.821 0.000 0.367 3.377 0.000 0.816 0.000 1.681 
1 test2fip_inconsistent right_hidden
0.000 1.339 0.000 0.601 0.000 0.000 1.567 1.527 2.158 0.000 0.124 0.000 3.796 0.000 0.760 3.445 0.077 0.267 0.000 0.573 
---
0 test2fip_consistent left_hidden
0.000 0.000 0.000 0.000 0.000 0.000 0.000 0.653 0.000 0.000 0.061 0.000 0.000 0.000 0.789 0.913 5.081 1.045 1.735 0.000 
0 test2fip_consistent right_hidden
0.923 0.000 0.033 1.390 0.088 1.297 0.000 0.774 0.017 0.179 0.562 0.000 0.000 1.409 2.192 0.136 0.369 0.068 1.393 0.000 
---
1 test2fip_inconsistent left_hidden
0.000 0.000 0.000 0.000 0.000 0.000 0.000 0.653 0.000 0.000 0.061 0.000 0.000 0.000 0.789 0.913 5.081 1.045 1.735 0.000 
1 test2fip_inconsistent right_hidden
0.640 0.000 0.001 1.204 0.022 0.838 0.000 1.831 0.090 0.000 1.001 0.000 0.000 1.190 2.013 1.094 4.146 0.221 2.393 0.000 
---
0 test2fip_consistent left_hidden
2.836 0.000 0.000 0.000 0.861 0.361 0.340 0.000 1.259 0.866 1.248 0.000 2.468 2.759 0.779 0.061 0.000 0.000 0.000 0.413 
0 test2fip_consistent right_hidden
0.701 0.000 1.081 0.000 0.068 3.096 0.242 0.000 0.134 0.545 0.549 0.363 1.061 0.796 0.053 0.000 0.000 0.000 0.000 0.209 
---
1 test2fip_inconsistent left_hidden
2.836 0.000 0.000 0.000 0.861 0.361 0.340 0.000 1.259 0.866 1.248 0.000 2.468 2.759 0.779 0.061 0.000 0.000 0.000 0.413 
1 test2fip_inconsistent right_hidden
2.847 0.000 0.646 0.000 1.073 3.364 0.999 0.000 0.869 1.113 1.934 0.670 1.609 1.865 1.092 0.000 0.000 0.000 0.000 0.273 
---
0 test2fip_consistent left_hidden
0.191 0.000 3.795 1.208 0.000 0.000 0.000 0.000 1.097 2.427 0.000 0.000 0.054 0.000 0.000 0.000 2.651 0.000 0.000 0.902 
0 test2fip_consistent right_hidden
2.381 0.000 1.706 0.225 0.000 1.642 0.036 0.000 1.590 0.052 0.845 0.000 0.036 0.000 0.000 0.060 0.089 0.852 0.000 0.484 
---
1 test2fip_inconsistent left_hidden
0.191 0.000 3.795 1.208 0.000 0.000 0.000 0.000 1.097 2.427 0.000 0.000 0.054 0.000 0.000 0.000 2.651 0.000 0.000 0.902 
1 test2fip_inconsistent right_hidden
2.099 0.000 3.443 0.000 0.000 1.170 0.000 0.000 2.662 2.100 0.336 0.000 0.000 0.000 0.000 0.006 2.462 0.472 0.000 1.172 
---
0 test2fip_consistent left_hidden
0.335 0.000 0.645 0.260 0.007 0.000 1.218 0.000 0.796 0.000 0.187 2.214 1.926 0.000 0.000 0.000 2.230 3.950 0.014 0.000 
0 test2fip_consistent right_hidden
0.695 0.000 0.000 1.125 0.567 0.000 1.034 0.000 0.766 1.948 0.000 0.616 1.335 1.967 0.314 0.099 0.550 0.308 0.081 0.000 
---
1 test2fip_inconsistent left_hidden
0.335 0.000 0.645 0.260 0.007 0.000 1.218 0.000 0.796 0.000 0.187 2.214 1.926 0.000 0.000 0.000 2.230 3.950 0.014 0.000 
1 test2fip_inconsistent right_hidden
0.496 0.000 0.000 0.675 0.000 0.000 0.796 0.000 1.841 1.593 0.000 1.838 2.423 1.373 0.000 0.000 3.257 2.280 0.316 0.000 
---
0 test2fip_consistent left_hidden
0.000 0.058 0.000 0.364 2.878 0.000 1.585 0.000 0.000 1.093 0.000 1.977 0.000 0.003 0.620 2.163 2.244 0.000 0.219 0.000 
0 test2fip_consistent right_hidden
0.000 0.000 0.000 1.919 2.167 0.000 0.934 0.000 0.739 1.312 0.000 0.439 0.000 0.031 0.244 0.175 0.000 0.000 1.834 0.312 
---
1 test2fip_inconsistent left_hidden
0.000 0.058 0.000 0.364 2.878 0.000 1.585 0.000 0.000 1.093 0.000 1.977 0.000 0.003 0.620 2.163 2.244 0.000 0.219 0.000 
1 test2fip_inconsistent right_hidden
0.000 0.000 0.000 1.703 3.812 0.000 2.570 0.000 0.497 0.751 0.000 1.612 0.000 0.086 0.438 1.213 2.251 0.000 1.259 0.000 
---
0 test2fip_consistent left_hidden
2.056 0.000 0.000 0.000 0.797 0.000 1.926 1.744 0.000 0.276 1.433 2.156 2.619 0.000 0.193 0.000 0.198 0.000 0.815 0.000 
0 test2fip_consistent right_hidden
0.610 1.357 0.161 0.000 0.000 0.000 1.032 1.370 0.000 0.483 0.202 0.037 0.160 0.246 0.072 1.858 0.514 0.000 0.285 1.691 
---
1 test2fip_inconsistent left_hidden
2.056 0.000 0.000 0.000 0.797 0.000 1.926 1.744 0.000 0.276 1.433 2.156 2.619 0.000 0.193 0.000 0.198 0.000 0.815 0.000 
1 test2fip_inconsistent right_hidden
2.076 0.905 0.377 0.000 0.000 0.000 2.677 2.362 0.000 0.516 2.323 1.403 1.414 0.809 0.000 1.279 1.078 0.000 0.849 0.899 
---
0 test2fip_consistent left_hidden
0.000 2.443 0.904 0.428 0.000 0.489 0.000 0.787 0.000 1.349 0.615 1.767 0.000 0.000 0.000 1.658 0.000 0.000 4.021 0.000 
0 test2fip_consistent right_hidden
0.000 0.314 0.138 0.886 0.898 1.668 1.250 0.243 0.000 0.000 1.514 0.629 0.321 0.000 1.285 0.807 0.000 0.178 0.572 0.505 
---
1 test2fip_inconsistent left_hidden
0.000 2.443 0.904 0.428 0.000 0.489 0.000 0.787 0.000 1.349 0.615 1.767 0.000 0.000 0.000 1.658 0.000 0.000 4.021 0.000 
1 test2fip_inconsistent right_hidden
0.000 1.889 0.099 0.671 0.706 1.730 1.038 0.000 0.000 1.450 1.431 2.554 0.424 0.000 0.911 2.321 0.000 0.000 2.288 0.413 
---
0 test2fip_consistent left_hidden
0.403 0.000 0.000 0.000 0.000 0.525 0.000 0.036 2.460 0.000 0.000 0.837 0.029 4.020 0.000 0.000 1.182 0.000 0.498 1.390 
0 test2fip_consistent right_hidden
0.406 0.000 0.000 0.000 0.000 0.677 0.000 0.268 0.367 0.027 2.783 1.067 0.725 0.637 1.560 0.033 0.167 0.000 0.011 0.579 
---
1 test2fip_inconsistent left_hidden
0.403 0.000 0.000 0.000 0.000 0.525 0.000 0.036 2.460 0.000 0.000 0.837 0.029 4.020 0.000 0.000 1.182 0.000 0.498 1.390 
1 test2fip_inconsistent right_hidden
0.907 0.000 0.000 0.000 0.000 1.739 0.000 0.214 0.832 0.000 1.780 2.781 0.619 3.309 1.033 0.000 0.711 0.000 0.243 2.219 
---
0 test2fip_consistent left_hidden
0.000 2.202 1.304 0.000 0.000 1.146 0.904 0.000 0.000 0.013 0.000 0.000 3.080 0.000 0.000 0.000 0.109 0.000 3.654 0.252 
0 test2fip_consistent right_hidden
0.000 0.365 0.787 0.000 1.671 0.042 0.889 0.000 0.000 0.038 0.000 0.357 0.245 0.811 0.000 1.419 1.283 0.286 0.040 1.760 
---
1 test2fip_inconsistent left_hidden
0.000 2.202 1.304 0.000 0.000 1.146 0.904 0.000 0.000 0.013 0.000 0.000 3.080 0.000 0.000 0.000 0.109 0.000 3.654 0.252 
1 test2fip_inconsistent right_hidden
0.000 2.451 2.565 0.000 1.295 0.767 0.705 0.000 0.000 0.000 0.000 0.253 2.537 0.737 0.000 1.838 0.900 0.118 1.723 1.804 
---
0 test2fip_consistent left_hidden
0.647 1.926 0.696 0.000 2.620 0.606 2.430 0.924 0.239 0.542 0.000 0.000 1.286 1.786 0.000 1.000 0.134 0.065 0.000 1.628 
0 test2fip_consistent right_hidden
1.685 0.000 0.700 0.392 1.103 0.000 0.090 0.513 0.092 1.630 0.000 0.000 1.141 0.022 0.000 1.540 1.454 0.020 0.000 0.000 
---
1 test2fip_inconsistent left_hidden
0.647 1.926 0.696 0.000 2.620 0.606 2.430 0.924 0.239 0.542 0.000 0.000 1.286 1.786 0.000 1.000 0.134 0.065 0.000 1.628 
1 test2fip_inconsistent right_hidden
1.744 1.062 1.498 0.484 2.811 1.236 0.285 0.499 0.194 0.968 0.000 0.000 0.997 1.549 0.000 1.935 2.800 0.000 0.808 0.834 
---
0 test2fip_consistent left_hidden
2.384 0.000 1.265 0.036 0.604 0.000 2.296 0.000 0.256 0.770 0.620 0.000 0.155 0.000 0.272 1.204 1.051 1.476 1.760 0.456 
0 test2fip_consistent right_hidden
0.000 1.703 0.035 0.052 0.225 0.000 0.069 0.284 1.056 1.727 0.353 0.000 0.037 0.000 0.000 1.962 0.000 0.334 0.033 1.293 
---
1 test2fip_inconsistent left_hidden
2.384 0.000 1.265 0.036 0.604 0.000 2.296 0.000 0.256 0.770 0.620 0.000 0.155 0.000 0.272 1.204 1.051 1.476 1.760 0.456 
1 test2fip_inconsistent right_hidden
1.886 1.571 0.000 0.000 0.000 0.000 1.867 0.788 1.006 2.642 1.043 0.000 0.844 0.000 0.000 2.473 0.000 1.588 1.376 0.927 
---
0 test2fip_consistent left_hidden
0.000 0.000 0.178 0.477 0.000 0.000 0.028 0.090 0.000 2.357 1.987 0.423 1.813 0.343 0.487 2.119 1.137 1.232 2.323 0.000 
0 test2fip_consistent right_hidden
0.000 0.000 0.000 0.390 0.000 0.000 2.206 1.155 0.000 1.456 0.359 0.000 0.079 1.190 0.098 1.347 0.080 0.527 0.203 0.079 
---
1 test2fip_inconsistent left_hidden
0.000 0.000 0.178 0.477 0.000 0.000 0.028 0.090 0.000 2.357 1.987 0.423 1.813 0.343 0.487 2.119 1.137 1.232 2.323 0.000 
1 test2fip_inconsistent right_hidden
0.000 0.000 0.000 1.002 0.000 0.000 1.413 0.925 0.000 3.010 2.159 0.000 1.350 1.138 1.327 1.914 1.153 1.684 2.063 0.021 
---
0 test2fip_consistent left_hidden
0.000 0.000 0.000 0.409 0.000 1.090 0.419 0.000 0.164 0.000 0.000 0.000 0.636 0.900 0.000 4.441 0.000 0.000 2.848 0.000 
0 test2fip_consistent right_hidden
0.000 0.551 0.000 0.000 0.370 0.533 1.603 0.097 0.112 0.153 1.611 0.032 2.702 0.000 1.522 0.584 0.782 0.000 0.488 0.076 
---
1 test2fip_inconsistent left_hidden
0.000 0.000 0.000 0.409 0.000 1.090 0.419 0.000 0.164 0.000 0.000 0.000 0.636 0.900 0.000 4.441 0.000 0.000 2.848 0.000 
1 test2fip_inconsistent right_hidden
0.000 0.451 0.000 0.000 1.344 0.424 1.056 0.269 0.000 0.142 1.329 0.000 2.936 0.000 1.099 4.307 0.379 0.000 1.376 0.000 
---
0 test2fip_consistent left_hidden
1.163 0.404 1.240 0.002 0.835 0.000 0.000 1.814 2.877 0.683 0.000 0.119 1.377 0.000 0.000 3.247 0.000 0.000 1.315 0.193 
0 test2fip_consistent right_hidden
0.798 1.111 0.000 0.140 1.457 0.000 0.000 1.470 1.479 0.201 1.683 0.055 1.095 0.162 0.000 0.000 1.041 0.099 0.000 0.130 
---
1 test2fip_inconsistent left_hidden
1.163 0.404 1.240 0.002 0.835 0.000 0.000 1.814 2.877 0.683 0.000 0.119 1.377 0.000 0.000 3.247 0.000 0.000 1.315 0.193 
1 test2fip_inconsistent right_hidden
0.430 0.878 1.736 0.028 1.952 0.000 0.000 2.117 2.443 0.203 1.557 0.790 2.089 0.000 0.000 2.204 0.713 0.000 0.817 0.140 
---
0 test2fip_consistent left_hidden
0.000 0.461 1.225 0.000 1.027 0.020 0.000 2.080 2.297 0.038 0.000 0.000 0.000 0.000 2.056 0.774 0.116 0.617 0.279 3.318 
0 test2fip_consistent right_hidden
0.000 0.894 0.942 0.000 2.924 0.000 0.000 0.203 0.487 0.483 0.051 0.025 0.000 0.000 0.298 0.000 0.000 1.965 1.293 1.046 
---
1 test2fip_inconsistent left_hidden
0.000 0.461 1.225 0.000 1.027 0.020 0.000 2.080 2.297 0.038 0.000 0.000 0.000 0.000 2.056 0.774 0.116 0.617 0.279 3.318 
1 test2fip_inconsistent right_hidden
0.000 0.439 2.334 0.000 2.371 0.000 0.000 1.550 2.005 0.471 0.000 0.000 0.000 0.000 1.409 0.000 0.000 2.254 1.323 3.717 
---
0 test2fip_consistent left_hidden
0.000 0.000 0.000 0.000 0.800 0.000 3.926 1.801 0.000 1.994 0.000 0.000 1.101 0.000 0.000 2.940 0.000 0.418 0.000 0.000 
0 test2fip_consistent right_hidden
0.000 0.000 0.011 1.900 0.971 1.917 0.279 0.088 0.316 0.296 0.000 0.163 1.276 1.025 0.014 1.317 0.030 0.501 0.000 0.402 
---
1 test2fip_inconsistent left_hidden
0.000 0.000 0.000 0.000 0.800 0.000 3.926 1.801 0.000 1.994 0.000 0.000 1.101 0.000 0.000 2.940 0.000 0.418 0.000 0.000 
1 test2fip_inconsistent right_hidden
0.117 0.000 0.097 1.365 1.643 1.637 3.931 0.170 0.000 0.895 0.000 0.102 1.835 0.967 0.000 2.065 0.023 0.936 0.000 0.113 
---
0 test2fip_consistent left_hidden
0.812 0.549 0.729 0.000 3.208 0.322 0.427 0.000 0.000 0.256 1.153 0.000 1.215 2.729 1.656 0.000 0.034 0.069 0.000 1.483 
0 test2fip_consistent right_hidden
0.000 0.186 0.619 0.388 0.000 1.319 0.447 0.000 1.161 1.589 0.047 0.099 2.079 0.008 0.098 0.000 1.643 0.739 0.000 0.402 
---
1 test2fip_inconsistent left_hidden
0.812 0.549 0.729 0.000 3.208 0.322 0.427 0.000 0.000 0.256 1.153 0.000 1.215 2.729 1.656 0.000 0.034 0.069 0.000 1.483 
1 test2fip_inconsistent right_hidden
0.000 0.000 1.880 1.133 1.713 2.087 1.219 0.000 0.776 1.574 1.374 0.000 2.509 2.061 0.000 0.000 1.382 0.437 0.000 1.701 
---
0 test2fip_consistent left_hidden
0.986 0.000 0.000 1.644 0.288 0.594 0.120 0.000 0.000 2.549 0.139 0.901 1.428 0.000 0.001 0.000 0.000 0.000 3.426 0.000 
0 test2fip_consistent right_hidden
0.181 0.000 0.074 1.268 0.000 1.539 0.000 0.000 1.256 0.101 0.000 2.061 0.199 0.000 0.053 0.428 1.781 1.005 0.364 0.000 
---
1 test2fip_inconsistent left_hidden
0.986 0.000 0.000 1.644 0.288 0.594 0.120 0.000 0.000 2.549 0.139 0.901 1.428 0.000 0.001 0.000 0.000 0.000 3.426 0.000 
1 test2fip_inconsistent right_hidden
1.357 0.000 0.000 2.114 0.000 1.718 0.000 0.000 0.862 1.902 0.000 3.363 1.424 0.000 0.000 0.332 1.727 0.675 2.401 0.000 
---
0 test2fip_consistent left_hidden
0.000 0.431 0.000 0.000 3.052 0.000 0.000 0.996 0.000 0.116 0.296 4.094 0.044 2.003 0.296 0.251 1.088 0.000 0.774 0.907 
0 test2fip_consistent right_hidden
0.869 0.461 0.000 0.000 0.077 0.696 1.274 1.716 0.000 0.541 0.973 0.082 1.167 1.698 0.827 0.309 0.173 0.000 1.279 0.740 
---
1 test2fip_inconsistent left_hidden
0.000 0.431 0.000 0.000 3.052 0.000 0.000 0.996 0.000 0.116 0.296 4.094 0.044 2.003 0.296 0.251 1.088 0.000 0.774 0.907 
1 test2fip_inconsistent right_hidden
0.637 0.393 0.000 0.000 1.517 0.593 0.979 0.990 0.000 0.473 1.063 2.235 1.109 2.680 1.490 0.282 1.638 0.000 0.668 2.119 
---
0 test2fip_consistent left_hidden
0.000 0.000 0.000 0.000 0.000 0.000 2.613 0.000 0.458 3.217 0.000 2.220 1.524 1.021 1.088 0.627 1.729 0.038 0.000 0.000 
0 test2fip_consistent right_hidden
0.000 0.619 0.000 0.000 2.362 0.000 1.667 0.000 1.240 1.446 0.000 0.155 1.609 0.000 0.000 0.000 0.195 0.066 0.000 0.000 
---
1 test2fip_inconsistent left_hidden
0.000 0.000 0.000 0.000 0.000 0.000 2.613 0.000 0.458 3.217 0.000 2.220 1.524 1.021 1.088 0.627 1.729 0.038 0.000 0.000 
1 test2fip_inconsistent right_hidden
0.000 0.398 0.000 0.000 1.879 0.000 3.389 0.000 1.053 3.014 0.000 2.115 2.280 0.000 0.000 0.000 2.006 0.000 0.000 0.000 
---
0 test2fip_consistent left_hidden
0.000 0.439 2.229 0.000 0.000 2.035 0.246 0.321 1.218 0.000 0.000 2.044 0.000 0.000 0.000 0.000 3.516 0.000 0.000 1.455 
0 test2fip_consistent right_hidden
0.248 0.486 0.124 0.000 0.000 0.537 0.000 0.958 0.163 0.000 0.000 0.000 0.000 0.000 0.000 2.828 1.605 0.000 0.299 1.606 
---
1 test2fip_inconsistent left_hidden
0.000 0.439 2.229 0.000 0.000 2.035 0.246 0.321 1.218 0.000 0.000 2.044 0.000 0.000 0.000 0.000 3.516 0.000 0.000 1.455 
1 test2fip_inconsistent right_hidden
0.471 0.147 0.844 0.000 0.000 2.299 0.000 0.593 1.937 0.000 0.000 1.955 0.000 0.077 0.000 2.577 3.045 0.000 0.835 2.812 
---
0 test2fip_consistent left_hidden
0.089 0.513 0.522 0.375 1.477 0.273 0.360 1.326 0.054 0.000 0.000 1.145 0.000 0.051 0.000 1.055 3.246 0.000 1.535 2.951 
0 test2fip_consistent right_hidden
1.121 1.048 0.000 0.384 0.766 1.280 0.000 0.072 1.395 1.470 0.000 0.000 0.000 0.309 0.025 0.181 1.452 0.000 0.053 0.223 
---
1 test2fip_inconsistent left_hidden
0.089 0.513 0.522 0.375 1.477 0.273 0.360 1.326 0.054 0.000 0.000 1.145 0.000 0.051 0.000 1.055 3.246 0.000 1.535 2.951 
1 test2fip_inconsistent right_hidden
0.803 0.924 0.090 0.221 1.109 1.114 0.328 1.354 1.099 2.217 0.000 0.000 0.000 0.000 0.000 0.998 3.295 0.000 1.314 2.918 
---
0 test2fip_consistent left_hidden
0.000 1.038 0.035 0.095 1.139 0.000 3.160 1.114 0.885 0.000 0.000 0.017 2.181 0.000 2.784 0.000 0.415 0.720 0.000 0.546 
0 test2fip_consistent right_hidden
0.000 0.646 0.000 1.363 2.283 0.000 0.273 1.408 0.095 0.000 0.000 0.000 1.367 0.000 0.313 0.111 1.382 0.067 0.804 0.558 
---
1 test2fip_inconsistent left_hidden
0.000 1.038 0.035 0.095 1.139 0.000 3.160 1.114 0.885 0.000 0.000 0.017 2.181 0.000 2.784 0.000 0.415 0.720 0.000 0.546 
1 test2fip_inconsistent right_hidden
0.000 0.981 0.000 0.756 2.548 0.000 2.964 1.234 1.159 0.000 0.000 0.000 3.023 0.006 2.003 0.032 1.304 0.000 0.663 0.000 
---
0 test2fip_consistent left_hidden
0.000 1.999 0.128 0.295 0.000 0.764 0.118 0.000 0.243 1.473 1.902 0.000 0.000 0.000 1.567 0.000 1.151 0.000 2.138 2.654 
0 test2fip_consistent right_hidden
0.000 0.773 0.315 0.000 2.287 0.100 0.019 0.446 0.000 0.000 1.810 0.000 0.012 0.000 0.106 1.089 1.113 0.000 2.016 0.000 
---
1 test2fip_inconsistent left_hidden
0.000 1.999 0.128 0.295 0.000 0.764 0.118 0.000 0.243 1.473 1.902 0.000 0.000 0.000 1.567 0.000 1.151 0.000 2.138 2.654 
1 test2fip_inconsistent right_hidden
0.000 1.921 0.970 0.040 1.141 0.075 0.000 0.347 0.000 1.062 3.105 0.000 0.000 0.000 1.197 0.724 1.002 0.000 3.492 2.302 
---
0 test2fip_consistent left_hidden
0.000 0.000 0.000 0.956 2.288 0.959 0.968 0.000 2.116 0.205 0.798 1.765 1.797 0.596 0.721 0.000 1.444 0.000 1.958 0.000 
0 test2fip_consistent right_hidden
0.000 1.554 0.000 1.131 1.847 0.780 0.048 0.000 0.380 1.390 1.673 0.183 0.236 0.162 0.674 0.798 0.025 0.000 0.000 0.132 
---
1 test2fip_inconsistent left_hidden
0.000 0.000 0.000 0.956 2.288 0.959 0.968 0.000 2.116 0.205 0.798 1.765 1.797 0.596 0.721 0.000 1.444 0.000 1.958 0.000 
1 test2fip_inconsistent right_hidden
0.000 0.944 0.000 1.478 2.900 2.201 0.621 0.000 1.497 1.090 1.577 1.707 1.134 0.613 0.686 0.067 1.073 0.000 1.875 0.000 
---
0 test2fip_consistent left_hidden
0.000 1.546 1.154 2.043 0.000 0.000 3.702 0.000 0.672 2.055 0.000 0.809 0.000 0.022 0.000 0.200 0.843 0.735 0.000 0.629 
0 test2fip_consistent right_hidden
0.000 0.000 0.871 0.025 1.838 0.061 0.540 0.000 2.185 0.216 0.000 1.812 0.000 0.838 0.000 0.000 0.784 0.142 0.666 0.098 
---
1 test2fip_inconsistent left_hidden
0.000 1.546 1.154 2.043 0.000 0.000 3.702 0.000 0.672 2.055 0.000 0.809 0.000 0.022 0.000 0.200 0.843 0.735 0.000 0.629 
1 test2fip_inconsistent right_hidden
0.000 1.519 1.971 1.967 1.500 0.000 1.954 0.000 3.048 0.939 0.000 2.552 0.000 0.254 0.000 0.000 0.418 0.915 0.175 0.000 
---
0 test2fip_consistent left_hidden
0.000 0.062 0.506 0.233 0.000 1.034 0.739 0.000 3.770 0.669 0.000 0.000 1.911 0.000 0.000 1.549 2.081 0.295 0.260 0.000 
0 test2fip_consistent right_hidden
0.000 0.320 0.254 1.174 0.000 0.472 0.000 0.000 1.209 0.246 0.000 1.847 1.380 2.226 0.093 0.047 0.297 0.095 0.267 0.000 
---
1 test2fip_inconsistent left_hidden
0.000 0.062 0.506 0.233 0.000 1.034 0.739 0.000 3.770 0.669 0.000 0.000 1.911 0.000 0.000 1.549 2.081 0.295 0.260 0.000 
1 test2fip_inconsistent right_hidden
0.000 0.145 0.303 0.578 0.000 1.500 0.000 0.000 3.668 0.970 0.000 0.930 3.132 1.255 0.000 0.000 2.112 0.000 0.778 0.000 
---
0 test2fip_consistent left_hidden
0.000 0.000 1.181 0.209 1.546 0.055 2.039 0.000 0.000 0.000 1.314 0.116 0.000 0.000 0.000 0.000 0.103 0.111 4.207 0.641 
0 test2fip_consistent right_hidden
0.000 0.000 0.302 0.047 0.951 2.192 0.023 0.427 0.000 0.000 0.444 0.219 0.000 0.000 0.000 0.142 2.108 1.526 0.569 0.985 
---
1 test2fip_inconsistent left_hidden
0.000 0.000 1.181 0.209 1.546 0.055 2.039 0.000 0.000 0.000 1.314 0.116 0.000 0.000 0.000 0.000 0.103 0.111 4.207 0.641 
1 test2fip_inconsistent right_hidden
0.000 0.000 1.195 0.000 2.585 1.931 1.942 0.508 0.000 0.000 0.691 1.610 0.000 0.000 0.000 0.000 1.912 1.397 3.224 0.648 
---
0 test2fip_consistent left_hidden
1.585 1.522 0.871 0.074 0.000 0.650 0.078 0.517 0.000 0.000 0.000 0.000 0.000 0.000 3.513 1.026 0.000 2.503 1.064 0.166 
0 test2fip_consistent right_hidden
2.018 0.114 0.338 0.020 0.318 0.244 0.000 0.167 0.000 0.000 1.070 0.000 0.000 0.000 0.646 0.956 2.065 0.869 0.476 0.012 
---
1 test2fip_inconsistent left_hidden
1.585 1.522 0.871 0.074 0.000 0.650 0.078 0.517 0.000 0.000 0.000 0.000 0.000 0.000 3.513 1.026 0.000 2.503 1.064 0.166 
1 test2fip_inconsistent right_hidden
2.057 2.002 0.328 0.000 0.000 0.502 0.000 0.094 0.000 0.000 0.349 0.000 0.648 0.000 3.313 2.035 1.609 2.369 0.333 0.000 
---
0 test2fip_consistent left_hidden
0.000 0.138 0.000 3.006 0.915 0.028 0.000 0.076 0.000 4.492 0.000 0.039 0.248 0.917 0.471 0.000 0.000 0.041 1.605 0.000 
0 test2fip_consistent right_hidden
0.000 2.527 0.218 1.901 0.000 0.088 0.000 0.000 0.000 0.142 1.050 0.000 0.617 0.507 1.243 1.122 0.000 0.139 0.174 0.000 
---
1 test2fip_inconsistent left_hidden
0.000 0.138 0.000 3.006 0.915 0.028 0.000 0.076 0.000 4.492 0.000 0.039 0.248 0.917 0.471 0.000 0.000 0.041 1.605 0.000 
1 test2fip_inconsistent right_hidden
0.000 2.193 0.000 3.591 0.000 0.060 0.000 0.000 0.000 2.112 0.851 0.000 1.325 2.692 1.120 1.123 0.000 1.500 0.493 0.000 
---
0 test2fip_consistent left_hidden
0.000 0.000 0.862 0.000 1.275 0.205 0.564 0.000 0.000 2.770 0.352 1.733 1.914 0.000 0.000 0.000 3.284 0.000 0.614 1.026 
0 test2fip_consistent right_hidden
0.884 0.096 0.756 0.183 1.256 0.548 1.513 0.000 2.823 0.746 0.036 0.617 0.394 0.000 0.000 0.068 0.383 0.000 0.000 1.004 
---
1 test2fip_inconsistent left_hidden
0.000 0.000 0.862 0.000 1.275 0.205 0.564 0.000 0.000 2.770 0.352 1.733 1.914 0.000 0.000 0.000 3.284 0.000 0.614 1.026 
1 test2fip_inconsistent right_hidden
0.014 0.447 0.945 0.000 1.628 0.567 2.371 0.000 2.102 3.046 0.000 2.527 2.021 0.000 0.000 0.000 2.075 0.000 0.875 1.511 
---
0 test2fip_consistent left_hidden
2.006 2.408 0.894 0.000 1.239 0.508 0.000 0.460 0.000 0.000 0.126 0.579 0.000 0.221 1.233 0.000 0.245 0.000 1.182 2.967 
0 test2fip_consistent right_hidden
0.158 0.397 0.253 0.000 0.961 1.414 0.000 0.490 0.000 0.000 0.448 0.080 0.000 0.000 2.132 0.006 2.680 0.000 0.870 0.287 
---
1 test2fip_inconsistent left_hidden
2.006 2.408 0.894 0.000 1.239 0.508 0.000 0.460 0.000 0.000 0.126 0.579 0.000 0.221 1.233 0.000 0.245 0.000 1.182 2.967 
1 test2fip_inconsistent right_hidden
1.470 2.421 1.869 0.728 2.309 1.007 0.000 0.389 0.000 0.000 0.120 0.941 0.000 0.000 1.912 0.000 2.413 0.000 1.150 2.337 
---
0 test2fip_consistent left_hidden
0.000 0.161 1.381 0.392 0.000 2.067 2.704 0.000 0.000 0.284 3.547 0.000 0.000 0.000 0.000 0.000 0.273 1.981 0.634 0.012 
0 test2fip_consistent right_hidden
0.026 1.643 0.414 0.000 0.000 0.149 1.014 1.023 0.000 0.000 1.377 0.000 0.059 1.281 0.000 0.000 0.065 1.873 0.000 0.741 
---
1 test2fip_inconsistent left_hidden
0.000 0.161 1.381 0.392 0.000 2.067 2.704 0.000 0.000 0.284 3.547 0.000 0.000 0.000 0.000 0.000 0.273 1.981 0.634 0.012 
1 test2fip_inconsistent right_hidden
0.339 1.311 1.249 0.000 0.000 2.837 1.942 0.818 0.000 0.000 3.138 0.000 0.015 1.058 0.000 0.000 0.814 2.631 0.000 0.591 
---
0 test2fip_consistent left_hidden
0.000 0.000 2.104 3.086 0.000 0.961 2.658 0.546 1.413 0.000 0.000 0.000 0.000 0.000 0.000 0.472 0.000 2.472 0.000 0.000 
0 test2fip_consistent right_hidden
0.000 0.000 0.650 0.527 0.000 0.935 0.270 0.126 0.000 2.838 0.000 0.805 0.332 0.000 0.000 0.000 0.018 1.955 0.000 0.000 
---
1 test2fip_inconsistent left_hidden
0.000 0.000 2.104 3.086 0.000 0.961 2.658 0.546 1.413 0.000 0.000 0.000 0.000 0.000 0.000 0.472 0.000 2.472 0.000 0.000 
1 test2fip_inconsistent right_hidden
0.000 0.000 1.634 2.452 0.000 0.968 2.628 0.667 0.000 2.444 0.000 0.591 0.326 0.000 0.000 0.024 0.000 2.741 0.000 0.000 
---
0 test2fip_consistent left_hidden
1.272 1.494 3.191 0.962 0.000 0.999 0.382 0.000 0.000 1.483 0.000 1.842 0.008 0.000 0.000 0.160 0.653 0.332 0.608 1.489 
0 test2fip_consistent right_hidden
0.524 0.040 1.815 0.000 0.000 0.000 0.000 0.000 0.526 0.051 0.000 0.169 0.558 0.000 2.495 1.620 0.496 0.000 0.012 0.000 
---
1 test2fip_inconsistent left_hidden
1.272 1.494 3.191 0.962 0.000 0.999 0.382 0.000 0.000 1.483 0.000 1.842 0.008 0.000 0.000 0.160 0.653 0.332 0.608 1.489 
1 test2fip_inconsistent right_hidden
1.013 1.339 4.347 1.102 0.000 0.707 0.000 0.000 0.770 1.165 0.000 1.317 0.629 0.000 1.889 1.460 1.696 0.000 0.869 0.682 
---
0 test2fip_consistent left_hidden
0.000 1.454 0.273 0.000 0.220 0.128 0.719 0.000 0.900 0.000 0.156 0.000 0.000 0.642 0.000 0.000 2.917 2.891 1.771 2.343 
0 test2fip_consistent right_hidden
0.118 0.000 1.437 0.000 0.000 0.000 0.000 0.000 0.043 0.633 2.884 0.000 0.000 0.000 0.000 0.000 1.654 0.000 0.570 0.927 
---
1 test2fip_inconsistent left_hidden
0.000 1.454 0.273 0.000 0.220 0.128 0.719 0.000 0.900 0.000 0.156 0.000 0.000 0.642 0.000 0.000 2.917 2.891 1.771 2.343 
1 test2fip_inconsistent right_hidden
0.000 0.054 2.224 0.028 0.000 0.000 0.000 0.000 1.201 0.603 2.190 0.000 0.000 1.665 0.000 0.000 3.122 2.403 0.662 1.552 
---
0 test2fip_consistent left_hidden
0.412 0.441 1.604 1.390 1.497 0.000 0.066 0.000 0.000 0.638 0.000 0.000 1.001 0.000 2.625 2.688 0.225 1.706 0.838 0.082 
0 test2fip_consistent right_hidden
0.587 0.723 0.140 0.742 1.088 0.000 1.663 0.165 0.070 0.312 0.000 0.715 0.951 0.566 0.085 0.882 0.093 1.731 0.422 0.071 
---
1 test2fip_inconsistent left_hidden
0.412 0.441 1.604 1.390 1.497 0.000 0.066 0.000 0.000 0.638 0.000 0.000 1.001 0.000 2.625 2.688 0.225 1.706 0.838 0.082 
1 test2fip_inconsistent right_hidden
0.461 0.695 0.777 0.606 1.384 0.000 1.181 0.000 0.000 0.908 0.000 0.431 1.773 0.059 2.170 2.321 1.519 2.369 0.362 0.610 
---
0 test2fip_consistent left_hidden
2.324 0.000 0.632 0.193 2.090 0.000 1.089 0.000 0.503 0.000 1.710 1.085 0.851 0.000 2.396 0.903 0.394 0.000 0.000 0.529 
0 test2fip_consistent right_hidden
0.000 0.000 3.098 0.929 2.136 0.000 0.543 0.000 0.581 0.000 0.690 0.346 0.000 0.000 0.000 0.000 0.035 0.015 0.000 0.000 
---
1 test2fip_inconsistent left_hidden
2.324 0.000 0.632 0.193 2.090 0.000 1.089 0.000 0.503 0.000 1.710 1.085 0.851 0.000 2.396 0.903 0.394 0.000 0.000 0.529 
1 test2fip_inconsistent right_hidden
1.499 0.675 2.602 0.754 3.805 0.000 1.268 0.000 0.552 0.000 1.602 2.241 0.000 0.000 1.549 0.584 0.291 0.000 0.000 0.351 
---
0 test2fip_consistent left_hidden
1.502 0.440 0.000 0.000 1.682 0.181 0.407 0.001 1.720 0.496 0.741 3.262 0.000 0.000 0.000 2.771 0.544 0.000 0.489 0.617 
0 test2fip_consistent right_hidden
0.910 1.163 0.000 0.000 0.000 0.161 0.000 0.885 2.182 1.049 0.112 0.641 0.235 0.217 0.000 0.097 0.000 0.053 1.124 1.299 
---
1 test2fip_inconsistent left_hidden
1.502 0.440 0.000 0.000 1.682 0.181 0.407 0.001 1.720 0.496 0.741 3.262 0.000 0.000 0.000 2.771 0.544 0.000 0.489 0.617 
1 test2fip_inconsistent right_hidden
1.596 0.723 0.000 0.000 1.256 0.000 0.000 0.671 3.753 1.008 0.794 2.830 0.653 0.000 0.000 2.311 0.000 0.000 0.152 0.534 
---
0 test2fip_consistent left_hidden
0.062 0.786 1.585 0.000 0.000 0.302 1.087 0.000 1.790 3.534 0.000 0.000 0.875 3.141 0.000 0.000 0.000 0.092 0.309 0.089 
0 test2fip_consistent right_hidden
0.020 0.152 0.112 0.000 0.021 0.000 0.092 0.924 0.000 1.415 0.714 0.361 1.004 0.169 0.000 0.000 0.000 1.081 3.062 0.075 
---
1 test2fip_inconsistent left_hidden
0.062 0.786 1.585 0.000 0.000 0.302 1.087 0.000 1.790 3.534 0.000 0.000 0.875 3.141 0.000 0.000 0.000 0.092 0.309 0.089 
1 test2fip_inconsistent right_hidden
0.000 0.065 0.888 0.000 0.000 0.000 0.000 2.858 0.457 3.967 0.390 0.216 1.572 1.246 0.000 0.000 0.000 0.701 1.800 0.000 
---
0 test2fip_consistent left_hidden
0.000 2.138 1.101 0.298 0.836 3.662 0.071 0.000 0.000 0.006 0.000 0.000 1.530 0.536 0.000 0.000 1.349 0.000 2.255 1.194 
0 test2fip_consistent right_hidden
0.738 1.598 1.459 0.000 0.000 0.514 2.112 0.012 0.343 0.874 0.000 0.465 0.753 1.242 0.000 0.000 0.000 0.261 0.443 0.315 
---
1 test2fip_inconsistent left_hidden
0.000 2.138 1.101 0.298 0.836 3.662 0.071 0.000 0.000 0.006 0.000 0.000 1.530 0.536 0.000 0.000 1.349 0.000 2.255 1.194 
1 test2fip_inconsistent right_hidden
0.644 3.112 2.105 0.000 0.756 2.839 1.561 1.273 0.000 0.575 0.000 0.217 1.241 1.478 0.000 0.000 1.201 0.000 1.379 0.333 
---
0 test2fip_consistent left_hidden
0.000 0.000 0.000 1.257 0.000 2.023 0.000 0.257 1.404 0.000 0.000 0.968 0.000 0.292 0.000 0.000 0.000 0.735 4.215 0.000 
0 test2fip_consistent right_hidden
0.186 0.043 0.000 0.000 0.287 2.608 0.000 0.714 0.000 0.000 0.000 0.000 0.000 0.988 0.070 0.000 0.928 0.321 0.237 2.172 
---
1 test2fip_inconsistent left_hidden
0.000 0.000 0.000 1.257 0.000 2.023 0.000 0.257 1.404 0.000 0.000 0.968 0.000 0.292 0.000 0.000 0.000 0.735 4.215 0.000 
1 test2fip_inconsistent right_hidden
1.072 0.000 0.000 1.467 1.413 3.572 0.000 0.000 0.392 0.000 0.000 0.269 0.000 1.631 0.182 0.000 0.472 0.948 2.840 1.617 
---
0 test2fip_consistent left_hidden
0.000 0.677 0.000 2.512 0.738 0.502 0.000 2.980 0.276 0.000 0.000 0.000 0.690 0.000 1.928 1.482 0.000 0.000 2.245 0.648 
0 test2fip_consistent right_hidden
0.146 0.000 1.232 0.180 0.000 1.016 0.000 0.357 0.000 0.021 2.566 0.000 0.661 0.000 0.938 0.031 0.000 0.416 1.492 2.225 
---
1 test2fip_inconsistent left_hidden
0.000 0.677 0.000 2.512 0.738 0.502 0.000 2.980 0.276 0.000 0.000 0.000 0.690 0.000 1.928 1.482 0.000 0.000 2.245 0.648 
1 test2fip_inconsistent right_hidden
0.000 0.000 0.849 2.023 0.000 1.466 0.000 2.350 0.000 0.000 1.377 0.000 2.199 0.000 2.079 0.219 0.000 0.000 2.829 2.531 
---
0 test2fip_consistent left_hidden
0.573 0.000 0.000 0.000 0.000 0.442 2.464 0.000 0.000 0.777 0.710 1.454 0.000 1.713 0.452 3.128 0.414 1.236 0.000 0.000 
0 test2fip_consistent right_hidden
0.879 0.918 0.235 0.233 0.000 0.623 0.187 0.000 0.000 2.418 0.000 0.037 0.000 0.868 1.954 0.921 0.481 0.794 0.308 0.000 
---
1 test2fip_inconsistent left_hidden
0.573 0.000 0.000 0.000 0.000 0.442 2.464 0.000 0.000 0.777 0.710 1.454 0.000 1.713 0.452 3.128 0.414 1.236 0.000 0.000 
1 test2fip_inconsistent right_hidden
0.810 0.133 0.000 0.039 0.000 1.600 1.735 0.000 0.000 1.785 1.130 0.637 0.000 1.855 2.105 3.281 0.845 0.048 0.265 0.036 
---
0 test2fip_consistent left_hidden
2.581 0.000 0.000 0.000 0.000 1.344 0.738 2.751 0.595 0.000 0.868 0.889 0.064 0.984 1.323 2.343 0.000 0.782 0.000 0.000 
0 test2fip_consistent right_hidden
0.397 0.028 0.000 0.000 0.000 0.009 0.170 2.580 0.037 1.336 0.986 0.015 1.623 1.034 0.032 0.317 0.000 0.108 0.744 0.506 
---
1 test2fip_inconsistent left_hidden
2.581 0.000 0.000 0.000 0.000 1.344 0.738 2.751 0.595 0.000 0.868 0.889 0.064 0.984 1.323 2.343 0.000 0.782 0.000 0.000 
1 test2fip_inconsistent right_hidden
2.048 0.000 0.000 0.000 1.426 0.911 1.093 3.780 0.393 1.032 1.432 0.000 0.731 1.033 1.549 2.156 0.000 0.230 1.241 0.204 
---
0 test2fip_consistent left_hidden
0.000 1.392 0.000 0.000 0.000 0.965 0.551 0.000 0.000 0.000 0.091 0.000 0.000 0.000 0.000 0.000 0.000 1.339 4.948 0.000 
0 test2fip_consistent right_hidden
0.102 0.017 0.000 0.108 0.687 0.183 0.517 0.000 0.019 0.042 1.968 1.398 0.000 0.000 2.233 0.000 0.000 1.736 1.088 0.266 
---
1 test2fip_inconsistent left_hidden
0.000 1.392 0.000 0.000 0.000 0.965 0.551 0.000 0.000 0.000 0.091 0.000 0.000 0.000 0.000 0.000 0.000 1.339 4.948 0.000 
1 test2fip_inconsistent right_hidden
0.000 0.698 0.000 0.000 0.051 1.177 0.866 0.000 0.004 0.000 2.715 0.669 0.000 0.000 2.007 0.000 0.000 1.663 4.632 0.000 
---
0 test2fip_consistent left_hidden
0.575 0.000 0.000 1.487 0.720 0.000 0.000 0.978 1.272 0.000 1.613 1.402 2.185 0.000 0.000 0.000 0.084 0.736 2.435 1.789 
0 test2fip_consistent right_hidden
1.789 0.020 0.048 0.083 1.727 0.668 0.000 0.300 0.302 0.000 0.000 0.643 0.843 0.000 2.001 0.000 1.216 0.000 0.126 0.110 
---
1 test2fip_inconsistent left_hidden
0.575 0.000 0.000 1.487 0.720 0.000 0.000 0.978 1.272 0.000 1.613 1.402 2.185 0.000 0.000 0.000 0.084 0.736 2.435 1.789 
1 test2fip_inconsistent right_hidden
3.187 0.000 0.000 1.230 1.935 0.000 0.000 0.649 1.248 0.000 1.378 1.580 1.272 0.000 1.801 0.000 0.755 0.181 2.168 1.361 
---
0 test2fip_consistent left_hidden
0.757 1.615 0.000 0.000 0.632 1.075 0.673 0.000 0.000 0.000 1.866 0.124 0.000 0.000 3.816 1.079 0.000 1.771 0.000 0.970 
0 test2fip_consistent right_hidden
1.244 1.605 1.004 2.538 0.000 1.171 0.029 0.000 0.000 0.028 0.512 0.000 0.000 0.083 0.000 0.432 0.000 0.057 0.000 0.663 
---
1 test2fip_inconsistent left_hidden
0.757 1.615 0.000 0.000 0.632 1.075 0.673 0.000 0.000 0.000 1.866 0.124 0.000 0.000 3.816 1.079 0.000 1.771 0.000 0.970 
1 test2fip_inconsistent right_hidden
2.133 2.195 0.649 1.819 0.000 1.477 0.648 0.000 0.000 0.000 2.519 0.000 0.000 0.000 2.417 0.368 0.000 0.077 0.000 1.937 
---
0 test2fip_consistent left_hidden
0.000 0.000 0.000 0.136 0.000 0.000 0.000 0.084 0.000 0.289 1.011 0.326 0.345 1.588 0.000 1.101 1.722 0.807 4.599 0.000 
0 test2fip_consistent right_hidden
0.000 0.916 0.000 0.926 0.370 0.000 0.067 0.038 0.000 2.071 1.038 0.742 0.000 1.773 0.000 0.152 0.616 0.139 0.688 0.000 
---
1 test2fip_inconsistent left_hidden
0.000 0.000 0.000 0.136 0.000 0.000 0.000 0.084 0.000 0.289 1.011 0.326 0.345 1.588 0.000 1.101 1.722 0.807 4.599 0.000 
1 test2fip_inconsistent right_hidden
0.000 0.704 0.000 1.460 0.295 0.000 0.057 0.000 0.000 1.396 1.052 1.977 0.000 1.553 0.000 1.033 0.612 2.007 3.824 0.000 
---
0 test2fip_consistent left_hidden
1.580 0.000 1.444 0.000 0.000 0.000 0.000 0.000 0.000 3.232 0.000 0.000 3.056 0.000 0.535 0.005 2.163 0.000 0.000 0.000 
0 test2fip_consistent right_hidden
0.289 0.000 0.021 0.000 0.000 1.345 0.000 0.084 3.705 0.583 0.120 0.000 0.873 0.013 0.000 0.018 0.500 0.000 0.000 0.000 
---
1 test2fip_inconsistent left_hidden
1.580 0.000 1.444 0.000 0.000 0.000 0.000 0.000 0.000 3.232 0.000 0.000 3.056 0.000 0.535 0.005 2.163 0.000 0.000 0.000 
1 test2fip_inconsistent right_hidden
1.235 0.021 1.220 0.000 0.000 1.119 0.000 0.777 3.257 3.510 0.090 0.000 3.304 0.000 0.000 0.063 1.057 0.000 0.000 0.000 
---
0 test2fip_consistent left_hidden
0.000 0.222 0.446 0.000 0.000 0.000 0.000 0.000 0.046 0.000 0.024 0.000 1.003 3.354 2.692 0.000 0.181 0.265 2.911 0.000 
0 test2fip_consistent right_hidden
0.686 0.000 0.000 0.000 1.532 1.371 0.000 0.000 0.077 0.052 0.000 0.000 0.000 0.383 1.140 0.000 2.885 0.026 0.411 0.000 
---
1 test2fip_inconsistent left_hidden
0.000 0.222 0.446 0.000 0.000 0.000 0.000 0.000 0.046 0.000 0.024 0.000 1.003 3.354 2.692 0.000 0.181 0.265 2.911 0.000 
1 test2fip_inconsistent right_hidden
0.972 0.060 0.014 0.000 0.806 1.437 0.000 0.000 0.000 0.000 0.000 0.000 0.000 3.208 2.472 0.000 2.616 0.695 2.759 0.000 
---
0 test2fip_consistent left_hidden
0.000 0.424 0.000 2.073 0.000 0.963 0.000 1.822 0.300 0.944 0.041 3.055 2.321 0.000 0.000 0.000 0.003 0.000 0.000 1.523 
0 test2fip_consistent right_hidden
0.000 0.000 1.026 0.561 0.000 1.018 0.000 0.000 1.466 2.385 0.051 0.000 0.097 0.000 0.000 0.565 1.809 0.937 0.236 0.196 
---
1 test2fip_inconsistent left_hidden
0.000 0.424 0.000 2.073 0.000 0.963 0.000 1.822 0.300 0.944 0.041 3.055 2.321 0.000 0.000 0.000 0.003 0.000 0.000 1.523 
1 test2fip_inconsistent right_hidden
0.000 0.000 0.965 2.050 0.000 2.803 0.000 0.000 1.401 3.070 0.000 2.203 1.292 0.000 0.000 1.185 1.222 0.684 0.000 2.111 
---
0 test2fip_consistent left_hidden
0.000 2.008 0.372 2.191 1.118 0.000 0.480 1.030 0.283 0.808 1.467 0.024 1.806 1.062 0.000 0.314 0.000 1.845 0.776 1.141 
0 test2fip_consistent right_hidden
0.000 1.074 0.911 0.045 0.019 0.054 0.956 1.155 0.708 0.520 0.283 1.066 0.009 1.206 0.000 0.273 0.000 0.461 0.000 2.461 
---
1 test2fip_inconsistent left_hidden
0.000 2.008 0.372 2.191 1.118 0.000 0.480 1.030 0.283 0.808 1.467 0.024 1.806 1.062 0.000 0.314 0.000 1.845 0.776 1.141 
1 test2fip_inconsistent right_hidden
0.000 1.837 1.175 2.176 1.161 0.069 2.266 1.093 0.430 1.039 1.185 1.255 1.388 0.950 0.000 0.000 0.000 2.668 0.000 2.198 
---
0 test2fip_consistent left_hidden
0.365 0.000 2.415 0.000 0.505 0.000 0.000 0.402 0.000 0.000 0.000 0.948 0.000 0.000 3.628 0.000 0.000 0.000 2.451 2.491 
0 test2fip_consistent right_hidden
0.956 0.000 0.984 0.000 2.282 0.064 0.000 0.000 0.000 0.000 1.864 1.775 0.000 0.000 0.000 0.000 0.000 0.000 1.666 0.000 
---
1 test2fip_inconsistent left_hidden
0.365 0.000 2.415 0.000 0.505 0.000 0.000 0.402 0.000 0.000 0.000 0.948 0.000 0.000 3.628 0.000 0.000 0.000 2.451 2.491 
1 test2fip_inconsistent right_hidden
0.481 0.000 1.723 0.000 1.922 0.719 0.000 0.074 0.734 0.000 1.019 2.172 0.000 0.000 0.643 0.000 0.000 0.000 3.669 2.550 
---
0 test2fip_consistent left_hidden
0.000 0.000 0.832 0.000 0.000 0.560 1.650 2.197 1.378 0.000 0.000 0.000 0.000 0.000 1.577 0.000 2.852 2.245 0.000 0.000 
0 test2fip_consistent right_hidden
1.257 0.050 0.643 0.616 0.000 0.000 0.358 0.155 0.395 0.000 0.005 0.000 0.729 0.000 1.882 0.000 2.424 0.229 0.000 1.421 
---
1 test2fip_inconsistent left_hidden
0.000 0.000 0.832 0.000 0.000 0.560 1.650 2.197 1.378 0.000 0.000 0.000 0.000 0.000 1.577 0.000 2.852 2.245 0.000 0.000 
1 test2fip_inconsistent right_hidden
1.032 0.005 2.358 0.480 0.000 0.775 2.146 2.045 0.793 0.000 0.000 0.000 0.513 0.049 2.587 0.000 2.744 1.490 0.000 1.292 
---
0 test2fip_consistent left_hidden
0.000 0.129 1.651 3.494 0.000 0.333 0.000 0.000 0.000 1.959 0.165 0.000 0.399 0.463 0.000 1.504 2.380 0.169 0.257 2.095 
0 test2fip_consistent right_hidden
0.000 0.777 0.233 1.219 0.000 1.824 0.000 0.006 0.000 0.115 0.493 0.000 1.744 0.872 0.000 0.602 0.097 1.844 0.000 0.098 
---
1 test2fip_inconsistent left_hidden
0.000 0.129 1.651 3.494 0.000 0.333 0.000 0.000 0.000 1.959 0.165 0.000 0.399 0.463 0.000 1.504 2.380 0.169 0.257 2.095 
1 test2fip_inconsistent right_hidden
0.000 0.790 1.903 2.576 0.000 1.600 0.000 0.010 0.000 2.055 1.065 0.000 2.214 1.214 0.337 0.684 1.493 1.374 0.000 1.423 
---
0 test2fip_consistent left_hidden
0.000 0.332 3.699 0.000 0.000 0.000 0.000 0.978 0.809 0.000 0.000 0.000 0.000 0.000 0.000 0.794 2.185 2.830 0.000 0.576 
0 test2fip_consistent right_hidden
0.000 2.580 0.152 0.000 0.000 0.000 0.036 0.973 0.000 0.000 0.433 0.000 1.512 0.000 0.000 0.000 1.236 0.880 0.000 0.762 
---
1 test2fip_inconsistent left_hidden
0.000 0.332 3.699 0.000 0.000 0.000 0.000 0.978 0.809 0.000 0.000 0.000 0.000 0.000 0.000 0.794 2.185 2.830 0.000 0.576 
1 test2fip_inconsistent right_hidden
0.386 1.766 2.181 0.000 0.000 0.000 0.000 1.397 1.221 0.000 0.000 0.000 1.436 0.000 0.000 0.000 3.363 2.959 0.000 1.233 
---
0 test2fip_consistent left_hidden
0.000 1.474 2.651 2.898 1.897 0.000 0.000 0.000 0.000 0.685 0.000 0.000 0.000 0.965 0.840 0.912 0.000 0.054 1.399 1.066 
0 test2fip_consistent right_hidden
0.000 0.058 0.000 0.639 0.066 0.000 0.341 0.638 0.000 0.166 0.000 0.000 0.000 0.404 2.834 0.371 0.296 0.000 0.225 2.101 
---
1 test2fip_inconsistent left_hidden
0.000 1.474 2.651 2.898 1.897 0.000 0.000 0.000 0.000 0.685 0.000 0.000 0.000 0.965 0.840 0.912 0.000 0.054 1.399 1.066 
1 test2fip_inconsistent right_hidden
0.000 1.174 1.511 3.183 1.064 0.000 0.059 0.295 0.000 0.421 0.000 0.247 0.000 1.587 2.745 0.079 0.064 0.000 1.422 2.386 
---
0 test2fip_consistent left_hidden
0.000 0.007 0.000 2.884 1.242 0.000 0.629 0.000 1.350 0.000 0.000 0.488 1.860 0.000 0.000 0.000 0.000 0.000 3.819 0.000 
0 test2fip_consistent right_hidden
0.000 0.015 0.000 1.333 2.627 0.058 0.111 0.096 0.582 1.056 0.383 0.770 1.565 0.406 0.000 0.000 0.000 0.242 0.158 0.000 
---
1 test2fip_inconsistent left_hidden
0.000 0.007 0.000 2.884 1.242 0.000 0.629 0.000 1.350 0.000 0.000 0.488 1.860 0.000 0.000 0.000 0.000 0.000 3.819 0.000 
1 test2fip_inconsistent right_hidden
0.000 0.000 0.000 3.044 2.552 0.000 0.000 0.123 1.343 0.354 0.000 0.982 3.021 0.000 0.000 0.000 0.000 0.331 2.926 0.000 
---
0 test2fip_consistent left_hidden
0.000 1.818 0.635 0.000 0.000 1.871 0.000 0.260 1.520 2.448 0.000 2.614 1.776 0.556 0.607 0.216 0.000 0.000 1.634 0.000 
0 test2fip_consistent right_hidden
0.718 0.691 0.110 0.000 0.475 0.227 0.000 0.000 0.250 0.687 0.957 0.217 1.093 1.091 0.159 2.571 0.000 0.000 1.019 1.238 
---
1 test2fip_inconsistent left_hidden
0.000 1.818 0.635 0.000 0.000 1.871 0.000 0.260 1.520 2.448 0.000 2.614 1.776 0.556 0.607 0.216 0.000 0.000 1.634 0.000 
1 test2fip_inconsistent right_hidden
0.796 2.261 0.739 0.000 0.022 1.244 0.000 0.000 1.575 2.234 1.368 2.091 1.797 0.874 0.785 2.213 0.000 0.000 2.160 0.926 
---
0 test2fip_consistent left_hidden
0.000 0.110 0.000 0.000 0.000 2.081 2.469 0.000 0.573 0.940 0.000 0.000 0.000 0.000 1.787 0.477 0.000 0.000 4.057 1.297 
0 test2fip_consistent right_hidden
0.000 0.000 0.000 0.000 0.000 2.401 1.166 1.305 0.000 0.495 0.180 0.573 0.399 2.175 0.149 1.270 0.000 0.486 0.247 0.669 
---
1 test2fip_inconsistent left_hidden
0.000 0.110 0.000 0.000 0.000 2.081 2.469 0.000 0.573 0.940 0.000 0.000 0.000 0.000 1.787 0.477 0.000 0.000 4.057 1.297 
1 test2fip_inconsistent right_hidden
0.000 0.529 0.000 0.000 0.000 3.178 2.568 1.607 0.000 0.235 0.000 0.452 0.000 1.299 1.113 1.031 0.000 0.387 3.252 1.285 
---
0 test2fip_consistent left_hidden
0.000 0.842 0.000 0.543 0.000 0.752 0.000 0.112 0.000 1.143 0.000 0.000 1.327 2.246 2.297 2.968 0.947 0.000 0.526 0.747 
0 test2fip_consistent right_hidden
0.000 0.189 0.082 0.330 0.000 0.000 0.692 0.089 0.000 0.000 0.000 0.000 2.772 0.073 0.141 2.618 0.000 0.000 0.095 0.020 
---
1 test2fip_inconsistent left_hidden
0.000 0.842 0.000 0.543 0.000 0.752 0.000 0.112 0.000 1.143 0.000 0.000 1.327 2.246 2.297 2.968 0.947 0.000 0.526 0.747 
1 test2fip_inconsistent right_hidden
0.000 0.754 0.000 0.290 0.000 0.371 0.465 0.000 0.000 0.000 0.000 0.000 3.278 2.051 1.407 4.371 1.058 0.000 0.766 1.614 
---
0 test2fip_consistent left_hidden
1.284 0.000 1.993 0.351 0.000 0.000 1.412 0.000 1.325 0.000 0.000 0.000 0.000 3.722 0.151 0.000 0.000 0.000 2.319 0.436 
0 test2fip_consistent right_hidden
1.511 0.079 0.000 1.708 1.937 0.659 0.873 0.000 0.000 0.000 0.009 0.000 0.083 0.179 0.000 0.944 0.000 0.000 1.499 0.000 
---
1 test2fip_inconsistent left_hidden
1.284 0.000 1.993 0.351 0.000 0.000 1.412 0.000 1.325 0.000 0.000 0.000 0.000 3.722 0.151 0.000 0.000 0.000 2.319 0.436 
1 test2fip_inconsistent right_hidden
1.197 0.000 1.756 1.910 1.542 0.193 0.973 0.000 1.687 0.000 0.000 0.000 0.000 2.913 0.188 0.506 0.000 0.000 2.680 0.025 
---
0 test2fip_consistent left_hidden
2.101 0.909 3.325 1.027 0.095 0.000 0.153 0.000 0.000 0.000 0.000 0.028 0.000 2.181 1.530 0.000 0.159 0.192 2.031 0.000 
0 test2fip_consistent right_hidden
0.716 0.033 0.750 0.203 1.166 0.773 1.148 0.235 0.000 0.000 0.437 0.000 0.000 0.059 2.439 0.000 0.632 0.662 0.125 1.386 
---
1 test2fip_inconsistent left_hidden
2.101 0.909 3.325 1.027 0.095 0.000 0.153 0.000 0.000 0.000 0.000 0.028 0.000 2.181 1.530 0.000 0.159 0.192 2.031 0.000 
1 test2fip_inconsistent right_hidden
2.324 0.604 2.487 1.267 0.923 0.930 1.282 0.000 0.000 0.000 0.257 0.062 0.000 2.229 2.543 0.000 0.834 0.474 1.890 1.673 
---
0 test2fip_consistent left_hidden
0.539 2.965 3.184 0.000 0.771 0.000 1.055 0.226 0.000 0.000 0.000 0.686 2.052 0.000 0.000 0.000 1.563 0.000 0.000 0.320 
0 test2fip_consistent right_hidden
0.000 0.000 1.340 1.653 0.019 0.375 0.000 0.000 0.000 0.000 0.000 0.000 2.052 2.513 0.000 0.000 0.027 0.000 0.000 0.047 
---
1 test2fip_inconsistent left_hidden
0.539 2.965 3.184 0.000 0.771 0.000 1.055 0.226 0.000 0.000 0.000 0.686 2.052 0.000 0.000 0.000 1.563 0.000 0.000 0.320 
1 test2fip_inconsistent right_hidden
0.949 1.630 3.638 1.257 1.717 0.691 0.000 0.000 0.000 0.000 0.000 0.000 3.286 1.827 0.000 0.000 0.000 0.000 0.000 0.000 
---
0 test2fip_consistent left_hidden
0.000 0.389 0.017 0.000 0.623 0.000 0.000 0.000 0.000 0.963 0.000 0.000 0.000 0.000 1.576 1.718 0.000 0.000 0.000 4.491 
0 test2fip_consistent right_hidden
1.734 0.613 0.145 1.017 0.000 0.084 0.000 0.000 0.123 0.102 1.917 0.000 0.000 0.000 0.099 2.607 0.132 0.740 0.382 0.000 
---
1 test2fip_inconsistent left_hidden
0.000 0.389 0.017 0.000 0.623 0.000 0.000 0.000 0.000 0.963 0.000 0.000 0.000 0.000 1.576 1.718 0.000 0.000 0.000 4.491 
1 test2fip_inconsistent right_hidden
1.106 1.340 0.155 0.637 0.000 0.000 0.000 0.000 0.000 1.015 0.969 0.000 0.000 0.000 1.023 4.470 0.380 0.369 0.098 3.303 
---
0 test2fip_consistent left_hidden
0.253 1.709 0.000 1.963 2.087 1.597 0.489 1.099 0.000 0.750 0.000 0.493 1.831 0.062 2.992 1.050 0.000 0.000 0.000 0.000 
0 test2fip_consistent right_hidden
0.236 0.395 0.000 1.844 0.060 2.260 0.000 0.035 0.000 0.085 0.000 1.162 0.248 0.085 0.222 0.254 0.000 1.206 0.582 0.000 
---
1 test2fip_inconsistent left_hidden
0.253 1.709 0.000 1.963 2.087 1.597 0.489 1.099 0.000 0.750 0.000 0.493 1.831 0.062 2.992 1.050 0.000 0.000 0.000 0.000 
1 test2fip_inconsistent right_hidden
0.880 1.632 0.000 1.620 1.411 3.330 0.000 0.003 0.000 1.047 0.000 1.479 1.745 0.288 1.711 1.013 0.000 0.410 0.827 0.000 
---
0 test2fip_consistent left_hidden
1.259 3.196 2.257 0.823 0.000 0.000 0.632 0.000 0.000 0.000 0.000 0.000 0.239 0.228 2.071 0.000 0.000 0.000 0.000 2.817 
0 test2fip_consistent right_hidden
0.566 0.424 1.160 0.020 0.000 0.761 0.800 0.706 0.000 0.038 0.000 0.000 0.061 1.602 0.278 0.000 0.178 2.541 0.000 0.004 
---
1 test2fip_inconsistent left_hidden
1.259 3.196 2.257 0.823 0.000 0.000 0.632 0.000 0.000 0.000 0.000 0.000 0.239 0.228 2.071 0.000 0.000 0.000 0.000 2.817 
1 test2fip_inconsistent right_hidden
1.249 3.458 2.910 0.000 0.000 1.174 1.041 0.131 0.000 0.000 0.000 0.000 0.000 1.156 1.188 0.000 0.098 2.007 0.000 1.009 
---
0 test2fip_consistent left_hidden
0.000 2.663 0.124 1.368 0.000 1.895 1.805 0.000 0.000 2.043 0.000 1.986 0.000 0.680 0.000 0.000 0.000 0.187 0.000 3.038 
0 test2fip_consistent right_hidden
2.046 1.224 0.423 0.144 0.000 0.633 0.686 0.004 0.000 0.177 0.969 0.500 0.773 0.000 2.270 0.031 0.000 0.000 0.118 0.436 
---
1 test2fip_inconsistent left_hidden
0.000 2.663 0.124 1.368 0.000 1.895 1.805 0.000 0.000 2.043 0.000 1.986 0.000 0.680 0.000 0.000 0.000 0.187 0.000 3.038 
1 test2fip_inconsistent right_hidden
1.492 2.570 0.258 0.515 0.000 1.582 2.124 0.000 0.000 1.422 0.621 2.393 0.596 0.000 2.181 0.000 0.000 0.000 0.000 2.050 
---
0 test2fip_consistent left_hidden
1.562 0.000 0.001 0.797 0.000 0.000 0.000 0.500 0.000 0.072 1.356 3.379 0.973 3.403 0.189 0.000 0.125 0.333 1.323 0.000 
0 test2fip_consistent right_hidden
0.150 0.000 0.617 2.500 0.000 0.000 0.614 0.000 0.000 0.617 0.897 0.134 2.283 0.457 0.668 0.024 0.000 0.309 0.000 0.013 
---
1 test2fip_inconsistent left_hidden
1.562 0.000 0.001 0.797 0.000 0.000 0.000 0.500 0.000 0.072 1.356 3.379 0.973 3.403 0.189 0.000 0.125 0.333 1.323 0.000 
1 test2fip_inconsistent right_hidden
1.177 0.000 0.547 2.237 0.000 0.000 0.574 0.287 0.000 0.740 1.366 1.859 2.890 3.518 0.802 0.000 0.000 0.669 0.982 0.000 
---
0 test2fip_consistent left_hidden
0.000 0.766 0.644 0.000 1.220 0.886 0.000 3.315 2.303 0.991 0.000 0.000 0.000 1.675 0.000 3.098 0.000 0.000 0.000 0.346 
0 test2fip_consistent right_hidden
0.000 0.025 2.620 0.044 0.145 0.058 1.005 0.403 0.000 1.218 1.340 0.000 0.011 2.089 0.129 0.000 0.000 0.814 0.000 0.033 
---
1 test2fip_inconsistent left_hidden
0.000 0.766 0.644 0.000 1.220 0.886 0.000 3.315 2.303 0.991 0.000 0.000 0.000 1.675 0.000 3.098 0.000 0.000 0.000 0.346 
1 test2fip_inconsistent right_hidden
0.000 0.558 2.364 0.109 1.303 1.253 0.000 0.540 0.192 3.040 1.142 0.000 0.000 2.427 0.000 2.566 0.000 0.156 0.000 1.320 
---
0 test2fip_consistent left_hidden
0.311 0.000 0.984 2.021 0.029 0.000 0.350 0.000 0.000 2.947 3.557 0.000 0.028 1.170 0.000 0.623 0.080 0.958 0.000 0.041 
0 test2fip_consistent right_hidden
1.201 0.000 0.000 0.941 1.219 0.000 0.060 0.000 0.000 0.500 0.129 0.000 0.000 2.990 0.000 0.159 0.844 0.034 1.011 0.046 
---
1 test2fip_inconsistent left_hidden
0.311 0.000 0.984 2.021 0.029 0.000 0.350 0.000 0.000 2.947 3.557 0.000 0.028 1.170 0.000 0.623 0.080 0.958 0.000 0.041 
1 test2fip_inconsistent right_hidden
1.412 0.000 0.000 2.839 1.312 0.000 0.048 0.000 0.000 2.913 1.844 0.000 0.000 3.288 0.000 0.597 0.975 0.634 0.877 0.067 
---
0 test2fip_consistent left_hidden
0.358 0.879 0.462 0.000 2.306 0.000 0.000 0.000 1.712 1.890 0.879 0.488 2.548 0.000 0.000 0.000 1.715 2.019 0.000 1.647 
0 test2fip_consistent right_hidden
0.807 0.000 0.222 0.000 0.526 0.000 0.000 0.000 2.162 0.211 2.700 0.000 0.000 0.000 0.000 0.000 0.000 1.149 0.073 1.017 
---
1 test2fip_inconsistent left_hidden
0.358 0.879 0.462 0.000 2.306 0.000 0.000 0.000 1.712 1.890 0.879 0.488 2.548 0.000 0.000 0.000 1.715 2.019 0.000 1.647 
1 test2fip_inconsistent right_hidden
1.802 1.311 0.022 0.000 2.023 0.000 0.003 0.000 2.738 2.512 2.434 0.000 1.511 0.000 0.000 0.000 1.107 1.222 0.000 2.107 
---
0 test2fip_consistent left_hidden
2.942 0.511 0.039 2.244 0.610 0.000 0.000 0.112 0.000 0.354 3.325 0.000 0.000 0.000 1.852 0.026 0.000 0.000 0.000 0.000 
0 test2fip_consistent right_hidden
0.340 3.114 0.282 0.171 0.931 0.670 0.000 0.624 0.041 0.000 1.177 0.544 0.000 0.000 0.975 0.933 0.000 0.000 0.000 0.000 
---
1 test2fip_inconsistent left_hidden
2.942 0.511 0.039 2.244 0.610 0.000 0.000 0.112 0.000 0.354 3.325 0.000 0.000 0.000 1.852 0.026 0.000 0.000 0.000 0.000 
1 test2fip_inconsistent right_hidden
2.455 2.728 0.938 1.208 1.315 0.000 0.000 1.045 0.000 0.268 2.959 0.524 0.000 0.000 2.316 2.379 0.000 0.000 0.000 0.000 
---
0 test2fip_consistent left_hidden
0.804 0.864 1.193 0.445 0.000 0.439 3.473 2.772 0.000 0.000 0.000 0.536 0.411 3.017 1.238 0.000 0.000 0.000 0.462 0.464 
0 test2fip_consistent right_hidden
1.325 1.223 0.000 1.392 0.700 0.000 0.029 0.302 1.535 0.000 0.954 0.077 0.060 0.134 1.026 0.000 0.086 0.619 0.919 0.592 
---
1 test2fip_inconsistent left_hidden
0.804 0.864 1.193 0.445 0.000 0.439 3.473 2.772 0.000 0.000 0.000 0.536 0.411 3.017 1.238 0.000 0.000 0.000 0.462 0.464 
1 test2fip_inconsistent right_hidden
1.879 1.967 0.000 1.972 0.654 0.000 2.438 2.547 1.066 0.000 0.768 0.524 0.276 1.745 0.794 0.000 0.000 0.225 1.742 0.384 
---
0 test2fip_consistent left_hidden
2.870 0.622 0.443 0.000 0.018 0.052 3.307 0.000 1.061 0.547 0.014 0.195 0.000 0.000 2.280 0.000 0.769 0.000 1.169 0.155 
0 test2fip_consistent right_hidden
0.050 0.000 0.487 0.785 1.313 1.040 1.058 0.736 1.471 1.290 0.000 0.314 0.000 0.009 0.566 0.649 0.644 1.012 0.903 1.068 
---
1 test2fip_inconsistent left_hidden
2.870 0.622 0.443 0.000 0.018 0.052 3.307 0.000 1.061 0.547 0.014 0.195 0.000 0.000 2.280 0.000 0.769 0.000 1.169 0.155 
1 test2fip_inconsistent right_hidden
1.392 0.000 0.000 0.000 0.923 0.745 3.141 0.345 2.423 1.352 0.000 0.801 0.000 0.000 0.704 0.416 0.000 0.261 2.531 0.639 
---
0 test2fip_consistent left_hidden
0.000 1.692 2.476 1.334 0.000 0.218 0.104 2.436 0.000 0.965 0.474 0.000 0.629 2.438 0.000 0.000 1.027 0.000 0.000 0.000 
0 test2fip_consistent right_hidden
0.000 0.000 0.057 0.076 0.958 0.000 2.690 0.104 0.000 1.999 0.000 0.000 0.259 0.066 0.000 0.399 0.000 1.443 0.000 0.287 
---
1 test2fip_inconsistent left_hidden
0.000 1.692 2.476 1.334 0.000 0.218 0.104 2.436 0.000 0.965 0.474 0.000 0.629 2.438 0.000 0.000 1.027 0.000 0.000 0.000 
1 test2fip_inconsistent right_hidden
0.000 0.493 1.324 1.422 0.581 0.000 3.015 1.551 0.000 3.030 0.000 0.000 0.812 2.077 0.000 0.213 0.000 1.315 0.000 0.000 
---
0 test2fip_consistent left_hidden
1.502 0.000 0.190 0.000 1.351 0.591 0.000 0.481 3.244 1.303 1.677 0.000 0.621 0.094 0.000 0.000 0.000 2.249 0.000 0.262 
0 test2fip_consistent right_hidden
0.040 0.000 1.208 0.000 1.434 2.753 0.000 0.086 0.614 0.068 0.044 0.000 0.901 0.000 0.000 0.706 0.704 0.848 0.000 0.000 
---
1 test2fip_inconsistent left_hidden
1.502 0.000 0.190 0.000 1.351 0.591 0.000 0.481 3.244 1.303 1.677 0.000 0.621 0.094 0.000 0.000 0.000 2.249 0.000 0.262 
1 test2fip_inconsistent right_hidden
0.499 0.000 0.564 0.000 2.325 2.112 0.035 1.418 2.958 1.645 0.901 0.000 0.969 0.000 0.000 0.088 0.520 1.937 0.000 0.000 
---
0 test2fip_consistent left_hidden
0.000 0.000 0.000 0.007 0.437 0.520 2.869 0.422 0.000 0.003 0.000 1.584 2.617 1.539 0.042 0.000 0.113 2.238 0.000 0.000 
0 test2fip_consistent right_hidden
0.000 0.000 0.065 0.295 1.641 1.230 1.846 0.129 0.000 1.659 0.021 0.112 0.000 0.000 0.834 0.059 1.155 0.597 0.000 0.183 
---
1 test2fip_inconsistent left_hidden
0.000 0.000 0.000 0.007 0.437 0.520 2.869 0.422 0.000 0.003 0.000 1.584 2.617 1.539 0.042 0.000 0.113 2.238 0.000 0.000 
1 test2fip_inconsistent right_hidden
0.000 0.000 0.000 0.563 2.460 0.744 3.752 0.047 0.865 1.037 0.000 1.795 2.303 0.209 0.479 0.000 0.741 1.660 0.000 0.006 
---
0 test2fip_consistent left_hidden
1.915 1.442 0.000 0.000 0.253 0.000 0.000 1.516 0.000 0.333 0.000 4.737 0.470 0.317 1.168 0.000 0.000 0.000 0.000 0.000 
0 test2fip_consistent right_hidden
0.874 2.504 0.000 0.000 0.008 0.093 0.000 0.006 0.000 1.477 0.000 0.771 1.655 1.809 0.000 0.000 1.059 0.000 0.000 0.000 
---
1 test2fip_inconsistent left_hidden
1.915 1.442 0.000 0.000 0.253 0.000 0.000 1.516 0.000 0.333 0.000 4.737 0.470 0.317 1.168 0.000 0.000 0.000 0.000 0.000 
1 test2fip_inconsistent right_hidden
2.567 2.194 0.000 0.000 0.000 1.215 0.000 0.568 0.000 0.267 0.000 4.118 1.785 1.190 0.000 0.000 0.861 0.000 0.000 0.000 
---
0 test2fip_consistent left_hidden
0.685 0.000 0.092 0.243 0.017 2.420 3.592 0.000 0.000 1.658 0.202 0.707 0.618 0.000 0.000 0.000 0.000 0.000 1.984 0.286 
0 test2fip_consistent right_hidden
1.134 0.260 1.278 0.316 0.521 0.486 0.246 0.000 0.000 0.478 2.134 1.897 1.034 0.000 0.000 0.000 0.072 0.000 0.554 0.353 
---
1 test2fip_inconsistent left_hidden
0.685 0.000 0.092 0.243 0.017 2.420 3.592 0.000 0.000 1.658 0.202 0.707 0.618 0.000 0.000 0.000 0.000 0.000 1.984 0.286 
1 test2fip_inconsistent right_hidden
1.810 0.000 1.123 0.285 0.177 1.848 2.650 0.000 0.000 1.592 1.688 1.297 1.693 0.000 0.000 0.000 0.489 0.000 2.575 0.242 
---
0 test2fip_consistent left_hidden
0.629 0.000 0.967 0.487 2.234 1.823 1.758 0.998 2.537 1.017 0.820 1.181 0.536 0.219 0.000 0.237 1.369 0.000 0.463 0.000 
0 test2fip_consistent right_hidden
1.452 0.000 0.898 0.955 0.992 0.221 0.037 0.870 0.280 0.057 1.849 0.000 0.177 1.019 0.188 1.367 0.716 0.000 0.000 0.000 
---
1 test2fip_inconsistent left_hidden
0.629 0.000 0.967 0.487 2.234 1.823 1.758 0.998 2.537 1.017 0.820 1.181 0.536 0.219 0.000 0.237 1.369 0.000 0.463 0.000 
1 test2fip_inconsistent right_hidden
1.376 0.080 1.064 0.369 2.316 1.114 1.661 1.521 2.486 0.688 1.807 1.650 0.804 1.334 0.847 0.867 1.157 0.000 0.000 0.000 
---
0 test2fip_consistent left_hidden
0.480 0.000 0.232 0.000 0.000 0.000 2.275 0.383 3.283 0.000 0.503 3.426 1.156 2.312 0.000 1.118 0.000 0.000 0.000 0.000 
0 test2fip_consistent right_hidden
1.031 0.000 0.000 0.000 3.185 0.000 0.000 0.052 0.703 0.000 0.000 1.944 0.543 0.000 0.852 0.117 0.063 0.000 0.317 0.000 
---
1 test2fip_inconsistent left_hidden
0.480 0.000 0.232 0.000 0.000 0.000 2.275 0.383 3.283 0.000 0.503 3.426 1.156 2.312 0.000 1.118 0.000 0.000 0.000 0.000 
1 test2fip_inconsistent right_hidden
0.677 0.000 1.133 0.000 2.303 0.000 1.311 0.000 2.363 0.000 0.000 3.610 1.237 1.772 0.632 0.390 0.000 0.000 0.930 0.000 
---
0 test2fip_consistent left_hidden
1.339 0.319 0.304 0.390 0.813 0.000 0.653 2.297 2.626 0.681 0.092 0.769 0.613 1.149 0.396 0.000 0.263 0.000 2.551 0.000 
0 test2fip_consistent right_hidden
0.128 0.000 0.068 1.334 1.319 1.573 0.019 0.139 1.019 0.385 0.000 0.000 1.998 0.200 0.239 0.000 0.552 0.000 1.398 0.000 
---
1 test2fip_inconsistent left_hidden
1.339 0.319 0.304 0.390 0.813 0.000 0.653 2.297 2.626 0.681 0.092 0.769 0.613 1.149 0.396 0.000 0.263 0.000 2.551 0.000 
1 test2fip_inconsistent right_hidden
2.202 0.000 0.000 1.306 1.273 0.807 0.000 1.424 2.995 0.635 0.000 0.528 1.938 0.892 0.767 0.000 0.180 0.000 3.294 0.000 
---
0 test2fip_consistent left_hidden
0.270 0.817 1.333 0.000 0.000 0.000 0.886 1.267 0.138 2.979 1.404 0.813 0.000 3.247 0.000 0.000 0.000 0.000 0.000 1.318 
0 test2fip_consistent right_hidden
0.258 0.000 1.359 0.000 0.000 0.000 0.355 0.363 0.077 1.056 2.160 0.903 1.136 0.293 0.043 1.170 0.000 0.077 0.000 0.000 
---
1 test2fip_inconsistent left_hidden
0.270 0.817 1.333 0.000 0.000 0.000 0.886 1.267 0.138 2.979 1.404 0.813 0.000 3.247 0.000 0.000 0.000 0.000 0.000 1.318 
1 test2fip_inconsistent right_hidden
0.000 0.250 3.459 0.000 0.000 0.000 0.006 0.136 0.000 1.460 1.610 0.738 0.740 2.260 2.641 0.792 0.000 0.000 0.000 0.000 
---
0 test2fip_consistent left_hidden
3.357 0.094 0.076 1.647 1.149 0.000 1.469 0.016 1.379 0.347 1.662 0.000 0.581 2.144 0.000 0.000 0.000 1.030 0.000 0.000 
0 test2fip_consistent right_hidden
0.187 1.193 1.106 1.181 0.056 0.338 0.292 0.797 0.355 0.176 2.469 0.043 0.220 1.244 0.000 0.000 0.000 1.126 0.000 0.000 
---
1 test2fip_inconsistent left_hidden
3.357 0.094 0.076 1.647 1.149 0.000 1.469 0.016 1.379 0.347 1.662 0.000 0.581 2.144 0.000 0.000 0.000 1.030 0.000 0.000 
1 test2fip_inconsistent right_hidden
1.884 0.848 0.831 1.764 0.443 0.000 2.062 0.691 2.254 0.982 2.635 0.000 1.592 2.788 0.000 0.000 0.000 1.611 0.000 0.000 
---
0 test2fip_consistent left_hidden
2.067 0.844 0.387 1.442 0.000 0.661 1.214 2.203 0.000 0.149 1.719 0.279 0.000 0.000 0.000 0.000 0.000 1.390 2.283 0.233 
0 test2fip_consistent right_hidden
0.097 0.000 0.184 0.000 0.000 0.031 0.369 1.063 0.000 0.000 2.213 0.119 1.201 0.000 0.000 1.644 0.000 0.018 1.222 1.404 
---
1 test2fip_inconsistent left_hidden
2.067 0.844 0.387 1.442 0.000 0.661 1.214 2.203 0.000 0.149 1.719 0.279 0.000 0.000 0.000 0.000 0.000 1.390 2.283 0.233 
1 test2fip_inconsistent right_hidden
0.776 0.165 0.603 1.849 0.000 1.007 1.463 1.856 0.000 0.159 3.015 0.559 0.734 0.019 0.000 1.110 0.000 1.836 2.647 1.499 
---
0 test2fip_consistent left_hidden
2.078 0.252 0.000 1.427 0.144 0.054 1.035 3.018 0.397 0.204 0.000 0.000 0.000 0.000 1.214 2.311 0.658 1.629 1.004 0.000 
0 test2fip_consistent right_hidden
1.216 0.034 0.000 0.303 0.582 1.187 1.331 2.776 0.072 1.343 0.000 0.650 0.000 0.000 0.072 0.026 0.000 0.000 0.000 0.000 
---
1 test2fip_inconsistent left_hidden
2.078 0.252 0.000 1.427 0.144 0.054 1.035 3.018 0.397 0.204 0.000 0.000 0.000 0.000 1.214 2.311 0.658 1.629 1.004 0.000 
1 test2fip_inconsistent right_hidden
1.774 0.000 0.000 1.350 0.000 0.741 2.499 4.055 1.805 0.683 0.000 0.669 0.000 0.000 1.876 1.289 0.736 0.652 0.000 0.000 
---
0 test2fip_consistent left_hidden
1.902 0.763 0.000 1.044 3.098 0.000 1.038 0.351 0.000 1.495 0.000 3.098 1.067 0.000 0.000 0.277 0.135 0.000 0.000 0.000 
0 test2fip_consistent right_hidden
0.716 0.050 2.436 0.000 0.512 0.000 0.195 1.595 0.000 1.032 0.489 0.816 0.217 0.011 0.000 0.082 0.000 0.000 0.000 2.065 
---
1 test2fip_inconsistent left_hidden
1.902 0.763 0.000 1.044 3.098 0.000 1.038 0.351 0.000 1.495 0.000 3.098 1.067 0.000 0.000 0.277 0.135 0.000 0.000 0.000 
1 test2fip_inconsistent right_hidden
2.361 0.592 1.931 0.000 2.367 0.000 1.082 0.728 0.000 1.138 0.109 2.926 1.041 0.000 0.000 0.000 0.000 0.000 0.000 2.223 
---
0 test2fip_consistent left_hidden
1.984 0.000 0.000 0.000 0.000 1.752 2.135 0.000 0.000 0.000 0.000 0.758 2.007 0.647 1.473 0.000 0.892 2.255 0.000 0.000 
0 test2fip_consistent right_hidden
0.104 1.463 0.000 0.000 1.302 0.648 0.071 0.000 0.625 0.000 0.264 1.271 2.171 0.000 0.000 0.000 1.130 0.148 0.845 0.232 
---
1 test2fip_inconsistent left_hidden
1.984 0.000 0.000 0.000 0.000 1.752 2.135 0.000 0.000 0.000 0.000 0.758 2.007 0.647 1.473 0.000 0.892 2.255 0.000 0.000 
1 test2fip_inconsistent right_hidden
1.757 1.104 0.000 0.000 0.510 0.723 1.497 0.000 0.000 0.000 0.000 1.680 4.053 0.508 0.925 0.000 1.488 2.476 0.000 0.083 
---
0 test2fip_consistent left_hidden
0.973 0.048 2.346 2.369 0.749 0.237 1.544 0.000 1.082 0.000 0.000 0.589 0.000 2.160 0.369 1.110 0.000 0.000 0.000 0.711 
0 test2fip_consistent right_hidden
0.066 1.223 0.966 1.708 0.000 0.047 0.071 0.427 0.070 0.040 1.432 0.466 1.032 0.045 0.000 0.250 0.000 0.015 1.598 1.465 
---
1 test2fip_inconsistent left_hidden
0.973 0.048 2.346 2.369 0.749 0.237 1.544 0.000 1.082 0.000 0.000 0.589 0.000 2.160 0.369 1.110 0.000 0.000 0.000 0.711 
1 test2fip_inconsistent right_hidden
0.000 0.473 2.951 3.111 0.865 0.119 1.608 0.425 0.217 0.000 1.010 1.030 0.137 1.968 0.000 0.833 0.000 0.973 1.583 1.477 
---
0 test2fip_consistent left_hidden
1.241 0.509 0.843 0.704 0.865 2.062 0.067 1.618 2.564 0.000 0.118 2.936 0.000 1.537 0.733 0.026 0.000 1.496 0.000 0.000 
0 test2fip_consistent right_hidden
0.209 0.781 1.952 0.000 1.799 0.053 0.996 0.436 0.847 0.000 0.430 0.297 0.000 1.565 0.000 0.029 0.968 1.587 0.000 0.000 
---
1 test2fip_inconsistent left_hidden
1.241 0.509 0.843 0.704 0.865 2.062 0.067 1.618 2.564 0.000 0.118 2.936 0.000 1.537 0.733 0.026 0.000 1.496 0.000 0.000 
1 test2fip_inconsistent right_hidden
1.512 0.692 2.162 0.000 2.247 1.369 0.862 1.829 2.177 0.000 0.549 2.592 0.000 1.928 0.000 0.000 0.050 1.622 0.000 0.000 
---
0 test2fip_consistent left_hidden
0.313 0.461 0.000 0.972 0.000 0.000 0.557 0.000 1.439 2.856 0.000 0.000 0.000 0.000 0.000 0.293 0.045 0.000 4.162 0.000 
0 test2fip_consistent right_hidden
0.000 0.218 0.000 1.588 0.000 0.000 1.994 0.162 0.097 0.000 0.000 0.000 0.956 0.031 0.000 2.181 0.872 0.000 0.823 0.000 
---
1 test2fip_inconsistent left_hidden
0.313 0.461 0.000 0.972 0.000 0.000 0.557 0.000 1.439 2.856 0.000 0.000 0.000 0.000 0.000 0.293 0.045 0.000 4.162 0.000 
1 test2fip_inconsistent right_hidden
0.000 0.457 0.000 1.212 0.000 0.000 1.890 0.000 0.792 1.988 1.366 0.023 0.183 0.024 0.000 1.776 0.688 0.079 3.853 0.000 
---
0 test2fip_consistent left_hidden
1.418 1.032 0.355 0.000 0.840 0.000 3.358 0.000 0.357 0.966 0.000 0.462 0.715 0.926 0.000 0.000 3.176 0.000 0.000 0.000 
0 test2fip_consistent right_hidden
2.181 0.543 0.060 0.000 0.322 0.000 0.338 0.545 0.353 0.151 0.794 1.639 0.104 1.175 0.168 0.773 0.617 0.000 0.000 0.789 
---
1 test2fip_inconsistent left_hidden
1.418 1.032 0.355 0.000 0.840 0.000 3.358 0.000 0.357 0.966 0.000 0.462 0.715 0.926 0.000 0.000 3.176 0.000 0.000 0.000 
1 test2fip_inconsistent right_hidden
2.329 0.597 0.288 0.063 1.824 0.000 2.014 0.347 0.898 1.025 0.712 1.634 0.736 2.272 0.000 0.351 2.820 0.000 0.000 0.299 
---
0 test2fip_consistent left_hidden
0.000 0.850 0.095 0.000 2.325 0.000 2.279 0.000 0.693 0.114 0.000 2.405 0.977 0.067 1.326 0.251 0.000 1.498 0.000 3.034 
0 test2fip_consistent right_hidden
0.483 0.078 0.702 0.000 0.000 0.093 2.672 0.000 0.313 0.903 0.724 0.276 0.080 0.000 0.027 2.184 0.000 0.506 0.000 0.125 
---
1 test2fip_inconsistent left_hidden
0.000 0.850 0.095 0.000 2.325 0.000 2.279 0.000 0.693 0.114 0.000 2.405 0.977 0.067 1.326 0.251 0.000 1.498 0.000 3.034 
1 test2fip_inconsistent right_hidden
0.323 0.878 0.657 0.000 1.774 1.262 2.978 0.000 1.378 0.864 0.613 2.365 1.285 0.000 0.000 2.273 0.000 0.886 0.000 0.841 
---
0 test2fip_consistent left_hidden
0.000 0.023 0.000 0.000 0.000 2.210 0.000 2.803 0.000 1.654 0.000 2.692 0.000 0.929 0.000 1.024 2.319 0.000 0.000 0.095 
0 test2fip_consistent right_hidden
1.252 0.271 3.158 0.000 0.000 0.004 1.709 1.270 0.136 0.000 0.291 0.000 0.092 1.101 0.000 0.342 0.015 0.000 0.000 0.000 
---
1 test2fip_inconsistent left_hidden
0.000 0.023 0.000 0.000 0.000 2.210 0.000 2.803 0.000 1.654 0.000 2.692 0.000 0.929 0.000 1.024 2.319 0.000 0.000 0.095 
1 test2fip_inconsistent right_hidden
0.936 0.300 2.872 0.000 0.000 1.784 1.363 2.889 0.000 0.198 0.000 2.331 0.000 2.551 0.000 0.973 0.979 0.000 0.000 0.000 
---
