0 test1dax_consistent left_hidden
0.577 0.000 0.000 1.098 0.113 1.260 0.000 1.239 1.731 0.005 1.790 0.216 0.354 0.000 0.000 0.009 0.000 1.069 0.000 0.000 
0 test1dax_consistent right_hidden
0.585 0.000 0.000 0.688 0.000 2.512 0.000 2.991 0.000 0.000 6.401 0.212 1.889 0.000 0.000 0.000 0.000 0.000 0.000 0.000 
---
1 test1dax_inconsistent left_hidden
0.577 0.000 0.000 1.098 0.113 1.260 0.000 1.239 1.731 0.005 1.790 0.216 0.354 0.000 0.000 0.009 0.000 1.069 0.000 0.000 
1 test1dax_inconsistent right_hidden
0.000 0.000 0.002 0.812 0.000 1.801 0.000 1.388 0.005 0.031 2.039 1.091 1.204 0.000 0.000 0.000 0.000 0.514 0.000 0.108 
---
0 test1dax_consistent left_hidden
0.000 0.000 0.550 0.000 1.985 0.056 1.135 1.318 1.054 0.000 0.000 0.245 0.005 0.058 0.222 0.141 1.737 0.205 0.000 0.000 
0 test1dax_consistent right_hidden
0.000 0.000 0.000 0.000 0.000 0.264 1.618 1.298 3.103 0.000 0.000 3.008 0.000 0.000 0.000 0.000 2.184 2.222 2.970 0.000 
---
1 test1dax_inconsistent left_hidden
0.000 0.000 0.550 0.000 1.985 0.056 1.135 1.318 1.054 0.000 0.000 0.245 0.005 0.058 0.222 0.141 1.737 0.205 0.000 0.000 
1 test1dax_inconsistent right_hidden
0.000 0.000 0.330 0.000 0.041 0.226 0.069 0.026 0.460 0.000 0.177 1.702 0.000 0.000 0.000 0.362 0.351 0.819 0.594 0.000 
---
0 test1dax_consistent left_hidden
0.000 0.000 0.000 0.160 0.931 0.519 0.259 0.000 0.000 2.521 0.000 0.000 0.647 0.454 0.157 0.000 0.021 0.333 0.000 0.114 
0 test1dax_consistent right_hidden
0.000 2.081 0.000 2.000 0.000 1.806 0.000 0.000 0.000 2.095 2.434 0.627 0.697 1.264 0.000 0.037 2.242 2.836 0.000 0.000 
---
1 test1dax_inconsistent left_hidden
0.000 0.000 0.000 0.160 0.931 0.519 0.259 0.000 0.000 2.521 0.000 0.000 0.647 0.454 0.157 0.000 0.021 0.333 0.000 0.114 
1 test1dax_inconsistent right_hidden
0.522 0.686 0.161 0.811 0.246 1.289 0.000 0.350 0.000 0.300 0.471 0.690 0.295 0.000 0.210 0.048 0.576 0.591 0.000 0.006 
---
0 test1dax_consistent left_hidden
0.342 0.000 0.000 0.122 0.386 0.456 2.021 0.491 0.000 0.319 0.000 0.247 2.044 0.147 0.000 0.503 0.000 0.000 0.518 0.804 
0 test1dax_consistent right_hidden
0.000 2.538 0.000 0.000 0.000 0.000 0.843 0.000 1.955 2.621 0.000 4.093 0.000 0.000 0.000 2.273 0.000 0.000 0.000 0.000 
---
1 test1dax_inconsistent left_hidden
0.342 0.000 0.000 0.122 0.386 0.456 2.021 0.491 0.000 0.319 0.000 0.247 2.044 0.147 0.000 0.503 0.000 0.000 0.518 0.804 
1 test1dax_inconsistent right_hidden
0.000 1.170 0.000 0.000 0.372 0.106 0.705 0.495 0.286 0.000 0.000 1.139 0.163 0.000 0.000 2.076 0.000 0.000 0.072 0.000 
---
0 test1dax_consistent left_hidden
0.881 0.000 0.000 1.017 0.925 0.273 0.000 1.138 1.527 0.000 0.000 0.297 0.116 0.000 0.000 0.191 0.359 0.071 1.713 0.000 
0 test1dax_consistent right_hidden
1.019 3.464 1.121 0.146 3.094 2.790 0.000 2.884 1.941 0.000 0.000 2.466 0.734 0.024 0.000 0.000 0.000 1.590 0.370 0.000 
---
1 test1dax_inconsistent left_hidden
0.881 0.000 0.000 1.017 0.925 0.273 0.000 1.138 1.527 0.000 0.000 0.297 0.116 0.000 0.000 0.191 0.359 0.071 1.713 0.000 
1 test1dax_inconsistent right_hidden
0.004 1.007 0.722 0.504 0.625 1.831 0.000 0.786 0.728 0.063 0.030 0.892 0.219 0.160 0.038 0.694 0.000 0.583 0.447 0.074 
---
0 test1dax_consistent left_hidden
1.606 0.051 1.287 0.000 0.158 1.480 0.000 0.033 0.000 0.244 0.000 1.065 1.739 0.390 0.000 0.000 0.000 0.000 0.000 0.553 
0 test1dax_consistent right_hidden
0.000 0.000 0.000 0.000 1.901 0.000 0.000 1.018 4.894 0.000 0.000 2.712 1.443 0.000 0.000 0.000 1.157 0.000 0.000 0.000 
---
1 test1dax_inconsistent left_hidden
1.606 0.051 1.287 0.000 0.158 1.480 0.000 0.033 0.000 0.244 0.000 1.065 1.739 0.390 0.000 0.000 0.000 0.000 0.000 0.553 
1 test1dax_inconsistent right_hidden
0.227 0.035 0.108 0.000 0.127 0.120 0.000 0.829 2.028 0.348 0.000 0.022 0.000 0.000 0.039 0.181 1.152 0.000 0.335 0.000 
---
0 test1dax_consistent left_hidden
1.290 0.000 1.960 0.715 0.457 0.000 1.069 1.058 0.123 0.000 0.824 0.000 0.078 1.173 0.000 0.000 0.201 0.228 0.267 0.146 
0 test1dax_consistent right_hidden
0.000 0.000 4.164 3.402 2.872 0.000 0.000 0.826 0.000 0.462 0.129 0.000 0.044 1.585 0.000 0.000 1.842 0.759 0.000 1.998 
---
1 test1dax_inconsistent left_hidden
1.290 0.000 1.960 0.715 0.457 0.000 1.069 1.058 0.123 0.000 0.824 0.000 0.078 1.173 0.000 0.000 0.201 0.228 0.267 0.146 
1 test1dax_inconsistent right_hidden
0.873 0.000 1.502 0.940 1.304 0.095 0.000 0.765 0.000 0.295 0.628 0.000 0.672 0.324 0.000 0.000 0.188 0.991 0.000 0.543 
---
0 test1dax_consistent left_hidden
0.636 0.421 0.883 0.000 0.029 1.215 0.208 0.351 0.352 0.102 1.031 1.754 0.141 0.000 0.220 1.419 0.000 0.000 0.277 0.734 
0 test1dax_consistent right_hidden
3.481 0.973 0.000 0.000 2.190 0.382 0.010 0.104 0.423 0.000 1.528 0.175 2.455 0.000 1.752 4.016 0.000 0.000 0.000 0.572 
---
1 test1dax_inconsistent left_hidden
0.636 0.421 0.883 0.000 0.029 1.215 0.208 0.351 0.352 0.102 1.031 1.754 0.141 0.000 0.220 1.419 0.000 0.000 0.277 0.734 
1 test1dax_inconsistent right_hidden
0.758 0.712 0.778 0.000 0.742 0.004 0.044 0.291 0.461 0.000 0.794 0.000 1.100 0.000 0.494 1.152 0.000 0.000 0.000 0.441 
---
0 test1dax_consistent left_hidden
0.802 2.240 0.000 0.083 0.853 0.171 0.000 1.615 0.877 0.000 0.332 0.000 0.052 0.265 0.000 0.488 1.041 0.000 0.049 0.898 
0 test1dax_consistent right_hidden
0.217 1.622 0.000 5.138 0.069 0.766 0.000 0.606 3.463 0.000 1.583 0.000 0.000 1.383 0.000 0.006 0.086 0.000 0.350 0.000 
---
1 test1dax_inconsistent left_hidden
0.802 2.240 0.000 0.083 0.853 0.171 0.000 1.615 0.877 0.000 0.332 0.000 0.052 0.265 0.000 0.488 1.041 0.000 0.049 0.898 
1 test1dax_inconsistent right_hidden
0.337 0.284 0.527 1.237 0.216 0.187 0.041 0.653 2.042 0.553 0.527 0.000 0.000 0.050 0.011 0.118 0.467 0.000 0.346 0.047 
---
0 test1dax_consistent left_hidden
0.689 0.408 0.843 0.101 0.854 0.873 0.171 0.235 0.000 0.000 0.570 0.089 0.000 0.029 0.000 0.000 1.730 1.979 0.624 0.053 
0 test1dax_consistent right_hidden
0.048 0.773 0.000 0.546 0.000 0.805 0.028 1.981 0.031 0.000 0.000 0.000 0.000 1.268 0.000 0.000 0.000 3.926 1.314 3.986 
---
1 test1dax_inconsistent left_hidden
0.689 0.408 0.843 0.101 0.854 0.873 0.171 0.235 0.000 0.000 0.570 0.089 0.000 0.029 0.000 0.000 1.730 1.979 0.624 0.053 
1 test1dax_inconsistent right_hidden
0.792 0.691 0.167 0.000 0.402 0.000 0.002 0.725 0.268 0.044 0.733 0.053 0.000 0.146 0.070 0.000 0.000 0.320 0.000 1.673 
---
0 test1dax_consistent left_hidden
0.236 0.442 1.272 0.000 0.000 0.758 0.000 0.173 0.042 0.000 0.000 0.000 1.401 0.682 0.788 0.000 1.311 0.295 2.038 0.000 
0 test1dax_consistent right_hidden
1.893 0.000 3.092 1.619 0.000 0.495 0.000 0.000 2.009 0.000 0.210 0.000 2.353 0.506 0.684 2.985 2.209 0.739 1.707 0.000 
---
1 test1dax_inconsistent left_hidden
0.236 0.442 1.272 0.000 0.000 0.758 0.000 0.173 0.042 0.000 0.000 0.000 1.401 0.682 0.788 0.000 1.311 0.295 2.038 0.000 
1 test1dax_inconsistent right_hidden
0.741 0.000 0.761 0.700 0.000 0.431 0.037 0.265 1.201 0.536 0.584 0.000 0.761 0.000 0.821 0.805 0.422 0.522 0.312 0.000 
---
0 test1dax_consistent left_hidden
2.219 0.156 1.106 0.000 0.000 0.581 0.000 0.024 0.000 0.117 0.193 0.000 0.810 1.163 0.570 0.000 0.803 0.154 0.601 0.106 
0 test1dax_consistent right_hidden
4.066 0.509 0.317 0.000 0.000 0.000 0.000 1.156 3.378 1.879 1.652 3.006 0.000 1.033 0.206 0.000 0.454 0.416 0.000 0.000 
---
1 test1dax_inconsistent left_hidden
2.219 0.156 1.106 0.000 0.000 0.581 0.000 0.024 0.000 0.117 0.193 0.000 0.810 1.163 0.570 0.000 0.803 0.154 0.601 0.106 
1 test1dax_inconsistent right_hidden
1.046 0.252 0.614 0.000 0.000 0.318 0.000 0.302 0.841 1.309 0.806 1.303 0.157 1.191 0.014 0.000 0.189 0.454 0.000 0.051 
---
0 test1dax_consistent left_hidden
0.640 1.420 0.000 1.183 0.170 0.000 0.000 0.000 0.032 0.130 0.926 0.858 0.384 0.890 0.000 0.000 0.000 0.674 1.617 0.000 
0 test1dax_consistent right_hidden
0.000 0.413 0.391 0.000 0.000 0.979 0.941 0.000 2.408 3.555 2.420 0.000 2.862 2.060 1.708 0.000 0.000 1.225 1.247 0.451 
---
1 test1dax_inconsistent left_hidden
0.640 1.420 0.000 1.183 0.170 0.000 0.000 0.000 0.032 0.130 0.926 0.858 0.384 0.890 0.000 0.000 0.000 0.674 1.617 0.000 
1 test1dax_inconsistent right_hidden
0.010 1.065 0.194 0.426 0.000 0.320 0.451 0.000 0.673 1.325 1.499 0.000 0.722 0.563 0.451 0.069 0.000 0.511 0.338 0.133 
---
0 test1dax_consistent left_hidden
1.811 0.047 0.000 0.187 1.414 0.000 1.378 0.000 1.519 0.171 0.794 0.343 0.550 0.000 0.000 0.000 0.000 0.000 0.000 0.171 
0 test1dax_consistent right_hidden
1.513 0.000 0.000 1.588 0.000 0.000 0.000 0.000 0.211 1.506 3.900 0.000 0.000 0.000 3.028 0.000 2.713 0.770 0.000 3.567 
---
1 test1dax_inconsistent left_hidden
1.811 0.047 0.000 0.187 1.414 0.000 1.378 0.000 1.519 0.171 0.794 0.343 0.550 0.000 0.000 0.000 0.000 0.000 0.000 0.171 
1 test1dax_inconsistent right_hidden
1.693 0.035 0.000 0.828 0.000 0.019 0.000 0.180 0.710 0.348 1.593 0.000 0.000 0.000 0.692 0.000 1.051 0.502 0.000 0.842 
---
0 test1dax_consistent left_hidden
0.000 0.167 0.000 0.819 0.806 0.494 0.038 0.283 1.564 0.722 0.000 1.802 0.079 0.426 0.081 0.488 0.000 1.387 1.475 0.000 
0 test1dax_consistent right_hidden
0.000 0.058 0.000 1.098 2.272 0.000 0.000 0.890 2.155 2.337 1.829 1.777 3.833 0.000 0.000 0.000 0.000 0.000 1.871 0.000 
---
1 test1dax_inconsistent left_hidden
0.000 0.167 0.000 0.819 0.806 0.494 0.038 0.283 1.564 0.722 0.000 1.802 0.079 0.426 0.081 0.488 0.000 1.387 1.475 0.000 
1 test1dax_inconsistent right_hidden
0.371 0.705 0.000 0.498 0.923 0.020 0.000 0.876 1.210 0.713 0.557 0.198 1.066 0.347 0.000 0.208 0.000 0.000 0.672 0.000 
---
0 test1dax_consistent left_hidden
1.005 0.416 0.082 1.214 0.000 0.188 1.309 1.837 1.078 1.183 0.090 0.367 0.000 0.000 1.014 0.169 0.905 0.000 0.053 0.000 
0 test1dax_consistent right_hidden
0.000 2.651 0.000 0.000 0.000 0.000 3.386 1.760 0.216 0.015 0.000 3.725 0.000 1.929 2.912 0.000 0.000 0.000 0.000 0.000 
---
1 test1dax_inconsistent left_hidden
1.005 0.416 0.082 1.214 0.000 0.188 1.309 1.837 1.078 1.183 0.090 0.367 0.000 0.000 1.014 0.169 0.905 0.000 0.053 0.000 
1 test1dax_inconsistent right_hidden
0.658 1.316 0.000 0.206 0.000 0.216 1.587 0.241 0.832 0.000 0.167 0.795 0.000 0.570 0.651 0.087 0.000 0.000 0.000 0.000 
---
0 test1dax_consistent left_hidden
0.000 0.309 0.536 0.000 0.986 1.211 1.076 0.345 0.000 2.392 0.047 0.250 0.000 0.000 0.000 0.000 0.166 0.000 0.000 0.000 
0 test1dax_consistent right_hidden
0.000 4.521 0.030 0.000 1.540 1.160 1.172 1.246 0.000 1.833 3.620 0.000 0.000 0.000 0.000 0.000 0.643 2.851 0.000 0.000 
---
1 test1dax_inconsistent left_hidden
0.000 0.309 0.536 0.000 0.986 1.211 1.076 0.345 0.000 2.392 0.047 0.250 0.000 0.000 0.000 0.000 0.166 0.000 0.000 0.000 
1 test1dax_inconsistent right_hidden
0.000 1.405 0.090 0.000 0.022 0.045 0.608 1.351 0.089 0.688 1.312 0.165 0.141 0.000 0.036 0.000 0.685 1.009 0.000 0.000 
---
0 test1dax_consistent left_hidden
0.863 0.545 1.133 1.315 1.044 0.163 0.000 0.185 0.339 0.000 0.000 1.587 0.899 0.000 1.193 0.092 0.000 0.190 0.260 0.582 
0 test1dax_consistent right_hidden
0.893 0.000 0.000 0.000 0.153 0.000 0.000 0.507 3.841 0.000 0.000 0.110 2.548 0.000 3.949 0.273 0.000 0.044 0.000 1.220 
---
1 test1dax_inconsistent left_hidden
0.863 0.545 1.133 1.315 1.044 0.163 0.000 0.185 0.339 0.000 0.000 1.587 0.899 0.000 1.193 0.092 0.000 0.190 0.260 0.582 
1 test1dax_inconsistent right_hidden
0.384 0.000 0.111 0.091 0.798 0.316 0.000 0.707 0.932 0.053 0.000 0.163 0.287 0.036 1.327 0.081 0.000 0.227 0.000 1.132 
---
0 test1dax_consistent left_hidden
0.000 0.000 0.000 0.000 0.098 0.921 1.873 1.177 0.218 0.000 0.460 1.091 1.073 0.321 1.479 0.842 0.247 0.098 0.000 0.000 
0 test1dax_consistent right_hidden
2.534 0.000 0.000 0.000 0.064 0.000 0.000 0.000 0.950 0.000 0.000 1.496 5.554 0.000 0.093 3.049 1.206 0.000 2.007 0.000 
---
1 test1dax_inconsistent left_hidden
0.000 0.000 0.000 0.000 0.098 0.921 1.873 1.177 0.218 0.000 0.460 1.091 1.073 0.321 1.479 0.842 0.247 0.098 0.000 0.000 
1 test1dax_inconsistent right_hidden
0.819 0.000 0.000 0.000 0.119 0.000 0.000 0.000 0.693 0.002 0.000 1.250 1.764 0.000 0.672 1.834 0.000 0.000 0.731 0.000 
---
0 test1dax_consistent left_hidden
1.391 0.888 0.000 0.000 0.000 0.077 0.000 1.215 0.000 1.406 1.241 0.244 0.000 0.023 0.695 0.051 0.729 1.261 0.451 0.149 
0 test1dax_consistent right_hidden
1.814 2.256 0.000 2.211 0.000 0.000 0.000 0.000 0.000 0.049 3.929 0.703 0.000 0.000 2.890 0.000 0.183 1.067 0.298 0.000 
---
1 test1dax_inconsistent left_hidden
1.391 0.888 0.000 0.000 0.000 0.077 0.000 1.215 0.000 1.406 1.241 0.244 0.000 0.023 0.695 0.051 0.729 1.261 0.451 0.149 
1 test1dax_inconsistent right_hidden
1.855 0.498 0.000 0.103 0.000 0.075 0.000 0.000 0.000 0.000 1.099 0.576 0.000 0.000 1.410 0.081 0.665 0.479 0.572 0.052 
---
0 test1dax_consistent left_hidden
0.447 0.000 0.000 0.883 1.437 2.331 0.050 0.000 0.000 0.000 0.000 0.772 0.158 1.059 0.000 0.701 0.480 0.000 0.569 0.723 
0 test1dax_consistent right_hidden
0.000 2.507 0.000 0.000 1.090 4.228 0.056 1.953 0.000 0.000 0.000 1.255 0.144 2.526 2.752 0.034 0.000 0.464 0.000 0.078 
---
1 test1dax_inconsistent left_hidden
0.447 0.000 0.000 0.883 1.437 2.331 0.050 0.000 0.000 0.000 0.000 0.772 0.158 1.059 0.000 0.701 0.480 0.000 0.569 0.723 
1 test1dax_inconsistent right_hidden
0.000 1.634 0.000 0.000 1.228 0.782 0.000 0.251 0.000 0.160 0.076 0.135 0.599 1.017 0.817 0.000 0.102 0.168 0.000 0.543 
---
0 test1dax_consistent left_hidden
0.000 0.090 0.566 0.000 0.512 0.545 0.386 0.094 0.000 2.480 0.936 0.126 0.053 0.000 0.262 1.182 0.196 0.000 0.033 0.617 
0 test1dax_consistent right_hidden
0.018 3.365 0.713 0.000 4.045 0.514 0.223 0.339 0.000 1.044 0.925 0.000 0.815 0.000 0.000 0.000 0.000 0.000 2.865 1.514 
---
1 test1dax_inconsistent left_hidden
0.000 0.090 0.566 0.000 0.512 0.545 0.386 0.094 0.000 2.480 0.936 0.126 0.053 0.000 0.262 1.182 0.196 0.000 0.033 0.617 
1 test1dax_inconsistent right_hidden
0.449 0.559 0.011 0.000 1.338 0.148 0.321 0.532 0.000 0.045 0.000 0.000 1.048 0.160 0.019 0.299 0.000 0.000 0.920 0.112 
---
0 test1dax_consistent left_hidden
0.006 0.296 0.000 0.000 0.000 0.037 0.029 2.155 1.132 0.000 0.000 0.000 0.000 0.000 0.000 0.200 1.924 0.464 0.000 0.578 
0 test1dax_consistent right_hidden
0.000 4.185 1.566 0.400 0.000 0.000 1.113 0.000 0.000 0.000 0.000 0.389 2.534 0.000 0.000 0.008 0.000 1.030 3.885 1.487 
---
1 test1dax_inconsistent left_hidden
0.006 0.296 0.000 0.000 0.000 0.037 0.029 2.155 1.132 0.000 0.000 0.000 0.000 0.000 0.000 0.200 1.924 0.464 0.000 0.578 
1 test1dax_inconsistent right_hidden
0.000 1.672 0.182 0.516 0.000 0.000 0.577 0.299 0.972 0.000 0.000 0.220 0.940 0.000 0.000 0.000 0.293 0.000 0.975 1.019 
---
0 test1dax_consistent left_hidden
1.362 0.899 0.000 0.079 0.986 0.984 1.417 0.000 0.325 1.265 0.000 0.614 0.000 0.000 0.679 0.000 0.000 0.364 0.031 1.677 
0 test1dax_consistent right_hidden
1.723 0.000 0.000 0.000 0.094 0.000 3.904 0.000 0.000 0.000 0.000 3.409 3.032 0.000 2.018 0.643 0.000 1.722 0.000 0.000 
---
1 test1dax_inconsistent left_hidden
1.362 0.899 0.000 0.079 0.986 0.984 1.417 0.000 0.325 1.265 0.000 0.614 0.000 0.000 0.679 0.000 0.000 0.364 0.031 1.677 
1 test1dax_inconsistent right_hidden
1.190 0.485 0.000 0.000 0.612 0.000 1.233 0.000 0.184 0.000 0.145 1.458 0.349 0.000 1.068 0.007 0.000 0.209 0.001 0.172 
---
0 test1dax_consistent left_hidden
0.198 0.000 1.102 0.000 0.925 0.128 0.637 0.339 0.209 1.123 0.587 0.701 0.702 0.000 0.566 0.143 1.581 1.314 0.189 0.047 
0 test1dax_consistent right_hidden
0.000 0.000 2.863 0.559 0.000 1.673 0.540 1.790 0.025 4.517 2.295 0.194 0.000 0.000 1.074 0.000 2.904 0.039 0.650 0.996 
---
1 test1dax_inconsistent left_hidden
0.198 0.000 1.102 0.000 0.925 0.128 0.637 0.339 0.209 1.123 0.587 0.701 0.702 0.000 0.566 0.143 1.581 1.314 0.189 0.047 
1 test1dax_inconsistent right_hidden
0.000 0.000 0.733 0.038 0.327 0.746 0.304 0.253 0.000 1.553 0.394 1.225 0.053 0.000 0.404 0.073 1.590 0.000 0.000 0.696 
---
0 test1dax_consistent left_hidden
0.557 1.381 0.097 0.395 0.286 0.000 0.697 1.292 0.617 0.072 0.316 0.965 1.860 0.000 0.527 0.000 0.102 0.520 0.793 0.000 
0 test1dax_consistent right_hidden
2.740 0.000 0.000 0.000 1.584 0.029 0.112 2.068 1.867 0.000 1.158 1.403 0.000 2.752 1.582 1.294 0.000 2.469 0.000 0.000 
---
1 test1dax_inconsistent left_hidden
0.557 1.381 0.097 0.395 0.286 0.000 0.697 1.292 0.617 0.072 0.316 0.965 1.860 0.000 0.527 0.000 0.102 0.520 0.793 0.000 
1 test1dax_inconsistent right_hidden
1.017 0.585 0.000 0.019 0.606 0.106 0.634 0.119 0.226 0.000 1.019 0.588 0.281 0.607 0.752 0.028 0.000 0.802 0.000 0.000 
---
0 test1dax_consistent left_hidden
0.000 0.823 1.051 0.427 0.000 0.101 1.198 0.000 1.226 0.000 0.784 0.718 0.224 0.000 0.676 1.307 1.092 0.194 0.281 0.000 
0 test1dax_consistent right_hidden
0.000 0.000 0.575 0.383 0.599 2.668 0.000 0.000 0.731 0.000 1.272 1.120 2.687 0.000 1.702 0.741 3.072 1.682 3.274 0.000 
---
1 test1dax_inconsistent left_hidden
0.000 0.823 1.051 0.427 0.000 0.101 1.198 0.000 1.226 0.000 0.784 0.718 0.224 0.000 0.676 1.307 1.092 0.194 0.281 0.000 
1 test1dax_inconsistent right_hidden
0.000 0.000 0.000 0.288 0.022 0.642 0.000 0.000 0.000 0.000 0.671 0.152 1.354 0.000 0.601 0.854 0.606 0.396 0.921 0.000 
---
0 test1dax_consistent left_hidden
0.000 0.097 0.000 1.716 0.079 0.000 0.000 0.892 0.322 0.018 1.776 0.133 0.000 0.000 0.000 0.463 1.454 0.233 0.000 0.317 
0 test1dax_consistent right_hidden
1.794 3.387 0.000 0.000 0.000 0.000 0.000 0.935 0.027 0.000 0.000 0.305 0.000 0.757 0.922 2.645 0.000 1.368 0.000 4.869 
---
1 test1dax_inconsistent left_hidden
0.000 0.097 0.000 1.716 0.079 0.000 0.000 0.892 0.322 0.018 1.776 0.133 0.000 0.000 0.000 0.463 1.454 0.233 0.000 0.317 
1 test1dax_inconsistent right_hidden
0.449 1.046 0.000 0.000 0.000 0.120 0.000 0.873 0.000 0.000 0.226 0.068 0.070 0.793 0.431 1.441 0.000 1.185 0.000 1.071 
---
0 test1dax_consistent left_hidden
0.000 1.722 0.253 0.172 0.000 0.000 0.374 0.000 0.327 2.059 0.927 1.300 0.147 0.250 0.000 0.003 0.000 0.160 0.151 0.000 
0 test1dax_consistent right_hidden
0.000 0.948 0.000 0.000 1.492 0.000 0.000 0.000 0.000 2.742 2.913 0.000 0.608 3.236 0.000 4.258 0.050 2.241 0.000 0.000 
---
1 test1dax_inconsistent left_hidden
0.000 1.722 0.253 0.172 0.000 0.000 0.374 0.000 0.327 2.059 0.927 1.300 0.147 0.250 0.000 0.003 0.000 0.160 0.151 0.000 
1 test1dax_inconsistent right_hidden
0.000 0.240 0.542 0.000 1.006 0.000 0.059 0.000 0.000 1.592 1.072 0.000 0.670 1.965 0.000 0.565 0.632 0.867 0.000 0.000 
---
0 test1dax_consistent left_hidden
0.000 0.000 0.060 2.285 0.000 0.000 0.000 0.067 0.668 0.173 0.573 0.000 1.035 0.167 1.497 0.000 0.901 0.040 0.364 0.255 
0 test1dax_consistent right_hidden
0.000 0.000 0.000 2.297 2.390 0.700 1.267 0.066 1.085 0.497 0.000 0.442 1.081 4.389 1.091 3.840 0.000 1.576 0.000 0.021 
---
1 test1dax_inconsistent left_hidden
0.000 0.000 0.060 2.285 0.000 0.000 0.000 0.067 0.668 0.173 0.573 0.000 1.035 0.167 1.497 0.000 0.901 0.040 0.364 0.255 
1 test1dax_inconsistent right_hidden
0.000 0.000 0.000 0.423 1.112 0.783 0.197 0.000 0.000 0.416 0.000 0.965 1.277 0.983 0.633 1.258 0.414 0.448 0.000 0.062 
---
0 test1dax_consistent left_hidden
0.000 0.830 0.291 0.000 0.000 0.189 0.000 0.000 0.000 1.152 0.000 0.000 0.000 0.000 2.728 1.557 0.000 0.000 0.000 0.259 
0 test1dax_consistent right_hidden
0.000 1.443 0.528 0.000 0.000 0.000 2.251 0.000 1.838 0.000 0.000 0.000 0.000 1.967 2.050 2.321 0.646 2.663 3.389 0.000 
---
1 test1dax_inconsistent left_hidden
0.000 0.830 0.291 0.000 0.000 0.189 0.000 0.000 0.000 1.152 0.000 0.000 0.000 0.000 2.728 1.557 0.000 0.000 0.000 0.259 
1 test1dax_inconsistent right_hidden
0.000 1.173 0.623 0.000 0.000 0.450 1.107 0.000 0.760 0.451 0.000 0.000 0.000 0.333 0.733 0.515 0.037 1.290 0.669 0.146 
---
0 test1dax_consistent left_hidden
0.000 0.000 0.000 0.596 0.435 0.022 0.000 0.806 2.908 0.000 0.709 0.000 0.067 0.000 0.183 0.000 0.000 1.062 0.000 0.000 
0 test1dax_consistent right_hidden
0.000 1.264 0.000 2.558 0.000 1.132 0.000 0.000 0.000 0.000 2.672 0.000 3.800 0.000 3.293 0.000 0.000 0.000 0.000 2.458 
---
1 test1dax_inconsistent left_hidden
0.000 0.000 0.000 0.596 0.435 0.022 0.000 0.806 2.908 0.000 0.709 0.000 0.067 0.000 0.183 0.000 0.000 1.062 0.000 0.000 
1 test1dax_inconsistent right_hidden
0.143 0.000 0.000 1.399 0.000 0.193 0.000 0.461 0.727 0.000 0.752 0.000 1.297 0.000 1.093 0.000 0.000 0.000 0.066 0.233 
---
0 test1dax_consistent left_hidden
0.000 1.533 0.000 0.983 1.680 0.832 0.000 0.553 0.434 0.715 0.360 1.349 0.000 0.000 0.582 0.000 0.000 0.273 0.466 0.000 
0 test1dax_consistent right_hidden
0.207 1.802 0.750 0.000 0.000 0.000 0.129 0.313 4.337 3.695 3.185 0.000 0.000 0.000 0.000 0.056 0.000 0.587 0.000 0.000 
---
1 test1dax_inconsistent left_hidden
0.000 1.533 0.000 0.983 1.680 0.832 0.000 0.553 0.434 0.715 0.360 1.349 0.000 0.000 0.582 0.000 0.000 0.273 0.466 0.000 
1 test1dax_inconsistent right_hidden
0.000 0.305 0.000 0.000 0.115 0.000 0.000 0.736 1.028 0.999 1.770 0.397 0.000 0.000 0.465 0.714 0.086 0.170 0.021 0.000 
---
0 test1dax_consistent left_hidden
0.000 0.043 0.000 1.135 0.000 0.000 0.000 0.000 0.000 0.319 2.469 0.168 0.000 0.196 0.000 0.000 0.942 0.000 1.752 0.284 
0 test1dax_consistent right_hidden
0.000 0.294 0.000 0.000 0.000 0.000 0.000 0.000 0.000 0.000 4.485 0.378 0.000 1.154 0.000 0.000 1.420 5.292 0.004 0.000 
---
1 test1dax_inconsistent left_hidden
0.000 0.043 0.000 1.135 0.000 0.000 0.000 0.000 0.000 0.319 2.469 0.168 0.000 0.196 0.000 0.000 0.942 0.000 1.752 0.284 
1 test1dax_inconsistent right_hidden
0.000 0.000 0.000 0.000 0.000 0.000 0.000 0.000 0.000 0.000 1.181 0.757 0.000 1.976 0.017 0.000 1.523 2.007 0.402 0.632 
---
0 test1dax_consistent left_hidden
0.260 0.524 0.000 0.017 0.000 0.000 0.165 0.000 0.380 0.000 1.677 0.000 0.000 0.137 2.435 1.335 0.149 0.000 0.000 0.000 
0 test1dax_consistent right_hidden
0.869 0.069 0.000 1.938 0.512 0.000 5.613 1.153 0.978 0.268 0.452 0.000 0.000 0.000 0.000 2.933 0.204 0.000 0.000 0.000 
---
1 test1dax_inconsistent left_hidden
0.260 0.524 0.000 0.017 0.000 0.000 0.165 0.000 0.380 0.000 1.677 0.000 0.000 0.137 2.435 1.335 0.149 0.000 0.000 0.000 
1 test1dax_inconsistent right_hidden
0.938 0.517 0.318 0.758 0.000 0.000 1.530 0.638 1.201 0.396 0.000 0.000 0.125 0.000 0.146 0.607 0.521 0.000 0.047 0.000 
---
0 test1dax_consistent left_hidden
0.000 0.000 0.000 1.867 0.000 0.959 0.286 0.000 0.093 0.090 0.451 0.622 1.967 0.000 0.407 0.371 0.893 0.401 0.088 0.000 
0 test1dax_consistent right_hidden
2.016 0.000 0.000 0.000 0.000 0.000 0.061 0.000 6.119 0.000 1.281 0.000 0.313 0.000 0.000 0.000 0.000 0.000 2.261 0.000 
---
1 test1dax_inconsistent left_hidden
0.000 0.000 0.000 1.867 0.000 0.959 0.286 0.000 0.093 0.090 0.451 0.622 1.967 0.000 0.407 0.371 0.893 0.401 0.088 0.000 
1 test1dax_inconsistent right_hidden
0.000 0.007 0.000 0.000 0.020 0.046 0.140 0.000 2.441 0.000 0.365 0.525 1.459 0.000 0.000 0.351 0.000 0.000 0.409 0.000 
---
0 test1dax_consistent left_hidden
2.581 1.415 1.073 0.000 0.014 0.330 0.000 0.000 0.000 0.593 0.573 0.986 0.325 0.084 0.488 0.079 0.052 0.693 0.000 0.007 
0 test1dax_consistent right_hidden
0.000 3.578 3.075 0.000 0.009 0.000 0.000 0.000 0.000 2.171 4.946 0.000 0.591 1.654 0.000 0.442 0.000 1.960 0.000 0.000 
---
1 test1dax_inconsistent left_hidden
2.581 1.415 1.073 0.000 0.014 0.330 0.000 0.000 0.000 0.593 0.573 0.986 0.325 0.084 0.488 0.079 0.052 0.693 0.000 0.007 
1 test1dax_inconsistent right_hidden
0.000 0.934 1.274 0.000 0.278 0.000 0.000 0.000 0.034 0.717 1.255 0.760 0.825 1.082 0.000 0.000 0.000 1.511 0.000 0.000 
---
0 test1dax_consistent left_hidden
0.468 0.828 0.080 0.592 0.225 1.657 0.000 1.603 0.000 1.039 0.000 0.000 0.194 0.743 1.021 0.082 0.000 0.000 0.049 0.741 
0 test1dax_consistent right_hidden
5.203 0.174 1.031 0.000 0.000 0.923 0.000 0.518 0.000 1.944 0.000 0.000 2.190 0.000 0.000 0.260 0.000 0.000 1.970 0.000 
---
1 test1dax_inconsistent left_hidden
0.468 0.828 0.080 0.592 0.225 1.657 0.000 1.603 0.000 1.039 0.000 0.000 0.194 0.743 1.021 0.082 0.000 0.000 0.049 0.741 
1 test1dax_inconsistent right_hidden
1.681 0.000 0.678 0.000 0.000 0.032 0.465 0.364 0.008 0.514 0.000 0.000 1.680 0.000 0.000 0.373 0.260 0.000 0.345 0.223 
---
0 test1dax_consistent left_hidden
0.000 0.947 0.000 0.006 0.255 1.148 0.587 0.097 2.442 0.647 0.373 0.477 0.000 1.457 0.718 0.225 0.000 0.000 0.000 0.000 
0 test1dax_consistent right_hidden
0.000 0.000 0.044 0.000 0.000 1.003 0.000 1.552 4.512 0.000 0.000 2.373 0.000 0.000 2.854 1.756 0.000 0.000 3.054 0.000 
---
1 test1dax_inconsistent left_hidden
0.000 0.947 0.000 0.006 0.255 1.148 0.587 0.097 2.442 0.647 0.373 0.477 0.000 1.457 0.718 0.225 0.000 0.000 0.000 0.000 
1 test1dax_inconsistent right_hidden
0.000 0.342 0.016 0.000 0.017 0.439 0.000 1.018 0.978 0.508 0.440 1.711 0.115 0.000 1.686 0.532 0.000 0.000 0.935 0.000 
---
0 test1dax_consistent left_hidden
0.866 0.000 0.000 0.373 0.000 0.750 0.963 0.000 1.263 0.000 0.000 0.059 0.000 1.732 1.258 0.523 0.000 1.390 0.938 0.000 
0 test1dax_consistent right_hidden
0.000 0.000 0.000 0.000 0.000 0.037 0.379 0.000 0.167 0.093 0.000 0.000 2.322 5.744 0.513 2.418 0.000 1.005 0.000 0.000 
---
1 test1dax_inconsistent left_hidden
0.866 0.000 0.000 0.373 0.000 0.750 0.963 0.000 1.263 0.000 0.000 0.059 0.000 1.732 1.258 0.523 0.000 1.390 0.938 0.000 
1 test1dax_inconsistent right_hidden
0.000 0.041 0.000 0.157 0.000 0.601 0.866 0.000 0.000 0.112 0.000 0.010 0.345 2.407 0.570 0.418 0.283 0.867 0.000 0.000 
---
0 test1dax_consistent left_hidden
0.000 1.456 1.365 1.142 0.000 0.245 0.391 0.000 0.067 1.610 0.332 0.000 0.000 0.000 0.000 0.307 0.000 0.000 0.000 2.106 
0 test1dax_consistent right_hidden
0.000 0.000 4.332 4.898 0.000 0.000 0.000 0.000 0.000 0.000 0.000 0.000 0.000 0.000 0.000 0.000 2.543 0.000 0.000 1.853 
---
1 test1dax_inconsistent left_hidden
0.000 1.456 1.365 1.142 0.000 0.245 0.391 0.000 0.067 1.610 0.332 0.000 0.000 0.000 0.000 0.307 0.000 0.000 0.000 2.106 
1 test1dax_inconsistent right_hidden
0.000 0.000 0.919 2.392 0.000 0.000 0.000 0.000 0.000 0.163 0.000 0.000 0.000 0.000 0.000 0.000 1.673 0.000 0.000 1.414 
---
0 test1dax_consistent left_hidden
0.045 0.705 0.066 1.419 0.000 1.090 0.581 0.379 0.000 0.511 0.000 0.132 0.481 0.594 1.278 0.000 0.154 0.000 1.553 0.000 
0 test1dax_consistent right_hidden
0.704 0.000 0.734 0.000 0.000 0.000 0.102 0.000 0.000 0.000 0.000 0.000 3.991 4.100 0.849 0.374 2.758 0.224 2.202 0.000 
---
1 test1dax_inconsistent left_hidden
0.045 0.705 0.066 1.419 0.000 1.090 0.581 0.379 0.000 0.511 0.000 0.132 0.481 0.594 1.278 0.000 0.154 0.000 1.553 0.000 
1 test1dax_inconsistent right_hidden
0.972 0.017 0.115 0.259 0.000 0.370 0.000 0.000 0.000 0.000 0.000 0.051 2.009 0.797 1.286 0.184 1.142 0.000 0.498 0.000 
---
0 test1dax_consistent left_hidden
0.000 0.000 0.000 0.108 0.000 0.000 0.853 0.540 0.563 0.000 0.000 0.064 0.779 2.519 0.209 0.077 0.000 1.543 0.000 0.000 
0 test1dax_consistent right_hidden
0.000 0.335 0.048 0.927 0.000 0.000 1.805 0.000 0.000 0.000 4.922 0.000 0.050 0.000 4.503 0.399 0.000 2.072 0.000 0.000 
---
1 test1dax_inconsistent left_hidden
0.000 0.000 0.000 0.108 0.000 0.000 0.853 0.540 0.563 0.000 0.000 0.064 0.779 2.519 0.209 0.077 0.000 1.543 0.000 0.000 
1 test1dax_inconsistent right_hidden
0.000 0.531 0.156 1.390 0.000 0.000 0.643 0.162 0.030 0.000 1.368 0.010 0.766 0.212 1.801 0.537 0.000 0.646 0.000 0.000 
---
0 test1dax_consistent left_hidden
0.000 0.542 1.049 1.022 0.000 0.701 0.516 0.000 0.000 0.000 1.309 1.549 0.000 0.590 0.707 0.000 0.000 0.815 1.351 1.183 
0 test1dax_consistent right_hidden
3.153 4.582 0.000 0.000 0.000 2.482 1.238 0.000 0.000 0.000 0.057 0.000 0.000 2.157 2.058 0.000 0.000 0.000 0.000 1.095 
---
1 test1dax_inconsistent left_hidden
0.000 0.542 1.049 1.022 0.000 0.701 0.516 0.000 0.000 0.000 1.309 1.549 0.000 0.590 0.707 0.000 0.000 0.815 1.351 1.183 
1 test1dax_inconsistent right_hidden
0.752 1.369 0.000 0.123 0.000 1.629 0.725 0.000 0.000 0.000 0.415 0.000 0.000 0.767 0.605 0.000 0.000 0.047 0.000 1.002 
---
0 test1dax_consistent left_hidden
0.000 0.009 0.696 0.457 0.000 0.000 2.656 0.998 0.000 1.405 0.000 0.000 0.000 0.572 0.000 0.022 0.632 0.000 0.506 0.000 
0 test1dax_consistent right_hidden
0.000 0.000 1.887 0.000 0.000 0.000 2.948 0.000 0.000 2.378 0.671 0.911 0.263 0.000 0.000 2.697 0.000 2.391 2.773 1.804 
---
1 test1dax_inconsistent left_hidden
0.000 0.009 0.696 0.457 0.000 0.000 2.656 0.998 0.000 1.405 0.000 0.000 0.000 0.572 0.000 0.022 0.632 0.000 0.506 0.000 
1 test1dax_inconsistent right_hidden
0.199 0.000 0.403 0.586 0.388 0.000 0.638 0.444 0.000 0.375 0.773 0.032 0.000 0.000 0.348 1.378 0.000 0.434 1.289 0.130 
---
0 test1dax_consistent left_hidden
1.304 0.000 0.085 0.000 0.544 0.000 0.000 0.019 0.285 2.035 0.000 0.979 0.031 0.000 0.537 0.000 0.000 1.291 0.808 0.000 
0 test1dax_consistent right_hidden
0.000 0.000 0.000 0.000 1.548 0.000 0.000 0.000 1.223 0.472 0.000 3.399 3.606 0.000 2.838 0.000 0.000 0.000 3.207 1.215 
---
1 test1dax_inconsistent left_hidden
1.304 0.000 0.085 0.000 0.544 0.000 0.000 0.019 0.285 2.035 0.000 0.979 0.031 0.000 0.537 0.000 0.000 1.291 0.808 0.000 
1 test1dax_inconsistent right_hidden
0.209 0.000 0.000 0.000 0.598 0.000 0.000 0.025 0.004 0.754 0.023 0.552 1.507 0.000 1.597 0.137 0.000 0.453 0.912 1.248 
---
0 test1dax_consistent left_hidden
0.000 0.000 1.993 0.371 0.010 0.000 2.390 0.000 0.000 0.000 0.387 1.575 0.000 0.000 0.109 0.000 0.000 0.000 0.029 0.015 
0 test1dax_consistent right_hidden
0.000 0.121 0.136 0.000 0.000 0.000 0.000 0.067 0.687 0.000 3.600 0.000 2.179 0.000 4.100 0.101 0.739 1.295 4.271 1.597 
---
1 test1dax_inconsistent left_hidden
0.000 0.000 1.993 0.371 0.010 0.000 2.390 0.000 0.000 0.000 0.387 1.575 0.000 0.000 0.109 0.000 0.000 0.000 0.029 0.015 
1 test1dax_inconsistent right_hidden
0.000 0.036 0.805 0.052 0.000 0.000 0.000 0.486 0.524 0.000 1.750 0.000 0.283 0.000 1.184 0.000 0.581 0.537 1.011 0.000 
---
0 test1dax_consistent left_hidden
1.603 1.040 0.000 0.370 0.000 0.000 0.000 1.387 1.330 0.188 0.249 0.000 1.319 0.000 0.088 0.000 0.847 0.000 1.337 0.148 
0 test1dax_consistent right_hidden
0.000 0.015 3.005 1.432 0.000 0.065 0.000 2.338 0.000 0.000 1.783 0.000 4.306 0.000 0.000 0.000 1.331 0.820 0.686 0.445 
---
1 test1dax_inconsistent left_hidden
1.603 1.040 0.000 0.370 0.000 0.000 0.000 1.387 1.330 0.188 0.249 0.000 1.319 0.000 0.088 0.000 0.847 0.000 1.337 0.148 
1 test1dax_inconsistent right_hidden
0.358 0.377 0.419 1.260 0.000 0.000 0.083 1.136 0.000 0.086 0.880 0.000 1.047 0.050 0.000 0.107 1.259 0.849 0.590 0.379 
---
0 test1dax_consistent left_hidden
0.023 0.634 0.000 0.055 0.395 0.038 0.484 0.000 0.095 0.311 0.000 1.945 0.205 1.173 0.000 1.155 1.311 0.154 0.000 0.000 
0 test1dax_consistent right_hidden
2.847 1.844 0.000 1.772 0.000 0.000 0.000 0.000 0.043 0.830 0.000 0.252 5.194 0.006 0.000 0.977 0.000 0.000 0.000 0.000 
---
1 test1dax_inconsistent left_hidden
0.023 0.634 0.000 0.055 0.395 0.038 0.484 0.000 0.095 0.311 0.000 1.945 0.205 1.173 0.000 1.155 1.311 0.154 0.000 0.000 
1 test1dax_inconsistent right_hidden
0.000 1.687 0.034 1.852 0.018 0.000 0.000 0.000 0.009 1.118 0.000 0.000 1.191 0.330 0.000 0.000 0.000 0.000 0.185 0.000 
---
0 test1dax_consistent left_hidden
0.100 0.003 0.272 0.498 0.023 0.571 0.561 0.168 0.000 0.788 0.000 1.527 0.000 1.463 0.581 0.000 0.308 0.000 0.000 2.226 
0 test1dax_consistent right_hidden
3.023 0.379 0.000 1.891 1.685 0.177 0.033 1.539 0.023 0.000 4.075 1.544 0.000 0.000 0.002 0.000 0.000 2.660 0.760 1.524 
---
1 test1dax_inconsistent left_hidden
0.100 0.003 0.272 0.498 0.023 0.571 0.561 0.168 0.000 0.788 0.000 1.527 0.000 1.463 0.581 0.000 0.308 0.000 0.000 2.226 
1 test1dax_inconsistent right_hidden
0.705 0.607 0.007 0.000 0.327 0.318 0.000 1.008 0.369 0.480 1.373 0.762 0.135 0.000 0.000 0.000 0.000 0.758 0.579 0.630 
---
0 test1dax_consistent left_hidden
0.000 1.619 0.173 1.078 0.686 0.000 0.000 0.761 0.097 0.198 0.657 0.041 0.000 0.485 0.133 0.000 1.692 1.657 0.000 0.000 
0 test1dax_consistent right_hidden
0.000 0.028 0.000 0.000 3.086 0.023 0.000 3.794 1.107 2.017 0.000 0.000 0.717 3.565 0.006 0.000 0.107 0.849 2.102 0.000 
---
1 test1dax_inconsistent left_hidden
0.000 1.619 0.173 1.078 0.686 0.000 0.000 0.761 0.097 0.198 0.657 0.041 0.000 0.485 0.133 0.000 1.692 1.657 0.000 0.000 
1 test1dax_inconsistent right_hidden
0.000 0.000 0.000 0.413 0.645 0.074 0.000 2.278 0.639 0.535 0.000 0.000 0.462 0.525 0.151 0.139 0.000 0.675 0.532 0.000 
---
0 test1dax_consistent left_hidden
0.507 0.324 0.042 0.245 1.393 1.343 0.000 1.217 0.958 0.000 0.283 0.624 0.906 0.000 0.118 0.000 0.083 0.257 0.000 2.006 
0 test1dax_consistent right_hidden
1.687 4.274 0.000 0.000 0.000 1.864 0.000 2.439 1.302 0.000 1.236 2.317 0.097 0.000 0.319 0.000 0.019 3.716 0.000 0.000 
---
1 test1dax_inconsistent left_hidden
0.507 0.324 0.042 0.245 1.393 1.343 0.000 1.217 0.958 0.000 0.283 0.624 0.906 0.000 0.118 0.000 0.083 0.257 0.000 2.006 
1 test1dax_inconsistent right_hidden
1.447 1.224 0.000 0.674 0.000 1.370 0.000 1.117 0.547 0.000 0.486 0.495 0.305 0.000 0.525 0.058 0.001 1.264 0.000 0.465 
---
0 test1dax_consistent left_hidden
0.000 0.000 0.012 0.070 0.123 0.000 0.000 1.259 0.000 0.000 1.626 0.000 0.265 0.139 0.053 0.000 0.000 2.357 0.484 0.837 
0 test1dax_consistent right_hidden
0.000 0.000 0.000 2.093 2.969 0.000 0.000 0.497 0.000 0.000 1.973 0.000 2.984 1.230 0.310 0.000 0.054 1.834 0.011 4.183 
---
1 test1dax_inconsistent left_hidden
0.000 0.000 0.012 0.070 0.123 0.000 0.000 1.259 0.000 0.000 1.626 0.000 0.265 0.139 0.053 0.000 0.000 2.357 0.484 0.837 
1 test1dax_inconsistent right_hidden
0.265 0.000 0.000 0.827 1.089 0.000 0.340 0.442 0.000 0.000 0.207 0.000 1.088 0.189 1.312 0.000 0.105 0.787 0.501 1.183 
---
0 test1dax_consistent left_hidden
0.706 0.236 0.000 0.000 0.000 0.000 1.602 0.190 0.005 1.141 0.313 0.973 0.369 0.000 2.304 0.279 0.000 0.455 0.176 0.642 
0 test1dax_consistent right_hidden
0.000 0.000 0.089 0.000 1.805 0.000 1.227 3.392 1.531 0.000 0.373 2.356 0.000 2.592 2.747 1.273 0.223 1.714 2.660 0.042 
---
1 test1dax_inconsistent left_hidden
0.706 0.236 0.000 0.000 0.000 0.000 1.602 0.190 0.005 1.141 0.313 0.973 0.369 0.000 2.304 0.279 0.000 0.455 0.176 0.642 
1 test1dax_inconsistent right_hidden
0.000 0.000 0.520 0.000 0.286 0.000 0.849 1.498 0.484 0.000 0.691 0.944 0.000 0.760 0.620 0.476 0.349 0.678 0.845 0.757 
---
0 test1dax_consistent left_hidden
0.000 0.122 0.000 0.000 0.131 1.871 0.518 0.000 0.000 0.000 0.011 0.000 0.365 0.006 0.217 1.457 1.487 0.965 0.000 0.906 
0 test1dax_consistent right_hidden
0.000 1.187 0.000 0.000 0.626 0.062 1.726 3.505 4.271 0.381 0.000 0.084 0.965 0.077 0.232 0.011 0.777 0.000 0.000 0.000 
---
1 test1dax_inconsistent left_hidden
0.000 0.122 0.000 0.000 0.131 1.871 0.518 0.000 0.000 0.000 0.011 0.000 0.365 0.006 0.217 1.457 1.487 0.965 0.000 0.906 
1 test1dax_inconsistent right_hidden
0.136 0.142 0.000 0.000 0.836 0.202 0.906 1.400 0.796 0.504 0.000 0.000 0.448 0.290 0.000 0.060 0.280 0.417 0.001 0.164 
---
0 test1dax_consistent left_hidden
1.115 0.000 1.634 0.239 0.000 0.293 0.324 0.123 0.000 0.367 0.880 0.000 0.000 0.000 0.278 0.914 0.000 1.153 0.918 2.147 
0 test1dax_consistent right_hidden
1.094 0.000 0.000 0.000 0.000 0.000 0.719 1.970 0.000 0.000 1.764 0.000 0.000 0.000 0.019 0.450 2.977 3.226 0.000 3.344 
---
1 test1dax_inconsistent left_hidden
1.115 0.000 1.634 0.239 0.000 0.293 0.324 0.123 0.000 0.367 0.880 0.000 0.000 0.000 0.278 0.914 0.000 1.153 0.918 2.147 
1 test1dax_inconsistent right_hidden
0.366 0.000 0.000 0.000 0.000 0.163 1.247 0.264 0.000 0.304 0.860 0.000 0.000 0.000 0.000 0.555 0.712 1.167 0.000 0.309 
---
0 test1dax_consistent left_hidden
0.000 0.623 0.041 0.335 0.000 0.325 0.000 0.000 0.000 0.033 0.213 0.639 1.676 0.000 1.420 2.521 0.000 0.000 0.000 0.000 
0 test1dax_consistent right_hidden
0.000 2.810 0.107 0.529 3.788 0.069 0.070 0.000 0.000 4.402 0.000 0.842 0.000 0.000 0.000 0.000 0.119 0.043 1.157 0.000 
---
1 test1dax_inconsistent left_hidden
0.000 0.623 0.041 0.335 0.000 0.325 0.000 0.000 0.000 0.033 0.213 0.639 1.676 0.000 1.420 2.521 0.000 0.000 0.000 0.000 
1 test1dax_inconsistent right_hidden
0.000 0.687 0.129 0.811 1.399 0.111 0.199 0.000 0.000 0.807 0.000 1.159 0.000 0.083 0.233 0.000 0.590 0.000 1.025 0.000 
---
0 test1dax_consistent left_hidden
0.000 0.242 0.776 0.084 0.203 0.000 0.000 0.000 0.223 0.000 0.900 2.579 0.314 0.077 1.070 0.000 0.000 0.063 0.953 0.000 
0 test1dax_consistent right_hidden
0.316 0.000 5.176 0.196 0.349 0.000 0.000 0.000 0.564 1.030 0.000 0.849 1.378 0.000 1.371 0.000 0.000 2.005 0.297 0.000 
---
1 test1dax_inconsistent left_hidden
0.000 0.242 0.776 0.084 0.203 0.000 0.000 0.000 0.223 0.000 0.900 2.579 0.314 0.077 1.070 0.000 0.000 0.063 0.953 0.000 
1 test1dax_inconsistent right_hidden
0.175 0.805 1.556 0.315 0.399 0.000 0.155 0.150 1.053 0.007 0.315 0.059 0.074 0.000 0.101 0.000 0.000 0.955 0.921 0.000 
---
0 test1dax_consistent left_hidden
0.000 0.000 1.005 0.483 0.206 0.397 0.366 0.367 0.000 0.388 2.140 1.125 0.000 0.177 0.959 0.216 0.558 1.720 0.000 1.278 
0 test1dax_consistent right_hidden
0.000 0.000 1.705 0.000 0.000 2.126 1.893 2.163 0.000 0.000 0.000 4.593 0.000 0.000 1.289 2.441 0.773 2.376 0.000 0.000 
---
1 test1dax_inconsistent left_hidden
0.000 0.000 1.005 0.483 0.206 0.397 0.366 0.367 0.000 0.388 2.140 1.125 0.000 0.177 0.959 0.216 0.558 1.720 0.000 1.278 
1 test1dax_inconsistent right_hidden
0.000 0.000 0.698 0.000 0.000 1.588 0.911 0.249 0.000 0.000 0.566 1.332 0.000 0.736 1.042 0.805 0.767 0.786 0.000 0.000 
---
0 test1dax_consistent left_hidden
0.508 0.000 0.000 0.147 0.000 0.771 0.000 0.000 1.958 0.164 0.122 0.000 1.426 0.343 0.000 0.460 0.898 0.032 1.031 1.398 
0 test1dax_consistent right_hidden
0.000 0.000 0.358 1.679 0.099 0.000 0.000 3.570 0.000 0.000 0.043 4.633 0.456 1.347 0.000 0.000 2.286 1.066 0.000 0.000 
---
1 test1dax_inconsistent left_hidden
0.508 0.000 0.000 0.147 0.000 0.771 0.000 0.000 1.958 0.164 0.122 0.000 1.426 0.343 0.000 0.460 0.898 0.032 1.031 1.398 
1 test1dax_inconsistent right_hidden
0.004 0.000 0.795 1.187 0.451 0.000 0.000 1.214 0.000 0.000 0.048 1.227 0.427 0.902 0.000 0.000 0.390 1.424 0.105 0.000 
---
0 test1dax_consistent left_hidden
0.057 0.103 0.000 0.000 0.000 0.000 1.200 0.000 0.743 0.000 0.000 0.085 1.035 0.145 0.000 0.000 2.299 0.487 0.476 0.483 
0 test1dax_consistent right_hidden
0.012 0.420 2.943 0.000 0.000 0.000 0.243 1.371 0.206 0.000 0.000 2.669 0.842 2.576 2.526 0.000 0.000 0.000 3.536 0.000 
---
1 test1dax_inconsistent left_hidden
0.057 0.103 0.000 0.000 0.000 0.000 1.200 0.000 0.743 0.000 0.000 0.085 1.035 0.145 0.000 0.000 2.299 0.487 0.476 0.483 
1 test1dax_inconsistent right_hidden
0.000 0.182 0.570 0.000 0.170 0.000 0.435 0.000 0.395 0.137 0.000 1.703 0.235 0.956 0.694 0.204 0.626 0.000 1.039 0.543 
---
0 test1dax_consistent left_hidden
0.000 0.680 0.000 0.366 0.000 0.685 0.654 0.055 0.558 0.000 2.308 0.000 2.208 0.572 0.000 1.555 0.000 0.000 0.000 0.000 
0 test1dax_consistent right_hidden
0.000 2.300 0.000 1.511 0.000 0.000 0.000 0.380 2.132 2.428 0.000 0.000 3.135 0.000 0.000 1.227 2.675 0.613 0.000 1.313 
---
1 test1dax_inconsistent left_hidden
0.000 0.680 0.000 0.366 0.000 0.685 0.654 0.055 0.558 0.000 2.308 0.000 2.208 0.572 0.000 1.555 0.000 0.000 0.000 0.000 
1 test1dax_inconsistent right_hidden
0.000 0.814 0.000 1.251 0.043 0.000 0.000 0.257 0.805 0.732 0.000 0.000 0.972 0.000 0.000 1.308 0.622 0.521 0.000 0.639 
---
0 test1dax_consistent left_hidden
0.561 0.000 0.000 0.518 0.897 0.469 0.000 1.261 0.206 0.340 1.619 2.382 0.000 0.201 0.000 0.000 0.109 0.000 0.000 1.405 
0 test1dax_consistent right_hidden
0.108 0.000 0.051 2.031 0.000 2.335 0.000 0.000 2.572 0.929 0.028 0.003 0.000 0.000 0.000 5.357 0.558 0.000 0.000 0.773 
---
1 test1dax_inconsistent left_hidden
0.561 0.000 0.000 0.518 0.897 0.469 0.000 1.261 0.206 0.340 1.619 2.382 0.000 0.201 0.000 0.000 0.109 0.000 0.000 1.405 
1 test1dax_inconsistent right_hidden
0.910 0.000 0.234 0.468 0.000 0.302 0.000 0.000 1.049 1.581 0.059 0.000 0.000 0.000 0.000 1.696 0.734 0.000 0.000 0.346 
---
0 test1dax_consistent left_hidden
0.035 0.214 0.571 1.069 0.718 0.617 0.335 0.000 0.489 0.000 0.255 0.905 0.343 1.279 1.945 0.333 0.000 0.000 0.000 0.825 
0 test1dax_consistent right_hidden
0.000 0.000 0.040 1.079 0.026 1.861 0.665 0.000 0.000 0.428 0.179 3.925 0.844 1.870 2.182 2.351 0.000 0.000 3.568 0.708 
---
1 test1dax_inconsistent left_hidden
0.035 0.214 0.571 1.069 0.718 0.617 0.335 0.000 0.489 0.000 0.255 0.905 0.343 1.279 1.945 0.333 0.000 0.000 0.000 0.825 
1 test1dax_inconsistent right_hidden
0.569 0.000 0.464 0.313 0.229 0.960 0.508 0.000 0.061 0.000 0.463 1.327 1.168 0.777 0.375 0.564 0.000 0.000 1.083 0.523 
---
0 test1dax_consistent left_hidden
1.838 0.591 1.007 0.000 0.736 1.107 0.007 0.016 0.000 1.096 0.350 0.256 0.000 0.000 1.416 0.000 0.000 0.000 1.246 0.723 
0 test1dax_consistent right_hidden
0.000 3.046 2.191 3.125 2.161 0.000 0.000 0.000 0.000 1.215 0.389 0.000 0.000 4.644 0.000 0.000 0.000 0.000 1.274 0.000 
---
1 test1dax_inconsistent left_hidden
1.838 0.591 1.007 0.000 0.736 1.107 0.007 0.016 0.000 1.096 0.350 0.256 0.000 0.000 1.416 0.000 0.000 0.000 1.246 0.723 
1 test1dax_inconsistent right_hidden
0.000 0.420 1.195 1.088 0.776 0.149 0.000 0.000 0.000 1.507 0.965 0.000 0.000 1.456 0.000 0.000 0.000 0.000 1.339 0.302 
---
0 test1dax_consistent left_hidden
0.000 0.000 0.000 0.000 0.752 0.220 1.480 0.600 0.000 1.284 0.070 0.865 0.155 0.901 1.258 1.197 0.478 0.153 0.000 0.663 
0 test1dax_consistent right_hidden
0.000 2.424 0.000 2.579 0.000 0.824 2.232 0.742 0.000 4.168 0.055 0.000 0.722 3.491 1.113 0.916 0.368 0.000 0.000 0.257 
---
1 test1dax_inconsistent left_hidden
0.000 0.000 0.000 0.000 0.752 0.220 1.480 0.600 0.000 1.284 0.070 0.865 0.155 0.901 1.258 1.197 0.478 0.153 0.000 0.663 
1 test1dax_inconsistent right_hidden
0.000 0.941 0.000 0.774 0.509 0.245 0.988 0.526 0.000 1.028 0.300 0.000 1.121 1.428 0.007 0.182 0.797 0.000 0.000 0.803 
---
0 test1dax_consistent left_hidden
0.920 0.000 0.741 0.000 1.030 0.605 1.000 0.000 0.390 0.281 1.061 1.617 0.674 0.225 0.241 0.410 1.098 0.551 0.125 0.000 
0 test1dax_consistent right_hidden
0.506 0.000 0.000 0.936 1.109 1.972 0.000 1.845 0.000 0.064 0.000 1.976 1.674 2.840 0.635 3.052 0.567 1.676 0.000 0.904 
---
1 test1dax_inconsistent left_hidden
0.920 0.000 0.741 0.000 1.030 0.605 1.000 0.000 0.390 0.281 1.061 1.617 0.674 0.225 0.241 0.410 1.098 0.551 0.125 0.000 
1 test1dax_inconsistent right_hidden
0.101 0.000 0.246 0.107 0.265 0.898 0.460 0.321 0.000 0.402 0.441 0.079 1.000 0.671 0.000 0.526 0.655 0.870 0.254 0.330 
---
0 test1dax_consistent left_hidden
0.970 0.124 0.000 1.370 0.478 2.753 0.000 1.007 0.000 0.000 0.000 0.519 0.113 0.000 0.142 0.000 0.603 0.021 0.280 0.123 
0 test1dax_consistent right_hidden
0.883 0.000 0.000 0.018 3.190 1.314 2.502 0.000 0.000 0.579 0.000 0.104 0.865 1.401 3.496 3.428 0.000 0.000 0.453 0.000 
---
1 test1dax_inconsistent left_hidden
0.970 0.124 0.000 1.370 0.478 2.753 0.000 1.007 0.000 0.000 0.000 0.519 0.113 0.000 0.142 0.000 0.603 0.021 0.280 0.123 
1 test1dax_inconsistent right_hidden
1.088 0.000 0.000 0.147 0.733 0.402 0.399 0.000 0.000 0.000 0.000 0.000 1.061 0.032 1.726 0.897 0.574 0.174 0.798 0.000 
---
0 test1dax_consistent left_hidden
0.397 0.000 0.990 1.486 0.000 1.218 0.000 0.000 0.164 0.882 1.325 0.591 0.000 0.000 0.739 0.000 0.926 0.973 0.155 0.795 
0 test1dax_consistent right_hidden
1.429 0.879 0.000 1.091 2.679 0.000 0.000 0.000 0.900 2.410 0.284 0.000 2.835 0.000 0.000 3.630 0.010 1.713 1.641 0.003 
---
1 test1dax_inconsistent left_hidden
0.397 0.000 0.990 1.486 0.000 1.218 0.000 0.000 0.164 0.882 1.325 0.591 0.000 0.000 0.739 0.000 0.926 0.973 0.155 0.795 
1 test1dax_inconsistent right_hidden
0.089 0.711 0.221 0.246 1.086 0.274 0.000 0.000 0.634 0.651 0.000 0.000 1.221 0.000 0.000 0.962 0.385 1.133 0.478 0.804 
---
0 test1dax_consistent left_hidden
2.669 0.000 0.129 0.000 0.616 0.066 0.000 0.000 0.091 0.000 1.409 0.000 0.404 0.000 0.069 0.000 0.074 0.919 0.000 0.030 
0 test1dax_consistent right_hidden
3.923 0.000 1.523 0.000 0.000 0.000 0.000 3.834 0.000 0.155 0.054 1.976 2.159 0.000 0.060 0.000 0.000 2.084 0.000 3.897 
---
1 test1dax_inconsistent left_hidden
2.669 0.000 0.129 0.000 0.616 0.066 0.000 0.000 0.091 0.000 1.409 0.000 0.404 0.000 0.069 0.000 0.074 0.919 0.000 0.030 
1 test1dax_inconsistent right_hidden
0.458 0.000 0.843 0.686 0.000 0.000 0.000 1.247 0.000 0.303 0.374 1.049 1.080 0.000 0.094 0.000 0.000 1.375 0.000 1.899 
---
0 test1dax_consistent left_hidden
0.341 0.000 0.439 1.497 0.303 0.000 0.913 0.987 0.454 0.424 0.108 1.397 1.279 0.000 0.000 0.989 1.208 0.760 0.188 0.000 
0 test1dax_consistent right_hidden
0.000 0.033 1.433 2.497 0.000 0.000 0.000 0.000 0.000 0.846 2.303 1.537 2.739 0.000 0.000 1.032 2.283 3.822 0.000 1.747 
---
1 test1dax_inconsistent left_hidden
0.341 0.000 0.439 1.497 0.303 0.000 0.913 0.987 0.454 0.424 0.108 1.397 1.279 0.000 0.000 0.989 1.208 0.760 0.188 0.000 
1 test1dax_inconsistent right_hidden
0.000 0.000 0.980 0.800 0.000 0.000 0.000 0.076 0.000 0.340 0.620 1.845 0.418 0.000 0.000 0.600 0.714 1.661 0.000 0.439 
---
0 test1dax_consistent left_hidden
0.000 0.000 0.576 0.000 0.676 0.126 1.549 0.367 0.000 1.017 0.735 0.000 1.707 0.000 0.280 0.000 1.009 0.904 0.000 0.000 
0 test1dax_consistent right_hidden
0.010 0.000 0.000 0.000 1.531 0.000 0.000 2.427 2.496 1.663 0.447 3.636 0.647 4.131 0.955 0.000 0.000 0.839 0.000 0.000 
---
1 test1dax_inconsistent left_hidden
0.000 0.000 0.576 0.000 0.676 0.126 1.549 0.367 0.000 1.017 0.735 0.000 1.707 0.000 0.280 0.000 1.009 0.904 0.000 0.000 
1 test1dax_inconsistent right_hidden
0.000 0.000 0.000 0.075 1.344 0.164 0.000 1.532 1.045 0.240 0.342 1.993 0.223 0.926 0.208 0.000 0.000 0.757 0.000 0.000 
---
0 test1dax_consistent left_hidden
2.068 0.000 0.232 1.840 0.891 0.286 0.427 0.000 0.402 0.443 0.000 0.000 0.899 0.000 0.000 0.419 1.002 0.058 0.141 0.443 
0 test1dax_consistent right_hidden
2.008 0.000 2.130 1.491 0.000 5.681 0.000 1.484 0.000 0.000 0.000 0.000 0.545 0.000 0.000 0.000 0.309 0.000 0.292 0.000 
---
1 test1dax_inconsistent left_hidden
2.068 0.000 0.232 1.840 0.891 0.286 0.427 0.000 0.402 0.443 0.000 0.000 0.899 0.000 0.000 0.419 1.002 0.058 0.141 0.443 
1 test1dax_inconsistent right_hidden
1.212 0.000 0.000 0.571 0.491 2.263 0.000 0.210 0.000 0.000 0.000 0.000 0.426 0.000 0.000 0.000 0.834 0.000 0.581 0.000 
---
0 test1dax_consistent left_hidden
1.363 0.629 0.000 0.000 0.000 0.054 0.147 0.000 1.850 0.854 0.449 0.000 0.399 0.000 0.334 0.000 0.000 0.000 1.553 0.506 
0 test1dax_consistent right_hidden
0.914 0.110 1.756 1.730 2.311 0.852 0.000 0.000 0.000 0.000 2.909 0.000 0.000 2.529 0.013 0.000 1.104 2.275 0.000 2.394 
---
1 test1dax_inconsistent left_hidden
1.363 0.629 0.000 0.000 0.000 0.054 0.147 0.000 1.850 0.854 0.449 0.000 0.399 0.000 0.334 0.000 0.000 0.000 1.553 0.506 
1 test1dax_inconsistent right_hidden
0.301 0.640 1.153 0.321 1.114 0.474 0.050 0.000 0.550 0.000 0.716 0.222 0.302 0.436 0.406 0.000 0.600 0.523 0.000 0.540 
---
0 test1dax_consistent left_hidden
0.000 0.000 1.688 0.307 0.000 0.091 1.038 0.803 0.651 1.815 0.000 0.237 0.000 0.000 0.134 0.956 0.308 0.585 0.617 1.034 
0 test1dax_consistent right_hidden
0.000 0.000 0.005 3.238 0.000 0.089 0.985 0.000 1.768 0.947 0.304 4.947 0.000 0.301 2.252 0.000 0.528 0.217 0.000 0.000 
---
1 test1dax_inconsistent left_hidden
0.000 0.000 1.688 0.307 0.000 0.091 1.038 0.803 0.651 1.815 0.000 0.237 0.000 0.000 0.134 0.956 0.308 0.585 0.617 1.034 
1 test1dax_inconsistent right_hidden
0.000 0.000 0.264 0.303 0.000 0.083 0.884 0.000 0.415 0.725 0.000 1.522 0.000 0.171 1.675 0.000 0.589 0.495 0.000 0.000 
---
0 test1dax_consistent left_hidden
1.389 0.057 0.000 0.215 0.000 0.243 0.102 0.000 0.653 1.384 0.000 0.388 0.180 2.145 0.258 0.165 0.969 0.046 0.000 0.230 
0 test1dax_consistent right_hidden
5.087 1.764 0.589 0.000 0.000 1.056 0.000 0.000 2.033 0.000 0.000 0.000 3.236 1.364 0.000 0.000 0.000 0.000 0.000 0.000 
---
1 test1dax_inconsistent left_hidden
1.389 0.057 0.000 0.215 0.000 0.243 0.102 0.000 0.653 1.384 0.000 0.388 0.180 2.145 0.258 0.165 0.969 0.046 0.000 0.230 
1 test1dax_inconsistent right_hidden
1.574 1.235 0.000 0.000 0.000 0.911 0.000 0.000 1.152 0.000 0.000 0.294 0.517 1.191 0.000 0.000 0.260 0.000 0.000 0.000 
---
0 test1dax_consistent left_hidden
0.512 0.000 1.841 0.071 0.000 0.058 0.191 0.103 0.000 0.000 1.311 0.038 0.464 0.000 0.028 0.026 0.000 1.706 0.000 1.685 
0 test1dax_consistent right_hidden
4.393 1.416 0.000 0.000 0.000 0.000 1.262 1.641 0.000 0.000 2.576 1.476 0.916 0.000 0.563 2.926 0.000 0.000 0.000 0.746 
---
1 test1dax_inconsistent left_hidden
0.512 0.000 1.841 0.071 0.000 0.058 0.191 0.103 0.000 0.000 1.311 0.038 0.464 0.000 0.028 0.026 0.000 1.706 0.000 1.685 
1 test1dax_inconsistent right_hidden
0.741 0.193 0.428 0.009 0.018 0.205 1.015 1.231 0.000 0.000 1.164 0.935 0.726 0.000 0.289 0.881 0.000 0.451 0.000 0.686 
---
0 test1dax_consistent left_hidden
0.000 0.062 0.331 0.258 0.062 0.341 0.000 0.306 0.000 0.040 0.514 0.000 0.836 1.379 0.000 2.472 0.000 1.080 0.284 0.000 
0 test1dax_consistent right_hidden
0.000 0.000 0.000 2.564 0.427 0.818 0.000 0.071 1.268 2.416 0.131 0.000 3.470 0.000 0.000 0.845 0.000 2.227 1.426 3.658 
---
1 test1dax_inconsistent left_hidden
0.000 0.062 0.331 0.258 0.062 0.341 0.000 0.306 0.000 0.040 0.514 0.000 0.836 1.379 0.000 2.472 0.000 1.080 0.284 0.000 
1 test1dax_inconsistent right_hidden
0.000 0.000 0.000 1.412 0.531 0.252 0.000 0.576 0.232 1.101 0.003 0.000 0.854 0.361 0.000 0.574 0.000 0.294 0.870 1.165 
---
0 test1dax_consistent left_hidden
0.077 0.000 0.584 0.000 0.976 0.256 0.000 0.272 0.000 1.481 0.000 0.000 0.211 1.061 0.055 0.443 1.952 1.792 0.000 0.000 
0 test1dax_consistent right_hidden
0.000 0.000 0.000 2.096 0.000 0.000 4.279 0.000 0.000 0.664 0.000 0.000 0.000 0.000 0.000 0.000 0.000 4.721 0.000 0.000 
---
1 test1dax_inconsistent left_hidden
0.077 0.000 0.584 0.000 0.976 0.256 0.000 0.272 0.000 1.481 0.000 0.000 0.211 1.061 0.055 0.443 1.952 1.792 0.000 0.000 
1 test1dax_inconsistent right_hidden
0.000 0.000 0.000 1.711 0.078 0.284 2.281 0.000 0.000 0.000 0.000 0.488 0.000 0.024 0.000 0.000 0.000 0.811 0.024 0.000 
---
0 test1dax_consistent left_hidden
0.000 0.000 1.198 0.391 0.129 0.263 0.000 0.148 0.000 1.986 0.000 0.975 0.000 0.000 0.080 0.000 1.715 0.903 0.000 0.722 
0 test1dax_consistent right_hidden
0.000 0.524 1.852 0.000 2.897 3.022 0.000 1.288 0.000 0.000 3.485 0.000 0.000 0.000 0.000 3.870 0.000 0.000 0.542 0.000 
---
1 test1dax_inconsistent left_hidden
0.000 0.000 1.198 0.391 0.129 0.263 0.000 0.148 0.000 1.986 0.000 0.975 0.000 0.000 0.080 0.000 1.715 0.903 0.000 0.722 
1 test1dax_inconsistent right_hidden
0.380 0.657 1.038 0.039 0.509 1.439 0.000 0.021 0.000 0.000 0.405 0.000 0.000 0.000 0.000 1.665 0.000 0.690 0.000 0.048 
---
0 test1dax_consistent left_hidden
0.000 0.000 0.781 0.132 0.000 2.388 0.000 1.385 0.039 0.000 0.000 0.090 0.345 0.043 0.288 0.447 0.077 0.026 0.290 0.433 
0 test1dax_consistent right_hidden
2.860 0.000 0.027 0.000 4.776 0.282 2.403 0.832 0.000 0.000 0.000 0.000 0.000 0.000 0.000 0.000 0.000 0.940 0.000 2.599 
---
1 test1dax_inconsistent left_hidden
0.000 0.000 0.781 0.132 0.000 2.388 0.000 1.385 0.039 0.000 0.000 0.090 0.345 0.043 0.288 0.447 0.077 0.026 0.290 0.433 
1 test1dax_inconsistent right_hidden
0.566 0.000 0.000 0.000 2.205 0.000 0.439 0.901 0.000 0.504 0.000 0.033 0.000 0.000 0.000 0.000 0.000 1.529 0.059 1.252 
---
0 test1dax_consistent left_hidden
0.204 0.721 0.000 2.320 0.000 0.175 0.570 0.000 0.097 0.000 0.184 0.000 1.519 0.000 0.915 0.106 0.802 0.747 0.000 0.000 
0 test1dax_consistent right_hidden
0.000 2.717 0.000 3.169 0.000 0.093 0.000 3.868 3.435 0.000 0.224 0.000 0.000 2.674 0.000 1.012 0.000 0.002 0.000 0.000 
---
1 test1dax_inconsistent left_hidden
0.204 0.721 0.000 2.320 0.000 0.175 0.570 0.000 0.097 0.000 0.184 0.000 1.519 0.000 0.915 0.106 0.802 0.747 0.000 0.000 
1 test1dax_inconsistent right_hidden
0.213 1.433 0.000 1.569 0.000 0.269 0.000 1.097 1.328 0.000 0.440 0.016 0.746 0.431 0.205 0.000 0.345 0.000 0.000 0.000 
---
0 test1dax_consistent left_hidden
0.099 0.000 0.028 0.000 0.000 0.000 0.527 2.052 1.666 0.989 0.211 0.000 0.000 0.000 1.032 1.219 1.458 0.497 0.291 0.000 
0 test1dax_consistent right_hidden
0.645 0.000 0.000 0.000 0.649 0.000 0.000 1.931 2.622 2.470 4.720 0.000 0.000 0.000 0.000 0.000 0.000 1.518 1.319 0.000 
---
1 test1dax_inconsistent left_hidden
0.099 0.000 0.028 0.000 0.000 0.000 0.527 2.052 1.666 0.989 0.211 0.000 0.000 0.000 1.032 1.219 1.458 0.497 0.291 0.000 
1 test1dax_inconsistent right_hidden
0.000 0.000 0.110 0.326 0.653 0.658 0.000 1.267 0.070 1.110 1.428 0.000 0.000 0.000 0.337 0.144 0.000 1.718 0.972 0.000 
---
0 test1dax_consistent left_hidden
0.265 0.176 0.008 0.000 1.780 0.000 0.000 0.185 0.000 0.000 0.322 0.751 1.184 1.069 0.363 1.620 0.219 0.859 0.000 0.000 
0 test1dax_consistent right_hidden
0.060 0.000 0.581 1.448 3.838 2.864 0.000 0.208 1.959 3.324 0.000 1.342 0.000 1.923 0.449 0.000 0.789 0.031 0.000 0.000 
---
1 test1dax_inconsistent left_hidden
0.265 0.176 0.008 0.000 1.780 0.000 0.000 0.185 0.000 0.000 0.322 0.751 1.184 1.069 0.363 1.620 0.219 0.859 0.000 0.000 
1 test1dax_inconsistent right_hidden
0.615 0.287 0.286 0.564 1.490 0.468 0.000 0.717 0.694 1.086 0.000 0.961 0.543 1.016 0.000 0.000 0.298 0.189 0.000 0.000 
---
0 test1dax_consistent left_hidden
0.174 0.000 0.000 0.344 1.679 0.081 0.445 0.054 0.789 0.165 0.000 1.750 0.000 0.318 0.956 0.000 0.000 0.000 1.379 0.358 
0 test1dax_consistent right_hidden
0.000 2.986 0.171 0.016 1.278 0.247 1.665 0.000 0.000 1.478 0.909 1.125 2.255 0.000 1.809 0.000 3.479 0.362 1.245 0.000 
---
1 test1dax_inconsistent left_hidden
0.174 0.000 0.000 0.344 1.679 0.081 0.445 0.054 0.789 0.165 0.000 1.750 0.000 0.318 0.956 0.000 0.000 0.000 1.379 0.358 
1 test1dax_inconsistent right_hidden
0.000 0.806 0.423 0.261 0.244 0.465 1.148 0.074 0.470 0.942 0.605 0.585 0.488 0.255 0.426 0.156 1.007 0.000 0.145 0.455 
---
0 test1dax_consistent left_hidden
0.454 0.000 0.000 0.526 2.225 0.000 0.000 0.094 0.014 0.000 1.447 0.000 0.000 0.678 0.000 0.853 0.000 0.000 0.465 0.321 
0 test1dax_consistent right_hidden
0.000 2.714 0.000 0.000 0.000 4.234 0.000 0.009 0.000 0.000 0.496 0.000 0.000 0.145 0.000 2.675 0.000 0.104 4.600 0.782 
---
1 test1dax_inconsistent left_hidden
0.454 0.000 0.000 0.526 2.225 0.000 0.000 0.094 0.014 0.000 1.447 0.000 0.000 0.678 0.000 0.853 0.000 0.000 0.465 0.321 
1 test1dax_inconsistent right_hidden
0.552 0.676 0.000 0.034 0.000 1.071 0.000 0.050 0.000 0.000 0.207 0.000 0.000 0.150 0.000 0.837 0.000 0.572 2.650 0.547 
---
0 test1dax_consistent left_hidden
0.314 0.281 0.000 0.000 0.199 0.000 2.275 1.378 0.000 0.000 0.224 0.000 0.000 1.408 0.000 0.429 0.565 0.000 0.516 0.987 
0 test1dax_consistent right_hidden
1.691 0.354 0.000 3.659 0.000 1.335 1.236 0.203 0.000 0.000 0.097 0.864 0.000 0.562 0.000 4.099 0.000 0.000 0.000 0.000 
---
1 test1dax_inconsistent left_hidden
0.314 0.281 0.000 0.000 0.199 0.000 2.275 1.378 0.000 0.000 0.224 0.000 0.000 1.408 0.000 0.429 0.565 0.000 0.516 0.987 
1 test1dax_inconsistent right_hidden
0.755 0.388 0.000 2.386 0.000 0.111 0.407 0.370 0.000 0.000 0.035 0.619 0.064 0.411 0.000 0.915 0.000 0.000 0.395 0.143 
---
0 test1dax_consistent left_hidden
1.013 0.367 0.000 0.000 1.154 0.000 1.696 0.850 0.147 0.000 0.250 1.156 1.374 0.000 0.000 0.000 0.000 0.000 0.760 1.566 
0 test1dax_consistent right_hidden
0.000 0.152 3.252 0.000 0.000 0.674 0.897 0.000 0.454 0.000 0.000 2.534 3.637 0.000 1.811 1.433 1.085 0.000 1.889 0.000 
---
1 test1dax_inconsistent left_hidden
1.013 0.367 0.000 0.000 1.154 0.000 1.696 0.850 0.147 0.000 0.250 1.156 1.374 0.000 0.000 0.000 0.000 0.000 0.760 1.566 
1 test1dax_inconsistent right_hidden
0.067 0.899 0.683 0.416 0.000 0.000 0.363 0.667 0.721 0.000 0.000 1.064 1.283 0.000 0.171 0.979 0.698 0.228 0.291 0.132 
---
0 test1dax_consistent left_hidden
0.104 0.872 0.326 0.882 0.746 0.594 0.159 0.782 0.000 1.718 0.000 1.374 1.322 0.201 0.209 0.000 1.041 0.000 0.122 0.000 
0 test1dax_consistent right_hidden
3.814 0.000 0.689 0.116 0.000 0.000 0.000 1.658 0.000 2.086 2.345 0.000 2.259 1.380 0.000 0.000 1.955 0.000 1.166 0.000 
---
1 test1dax_inconsistent left_hidden
0.104 0.872 0.326 0.882 0.746 0.594 0.159 0.782 0.000 1.718 0.000 1.374 1.322 0.201 0.209 0.000 1.041 0.000 0.122 0.000 
1 test1dax_inconsistent right_hidden
0.930 0.000 0.087 0.039 0.134 0.381 0.003 1.362 0.135 1.408 0.519 0.699 0.554 0.731 0.140 0.000 0.748 0.000 0.004 0.000 
---
0 test1dax_consistent left_hidden
0.000 0.000 0.629 0.000 0.000 0.710 0.000 0.279 0.523 0.659 1.487 0.000 1.490 0.057 0.945 1.515 0.802 0.315 0.136 0.000 
0 test1dax_consistent right_hidden
1.790 0.832 0.000 0.000 0.225 0.206 0.000 0.042 2.293 1.184 4.281 0.000 1.906 2.252 0.000 2.114 0.180 0.000 0.000 0.000 
---
1 test1dax_inconsistent left_hidden
0.000 0.000 0.629 0.000 0.000 0.710 0.000 0.279 0.523 0.659 1.487 0.000 1.490 0.057 0.945 1.515 0.802 0.315 0.136 0.000 
1 test1dax_inconsistent right_hidden
0.733 0.168 0.525 0.419 0.336 0.104 0.000 0.802 0.488 0.000 1.150 0.000 0.419 0.834 0.752 1.745 0.078 0.114 0.306 0.000 
---
0 test1dax_consistent left_hidden
0.000 0.000 0.333 0.274 1.529 1.277 0.515 0.958 0.000 0.601 0.073 0.000 0.246 1.610 0.975 0.000 0.000 0.000 0.134 0.000 
0 test1dax_consistent right_hidden
0.000 0.000 1.015 0.398 2.842 0.000 1.042 1.093 0.000 2.370 1.033 0.000 0.027 0.000 0.582 0.000 3.544 0.000 3.257 2.734 
---
1 test1dax_inconsistent left_hidden
0.000 0.000 0.333 0.274 1.529 1.277 0.515 0.958 0.000 0.601 0.073 0.000 0.246 1.610 0.975 0.000 0.000 0.000 0.134 0.000 
1 test1dax_inconsistent right_hidden
0.000 0.000 0.642 0.850 0.444 0.676 0.514 1.249 0.000 0.553 0.858 0.000 0.391 0.000 0.710 0.000 0.939 0.009 1.425 0.996 
---
0 test1dax_consistent left_hidden
1.381 0.000 0.555 0.000 1.623 0.000 0.000 0.791 0.592 0.071 0.000 0.000 0.000 0.000 0.000 0.096 0.000 0.960 0.816 2.143 
0 test1dax_consistent right_hidden
1.206 0.000 0.583 0.747 0.738 1.330 2.077 2.395 2.192 0.000 3.546 0.000 0.000 0.000 3.773 0.000 1.094 0.349 0.393 0.286 
---
1 test1dax_inconsistent left_hidden
1.381 0.000 0.555 0.000 1.623 0.000 0.000 0.791 0.592 0.071 0.000 0.000 0.000 0.000 0.000 0.096 0.000 0.960 0.816 2.143 
1 test1dax_inconsistent right_hidden
0.451 0.000 1.139 0.180 0.828 0.354 0.346 0.800 0.498 0.000 1.526 0.000 0.000 0.000 0.975 0.000 0.293 0.075 0.406 0.535 
---
0 test1dax_consistent left_hidden
0.854 1.717 0.000 0.236 0.284 0.000 0.000 0.120 0.000 0.000 0.000 0.000 0.797 0.036 1.882 0.880 0.000 0.000 0.000 1.082 
0 test1dax_consistent right_hidden
0.138 0.245 0.000 2.330 2.303 0.345 0.230 0.005 0.000 0.000 0.000 0.000 1.240 0.573 0.000 1.912 0.000 3.504 3.080 2.193 
---
1 test1dax_inconsistent left_hidden
0.854 1.717 0.000 0.236 0.284 0.000 0.000 0.120 0.000 0.000 0.000 0.000 0.797 0.036 1.882 0.880 0.000 0.000 0.000 1.082 
1 test1dax_inconsistent right_hidden
0.681 0.449 0.000 0.762 1.298 0.111 0.266 0.246 0.000 0.000 0.276 0.092 0.366 0.281 0.093 1.009 0.000 1.396 1.168 0.534 
---
0 test1dax_consistent left_hidden
0.754 0.132 0.219 0.884 0.729 0.000 1.588 0.000 0.713 1.027 0.773 0.875 0.221 0.783 0.000 0.000 0.834 0.000 0.000 0.619 
0 test1dax_consistent right_hidden
0.166 2.720 0.000 0.980 2.104 0.000 0.107 0.000 0.000 2.205 0.000 0.589 0.000 0.038 0.000 0.163 0.045 0.000 4.741 1.745 
---
1 test1dax_inconsistent left_hidden
0.754 0.132 0.219 0.884 0.729 0.000 1.588 0.000 0.713 1.027 0.773 0.875 0.221 0.783 0.000 0.000 0.834 0.000 0.000 0.619 
1 test1dax_inconsistent right_hidden
0.000 1.179 0.000 0.343 0.000 0.000 0.277 0.000 0.000 0.852 0.565 0.000 0.236 0.162 0.000 0.000 0.000 0.000 1.459 1.757 
---
0 test1dax_consistent left_hidden
0.000 0.119 0.439 0.192 1.036 0.126 0.464 0.000 0.024 0.004 0.170 2.015 1.368 0.031 0.059 0.589 0.000 0.000 0.000 0.886 
0 test1dax_consistent right_hidden
2.552 1.361 0.977 0.577 0.715 1.707 1.056 0.010 3.149 0.887 1.876 0.206 1.093 1.955 2.673 0.001 0.000 0.376 0.000 0.716 
---
1 test1dax_inconsistent left_hidden
0.000 0.119 0.439 0.192 1.036 0.126 0.464 0.000 0.024 0.004 0.170 2.015 1.368 0.031 0.059 0.589 0.000 0.000 0.000 0.886 
1 test1dax_inconsistent right_hidden
0.828 0.827 0.334 0.116 0.175 0.521 0.749 0.116 0.844 0.226 0.293 1.102 0.160 0.785 0.556 0.229 0.000 0.690 0.000 0.675 
---
0 test1dax_consistent left_hidden
1.148 0.403 0.540 0.000 0.217 0.000 0.222 0.000 1.722 0.000 0.347 0.865 0.000 0.730 0.291 0.207 0.000 2.363 0.000 0.566 
0 test1dax_consistent right_hidden
3.043 4.762 0.745 0.194 1.808 0.000 2.651 0.000 0.000 2.105 0.922 0.000 1.561 0.000 0.000 0.000 0.000 0.000 0.593 0.000 
---
1 test1dax_inconsistent left_hidden
1.148 0.403 0.540 0.000 0.217 0.000 0.222 0.000 1.722 0.000 0.347 0.865 0.000 0.730 0.291 0.207 0.000 2.363 0.000 0.566 
1 test1dax_inconsistent right_hidden
0.573 1.682 0.445 0.328 1.306 0.005 0.490 0.000 0.000 0.725 0.690 0.664 0.308 0.174 0.000 0.142 0.000 0.164 0.785 0.000 
---
0 test1dax_consistent left_hidden
0.000 0.107 0.879 0.000 1.260 1.451 0.849 0.000 1.849 0.000 0.037 0.000 0.014 0.169 0.297 0.000 0.428 1.067 0.618 0.068 
0 test1dax_consistent right_hidden
0.000 0.000 0.000 0.000 0.147 0.453 4.259 0.000 1.466 0.000 0.000 0.000 0.000 0.000 0.000 0.000 2.472 3.128 4.036 0.000 
---
1 test1dax_inconsistent left_hidden
0.000 0.107 0.879 0.000 1.260 1.451 0.849 0.000 1.849 0.000 0.037 0.000 0.014 0.169 0.297 0.000 0.428 1.067 0.618 0.068 
1 test1dax_inconsistent right_hidden
0.000 0.013 0.109 0.048 0.310 0.166 0.999 0.000 0.306 0.000 0.487 0.000 0.065 0.060 0.975 0.000 0.000 0.794 2.422 0.273 
---
0 test1dax_consistent left_hidden
1.498 0.169 0.000 0.020 1.423 0.366 0.163 0.001 0.253 0.288 0.000 0.264 1.801 0.544 0.973 0.000 0.000 0.146 0.031 0.178 
0 test1dax_consistent right_hidden
2.298 0.462 0.000 2.956 0.339 1.484 3.273 0.000 0.000 3.578 0.000 0.000 0.000 0.026 0.661 0.000 1.685 0.000 0.377 2.810 
---
1 test1dax_inconsistent left_hidden
1.498 0.169 0.000 0.020 1.423 0.366 0.163 0.001 0.253 0.288 0.000 0.264 1.801 0.544 0.973 0.000 0.000 0.146 0.031 0.178 
1 test1dax_inconsistent right_hidden
1.070 0.000 0.000 1.084 0.414 0.636 1.875 0.000 0.198 0.965 0.000 0.000 0.272 0.191 0.793 0.000 0.123 0.000 0.843 0.700 
---
0 test1dax_consistent left_hidden
0.352 0.000 0.710 0.593 1.149 0.090 2.004 0.000 0.000 0.773 0.000 0.776 0.000 1.030 1.024 0.071 0.000 0.000 0.812 0.000 
0 test1dax_consistent right_hidden
0.000 0.766 5.523 0.000 0.064 1.042 0.594 1.903 0.858 0.458 0.000 2.974 0.000 0.000 0.000 0.000 0.000 0.000 0.000 0.000 
---
1 test1dax_inconsistent left_hidden
0.352 0.000 0.710 0.593 1.149 0.090 2.004 0.000 0.000 0.773 0.000 0.776 0.000 1.030 1.024 0.071 0.000 0.000 0.812 0.000 
1 test1dax_inconsistent right_hidden
0.264 1.104 1.107 0.000 0.322 0.000 0.000 1.093 0.622 0.683 0.000 1.614 0.000 0.000 0.428 0.170 0.000 0.000 0.226 0.061 
---
0 test1dax_consistent left_hidden
0.000 0.415 0.408 0.000 0.000 1.292 0.994 1.383 0.000 0.000 0.000 1.835 1.326 0.706 0.000 0.000 0.471 1.094 0.000 0.000 
0 test1dax_consistent right_hidden
0.000 0.000 1.644 0.000 0.310 0.274 4.560 1.656 0.472 0.000 0.000 1.579 3.309 0.000 0.000 3.150 0.999 0.000 0.000 0.000 
---
1 test1dax_inconsistent left_hidden
0.000 0.415 0.408 0.000 0.000 1.292 0.994 1.383 0.000 0.000 0.000 1.835 1.326 0.706 0.000 0.000 0.471 1.094 0.000 0.000 
1 test1dax_inconsistent right_hidden
0.000 1.111 0.975 0.015 0.000 0.043 1.254 1.097 0.371 0.006 0.000 0.652 1.106 0.138 0.000 1.049 0.000 0.032 0.000 0.000 
---
