0 test2fip_consistent left_hidden
3.544 1.428 0.722 0.509 1.015 1.722 0.000 0.616 0.642 0.000 0.692 1.413 1.795 0.000 0.000 0.558 0.000 0.000 1.849 0.000 
0 test2fip_consistent right_hidden
0.888 0.704 2.007 2.600 0.511 0.051 0.000 0.000 0.328 0.000 1.924 0.769 1.585 0.000 0.035 0.000 0.000 0.000 0.630 0.000 
---
1 test2fip_inconsistent left_hidden
3.544 1.428 0.722 0.509 1.015 1.722 0.000 0.616 0.642 0.000 0.692 1.413 1.795 0.000 0.000 0.558 0.000 0.000 1.849 0.000 
1 test2fip_inconsistent right_hidden
4.330 1.736 0.797 1.931 0.529 1.179 0.000 0.000 0.418 0.000 2.195 1.846 2.315 0.000 0.000 0.753 0.000 0.000 0.978 0.000 
---
0 test2fip_consistent left_hidden
0.424 0.000 0.000 3.444 1.199 0.000 1.102 0.231 0.000 1.284 0.282 0.298 2.438 0.000 0.361 2.213 0.000 0.117 0.000 0.475 
0 test2fip_consistent right_hidden
0.911 0.000 0.000 0.178 0.890 0.000 1.402 1.510 0.570 1.822 1.292 0.284 0.076 0.589 0.716 0.394 0.810 0.157 0.000 1.128 
---
1 test2fip_inconsistent left_hidden
0.424 0.000 0.000 3.444 1.199 0.000 1.102 0.231 0.000 1.284 0.282 0.298 2.438 0.000 0.361 2.213 0.000 0.117 0.000 0.475 
1 test2fip_inconsistent right_hidden
1.803 0.000 0.000 2.770 0.760 0.000 1.020 1.103 0.153 2.806 1.037 0.388 2.062 0.442 0.386 2.535 0.275 0.988 0.000 0.841 
---
0 test2fip_consistent left_hidden
0.000 0.000 0.000 1.594 2.228 0.000 0.000 0.342 0.829 0.000 0.000 0.000 0.000 2.056 1.439 4.352 0.000 0.178 0.000 0.000 
0 test2fip_consistent right_hidden
2.675 0.000 0.000 0.753 1.982 0.000 0.000 0.000 0.000 0.530 0.588 0.000 0.000 0.997 0.743 0.799 0.000 1.553 1.942 0.000 
---
1 test2fip_inconsistent left_hidden
0.000 0.000 0.000 1.594 2.228 0.000 0.000 0.342 0.829 0.000 0.000 0.000 0.000 2.056 1.439 4.352 0.000 0.178 0.000 0.000 
1 test2fip_inconsistent right_hidden
1.501 0.000 0.000 3.262 2.833 0.000 0.000 0.000 0.000 1.756 0.000 0.000 0.000 1.681 0.000 3.743 0.000 1.210 1.497 0.000 
---
0 test2fip_consistent left_hidden
0.731 3.951 0.000 1.293 0.136 0.000 0.023 0.000 2.211 0.857 0.000 0.000 0.025 0.000 2.830 0.000 0.109 1.608 0.000 0.000 
0 test2fip_consistent right_hidden
0.430 0.000 0.197 0.000 0.042 0.000 0.000 0.000 2.095 0.141 0.000 0.000 0.000 3.508 0.533 0.171 0.000 0.145 0.000 0.000 
---
1 test2fip_inconsistent left_hidden
0.731 3.951 0.000 1.293 0.136 0.000 0.023 0.000 2.211 0.857 0.000 0.000 0.025 0.000 2.830 0.000 0.109 1.608 0.000 0.000 
1 test2fip_inconsistent right_hidden
0.964 3.028 0.000 0.000 0.018 0.000 1.146 0.000 1.579 0.617 0.000 0.000 0.000 3.855 2.849 0.000 0.000 0.507 0.000 0.000 
---
0 test2fip_consistent left_hidden
0.549 0.000 0.000 0.000 0.162 0.254 0.547 0.220 0.000 0.083 3.958 0.000 1.531 0.000 0.000 0.000 1.301 2.571 1.300 0.000 
0 test2fip_consistent right_hidden
0.141 1.799 0.840 0.136 1.027 0.611 0.442 0.139 0.000 0.773 1.771 0.000 0.055 0.000 1.577 0.000 0.107 0.297 0.062 1.391 
---
1 test2fip_inconsistent left_hidden
0.549 0.000 0.000 0.000 0.162 0.254 0.547 0.220 0.000 0.083 3.958 0.000 1.531 0.000 0.000 0.000 1.301 2.571 1.300 0.000 
1 test2fip_inconsistent right_hidden
0.669 1.258 0.636 0.000 1.409 1.875 1.419 0.769 0.000 1.579 3.728 0.000 0.829 0.000 0.834 0.000 1.297 1.475 1.306 1.071 
---
0 test2fip_consistent left_hidden
0.822 0.000 0.741 1.657 0.262 0.000 2.300 0.000 0.000 0.193 0.378 1.830 0.000 0.000 1.472 2.442 2.516 0.000 0.210 1.178 
0 test2fip_consistent right_hidden
0.000 0.000 0.000 0.269 1.799 0.761 1.785 2.327 0.549 0.000 0.719 0.157 0.000 0.146 0.712 0.118 0.022 0.000 0.476 0.000 
---
1 test2fip_inconsistent left_hidden
0.822 0.000 0.741 1.657 0.262 0.000 2.300 0.000 0.000 0.193 0.378 1.830 0.000 0.000 1.472 2.442 2.516 0.000 0.210 1.178 
1 test2fip_inconsistent right_hidden
0.059 0.000 0.000 2.302 1.351 0.591 3.530 1.433 0.000 0.000 1.776 1.178 0.000 0.000 2.316 1.100 0.831 0.000 0.476 0.000 
---
0 test2fip_consistent left_hidden
1.887 0.000 2.864 0.000 0.000 0.000 0.079 0.000 1.531 0.000 0.000 2.954 1.800 1.513 2.180 0.000 1.114 0.000 0.000 0.000 
0 test2fip_consistent right_hidden
0.287 0.096 0.240 0.759 0.000 0.586 1.798 0.000 1.608 2.523 0.244 0.503 1.482 0.075 0.412 0.000 0.687 0.000 0.000 1.087 
---
1 test2fip_inconsistent left_hidden
1.887 0.000 2.864 0.000 0.000 0.000 0.079 0.000 1.531 0.000 0.000 2.954 1.800 1.513 2.180 0.000 1.114 0.000 0.000 0.000 
1 test2fip_inconsistent right_hidden
0.578 0.020 2.446 1.160 0.000 1.028 1.572 0.000 2.726 1.560 0.289 2.981 2.181 1.171 1.020 0.000 0.484 0.000 0.000 1.121 
---
0 test2fip_consistent left_hidden
0.026 0.362 1.886 0.000 0.000 0.629 3.674 1.191 0.972 2.656 0.000 0.617 1.802 0.000 0.000 0.000 0.283 0.000 0.709 0.000 
0 test2fip_consistent right_hidden
0.000 0.162 0.996 0.029 0.000 0.000 0.823 0.000 1.314 1.050 1.007 2.124 0.347 0.000 2.472 0.000 1.232 0.000 0.248 0.000 
---
1 test2fip_inconsistent left_hidden
0.026 0.362 1.886 0.000 0.000 0.629 3.674 1.191 0.972 2.656 0.000 0.617 1.802 0.000 0.000 0.000 0.283 0.000 0.709 0.000 
1 test2fip_inconsistent right_hidden
0.000 0.000 1.302 0.000 0.000 0.417 3.941 0.000 3.018 2.281 0.222 1.686 1.317 0.000 1.585 0.000 1.324 0.000 0.029 0.000 
---
0 test2fip_consistent left_hidden
0.246 0.000 2.677 0.000 1.493 1.345 0.000 0.000 0.000 1.830 0.238 0.000 1.292 0.000 0.000 0.000 0.000 2.110 0.000 2.312 
0 test2fip_consistent right_hidden
0.044 0.000 0.065 0.000 0.301 0.133 0.000 0.226 1.846 2.100 2.169 0.000 1.198 0.000 0.000 0.903 0.236 0.042 0.000 0.448 
---
1 test2fip_inconsistent left_hidden
0.246 0.000 2.677 0.000 1.493 1.345 0.000 0.000 0.000 1.830 0.238 0.000 1.292 0.000 0.000 0.000 0.000 2.110 0.000 2.312 
1 test2fip_inconsistent right_hidden
0.000 0.000 1.113 0.000 0.926 2.705 0.000 0.000 1.104 3.811 1.389 0.000 1.568 0.000 0.000 0.973 0.000 1.544 0.000 1.421 
---
0 test2fip_consistent left_hidden
0.000 0.000 1.521 0.000 0.005 0.000 4.594 1.424 0.000 0.000 0.000 0.000 2.251 0.000 0.484 0.000 0.000 0.000 0.681 0.000 
0 test2fip_consistent right_hidden
0.000 0.000 1.245 0.045 1.503 0.185 0.260 0.000 0.000 0.000 0.000 0.000 1.748 0.000 0.000 0.757 0.120 2.153 2.177 0.396 
---
1 test2fip_inconsistent left_hidden
0.000 0.000 1.521 0.000 0.005 0.000 4.594 1.424 0.000 0.000 0.000 0.000 2.251 0.000 0.484 0.000 0.000 0.000 0.681 0.000 
1 test2fip_inconsistent right_hidden
0.000 0.000 1.616 0.000 1.088 0.000 4.210 0.000 0.000 0.000 0.000 0.000 2.002 0.000 0.000 0.468 0.000 1.191 3.009 0.651 
---
0 test2fip_consistent left_hidden
0.000 0.139 1.301 0.000 0.236 2.244 0.412 0.000 1.334 0.000 1.089 0.000 0.000 0.000 0.000 1.401 0.753 0.000 0.000 4.124 
0 test2fip_consistent right_hidden
0.929 0.000 0.000 2.019 1.754 1.842 0.114 0.000 1.167 0.000 1.574 0.082 0.000 0.000 0.000 0.000 0.018 0.843 0.040 0.158 
---
1 test2fip_inconsistent left_hidden
0.000 0.139 1.301 0.000 0.236 2.244 0.412 0.000 1.334 0.000 1.089 0.000 0.000 0.000 0.000 1.401 0.753 0.000 0.000 4.124 
1 test2fip_inconsistent right_hidden
0.543 0.000 1.214 1.903 2.679 2.181 1.368 0.000 2.584 0.000 1.295 0.000 0.000 0.000 0.000 0.000 0.818 0.342 0.906 2.471 
---
0 test2fip_consistent left_hidden
0.000 0.000 0.000 0.000 1.377 3.063 0.000 2.006 0.633 2.441 0.000 0.916 0.000 0.000 1.338 0.884 0.000 1.320 1.756 0.000 
0 test2fip_consistent right_hidden
0.000 0.186 2.422 0.108 0.057 0.232 0.925 0.051 0.026 1.792 0.555 0.437 1.054 0.000 0.149 1.068 0.010 0.421 0.181 1.372 
---
1 test2fip_inconsistent left_hidden
0.000 0.000 0.000 0.000 1.377 3.063 0.000 2.006 0.633 2.441 0.000 0.916 0.000 0.000 1.338 0.884 0.000 1.320 1.756 0.000 
1 test2fip_inconsistent right_hidden
0.000 0.121 1.827 0.000 0.516 2.505 0.725 2.457 0.000 3.180 1.510 0.452 0.900 0.000 1.392 1.282 0.000 1.629 1.332 0.871 
---
0 test2fip_consistent left_hidden
0.000 0.000 0.000 0.000 0.019 2.652 0.000 0.000 0.000 0.124 0.000 1.998 3.496 1.189 0.804 0.000 0.000 0.890 0.000 1.888 
0 test2fip_consistent right_hidden
0.000 0.000 0.000 1.609 0.000 0.122 0.000 0.000 0.660 0.136 1.926 1.277 0.378 0.000 2.380 0.123 0.532 1.123 0.241 0.241 
---
1 test2fip_inconsistent left_hidden
0.000 0.000 0.000 0.000 0.019 2.652 0.000 0.000 0.000 0.124 0.000 1.998 3.496 1.189 0.804 0.000 0.000 0.890 0.000 1.888 
1 test2fip_inconsistent right_hidden
0.000 0.000 0.000 1.574 0.633 1.532 0.000 0.000 0.000 0.000 1.043 2.686 2.328 0.000 3.192 0.000 0.238 1.857 2.244 1.128 
---
0 test2fip_consistent left_hidden
0.467 0.000 0.552 2.514 0.000 1.426 1.276 2.078 0.092 0.087 0.000 0.124 0.833 0.000 1.371 0.000 2.377 0.590 0.000 1.154 
0 test2fip_consistent right_hidden
0.046 0.000 0.199 0.000 0.000 0.000 0.879 2.110 0.336 1.157 0.000 0.033 0.023 1.487 0.010 0.271 1.118 0.358 0.000 1.796 
---
1 test2fip_inconsistent left_hidden
0.467 0.000 0.552 2.514 0.000 1.426 1.276 2.078 0.092 0.087 0.000 0.124 0.833 0.000 1.371 0.000 2.377 0.590 0.000 1.154 
1 test2fip_inconsistent right_hidden
1.191 0.000 1.756 2.117 0.000 0.598 1.603 2.091 0.358 0.783 0.000 0.000 0.069 0.229 1.539 0.000 2.649 0.761 0.000 2.816 
---
0 test2fip_consistent left_hidden
0.000 0.504 1.517 0.000 0.000 0.000 3.083 1.334 0.000 0.000 0.000 2.466 0.000 1.429 0.000 0.184 0.867 0.000 0.183 2.456 
0 test2fip_consistent right_hidden
0.000 1.087 0.000 0.000 0.000 0.000 0.788 0.000 0.000 0.000 0.000 3.753 0.000 1.188 0.000 0.077 0.344 0.127 0.907 0.000 
---
1 test2fip_inconsistent left_hidden
0.000 0.504 1.517 0.000 0.000 0.000 3.083 1.334 0.000 0.000 0.000 2.466 0.000 1.429 0.000 0.184 0.867 0.000 0.183 2.456 
1 test2fip_inconsistent right_hidden
0.000 1.316 0.291 0.000 0.000 0.000 3.638 0.000 0.000 0.000 0.000 3.692 0.000 2.090 0.000 0.000 2.962 0.000 0.410 0.926 
---
0 test2fip_consistent left_hidden
0.000 1.381 0.019 1.127 0.121 3.279 0.000 0.000 0.559 0.354 2.036 0.017 0.000 2.704 0.578 0.963 0.000 0.645 0.000 0.005 
0 test2fip_consistent right_hidden
0.585 0.073 0.091 1.001 0.164 0.278 0.588 2.132 0.000 1.236 0.030 0.030 0.000 0.942 0.000 0.000 0.000 2.019 1.678 0.000 
---
1 test2fip_inconsistent left_hidden
0.000 1.381 0.019 1.127 0.121 3.279 0.000 0.000 0.559 0.354 2.036 0.017 0.000 2.704 0.578 0.963 0.000 0.645 0.000 0.005 
1 test2fip_inconsistent right_hidden
0.704 1.075 0.000 1.919 0.000 2.446 0.545 1.665 0.000 0.797 1.558 0.000 0.000 3.118 0.000 0.000 0.000 1.789 1.253 0.000 
---
0 test2fip_consistent left_hidden
0.000 0.179 0.375 0.039 1.268 0.000 0.437 0.000 0.000 4.075 2.368 1.311 0.730 0.086 0.000 0.632 1.335 0.000 0.808 1.633 
0 test2fip_consistent right_hidden
0.000 0.000 0.000 1.126 2.534 0.000 0.208 0.000 0.000 2.650 0.000 0.204 0.000 0.000 0.000 0.000 0.113 0.000 0.000 0.217 
---
1 test2fip_inconsistent left_hidden
0.000 0.179 0.375 0.039 1.268 0.000 0.437 0.000 0.000 4.075 2.368 1.311 0.730 0.086 0.000 0.632 1.335 0.000 0.808 1.633 
1 test2fip_inconsistent right_hidden
0.000 0.000 0.168 0.569 2.962 0.000 0.418 0.000 0.000 4.889 2.024 0.759 0.066 0.000 0.000 0.613 1.809 0.000 0.000 0.937 
---
0 test2fip_consistent left_hidden
1.867 2.487 0.000 0.000 1.431 0.000 0.000 1.198 0.000 0.536 0.000 3.476 0.501 0.000 0.000 0.661 0.000 2.252 0.691 0.000 
0 test2fip_consistent right_hidden
2.489 0.205 0.000 0.853 0.697 0.000 0.000 0.169 0.016 0.057 0.000 0.016 0.836 0.000 0.030 0.435 0.766 1.575 2.223 0.000 
---
1 test2fip_inconsistent left_hidden
1.867 2.487 0.000 0.000 1.431 0.000 0.000 1.198 0.000 0.536 0.000 3.476 0.501 0.000 0.000 0.661 0.000 2.252 0.691 0.000 
1 test2fip_inconsistent right_hidden
3.314 2.409 0.000 0.296 1.140 0.000 0.000 0.409 0.000 0.000 0.000 2.066 2.413 0.000 0.000 0.141 0.000 2.164 1.627 0.000 
---
0 test2fip_consistent left_hidden
0.333 0.326 0.000 0.030 0.000 2.180 0.000 1.850 2.727 1.373 0.000 0.000 1.345 0.089 0.000 0.534 3.065 0.000 0.000 0.000 
0 test2fip_consistent right_hidden
0.000 0.000 0.017 1.389 0.142 0.154 0.544 2.331 1.167 0.000 0.871 0.229 0.078 0.000 0.000 1.439 0.188 0.944 1.568 0.000 
---
1 test2fip_inconsistent left_hidden
0.333 0.326 0.000 0.030 0.000 2.180 0.000 1.850 2.727 1.373 0.000 0.000 1.345 0.089 0.000 0.534 3.065 0.000 0.000 0.000 
1 test2fip_inconsistent right_hidden
0.000 0.000 0.318 0.967 0.021 1.799 0.243 3.420 2.939 0.000 1.184 0.671 1.092 0.000 0.000 2.418 2.411 0.058 1.305 0.000 
---
0 test2fip_consistent left_hidden
1.029 0.000 0.000 2.600 1.431 0.296 0.804 0.344 0.000 0.129 3.496 2.429 0.331 0.000 0.019 0.000 0.724 0.941 0.000 0.000 
0 test2fip_consistent right_hidden
0.108 0.000 0.000 1.241 0.000 0.000 0.669 0.000 1.288 2.521 1.617 0.066 0.420 0.000 0.035 0.987 0.029 1.422 0.000 0.335 
---
1 test2fip_inconsistent left_hidden
1.029 0.000 0.000 2.600 1.431 0.296 0.804 0.344 0.000 0.129 3.496 2.429 0.331 0.000 0.019 0.000 0.724 0.941 0.000 0.000 
1 test2fip_inconsistent right_hidden
2.198 0.000 0.000 2.567 0.291 0.000 0.357 0.000 1.083 1.795 4.307 2.166 0.493 0.000 0.000 0.557 0.074 1.029 0.000 0.238 
---
0 test2fip_consistent left_hidden
0.000 0.000 2.850 0.000 0.000 0.000 1.365 2.805 0.782 0.000 0.876 0.155 0.070 0.000 0.772 0.396 0.000 2.404 1.161 0.029 
0 test2fip_consistent right_hidden
0.000 0.007 1.881 0.436 0.827 0.612 0.892 0.064 1.094 0.000 0.000 2.249 0.423 1.402 0.189 0.000 0.000 0.099 1.588 0.000 
---
1 test2fip_inconsistent left_hidden
0.000 0.000 2.850 0.000 0.000 0.000 1.365 2.805 0.782 0.000 0.876 0.155 0.070 0.000 0.772 0.396 0.000 2.404 1.161 0.029 
1 test2fip_inconsistent right_hidden
0.000 0.000 3.097 0.000 0.439 0.000 2.356 1.572 0.838 0.046 0.000 0.872 0.217 1.065 1.148 0.000 0.000 3.243 2.814 0.000 
---
0 test2fip_consistent left_hidden
0.000 0.000 1.058 0.708 4.511 0.000 0.000 0.000 0.000 1.250 0.000 0.617 0.000 0.414 0.000 0.000 0.000 1.250 2.598 0.000 
0 test2fip_consistent right_hidden
0.838 0.535 0.105 0.194 0.559 2.198 0.345 0.297 0.000 0.482 0.000 0.795 0.000 0.259 0.240 0.000 0.000 0.602 0.978 2.489 
---
1 test2fip_inconsistent left_hidden
0.000 0.000 1.058 0.708 4.511 0.000 0.000 0.000 0.000 1.250 0.000 0.617 0.000 0.414 0.000 0.000 0.000 1.250 2.598 0.000 
1 test2fip_inconsistent right_hidden
0.528 0.421 1.247 0.648 3.968 1.909 0.000 0.000 0.000 1.108 0.000 0.258 0.000 0.296 0.218 0.000 0.000 2.360 1.783 2.551 
---
0 test2fip_consistent left_hidden
0.000 0.000 1.702 0.000 0.000 1.972 1.251 2.272 0.000 0.000 1.505 0.000 0.175 0.000 0.000 3.106 1.542 0.000 0.021 0.000 
0 test2fip_consistent right_hidden
0.000 0.000 0.024 0.000 0.247 1.340 0.141 0.011 0.000 0.000 0.000 0.000 0.000 0.000 0.845 2.169 0.000 2.040 0.000 2.095 
---
1 test2fip_inconsistent left_hidden
0.000 0.000 1.702 0.000 0.000 1.972 1.251 2.272 0.000 0.000 1.505 0.000 0.175 0.000 0.000 3.106 1.542 0.000 0.021 0.000 
1 test2fip_inconsistent right_hidden
0.000 0.000 0.649 0.000 0.000 2.631 1.431 2.031 0.000 0.000 0.873 0.000 0.869 0.000 0.143 3.480 1.270 2.481 0.000 1.341 
---
0 test2fip_consistent left_hidden
0.000 2.005 0.385 2.095 2.388 3.010 0.314 1.231 0.000 0.000 0.000 0.000 0.000 0.000 0.105 0.154 0.446 0.000 0.000 0.000 
0 test2fip_consistent right_hidden
0.000 0.160 2.147 0.150 0.500 0.433 0.249 1.600 1.635 0.000 0.000 0.000 0.000 0.000 1.445 0.203 0.909 0.008 0.106 2.011 
---
1 test2fip_inconsistent left_hidden
0.000 2.005 0.385 2.095 2.388 3.010 0.314 1.231 0.000 0.000 0.000 0.000 0.000 0.000 0.105 0.154 0.446 0.000 0.000 0.000 
1 test2fip_inconsistent right_hidden
0.000 0.578 1.815 2.110 2.360 3.189 0.488 1.042 1.217 0.000 0.000 0.000 0.000 0.000 2.251 0.000 0.963 0.000 0.000 1.903 
---
0 test2fip_consistent left_hidden
0.481 0.000 0.161 0.009 0.000 0.995 2.015 0.000 2.949 0.859 0.919 0.774 2.084 0.000 1.228 0.707 1.316 0.000 1.921 1.690 
0 test2fip_consistent right_hidden
0.191 1.004 0.000 0.048 1.014 2.160 0.425 0.000 0.031 0.350 1.074 0.000 0.072 0.000 2.858 0.000 0.339 0.000 0.333 0.156 
---
1 test2fip_inconsistent left_hidden
0.481 0.000 0.161 0.009 0.000 0.995 2.015 0.000 2.949 0.859 0.919 0.774 2.084 0.000 1.228 0.707 1.316 0.000 1.921 1.690 
1 test2fip_inconsistent right_hidden
0.237 0.036 0.000 0.000 0.733 3.319 2.140 0.000 2.179 1.004 1.792 0.509 1.306 0.000 3.120 0.000 0.357 0.046 0.605 1.800 
---
0 test2fip_consistent left_hidden
0.000 1.063 0.000 2.955 1.194 0.737 0.000 0.000 0.077 0.000 0.000 2.067 0.000 0.000 0.000 0.549 2.817 0.006 0.000 0.000 
0 test2fip_consistent right_hidden
0.361 0.498 0.000 0.009 2.056 1.696 0.704 0.030 0.000 0.000 0.000 2.208 0.000 0.000 0.000 0.727 0.000 0.154 0.101 1.643 
---
1 test2fip_inconsistent left_hidden
0.000 1.063 0.000 2.955 1.194 0.737 0.000 0.000 0.077 0.000 0.000 2.067 0.000 0.000 0.000 0.549 2.817 0.006 0.000 0.000 
1 test2fip_inconsistent right_hidden
0.259 1.389 0.000 2.146 2.654 1.305 0.000 0.000 0.000 0.000 0.000 3.684 0.000 0.000 0.000 0.524 2.303 0.794 0.000 1.387 
---
0 test2fip_consistent left_hidden
1.882 0.302 0.126 0.000 0.000 0.462 0.000 0.482 3.214 0.000 3.767 0.069 0.722 0.824 0.000 0.250 0.883 1.068 0.000 0.245 
0 test2fip_consistent right_hidden
1.328 0.000 2.058 0.000 0.000 0.133 0.753 0.000 0.268 0.000 0.173 0.481 0.747 0.000 0.000 0.178 0.558 0.261 2.393 1.256 
---
1 test2fip_inconsistent left_hidden
1.882 0.302 0.126 0.000 0.000 0.462 0.000 0.482 3.214 0.000 3.767 0.069 0.722 0.824 0.000 0.250 0.883 1.068 0.000 0.245 
1 test2fip_inconsistent right_hidden
1.709 0.000 1.790 0.000 0.000 0.011 0.154 0.102 1.336 0.000 2.410 0.803 1.734 0.000 0.000 0.347 2.851 1.881 2.757 1.079 
---
0 test2fip_consistent left_hidden
0.000 2.403 0.324 2.143 0.000 2.462 0.276 0.357 0.000 0.171 0.000 3.056 0.000 0.000 0.000 1.843 0.000 0.000 0.272 1.580 
0 test2fip_consistent right_hidden
1.311 0.002 0.194 1.323 0.000 1.091 1.436 0.016 1.414 0.000 1.415 0.647 0.000 0.000 0.000 0.042 0.000 0.944 0.000 1.832 
---
1 test2fip_inconsistent left_hidden
0.000 2.403 0.324 2.143 0.000 2.462 0.276 0.357 0.000 0.171 0.000 3.056 0.000 0.000 0.000 1.843 0.000 0.000 0.272 1.580 
1 test2fip_inconsistent right_hidden
1.300 1.536 0.000 4.043 0.000 1.891 0.549 0.000 1.469 0.000 0.530 0.185 0.000 0.000 0.000 2.441 0.000 0.100 1.433 1.940 
---
0 test2fip_consistent left_hidden
0.000 0.000 0.000 0.042 0.000 0.000 0.000 1.883 3.017 0.940 0.000 0.000 0.000 0.000 0.771 0.000 0.000 0.404 0.000 4.039 
0 test2fip_consistent right_hidden
0.000 0.000 0.000 0.000 0.000 0.000 0.000 0.111 0.352 0.008 0.000 0.227 0.000 3.325 2.284 0.506 1.512 0.639 0.000 0.000 
---
1 test2fip_inconsistent left_hidden
0.000 0.000 0.000 0.042 0.000 0.000 0.000 1.883 3.017 0.940 0.000 0.000 0.000 0.000 0.771 0.000 0.000 0.404 0.000 4.039 
1 test2fip_inconsistent right_hidden
0.000 0.000 0.000 0.000 0.000 0.000 0.000 0.075 2.453 0.121 0.000 0.000 0.000 2.253 4.519 0.000 1.419 0.565 0.000 2.605 
---
0 test2fip_consistent left_hidden
0.000 1.674 0.000 0.000 0.000 2.919 0.000 0.000 0.000 3.104 0.076 1.419 1.112 1.299 0.610 1.564 1.336 0.000 0.005 0.000 
0 test2fip_consistent right_hidden
0.506 0.000 0.796 1.375 0.746 0.284 0.000 0.000 0.906 0.474 1.293 0.235 1.168 0.194 2.524 0.065 1.608 0.000 0.041 0.000 
---
1 test2fip_inconsistent left_hidden
0.000 1.674 0.000 0.000 0.000 2.919 0.000 0.000 0.000 3.104 0.076 1.419 1.112 1.299 0.610 1.564 1.336 0.000 0.005 0.000 
1 test2fip_inconsistent right_hidden
0.432 1.374 0.456 1.085 0.000 2.322 0.000 0.000 0.358 2.920 0.611 1.338 0.777 0.000 2.234 0.000 3.239 0.000 0.000 0.000 
---
0 test2fip_consistent left_hidden
0.157 0.000 1.618 0.030 0.000 1.684 2.696 0.000 0.062 0.000 0.000 0.046 0.096 0.063 0.000 3.925 0.000 0.602 0.635 0.193 
0 test2fip_consistent right_hidden
0.119 0.000 0.520 0.000 0.000 1.623 0.114 0.075 0.000 0.000 1.463 1.062 2.685 0.802 0.000 0.359 0.212 0.000 0.196 1.762 
---
1 test2fip_inconsistent left_hidden
0.157 0.000 1.618 0.030 0.000 1.684 2.696 0.000 0.062 0.000 0.000 0.046 0.096 0.063 0.000 3.925 0.000 0.602 0.635 0.193 
1 test2fip_inconsistent right_hidden
0.000 0.000 1.243 0.000 0.000 3.523 0.850 0.000 0.000 0.000 1.112 0.454 2.031 0.744 0.000 3.625 0.000 0.000 1.799 1.785 
---
0 test2fip_consistent left_hidden
1.753 0.955 1.300 1.649 0.189 1.456 0.297 0.000 0.181 2.413 0.359 0.003 0.000 0.000 0.000 3.177 1.682 0.217 0.548 0.914 
0 test2fip_consistent right_hidden
0.511 0.022 0.457 1.161 0.032 0.713 0.000 3.113 0.409 0.000 0.374 0.000 0.000 0.000 0.000 1.104 0.541 1.156 0.266 0.176 
---
1 test2fip_inconsistent left_hidden
1.753 0.955 1.300 1.649 0.189 1.456 0.297 0.000 0.181 2.413 0.359 0.003 0.000 0.000 0.000 3.177 1.682 0.217 0.548 0.914 
1 test2fip_inconsistent right_hidden
2.540 0.204 1.125 1.678 0.511 1.324 0.000 1.808 0.346 0.856 1.401 0.000 0.000 0.305 0.000 3.835 2.130 1.005 0.868 1.173 
---
0 test2fip_consistent left_hidden
0.000 0.280 1.222 0.943 0.000 1.565 1.232 0.000 0.451 0.600 0.000 1.110 0.122 0.531 0.947 1.677 3.897 0.101 1.282 0.000 
0 test2fip_consistent right_hidden
0.000 0.295 1.547 0.794 1.351 0.006 0.250 0.727 1.219 0.961 0.000 0.221 0.552 0.278 1.743 1.586 0.198 1.045 0.131 0.000 
---
1 test2fip_inconsistent left_hidden
0.000 0.280 1.222 0.943 0.000 1.565 1.232 0.000 0.451 0.600 0.000 1.110 0.122 0.531 0.947 1.677 3.897 0.101 1.282 0.000 
1 test2fip_inconsistent right_hidden
0.000 0.447 2.115 1.912 0.829 0.085 1.531 0.258 1.565 0.500 0.000 2.107 0.451 0.129 2.101 2.462 3.121 0.870 1.225 0.000 
---
0 test2fip_consistent left_hidden
0.000 0.713 0.901 0.000 3.470 2.276 0.000 0.526 1.100 0.000 0.441 0.000 0.000 0.000 1.250 0.889 0.000 0.038 0.000 2.354 
0 test2fip_consistent right_hidden
0.095 0.008 0.142 0.317 1.091 2.585 0.489 0.023 0.171 0.000 0.007 0.000 0.891 0.000 0.246 0.000 1.979 0.455 1.048 0.000 
---
1 test2fip_inconsistent left_hidden
0.000 0.713 0.901 0.000 3.470 2.276 0.000 0.526 1.100 0.000 0.441 0.000 0.000 0.000 1.250 0.889 0.000 0.038 0.000 2.354 
1 test2fip_inconsistent right_hidden
0.000 0.602 0.635 0.000 2.486 3.026 0.000 0.000 1.146 0.000 0.000 0.000 1.317 0.000 1.928 2.451 1.567 0.126 0.702 0.000 
---
0 test2fip_consistent left_hidden
0.000 0.304 0.000 0.461 0.000 0.000 0.000 1.674 0.000 0.000 0.507 0.373 4.162 0.075 0.000 0.427 2.964 0.739 0.301 0.000 
0 test2fip_consistent right_hidden
0.678 1.928 0.000 0.000 0.000 1.706 0.203 0.661 0.000 0.116 0.902 0.645 0.695 2.992 0.000 0.356 0.814 0.000 0.369 0.000 
---
1 test2fip_inconsistent left_hidden
0.000 0.304 0.000 0.461 0.000 0.000 0.000 1.674 0.000 0.000 0.507 0.373 4.162 0.075 0.000 0.427 2.964 0.739 0.301 0.000 
1 test2fip_inconsistent right_hidden
0.164 0.905 0.000 0.000 0.000 1.648 0.417 2.306 0.000 0.065 0.715 0.551 4.650 2.667 0.000 0.582 1.967 0.000 1.677 0.000 
---
0 test2fip_consistent left_hidden
0.000 1.724 2.886 1.569 0.214 0.974 1.504 0.609 1.006 0.200 0.888 0.494 0.257 0.329 0.637 0.000 0.000 2.778 0.644 0.000 
0 test2fip_consistent right_hidden
0.130 1.091 0.825 0.177 0.000 1.664 0.146 2.108 0.108 0.000 1.166 0.291 0.269 0.833 2.286 1.358 0.000 1.172 0.362 0.000 
---
1 test2fip_inconsistent left_hidden
0.000 1.724 2.886 1.569 0.214 0.974 1.504 0.609 1.006 0.200 0.888 0.494 0.257 0.329 0.637 0.000 0.000 2.778 0.644 0.000 
1 test2fip_inconsistent right_hidden
0.017 2.511 2.348 2.089 0.000 0.347 2.160 2.281 0.194 0.000 0.793 0.962 0.258 0.298 2.141 1.137 0.000 2.035 0.901 0.000 
---
0 test2fip_consistent left_hidden
0.000 2.189 0.391 0.000 2.175 0.000 1.670 0.189 0.000 0.722 0.000 0.012 0.481 0.000 2.551 2.043 2.220 0.000 0.000 0.437 
0 test2fip_consistent right_hidden
0.000 0.000 0.124 0.000 1.812 0.926 1.283 1.674 0.000 0.740 0.130 0.545 2.336 0.000 0.038 1.253 0.000 0.000 0.350 0.000 
---
1 test2fip_inconsistent left_hidden
0.000 2.189 0.391 0.000 2.175 0.000 1.670 0.189 0.000 0.722 0.000 0.012 0.481 0.000 2.551 2.043 2.220 0.000 0.000 0.437 
1 test2fip_inconsistent right_hidden
0.000 2.119 0.852 0.000 2.649 0.896 2.633 1.036 0.000 0.699 0.384 0.161 2.361 0.000 1.756 2.609 1.657 0.000 0.000 0.010 
---
0 test2fip_consistent left_hidden
0.930 0.000 0.000 0.512 0.822 2.274 0.210 0.562 0.000 0.798 1.415 0.000 0.000 0.000 0.000 3.243 1.877 0.000 0.000 2.758 
0 test2fip_consistent right_hidden
1.107 0.000 0.819 0.130 0.017 0.683 0.000 0.769 1.317 3.255 0.285 0.932 0.777 0.000 0.264 1.003 0.248 0.000 0.261 0.809 
---
1 test2fip_inconsistent left_hidden
0.930 0.000 0.000 0.512 0.822 2.274 0.210 0.562 0.000 0.798 1.415 0.000 0.000 0.000 0.000 3.243 1.877 0.000 0.000 2.758 
1 test2fip_inconsistent right_hidden
0.000 0.000 0.000 0.000 1.324 1.654 0.000 0.866 0.346 3.999 1.563 0.937 0.316 0.000 0.000 1.972 1.920 0.000 0.598 2.645 
---
0 test2fip_consistent left_hidden
1.981 0.000 0.000 3.396 0.000 1.677 0.000 0.362 1.038 0.000 0.646 0.000 1.334 0.000 0.137 1.939 1.529 1.497 0.213 0.082 
0 test2fip_consistent right_hidden
0.246 0.480 0.000 2.215 0.000 0.000 0.117 1.026 0.402 0.000 0.025 2.508 0.950 1.081 0.000 0.982 0.000 0.000 0.055 0.000 
---
1 test2fip_inconsistent left_hidden
1.981 0.000 0.000 3.396 0.000 1.677 0.000 0.362 1.038 0.000 0.646 0.000 1.334 0.000 0.137 1.939 1.529 1.497 0.213 0.082 
1 test2fip_inconsistent right_hidden
1.659 0.144 0.000 3.179 0.000 0.004 0.506 0.960 1.084 0.000 0.279 1.721 2.431 0.953 0.000 2.140 2.127 1.597 0.000 0.000 
---
0 test2fip_consistent left_hidden
0.000 1.731 0.658 0.000 0.000 0.000 0.000 2.022 0.000 0.000 0.000 0.298 2.296 2.438 0.000 0.000 0.141 2.253 2.511 0.000 
0 test2fip_consistent right_hidden
1.040 1.195 2.214 0.000 0.000 0.000 0.000 1.605 0.778 0.000 0.665 0.808 1.595 1.411 0.563 0.243 0.000 0.000 0.490 0.000 
---
1 test2fip_inconsistent left_hidden
0.000 1.731 0.658 0.000 0.000 0.000 0.000 2.022 0.000 0.000 0.000 0.298 2.296 2.438 0.000 0.000 0.141 2.253 2.511 0.000 
1 test2fip_inconsistent right_hidden
0.475 1.721 1.943 0.000 0.000 0.000 0.000 0.580 0.064 0.000 0.697 0.159 0.547 4.270 0.000 0.000 0.000 0.000 3.023 0.000 
---
0 test2fip_consistent left_hidden
2.469 0.191 0.000 3.904 0.443 0.000 0.000 0.257 0.000 1.180 0.000 0.000 1.077 0.000 1.125 0.000 0.397 0.000 2.323 0.000 
0 test2fip_consistent right_hidden
0.924 0.000 0.000 0.572 0.475 0.000 0.000 1.790 0.000 0.268 0.000 0.379 0.004 1.188 0.000 0.000 1.581 0.000 0.282 2.984 
---
1 test2fip_inconsistent left_hidden
2.469 0.191 0.000 3.904 0.443 0.000 0.000 0.257 0.000 1.180 0.000 0.000 1.077 0.000 1.125 0.000 0.397 0.000 2.323 0.000 
1 test2fip_inconsistent right_hidden
2.812 0.000 0.000 3.358 0.563 0.000 0.000 1.765 0.000 0.910 0.000 0.000 0.371 0.651 0.000 0.000 2.391 0.000 2.572 2.145 
---
0 test2fip_consistent left_hidden
0.120 1.094 0.000 0.000 3.108 1.170 0.000 0.000 3.503 0.000 0.178 0.022 0.000 0.000 0.509 0.203 0.000 0.413 0.651 2.046 
0 test2fip_consistent right_hidden
1.113 0.000 0.000 0.000 0.000 1.246 0.000 0.000 0.649 0.000 2.303 0.000 1.195 0.000 0.235 0.073 2.304 0.038 0.302 1.068 
---
1 test2fip_inconsistent left_hidden
0.120 1.094 0.000 0.000 3.108 1.170 0.000 0.000 3.503 0.000 0.178 0.022 0.000 0.000 0.509 0.203 0.000 0.413 0.651 2.046 
1 test2fip_inconsistent right_hidden
0.413 0.000 0.000 0.000 0.571 1.443 0.000 0.000 4.232 0.000 1.878 0.000 1.071 0.000 0.294 0.000 1.114 0.000 1.850 2.683 
---
0 test2fip_consistent left_hidden
1.050 0.000 2.388 0.000 2.199 0.512 0.801 3.288 1.225 0.000 0.000 0.906 0.000 0.461 1.186 0.000 0.365 0.555 0.000 0.679 
0 test2fip_consistent right_hidden
0.025 0.269 1.140 0.657 0.674 0.191 0.994 0.418 0.017 1.521 0.067 0.156 1.120 0.150 0.072 1.005 0.807 2.023 0.000 0.000 
---
1 test2fip_inconsistent left_hidden
1.050 0.000 2.388 0.000 2.199 0.512 0.801 3.288 1.225 0.000 0.000 0.906 0.000 0.461 1.186 0.000 0.365 0.555 0.000 0.679 
1 test2fip_inconsistent right_hidden
1.729 0.826 1.872 0.452 2.119 0.574 1.570 2.767 1.566 1.122 0.000 1.355 0.000 0.544 0.000 0.409 1.856 1.796 0.000 0.000 
---
0 test2fip_consistent left_hidden
0.654 0.000 0.000 0.000 2.839 0.000 0.342 0.000 0.000 1.167 0.000 0.000 0.077 0.000 1.542 0.756 0.000 0.000 4.180 1.021 
0 test2fip_consistent right_hidden
0.030 0.000 0.791 0.356 0.812 0.013 0.521 0.000 0.000 2.416 0.000 1.283 0.989 1.735 0.781 0.188 0.166 0.000 0.491 0.933 
---
1 test2fip_inconsistent left_hidden
0.654 0.000 0.000 0.000 2.839 0.000 0.342 0.000 0.000 1.167 0.000 0.000 0.077 0.000 1.542 0.756 0.000 0.000 4.180 1.021 
1 test2fip_inconsistent right_hidden
0.000 0.000 0.593 0.000 2.766 0.000 1.064 0.000 0.000 2.171 0.000 0.972 1.111 1.247 0.440 0.564 1.327 0.000 3.034 2.270 
---
0 test2fip_consistent left_hidden
0.000 0.746 0.000 0.384 2.299 0.000 0.000 1.040 1.582 0.240 0.000 0.799 1.890 1.473 0.000 0.000 1.768 0.011 2.006 2.130 
0 test2fip_consistent right_hidden
0.000 1.182 0.000 0.824 0.000 0.000 0.000 1.547 0.376 0.099 0.000 2.257 0.996 0.102 0.000 0.000 0.000 1.425 1.025 0.053 
---
1 test2fip_inconsistent left_hidden
0.000 0.746 0.000 0.384 2.299 0.000 0.000 1.040 1.582 0.240 0.000 0.799 1.890 1.473 0.000 0.000 1.768 0.011 2.006 2.130 
1 test2fip_inconsistent right_hidden
0.000 1.410 0.000 1.696 1.204 0.000 0.000 1.909 1.092 0.000 0.000 2.442 2.565 1.625 0.000 0.000 2.319 1.339 1.943 1.247 
---
0 test2fip_consistent left_hidden
0.670 0.000 0.000 0.613 0.000 1.443 0.026 0.000 0.000 2.255 0.406 0.000 0.065 0.000 3.940 0.052 0.000 0.000 0.000 2.627 
0 test2fip_consistent right_hidden
0.510 0.000 0.000 0.000 0.363 0.000 0.000 0.000 0.399 0.350 1.018 0.000 0.000 0.000 1.814 1.864 0.000 2.244 0.000 1.148 
---
1 test2fip_inconsistent left_hidden
0.670 0.000 0.000 0.613 0.000 1.443 0.026 0.000 0.000 2.255 0.406 0.000 0.065 0.000 3.940 0.052 0.000 0.000 0.000 2.627 
1 test2fip_inconsistent right_hidden
1.777 0.000 0.000 0.000 0.000 0.000 0.000 0.000 0.169 2.789 0.656 0.000 0.000 0.000 3.587 1.170 0.000 1.701 0.000 3.379 
---
0 test2fip_consistent left_hidden
0.561 0.000 0.803 0.000 1.918 0.303 2.632 0.000 0.373 2.097 1.355 0.000 0.000 0.163 0.000 0.000 0.000 0.667 0.900 3.313 
0 test2fip_consistent right_hidden
0.000 0.000 1.371 0.000 0.000 0.000 1.018 0.524 0.000 0.187 1.072 0.959 0.000 1.989 0.000 0.000 0.000 2.616 0.139 1.142 
---
1 test2fip_inconsistent left_hidden
0.561 0.000 0.803 0.000 1.918 0.303 2.632 0.000 0.373 2.097 1.355 0.000 0.000 0.163 0.000 0.000 0.000 0.667 0.900 3.313 
1 test2fip_inconsistent right_hidden
0.000 0.000 1.330 0.000 0.464 0.000 2.685 0.040 0.000 2.129 2.910 0.531 0.000 1.852 0.000 0.000 0.000 1.802 0.000 3.302 
---
0 test2fip_consistent left_hidden
1.991 0.153 2.302 0.000 1.790 0.000 0.000 0.000 2.118 3.034 0.000 0.000 0.000 0.000 0.026 1.021 0.398 1.107 0.035 0.144 
0 test2fip_consistent right_hidden
1.973 0.657 0.148 0.150 0.110 0.000 1.006 0.000 1.339 0.081 0.000 1.482 0.000 0.000 1.029 1.226 1.702 0.218 0.472 1.668 
---
1 test2fip_inconsistent left_hidden
1.991 0.153 2.302 0.000 1.790 0.000 0.000 0.000 2.118 3.034 0.000 0.000 0.000 0.000 0.026 1.021 0.398 1.107 0.035 0.144 
1 test2fip_inconsistent right_hidden
2.901 1.063 1.858 0.008 0.384 0.000 1.186 0.000 1.991 2.164 0.000 0.470 0.000 0.000 1.064 3.424 1.788 0.838 0.572 1.006 
---
0 test2fip_consistent left_hidden
0.106 0.106 0.000 0.000 0.000 0.000 4.323 0.082 1.688 1.914 0.000 0.000 0.000 0.000 1.590 0.000 0.000 0.000 0.024 0.646 
0 test2fip_consistent right_hidden
0.000 1.156 1.492 0.000 1.665 0.111 0.157 0.317 0.064 1.837 0.000 0.000 0.000 0.000 1.591 0.000 0.030 0.000 1.190 1.770 
---
1 test2fip_inconsistent left_hidden
0.106 0.106 0.000 0.000 0.000 0.000 4.323 0.082 1.688 1.914 0.000 0.000 0.000 0.000 1.590 0.000 0.000 0.000 0.024 0.646 
1 test2fip_inconsistent right_hidden
0.000 0.832 1.291 0.000 0.439 0.000 2.069 0.000 2.623 3.966 0.000 0.000 0.000 0.000 2.197 0.000 0.000 0.000 0.451 1.368 
---
0 test2fip_consistent left_hidden
0.000 0.005 2.567 0.486 0.000 0.000 0.858 0.000 1.034 2.835 1.486 0.000 0.000 0.000 2.793 2.240 0.514 0.601 0.000 0.000 
0 test2fip_consistent right_hidden
0.000 1.717 0.461 1.037 0.000 0.132 0.006 0.000 1.166 0.746 1.020 1.162 0.014 0.000 0.404 0.080 0.000 1.933 1.527 0.578 
---
1 test2fip_inconsistent left_hidden
0.000 0.005 2.567 0.486 0.000 0.000 0.858 0.000 1.034 2.835 1.486 0.000 0.000 0.000 2.793 2.240 0.514 0.601 0.000 0.000 
1 test2fip_inconsistent right_hidden
0.000 1.634 1.960 0.926 0.000 0.000 0.604 0.000 2.949 3.058 1.452 0.882 0.000 0.000 0.560 2.229 0.000 1.338 1.222 0.549 
---
0 test2fip_consistent left_hidden
0.000 3.219 0.161 2.256 2.122 0.000 0.000 0.172 1.119 1.578 0.000 0.432 0.000 0.013 0.371 1.975 0.993 0.000 0.174 1.278 
0 test2fip_consistent right_hidden
0.000 0.131 0.125 0.159 2.383 0.103 0.494 0.028 0.069 0.736 0.531 0.117 0.000 0.301 0.716 0.463 0.030 1.832 1.533 1.141 
---
1 test2fip_inconsistent left_hidden
0.000 3.219 0.161 2.256 2.122 0.000 0.000 0.172 1.119 1.578 0.000 0.432 0.000 0.013 0.371 1.975 0.993 0.000 0.174 1.278 
1 test2fip_inconsistent right_hidden
0.000 2.391 0.000 2.128 3.466 0.038 0.247 0.176 1.412 0.275 1.710 0.682 0.000 0.316 0.729 1.661 0.189 1.304 1.227 0.936 
---
0 test2fip_consistent left_hidden
0.176 1.443 0.608 2.770 0.000 0.000 0.000 2.266 0.682 0.010 0.144 2.641 2.420 0.206 0.583 0.000 1.555 1.498 1.063 0.548 
0 test2fip_consistent right_hidden
0.543 0.064 0.860 0.592 0.151 0.541 1.435 0.665 0.662 1.764 0.539 0.308 0.237 0.552 0.078 2.170 1.116 0.127 0.059 0.000 
---
1 test2fip_inconsistent left_hidden
0.176 1.443 0.608 2.770 0.000 0.000 0.000 2.266 0.682 0.010 0.144 2.641 2.420 0.206 0.583 0.000 1.555 1.498 1.063 0.548 
1 test2fip_inconsistent right_hidden
0.407 0.113 1.574 2.372 0.033 0.292 1.432 2.667 1.072 1.212 0.406 2.068 1.360 0.550 0.000 1.859 1.547 1.661 0.489 0.000 
---
0 test2fip_consistent left_hidden
0.000 0.941 0.000 0.000 0.000 0.939 0.968 0.000 0.473 0.170 0.000 0.315 4.384 0.000 0.650 0.000 0.000 0.000 1.366 2.554 
0 test2fip_consistent right_hidden
0.000 1.840 0.000 2.473 1.127 0.610 0.020 0.000 1.388 0.908 0.000 0.224 0.657 0.000 1.029 0.000 0.000 0.000 0.028 0.348 
---
1 test2fip_inconsistent left_hidden
0.000 0.941 0.000 0.000 0.000 0.939 0.968 0.000 0.473 0.170 0.000 0.315 4.384 0.000 0.650 0.000 0.000 0.000 1.366 2.554 
1 test2fip_inconsistent right_hidden
0.000 1.780 0.000 2.555 1.038 0.352 1.472 0.000 1.931 0.666 0.000 0.330 3.581 0.000 0.781 0.000 0.000 0.000 0.213 2.793 
---
0 test2fip_consistent left_hidden
0.000 0.024 0.000 0.626 1.264 0.000 1.109 0.647 0.391 1.677 0.000 1.006 1.231 0.000 0.000 0.000 0.000 0.000 0.000 5.042 
0 test2fip_consistent right_hidden
0.381 1.647 0.000 2.896 0.388 0.000 0.630 0.071 0.776 0.110 1.088 0.072 1.314 0.012 0.000 0.000 0.090 0.000 0.175 0.462 
---
1 test2fip_inconsistent left_hidden
0.000 0.024 0.000 0.626 1.264 0.000 1.109 0.647 0.391 1.677 0.000 1.006 1.231 0.000 0.000 0.000 0.000 0.000 0.000 5.042 
1 test2fip_inconsistent right_hidden
0.000 0.862 0.000 3.370 0.663 0.000 0.275 0.000 0.746 3.515 0.950 0.732 0.824 0.000 0.000 0.000 0.088 0.132 0.311 3.134 
---
0 test2fip_consistent left_hidden
2.274 1.344 0.000 1.856 0.000 0.000 0.000 0.000 0.000 1.694 2.907 0.748 0.014 0.449 1.990 0.000 0.000 0.000 0.000 0.000 
0 test2fip_consistent right_hidden
0.124 0.047 0.383 0.452 0.000 0.000 0.000 0.000 0.582 1.634 0.071 0.553 2.341 0.711 2.206 0.000 0.001 0.000 0.000 0.209 
---
1 test2fip_inconsistent left_hidden
2.274 1.344 0.000 1.856 0.000 0.000 0.000 0.000 0.000 1.694 2.907 0.748 0.014 0.449 1.990 0.000 0.000 0.000 0.000 0.000 
1 test2fip_inconsistent right_hidden
2.233 0.396 1.028 1.262 0.000 0.000 0.000 0.000 0.314 3.181 2.571 0.532 1.366 0.584 3.470 0.000 0.000 0.000 0.000 0.000 
---
0 test2fip_consistent left_hidden
0.185 0.000 0.000 0.000 0.000 1.872 0.014 0.601 1.036 0.000 0.000 2.993 0.000 3.857 0.000 0.000 1.684 0.692 0.421 0.000 
0 test2fip_consistent right_hidden
2.446 0.000 0.000 0.362 1.610 0.062 0.040 0.154 1.798 1.288 0.000 0.283 0.053 0.000 0.000 0.000 0.274 0.000 1.685 0.000 
---
1 test2fip_inconsistent left_hidden
0.185 0.000 0.000 0.000 0.000 1.872 0.014 0.601 1.036 0.000 0.000 2.993 0.000 3.857 0.000 0.000 1.684 0.692 0.421 0.000 
1 test2fip_inconsistent right_hidden
1.985 0.000 0.000 0.000 1.910 1.635 0.000 0.895 3.285 0.513 0.000 2.183 0.000 2.755 0.000 0.000 0.910 0.000 1.636 0.000 
---
0 test2fip_consistent left_hidden
0.219 0.000 1.513 1.247 0.000 0.108 0.000 0.000 3.703 1.466 0.674 0.082 0.217 1.936 0.276 0.000 0.000 0.069 1.134 0.000 
0 test2fip_consistent right_hidden
0.841 0.192 1.302 0.000 0.000 1.256 0.000 0.434 0.113 0.474 1.012 1.358 2.186 1.248 0.000 0.986 0.000 0.000 0.131 0.022 
---
1 test2fip_inconsistent left_hidden
0.219 0.000 1.513 1.247 0.000 0.108 0.000 0.000 3.703 1.466 0.674 0.082 0.217 1.936 0.276 0.000 0.000 0.069 1.134 0.000 
1 test2fip_inconsistent right_hidden
0.880 0.016 1.775 0.263 0.000 0.940 0.000 0.426 3.199 1.654 0.858 0.544 2.732 2.415 0.000 0.916 0.000 0.000 0.000 0.000 
---
0 test2fip_consistent left_hidden
0.000 0.000 0.000 0.000 0.000 2.355 0.579 0.623 2.196 1.737 0.708 2.796 0.000 0.859 0.000 1.055 0.000 0.306 1.823 0.000 
0 test2fip_consistent right_hidden
0.000 0.000 0.000 0.159 0.000 0.176 0.080 0.000 2.880 0.454 0.000 0.000 0.504 0.712 0.000 0.443 0.000 2.274 0.043 0.000 
---
1 test2fip_inconsistent left_hidden
0.000 0.000 0.000 0.000 0.000 2.355 0.579 0.623 2.196 1.737 0.708 2.796 0.000 0.859 0.000 1.055 0.000 0.306 1.823 0.000 
1 test2fip_inconsistent right_hidden
0.000 0.000 0.000 0.317 0.000 1.356 0.470 1.132 4.314 1.719 0.000 1.957 0.000 0.868 0.526 0.737 0.000 1.283 0.858 0.000 
---
0 test2fip_consistent left_hidden
0.069 0.551 0.000 0.104 0.000 0.000 0.057 2.634 0.000 0.000 0.000 0.122 0.000 5.041 0.000 0.000 0.000 0.000 0.000 0.000 
0 test2fip_consistent right_hidden
0.051 0.097 0.000 0.000 0.310 2.330 3.347 0.840 0.000 0.000 0.000 0.000 0.000 0.458 1.059 0.000 0.000 0.000 0.140 0.000 
---
1 test2fip_inconsistent left_hidden
0.069 0.551 0.000 0.104 0.000 0.000 0.057 2.634 0.000 0.000 0.000 0.122 0.000 5.041 0.000 0.000 0.000 0.000 0.000 0.000 
1 test2fip_inconsistent right_hidden
0.326 0.389 0.000 0.000 0.049 3.894 2.842 1.114 0.000 0.000 0.058 0.000 0.000 3.937 0.063 0.015 0.000 0.044 0.000 0.000 
---
0 test2fip_consistent left_hidden
1.455 1.715 0.000 0.000 1.021 1.248 1.563 0.855 0.000 0.733 0.000 0.586 0.000 0.000 0.000 0.000 1.597 0.000 2.449 2.555 
0 test2fip_consistent right_hidden
1.685 0.131 0.000 0.000 0.545 0.768 0.144 1.744 0.000 0.997 0.000 0.647 0.000 0.000 2.255 0.000 0.121 0.137 0.115 1.382 
---
1 test2fip_inconsistent left_hidden
1.455 1.715 0.000 0.000 1.021 1.248 1.563 0.855 0.000 0.733 0.000 0.586 0.000 0.000 0.000 0.000 1.597 0.000 2.449 2.555 
1 test2fip_inconsistent right_hidden
2.945 1.695 0.000 0.000 0.389 0.830 1.372 1.708 0.000 1.296 0.004 0.000 0.191 0.000 1.333 0.000 1.655 0.672 0.894 3.801 
---
0 test2fip_consistent left_hidden
1.895 0.853 0.000 1.815 2.560 0.000 0.652 1.752 0.955 0.000 0.000 0.210 2.220 0.509 0.000 0.000 1.820 0.982 0.183 0.333 
0 test2fip_consistent right_hidden
0.069 0.356 0.000 1.208 0.163 0.669 2.735 0.121 1.287 0.000 0.000 0.000 0.983 0.699 1.399 0.000 0.325 0.023 0.000 0.814 
---
1 test2fip_inconsistent left_hidden
1.895 0.853 0.000 1.815 2.560 0.000 0.652 1.752 0.955 0.000 0.000 0.210 2.220 0.509 0.000 0.000 1.820 0.982 0.183 0.333 
1 test2fip_inconsistent right_hidden
0.557 1.169 0.000 1.830 2.128 0.471 3.231 1.420 1.048 0.000 0.000 0.000 2.705 0.648 0.984 0.000 2.153 0.247 0.000 1.129 
---
0 test2fip_consistent left_hidden
0.000 1.883 0.334 0.590 0.000 2.280 2.523 1.325 0.999 0.000 0.000 0.203 0.280 2.791 0.000 0.157 0.000 0.078 2.252 0.579 
0 test2fip_consistent right_hidden
0.000 0.074 0.029 0.120 0.291 1.298 0.981 0.000 1.188 0.450 0.000 0.000 0.000 0.121 1.935 1.025 0.000 2.299 0.364 1.115 
---
1 test2fip_inconsistent left_hidden
0.000 1.883 0.334 0.590 0.000 2.280 2.523 1.325 0.999 0.000 0.000 0.203 0.280 2.791 0.000 0.157 0.000 0.078 2.252 0.579 
1 test2fip_inconsistent right_hidden
0.000 1.294 1.200 0.000 0.189 1.870 3.631 0.440 1.373 0.710 0.000 0.000 0.125 0.643 1.916 0.660 0.000 1.701 2.032 1.385 
---
0 test2fip_consistent left_hidden
1.391 2.384 3.845 0.036 0.032 0.000 0.517 0.000 0.000 0.000 0.000 0.000 0.670 0.458 0.000 0.000 0.000 0.000 2.014 0.083 
0 test2fip_consistent right_hidden
3.206 1.218 0.156 0.760 0.027 0.160 0.000 1.111 0.343 0.000 0.000 0.370 1.498 0.000 0.000 0.592 0.000 0.000 0.163 0.633 
---
1 test2fip_inconsistent left_hidden
1.391 2.384 3.845 0.036 0.032 0.000 0.517 0.000 0.000 0.000 0.000 0.000 0.670 0.458 0.000 0.000 0.000 0.000 2.014 0.083 
1 test2fip_inconsistent right_hidden
4.318 1.654 2.367 1.351 0.000 0.219 0.000 0.472 0.080 0.000 0.000 0.000 1.244 0.000 0.000 0.064 0.000 0.000 3.036 0.000 
---
0 test2fip_consistent left_hidden
0.012 0.000 0.498 2.894 0.521 0.000 0.000 0.000 0.040 0.362 1.775 0.000 1.057 0.000 0.000 0.000 0.135 0.062 4.810 0.000 
0 test2fip_consistent right_hidden
1.218 0.035 1.487 0.162 0.000 0.121 1.444 1.467 0.427 1.641 0.255 0.000 1.522 0.000 0.000 0.000 0.000 2.188 1.211 0.000 
---
1 test2fip_inconsistent left_hidden
0.012 0.000 0.498 2.894 0.521 0.000 0.000 0.000 0.040 0.362 1.775 0.000 1.057 0.000 0.000 0.000 0.135 0.062 4.810 0.000 
1 test2fip_inconsistent right_hidden
0.274 0.000 1.316 2.109 0.000 0.795 1.345 1.085 1.076 1.106 1.793 0.000 2.081 0.000 0.000 0.000 0.000 1.757 4.260 0.000 
---
0 test2fip_consistent left_hidden
0.138 0.012 0.000 0.000 0.000 0.142 0.000 0.000 0.000 0.808 0.000 1.006 4.160 0.000 0.040 0.000 0.000 2.299 0.000 2.278 
0 test2fip_consistent right_hidden
0.107 0.000 0.000 0.000 0.077 0.000 2.152 0.000 0.432 0.463 0.000 1.545 0.674 0.660 2.371 0.759 1.363 0.101 0.000 0.828 
---
1 test2fip_inconsistent left_hidden
0.138 0.012 0.000 0.000 0.000 0.142 0.000 0.000 0.000 0.808 0.000 1.006 4.160 0.000 0.040 0.000 0.000 2.299 0.000 2.278 
1 test2fip_inconsistent right_hidden
1.159 0.330 0.000 0.000 0.000 0.000 1.998 0.000 0.170 1.549 0.032 3.365 3.464 0.000 1.267 0.000 0.939 1.466 0.000 2.336 
---
0 test2fip_consistent left_hidden
0.235 2.200 1.121 0.000 1.345 0.135 1.355 1.182 1.327 0.202 3.149 0.000 1.042 0.805 1.561 0.104 0.047 0.000 0.573 0.000 
0 test2fip_consistent right_hidden
0.185 0.540 0.167 0.000 1.341 0.014 1.697 0.203 0.056 0.761 0.378 0.000 0.306 0.992 0.101 0.627 0.000 0.014 0.779 2.675 
---
1 test2fip_inconsistent left_hidden
0.235 2.200 1.121 0.000 1.345 0.135 1.355 1.182 1.327 0.202 3.149 0.000 1.042 0.805 1.561 0.104 0.047 0.000 0.573 0.000 
1 test2fip_inconsistent right_hidden
0.931 2.132 0.462 0.000 2.149 0.000 2.423 0.744 1.102 0.356 2.941 0.000 1.434 1.371 1.493 0.732 0.000 0.119 0.743 1.917 
---
0 test2fip_consistent left_hidden
0.000 0.070 0.130 0.583 0.000 0.365 1.965 0.000 0.000 1.982 0.000 0.000 0.000 1.879 0.000 1.865 0.000 2.837 2.310 0.000 
0 test2fip_consistent right_hidden
0.571 0.432 3.181 0.000 0.000 0.000 0.192 0.000 0.242 0.083 0.946 0.000 0.026 0.000 0.000 1.471 1.623 0.707 0.322 0.000 
---
1 test2fip_inconsistent left_hidden
0.000 0.070 0.130 0.583 0.000 0.365 1.965 0.000 0.000 1.982 0.000 0.000 0.000 1.879 0.000 1.865 0.000 2.837 2.310 0.000 
1 test2fip_inconsistent right_hidden
0.498 0.385 2.560 0.000 0.000 0.000 0.796 0.000 0.000 1.453 0.202 0.000 0.000 1.417 0.000 3.315 1.891 2.422 2.363 0.000 
---
0 test2fip_consistent left_hidden
0.000 0.272 1.324 3.367 3.924 0.310 0.410 0.000 0.000 1.333 0.000 0.460 0.000 0.000 0.000 0.987 0.214 0.000 0.000 0.000 
0 test2fip_consistent right_hidden
0.000 0.673 0.384 1.416 0.221 2.884 1.199 0.000 0.000 0.090 0.066 1.527 0.530 0.000 0.000 0.230 0.901 0.000 0.090 0.000 
---
1 test2fip_inconsistent left_hidden
0.000 0.272 1.324 3.367 3.924 0.310 0.410 0.000 0.000 1.333 0.000 0.460 0.000 0.000 0.000 0.987 0.214 0.000 0.000 0.000 
1 test2fip_inconsistent right_hidden
0.000 1.101 2.140 3.820 2.982 2.293 0.832 0.000 0.000 0.442 0.000 1.368 0.028 0.000 0.000 0.497 0.628 0.000 0.213 0.000 
---
0 test2fip_consistent left_hidden
1.520 0.278 0.000 0.000 1.861 0.189 0.000 0.000 1.947 1.001 0.000 1.566 1.980 2.689 0.000 0.000 1.768 0.000 0.093 0.627 
0 test2fip_consistent right_hidden
0.629 0.000 0.000 0.000 2.433 1.084 0.021 0.000 0.000 0.000 0.000 0.000 1.592 0.731 0.000 0.227 0.000 0.000 0.000 1.828 
---
1 test2fip_inconsistent left_hidden
1.520 0.278 0.000 0.000 1.861 0.189 0.000 0.000 1.947 1.001 0.000 1.566 1.980 2.689 0.000 0.000 1.768 0.000 0.093 0.627 
1 test2fip_inconsistent right_hidden
1.280 0.000 0.000 0.000 3.376 0.984 1.273 0.000 1.927 2.524 0.000 0.000 1.821 1.979 0.000 0.000 0.613 0.000 0.000 1.615 
---
0 test2fip_consistent left_hidden
2.079 0.264 0.890 0.000 0.946 3.866 0.000 0.000 0.000 0.015 2.186 0.000 0.000 0.000 2.386 0.000 0.000 0.000 0.000 0.116 
0 test2fip_consistent right_hidden
0.059 0.336 0.000 0.873 0.873 1.074 0.000 0.000 0.543 1.488 0.818 0.045 0.000 0.000 0.172 0.001 1.601 0.102 0.000 2.560 
---
1 test2fip_inconsistent left_hidden
2.079 0.264 0.890 0.000 0.946 3.866 0.000 0.000 0.000 0.015 2.186 0.000 0.000 0.000 2.386 0.000 0.000 0.000 0.000 0.116 
1 test2fip_inconsistent right_hidden
2.116 0.266 0.941 0.531 0.279 4.090 0.000 0.000 0.263 1.575 1.980 0.000 0.000 0.000 1.655 0.000 0.853 0.000 0.000 2.505 
---
0 test2fip_consistent left_hidden
0.000 0.000 0.000 0.000 1.749 0.430 0.000 0.000 0.000 0.019 0.289 2.738 0.000 2.526 0.000 1.219 3.284 0.122 0.000 0.000 
0 test2fip_consistent right_hidden
1.118 2.814 0.000 0.000 0.000 0.000 0.000 0.000 0.150 1.350 0.464 0.587 0.739 0.093 0.183 0.117 2.021 0.021 0.578 0.000 
---
1 test2fip_inconsistent left_hidden
0.000 0.000 0.000 0.000 1.749 0.430 0.000 0.000 0.000 0.019 0.289 2.738 0.000 2.526 0.000 1.219 3.284 0.122 0.000 0.000 
1 test2fip_inconsistent right_hidden
1.018 2.085 0.000 0.000 0.723 0.091 0.000 0.000 0.000 2.514 0.813 2.634 1.146 2.660 0.070 0.875 3.387 0.839 0.317 0.000 
---
0 test2fip_consistent left_hidden
0.000 1.036 0.092 0.610 0.449 0.000 1.099 1.540 0.000 1.937 0.000 2.393 0.101 0.028 0.051 2.963 1.396 0.372 1.875 0.624 
0 test2fip_consistent right_hidden
0.000 0.801 1.132 0.216 2.154 0.000 0.433 0.000 0.000 0.090 0.323 0.414 2.048 0.000 0.259 1.278 1.111 0.414 1.163 0.270 
---
1 test2fip_inconsistent left_hidden
0.000 1.036 0.092 0.610 0.449 0.000 1.099 1.540 0.000 1.937 0.000 2.393 0.101 0.028 0.051 2.963 1.396 0.372 1.875 0.624 
1 test2fip_inconsistent right_hidden
0.000 0.801 0.797 1.535 1.585 0.354 0.257 0.000 0.000 0.311 0.000 1.460 1.212 0.000 0.253 3.896 2.343 0.536 1.552 0.630 
---
0 test2fip_consistent left_hidden
3.423 0.774 0.301 0.069 0.000 2.200 0.000 2.846 1.121 0.000 0.707 0.000 0.047 0.000 0.000 0.044 1.006 0.134 0.000 0.000 
0 test2fip_consistent right_hidden
0.000 0.386 2.867 0.092 0.333 0.063 0.000 0.000 0.423 0.000 0.000 0.000 0.232 0.000 0.000 0.233 0.000 2.465 0.000 0.000 
---
1 test2fip_inconsistent left_hidden
3.423 0.774 0.301 0.069 0.000 2.200 0.000 2.846 1.121 0.000 0.707 0.000 0.047 0.000 0.000 0.044 1.006 0.134 0.000 0.000 
1 test2fip_inconsistent right_hidden
2.180 1.265 3.376 0.000 0.000 1.117 1.074 1.880 1.620 0.000 0.000 0.000 0.399 0.000 0.090 0.675 0.991 2.267 0.000 0.000 
---
0 test2fip_consistent left_hidden
0.900 0.000 0.213 0.000 1.893 0.000 2.279 0.290 0.363 0.495 0.000 0.000 2.033 1.387 0.639 1.170 1.868 0.000 2.857 0.000 
0 test2fip_consistent right_hidden
0.001 0.000 1.574 0.014 0.397 0.830 0.152 0.994 2.871 0.449 0.014 0.111 0.171 0.000 0.465 0.000 1.268 0.945 0.000 0.000 
---
1 test2fip_inconsistent left_hidden
0.900 0.000 0.213 0.000 1.893 0.000 2.279 0.290 0.363 0.495 0.000 0.000 2.033 1.387 0.639 1.170 1.868 0.000 2.857 0.000 
1 test2fip_inconsistent right_hidden
0.000 0.000 1.279 0.000 1.080 0.749 2.386 0.938 3.224 0.633 0.000 0.000 3.541 0.000 0.011 0.000 1.553 0.332 0.357 0.000 
---
0 test2fip_consistent left_hidden
0.275 0.000 0.413 1.302 0.000 0.000 0.000 1.373 0.000 2.485 0.000 0.894 2.572 2.106 0.323 2.200 0.000 0.754 0.277 0.000 
0 test2fip_consistent right_hidden
0.051 1.730 0.222 0.483 0.133 0.000 0.000 0.765 0.002 2.882 0.000 1.537 0.000 0.082 0.000 0.124 0.000 0.000 0.063 0.926 
---
1 test2fip_inconsistent left_hidden
0.275 0.000 0.413 1.302 0.000 0.000 0.000 1.373 0.000 2.485 0.000 0.894 2.572 2.106 0.323 2.200 0.000 0.754 0.277 0.000 
1 test2fip_inconsistent right_hidden
0.000 0.998 0.755 0.648 0.000 0.000 0.000 0.826 0.000 4.120 0.000 2.194 2.236 2.165 0.000 1.152 0.000 0.000 0.237 0.907 
---
0 test2fip_consistent left_hidden
0.000 0.000 0.907 0.000 0.000 0.000 0.642 0.000 1.354 0.000 2.457 0.055 0.661 0.973 0.000 1.111 0.000 2.762 1.994 0.618 
0 test2fip_consistent right_hidden
1.408 0.000 0.124 0.290 0.000 0.000 1.026 0.696 1.182 0.000 0.953 0.000 0.014 0.095 0.257 0.590 2.402 0.546 0.000 1.239 
---
1 test2fip_inconsistent left_hidden
0.000 0.000 0.907 0.000 0.000 0.000 0.642 0.000 1.354 0.000 2.457 0.055 0.661 0.973 0.000 1.111 0.000 2.762 1.994 0.618 
1 test2fip_inconsistent right_hidden
1.149 0.000 1.528 0.238 0.000 0.000 0.946 0.335 2.541 0.000 2.327 0.000 0.296 0.410 0.000 1.767 1.742 2.426 1.749 1.703 
---
0 test2fip_consistent left_hidden
0.000 0.000 0.691 2.206 1.527 0.798 2.470 0.262 1.000 0.000 0.000 1.126 1.975 2.418 0.183 0.000 0.123 0.000 0.064 0.000 
0 test2fip_consistent right_hidden
0.661 1.411 0.027 0.107 0.135 1.104 0.572 3.019 0.053 0.000 0.000 0.210 1.605 0.000 0.000 0.000 0.748 0.000 0.746 0.000 
---
1 test2fip_inconsistent left_hidden
0.000 0.000 0.691 2.206 1.527 0.798 2.470 0.262 1.000 0.000 0.000 1.126 1.975 2.418 0.183 0.000 0.123 0.000 0.064 0.000 
1 test2fip_inconsistent right_hidden
1.066 0.937 0.432 1.417 1.051 1.051 3.370 2.353 0.000 0.000 0.000 1.055 3.379 0.791 0.000 0.000 0.276 0.000 0.703 0.000 
---
0 test2fip_consistent left_hidden
0.000 0.000 0.000 2.063 0.000 1.718 0.619 1.630 0.000 0.000 0.000 1.813 1.383 3.141 0.000 1.822 0.494 0.000 0.400 0.000 
0 test2fip_consistent right_hidden
0.000 0.000 0.143 3.226 0.000 0.000 0.764 0.528 0.000 0.000 0.000 0.000 0.132 0.476 0.000 0.238 2.470 0.000 0.000 0.000 
---
1 test2fip_inconsistent left_hidden
0.000 0.000 0.000 2.063 0.000 1.718 0.619 1.630 0.000 0.000 0.000 1.813 1.383 3.141 0.000 1.822 0.494 0.000 0.400 0.000 
1 test2fip_inconsistent right_hidden
0.000 0.000 0.261 4.341 0.000 1.634 0.924 2.142 0.000 0.000 0.000 0.704 0.948 1.972 0.000 2.066 2.116 0.000 0.000 0.000 
---
0 test2fip_consistent left_hidden
0.000 0.000 0.000 0.000 0.915 2.994 0.000 0.000 2.363 0.000 1.041 0.175 1.450 0.565 0.969 0.688 0.501 3.047 1.414 0.733 
0 test2fip_consistent right_hidden
0.350 1.058 0.944 1.165 0.413 1.822 0.174 0.075 0.172 0.000 0.339 1.986 0.920 0.663 0.000 0.152 0.205 0.295 0.379 0.000 
---
1 test2fip_inconsistent left_hidden
0.000 0.000 0.000 0.000 0.915 2.994 0.000 0.000 2.363 0.000 1.041 0.175 1.450 0.565 0.969 0.688 0.501 3.047 1.414 0.733 
1 test2fip_inconsistent right_hidden
0.017 0.894 0.439 0.363 1.310 3.189 0.256 0.000 1.618 0.000 0.835 1.377 2.234 2.046 0.095 2.293 0.621 2.020 1.921 0.128 
---
0 test2fip_consistent left_hidden
3.578 0.358 0.000 0.000 2.379 0.000 1.040 1.179 1.307 0.000 2.268 0.549 0.000 0.000 0.000 0.000 0.000 0.044 1.809 0.000 
0 test2fip_consistent right_hidden
1.553 0.000 0.779 0.066 0.156 0.000 1.010 0.412 1.961 0.964 0.473 1.842 0.000 0.000 0.056 0.000 0.000 2.134 0.156 0.000 
---
1 test2fip_inconsistent left_hidden
3.578 0.358 0.000 0.000 2.379 0.000 1.040 1.179 1.307 0.000 2.268 0.549 0.000 0.000 0.000 0.000 0.000 0.044 1.809 0.000 
1 test2fip_inconsistent right_hidden
4.262 0.000 0.487 0.000 1.897 0.000 1.055 1.537 2.898 0.171 1.220 0.870 0.000 0.000 0.000 0.000 0.000 1.684 1.943 0.000 
---
0 test2fip_consistent left_hidden
0.319 0.277 0.000 0.000 0.000 1.349 0.047 1.424 2.756 0.000 0.456 2.884 0.000 0.000 2.238 1.529 0.941 0.050 0.711 2.026 
0 test2fip_consistent right_hidden
1.879 1.946 0.000 0.000 0.080 0.542 0.036 1.118 0.105 0.000 0.000 0.950 0.000 0.000 0.453 0.000 1.007 0.655 1.958 0.177 
---
1 test2fip_inconsistent left_hidden
0.319 0.277 0.000 0.000 0.000 1.349 0.047 1.424 2.756 0.000 0.456 2.884 0.000 0.000 2.238 1.529 0.941 0.050 0.711 2.026 
1 test2fip_inconsistent right_hidden
1.839 1.527 0.072 0.000 0.000 1.912 0.000 1.761 1.983 0.000 0.000 2.676 0.000 0.000 2.150 0.801 1.194 0.274 2.661 2.031 
---
0 test2fip_consistent left_hidden
0.000 0.000 0.940 0.000 3.846 0.463 1.869 0.530 1.047 0.000 0.000 0.209 1.116 0.000 0.177 0.000 0.114 0.000 3.404 0.455 
0 test2fip_consistent right_hidden
0.000 0.000 0.697 0.000 0.324 0.607 0.000 0.608 0.139 1.164 1.302 0.778 0.586 0.974 0.000 2.230 0.000 0.642 1.530 0.473 
---
1 test2fip_inconsistent left_hidden
0.000 0.000 0.940 0.000 3.846 0.463 1.869 0.530 1.047 0.000 0.000 0.209 1.116 0.000 0.177 0.000 0.114 0.000 3.404 0.455 
1 test2fip_inconsistent right_hidden
0.000 0.000 0.386 0.010 2.957 1.223 0.652 1.772 1.433 0.567 0.419 0.795 1.298 0.498 0.000 1.738 0.000 0.969 3.816 0.268 
---
0 test2fip_consistent left_hidden
0.000 1.407 0.138 0.000 0.000 0.000 0.066 2.449 0.517 0.000 0.732 0.431 0.695 0.182 0.000 1.914 0.839 0.735 2.182 3.218 
0 test2fip_consistent right_hidden
0.000 0.331 0.691 1.116 0.000 0.825 1.221 0.829 1.680 0.000 0.982 0.000 0.466 0.051 1.070 1.737 0.358 0.000 0.225 0.293 
---
1 test2fip_inconsistent left_hidden
0.000 1.407 0.138 0.000 0.000 0.000 0.066 2.449 0.517 0.000 0.732 0.431 0.695 0.182 0.000 1.914 0.839 0.735 2.182 3.218 
1 test2fip_inconsistent right_hidden
0.000 2.495 0.545 0.652 0.000 0.486 0.984 2.531 2.553 0.000 0.435 0.016 0.379 0.000 0.694 3.101 1.077 0.000 1.145 2.531 
---
0 test2fip_consistent left_hidden
0.609 0.000 0.000 1.089 0.000 0.365 0.000 0.319 0.018 3.818 0.000 1.211 0.819 0.197 1.153 0.570 0.000 0.759 2.399 0.000 
0 test2fip_consistent right_hidden
0.000 0.000 0.670 1.101 0.000 1.839 2.310 0.070 0.018 0.528 0.000 0.812 0.308 1.255 1.254 0.153 0.000 0.532 0.372 0.000 
---
1 test2fip_inconsistent left_hidden
0.609 0.000 0.000 1.089 0.000 0.365 0.000 0.319 0.018 3.818 0.000 1.211 0.819 0.197 1.153 0.570 0.000 0.759 2.399 0.000 
1 test2fip_inconsistent right_hidden
0.000 0.000 0.896 1.960 0.000 2.373 1.708 0.000 0.000 3.912 0.000 1.942 0.517 0.514 0.587 0.000 0.000 0.069 1.768 0.000 
---
0 test2fip_consistent left_hidden
0.627 2.465 0.197 0.000 4.048 0.511 0.051 0.791 0.679 1.910 0.000 0.911 0.000 0.000 0.720 0.000 0.000 1.122 0.023 1.449 
0 test2fip_consistent right_hidden
0.291 1.439 0.828 0.196 0.583 1.297 0.000 1.173 1.897 0.106 0.537 0.000 0.566 0.000 0.000 1.781 0.000 0.341 0.019 0.083 
---
1 test2fip_inconsistent left_hidden
0.627 2.465 0.197 0.000 4.048 0.511 0.051 0.791 0.679 1.910 0.000 0.911 0.000 0.000 0.720 0.000 0.000 1.122 0.023 1.449 
1 test2fip_inconsistent right_hidden
0.139 3.302 0.292 0.204 3.006 1.133 0.000 1.171 2.005 1.366 0.672 0.144 0.299 0.000 0.000 1.257 0.000 1.902 0.000 1.523 
---
0 test2fip_consistent left_hidden
0.343 0.000 0.000 0.000 0.000 4.393 1.092 0.341 1.122 0.000 0.332 0.413 0.000 1.401 0.000 2.496 0.000 0.800 1.307 0.000 
0 test2fip_consistent right_hidden
1.634 0.000 0.000 0.000 0.000 0.798 0.813 0.000 0.000 1.524 0.571 1.172 1.615 1.915 0.000 0.296 0.389 1.391 0.238 0.000 
---
1 test2fip_inconsistent left_hidden
0.343 0.000 0.000 0.000 0.000 4.393 1.092 0.341 1.122 0.000 0.332 0.413 0.000 1.401 0.000 2.496 0.000 0.800 1.307 0.000 
1 test2fip_inconsistent right_hidden
0.986 0.000 0.000 0.000 0.000 4.221 1.016 0.000 0.000 0.881 0.177 0.758 1.389 2.697 0.000 2.087 0.000 0.799 1.082 0.000 
---
0 test2fip_consistent left_hidden
0.587 0.000 0.000 0.000 1.816 0.000 0.000 0.000 1.983 0.000 2.206 1.089 0.000 0.000 0.391 2.819 0.365 2.692 0.448 1.632 
0 test2fip_consistent right_hidden
0.170 0.637 0.000 0.000 0.216 1.311 0.000 0.219 0.182 0.000 1.795 0.817 0.169 1.168 1.563 0.309 0.848 1.400 1.852 0.164 
---
1 test2fip_inconsistent left_hidden
0.587 0.000 0.000 0.000 1.816 0.000 0.000 0.000 1.983 0.000 2.206 1.089 0.000 0.000 0.391 2.819 0.365 2.692 0.448 1.632 
1 test2fip_inconsistent right_hidden
0.255 0.427 0.000 0.000 0.993 0.161 0.000 1.219 2.103 0.000 2.533 0.712 0.000 0.032 2.084 1.384 0.893 2.825 1.759 1.943 
---
0 test2fip_consistent left_hidden
0.091 1.945 0.049 0.566 0.000 1.171 0.000 0.000 0.000 3.943 1.886 0.000 0.366 0.000 0.000 0.556 2.553 0.000 2.468 0.000 
0 test2fip_consistent right_hidden
0.180 2.055 1.256 0.000 0.873 0.000 0.000 0.000 0.000 0.046 0.243 0.538 0.479 0.000 2.254 0.051 1.176 0.000 1.151 0.587 
---
1 test2fip_inconsistent left_hidden
0.091 1.945 0.049 0.566 0.000 1.171 0.000 0.000 0.000 3.943 1.886 0.000 0.366 0.000 0.000 0.556 2.553 0.000 2.468 0.000 
1 test2fip_inconsistent right_hidden
0.766 3.098 1.105 0.377 0.753 0.001 0.000 0.000 0.000 3.305 1.846 0.365 0.717 0.006 1.919 0.058 1.155 0.000 2.391 0.168 
---
0 test2fip_consistent left_hidden
0.000 1.755 2.310 0.021 0.444 0.026 0.000 0.168 0.000 0.810 3.291 0.000 1.790 0.000 1.256 1.283 0.154 0.000 0.000 1.426 
0 test2fip_consistent right_hidden
1.526 0.070 0.929 0.127 1.406 1.030 0.000 0.675 0.007 0.013 0.509 1.993 0.828 0.000 0.791 0.595 1.832 0.000 0.000 0.219 
---
1 test2fip_inconsistent left_hidden
0.000 1.755 2.310 0.021 0.444 0.026 0.000 0.168 0.000 0.810 3.291 0.000 1.790 0.000 1.256 1.283 0.154 0.000 0.000 1.426 
1 test2fip_inconsistent right_hidden
0.736 0.000 1.820 0.000 0.277 0.770 0.000 0.958 0.000 1.180 2.438 1.766 0.800 0.000 3.027 1.407 1.587 0.000 0.000 0.531 
---
0 test2fip_consistent left_hidden
0.437 0.331 0.000 0.256 2.712 2.985 0.000 0.000 0.000 2.969 0.000 0.007 0.862 0.550 0.000 0.000 0.000 0.000 1.201 0.000 
0 test2fip_consistent right_hidden
0.963 0.000 0.000 1.852 0.231 1.304 0.000 0.000 1.306 1.258 0.017 0.000 0.430 0.000 0.023 0.037 0.668 0.115 0.238 2.122 
---
1 test2fip_inconsistent left_hidden
0.437 0.331 0.000 0.256 2.712 2.985 0.000 0.000 0.000 2.969 0.000 0.007 0.862 0.550 0.000 0.000 0.000 0.000 1.201 0.000 
1 test2fip_inconsistent right_hidden
1.129 0.000 0.000 1.516 2.415 3.476 0.000 0.000 0.863 2.936 0.000 0.000 0.999 0.567 0.715 0.000 0.000 0.000 1.582 1.551 
---
0 test2fip_consistent left_hidden
1.216 0.000 0.099 0.000 0.000 0.303 1.613 1.999 1.241 0.819 2.700 0.000 0.027 0.207 0.015 0.000 0.000 3.040 0.151 0.000 
0 test2fip_consistent right_hidden
0.000 0.880 0.076 0.000 0.375 1.138 0.000 0.042 0.164 0.218 0.857 0.019 0.000 2.012 0.915 0.000 0.000 1.581 0.507 1.998 
---
1 test2fip_inconsistent left_hidden
1.216 0.000 0.099 0.000 0.000 0.303 1.613 1.999 1.241 0.819 2.700 0.000 0.027 0.207 0.015 0.000 0.000 3.040 0.151 0.000 
1 test2fip_inconsistent right_hidden
0.718 0.000 0.061 0.000 1.541 1.920 1.409 1.087 1.539 0.000 2.659 0.000 0.000 1.310 0.337 0.000 0.000 3.939 0.130 0.896 
---
0 test2fip_consistent left_hidden
0.000 0.000 2.991 0.000 0.005 0.000 0.000 0.000 0.000 1.549 0.000 3.926 1.277 0.000 0.000 0.307 0.000 0.000 0.070 1.342 
0 test2fip_consistent right_hidden
0.000 0.000 1.366 0.748 2.241 0.023 0.000 0.000 0.000 0.604 0.700 0.046 0.013 0.000 0.000 2.038 1.813 0.000 0.026 1.794 
---
1 test2fip_inconsistent left_hidden
0.000 0.000 2.991 0.000 0.005 0.000 0.000 0.000 0.000 1.549 0.000 3.926 1.277 0.000 0.000 0.307 0.000 0.000 0.070 1.342 
1 test2fip_inconsistent right_hidden
0.000 0.000 2.182 0.171 2.017 0.000 0.000 0.000 0.000 1.860 0.546 3.739 0.000 0.000 0.000 1.599 1.519 0.000 0.000 2.915 
---
0 test2fip_consistent left_hidden
0.000 4.162 0.000 1.402 0.256 1.290 1.516 0.000 0.372 0.000 0.000 0.129 1.310 0.000 0.000 0.055 2.694 0.350 0.000 0.000 
0 test2fip_consistent right_hidden
0.000 0.348 0.000 0.630 0.748 0.619 0.710 0.000 2.464 0.000 1.877 0.600 0.020 0.000 0.358 1.725 0.611 0.267 0.151 0.630 
---
1 test2fip_inconsistent left_hidden
0.000 4.162 0.000 1.402 0.256 1.290 1.516 0.000 0.372 0.000 0.000 0.129 1.310 0.000 0.000 0.055 2.694 0.350 0.000 0.000 
1 test2fip_inconsistent right_hidden
0.000 2.807 0.000 1.072 0.682 1.683 0.839 0.000 3.249 0.000 1.166 0.503 1.112 0.000 0.000 0.902 2.922 0.000 0.000 0.090 
---
0 test2fip_consistent left_hidden
0.382 0.000 2.144 2.861 0.000 0.000 0.000 0.000 0.000 0.324 2.547 0.000 0.000 1.393 0.335 0.000 0.000 0.540 1.525 1.284 
0 test2fip_consistent right_hidden
1.346 0.345 0.418 1.296 0.000 0.000 0.337 0.332 3.062 0.000 0.207 0.372 0.000 0.082 0.911 0.000 0.000 0.501 0.489 0.145 
---
1 test2fip_inconsistent left_hidden
0.382 0.000 2.144 2.861 0.000 0.000 0.000 0.000 0.000 0.324 2.547 0.000 0.000 1.393 0.335 0.000 0.000 0.540 1.525 1.284 
1 test2fip_inconsistent right_hidden
0.502 0.014 2.545 3.615 0.000 0.000 0.103 0.000 2.561 0.000 1.424 0.000 0.000 1.566 1.722 0.000 0.000 0.169 0.860 1.475 
---
0 test2fip_consistent left_hidden
0.000 0.085 0.112 0.324 0.000 0.257 0.000 4.743 0.000 0.236 0.000 0.000 0.934 0.510 1.589 0.817 0.299 0.797 0.000 0.448 
0 test2fip_consistent right_hidden
0.000 0.000 0.000 0.747 0.527 0.025 0.361 0.185 0.119 0.000 0.066 0.000 0.423 1.332 0.000 2.524 1.324 0.000 0.000 2.525 
---
1 test2fip_inconsistent left_hidden
0.000 0.085 0.112 0.324 0.000 0.257 0.000 4.743 0.000 0.236 0.000 0.000 0.934 0.510 1.589 0.817 0.299 0.797 0.000 0.448 
1 test2fip_inconsistent right_hidden
0.000 0.155 0.000 0.267 2.418 0.000 0.000 3.744 0.043 0.000 0.000 0.000 1.688 1.291 0.000 2.843 1.163 0.000 0.000 1.897 
---
0 test2fip_consistent left_hidden
0.374 0.000 0.000 0.000 0.000 0.268 0.357 3.403 0.000 1.610 2.809 0.794 0.000 0.000 1.642 1.165 1.871 0.000 0.000 0.000 
0 test2fip_consistent right_hidden
1.664 0.186 1.260 0.000 0.000 1.714 1.663 0.000 0.000 0.630 0.131 0.598 0.636 0.000 0.089 0.000 0.658 0.000 1.232 0.952 
---
1 test2fip_inconsistent left_hidden
0.374 0.000 0.000 0.000 0.000 0.268 0.357 3.403 0.000 1.610 2.809 0.794 0.000 0.000 1.642 1.165 1.871 0.000 0.000 0.000 
1 test2fip_inconsistent right_hidden
2.296 0.000 1.986 0.000 0.000 1.567 1.326 3.227 0.000 1.201 1.384 0.573 0.103 0.000 1.247 0.407 2.139 0.000 1.642 0.744 
---
0 test2fip_consistent left_hidden
0.557 0.024 2.125 0.667 1.089 0.000 0.586 0.000 0.000 0.455 0.000 0.000 0.586 0.000 0.000 4.333 0.000 0.000 0.111 1.008 
0 test2fip_consistent right_hidden
0.140 0.000 0.042 1.177 1.754 0.552 1.330 1.527 0.000 0.000 0.000 0.331 1.443 0.022 0.944 0.783 0.000 1.830 1.710 0.437 
---
1 test2fip_inconsistent left_hidden
0.557 0.024 2.125 0.667 1.089 0.000 0.586 0.000 0.000 0.455 0.000 0.000 0.586 0.000 0.000 4.333 0.000 0.000 0.111 1.008 
1 test2fip_inconsistent right_hidden
0.010 0.000 3.043 0.018 3.088 0.331 1.267 1.452 0.000 0.000 0.000 0.257 1.138 0.044 0.432 3.552 0.000 1.588 1.395 0.909 
---
0 test2fip_consistent left_hidden
0.000 1.689 3.154 0.000 0.000 0.394 0.000 0.666 1.059 0.000 2.979 0.000 0.976 0.000 2.129 0.419 0.333 0.098 0.982 0.000 
0 test2fip_consistent right_hidden
0.000 0.508 0.621 3.035 0.000 0.385 0.072 0.000 1.957 0.000 0.363 0.088 0.000 0.000 0.000 0.060 0.039 1.378 0.000 0.000 
---
1 test2fip_inconsistent left_hidden
0.000 1.689 3.154 0.000 0.000 0.394 0.000 0.666 1.059 0.000 2.979 0.000 0.976 0.000 2.129 0.419 0.333 0.098 0.982 0.000 
1 test2fip_inconsistent right_hidden
0.000 2.504 1.780 2.748 0.000 0.011 0.000 0.000 1.526 0.000 3.445 0.000 1.278 0.000 0.000 0.001 0.000 1.783 0.342 0.000 
---
0 test2fip_consistent left_hidden
1.101 0.293 0.000 1.618 0.000 0.000 0.803 0.960 0.361 0.000 0.229 2.103 0.282 0.000 0.000 0.157 4.499 0.000 0.536 0.000 
0 test2fip_consistent right_hidden
1.074 0.475 0.000 0.000 0.036 0.098 0.103 2.039 0.000 0.077 1.195 1.563 0.000 0.053 0.000 0.000 0.550 2.245 0.303 0.670 
---
1 test2fip_inconsistent left_hidden
1.101 0.293 0.000 1.618 0.000 0.000 0.803 0.960 0.361 0.000 0.229 2.103 0.282 0.000 0.000 0.157 4.499 0.000 0.536 0.000 
1 test2fip_inconsistent right_hidden
0.326 0.577 0.000 0.000 0.000 0.000 0.791 2.217 0.000 0.000 0.940 3.843 0.000 0.042 0.000 0.000 4.018 1.438 0.778 0.442 
---
0 test2fip_consistent left_hidden
1.857 0.000 0.000 2.337 0.000 0.000 0.000 0.772 0.000 2.031 0.000 0.000 0.000 0.000 0.000 0.000 0.000 0.000 4.038 0.000 
0 test2fip_consistent right_hidden
0.118 1.326 0.020 2.165 0.171 0.105 0.976 0.000 0.000 0.000 1.293 0.009 1.140 0.442 2.042 0.000 0.000 0.497 1.329 0.000 
---
1 test2fip_inconsistent left_hidden
1.857 0.000 0.000 2.337 0.000 0.000 0.000 0.772 0.000 2.031 0.000 0.000 0.000 0.000 0.000 0.000 0.000 0.000 4.038 0.000 
1 test2fip_inconsistent right_hidden
0.000 1.216 0.000 2.432 0.132 0.000 0.269 0.000 0.000 0.000 0.000 0.000 0.634 0.770 1.196 0.000 0.000 0.339 5.381 0.000 
---
