0 test2fip_consistent left_hidden
0.090 2.394 0.000 0.000 1.820 0.673 2.854 0.121 0.000 0.000 1.106 0.000 0.000 0.000 1.155 1.017 0.000 2.870 0.000 0.729 
0 test2fip_consistent right_hidden
2.480 0.021 1.521 0.000 0.000 0.179 2.780 0.906 0.000 0.000 0.004 0.085 0.294 0.406 0.947 0.000 0.000 0.996 0.000 0.066 
---
1 test2fip_inconsistent left_hidden
0.090 2.394 0.000 0.000 1.820 0.673 2.854 0.121 0.000 0.000 1.106 0.000 0.000 0.000 1.155 1.017 0.000 2.870 0.000 0.729 
1 test2fip_inconsistent right_hidden
1.941 0.984 0.830 0.000 0.322 1.403 4.780 1.982 0.000 0.000 1.246 0.000 2.298 0.270 1.151 1.099 0.000 2.116 0.000 0.000 
---
0 test2fip_consistent left_hidden
2.129 0.000 0.116 0.000 0.011 0.299 3.793 0.000 0.404 0.483 0.019 0.000 0.371 0.000 0.031 1.197 0.586 0.000 0.389 3.039 
0 test2fip_consistent right_hidden
0.715 0.000 0.000 0.000 0.000 2.476 0.132 0.000 0.128 0.928 0.012 0.000 1.388 0.010 0.000 0.000 0.751 0.000 2.019 1.580 
---
1 test2fip_inconsistent left_hidden
2.129 0.000 0.116 0.000 0.011 0.299 3.793 0.000 0.404 0.483 0.019 0.000 0.371 0.000 0.031 1.197 0.586 0.000 0.389 3.039 
1 test2fip_inconsistent right_hidden
3.723 0.000 0.000 0.000 0.000 2.124 3.345 0.000 0.211 0.171 0.000 0.018 1.157 0.000 0.000 0.856 0.884 0.000 2.046 2.584 
---
0 test2fip_consistent left_hidden
0.000 1.419 0.476 1.887 0.000 0.000 2.784 1.699 0.000 0.000 0.074 0.000 0.400 0.000 0.000 0.000 4.103 0.000 0.446 0.000 
0 test2fip_consistent right_hidden
0.000 0.143 0.419 0.131 0.107 0.000 0.509 0.149 0.402 0.000 0.961 0.000 0.000 0.000 0.000 1.657 3.529 0.000 0.000 0.489 
---
1 test2fip_inconsistent left_hidden
0.000 1.419 0.476 1.887 0.000 0.000 2.784 1.699 0.000 0.000 0.074 0.000 0.400 0.000 0.000 0.000 4.103 0.000 0.446 0.000 
1 test2fip_inconsistent right_hidden
0.000 0.922 0.449 2.607 0.000 0.000 2.223 1.228 0.390 0.000 1.178 0.000 0.000 0.000 0.000 0.597 5.127 0.000 0.000 0.000 
---
0 test2fip_consistent left_hidden
2.062 0.639 0.321 0.000 0.000 0.000 0.000 0.000 0.000 0.206 0.000 0.137 0.000 1.988 0.176 2.642 1.588 0.000 1.424 2.230 
0 test2fip_consistent right_hidden
0.172 1.704 0.264 0.000 0.023 2.283 0.000 0.089 0.000 0.102 0.000 0.478 0.000 0.058 1.612 1.129 1.326 0.000 1.215 0.057 
---
1 test2fip_inconsistent left_hidden
2.062 0.639 0.321 0.000 0.000 0.000 0.000 0.000 0.000 0.206 0.000 0.137 0.000 1.988 0.176 2.642 1.588 0.000 1.424 2.230 
1 test2fip_inconsistent right_hidden
2.528 1.769 0.875 0.000 0.000 1.554 0.000 0.000 0.000 0.469 0.000 0.231 0.000 1.257 1.303 3.516 2.081 0.000 1.080 1.600 
---
0 test2fip_consistent left_hidden
0.000 1.843 0.000 2.144 1.071 2.627 1.062 0.385 0.000 0.000 1.360 0.749 0.000 0.872 0.000 2.108 0.251 0.010 0.000 2.284 
0 test2fip_consistent right_hidden
0.000 1.761 0.000 0.103 0.674 0.927 0.146 0.573 0.000 0.000 0.082 0.006 0.891 2.423 0.000 0.160 0.070 0.809 1.877 0.627 
---
1 test2fip_inconsistent left_hidden
0.000 1.843 0.000 2.144 1.071 2.627 1.062 0.385 0.000 0.000 1.360 0.749 0.000 0.872 0.000 2.108 0.251 0.010 0.000 2.284 
1 test2fip_inconsistent right_hidden
0.000 2.086 0.000 0.496 0.966 3.344 1.210 0.376 0.000 0.000 0.351 0.938 0.423 2.632 0.000 2.559 0.630 0.180 1.393 2.466 
---
0 test2fip_consistent left_hidden
1.244 0.000 0.000 0.521 3.707 1.209 0.000 0.000 0.509 0.000 0.000 0.000 0.000 2.122 0.000 0.000 2.311 0.274 1.715 0.000 
0 test2fip_consistent right_hidden
1.644 0.633 0.042 0.000 0.000 0.121 0.560 0.000 2.857 0.000 0.000 0.076 0.000 2.232 0.000 0.000 1.020 0.034 0.000 0.058 
---
1 test2fip_inconsistent left_hidden
1.244 0.000 0.000 0.521 3.707 1.209 0.000 0.000 0.509 0.000 0.000 0.000 0.000 2.122 0.000 0.000 2.311 0.274 1.715 0.000 
1 test2fip_inconsistent right_hidden
0.146 0.038 0.000 1.145 2.151 1.552 0.426 0.000 3.089 0.033 0.000 0.092 0.000 4.061 0.000 0.000 2.748 1.016 1.280 0.000 
---
0 test2fip_consistent left_hidden
0.000 0.132 0.000 0.000 0.000 0.179 0.000 0.000 1.975 0.000 2.776 4.452 0.934 0.000 1.625 0.000 0.000 1.182 0.000 0.000 
0 test2fip_consistent right_hidden
0.000 0.000 0.611 0.032 2.044 0.000 0.000 0.537 0.429 0.000 0.450 1.129 0.000 0.000 0.000 0.000 0.000 3.324 0.000 0.031 
---
1 test2fip_inconsistent left_hidden
0.000 0.132 0.000 0.000 0.000 0.179 0.000 0.000 1.975 0.000 2.776 4.452 0.934 0.000 1.625 0.000 0.000 1.182 0.000 0.000 
1 test2fip_inconsistent right_hidden
0.000 0.000 0.269 0.000 1.334 1.133 0.000 0.714 2.034 0.000 1.841 4.708 0.000 0.000 0.488 0.000 0.000 3.234 0.143 0.000 
---
0 test2fip_consistent left_hidden
0.605 0.000 0.000 0.453 1.007 0.000 0.020 0.000 0.000 0.000 0.000 1.448 1.818 0.746 2.139 0.000 1.397 0.000 0.355 3.192 
0 test2fip_consistent right_hidden
0.663 0.000 0.000 3.013 1.221 0.000 0.025 0.349 0.000 1.094 0.000 1.437 1.433 0.924 0.126 0.157 0.159 0.000 0.421 0.448 
---
1 test2fip_inconsistent left_hidden
0.605 0.000 0.000 0.453 1.007 0.000 0.020 0.000 0.000 0.000 0.000 1.448 1.818 0.746 2.139 0.000 1.397 0.000 0.355 3.192 
1 test2fip_inconsistent right_hidden
2.068 0.000 0.000 2.310 1.311 0.000 0.000 0.651 0.000 0.264 0.029 2.219 1.842 1.041 2.393 0.000 0.000 0.000 1.541 3.125 
---
0 test2fip_consistent left_hidden
0.928 1.773 0.000 0.592 0.268 0.000 0.550 1.444 1.752 0.000 0.000 2.053 0.037 0.000 0.000 1.823 1.072 3.324 0.000 0.000 
0 test2fip_consistent right_hidden
0.008 0.957 0.000 1.911 0.681 2.019 0.723 0.122 0.000 0.000 0.000 0.153 1.925 0.000 0.077 1.398 0.000 0.262 0.000 0.000 
---
1 test2fip_inconsistent left_hidden
0.928 1.773 0.000 0.592 0.268 0.000 0.550 1.444 1.752 0.000 0.000 2.053 0.037 0.000 0.000 1.823 1.072 3.324 0.000 0.000 
1 test2fip_inconsistent right_hidden
1.703 1.430 0.000 2.320 0.703 1.389 1.316 0.639 1.277 0.000 0.000 0.825 1.551 0.000 0.351 3.134 0.000 2.975 0.000 0.000 
---
0 test2fip_consistent left_hidden
0.000 0.339 0.831 0.000 0.719 0.000 0.186 1.603 2.130 1.788 1.595 0.927 1.342 3.110 0.773 1.365 0.000 0.218 0.000 0.000 
0 test2fip_consistent right_hidden
0.461 0.000 0.837 0.000 0.209 1.339 0.000 2.647 0.093 2.027 0.000 0.134 1.154 0.061 0.443 0.124 0.000 0.000 0.349 0.017 
---
1 test2fip_inconsistent left_hidden
0.000 0.339 0.831 0.000 0.719 0.000 0.186 1.603 2.130 1.788 1.595 0.927 1.342 3.110 0.773 1.365 0.000 0.218 0.000 0.000 
1 test2fip_inconsistent right_hidden
1.529 0.426 1.304 0.000 0.000 1.446 0.000 3.242 1.839 2.501 0.552 1.900 2.098 2.408 1.360 0.848 0.000 0.000 0.000 0.000 
---
0 test2fip_consistent left_hidden
0.000 1.520 0.770 0.000 0.067 2.316 0.000 0.000 2.577 0.000 0.000 2.144 2.768 0.000 0.000 0.000 0.470 1.617 0.000 0.779 
0 test2fip_consistent right_hidden
0.429 1.124 0.753 0.000 2.192 2.339 0.000 0.000 2.064 0.000 0.000 0.595 0.217 0.101 0.000 0.046 0.008 0.208 0.043 0.000 
---
1 test2fip_inconsistent left_hidden
0.000 1.520 0.770 0.000 0.067 2.316 0.000 0.000 2.577 0.000 0.000 2.144 2.768 0.000 0.000 0.000 0.470 1.617 0.000 0.779 
1 test2fip_inconsistent right_hidden
0.174 2.662 0.615 0.000 1.418 3.884 0.044 0.000 2.283 0.000 0.000 3.009 2.700 0.000 0.000 0.000 0.000 1.342 0.000 1.242 
---
0 test2fip_consistent left_hidden
0.000 0.073 0.000 1.249 1.579 0.000 0.000 0.289 0.059 0.000 0.000 2.402 0.000 0.000 3.587 0.000 0.000 0.000 1.648 1.118 
0 test2fip_consistent right_hidden
0.507 2.422 0.000 1.040 0.668 0.082 0.000 2.302 0.888 0.000 0.000 0.000 0.000 0.000 0.286 0.000 0.000 0.000 0.074 1.759 
---
1 test2fip_inconsistent left_hidden
0.000 0.073 0.000 1.249 1.579 0.000 0.000 0.289 0.059 0.000 0.000 2.402 0.000 0.000 3.587 0.000 0.000 0.000 1.648 1.118 
1 test2fip_inconsistent right_hidden
0.469 1.699 0.000 2.140 1.647 0.000 0.000 1.385 1.935 0.000 0.000 1.685 0.000 0.000 3.334 0.000 0.000 0.000 0.068 2.578 
---
0 test2fip_consistent left_hidden
0.066 0.857 1.404 0.610 0.185 0.112 0.000 2.503 0.000 0.000 0.000 0.029 2.185 2.236 1.267 1.056 0.063 0.000 0.582 0.072 
0 test2fip_consistent right_hidden
0.000 1.112 0.903 0.108 2.669 1.378 0.131 1.191 0.000 0.000 1.208 0.838 0.000 0.000 0.000 0.146 0.414 0.000 0.997 0.000 
---
1 test2fip_inconsistent left_hidden
0.066 0.857 1.404 0.610 0.185 0.112 0.000 2.503 0.000 0.000 0.000 0.029 2.185 2.236 1.267 1.056 0.063 0.000 0.582 0.072 
1 test2fip_inconsistent right_hidden
0.000 2.183 2.071 0.142 2.552 0.978 0.000 2.044 0.000 0.000 0.107 0.433 2.318 1.488 1.388 0.000 0.504 0.000 1.553 0.000 
---
0 test2fip_consistent left_hidden
0.000 1.102 1.927 0.000 1.179 0.156 0.191 0.610 0.879 0.237 0.000 0.000 3.866 0.000 0.000 0.602 2.594 0.000 0.205 0.000 
0 test2fip_consistent right_hidden
0.343 1.173 0.000 0.000 0.057 0.044 2.228 2.494 1.404 1.768 0.337 0.000 0.000 0.000 0.000 0.000 0.223 0.097 1.281 0.000 
---
1 test2fip_inconsistent left_hidden
0.000 1.102 1.927 0.000 1.179 0.156 0.191 0.610 0.879 0.237 0.000 0.000 3.866 0.000 0.000 0.602 2.594 0.000 0.205 0.000 
1 test2fip_inconsistent right_hidden
0.000 2.523 0.622 0.000 0.509 0.000 1.193 2.801 1.458 1.312 0.000 0.000 3.337 0.000 0.000 0.000 2.026 1.262 1.005 0.000 
---
0 test2fip_consistent left_hidden
0.000 0.000 0.728 1.160 0.090 1.497 0.000 0.611 0.368 2.471 0.000 0.000 0.125 0.000 0.000 1.025 0.247 2.182 3.461 0.000 
0 test2fip_consistent right_hidden
0.000 1.239 0.006 1.109 0.491 0.397 0.186 0.184 1.913 0.421 0.000 0.112 0.000 0.000 0.343 0.023 2.108 0.054 0.969 1.684 
---
1 test2fip_inconsistent left_hidden
0.000 0.000 0.728 1.160 0.090 1.497 0.000 0.611 0.368 2.471 0.000 0.000 0.125 0.000 0.000 1.025 0.247 2.182 3.461 0.000 
1 test2fip_inconsistent right_hidden
0.031 1.049 0.776 2.192 0.479 1.779 0.873 0.332 1.013 3.528 0.000 0.000 0.000 0.000 0.082 0.371 1.738 0.026 3.346 1.523 
---
0 test2fip_consistent left_hidden
4.007 0.000 0.000 0.000 0.093 2.046 0.000 1.344 1.065 0.000 0.000 0.000 0.165 2.703 0.000 0.000 0.052 0.985 0.000 0.000 
0 test2fip_consistent right_hidden
0.157 1.779 0.000 0.000 0.006 0.603 0.142 0.087 1.657 0.000 0.078 0.000 0.000 1.467 0.000 0.000 0.587 1.239 2.571 0.238 
---
1 test2fip_inconsistent left_hidden
4.007 0.000 0.000 0.000 0.093 2.046 0.000 1.344 1.065 0.000 0.000 0.000 0.165 2.703 0.000 0.000 0.052 0.985 0.000 0.000 
1 test2fip_inconsistent right_hidden
2.885 0.673 0.000 0.000 0.000 1.916 0.000 0.000 2.483 0.000 0.000 0.000 0.111 2.782 0.000 0.000 2.399 0.812 2.664 0.600 
---
0 test2fip_consistent left_hidden
0.158 0.000 4.362 0.000 0.000 1.127 0.000 0.000 1.575 0.000 0.340 0.000 1.513 0.468 0.387 0.000 2.576 0.000 0.449 0.000 
0 test2fip_consistent right_hidden
1.211 0.000 1.222 0.000 0.000 0.278 1.606 0.000 0.310 0.001 0.519 1.560 0.082 0.000 1.854 0.000 0.288 0.000 2.034 0.300 
---
1 test2fip_inconsistent left_hidden
0.158 0.000 4.362 0.000 0.000 1.127 0.000 0.000 1.575 0.000 0.340 0.000 1.513 0.468 0.387 0.000 2.576 0.000 0.449 0.000 
1 test2fip_inconsistent right_hidden
0.893 0.000 4.733 0.000 0.000 0.848 1.211 0.000 1.820 0.000 0.570 1.388 0.000 0.000 1.596 0.000 0.932 0.000 1.568 0.732 
---
0 test2fip_consistent left_hidden
0.000 0.000 4.146 0.000 0.000 1.133 0.000 0.000 0.404 0.000 0.000 3.568 0.718 0.000 0.000 0.150 0.348 0.000 1.241 0.074 
0 test2fip_consistent right_hidden
1.449 0.093 2.512 0.000 0.000 0.075 0.048 2.021 0.365 0.110 0.000 0.374 0.000 0.000 0.040 1.837 0.100 0.000 0.233 0.028 
---
1 test2fip_inconsistent left_hidden
0.000 0.000 4.146 0.000 0.000 1.133 0.000 0.000 0.404 0.000 0.000 3.568 0.718 0.000 0.000 0.150 0.348 0.000 1.241 0.074 
1 test2fip_inconsistent right_hidden
0.640 0.012 4.668 0.000 0.000 1.124 0.000 2.293 1.782 0.236 0.000 2.818 0.059 0.000 0.000 1.551 0.212 0.000 1.306 0.000 
---
0 test2fip_consistent left_hidden
0.000 3.993 0.255 0.000 4.086 0.000 0.000 0.000 0.000 0.080 0.000 0.000 0.000 0.000 0.155 1.546 0.000 0.000 0.000 0.000 
0 test2fip_consistent right_hidden
0.000 0.720 1.879 2.738 0.117 0.234 2.392 0.000 0.000 0.052 0.000 0.105 0.001 0.000 1.756 1.576 0.000 0.000 0.000 0.009 
---
1 test2fip_inconsistent left_hidden
0.000 3.993 0.255 0.000 4.086 0.000 0.000 0.000 0.000 0.080 0.000 0.000 0.000 0.000 0.155 1.546 0.000 0.000 0.000 0.000 
1 test2fip_inconsistent right_hidden
0.000 2.694 1.316 3.958 2.912 0.438 0.588 0.000 0.000 0.000 0.000 0.452 0.000 0.043 1.395 2.672 0.000 0.000 0.000 0.000 
---
0 test2fip_consistent left_hidden
0.000 0.395 0.000 2.190 0.000 0.230 0.000 1.445 0.000 0.997 0.015 4.003 0.000 0.000 2.756 0.000 0.156 0.000 0.000 0.000 
0 test2fip_consistent right_hidden
0.000 0.375 0.000 2.455 0.000 0.000 1.961 1.143 0.000 0.568 1.083 0.793 0.032 0.000 0.233 0.008 0.000 2.152 0.000 0.000 
---
1 test2fip_inconsistent left_hidden
0.000 0.395 0.000 2.190 0.000 0.230 0.000 1.445 0.000 0.997 0.015 4.003 0.000 0.000 2.756 0.000 0.156 0.000 0.000 0.000 
1 test2fip_inconsistent right_hidden
0.000 1.303 0.000 3.389 0.000 0.000 1.188 0.955 0.000 0.477 3.138 3.324 0.000 0.000 2.147 0.748 0.000 0.781 0.017 0.000 
---
0 test2fip_consistent left_hidden
0.803 0.000 1.323 0.000 0.219 0.405 0.286 0.778 1.758 0.000 0.564 0.393 0.072 0.010 0.000 0.000 3.377 0.137 0.000 3.355 
0 test2fip_consistent right_hidden
0.960 0.000 2.057 0.000 0.183 0.000 1.010 1.335 0.125 0.000 0.447 0.057 0.574 1.866 0.010 0.000 0.095 1.853 0.000 1.432 
---
1 test2fip_inconsistent left_hidden
0.803 0.000 1.323 0.000 0.219 0.405 0.286 0.778 1.758 0.000 0.564 0.393 0.072 0.010 0.000 0.000 3.377 0.137 0.000 3.355 
1 test2fip_inconsistent right_hidden
2.645 0.000 1.611 0.000 1.263 0.000 1.333 1.249 0.705 0.000 0.117 0.440 0.495 1.156 0.000 0.000 2.532 1.450 0.000 3.975 
---
0 test2fip_consistent left_hidden
1.857 1.096 0.299 0.000 1.130 0.000 1.193 0.345 1.683 1.446 0.000 0.690 2.720 1.712 0.000 0.964 0.000 0.000 0.000 1.491 
0 test2fip_consistent right_hidden
0.054 1.775 1.130 0.000 0.030 0.000 0.100 0.484 0.000 0.117 0.283 1.613 1.705 1.667 0.000 0.945 0.000 1.204 0.000 0.075 
---
1 test2fip_inconsistent left_hidden
1.857 1.096 0.299 0.000 1.130 0.000 1.193 0.345 1.683 1.446 0.000 0.690 2.720 1.712 0.000 0.964 0.000 0.000 0.000 1.491 
1 test2fip_inconsistent right_hidden
1.652 1.731 0.285 0.000 1.306 0.000 2.035 0.439 0.516 1.753 0.000 1.721 2.897 2.932 0.000 1.659 0.000 1.101 0.211 0.975 
---
0 test2fip_consistent left_hidden
1.668 2.901 0.087 0.000 0.030 0.000 0.000 1.786 0.000 0.065 0.000 2.986 0.359 0.000 1.078 0.015 2.649 0.383 1.431 0.000 
0 test2fip_consistent right_hidden
0.524 0.230 0.592 0.000 0.045 1.516 0.543 2.088 0.000 0.000 2.467 0.259 1.202 0.116 0.000 1.093 0.340 0.000 0.591 0.033 
---
1 test2fip_inconsistent left_hidden
1.668 2.901 0.087 0.000 0.030 0.000 0.000 1.786 0.000 0.065 0.000 2.986 0.359 0.000 1.078 0.015 2.649 0.383 1.431 0.000 
1 test2fip_inconsistent right_hidden
2.780 0.000 0.201 0.000 0.000 0.483 0.000 2.011 0.000 0.000 2.765 1.040 0.626 1.429 0.000 0.732 2.328 0.000 3.238 0.000 
---
0 test2fip_consistent left_hidden
1.514 0.761 0.255 0.000 0.000 3.130 1.168 0.454 2.423 0.000 0.000 0.000 1.885 0.000 1.059 0.000 0.000 0.058 0.238 2.096 
0 test2fip_consistent right_hidden
2.235 1.400 1.640 0.126 0.000 0.277 0.000 1.283 0.760 0.000 0.000 0.100 0.702 1.312 0.000 0.000 0.000 0.111 0.976 0.072 
---
1 test2fip_inconsistent left_hidden
1.514 0.761 0.255 0.000 0.000 3.130 1.168 0.454 2.423 0.000 0.000 0.000 1.885 0.000 1.059 0.000 0.000 0.058 0.238 2.096 
1 test2fip_inconsistent right_hidden
2.661 2.008 1.313 0.000 0.000 3.399 0.000 0.078 2.487 0.000 0.000 0.052 2.911 0.560 0.394 0.000 0.000 0.018 0.860 1.576 
---
0 test2fip_consistent left_hidden
1.340 0.830 0.000 1.486 0.000 1.392 2.274 0.000 0.559 0.550 0.644 0.000 0.179 0.000 0.000 0.000 1.402 0.607 3.215 0.000 
0 test2fip_consistent right_hidden
0.195 0.000 1.466 1.044 0.130 0.000 2.167 0.258 1.771 1.248 0.070 0.000 0.278 0.000 0.000 0.149 1.258 0.000 0.185 0.000 
---
1 test2fip_inconsistent left_hidden
1.340 0.830 0.000 1.486 0.000 1.392 2.274 0.000 0.559 0.550 0.644 0.000 0.179 0.000 0.000 0.000 1.402 0.607 3.215 0.000 
1 test2fip_inconsistent right_hidden
1.665 0.000 0.787 2.530 0.000 0.407 4.046 0.087 1.628 1.356 0.710 0.000 0.000 0.000 0.000 0.000 1.290 0.000 2.890 0.000 
---
0 test2fip_consistent left_hidden
0.000 3.001 0.390 1.450 1.744 2.309 0.000 0.000 1.039 0.000 0.879 1.963 0.000 0.000 0.000 0.298 0.567 0.792 0.000 0.047 
0 test2fip_consistent right_hidden
0.960 0.350 1.598 0.811 1.266 0.000 0.000 0.000 2.031 0.000 0.084 0.035 0.000 0.025 0.000 2.465 1.074 0.000 0.000 0.028 
---
1 test2fip_inconsistent left_hidden
0.000 3.001 0.390 1.450 1.744 2.309 0.000 0.000 1.039 0.000 0.879 1.963 0.000 0.000 0.000 0.298 0.567 0.792 0.000 0.047 
1 test2fip_inconsistent right_hidden
0.000 1.727 0.841 1.801 2.172 1.208 0.000 0.000 3.086 0.000 2.175 2.019 0.000 0.000 0.000 1.995 0.743 0.064 0.000 0.000 
---
0 test2fip_consistent left_hidden
0.422 2.148 0.000 2.340 0.331 0.621 0.250 0.842 2.096 0.000 0.467 1.541 3.068 0.000 0.000 1.048 0.000 1.298 0.251 0.000 
0 test2fip_consistent right_hidden
0.773 0.139 0.000 0.000 0.184 2.481 0.697 0.000 0.864 0.000 1.733 0.000 0.467 0.000 0.000 0.434 0.000 0.065 1.756 0.909 
---
1 test2fip_inconsistent left_hidden
0.422 2.148 0.000 2.340 0.331 0.621 0.250 0.842 2.096 0.000 0.467 1.541 3.068 0.000 0.000 1.048 0.000 1.298 0.251 0.000 
1 test2fip_inconsistent right_hidden
1.894 0.676 0.000 1.738 0.000 2.180 0.592 1.114 2.049 0.000 2.332 0.889 3.041 0.000 0.000 1.350 0.000 0.983 1.454 0.433 
---
0 test2fip_consistent left_hidden
0.394 2.203 0.854 1.520 1.104 1.080 2.039 0.000 0.000 1.028 0.591 0.000 0.954 0.725 1.202 1.077 0.000 0.199 2.338 1.603 
0 test2fip_consistent right_hidden
0.000 0.000 0.898 1.152 2.204 0.007 0.270 0.000 0.430 2.245 0.057 0.000 0.000 0.311 0.853 0.000 0.000 0.000 0.177 0.720 
---
1 test2fip_inconsistent left_hidden
0.394 2.203 0.854 1.520 1.104 1.080 2.039 0.000 0.000 1.028 0.591 0.000 0.954 0.725 1.202 1.077 0.000 0.199 2.338 1.603 
1 test2fip_inconsistent right_hidden
0.065 0.768 1.012 1.507 2.528 1.260 1.792 0.000 1.044 2.053 1.117 0.000 0.437 0.135 0.837 0.638 0.018 0.000 2.693 2.493 
---
0 test2fip_consistent left_hidden
2.253 0.000 3.007 0.812 0.226 0.000 0.385 1.361 0.000 3.572 0.000 0.309 0.000 0.000 0.962 0.000 0.000 0.000 0.000 1.454 
0 test2fip_consistent right_hidden
0.539 0.131 0.443 0.327 0.308 0.000 0.131 0.000 0.000 1.227 2.679 3.198 0.000 0.038 0.231 0.013 0.000 0.000 0.000 0.666 
---
1 test2fip_inconsistent left_hidden
2.253 0.000 3.007 0.812 0.226 0.000 0.385 1.361 0.000 3.572 0.000 0.309 0.000 0.000 0.962 0.000 0.000 0.000 0.000 1.454 
1 test2fip_inconsistent right_hidden
2.683 0.000 3.047 0.837 1.447 0.000 0.089 0.346 0.000 3.522 1.578 3.280 0.000 0.000 1.058 0.000 0.000 0.000 0.000 0.102 
---
0 test2fip_consistent left_hidden
0.064 0.000 0.000 0.000 0.049 0.000 0.096 4.557 0.000 0.000 1.627 0.000 1.481 1.962 0.588 0.303 0.000 0.323 1.834 0.000 
0 test2fip_consistent right_hidden
0.000 1.287 0.000 0.000 0.466 0.147 1.444 0.000 0.000 0.000 0.109 0.000 1.977 1.864 1.808 1.670 0.000 0.000 1.252 0.689 
---
1 test2fip_inconsistent left_hidden
0.064 0.000 0.000 0.000 0.049 0.000 0.096 4.557 0.000 0.000 1.627 0.000 1.481 1.962 0.588 0.303 0.000 0.323 1.834 0.000 
1 test2fip_inconsistent right_hidden
0.178 0.492 0.000 0.000 0.000 0.089 0.659 2.800 0.000 0.000 2.741 0.000 3.627 2.717 0.902 0.008 0.000 0.023 1.248 0.675 
---
0 test2fip_consistent left_hidden
0.643 0.000 0.000 0.000 0.000 2.086 0.169 0.000 1.208 0.000 0.000 0.105 0.000 1.324 0.000 0.000 2.776 1.254 2.552 2.074 
0 test2fip_consistent right_hidden
0.215 0.000 0.053 0.835 0.000 0.000 2.056 0.000 0.870 0.000 0.636 1.693 0.006 1.965 0.000 0.000 0.226 0.648 0.152 1.195 
---
1 test2fip_inconsistent left_hidden
0.643 0.000 0.000 0.000 0.000 2.086 0.169 0.000 1.208 0.000 0.000 0.105 0.000 1.324 0.000 0.000 2.776 1.254 2.552 2.074 
1 test2fip_inconsistent right_hidden
1.518 0.000 0.000 0.230 0.000 1.272 2.061 0.000 0.000 0.000 0.259 1.023 0.000 2.430 0.000 0.000 2.489 1.216 2.084 3.792 
---
0 test2fip_consistent left_hidden
0.000 0.355 1.514 0.000 3.167 0.000 0.515 0.000 0.909 0.000 0.000 0.000 0.000 0.000 2.520 3.303 0.619 0.000 0.000 0.000 
0 test2fip_consistent right_hidden
0.000 2.365 0.198 2.207 1.081 1.574 0.096 0.000 0.106 0.054 0.000 0.000 0.000 0.000 0.802 2.146 0.475 0.000 0.136 0.000 
---
1 test2fip_inconsistent left_hidden
0.000 0.355 1.514 0.000 3.167 0.000 0.515 0.000 0.909 0.000 0.000 0.000 0.000 0.000 2.520 3.303 0.619 0.000 0.000 0.000 
1 test2fip_inconsistent right_hidden
0.000 1.766 2.718 1.043 3.304 1.583 0.000 0.000 0.891 0.000 0.082 0.000 0.000 0.000 2.455 3.582 0.000 0.000 0.000 0.000 
---
0 test2fip_consistent left_hidden
3.375 2.164 0.000 0.000 2.069 1.543 0.000 1.982 0.000 0.000 0.586 0.141 0.000 0.000 1.466 0.000 0.000 0.000 0.000 0.000 
0 test2fip_consistent right_hidden
3.688 0.496 0.035 0.000 0.000 1.525 0.000 0.000 0.000 0.000 0.018 0.044 0.000 0.000 1.574 0.000 0.000 0.000 0.000 0.000 
---
1 test2fip_inconsistent left_hidden
3.375 2.164 0.000 0.000 2.069 1.543 0.000 1.982 0.000 0.000 0.586 0.141 0.000 0.000 1.466 0.000 0.000 0.000 0.000 0.000 
1 test2fip_inconsistent right_hidden
4.697 2.620 0.000 0.000 1.969 1.836 0.000 1.670 0.000 0.000 0.000 0.000 0.000 0.000 2.564 0.042 0.501 0.000 0.000 0.000 
---
0 test2fip_consistent left_hidden
0.000 0.000 0.000 0.316 0.000 2.208 1.695 0.000 2.514 0.000 0.000 0.043 0.000 0.000 0.000 1.575 0.055 0.044 0.268 3.387 
0 test2fip_consistent right_hidden
1.617 0.009 0.000 1.233 0.000 0.989 0.160 0.480 0.609 1.321 1.429 0.901 0.409 0.000 1.257 0.992 0.038 1.188 0.545 0.351 
---
1 test2fip_inconsistent left_hidden
0.000 0.000 0.000 0.316 0.000 2.208 1.695 0.000 2.514 0.000 0.000 0.043 0.000 0.000 0.000 1.575 0.055 0.044 0.268 3.387 
1 test2fip_inconsistent right_hidden
1.146 0.000 0.000 1.861 0.000 3.042 1.634 0.000 3.207 0.588 1.132 0.429 0.119 0.000 0.680 0.823 0.084 1.799 1.014 1.833 
---
0 test2fip_consistent left_hidden
0.000 0.000 1.281 0.000 1.484 0.000 2.086 3.574 0.168 0.000 2.408 0.000 0.000 0.000 0.000 1.175 0.000 0.911 2.485 0.647 
0 test2fip_consistent right_hidden
0.000 0.079 0.762 0.000 0.057 0.191 0.430 1.572 2.609 0.239 0.081 0.000 0.310 0.000 0.000 1.302 0.000 0.353 0.088 2.598 
---
1 test2fip_inconsistent left_hidden
0.000 0.000 1.281 0.000 1.484 0.000 2.086 3.574 0.168 0.000 2.408 0.000 0.000 0.000 0.000 1.175 0.000 0.911 2.485 0.647 
1 test2fip_inconsistent right_hidden
0.000 0.000 1.388 0.000 2.083 1.237 1.053 4.065 2.172 0.000 2.280 0.000 0.000 0.000 0.000 0.263 0.000 1.893 0.000 2.199 
---
0 test2fip_consistent left_hidden
0.000 0.000 0.000 0.000 1.392 2.845 1.608 2.812 1.362 0.000 0.000 0.000 0.000 0.000 0.000 0.259 2.302 0.854 2.468 0.000 
0 test2fip_consistent right_hidden
0.000 0.000 2.248 1.868 1.160 0.034 2.045 0.000 1.386 1.046 0.000 0.025 0.000 0.000 0.000 0.103 0.089 0.000 1.224 0.000 
---
1 test2fip_inconsistent left_hidden
0.000 0.000 0.000 0.000 1.392 2.845 1.608 2.812 1.362 0.000 0.000 0.000 0.000 0.000 0.000 0.259 2.302 0.854 2.468 0.000 
1 test2fip_inconsistent right_hidden
0.000 0.000 2.180 1.455 2.874 1.275 3.220 1.911 2.773 0.225 0.000 0.000 0.000 0.000 0.000 0.627 2.703 0.481 1.767 0.000 
---
0 test2fip_consistent left_hidden
0.000 1.072 0.000 1.343 0.000 0.000 2.135 1.318 0.000 2.490 0.544 0.000 0.000 1.805 3.110 0.000 0.000 0.000 1.345 2.151 
0 test2fip_consistent right_hidden
0.000 1.846 0.000 0.000 0.000 0.985 0.103 1.452 0.289 0.168 2.703 0.310 0.000 0.563 0.647 0.307 1.128 0.000 0.705 0.122 
---
1 test2fip_inconsistent left_hidden
0.000 1.072 0.000 1.343 0.000 0.000 2.135 1.318 0.000 2.490 0.544 0.000 0.000 1.805 3.110 0.000 0.000 0.000 1.345 2.151 
1 test2fip_inconsistent right_hidden
0.000 1.994 0.000 0.000 0.000 0.833 2.123 0.306 0.000 2.309 3.401 0.000 0.000 1.658 2.154 0.000 0.580 0.000 0.910 2.379 
---
0 test2fip_consistent left_hidden
4.584 0.000 0.000 0.797 0.000 0.000 0.234 1.067 0.000 0.000 0.000 0.000 0.000 0.000 0.468 0.000 0.000 2.938 0.000 0.000 
0 test2fip_consistent right_hidden
0.800 0.000 0.000 3.753 0.000 0.000 0.293 0.000 0.101 0.486 0.000 0.000 0.916 0.000 0.319 0.000 0.016 1.102 0.079 0.000 
---
1 test2fip_inconsistent left_hidden
4.584 0.000 0.000 0.797 0.000 0.000 0.234 1.067 0.000 0.000 0.000 0.000 0.000 0.000 0.468 0.000 0.000 2.938 0.000 0.000 
1 test2fip_inconsistent right_hidden
3.374 0.000 0.000 3.115 1.134 0.000 0.121 0.000 0.000 0.000 0.000 0.000 0.614 0.000 1.251 0.000 0.000 4.422 0.000 0.000 
---
0 test2fip_consistent left_hidden
0.922 3.348 1.175 1.650 0.000 2.209 1.090 0.681 0.000 0.000 0.000 1.487 0.000 0.241 0.407 0.000 0.000 0.000 0.000 1.571 
0 test2fip_consistent right_hidden
0.165 1.195 2.063 0.737 0.000 0.263 0.837 3.116 0.000 0.000 0.000 0.824 0.575 0.411 0.000 0.000 0.000 0.000 0.000 0.000 
---
1 test2fip_inconsistent left_hidden
0.922 3.348 1.175 1.650 0.000 2.209 1.090 0.681 0.000 0.000 0.000 1.487 0.000 0.241 0.407 0.000 0.000 0.000 0.000 1.571 
1 test2fip_inconsistent right_hidden
0.303 3.435 2.003 3.370 0.000 2.250 0.834 2.363 0.000 0.000 0.000 1.322 0.963 0.238 0.213 0.000 0.000 0.000 0.000 0.073 
---
0 test2fip_consistent left_hidden
0.000 3.595 0.000 0.000 0.309 1.508 1.563 0.054 0.000 0.000 1.201 1.657 0.000 0.000 2.613 1.313 0.000 0.000 0.000 0.000 
0 test2fip_consistent right_hidden
0.811 0.140 0.013 1.248 0.386 0.000 0.335 0.209 0.000 0.000 1.692 1.976 1.318 0.309 0.000 1.691 0.000 0.000 0.000 0.000 
---
1 test2fip_inconsistent left_hidden
0.000 3.595 0.000 0.000 0.309 1.508 1.563 0.054 0.000 0.000 1.201 1.657 0.000 0.000 2.613 1.313 0.000 0.000 0.000 0.000 
1 test2fip_inconsistent right_hidden
0.487 3.966 0.218 0.842 0.000 1.095 0.938 0.000 0.000 0.000 2.202 2.491 1.433 0.068 1.277 2.752 0.000 0.000 0.000 0.000 
---
0 test2fip_consistent left_hidden
0.000 0.000 0.000 0.000 2.050 2.777 0.000 0.000 0.015 3.437 0.755 0.000 0.000 0.000 0.453 0.000 2.534 0.142 0.000 0.000 
0 test2fip_consistent right_hidden
0.000 0.000 0.000 0.000 2.204 0.185 0.000 0.000 0.000 0.524 0.917 0.000 0.000 0.000 0.000 0.000 2.096 2.793 0.000 0.000 
---
1 test2fip_inconsistent left_hidden
0.000 0.000 0.000 0.000 2.050 2.777 0.000 0.000 0.015 3.437 0.755 0.000 0.000 0.000 0.453 0.000 2.534 0.142 0.000 0.000 
1 test2fip_inconsistent right_hidden
0.000 0.000 0.000 0.000 4.017 2.446 0.000 0.000 0.000 3.132 2.342 0.000 0.065 0.000 0.000 0.000 0.942 1.789 0.000 0.000 
---
0 test2fip_consistent left_hidden
0.000 0.533 1.083 0.000 0.000 0.000 0.000 2.384 0.000 2.289 0.927 1.695 0.667 2.588 0.000 0.219 0.000 0.000 0.008 2.001 
0 test2fip_consistent right_hidden
0.000 1.332 2.171 0.000 0.250 0.000 0.089 0.100 1.632 0.351 2.298 1.492 0.213 0.000 0.000 1.059 0.000 0.200 0.000 0.160 
---
1 test2fip_inconsistent left_hidden
0.000 0.533 1.083 0.000 0.000 0.000 0.000 2.384 0.000 2.289 0.927 1.695 0.667 2.588 0.000 0.219 0.000 0.000 0.008 2.001 
1 test2fip_inconsistent right_hidden
0.000 1.085 3.675 0.000 0.000 0.000 0.000 2.433 0.714 1.816 2.772 1.981 1.369 0.551 0.000 0.814 0.000 0.000 0.000 2.505 
---
0 test2fip_consistent left_hidden
2.279 0.050 0.000 0.000 0.526 0.000 0.004 1.569 0.559 0.867 0.000 0.418 3.396 0.000 2.759 0.000 0.000 0.049 0.546 0.000 
0 test2fip_consistent right_hidden
0.059 1.031 0.000 0.000 0.017 0.000 3.014 0.000 0.775 0.017 0.844 0.000 0.615 0.000 0.292 0.000 0.132 0.125 1.893 0.059 
---
1 test2fip_inconsistent left_hidden
2.279 0.050 0.000 0.000 0.526 0.000 0.004 1.569 0.559 0.867 0.000 0.418 3.396 0.000 2.759 0.000 0.000 0.049 0.546 0.000 
1 test2fip_inconsistent right_hidden
0.501 0.802 0.502 1.304 0.849 0.116 2.799 0.031 2.185 1.296 0.176 0.049 2.272 0.000 2.801 0.000 1.329 0.000 2.412 0.000 
---
0 test2fip_consistent left_hidden
0.000 0.000 0.000 0.307 0.127 2.508 0.011 0.034 1.666 0.000 3.678 0.000 1.686 1.831 0.000 0.298 0.289 0.506 0.944 0.000 
0 test2fip_consistent right_hidden
2.028 0.000 0.000 0.303 0.059 0.157 0.054 0.000 0.000 0.016 1.882 0.000 2.549 0.000 0.000 0.016 1.505 0.288 0.209 1.204 
---
1 test2fip_inconsistent left_hidden
0.000 0.000 0.000 0.307 0.127 2.508 0.011 0.034 1.666 0.000 3.678 0.000 1.686 1.831 0.000 0.298 0.289 0.506 0.944 0.000 
1 test2fip_inconsistent right_hidden
1.758 0.000 0.000 0.162 0.000 1.728 0.000 0.000 1.071 0.000 4.799 0.000 2.553 1.930 0.000 0.014 0.836 1.676 0.114 0.873 
---
0 test2fip_consistent left_hidden
0.009 1.446 0.696 0.128 0.000 0.110 1.720 0.000 0.342 0.459 0.566 2.785 0.000 0.000 0.000 1.160 0.268 3.087 0.000 2.339 
0 test2fip_consistent right_hidden
0.000 1.702 0.000 0.011 0.000 0.853 0.803 0.000 0.000 0.404 1.794 0.000 1.578 0.000 0.581 1.093 1.746 0.643 0.000 0.000 
---
1 test2fip_inconsistent left_hidden
0.009 1.446 0.696 0.128 0.000 0.110 1.720 0.000 0.342 0.459 0.566 2.785 0.000 0.000 0.000 1.160 0.268 3.087 0.000 2.339 
1 test2fip_inconsistent right_hidden
0.000 3.442 0.000 0.000 0.000 0.224 1.674 0.000 0.000 1.437 0.730 2.113 0.750 0.000 0.000 0.393 1.547 2.845 0.000 1.945 
---
0 test2fip_consistent left_hidden
3.888 2.556 0.000 0.000 0.943 0.000 1.333 2.471 0.000 0.000 0.000 0.000 0.484 0.000 0.000 0.293 0.000 0.000 0.657 1.401 
0 test2fip_consistent right_hidden
0.214 0.000 0.000 0.131 0.000 0.040 2.710 0.000 0.000 0.018 0.000 0.000 0.000 0.000 0.000 2.909 0.126 0.000 0.000 1.389 
---
1 test2fip_inconsistent left_hidden
3.888 2.556 0.000 0.000 0.943 0.000 1.333 2.471 0.000 0.000 0.000 0.000 0.484 0.000 0.000 0.293 0.000 0.000 0.657 1.401 
1 test2fip_inconsistent right_hidden
2.563 0.193 0.000 0.000 0.413 0.000 3.844 2.425 0.000 0.000 0.000 0.000 1.402 0.000 0.000 1.830 0.781 0.000 0.000 1.952 
---
0 test2fip_consistent left_hidden
0.000 0.000 0.000 0.204 0.684 0.000 0.418 2.481 0.573 0.000 2.852 0.314 0.000 0.689 1.406 3.519 0.000 0.257 0.355 0.223 
0 test2fip_consistent right_hidden
0.614 0.000 0.075 0.519 0.000 0.000 1.412 0.160 0.005 0.322 0.755 0.217 0.247 0.588 0.000 0.390 0.000 1.348 1.875 2.465 
---
1 test2fip_inconsistent left_hidden
0.000 0.000 0.000 0.204 0.684 0.000 0.418 2.481 0.573 0.000 2.852 0.314 0.000 0.689 1.406 3.519 0.000 0.257 0.355 0.223 
1 test2fip_inconsistent right_hidden
0.799 0.000 0.000 0.192 0.040 0.000 1.201 1.179 1.473 0.084 3.157 1.153 0.257 0.347 0.504 2.807 0.000 1.091 1.633 2.099 
---
0 test2fip_consistent left_hidden
0.120 0.804 0.000 0.000 2.421 1.161 2.384 1.541 0.000 0.969 0.000 0.000 0.000 1.586 0.172 3.638 1.025 0.269 0.000 0.000 
0 test2fip_consistent right_hidden
2.541 0.508 0.000 0.000 1.525 0.048 0.105 0.321 0.000 0.234 0.000 2.100 0.000 0.342 0.000 0.938 0.000 1.216 0.000 0.000 
---
1 test2fip_inconsistent left_hidden
0.120 0.804 0.000 0.000 2.421 1.161 2.384 1.541 0.000 0.969 0.000 0.000 0.000 1.586 0.172 3.638 1.025 0.269 0.000 0.000 
1 test2fip_inconsistent right_hidden
2.496 1.278 0.000 0.000 1.424 0.612 0.510 1.570 0.000 1.574 0.000 1.163 0.000 1.206 0.000 4.386 0.000 1.061 0.000 0.000 
---
0 test2fip_consistent left_hidden
0.000 0.201 0.357 0.000 0.698 2.009 2.657 0.000 3.253 0.000 0.000 0.000 1.513 1.177 0.000 0.000 0.000 0.066 0.000 0.023 
0 test2fip_consistent right_hidden
1.740 0.000 0.000 0.000 0.863 1.670 0.262 0.000 0.423 1.704 0.000 0.000 0.029 0.821 1.604 0.337 3.073 0.000 0.789 0.022 
---
1 test2fip_inconsistent left_hidden
0.000 0.201 0.357 0.000 0.698 2.009 2.657 0.000 3.253 0.000 0.000 0.000 1.513 1.177 0.000 0.000 0.000 0.066 0.000 0.023 
1 test2fip_inconsistent right_hidden
0.391 0.000 0.000 0.000 0.588 3.341 3.297 0.000 2.616 0.880 0.000 0.000 1.051 2.157 1.699 0.202 2.376 0.000 0.060 0.000 
---
0 test2fip_consistent left_hidden
0.000 0.923 0.000 1.182 1.681 0.610 1.326 0.000 0.511 1.986 0.590 0.000 2.171 0.350 0.000 0.000 0.973 2.327 1.614 0.000 
0 test2fip_consistent right_hidden
0.000 0.422 0.183 1.164 2.017 1.839 0.288 0.000 0.059 0.109 1.493 0.138 0.000 0.066 0.000 0.199 0.803 1.481 0.000 0.018 
---
1 test2fip_inconsistent left_hidden
0.000 0.923 0.000 1.182 1.681 0.610 1.326 0.000 0.511 1.986 0.590 0.000 2.171 0.350 0.000 0.000 0.973 2.327 1.614 0.000 
1 test2fip_inconsistent right_hidden
0.000 0.000 0.000 1.025 2.459 1.077 0.611 0.000 0.000 2.603 1.256 0.000 1.814 1.094 0.000 0.298 1.737 3.855 0.000 0.000 
---
0 test2fip_consistent left_hidden
0.000 0.000 0.874 0.000 0.000 0.039 0.000 0.018 0.198 0.413 0.000 2.620 1.885 1.895 2.842 0.412 1.954 0.611 0.026 0.457 
0 test2fip_consistent right_hidden
0.000 0.155 1.001 0.000 1.852 1.419 0.000 0.000 0.000 2.057 0.000 0.438 0.221 0.113 0.072 0.490 1.679 0.621 1.653 0.123 
---
1 test2fip_inconsistent left_hidden
0.000 0.000 0.874 0.000 0.000 0.039 0.000 0.018 0.198 0.413 0.000 2.620 1.885 1.895 2.842 0.412 1.954 0.611 0.026 0.457 
1 test2fip_inconsistent right_hidden
0.000 0.000 2.317 0.000 1.134 1.439 0.243 0.000 0.000 2.398 0.000 3.084 2.380 1.425 1.611 0.574 2.048 0.961 1.133 0.640 
---
0 test2fip_consistent left_hidden
0.000 0.660 1.323 0.000 1.051 0.011 0.000 0.971 0.000 0.000 1.339 0.000 3.094 0.000 2.002 1.358 0.000 0.216 2.753 0.000 
0 test2fip_consistent right_hidden
0.000 2.498 0.949 0.000 0.101 0.000 0.000 1.260 0.000 0.000 0.000 0.000 0.000 1.562 0.000 2.334 0.634 2.461 0.325 0.542 
---
1 test2fip_inconsistent left_hidden
0.000 0.660 1.323 0.000 1.051 0.011 0.000 0.971 0.000 0.000 1.339 0.000 3.094 0.000 2.002 1.358 0.000 0.216 2.753 0.000 
1 test2fip_inconsistent right_hidden
0.010 2.625 2.099 0.000 1.951 0.000 0.000 0.905 0.000 0.000 0.000 0.000 2.986 1.605 1.786 3.163 1.403 1.329 1.186 0.096 
---
0 test2fip_consistent left_hidden
0.000 0.713 1.817 2.036 0.000 0.000 0.343 0.000 0.000 0.207 0.490 0.000 0.288 4.059 1.325 0.000 0.000 1.110 0.000 0.790 
0 test2fip_consistent right_hidden
1.212 0.379 0.579 1.632 0.028 0.000 0.080 1.740 0.484 1.355 0.000 0.000 1.684 0.573 0.643 0.138 0.000 0.136 0.024 2.165 
---
1 test2fip_inconsistent left_hidden
0.000 0.713 1.817 2.036 0.000 0.000 0.343 0.000 0.000 0.207 0.490 0.000 0.288 4.059 1.325 0.000 0.000 1.110 0.000 0.790 
1 test2fip_inconsistent right_hidden
1.093 0.072 1.773 2.566 0.000 0.000 0.397 0.474 0.300 0.862 1.300 0.000 0.940 3.398 0.793 0.550 0.000 0.388 0.000 3.543 
---
0 test2fip_consistent left_hidden
1.914 0.409 3.205 0.119 0.403 0.001 0.035 0.523 0.000 0.000 0.000 0.000 0.000 0.000 2.612 0.279 0.000 2.239 0.262 1.263 
0 test2fip_consistent right_hidden
0.129 0.702 0.725 2.778 0.962 0.214 1.177 0.256 1.661 0.000 0.000 0.489 0.000 0.172 1.533 0.204 0.000 0.751 0.343 0.916 
---
1 test2fip_inconsistent left_hidden
1.914 0.409 3.205 0.119 0.403 0.001 0.035 0.523 0.000 0.000 0.000 0.000 0.000 0.000 2.612 0.279 0.000 2.239 0.262 1.263 
1 test2fip_inconsistent right_hidden
2.270 0.776 3.761 1.839 0.441 0.000 1.088 0.000 1.555 0.000 0.000 0.158 0.000 0.000 3.428 0.531 0.000 2.149 0.000 1.200 
---
0 test2fip_consistent left_hidden
0.000 0.990 0.113 0.550 1.191 0.000 1.715 0.497 1.287 0.000 0.000 0.000 2.662 0.000 1.509 0.000 0.000 2.157 2.876 0.023 
0 test2fip_consistent right_hidden
0.000 1.451 0.306 1.709 0.145 0.408 0.000 2.287 0.049 0.046 0.001 0.000 0.041 1.009 1.399 0.000 0.000 1.982 0.114 0.000 
---
1 test2fip_inconsistent left_hidden
0.000 0.990 0.113 0.550 1.191 0.000 1.715 0.497 1.287 0.000 0.000 0.000 2.662 0.000 1.509 0.000 0.000 2.157 2.876 0.023 
1 test2fip_inconsistent right_hidden
0.000 2.642 0.000 1.357 0.401 0.000 1.933 1.730 0.668 0.000 0.000 0.000 3.262 0.539 1.864 0.000 0.000 2.791 0.987 0.000 
---
0 test2fip_consistent left_hidden
3.712 0.000 0.273 0.000 0.000 0.000 0.012 0.000 0.571 1.793 0.114 0.000 0.000 0.501 0.131 2.540 0.000 0.195 0.000 2.140 
0 test2fip_consistent right_hidden
0.760 0.235 0.000 0.513 0.000 0.000 0.008 0.000 0.000 0.921 0.869 0.000 0.000 1.358 0.487 0.289 1.542 2.724 0.000 2.200 
---
1 test2fip_inconsistent left_hidden
3.712 0.000 0.273 0.000 0.000 0.000 0.012 0.000 0.571 1.793 0.114 0.000 0.000 0.501 0.131 2.540 0.000 0.195 0.000 2.140 
1 test2fip_inconsistent right_hidden
4.144 0.068 0.000 0.000 0.000 0.000 0.090 0.000 0.350 2.800 0.000 0.000 0.085 0.889 0.366 1.997 1.447 1.685 0.000 2.207 
---
0 test2fip_consistent left_hidden
0.000 0.000 0.574 1.847 1.387 0.000 1.507 1.649 3.565 0.000 0.000 0.447 0.000 1.851 0.000 0.000 0.000 0.000 2.321 0.000 
0 test2fip_consistent right_hidden
0.000 0.000 1.621 0.000 2.160 0.945 2.135 0.000 0.602 0.014 0.000 0.010 0.000 1.610 0.000 0.000 0.357 0.059 0.581 0.000 
---
1 test2fip_inconsistent left_hidden
0.000 0.000 0.574 1.847 1.387 0.000 1.507 1.649 3.565 0.000 0.000 0.447 0.000 1.851 0.000 0.000 0.000 0.000 2.321 0.000 
1 test2fip_inconsistent right_hidden
0.000 0.000 1.151 2.054 2.347 0.304 2.946 2.734 3.038 0.000 0.000 0.000 0.000 1.591 0.000 0.000 0.000 0.000 1.301 0.000 
---
0 test2fip_consistent left_hidden
0.462 0.000 0.000 0.000 0.134 1.826 0.607 0.912 0.098 0.990 0.484 3.855 1.400 0.151 0.000 1.086 0.000 2.050 0.000 0.000 
0 test2fip_consistent right_hidden
0.000 0.459 0.000 0.601 0.798 0.000 0.090 2.909 0.000 0.144 0.258 0.725 0.000 0.017 0.000 0.070 0.000 1.925 0.000 0.012 
---
1 test2fip_inconsistent left_hidden
0.462 0.000 0.000 0.000 0.134 1.826 0.607 0.912 0.098 0.990 0.484 3.855 1.400 0.151 0.000 1.086 0.000 2.050 0.000 0.000 
1 test2fip_inconsistent right_hidden
0.698 0.320 0.000 0.228 0.830 1.434 0.509 2.845 0.000 1.353 0.923 3.531 0.000 0.000 0.000 1.832 0.000 3.112 0.000 0.000 
---
0 test2fip_consistent left_hidden
0.022 0.000 0.000 1.339 1.885 1.439 0.000 0.000 2.326 1.933 0.000 0.000 0.000 0.000 2.528 0.000 0.001 0.000 1.262 2.686 
0 test2fip_consistent right_hidden
0.744 0.000 0.000 0.225 0.000 0.032 0.000 0.022 1.673 3.119 0.000 0.000 0.011 0.000 0.871 1.438 0.605 0.000 0.216 0.204 
---
1 test2fip_inconsistent left_hidden
0.022 0.000 0.000 1.339 1.885 1.439 0.000 0.000 2.326 1.933 0.000 0.000 0.000 0.000 2.528 0.000 0.001 0.000 1.262 2.686 
1 test2fip_inconsistent right_hidden
1.609 0.000 0.000 0.983 1.419 0.000 0.000 0.000 2.882 2.924 0.000 0.000 0.000 0.000 2.971 0.895 0.191 0.000 2.076 1.787 
---
0 test2fip_consistent left_hidden
0.000 2.173 0.941 2.047 0.948 2.343 1.921 0.661 3.089 0.000 1.549 0.000 0.000 0.000 0.459 0.000 0.263 0.220 0.711 0.123 
0 test2fip_consistent right_hidden
0.000 0.000 0.556 0.000 0.148 0.709 0.000 0.878 1.894 0.000 2.360 1.542 0.000 0.000 0.085 0.000 1.621 0.938 0.000 0.436 
---
1 test2fip_inconsistent left_hidden
0.000 2.173 0.941 2.047 0.948 2.343 1.921 0.661 3.089 0.000 1.549 0.000 0.000 0.000 0.459 0.000 0.263 0.220 0.711 0.123 
1 test2fip_inconsistent right_hidden
0.000 2.249 0.531 0.891 1.020 2.571 0.000 2.055 3.428 0.000 1.697 1.053 0.000 0.000 0.971 0.000 1.550 1.457 0.000 0.055 
---
0 test2fip_consistent left_hidden
0.000 2.901 1.139 0.000 1.614 0.590 0.000 1.152 0.900 1.148 0.654 0.000 1.835 1.032 0.238 1.608 0.000 1.908 1.633 0.363 
0 test2fip_consistent right_hidden
0.063 0.189 0.000 0.049 0.115 0.044 0.000 1.387 1.540 0.755 1.676 0.000 0.000 0.344 1.063 0.632 0.000 0.142 2.182 0.000 
---
1 test2fip_inconsistent left_hidden
0.000 2.901 1.139 0.000 1.614 0.590 0.000 1.152 0.900 1.148 0.654 0.000 1.835 1.032 0.238 1.608 0.000 1.908 1.633 0.363 
1 test2fip_inconsistent right_hidden
0.000 2.592 0.000 0.031 1.908 0.000 0.000 1.541 0.966 1.690 1.217 0.000 1.871 0.867 0.780 1.077 0.000 2.240 2.938 0.000 
---
0 test2fip_consistent left_hidden
2.739 0.341 0.000 0.364 0.000 0.885 1.360 0.241 0.777 0.496 1.093 0.000 0.000 0.000 1.123 2.221 1.736 1.594 1.310 1.100 
0 test2fip_consistent right_hidden
0.000 0.041 0.000 0.098 0.000 1.888 1.422 0.000 1.413 2.037 0.077 0.000 0.000 0.000 0.000 2.259 0.441 0.481 0.016 0.000 
---
1 test2fip_inconsistent left_hidden
2.739 0.341 0.000 0.364 0.000 0.885 1.360 0.241 0.777 0.496 1.093 0.000 0.000 0.000 1.123 2.221 1.736 1.594 1.310 1.100 
1 test2fip_inconsistent right_hidden
1.957 0.707 0.000 0.934 0.000 2.140 2.650 0.000 2.384 1.416 2.244 0.006 0.000 0.000 0.409 2.537 1.516 1.263 1.141 1.055 
---
0 test2fip_consistent left_hidden
0.751 0.000 1.921 0.067 0.000 0.000 0.262 1.277 0.000 1.337 0.000 0.000 0.137 4.404 1.590 0.000 0.000 0.000 0.096 0.743 
0 test2fip_consistent right_hidden
1.371 0.000 2.875 0.030 0.000 0.439 0.000 1.336 1.435 0.115 0.000 0.000 0.020 0.164 0.478 0.000 1.113 0.000 0.810 0.831 
---
1 test2fip_inconsistent left_hidden
0.751 0.000 1.921 0.067 0.000 0.000 0.262 1.277 0.000 1.337 0.000 0.000 0.137 4.404 1.590 0.000 0.000 0.000 0.096 0.743 
1 test2fip_inconsistent right_hidden
0.611 0.000 2.991 0.000 0.000 0.523 0.000 2.589 1.199 1.525 0.000 0.011 0.000 2.951 1.819 0.000 2.007 0.000 1.291 1.887 
---
0 test2fip_consistent left_hidden
1.020 1.158 2.622 1.226 0.004 0.000 2.185 0.000 2.459 1.410 0.461 0.000 0.621 0.000 1.353 0.328 0.082 0.000 1.887 0.000 
0 test2fip_consistent right_hidden
0.955 0.000 0.327 0.000 0.000 0.000 0.644 0.125 0.927 0.071 0.000 0.000 2.033 0.000 1.168 2.239 0.173 1.131 1.107 1.250 
---
1 test2fip_inconsistent left_hidden
1.020 1.158 2.622 1.226 0.004 0.000 2.185 0.000 2.459 1.410 0.461 0.000 0.621 0.000 1.353 0.328 0.082 0.000 1.887 0.000 
1 test2fip_inconsistent right_hidden
1.166 0.802 2.699 0.078 0.000 0.000 1.327 0.000 3.187 1.322 1.001 0.000 1.224 0.000 1.052 1.587 0.094 0.241 3.344 1.005 
---
0 test2fip_consistent left_hidden
0.000 0.274 0.000 1.285 2.805 1.109 0.390 0.026 0.000 0.000 2.862 0.342 1.373 0.000 0.272 1.836 0.000 1.232 1.049 0.000 
0 test2fip_consistent right_hidden
0.000 0.000 0.000 0.000 0.000 0.891 1.658 0.936 0.000 0.000 0.228 0.000 3.110 1.909 0.304 0.179 0.014 0.742 0.558 0.000 
---
1 test2fip_inconsistent left_hidden
0.000 0.274 0.000 1.285 2.805 1.109 0.390 0.026 0.000 0.000 2.862 0.342 1.373 0.000 0.272 1.836 0.000 1.232 1.049 0.000 
1 test2fip_inconsistent right_hidden
0.000 1.697 0.000 0.000 1.294 1.898 1.168 1.041 0.000 0.000 2.015 0.000 3.535 1.570 1.205 2.694 0.000 1.005 2.472 0.000 
---
0 test2fip_consistent left_hidden
1.230 0.391 0.605 0.000 2.736 1.026 0.148 1.429 0.000 0.000 0.997 0.742 2.181 0.000 1.334 0.395 0.032 0.000 0.473 2.528 
0 test2fip_consistent right_hidden
0.094 0.187 0.737 2.277 1.338 0.000 0.765 0.000 0.484 1.089 0.092 0.739 0.957 0.000 0.310 0.000 0.675 1.838 0.750 0.173 
---
1 test2fip_inconsistent left_hidden
1.230 0.391 0.605 0.000 2.736 1.026 0.148 1.429 0.000 0.000 0.997 0.742 2.181 0.000 1.334 0.395 0.032 0.000 0.473 2.528 
1 test2fip_inconsistent right_hidden
1.659 0.000 0.538 1.028 3.611 0.000 0.762 0.000 0.511 0.804 0.975 0.633 2.777 0.000 1.444 0.000 1.847 1.505 1.144 1.447 
---
0 test2fip_consistent left_hidden
0.000 0.946 0.000 0.465 0.000 1.171 0.000 0.323 0.000 2.171 1.062 1.576 0.000 0.000 4.347 0.000 0.000 1.096 0.000 0.000 
0 test2fip_consistent right_hidden
0.045 0.403 1.551 1.269 0.035 0.077 0.000 1.346 0.852 0.672 0.000 0.000 0.319 0.034 0.226 0.000 0.000 1.087 2.654 0.000 
---
1 test2fip_inconsistent left_hidden
0.000 0.946 0.000 0.465 0.000 1.171 0.000 0.323 0.000 2.171 1.062 1.576 0.000 0.000 4.347 0.000 0.000 1.096 0.000 0.000 
1 test2fip_inconsistent right_hidden
0.000 1.492 1.903 0.971 0.000 0.388 0.000 1.149 0.310 2.066 0.000 0.000 0.098 1.050 4.263 0.000 0.000 1.003 2.825 0.000 
---
0 test2fip_consistent left_hidden
0.010 0.000 0.000 1.957 1.336 2.676 1.876 0.721 0.630 0.000 0.000 0.085 1.708 0.000 0.000 0.891 1.748 0.000 0.096 2.134 
0 test2fip_consistent right_hidden
0.170 0.000 0.000 0.442 0.301 0.000 0.293 0.563 0.000 0.134 0.000 0.000 1.794 2.279 0.000 0.457 0.125 0.000 1.597 1.914 
---
1 test2fip_inconsistent left_hidden
0.010 0.000 0.000 1.957 1.336 2.676 1.876 0.721 0.630 0.000 0.000 0.085 1.708 0.000 0.000 0.891 1.748 0.000 0.096 2.134 
1 test2fip_inconsistent right_hidden
0.000 0.000 0.000 2.214 1.138 2.091 2.361 0.593 0.409 0.020 0.000 0.000 2.065 2.107 0.000 1.820 1.617 0.000 1.408 2.291 
---
0 test2fip_consistent left_hidden
1.557 1.720 0.000 0.083 1.236 0.000 0.000 0.000 0.000 0.662 0.000 0.984 0.000 0.940 0.000 3.527 0.000 0.353 0.000 2.411 
0 test2fip_consistent right_hidden
1.840 0.006 0.064 0.172 0.075 0.915 0.000 0.000 0.000 0.326 1.685 0.031 0.469 0.185 0.000 0.438 0.000 0.933 2.006 1.497 
---
1 test2fip_inconsistent left_hidden
1.557 1.720 0.000 0.083 1.236 0.000 0.000 0.000 0.000 0.662 0.000 0.984 0.000 0.940 0.000 3.527 0.000 0.353 0.000 2.411 
1 test2fip_inconsistent right_hidden
2.671 0.370 0.000 0.839 0.347 0.508 0.000 0.000 0.000 2.068 0.688 0.000 0.375 1.236 0.000 3.293 0.000 0.947 1.128 3.466 
---
0 test2fip_consistent left_hidden
0.929 2.327 3.875 0.041 0.000 0.000 0.017 0.000 0.000 0.000 0.000 0.000 0.000 0.000 1.461 0.000 0.000 0.000 1.616 1.641 
0 test2fip_consistent right_hidden
0.188 0.272 1.369 0.000 2.030 1.107 0.000 0.429 0.000 0.000 0.023 0.000 0.017 0.143 0.186 0.000 0.000 0.215 0.133 3.203 
---
1 test2fip_inconsistent left_hidden
0.929 2.327 3.875 0.041 0.000 0.000 0.017 0.000 0.000 0.000 0.000 0.000 0.000 0.000 1.461 0.000 0.000 0.000 1.616 1.641 
1 test2fip_inconsistent right_hidden
1.850 0.605 4.462 0.000 1.605 0.000 0.000 0.000 0.000 0.000 0.000 0.000 0.000 0.006 2.211 0.000 0.000 1.304 1.055 3.362 
---
0 test2fip_consistent left_hidden
0.000 0.000 1.292 0.000 0.000 1.429 0.000 3.306 2.948 0.000 1.261 0.000 0.000 0.019 0.545 1.302 1.219 0.420 0.000 0.966 
0 test2fip_consistent right_hidden
0.022 1.748 1.371 0.000 0.000 0.007 0.303 0.917 1.508 0.000 0.116 0.000 0.019 0.737 0.062 0.003 1.209 2.639 0.000 0.000 
---
1 test2fip_inconsistent left_hidden
0.000 0.000 1.292 0.000 0.000 1.429 0.000 3.306 2.948 0.000 1.261 0.000 0.000 0.019 0.545 1.302 1.219 0.420 0.000 0.966 
1 test2fip_inconsistent right_hidden
0.000 1.592 2.167 0.000 1.465 0.697 0.105 3.704 2.271 0.000 0.474 0.000 0.000 0.246 0.383 0.698 1.431 1.448 0.000 0.842 
---
0 test2fip_consistent left_hidden
0.205 1.191 0.449 0.000 1.110 0.707 0.000 0.000 0.538 0.000 0.458 0.000 0.761 0.000 0.380 2.534 0.000 0.119 4.025 0.000 
0 test2fip_consistent right_hidden
0.391 0.110 0.550 0.798 1.238 1.426 0.000 0.108 0.384 0.098 0.187 0.009 0.047 2.392 1.395 0.189 0.757 0.104 1.155 0.000 
---
1 test2fip_inconsistent left_hidden
0.205 1.191 0.449 0.000 1.110 0.707 0.000 0.000 0.538 0.000 0.458 0.000 0.761 0.000 0.380 2.534 0.000 0.119 4.025 0.000 
1 test2fip_inconsistent right_hidden
0.284 1.142 1.632 1.359 2.271 0.994 0.000 0.100 0.143 0.000 0.000 0.175 0.000 1.544 1.929 2.845 0.000 0.327 3.833 0.000 
---
0 test2fip_consistent left_hidden
1.518 1.353 1.960 2.442 0.173 0.000 0.000 1.168 0.913 0.000 0.000 0.000 0.325 0.000 1.537 2.519 1.577 1.201 0.320 0.385 
0 test2fip_consistent right_hidden
1.331 1.133 0.212 0.058 1.603 2.048 0.795 0.019 0.057 0.000 0.000 0.000 1.498 0.000 0.068 1.015 0.230 1.062 0.100 0.078 
---
1 test2fip_inconsistent left_hidden
1.518 1.353 1.960 2.442 0.173 0.000 0.000 1.168 0.913 0.000 0.000 0.000 0.325 0.000 1.537 2.519 1.577 1.201 0.320 0.385 
1 test2fip_inconsistent right_hidden
2.201 2.011 2.637 2.229 1.322 1.508 0.000 0.277 0.000 0.000 0.000 0.000 1.023 0.000 1.750 2.658 0.942 1.598 0.680 0.000 
---
0 test2fip_consistent left_hidden
0.850 0.000 1.837 2.478 1.988 0.456 0.000 0.166 0.000 0.000 0.000 1.589 0.000 0.761 2.256 0.333 0.438 0.000 2.089 1.186 
0 test2fip_consistent right_hidden
0.084 0.000 1.666 0.126 0.895 0.852 0.000 0.139 0.000 0.000 0.969 0.202 0.000 0.990 1.458 0.000 0.569 1.855 1.602 0.000 
---
1 test2fip_inconsistent left_hidden
0.850 0.000 1.837 2.478 1.988 0.456 0.000 0.166 0.000 0.000 0.000 1.589 0.000 0.761 2.256 0.333 0.438 0.000 2.089 1.186 
1 test2fip_inconsistent right_hidden
1.710 0.000 2.385 2.175 1.381 0.891 0.000 0.559 0.000 0.000 0.853 1.475 0.000 1.308 2.433 0.000 0.947 1.676 3.354 0.000 
---
0 test2fip_consistent left_hidden
0.000 0.000 0.728 0.000 0.475 0.000 0.000 3.694 0.525 0.893 0.000 0.000 0.049 1.130 1.578 1.987 1.390 1.647 1.555 0.000 
0 test2fip_consistent right_hidden
2.106 0.000 1.740 0.000 0.507 0.000 0.000 0.164 0.047 0.109 0.505 0.403 1.101 0.000 0.647 0.109 1.939 0.488 1.526 0.501 
---
1 test2fip_inconsistent left_hidden
0.000 0.000 0.728 0.000 0.475 0.000 0.000 3.694 0.525 0.893 0.000 0.000 0.049 1.130 1.578 1.987 1.390 1.647 1.555 0.000 
1 test2fip_inconsistent right_hidden
1.124 0.000 2.240 0.000 0.301 0.000 0.000 3.039 0.000 0.801 0.000 0.486 1.356 0.000 2.112 0.004 0.912 2.555 2.734 0.604 
---
0 test2fip_consistent left_hidden
0.634 0.000 0.239 1.617 1.765 0.000 0.631 0.296 2.825 0.568 0.547 0.695 0.069 0.114 0.000 0.000 1.245 0.506 1.434 3.164 
0 test2fip_consistent right_hidden
0.000 0.000 0.000 0.047 0.101 0.418 0.000 1.907 0.233 0.941 0.596 2.777 0.741 1.138 0.000 0.058 0.610 0.000 0.147 0.100 
---
1 test2fip_inconsistent left_hidden
0.634 0.000 0.239 1.617 1.765 0.000 0.631 0.296 2.825 0.568 0.547 0.695 0.069 0.114 0.000 0.000 1.245 0.506 1.434 3.164 
1 test2fip_inconsistent right_hidden
0.000 0.000 0.000 1.377 0.647 0.004 0.000 1.292 2.548 1.021 1.430 3.373 0.589 2.246 0.000 0.000 1.362 0.234 0.283 2.356 
---
0 test2fip_consistent left_hidden
1.231 0.000 0.000 0.000 0.132 1.488 0.000 0.000 0.000 0.000 0.529 0.000 0.000 3.286 2.726 0.319 2.370 0.000 0.000 0.059 
0 test2fip_consistent right_hidden
2.535 1.315 0.000 0.749 1.099 0.493 0.000 1.109 0.000 0.022 1.116 0.000 0.000 2.000 0.113 0.000 0.088 0.000 0.015 0.276 
---
1 test2fip_inconsistent left_hidden
1.231 0.000 0.000 0.000 0.132 1.488 0.000 0.000 0.000 0.000 0.529 0.000 0.000 3.286 2.726 0.319 2.370 0.000 0.000 0.059 
1 test2fip_inconsistent right_hidden
2.020 1.148 0.000 0.000 0.936 2.927 0.000 0.729 0.000 0.000 0.506 0.000 0.000 4.495 1.466 0.000 1.934 0.000 0.000 0.000 
---
0 test2fip_consistent left_hidden
0.000 1.057 0.472 0.000 0.199 0.251 1.235 0.000 0.000 2.478 0.000 0.000 0.068 0.000 1.632 2.887 0.000 2.549 0.759 1.388 
0 test2fip_consistent right_hidden
0.000 1.029 2.640 0.000 1.497 1.117 0.523 1.312 0.000 1.092 0.000 0.000 1.268 0.000 0.309 0.823 0.000 1.915 0.170 0.000 
---
1 test2fip_inconsistent left_hidden
0.000 1.057 0.472 0.000 0.199 0.251 1.235 0.000 0.000 2.478 0.000 0.000 0.068 0.000 1.632 2.887 0.000 2.549 0.759 1.388 
1 test2fip_inconsistent right_hidden
0.000 2.834 3.124 0.000 0.790 1.218 1.504 1.322 0.021 1.233 0.000 0.000 1.015 0.000 1.748 2.385 0.000 2.579 0.892 2.178 
---
0 test2fip_consistent left_hidden
0.103 0.469 0.048 0.000 1.843 0.000 1.611 2.024 0.000 0.191 0.231 0.000 0.000 0.000 2.456 1.410 0.000 0.000 3.978 0.368 
0 test2fip_consistent right_hidden
2.429 0.757 0.000 0.010 1.839 0.000 0.152 0.000 0.000 0.951 0.033 0.000 1.241 2.066 0.000 0.000 0.828 0.000 0.671 0.936 
---
1 test2fip_inconsistent left_hidden
0.103 0.469 0.048 0.000 1.843 0.000 1.611 2.024 0.000 0.191 0.231 0.000 0.000 0.000 2.456 1.410 0.000 0.000 3.978 0.368 
1 test2fip_inconsistent right_hidden
1.585 0.000 0.000 0.000 2.197 0.000 1.861 0.000 0.000 1.614 0.165 0.000 1.246 0.736 0.000 0.000 0.515 0.000 4.692 0.573 
---
0 test2fip_consistent left_hidden
0.000 0.000 0.994 0.000 1.044 1.500 1.297 0.881 3.582 0.000 0.000 0.000 2.389 0.117 1.400 0.007 0.000 0.444 2.595 0.000 
0 test2fip_consistent right_hidden
0.000 0.000 0.000 0.071 0.000 0.782 0.000 0.468 0.578 2.601 0.000 0.000 0.067 1.640 0.000 0.000 0.000 1.721 2.223 0.000 
---
1 test2fip_inconsistent left_hidden
0.000 0.000 0.994 0.000 1.044 1.500 1.297 0.881 3.582 0.000 0.000 0.000 2.389 0.117 1.400 0.007 0.000 0.444 2.595 0.000 
1 test2fip_inconsistent right_hidden
0.000 0.000 0.409 0.000 0.000 1.791 0.377 0.471 3.539 1.631 0.000 0.000 1.706 1.477 0.804 0.000 0.000 3.360 2.292 0.000 
---
0 test2fip_consistent left_hidden
1.486 0.000 0.000 0.000 0.000 0.888 0.084 0.000 1.793 0.000 1.557 0.000 0.000 0.000 3.323 0.000 0.127 0.937 2.567 2.255 
0 test2fip_consistent right_hidden
0.038 0.000 2.247 0.045 1.189 0.067 0.000 0.141 0.145 1.080 1.672 1.393 0.414 0.963 0.066 0.057 0.000 1.189 0.044 1.222 
---
1 test2fip_inconsistent left_hidden
1.486 0.000 0.000 0.000 0.000 0.888 0.084 0.000 1.793 0.000 1.557 0.000 0.000 0.000 3.323 0.000 0.127 0.937 2.567 2.255 
1 test2fip_inconsistent right_hidden
0.905 0.000 1.659 0.000 0.578 0.234 0.000 0.000 2.289 0.124 2.929 1.179 1.422 0.394 2.614 0.000 0.265 1.536 0.104 2.844 
---
0 test2fip_consistent left_hidden
0.000 0.289 3.041 2.411 1.295 0.006 0.000 0.170 0.011 0.000 0.000 0.025 2.019 0.000 0.000 2.106 1.824 0.825 0.000 0.000 
0 test2fip_consistent right_hidden
0.000 0.000 1.926 0.107 1.948 1.304 0.289 0.000 0.000 1.884 0.000 0.110 0.109 0.000 1.632 0.729 0.194 0.066 0.000 0.000 
---
1 test2fip_inconsistent left_hidden
0.000 0.289 3.041 2.411 1.295 0.006 0.000 0.170 0.011 0.000 0.000 0.025 2.019 0.000 0.000 2.106 1.824 0.825 0.000 0.000 
1 test2fip_inconsistent right_hidden
0.000 0.962 3.401 2.329 3.745 0.515 0.000 0.000 0.000 0.409 0.000 0.000 0.973 0.000 0.724 2.150 2.129 0.942 0.000 0.000 
---
0 test2fip_consistent left_hidden
0.039 0.369 0.000 0.021 0.575 0.910 1.164 0.989 0.000 0.000 1.422 0.000 2.333 1.103 2.312 0.000 2.072 0.577 1.379 1.394 
0 test2fip_consistent right_hidden
0.055 0.871 0.000 0.000 0.018 0.913 0.076 0.394 0.000 1.279 0.890 0.073 0.077 0.000 0.247 0.000 0.485 1.943 2.340 0.198 
---
1 test2fip_inconsistent left_hidden
0.039 0.369 0.000 0.021 0.575 0.910 1.164 0.989 0.000 0.000 1.422 0.000 2.333 1.103 2.312 0.000 2.072 0.577 1.379 1.394 
1 test2fip_inconsistent right_hidden
0.004 0.363 0.000 0.000 0.794 0.499 1.192 1.404 0.000 0.667 2.531 0.000 2.129 0.784 1.867 0.000 1.903 1.624 2.985 0.801 
---
0 test2fip_consistent left_hidden
1.094 0.000 0.000 1.288 0.444 0.886 0.000 2.485 0.000 0.000 0.000 0.000 0.428 1.280 1.362 0.046 1.714 0.000 3.633 0.000 
0 test2fip_consistent right_hidden
2.510 0.000 0.157 0.033 0.000 0.000 0.000 0.829 0.000 0.000 0.000 0.000 2.730 0.993 0.029 0.120 1.743 0.000 0.185 0.000 
---
1 test2fip_inconsistent left_hidden
1.094 0.000 0.000 1.288 0.444 0.886 0.000 2.485 0.000 0.000 0.000 0.000 0.428 1.280 1.362 0.046 1.714 0.000 3.633 0.000 
1 test2fip_inconsistent right_hidden
2.471 0.000 0.000 0.000 0.000 0.274 0.000 4.513 0.000 0.000 0.000 0.000 1.957 0.419 0.009 0.009 2.168 0.000 2.835 0.000 
---
0 test2fip_consistent left_hidden
0.000 0.844 0.000 0.000 0.000 0.000 0.142 0.000 0.146 0.000 0.000 0.002 2.659 1.200 0.568 0.000 0.000 0.003 4.405 0.702 
0 test2fip_consistent right_hidden
0.000 0.142 0.000 0.000 0.000 0.000 0.000 0.874 2.343 0.000 0.000 0.036 2.115 0.698 2.466 0.000 0.000 0.000 0.000 0.000 
---
1 test2fip_inconsistent left_hidden
0.000 0.844 0.000 0.000 0.000 0.000 0.142 0.000 0.146 0.000 0.000 0.002 2.659 1.200 0.568 0.000 0.000 0.003 4.405 0.702 
1 test2fip_inconsistent right_hidden
0.000 0.807 0.000 0.000 0.000 0.249 0.000 0.811 2.302 0.000 0.000 0.059 4.804 2.489 1.185 0.000 0.000 0.000 2.025 0.077 
---
0 test2fip_consistent left_hidden
0.000 0.083 0.000 0.000 0.000 1.963 0.077 0.406 2.336 0.000 0.000 0.000 0.000 3.011 0.000 0.000 0.000 0.404 1.012 3.102 
0 test2fip_consistent right_hidden
0.000 0.000 0.000 0.000 0.013 0.429 0.554 3.415 0.047 0.000 0.000 0.122 0.019 0.177 0.463 0.000 0.000 0.450 0.040 1.956 
---
1 test2fip_inconsistent left_hidden
0.000 0.083 0.000 0.000 0.000 1.963 0.077 0.406 2.336 0.000 0.000 0.000 0.000 3.011 0.000 0.000 0.000 0.404 1.012 3.102 
1 test2fip_inconsistent right_hidden
0.000 0.000 0.000 0.000 0.119 2.304 1.250 2.491 2.368 0.000 0.000 0.000 0.000 0.424 0.688 0.000 0.000 1.529 0.725 3.832 
---
0 test2fip_consistent left_hidden
0.513 0.000 0.286 0.000 2.823 0.841 0.040 0.000 0.000 0.526 0.762 0.029 0.000 2.890 2.980 0.000 2.144 0.317 0.000 0.000 
0 test2fip_consistent right_hidden
0.855 0.063 0.000 0.031 1.334 0.000 0.060 0.008 0.025 2.314 0.000 0.000 0.610 1.367 1.794 0.000 0.115 1.909 0.000 0.629 
---
1 test2fip_inconsistent left_hidden
0.513 0.000 0.286 0.000 2.823 0.841 0.040 0.000 0.000 0.526 0.762 0.029 0.000 2.890 2.980 0.000 2.144 0.317 0.000 0.000 
1 test2fip_inconsistent right_hidden
1.357 0.000 0.000 0.000 2.824 0.000 0.000 0.000 0.000 1.508 0.295 0.000 0.545 2.871 2.976 0.000 3.337 1.401 0.000 0.332 
---
0 test2fip_consistent left_hidden
2.490 0.319 0.000 3.430 0.000 0.504 0.000 0.000 0.694 2.082 0.000 0.000 0.000 1.316 0.000 0.676 0.000 1.201 0.000 1.119 
0 test2fip_consistent right_hidden
0.210 0.091 0.000 1.078 0.035 0.465 0.000 0.000 2.631 0.817 1.748 0.000 1.223 1.596 0.899 0.052 0.000 0.000 0.020 0.149 
---
1 test2fip_inconsistent left_hidden
2.490 0.319 0.000 3.430 0.000 0.504 0.000 0.000 0.694 2.082 0.000 0.000 0.000 1.316 0.000 0.676 0.000 1.201 0.000 1.119 
1 test2fip_inconsistent right_hidden
1.591 0.115 0.000 3.061 0.533 2.059 0.000 0.000 2.469 2.104 1.029 0.000 0.569 3.533 0.884 0.558 0.000 0.000 0.030 1.235 
---
0 test2fip_consistent left_hidden
2.168 0.201 0.000 0.453 0.000 0.195 0.275 0.000 0.791 3.525 0.000 0.187 2.124 0.000 0.607 2.062 0.000 0.000 0.000 1.962 
0 test2fip_consistent right_hidden
1.962 0.588 0.000 2.222 0.000 2.061 0.778 0.470 0.000 0.283 0.000 0.000 0.628 0.441 0.189 0.646 0.000 0.000 0.000 2.055 
---
1 test2fip_inconsistent left_hidden
2.168 0.201 0.000 0.453 0.000 0.195 0.275 0.000 0.791 3.525 0.000 0.187 2.124 0.000 0.607 2.062 0.000 0.000 0.000 1.962 
1 test2fip_inconsistent right_hidden
2.948 0.578 0.000 1.431 0.000 0.998 0.518 0.000 0.000 3.327 0.000 0.000 0.000 0.132 1.705 1.383 0.000 0.000 0.000 3.934 
---
0 test2fip_consistent left_hidden
1.614 0.986 3.303 1.313 0.000 0.000 0.000 0.185 3.118 0.000 0.000 0.000 0.831 0.005 0.000 0.000 1.565 0.000 0.838 0.000 
0 test2fip_consistent right_hidden
1.159 0.000 0.911 0.134 2.591 0.000 0.000 1.117 0.130 0.000 0.000 0.680 0.189 0.000 0.000 0.000 2.912 0.000 0.102 0.000 
---
1 test2fip_inconsistent left_hidden
1.614 0.986 3.303 1.313 0.000 0.000 0.000 0.185 3.118 0.000 0.000 0.000 0.831 0.005 0.000 0.000 1.565 0.000 0.838 0.000 
1 test2fip_inconsistent right_hidden
3.650 0.348 2.178 1.632 1.413 0.000 0.000 0.196 2.159 0.000 0.000 0.000 0.905 0.000 0.000 0.000 4.565 0.000 0.000 0.000 
---
0 test2fip_consistent left_hidden
0.000 0.000 0.000 0.000 1.709 1.897 0.388 1.323 0.000 2.425 0.000 0.300 0.966 0.000 0.155 1.074 1.338 1.033 3.201 1.530 
0 test2fip_consistent right_hidden
0.749 0.000 0.000 1.584 0.194 0.013 1.847 0.867 0.000 0.497 0.176 0.014 0.040 1.827 0.000 1.408 0.057 0.238 0.146 0.487 
---
1 test2fip_inconsistent left_hidden
0.000 0.000 0.000 0.000 1.709 1.897 0.388 1.323 0.000 2.425 0.000 0.300 0.966 0.000 0.155 1.074 1.338 1.033 3.201 1.530 
1 test2fip_inconsistent right_hidden
0.006 0.000 0.000 0.599 2.148 0.802 1.337 2.004 0.021 2.173 0.098 0.000 0.563 1.124 0.000 2.473 0.496 0.492 2.378 1.973 
---
0 test2fip_consistent left_hidden
1.695 1.595 0.000 0.113 3.205 1.661 0.000 0.000 0.000 1.132 0.234 0.000 1.316 0.000 0.000 0.000 0.000 0.000 2.961 0.273 
0 test2fip_consistent right_hidden
0.000 1.746 0.000 0.000 0.002 0.078 0.000 1.972 0.000 0.000 1.427 0.000 1.705 0.000 0.000 0.000 0.414 0.000 1.494 0.298 
---
1 test2fip_inconsistent left_hidden
1.695 1.595 0.000 0.113 3.205 1.661 0.000 0.000 0.000 1.132 0.234 0.000 1.316 0.000 0.000 0.000 0.000 0.000 2.961 0.273 
1 test2fip_inconsistent right_hidden
1.322 3.523 0.000 0.037 2.305 1.233 0.000 0.000 0.000 1.153 0.603 0.000 1.978 0.000 0.000 0.138 0.404 1.169 3.373 0.504 
---
0 test2fip_consistent left_hidden
1.445 0.000 2.048 0.000 0.000 0.000 0.000 1.054 0.222 1.921 0.000 0.000 1.446 0.000 1.734 0.000 0.107 3.392 0.000 1.665 
0 test2fip_consistent right_hidden
0.000 2.177 0.149 0.000 0.000 0.068 0.000 0.053 1.748 0.268 0.252 0.000 0.015 0.000 0.099 0.000 0.000 2.370 0.000 1.074 
---
1 test2fip_inconsistent left_hidden
1.445 0.000 2.048 0.000 0.000 0.000 0.000 1.054 0.222 1.921 0.000 0.000 1.446 0.000 1.734 0.000 0.107 3.392 0.000 1.665 
1 test2fip_inconsistent right_hidden
0.000 1.411 1.903 0.000 0.000 0.000 0.000 1.537 1.350 2.023 0.000 0.000 1.291 0.000 0.543 0.000 0.000 3.768 0.000 3.054 
---
0 test2fip_consistent left_hidden
0.930 0.000 0.360 0.000 0.119 3.159 0.008 0.417 0.000 0.000 0.000 2.735 1.965 0.118 0.000 0.891 0.000 1.434 0.000 1.972 
0 test2fip_consistent right_hidden
0.044 0.000 0.000 0.012 0.119 1.420 0.371 3.224 0.000 0.000 0.000 0.000 0.198 0.873 0.000 0.329 0.212 0.184 0.000 1.835 
---
1 test2fip_inconsistent left_hidden
0.930 0.000 0.360 0.000 0.119 3.159 0.008 0.417 0.000 0.000 0.000 2.735 1.965 0.118 0.000 0.891 0.000 1.434 0.000 1.972 
1 test2fip_inconsistent right_hidden
0.000 0.000 0.166 0.000 0.000 3.450 0.177 2.407 0.000 0.000 0.000 1.985 1.517 0.574 0.000 0.751 0.039 1.907 0.000 3.490 
---
0 test2fip_consistent left_hidden
1.161 3.025 0.229 0.707 2.596 0.000 0.885 0.369 0.000 0.457 0.280 0.000 0.000 1.063 0.000 2.406 0.938 0.829 0.076 1.054 
0 test2fip_consistent right_hidden
1.092 0.161 1.404 0.534 0.699 0.048 1.170 0.224 0.186 0.582 2.996 0.000 0.000 0.082 0.000 0.163 0.000 0.870 0.122 0.217 
---
1 test2fip_inconsistent left_hidden
1.161 3.025 0.229 0.707 2.596 0.000 0.885 0.369 0.000 0.457 0.280 0.000 0.000 1.063 0.000 2.406 0.938 0.829 0.076 1.054 
1 test2fip_inconsistent right_hidden
0.472 2.158 1.544 1.676 2.422 0.000 2.555 0.364 0.000 0.374 2.863 0.000 0.000 0.975 0.000 1.438 0.702 1.137 0.000 1.252 
---
0 test2fip_consistent left_hidden
0.236 0.450 0.000 0.000 1.217 0.569 0.000 2.065 1.066 1.909 0.000 2.543 0.000 1.870 2.416 1.495 0.000 0.000 0.000 0.000 
0 test2fip_consistent right_hidden
0.756 0.999 0.563 0.000 0.101 0.000 0.000 0.232 0.138 1.247 0.000 0.833 0.000 1.509 1.223 1.202 0.000 0.000 3.172 0.000 
---
1 test2fip_inconsistent left_hidden
0.236 0.450 0.000 0.000 1.217 0.569 0.000 2.065 1.066 1.909 0.000 2.543 0.000 1.870 2.416 1.495 0.000 0.000 0.000 0.000 
1 test2fip_inconsistent right_hidden
0.985 1.085 0.407 0.000 1.230 0.000 0.000 2.286 1.553 2.501 0.000 3.156 0.000 2.065 3.138 1.602 0.000 0.000 2.122 0.000 
---
0 test2fip_consistent left_hidden
1.887 0.843 1.590 0.000 2.623 0.237 0.000 0.000 0.000 0.000 2.979 0.000 1.706 0.000 1.610 0.000 0.000 0.000 0.000 0.000 
0 test2fip_consistent right_hidden
3.256 0.357 0.601 0.161 0.031 0.546 0.000 1.697 0.000 0.000 0.427 0.131 0.038 0.000 0.128 0.020 0.000 0.012 1.204 0.109 
---
1 test2fip_inconsistent left_hidden
1.887 0.843 1.590 0.000 2.623 0.237 0.000 0.000 0.000 0.000 2.979 0.000 1.706 0.000 1.610 0.000 0.000 0.000 0.000 0.000 
1 test2fip_inconsistent right_hidden
4.236 0.616 1.694 1.893 1.887 0.277 0.000 0.610 0.000 0.000 3.174 0.000 1.871 0.000 0.679 0.000 0.016 0.000 0.286 0.000 
---
0 test2fip_consistent left_hidden
0.000 0.000 1.054 0.000 1.480 0.000 0.000 3.409 0.000 0.775 0.536 0.670 2.728 0.000 0.000 0.000 0.832 0.000 2.333 1.349 
0 test2fip_consistent right_hidden
0.000 0.127 0.191 0.000 2.803 0.000 0.000 0.291 1.306 0.055 0.102 0.000 0.000 0.518 0.000 0.101 2.366 0.000 1.202 0.540 
---
1 test2fip_inconsistent left_hidden
0.000 0.000 1.054 0.000 1.480 0.000 0.000 3.409 0.000 0.775 0.536 0.670 2.728 0.000 0.000 0.000 0.832 0.000 2.333 1.349 
1 test2fip_inconsistent right_hidden
0.000 0.553 0.382 0.000 2.687 0.000 0.000 2.456 0.427 0.000 0.046 0.000 3.109 0.000 0.000 0.000 2.126 0.000 2.855 0.519 
---
0 test2fip_consistent left_hidden
0.000 0.000 1.934 2.058 0.870 0.000 1.174 0.000 3.722 1.238 1.347 0.000 0.000 1.016 0.000 0.321 0.000 1.439 0.000 0.000 
0 test2fip_consistent right_hidden
0.000 0.678 0.076 0.082 0.000 2.081 0.575 0.000 2.792 0.000 1.089 1.686 0.025 0.591 0.000 0.445 0.174 0.000 0.000 0.022 
---
1 test2fip_inconsistent left_hidden
0.000 0.000 1.934 2.058 0.870 0.000 1.174 0.000 3.722 1.238 1.347 0.000 0.000 1.016 0.000 0.321 0.000 1.439 0.000 0.000 
1 test2fip_inconsistent right_hidden
0.000 0.393 0.885 1.737 1.936 1.651 1.036 0.000 4.615 1.276 1.005 1.064 0.000 0.762 0.000 0.315 0.000 1.441 0.000 0.000 
---
0 test2fip_consistent left_hidden
0.000 1.553 0.000 0.957 3.701 0.106 1.834 0.000 0.757 0.000 0.188 1.616 0.069 0.189 1.453 0.000 0.113 0.000 0.156 0.000 
0 test2fip_consistent right_hidden
0.000 2.006 0.000 0.471 0.405 0.000 0.221 1.639 0.349 0.345 2.409 0.003 0.400 0.000 2.061 0.607 0.082 0.000 0.000 0.000 
---
1 test2fip_inconsistent left_hidden
0.000 1.553 0.000 0.957 3.701 0.106 1.834 0.000 0.757 0.000 0.188 1.616 0.069 0.189 1.453 0.000 0.113 0.000 0.156 0.000 
1 test2fip_inconsistent right_hidden
0.000 3.177 0.000 1.238 2.945 0.000 1.852 0.390 0.638 0.309 1.881 1.462 0.215 0.000 3.926 0.008 0.831 0.000 0.313 0.000 
---
