0 test1dax_consistent left_hidden
0.000 1.233 1.751 0.000 0.055 0.127 0.000 1.644 0.099 0.000 0.628 0.000 0.000 0.591 0.205 0.345 1.289 1.095 0.163 0.000 
0 test1dax_consistent right_hidden
1.247 0.311 3.493 0.000 1.403 0.998 1.589 0.000 0.504 0.000 0.000 3.152 0.000 1.646 1.568 3.346 1.787 0.000 0.000 0.651 
---
1 test1dax_inconsistent left_hidden
0.000 1.233 1.751 0.000 0.055 0.127 0.000 1.644 0.099 0.000 0.628 0.000 0.000 0.591 0.205 0.345 1.289 1.095 0.163 0.000 
1 test1dax_inconsistent right_hidden
0.799 0.410 0.871 0.314 0.303 0.606 0.794 0.942 0.066 0.000 0.000 1.020 0.000 0.829 1.250 0.721 0.399 0.000 0.000 0.489 
---
0 test1dax_consistent left_hidden
0.688 0.302 1.425 0.175 0.000 0.543 0.965 0.000 0.000 0.715 1.670 0.783 1.198 0.000 0.687 0.383 0.000 0.000 0.324 0.161 
0 test1dax_consistent right_hidden
3.305 0.000 0.000 0.000 0.000 0.398 0.000 0.362 0.073 1.081 0.884 0.581 0.000 0.000 0.000 0.042 0.000 0.000 5.105 3.193 
---
1 test1dax_inconsistent left_hidden
0.688 0.302 1.425 0.175 0.000 0.543 0.965 0.000 0.000 0.715 1.670 0.783 1.198 0.000 0.687 0.383 0.000 0.000 0.324 0.161 
1 test1dax_inconsistent right_hidden
0.915 0.000 0.277 0.000 0.000 0.000 0.000 0.314 0.454 0.729 0.000 0.834 0.104 0.000 1.132 0.292 0.000 0.000 1.507 1.270 
---
0 test1dax_consistent left_hidden
0.000 0.654 0.291 0.000 0.000 2.118 0.000 0.000 0.000 0.000 0.877 0.000 0.140 0.469 0.000 0.031 2.488 0.114 0.000 0.105 
0 test1dax_consistent right_hidden
0.423 0.000 0.000 1.036 0.000 0.016 1.795 0.000 2.158 0.000 2.040 0.000 2.921 4.325 0.000 2.775 0.604 0.000 0.000 1.420 
---
1 test1dax_inconsistent left_hidden
0.000 0.654 0.291 0.000 0.000 2.118 0.000 0.000 0.000 0.000 0.877 0.000 0.140 0.469 0.000 0.031 2.488 0.114 0.000 0.105 
1 test1dax_inconsistent right_hidden
0.000 0.000 0.000 0.000 0.000 0.320 0.890 0.042 0.597 0.000 1.028 0.216 2.237 1.553 0.000 1.085 0.553 0.000 0.000 0.000 
---
0 test1dax_consistent left_hidden
0.446 1.707 0.000 0.224 0.766 0.000 0.994 0.238 0.582 0.261 1.247 0.000 0.259 1.515 1.200 0.016 0.000 0.923 0.615 0.672 
0 test1dax_consistent right_hidden
0.000 4.350 0.000 3.082 0.000 1.390 0.000 0.014 0.378 0.000 0.989 1.383 0.000 2.138 1.010 0.035 2.476 0.000 0.000 1.230 
---
1 test1dax_inconsistent left_hidden
0.446 1.707 0.000 0.224 0.766 0.000 0.994 0.238 0.582 0.261 1.247 0.000 0.259 1.515 1.200 0.016 0.000 0.923 0.615 0.672 
1 test1dax_inconsistent right_hidden
0.000 0.970 0.000 1.241 0.000 0.615 0.530 0.000 0.000 0.237 0.701 0.674 0.000 0.973 0.000 0.722 0.488 0.000 0.456 0.783 
---
0 test1dax_consistent left_hidden
0.116 1.972 0.044 0.021 0.000 0.000 1.240 0.000 0.955 0.255 0.175 0.000 1.253 0.000 0.000 0.068 0.416 0.927 0.948 0.923 
0 test1dax_consistent right_hidden
1.450 1.030 0.872 2.815 0.086 0.000 0.592 2.759 0.000 1.712 0.000 0.843 3.427 0.613 0.000 0.000 3.233 0.000 0.000 0.000 
---
1 test1dax_inconsistent left_hidden
0.116 1.972 0.044 0.021 0.000 0.000 1.240 0.000 0.955 0.255 0.175 0.000 1.253 0.000 0.000 0.068 0.416 0.927 0.948 0.923 
1 test1dax_inconsistent right_hidden
0.509 0.395 0.382 0.976 0.000 0.000 0.859 0.697 0.000 0.580 0.016 0.246 0.860 0.613 0.000 0.000 1.284 0.135 0.000 0.000 
---
0 test1dax_consistent left_hidden
0.000 0.638 1.306 0.076 0.000 0.581 0.000 0.095 1.274 0.000 0.000 0.108 0.000 0.141 0.078 2.231 0.000 0.000 0.000 0.111 
0 test1dax_consistent right_hidden
0.000 0.009 1.105 5.093 0.000 0.000 0.000 3.448 0.068 1.266 0.000 0.000 0.000 0.000 0.000 3.245 0.000 1.014 0.000 0.000 
---
1 test1dax_inconsistent left_hidden
0.000 0.638 1.306 0.076 0.000 0.581 0.000 0.095 1.274 0.000 0.000 0.108 0.000 0.141 0.078 2.231 0.000 0.000 0.000 0.111 
1 test1dax_inconsistent right_hidden
0.000 0.218 0.000 2.824 0.000 0.205 0.000 0.454 0.778 0.965 0.000 0.242 0.000 0.468 0.000 0.800 0.000 0.731 0.000 0.000 
---
0 test1dax_consistent left_hidden
1.358 0.000 0.671 1.831 0.000 0.378 0.191 0.640 1.060 0.876 0.000 0.586 0.000 0.000 0.747 0.000 0.220 0.007 1.006 0.923 
0 test1dax_consistent right_hidden
0.000 0.000 0.733 0.169 0.000 3.051 5.431 0.377 2.431 0.000 0.000 0.000 0.000 0.000 0.000 0.000 0.000 0.000 1.195 0.856 
---
1 test1dax_inconsistent left_hidden
1.358 0.000 0.671 1.831 0.000 0.378 0.191 0.640 1.060 0.876 0.000 0.586 0.000 0.000 0.747 0.000 0.220 0.007 1.006 0.923 
1 test1dax_inconsistent right_hidden
0.426 0.000 0.017 0.140 0.000 1.546 1.316 0.851 1.674 0.578 0.000 0.066 0.000 0.000 0.000 0.000 0.000 0.000 0.969 0.567 
---
0 test1dax_consistent left_hidden
0.440 1.100 0.000 1.034 0.590 0.521 0.098 0.745 0.230 1.214 1.253 0.919 0.080 0.224 1.199 0.000 0.000 1.205 0.147 0.444 
0 test1dax_consistent right_hidden
3.351 0.000 0.000 2.043 0.753 2.612 0.063 3.068 0.000 1.347 1.876 0.199 0.000 0.000 0.000 0.470 0.000 2.762 0.029 1.271 
---
1 test1dax_inconsistent left_hidden
0.440 1.100 0.000 1.034 0.590 0.521 0.098 0.745 0.230 1.214 1.253 0.919 0.080 0.224 1.199 0.000 0.000 1.205 0.147 0.444 
1 test1dax_inconsistent right_hidden
0.872 0.000 0.000 1.271 0.000 0.472 0.316 1.418 0.000 0.251 0.845 0.749 0.000 0.000 0.374 0.000 0.094 0.805 0.434 0.435 
---
0 test1dax_consistent left_hidden
1.777 1.640 0.118 1.592 0.000 0.000 0.000 0.000 0.910 0.000 0.367 1.328 0.000 0.000 0.000 0.000 0.189 0.014 0.000 0.000 
0 test1dax_consistent right_hidden
0.184 0.000 0.000 0.823 0.000 1.457 0.000 0.000 1.177 0.000 0.000 3.112 0.000 0.000 4.147 0.308 1.521 0.000 0.000 3.524 
---
1 test1dax_inconsistent left_hidden
1.777 1.640 0.118 1.592 0.000 0.000 0.000 0.000 0.910 0.000 0.367 1.328 0.000 0.000 0.000 0.000 0.189 0.014 0.000 0.000 
1 test1dax_inconsistent right_hidden
0.380 0.000 0.000 0.946 0.087 0.197 0.065 0.000 0.457 0.000 0.000 0.433 0.000 0.079 1.223 0.549 0.836 0.018 0.080 1.696 
---
0 test1dax_consistent left_hidden
0.000 0.000 1.314 0.000 0.000 0.250 0.000 0.000 0.104 1.218 0.000 0.000 1.156 0.353 0.155 0.345 1.921 1.258 1.830 0.000 
0 test1dax_consistent right_hidden
0.000 0.000 3.632 0.000 0.000 0.000 0.201 0.000 1.675 1.700 0.000 1.026 0.013 1.962 0.606 0.494 3.707 3.200 0.079 0.000 
---
1 test1dax_inconsistent left_hidden
0.000 0.000 1.314 0.000 0.000 0.250 0.000 0.000 0.104 1.218 0.000 0.000 1.156 0.353 0.155 0.345 1.921 1.258 1.830 0.000 
1 test1dax_inconsistent right_hidden
0.000 0.000 0.713 0.000 0.000 0.000 0.115 0.000 1.279 1.362 0.000 0.000 0.151 0.796 0.318 0.716 1.083 0.916 0.642 0.185 
---
0 test1dax_consistent left_hidden
0.974 1.539 0.715 1.372 0.029 0.352 0.771 0.499 0.175 0.293 0.271 0.890 0.000 1.067 0.000 1.151 0.317 0.448 0.000 0.704 
0 test1dax_consistent right_hidden
0.357 2.001 0.000 0.931 0.000 0.798 0.066 0.027 0.111 2.657 0.320 0.016 0.000 2.309 0.000 0.000 0.602 4.654 0.000 3.048 
---
1 test1dax_inconsistent left_hidden
0.974 1.539 0.715 1.372 0.029 0.352 0.771 0.499 0.175 0.293 0.271 0.890 0.000 1.067 0.000 1.151 0.317 0.448 0.000 0.704 
1 test1dax_inconsistent right_hidden
0.163 0.324 0.003 0.574 0.000 0.655 0.000 0.166 0.704 1.269 0.171 0.591 0.140 1.021 0.000 0.000 0.637 1.498 0.000 0.616 
---
0 test1dax_consistent left_hidden
0.588 0.000 0.748 1.148 1.128 0.000 0.253 0.020 0.000 0.000 0.540 0.000 0.809 0.000 1.132 0.223 1.727 1.179 0.115 0.000 
0 test1dax_consistent right_hidden
4.219 1.563 0.000 2.089 0.584 1.398 2.438 0.000 0.000 0.000 0.000 1.564 1.919 1.126 2.431 0.000 0.000 0.000 0.000 0.000 
---
1 test1dax_inconsistent left_hidden
0.588 0.000 0.748 1.148 1.128 0.000 0.253 0.020 0.000 0.000 0.540 0.000 0.809 0.000 1.132 0.223 1.727 1.179 0.115 0.000 
1 test1dax_inconsistent right_hidden
1.277 1.012 0.062 0.241 0.958 0.547 0.838 0.000 0.020 0.000 0.726 0.393 0.536 0.264 1.183 0.000 0.377 0.291 0.000 0.000 
---
0 test1dax_consistent left_hidden
1.074 0.000 2.389 0.000 0.974 0.000 0.283 0.630 0.100 0.497 0.000 0.046 0.411 0.154 0.966 0.645 0.001 0.000 0.118 0.159 
0 test1dax_consistent right_hidden
0.000 1.474 5.294 0.000 0.000 0.000 0.000 0.087 0.000 1.354 0.000 0.009 2.565 0.000 2.546 0.000 0.000 0.000 0.000 0.000 
---
1 test1dax_inconsistent left_hidden
1.074 0.000 2.389 0.000 0.974 0.000 0.283 0.630 0.100 0.497 0.000 0.046 0.411 0.154 0.966 0.645 0.001 0.000 0.118 0.159 
1 test1dax_inconsistent right_hidden
0.530 1.017 1.019 0.000 0.000 0.000 0.000 0.445 0.000 1.262 0.000 0.203 1.163 0.000 0.782 0.000 0.000 0.000 0.000 0.000 
---
0 test1dax_consistent left_hidden
0.000 1.328 0.000 0.000 0.000 0.040 0.614 0.000 0.000 0.000 2.671 0.000 0.753 0.000 0.464 0.763 0.000 0.434 1.266 0.803 
0 test1dax_consistent right_hidden
0.000 0.000 2.161 0.000 1.440 0.000 1.125 0.000 0.287 0.956 0.648 0.000 0.055 0.866 1.277 3.550 1.114 4.176 1.706 0.000 
---
1 test1dax_inconsistent left_hidden
0.000 1.328 0.000 0.000 0.000 0.040 0.614 0.000 0.000 0.000 2.671 0.000 0.753 0.000 0.464 0.763 0.000 0.434 1.266 0.803 
1 test1dax_inconsistent right_hidden
0.000 0.000 0.277 0.000 0.133 0.000 0.000 0.000 0.247 0.596 0.753 0.085 0.000 0.000 0.839 0.946 0.965 1.480 0.464 0.073 
---
0 test1dax_consistent left_hidden
0.000 0.000 0.004 0.000 0.266 0.000 1.887 0.393 0.000 0.588 1.180 1.764 0.022 0.000 0.959 0.473 0.000 0.000 0.000 0.746 
0 test1dax_consistent right_hidden
2.040 0.800 2.563 0.000 0.000 0.000 1.824 0.061 0.000 4.043 0.000 1.903 1.850 0.000 0.000 2.369 0.045 1.144 0.000 0.531 
---
1 test1dax_inconsistent left_hidden
0.000 0.000 0.004 0.000 0.266 0.000 1.887 0.393 0.000 0.588 1.180 1.764 0.022 0.000 0.959 0.473 0.000 0.000 0.000 0.746 
1 test1dax_inconsistent right_hidden
0.434 0.035 0.748 0.210 0.000 0.066 1.048 0.000 0.009 1.535 0.107 0.573 0.578 0.000 0.245 0.230 0.000 1.047 0.000 0.178 
---
0 test1dax_consistent left_hidden
0.146 0.690 1.406 0.080 0.000 0.255 1.478 0.167 0.659 0.125 0.000 1.191 0.306 1.594 0.776 0.558 0.064 0.000 0.361 0.258 
0 test1dax_consistent right_hidden
0.737 0.000 0.000 0.000 2.810 0.000 2.396 1.518 1.599 0.000 0.608 2.115 0.000 3.476 0.000 0.000 0.000 0.000 0.684 0.000 
---
1 test1dax_inconsistent left_hidden
0.146 0.690 1.406 0.080 0.000 0.255 1.478 0.167 0.659 0.125 0.000 1.191 0.306 1.594 0.776 0.558 0.064 0.000 0.361 0.258 
1 test1dax_inconsistent right_hidden
0.222 0.000 0.000 0.000 0.949 0.529 0.319 0.782 0.000 0.000 0.246 0.588 0.000 1.007 0.345 0.538 0.000 0.000 0.576 0.000 
---
0 test1dax_consistent left_hidden
0.679 0.167 0.852 1.156 0.573 0.458 0.644 0.634 0.314 0.000 0.000 0.407 0.000 0.675 0.287 0.982 0.084 1.304 0.000 1.029 
0 test1dax_consistent right_hidden
1.577 1.490 0.000 2.328 0.016 0.573 0.000 0.000 0.342 0.000 2.779 0.641 0.000 2.153 1.271 0.000 0.023 0.000 0.000 4.898 
---
1 test1dax_inconsistent left_hidden
0.679 0.167 0.852 1.156 0.573 0.458 0.644 0.634 0.314 0.000 0.000 0.407 0.000 0.675 0.287 0.982 0.084 1.304 0.000 1.029 
1 test1dax_inconsistent right_hidden
0.378 0.162 0.000 1.444 0.000 0.048 0.148 0.067 0.004 0.050 0.737 0.867 0.000 0.559 1.439 0.000 0.000 0.000 0.000 1.480 
---
0 test1dax_consistent left_hidden
0.142 0.448 0.000 1.137 0.509 1.498 0.000 0.000 1.036 0.000 0.431 0.828 0.000 0.000 0.386 1.543 0.864 0.476 0.000 0.000 
0 test1dax_consistent right_hidden
0.000 4.255 1.399 0.701 1.947 1.291 0.000 3.376 0.000 0.000 0.000 0.000 0.000 0.000 0.000 0.000 3.328 0.162 0.000 0.000 
---
1 test1dax_inconsistent left_hidden
0.142 0.448 0.000 1.137 0.509 1.498 0.000 0.000 1.036 0.000 0.431 0.828 0.000 0.000 0.386 1.543 0.864 0.476 0.000 0.000 
1 test1dax_inconsistent right_hidden
0.074 1.012 0.550 0.000 0.524 0.359 0.142 2.156 0.000 0.000 0.000 0.398 0.042 0.000 0.000 0.408 1.297 0.449 0.020 0.000 
---
0 test1dax_consistent left_hidden
0.416 1.976 0.000 0.000 0.000 0.175 0.064 0.000 1.709 0.134 0.078 0.187 0.261 1.538 0.000 0.503 0.000 0.000 0.875 0.000 
0 test1dax_consistent right_hidden
0.000 1.689 1.167 0.000 0.000 1.019 0.063 0.000 1.426 0.000 2.966 0.000 2.917 0.340 2.419 0.034 0.000 1.631 0.000 1.816 
---
1 test1dax_inconsistent left_hidden
0.416 1.976 0.000 0.000 0.000 0.175 0.064 0.000 1.709 0.134 0.078 0.187 0.261 1.538 0.000 0.503 0.000 0.000 0.875 0.000 
1 test1dax_inconsistent right_hidden
0.250 0.000 0.373 0.000 0.002 0.810 0.251 0.133 0.639 0.399 0.735 0.000 0.758 0.374 1.034 0.000 0.000 0.508 0.000 0.069 
---
0 test1dax_consistent left_hidden
0.000 0.000 0.000 0.194 0.000 0.000 0.000 1.704 2.100 0.000 0.734 1.071 0.000 0.000 0.000 0.000 0.449 0.549 1.453 0.973 
0 test1dax_consistent right_hidden
0.000 0.000 2.205 0.686 0.000 0.000 0.025 0.000 0.000 2.380 0.322 0.236 0.000 0.000 0.000 0.000 1.670 0.000 5.199 0.000 
---
1 test1dax_inconsistent left_hidden
0.000 0.000 0.000 0.194 0.000 0.000 0.000 1.704 2.100 0.000 0.734 1.071 0.000 0.000 0.000 0.000 0.449 0.549 1.453 0.973 
1 test1dax_inconsistent right_hidden
0.000 0.000 0.252 0.669 0.000 0.000 0.000 0.000 0.000 1.816 0.580 0.000 0.000 0.303 0.000 0.000 1.460 0.000 1.436 0.000 
---
0 test1dax_consistent left_hidden
2.500 0.091 1.237 0.000 0.213 0.000 0.000 0.000 0.043 0.000 0.000 1.002 0.092 0.000 0.091 0.000 0.000 0.000 0.000 1.234 
0 test1dax_consistent right_hidden
2.405 0.748 0.000 0.000 1.161 0.000 0.000 0.396 0.314 0.000 0.000 1.960 2.926 0.000 3.976 0.756 2.037 0.000 0.000 2.545 
---
1 test1dax_inconsistent left_hidden
2.500 0.091 1.237 0.000 0.213 0.000 0.000 0.000 0.043 0.000 0.000 1.002 0.092 0.000 0.091 0.000 0.000 0.000 0.000 1.234 
1 test1dax_inconsistent right_hidden
0.434 0.436 0.703 0.000 0.124 0.000 0.000 0.431 0.000 0.073 0.000 0.471 1.586 0.000 1.504 0.177 0.534 0.000 0.000 0.565 
---
0 test1dax_consistent left_hidden
0.000 1.111 0.000 0.000 0.611 0.000 0.000 1.178 0.585 0.756 0.003 2.319 0.000 0.000 0.633 0.095 0.000 0.870 1.607 0.365 
0 test1dax_consistent right_hidden
0.000 2.861 0.000 1.786 0.000 0.000 3.467 0.000 1.069 0.342 0.000 2.657 0.000 1.466 0.850 0.000 0.536 2.832 0.059 2.618 
---
1 test1dax_inconsistent left_hidden
0.000 1.111 0.000 0.000 0.611 0.000 0.000 1.178 0.585 0.756 0.003 2.319 0.000 0.000 0.633 0.095 0.000 0.870 1.607 0.365 
1 test1dax_inconsistent right_hidden
0.000 0.727 0.000 0.556 0.000 0.000 1.499 0.000 0.099 0.167 0.000 0.215 0.000 0.487 0.165 0.489 0.181 1.258 1.052 1.052 
---
0 test1dax_consistent left_hidden
0.217 0.225 0.331 1.081 0.423 0.994 0.000 1.489 0.000 0.089 0.082 0.412 1.214 0.095 0.000 0.000 0.000 0.000 2.107 0.913 
0 test1dax_consistent right_hidden
0.645 0.089 1.611 2.862 0.000 2.640 0.000 0.000 0.474 2.365 0.000 1.646 0.038 0.000 1.159 4.126 0.000 0.000 0.000 0.800 
---
1 test1dax_inconsistent left_hidden
0.217 0.225 0.331 1.081 0.423 0.994 0.000 1.489 0.000 0.089 0.082 0.412 1.214 0.095 0.000 0.000 0.000 0.000 2.107 0.913 
1 test1dax_inconsistent right_hidden
0.023 0.593 0.929 0.765 0.000 1.383 0.000 0.177 0.313 0.682 0.000 0.000 0.419 0.000 0.894 0.983 0.128 0.000 0.097 0.471 
---
0 test1dax_consistent left_hidden
0.223 0.000 0.000 1.021 0.616 0.000 0.731 0.000 0.392 0.000 0.280 0.000 1.869 0.534 0.436 1.873 1.480 0.000 0.588 0.148 
0 test1dax_consistent right_hidden
0.874 0.000 0.000 0.638 0.000 0.000 4.947 0.013 0.000 0.000 1.031 0.000 0.000 0.000 3.590 0.000 2.916 0.000 0.000 0.000 
---
1 test1dax_inconsistent left_hidden
0.223 0.000 0.000 1.021 0.616 0.000 0.731 0.000 0.392 0.000 0.280 0.000 1.869 0.534 0.436 1.873 1.480 0.000 0.588 0.148 
1 test1dax_inconsistent right_hidden
1.004 0.000 0.026 1.191 0.000 0.000 1.428 0.138 0.000 0.000 0.000 0.000 0.281 0.000 1.678 0.096 1.257 0.000 0.000 0.078 
---
0 test1dax_consistent left_hidden
0.000 1.934 0.000 0.000 0.166 0.314 0.000 0.763 1.806 0.000 0.060 0.000 1.522 0.000 0.000 0.909 0.047 0.000 0.000 0.000 
0 test1dax_consistent right_hidden
0.000 0.000 0.000 0.000 1.104 0.741 0.161 2.487 0.000 0.000 4.033 0.824 0.830 3.826 0.000 0.444 0.201 0.000 2.777 1.076 
---
1 test1dax_inconsistent left_hidden
0.000 1.934 0.000 0.000 0.166 0.314 0.000 0.763 1.806 0.000 0.060 0.000 1.522 0.000 0.000 0.909 0.047 0.000 0.000 0.000 
1 test1dax_inconsistent right_hidden
0.000 0.430 0.000 0.000 1.123 0.263 0.453 1.454 0.556 0.000 1.617 0.340 0.185 0.955 0.000 0.199 0.660 0.000 0.486 0.322 
---
0 test1dax_consistent left_hidden
1.107 0.273 0.703 0.404 0.013 0.000 0.000 0.000 1.181 0.004 0.000 0.000 0.896 0.144 2.030 0.372 0.855 0.617 0.000 0.922 
0 test1dax_consistent right_hidden
1.270 3.274 0.027 0.000 0.000 1.471 0.316 0.000 0.648 0.000 0.094 1.408 0.052 1.611 3.964 0.872 0.000 0.000 2.914 0.000 
---
1 test1dax_inconsistent left_hidden
1.107 0.273 0.703 0.404 0.013 0.000 0.000 0.000 1.181 0.004 0.000 0.000 0.896 0.144 2.030 0.372 0.855 0.617 0.000 0.922 
1 test1dax_inconsistent right_hidden
0.290 0.595 0.521 0.000 0.000 0.345 0.491 0.000 0.000 0.000 0.496 0.828 0.000 1.042 1.592 1.159 0.000 0.414 1.158 0.000 
---
0 test1dax_consistent left_hidden
0.000 0.000 0.000 0.000 0.588 0.000 0.651 1.308 0.287 0.000 2.070 0.000 0.000 2.161 0.000 0.000 0.836 0.084 0.000 0.000 
0 test1dax_consistent right_hidden
0.000 2.637 0.000 1.467 0.000 0.000 3.590 0.000 2.927 4.269 0.000 1.159 0.000 0.000 0.000 1.789 0.000 0.000 0.000 0.881 
---
1 test1dax_inconsistent left_hidden
0.000 0.000 0.000 0.000 0.588 0.000 0.651 1.308 0.287 0.000 2.070 0.000 0.000 2.161 0.000 0.000 0.836 0.084 0.000 0.000 
1 test1dax_inconsistent right_hidden
0.000 0.889 0.000 1.174 0.197 0.000 1.316 0.247 0.553 0.736 0.000 0.976 0.000 0.191 0.122 1.245 0.000 0.000 0.000 0.492 
---
0 test1dax_consistent left_hidden
1.592 0.882 0.000 0.859 0.316 0.765 1.208 0.322 0.452 0.529 0.387 0.000 0.000 0.219 0.994 0.250 0.996 0.000 0.051 0.154 
0 test1dax_consistent right_hidden
0.000 0.000 0.000 1.227 0.000 0.000 0.000 1.230 4.122 0.534 0.000 0.000 0.000 0.000 2.368 0.410 4.078 0.900 0.383 1.204 
---
1 test1dax_inconsistent left_hidden
1.592 0.882 0.000 0.859 0.316 0.765 1.208 0.322 0.452 0.529 0.387 0.000 0.000 0.219 0.994 0.250 0.996 0.000 0.051 0.154 
1 test1dax_inconsistent right_hidden
0.089 0.000 0.005 0.067 0.043 0.843 0.000 0.627 1.009 0.742 0.000 0.000 0.000 0.000 0.630 0.003 1.751 0.000 0.000 0.334 
---
0 test1dax_consistent left_hidden
0.074 0.085 0.055 0.767 0.000 0.234 0.345 1.112 0.000 0.202 0.000 0.982 0.661 1.794 0.055 0.000 0.025 2.482 0.000 0.166 
0 test1dax_consistent right_hidden
2.800 0.000 0.000 0.000 0.000 0.000 0.000 2.956 2.614 1.127 0.087 2.914 0.000 3.390 0.000 1.475 1.083 0.000 0.000 0.033 
---
1 test1dax_inconsistent left_hidden
0.074 0.085 0.055 0.767 0.000 0.234 0.345 1.112 0.000 0.202 0.000 0.982 0.661 1.794 0.055 0.000 0.025 2.482 0.000 0.166 
1 test1dax_inconsistent right_hidden
1.315 0.126 0.000 0.000 0.000 0.000 0.209 1.453 0.932 0.562 0.000 0.503 1.024 0.713 0.000 0.000 0.755 0.000 0.000 0.450 
---
0 test1dax_consistent left_hidden
1.013 0.000 0.000 0.000 0.010 0.000 0.000 1.425 0.120 0.286 0.000 0.000 0.025 0.443 1.101 2.446 1.399 0.148 0.000 0.122 
0 test1dax_consistent right_hidden
0.000 3.089 0.000 5.484 0.000 0.782 0.600 0.014 0.000 1.624 0.000 0.000 0.000 0.199 0.590 0.383 0.000 0.836 0.000 0.000 
---
1 test1dax_inconsistent left_hidden
1.013 0.000 0.000 0.000 0.010 0.000 0.000 1.425 0.120 0.286 0.000 0.000 0.025 0.443 1.101 2.446 1.399 0.148 0.000 0.122 
1 test1dax_inconsistent right_hidden
0.000 1.300 0.000 1.427 0.231 0.133 1.110 0.000 0.000 0.884 0.222 0.000 0.000 0.000 0.115 0.800 0.338 0.498 0.000 0.000 
---
0 test1dax_consistent left_hidden
0.435 0.788 0.927 0.167 0.228 0.000 1.083 0.000 0.000 0.483 0.338 2.201 0.000 0.171 0.061 0.030 1.511 0.000 0.656 0.388 
0 test1dax_consistent right_hidden
0.825 1.313 1.010 1.095 0.506 0.246 0.000 0.371 0.103 2.074 0.000 0.000 1.755 0.000 5.530 0.000 1.038 0.000 2.111 1.380 
---
1 test1dax_inconsistent left_hidden
0.435 0.788 0.927 0.167 0.228 0.000 1.083 0.000 0.000 0.483 0.338 2.201 0.000 0.171 0.061 0.030 1.511 0.000 0.656 0.388 
1 test1dax_inconsistent right_hidden
0.785 0.769 0.350 0.980 0.374 0.000 0.076 0.000 0.000 0.421 0.000 0.000 0.484 0.000 1.893 0.092 1.359 0.000 0.384 0.450 
---
0 test1dax_consistent left_hidden
0.200 0.000 0.000 0.000 1.141 0.000 1.400 0.445 0.228 1.626 1.260 0.000 0.995 0.501 0.000 0.000 1.587 0.576 0.000 0.380 
0 test1dax_consistent right_hidden
0.000 0.000 0.000 2.771 0.000 0.000 3.724 0.000 0.000 0.590 1.728 0.000 0.489 0.985 0.024 3.495 1.770 2.201 0.000 0.000 
---
1 test1dax_inconsistent left_hidden
0.200 0.000 0.000 0.000 1.141 0.000 1.400 0.445 0.228 1.626 1.260 0.000 0.995 0.501 0.000 0.000 1.587 0.576 0.000 0.380 
1 test1dax_inconsistent right_hidden
0.000 0.000 0.000 0.331 0.000 0.000 0.550 0.692 0.000 0.478 1.142 0.000 0.000 0.000 0.000 1.795 1.305 0.661 0.000 0.000 
---
0 test1dax_consistent left_hidden
0.000 0.153 1.206 0.931 0.010 0.000 0.000 1.399 0.152 1.506 1.247 0.602 0.639 0.000 0.077 0.000 0.000 0.392 1.637 0.217 
0 test1dax_consistent right_hidden
0.000 2.842 1.474 0.061 1.842 2.309 0.000 0.005 0.000 1.024 0.880 3.065 0.464 0.889 0.264 0.000 0.000 2.704 0.000 3.445 
---
1 test1dax_inconsistent left_hidden
0.000 0.153 1.206 0.931 0.010 0.000 0.000 1.399 0.152 1.506 1.247 0.602 0.639 0.000 0.077 0.000 0.000 0.392 1.637 0.217 
1 test1dax_inconsistent right_hidden
0.000 0.532 0.342 0.613 1.352 0.891 0.000 0.390 0.000 0.276 0.759 0.742 0.368 0.089 0.415 0.000 0.000 0.790 0.633 1.602 
---
0 test1dax_consistent left_hidden
0.271 0.000 0.695 0.000 1.132 0.121 0.832 2.341 0.760 0.396 0.000 0.000 0.000 0.000 0.000 1.368 0.471 0.333 0.000 0.000 
0 test1dax_consistent right_hidden
0.000 3.426 0.070 0.000 2.636 0.000 0.890 0.000 0.000 0.545 0.786 0.000 0.000 0.000 0.000 1.216 0.000 4.810 1.060 0.000 
---
1 test1dax_inconsistent left_hidden
0.271 0.000 0.695 0.000 1.132 0.121 0.832 2.341 0.760 0.396 0.000 0.000 0.000 0.000 0.000 1.368 0.471 0.333 0.000 0.000 
1 test1dax_inconsistent right_hidden
0.000 1.229 0.315 0.000 1.800 0.000 0.851 0.547 0.000 0.000 0.976 0.041 0.000 0.000 0.001 0.000 0.000 1.077 0.981 0.000 
---
0 test1dax_consistent left_hidden
0.090 2.473 0.058 0.665 0.000 0.123 1.280 0.421 0.529 0.197 0.510 0.257 0.000 0.744 0.000 1.374 0.144 0.000 0.000 0.000 
0 test1dax_consistent right_hidden
0.000 3.799 0.572 0.404 0.000 0.000 1.520 0.000 0.337 0.000 0.000 1.993 3.410 2.430 0.000 0.000 2.375 0.000 0.000 0.470 
---
1 test1dax_inconsistent left_hidden
0.090 2.473 0.058 0.665 0.000 0.123 1.280 0.421 0.529 0.197 0.510 0.257 0.000 0.744 0.000 1.374 0.144 0.000 0.000 0.000 
1 test1dax_inconsistent right_hidden
0.206 0.713 0.722 0.012 0.029 0.193 0.327 0.811 0.000 0.343 0.003 0.033 1.224 1.098 0.000 0.841 0.567 0.000 0.000 0.253 
---
0 test1dax_consistent left_hidden
0.408 0.000 0.000 0.000 0.324 0.575 2.604 0.760 0.137 0.071 0.105 0.000 0.000 0.017 0.264 0.000 0.694 0.000 1.013 0.351 
0 test1dax_consistent right_hidden
1.584 0.000 0.000 0.000 0.000 0.122 2.364 0.590 0.000 4.169 0.638 0.000 3.095 0.000 0.805 0.000 0.000 0.000 3.238 0.000 
---
1 test1dax_inconsistent left_hidden
0.408 0.000 0.000 0.000 0.324 0.575 2.604 0.760 0.137 0.071 0.105 0.000 0.000 0.017 0.264 0.000 0.694 0.000 1.013 0.351 
1 test1dax_inconsistent right_hidden
0.000 0.000 0.000 0.160 0.000 0.146 1.381 0.161 0.000 1.157 0.748 0.000 0.871 0.037 0.543 0.000 0.000 0.000 1.693 0.000 
---
0 test1dax_consistent left_hidden
0.182 0.333 1.945 0.000 0.000 0.946 0.885 0.000 0.000 0.687 1.560 1.688 0.146 0.000 0.321 0.026 0.096 0.444 0.946 0.000 
0 test1dax_consistent right_hidden
2.945 1.560 0.016 0.000 0.000 0.385 0.000 0.000 0.000 3.512 0.000 1.183 0.547 1.908 0.000 0.000 1.148 2.878 2.110 0.558 
---
1 test1dax_inconsistent left_hidden
0.182 0.333 1.945 0.000 0.000 0.946 0.885 0.000 0.000 0.687 1.560 1.688 0.146 0.000 0.321 0.026 0.096 0.444 0.946 0.000 
1 test1dax_inconsistent right_hidden
0.800 0.391 0.157 0.000 0.000 0.012 0.321 0.000 0.000 0.493 0.000 0.373 0.626 0.561 0.022 0.000 0.428 0.752 0.848 1.561 
---
0 test1dax_consistent left_hidden
0.717 0.313 0.213 0.105 0.000 0.339 1.211 0.000 0.000 0.702 1.080 0.506 1.431 0.000 0.279 2.155 0.000 0.000 0.970 0.330 
0 test1dax_consistent right_hidden
1.847 3.169 3.470 0.048 0.100 0.309 0.000 0.000 1.325 0.000 1.149 3.094 0.740 0.000 0.000 1.473 1.705 0.000 0.510 0.000 
---
1 test1dax_inconsistent left_hidden
0.717 0.313 0.213 0.105 0.000 0.339 1.211 0.000 0.000 0.702 1.080 0.506 1.431 0.000 0.279 2.155 0.000 0.000 0.970 0.330 
1 test1dax_inconsistent right_hidden
0.632 0.776 1.104 0.359 0.293 0.507 0.000 0.000 1.005 0.106 0.207 0.797 0.978 0.000 0.000 0.607 0.218 0.000 0.872 0.074 
---
0 test1dax_consistent left_hidden
0.018 0.000 0.000 0.749 0.000 0.000 0.000 0.430 0.017 0.341 0.000 0.520 1.681 0.164 0.000 0.047 1.992 0.836 1.484 0.631 
0 test1dax_consistent right_hidden
0.000 0.000 0.000 2.728 0.000 0.744 2.121 0.000 0.000 4.747 1.701 3.115 0.500 0.000 0.000 0.000 0.323 0.478 0.000 0.000 
---
1 test1dax_inconsistent left_hidden
0.018 0.000 0.000 0.749 0.000 0.000 0.000 0.430 0.017 0.341 0.000 0.520 1.681 0.164 0.000 0.047 1.992 0.836 1.484 0.631 
1 test1dax_inconsistent right_hidden
0.027 0.000 0.000 0.812 0.000 0.387 1.084 0.000 0.000 1.412 0.042 0.713 1.512 0.000 0.000 0.000 0.000 0.585 0.000 0.000 
---
0 test1dax_consistent left_hidden
0.000 1.638 1.878 1.308 0.283 0.000 0.482 0.313 0.000 0.000 0.000 1.209 0.000 0.479 0.125 0.000 1.096 0.000 0.409 0.000 
0 test1dax_consistent right_hidden
0.000 0.753 0.000 0.000 0.000 0.000 0.905 2.364 0.000 2.664 0.000 2.809 0.000 3.455 0.321 0.000 2.943 0.000 0.000 2.771 
---
1 test1dax_inconsistent left_hidden
0.000 1.638 1.878 1.308 0.283 0.000 0.482 0.313 0.000 0.000 0.000 1.209 0.000 0.479 0.125 0.000 1.096 0.000 0.409 0.000 
1 test1dax_inconsistent right_hidden
0.000 0.385 0.206 0.000 0.066 0.000 0.222 1.186 0.303 0.963 0.000 0.468 0.301 1.059 0.716 0.000 1.320 0.000 0.045 1.788 
---
0 test1dax_consistent left_hidden
0.000 0.305 0.000 0.720 0.000 0.216 0.214 1.786 0.000 0.750 0.006 1.205 0.000 0.000 0.000 0.692 1.084 1.617 1.262 0.000 
0 test1dax_consistent right_hidden
0.677 0.000 0.000 0.108 1.231 1.210 1.339 0.000 0.000 0.057 0.000 1.760 0.000 0.000 0.458 5.221 0.445 2.348 2.546 0.000 
---
1 test1dax_inconsistent left_hidden
0.000 0.305 0.000 0.720 0.000 0.216 0.214 1.786 0.000 0.750 0.006 1.205 0.000 0.000 0.000 0.692 1.084 1.617 1.262 0.000 
1 test1dax_inconsistent right_hidden
0.706 0.000 0.000 0.054 1.007 0.640 1.121 0.531 0.000 0.072 0.000 0.411 0.000 0.164 0.000 1.563 0.000 0.799 1.718 0.000 
---
0 test1dax_consistent left_hidden
0.040 0.883 0.726 0.761 0.000 0.980 0.000 0.000 0.000 0.920 0.000 0.000 1.193 1.174 0.000 0.000 1.137 0.310 0.203 1.470 
0 test1dax_consistent right_hidden
1.039 0.343 0.000 0.000 0.968 0.000 0.000 0.000 0.000 0.288 0.000 0.000 2.341 0.811 0.000 0.000 0.256 3.578 1.630 4.527 
---
1 test1dax_inconsistent left_hidden
0.040 0.883 0.726 0.761 0.000 0.980 0.000 0.000 0.000 0.920 0.000 0.000 1.193 1.174 0.000 0.000 1.137 0.310 0.203 1.470 
1 test1dax_inconsistent right_hidden
0.306 1.036 0.000 0.000 0.981 0.418 0.100 0.000 0.140 0.000 0.000 0.000 0.224 0.000 0.000 0.000 0.669 1.318 0.671 1.242 
---
0 test1dax_consistent left_hidden
0.370 0.000 0.152 0.018 1.912 0.246 1.707 0.552 0.000 1.024 0.443 0.000 0.000 0.429 0.923 0.000 0.000 0.608 0.690 0.603 
0 test1dax_consistent right_hidden
2.271 3.806 0.000 0.034 3.536 0.000 1.723 1.354 2.901 0.000 0.000 0.703 0.000 0.000 0.000 0.000 0.000 0.014 0.000 0.000 
---
1 test1dax_inconsistent left_hidden
0.370 0.000 0.152 0.018 1.912 0.246 1.707 0.552 0.000 1.024 0.443 0.000 0.000 0.429 0.923 0.000 0.000 0.608 0.690 0.603 
1 test1dax_inconsistent right_hidden
1.164 1.727 0.116 0.103 0.522 0.000 0.447 0.000 1.023 0.000 0.090 0.000 0.058 0.000 0.044 0.000 0.000 0.676 1.072 0.000 
---
0 test1dax_consistent left_hidden
0.785 0.000 0.000 0.000 0.281 0.000 0.000 0.000 0.623 1.524 1.762 1.228 0.503 0.000 0.981 0.000 0.606 0.713 0.533 1.426 
0 test1dax_consistent right_hidden
4.075 0.000 0.000 0.000 0.000 0.000 0.036 0.000 0.015 0.000 0.620 0.000 0.650 0.000 0.227 1.858 3.404 1.182 2.196 0.000 
---
1 test1dax_inconsistent left_hidden
0.785 0.000 0.000 0.000 0.281 0.000 0.000 0.000 0.623 1.524 1.762 1.228 0.503 0.000 0.981 0.000 0.606 0.713 0.533 1.426 
1 test1dax_inconsistent right_hidden
1.225 0.000 0.190 0.000 0.000 0.000 0.046 0.000 0.509 0.568 0.279 0.306 0.349 0.000 0.098 0.000 0.667 0.793 1.846 0.070 
---
0 test1dax_consistent left_hidden
0.170 1.915 1.678 0.000 0.000 0.000 0.263 0.697 0.000 0.000 0.932 0.000 1.756 0.256 0.000 1.011 0.196 0.000 0.178 0.000 
0 test1dax_consistent right_hidden
0.027 0.000 2.204 0.048 0.000 0.000 0.580 0.003 0.000 0.013 4.414 0.000 0.000 0.000 2.478 0.000 3.012 0.000 0.878 0.000 
---
1 test1dax_inconsistent left_hidden
0.170 1.915 1.678 0.000 0.000 0.000 0.263 0.697 0.000 0.000 0.932 0.000 1.756 0.256 0.000 1.011 0.196 0.000 0.178 0.000 
1 test1dax_inconsistent right_hidden
0.014 0.000 0.076 0.175 0.000 0.019 0.489 0.785 0.000 0.163 1.036 0.000 0.000 0.419 0.956 0.719 1.523 0.000 0.959 0.000 
---
0 test1dax_consistent left_hidden
2.564 0.194 0.000 0.228 0.300 0.350 0.154 0.000 1.106 0.000 0.247 0.000 0.000 0.000 0.117 0.228 0.828 0.270 1.413 0.125 
0 test1dax_consistent right_hidden
0.000 0.060 2.220 3.041 0.105 0.000 0.000 2.318 0.000 0.000 5.201 0.000 0.000 0.000 0.000 0.000 0.000 0.594 0.022 1.824 
---
1 test1dax_inconsistent left_hidden
2.564 0.194 0.000 0.228 0.300 0.350 0.154 0.000 1.106 0.000 0.247 0.000 0.000 0.000 0.117 0.228 0.828 0.270 1.413 0.125 
1 test1dax_inconsistent right_hidden
0.570 0.036 0.674 1.025 0.000 0.000 0.000 1.499 0.000 0.000 1.492 0.000 0.000 0.020 0.000 0.000 0.454 1.210 0.471 0.685 
---
0 test1dax_consistent left_hidden
0.000 0.245 0.000 0.000 0.025 0.035 0.081 1.910 1.843 0.000 0.543 0.323 0.184 0.885 0.000 0.005 0.163 0.693 0.205 0.000 
0 test1dax_consistent right_hidden
0.000 0.000 0.000 0.640 0.000 0.000 0.803 2.729 0.000 0.000 0.000 0.000 0.000 0.940 0.000 0.467 4.693 3.902 2.699 2.390 
---
1 test1dax_inconsistent left_hidden
0.000 0.245 0.000 0.000 0.025 0.035 0.081 1.910 1.843 0.000 0.543 0.323 0.184 0.885 0.000 0.005 0.163 0.693 0.205 0.000 
1 test1dax_inconsistent right_hidden
0.028 0.000 0.000 0.306 0.053 0.527 0.965 0.545 0.029 0.000 0.845 0.000 0.000 0.503 0.000 0.506 1.496 1.191 1.086 0.938 
---
0 test1dax_consistent left_hidden
0.245 0.000 0.401 0.000 0.000 0.000 0.000 0.402 2.695 0.000 0.000 0.000 0.000 0.477 0.060 1.325 0.000 0.563 0.000 0.000 
0 test1dax_consistent right_hidden
0.482 0.000 4.129 0.000 1.600 3.875 1.576 0.000 0.000 0.000 0.000 0.000 0.592 2.852 0.400 0.000 0.000 2.495 0.000 0.000 
---
1 test1dax_inconsistent left_hidden
0.245 0.000 0.401 0.000 0.000 0.000 0.000 0.402 2.695 0.000 0.000 0.000 0.000 0.477 0.060 1.325 0.000 0.563 0.000 0.000 
1 test1dax_inconsistent right_hidden
0.424 0.000 1.070 0.046 0.283 1.737 0.905 0.022 0.264 0.000 0.000 0.000 0.000 0.906 0.906 0.079 0.000 0.522 0.000 0.000 
---
0 test1dax_consistent left_hidden
0.051 0.851 1.192 0.565 0.825 0.874 0.009 0.000 0.590 0.000 0.000 1.732 0.000 0.000 0.000 0.177 0.158 0.272 1.322 1.435 
0 test1dax_consistent right_hidden
2.541 0.000 3.314 2.980 0.352 0.650 0.000 0.000 0.393 0.000 0.000 2.182 0.000 0.000 3.280 2.288 0.032 1.434 0.000 0.909 
---
1 test1dax_inconsistent left_hidden
0.051 0.851 1.192 0.565 0.825 0.874 0.009 0.000 0.590 0.000 0.000 1.732 0.000 0.000 0.000 0.177 0.158 0.272 1.322 1.435 
1 test1dax_inconsistent right_hidden
0.941 0.754 0.639 1.140 0.621 0.563 0.000 0.443 0.982 0.000 0.000 0.919 0.000 0.000 1.008 0.604 0.018 0.149 0.000 0.239 
---
0 test1dax_consistent left_hidden
0.000 0.378 0.082 0.229 0.000 1.667 0.000 0.441 0.000 1.239 0.520 0.078 0.211 0.000 0.000 0.144 0.000 0.529 1.322 1.790 
0 test1dax_consistent right_hidden
0.000 1.404 3.018 2.403 0.000 0.102 0.000 0.000 1.061 0.382 0.282 0.000 0.000 0.000 0.000 5.115 0.897 0.764 1.482 0.000 
---
1 test1dax_inconsistent left_hidden
0.000 0.378 0.082 0.229 0.000 1.667 0.000 0.441 0.000 1.239 0.520 0.078 0.211 0.000 0.000 0.144 0.000 0.529 1.322 1.790 
1 test1dax_inconsistent right_hidden
0.000 1.029 0.824 0.638 0.000 0.050 0.000 0.283 0.190 0.000 0.092 0.500 0.182 0.000 0.000 1.419 0.576 0.363 0.000 0.067 
---
0 test1dax_consistent left_hidden
0.000 0.163 0.847 0.340 0.352 0.120 0.859 0.000 0.000 0.000 0.777 0.103 0.039 0.000 0.654 0.234 1.885 0.200 1.838 0.400 
0 test1dax_consistent right_hidden
0.000 3.421 1.779 0.000 0.000 0.000 0.000 0.000 4.475 1.580 0.000 1.604 2.705 0.000 0.000 0.000 0.000 1.646 0.372 0.000 
---
1 test1dax_inconsistent left_hidden
0.000 0.163 0.847 0.340 0.352 0.120 0.859 0.000 0.000 0.000 0.777 0.103 0.039 0.000 0.654 0.234 1.885 0.200 1.838 0.400 
1 test1dax_inconsistent right_hidden
0.000 0.960 1.331 0.001 0.000 0.000 0.000 0.213 1.371 0.633 0.320 0.893 0.658 0.000 0.000 0.000 0.000 1.109 0.412 0.000 
---
0 test1dax_consistent left_hidden
1.047 0.345 0.522 0.883 0.320 0.577 0.000 0.000 1.746 0.093 0.411 0.000 1.705 0.903 0.000 0.163 0.450 0.338 0.000 0.561 
0 test1dax_consistent right_hidden
0.927 0.000 1.929 1.808 3.063 0.764 0.215 2.183 0.017 0.000 0.000 0.000 0.000 2.872 0.982 0.000 2.187 0.000 0.000 2.831 
---
1 test1dax_inconsistent left_hidden
1.047 0.345 0.522 0.883 0.320 0.577 0.000 0.000 1.746 0.093 0.411 0.000 1.705 0.903 0.000 0.163 0.450 0.338 0.000 0.561 
1 test1dax_inconsistent right_hidden
0.000 0.000 0.369 0.424 0.792 0.388 0.609 0.669 0.475 0.000 0.329 0.000 0.392 1.287 1.086 0.000 1.175 0.000 0.435 0.902 
---
0 test1dax_consistent left_hidden
0.792 0.575 1.756 0.455 1.194 0.182 0.047 0.461 0.316 0.560 0.352 0.000 0.372 0.870 0.804 0.223 0.661 1.191 0.339 0.071 
0 test1dax_consistent right_hidden
0.000 0.000 4.030 0.000 1.354 0.000 0.834 0.003 3.109 0.773 0.000 0.653 0.654 2.271 0.000 1.562 0.000 0.000 0.539 1.935 
---
1 test1dax_inconsistent left_hidden
0.792 0.575 1.756 0.455 1.194 0.182 0.047 0.461 0.316 0.560 0.352 0.000 0.372 0.870 0.804 0.223 0.661 1.191 0.339 0.071 
1 test1dax_inconsistent right_hidden
0.000 0.650 0.865 0.000 0.047 0.017 0.324 0.153 0.853 0.936 0.000 0.000 0.719 0.854 0.000 0.918 0.320 0.000 0.842 0.486 
---
0 test1dax_consistent left_hidden
0.000 0.444 0.376 0.012 0.861 0.027 0.831 0.171 0.210 0.482 0.710 0.000 2.857 0.478 0.000 0.324 0.144 0.080 0.707 0.000 
0 test1dax_consistent right_hidden
1.597 0.702 0.099 1.443 3.124 0.000 0.000 0.000 0.821 2.609 0.000 0.000 0.775 2.537 0.062 3.399 0.000 0.219 0.368 1.413 
---
1 test1dax_inconsistent left_hidden
0.000 0.444 0.376 0.012 0.861 0.027 0.831 0.171 0.210 0.482 0.710 0.000 2.857 0.478 0.000 0.324 0.144 0.080 0.707 0.000 
1 test1dax_inconsistent right_hidden
0.299 0.669 0.111 0.264 0.610 0.000 0.215 0.263 1.163 0.641 0.000 0.000 0.144 0.366 0.165 1.149 0.657 0.525 0.534 0.233 
---
0 test1dax_consistent left_hidden
2.469 1.712 0.097 0.009 0.973 0.000 0.771 0.000 0.187 0.000 0.000 0.018 0.000 0.248 0.000 0.174 0.000 0.000 0.806 0.000 
0 test1dax_consistent right_hidden
0.223 0.000 0.000 1.078 5.542 2.126 0.424 0.000 0.000 0.003 0.000 0.188 0.000 0.000 0.860 1.383 0.126 1.338 2.643 0.000 
---
1 test1dax_inconsistent left_hidden
2.469 1.712 0.097 0.009 0.973 0.000 0.771 0.000 0.187 0.000 0.000 0.018 0.000 0.248 0.000 0.174 0.000 0.000 0.806 0.000 
1 test1dax_inconsistent right_hidden
0.000 0.000 0.172 0.661 1.601 0.738 0.600 0.000 0.470 0.059 0.000 0.517 0.000 0.000 0.889 1.042 0.201 0.188 1.278 0.000 
---
0 test1dax_consistent left_hidden
0.466 1.469 0.338 0.126 0.000 0.000 0.625 0.104 0.387 0.000 1.158 0.000 0.000 0.000 2.473 0.000 0.140 0.246 0.000 0.105 
0 test1dax_consistent right_hidden
0.000 0.000 1.389 0.000 3.071 0.000 0.375 0.000 0.073 0.000 0.000 0.223 0.703 0.000 0.000 2.655 5.222 0.257 0.000 1.142 
---
1 test1dax_inconsistent left_hidden
0.466 1.469 0.338 0.126 0.000 0.000 0.625 0.104 0.387 0.000 1.158 0.000 0.000 0.000 2.473 0.000 0.140 0.246 0.000 0.105 
1 test1dax_inconsistent right_hidden
0.214 0.025 0.720 0.000 0.661 0.000 0.176 0.000 0.171 0.000 0.134 0.438 0.669 0.000 0.165 0.328 1.920 0.617 0.278 0.870 
---
0 test1dax_consistent left_hidden
0.000 0.164 0.354 0.000 0.000 1.237 0.000 0.000 1.175 2.879 0.000 0.424 0.000 0.192 0.069 0.000 0.196 0.000 0.000 0.000 
0 test1dax_consistent right_hidden
3.457 1.210 2.864 0.000 0.000 2.076 0.000 1.255 0.774 0.479 1.324 0.000 3.056 2.381 0.241 0.613 0.000 0.000 0.000 3.429 
---
1 test1dax_inconsistent left_hidden
0.000 0.164 0.354 0.000 0.000 1.237 0.000 0.000 1.175 2.879 0.000 0.424 0.000 0.192 0.069 0.000 0.196 0.000 0.000 0.000 
1 test1dax_inconsistent right_hidden
0.949 0.500 0.938 0.000 0.000 1.589 0.000 0.563 0.154 0.169 0.000 0.000 0.807 0.735 0.375 0.672 0.000 0.000 0.000 1.372 
---
0 test1dax_consistent left_hidden
0.626 0.000 0.012 0.000 0.740 0.197 0.000 0.584 0.419 0.000 0.000 0.473 1.081 0.949 0.361 0.253 1.320 2.025 0.021 0.000 
0 test1dax_consistent right_hidden
1.408 0.000 0.000 0.000 0.000 1.700 0.000 0.000 0.794 0.000 0.000 4.772 0.910 1.016 3.007 3.633 0.000 0.836 0.000 0.000 
---
1 test1dax_inconsistent left_hidden
0.626 0.000 0.012 0.000 0.740 0.197 0.000 0.584 0.419 0.000 0.000 0.473 1.081 0.949 0.361 0.253 1.320 2.025 0.021 0.000 
1 test1dax_inconsistent right_hidden
0.063 0.000 0.000 0.000 0.000 1.045 0.015 0.000 0.000 0.000 0.000 1.547 0.059 0.242 1.103 1.078 0.599 0.353 0.000 0.000 
---
0 test1dax_consistent left_hidden
1.009 0.000 0.000 0.067 2.294 0.159 1.412 0.576 0.052 1.629 0.385 0.482 0.787 0.361 0.000 0.000 0.000 0.268 0.236 0.000 
0 test1dax_consistent right_hidden
0.000 1.175 0.000 0.000 3.507 0.000 3.135 0.000 0.000 2.951 1.900 0.000 0.222 0.000 0.000 0.000 0.000 3.184 0.000 1.708 
---
1 test1dax_inconsistent left_hidden
1.009 0.000 0.000 0.067 2.294 0.159 1.412 0.576 0.052 1.629 0.385 0.482 0.787 0.361 0.000 0.000 0.000 0.268 0.236 0.000 
1 test1dax_inconsistent right_hidden
0.223 0.296 0.262 0.035 0.788 0.190 1.539 0.000 0.000 1.900 0.609 0.556 0.367 0.082 0.105 0.000 0.059 0.944 0.000 0.252 
---
0 test1dax_consistent left_hidden
0.118 0.000 2.084 0.000 0.422 0.000 0.000 0.871 0.000 0.515 0.000 0.260 0.772 0.572 1.226 0.819 0.020 0.000 1.618 0.908 
0 test1dax_consistent right_hidden
0.000 0.000 0.000 0.000 0.000 0.000 0.801 0.000 2.890 0.000 2.646 3.663 1.651 0.000 3.637 0.063 0.000 0.000 2.405 1.236 
---
1 test1dax_inconsistent left_hidden
0.118 0.000 2.084 0.000 0.422 0.000 0.000 0.871 0.000 0.515 0.000 0.260 0.772 0.572 1.226 0.819 0.020 0.000 1.618 0.908 
1 test1dax_inconsistent right_hidden
0.000 0.000 0.195 0.000 0.633 0.000 0.000 0.460 0.663 0.299 0.347 1.520 0.461 0.205 1.831 0.193 0.058 0.000 0.811 0.360 
---
0 test1dax_consistent left_hidden
1.194 0.025 0.000 0.108 0.011 0.448 0.132 0.416 0.000 0.000 0.496 0.000 0.000 0.000 2.051 0.242 0.000 0.000 0.589 2.101 
0 test1dax_consistent right_hidden
0.000 0.000 0.000 1.510 1.448 3.737 4.333 0.000 1.028 0.000 0.594 0.000 0.000 0.000 0.026 0.762 0.000 2.387 2.605 0.124 
---
1 test1dax_inconsistent left_hidden
1.194 0.025 0.000 0.108 0.011 0.448 0.132 0.416 0.000 0.000 0.496 0.000 0.000 0.000 2.051 0.242 0.000 0.000 0.589 2.101 
1 test1dax_inconsistent right_hidden
0.000 0.000 0.000 1.015 1.105 0.850 1.267 0.212 1.059 0.000 0.503 0.000 0.000 0.000 0.018 0.437 0.000 1.461 0.898 0.497 
---
0 test1dax_consistent left_hidden
0.000 0.089 0.000 0.000 0.000 0.000 0.000 0.162 0.591 0.635 0.791 1.067 0.912 0.321 0.000 2.367 0.048 0.627 0.986 0.333 
0 test1dax_consistent right_hidden
0.000 0.022 0.000 0.000 0.000 1.721 0.000 0.000 0.000 2.389 0.000 5.481 0.000 0.000 1.048 0.000 2.282 2.867 0.289 0.000 
---
1 test1dax_inconsistent left_hidden
0.000 0.089 0.000 0.000 0.000 0.000 0.000 0.162 0.591 0.635 0.791 1.067 0.912 0.321 0.000 2.367 0.048 0.627 0.986 0.333 
1 test1dax_inconsistent right_hidden
0.000 0.033 0.000 0.000 0.336 0.941 0.000 0.087 0.343 0.430 0.000 2.096 0.000 0.000 0.967 0.000 1.255 0.178 0.942 0.000 
---
0 test1dax_consistent left_hidden
0.317 1.598 0.000 0.000 0.402 1.823 2.068 0.000 0.000 0.098 0.000 0.000 0.186 0.000 0.000 0.829 0.448 0.016 0.048 0.000 
0 test1dax_consistent right_hidden
0.326 0.000 0.591 0.000 2.702 0.494 0.000 3.867 0.000 2.362 0.000 0.360 0.503 0.000 0.000 3.616 0.000 0.665 2.468 0.000 
---
1 test1dax_inconsistent left_hidden
0.317 1.598 0.000 0.000 0.402 1.823 2.068 0.000 0.000 0.098 0.000 0.000 0.186 0.000 0.000 0.829 0.448 0.016 0.048 0.000 
1 test1dax_inconsistent right_hidden
0.329 0.000 0.117 0.000 1.085 0.000 0.286 1.001 0.000 0.885 0.120 0.000 0.605 0.000 0.000 1.581 0.000 0.813 0.645 0.032 
---
0 test1dax_consistent left_hidden
0.734 0.030 0.000 0.429 1.699 1.730 0.000 2.358 0.446 0.000 0.120 0.000 0.000 0.982 0.000 0.711 0.000 0.000 0.848 0.270 
0 test1dax_consistent right_hidden
0.914 0.000 2.066 5.061 0.399 1.127 0.000 0.000 1.326 0.000 2.512 0.000 0.718 2.252 0.660 2.337 0.043 0.000 1.116 0.000 
---
1 test1dax_inconsistent left_hidden
0.734 0.030 0.000 0.429 1.699 1.730 0.000 2.358 0.446 0.000 0.120 0.000 0.000 0.982 0.000 0.711 0.000 0.000 0.848 0.270 
1 test1dax_inconsistent right_hidden
0.315 0.205 0.579 1.447 0.582 0.535 0.000 0.442 0.987 0.000 0.505 0.000 0.000 0.526 0.395 1.230 0.154 0.000 0.679 0.000 
---
0 test1dax_consistent left_hidden
0.000 0.000 0.536 0.000 0.678 0.000 0.258 0.227 0.967 1.820 2.197 0.092 0.158 0.000 0.404 0.381 0.000 0.000 0.948 0.000 
0 test1dax_consistent right_hidden
0.000 0.000 1.188 2.521 0.365 0.858 0.083 0.000 0.931 1.453 0.000 0.000 0.138 0.000 4.486 0.000 4.379 0.029 0.000 0.000 
---
1 test1dax_inconsistent left_hidden
0.000 0.000 0.536 0.000 0.678 0.000 0.258 0.227 0.967 1.820 2.197 0.092 0.158 0.000 0.404 0.381 0.000 0.000 0.948 0.000 
1 test1dax_inconsistent right_hidden
0.000 0.000 0.424 1.073 0.000 0.819 0.000 0.000 0.705 0.000 0.376 0.000 0.374 0.000 1.335 0.000 1.264 0.406 0.098 0.000 
---
0 test1dax_consistent left_hidden
0.208 2.071 0.000 0.000 0.591 0.000 0.267 0.000 0.501 0.000 0.088 0.775 0.504 0.000 1.178 1.562 0.000 0.000 0.803 0.000 
0 test1dax_consistent right_hidden
0.000 0.000 0.000 0.000 0.001 0.000 4.768 0.000 0.000 0.000 0.000 0.000 3.399 0.000 2.555 1.638 2.443 0.526 1.733 0.000 
---
1 test1dax_inconsistent left_hidden
0.208 2.071 0.000 0.000 0.591 0.000 0.267 0.000 0.501 0.000 0.088 0.775 0.504 0.000 1.178 1.562 0.000 0.000 0.803 0.000 
1 test1dax_inconsistent right_hidden
0.000 0.227 0.000 0.000 0.000 0.000 1.585 0.000 0.000 0.000 0.000 0.000 0.679 0.330 0.465 1.184 0.982 0.570 1.280 0.000 
---
0 test1dax_consistent left_hidden
0.000 0.241 0.000 0.000 1.688 2.065 0.757 0.000 0.000 0.175 0.000 0.000 0.000 0.960 0.062 1.576 0.000 0.436 0.207 0.000 
0 test1dax_consistent right_hidden
0.000 0.000 0.000 0.437 0.000 3.629 0.000 0.013 0.000 0.000 0.000 0.000 0.000 0.069 0.000 6.032 0.000 0.597 0.000 0.000 
---
1 test1dax_inconsistent left_hidden
0.000 0.241 0.000 0.000 1.688 2.065 0.757 0.000 0.000 0.175 0.000 0.000 0.000 0.960 0.062 1.576 0.000 0.436 0.207 0.000 
1 test1dax_inconsistent right_hidden
0.000 0.498 0.000 0.766 0.129 0.407 0.293 0.193 0.000 0.097 0.000 0.000 0.037 0.000 0.000 2.763 0.000 0.031 0.239 0.000 
---
0 test1dax_consistent left_hidden
0.103 0.000 0.001 0.305 1.465 0.000 0.000 0.000 0.146 1.460 0.000 0.179 0.153 1.227 0.000 0.000 0.211 2.106 1.406 0.000 
0 test1dax_consistent right_hidden
0.835 1.346 0.000 0.034 0.000 0.000 0.000 0.000 1.769 0.000 1.633 0.000 0.000 1.497 0.000 0.000 1.625 3.645 3.312 1.098 
---
1 test1dax_inconsistent left_hidden
0.103 0.000 0.001 0.305 1.465 0.000 0.000 0.000 0.146 1.460 0.000 0.179 0.153 1.227 0.000 0.000 0.211 2.106 1.406 0.000 
1 test1dax_inconsistent right_hidden
0.713 0.434 0.141 0.371 0.321 0.176 0.000 0.000 1.179 0.241 0.681 0.054 0.047 0.538 0.000 0.078 0.579 0.613 0.580 0.152 
---
0 test1dax_consistent left_hidden
0.293 1.357 0.002 0.506 0.000 0.000 0.000 0.596 0.000 0.000 0.160 0.480 0.110 0.000 0.179 0.000 2.564 0.403 0.475 0.955 
0 test1dax_consistent right_hidden
2.828 0.000 0.000 0.000 0.000 0.000 0.980 0.000 0.000 0.000 0.000 3.976 0.000 0.000 0.000 1.907 0.012 0.160 0.000 3.587 
---
1 test1dax_inconsistent left_hidden
0.293 1.357 0.002 0.506 0.000 0.000 0.000 0.596 0.000 0.000 0.160 0.480 0.110 0.000 0.179 0.000 2.564 0.403 0.475 0.955 
1 test1dax_inconsistent right_hidden
0.376 0.000 0.000 0.000 0.260 0.000 0.446 0.511 0.000 0.154 0.000 0.710 0.321 0.000 0.062 0.147 0.000 0.772 0.329 1.475 
---
0 test1dax_consistent left_hidden
0.000 0.160 0.734 0.151 0.000 0.038 0.114 0.045 0.236 0.000 0.539 0.001 1.281 2.017 0.221 2.080 0.000 0.000 0.000 0.640 
0 test1dax_consistent right_hidden
0.000 0.000 5.078 0.000 0.000 0.000 1.602 0.000 0.075 1.906 0.000 1.310 0.000 0.669 1.751 2.646 0.000 0.000 2.702 0.000 
---
1 test1dax_inconsistent left_hidden
0.000 0.160 0.734 0.151 0.000 0.038 0.114 0.045 0.236 0.000 0.539 0.001 1.281 2.017 0.221 2.080 0.000 0.000 0.000 0.640 
1 test1dax_inconsistent right_hidden
0.000 0.000 1.692 0.481 0.000 0.055 0.808 0.000 0.000 0.449 0.060 0.853 0.000 1.261 0.166 0.337 0.000 0.000 1.039 0.000 
---
0 test1dax_consistent left_hidden
0.622 0.358 2.046 1.493 0.689 0.157 0.000 1.058 0.000 0.518 1.085 0.000 0.000 0.112 0.000 0.000 0.000 0.065 0.024 0.000 
0 test1dax_consistent right_hidden
0.000 0.000 2.102 0.000 1.422 0.000 0.000 3.081 0.400 0.000 3.750 1.006 3.205 0.000 1.996 0.000 0.000 0.000 0.000 1.864 
---
1 test1dax_inconsistent left_hidden
0.622 0.358 2.046 1.493 0.689 0.157 0.000 1.058 0.000 0.518 1.085 0.000 0.000 0.112 0.000 0.000 0.000 0.065 0.024 0.000 
1 test1dax_inconsistent right_hidden
0.139 0.000 0.126 0.254 1.098 0.000 0.013 1.470 0.345 0.017 0.787 0.139 1.164 0.343 1.222 0.000 0.000 0.000 0.000 1.576 
---
0 test1dax_consistent left_hidden
0.557 0.000 0.047 0.066 0.015 1.234 0.430 0.000 0.348 0.000 0.177 0.362 1.304 0.597 0.761 2.619 0.000 0.000 0.000 0.000 
0 test1dax_consistent right_hidden
0.000 0.000 0.604 0.000 2.473 2.381 2.230 2.348 1.459 0.000 0.000 0.710 0.000 0.000 1.642 3.215 0.000 2.949 0.000 2.345 
---
1 test1dax_inconsistent left_hidden
0.557 0.000 0.047 0.066 0.015 1.234 0.430 0.000 0.348 0.000 0.177 0.362 1.304 0.597 0.761 2.619 0.000 0.000 0.000 0.000 
1 test1dax_inconsistent right_hidden
0.419 0.000 0.000 0.000 0.619 0.864 0.753 1.053 1.236 0.000 0.000 0.762 0.354 0.000 0.362 0.884 0.263 1.227 0.000 0.911 
---
0 test1dax_consistent left_hidden
1.847 0.551 0.630 0.766 1.331 0.873 0.000 0.622 0.285 0.466 0.288 0.698 0.972 0.000 0.000 0.130 0.685 0.000 0.092 0.000 
0 test1dax_consistent right_hidden
1.932 3.503 2.630 2.964 0.000 0.000 0.000 1.619 0.000 0.726 2.677 0.000 0.000 0.000 0.106 2.404 0.000 0.000 0.000 0.000 
---
1 test1dax_inconsistent left_hidden
1.847 0.551 0.630 0.766 1.331 0.873 0.000 0.622 0.285 0.466 0.288 0.698 0.972 0.000 0.000 0.130 0.685 0.000 0.092 0.000 
1 test1dax_inconsistent right_hidden
1.351 1.869 0.364 0.686 0.000 0.609 0.000 0.335 0.104 0.807 0.643 0.553 0.000 0.000 0.379 0.861 0.000 0.000 0.000 0.000 
---
0 test1dax_consistent left_hidden
0.000 0.663 2.030 0.649 0.507 0.000 0.000 0.000 0.000 0.813 0.000 1.149 1.318 0.000 0.000 0.307 0.102 0.074 1.655 0.000 
0 test1dax_consistent right_hidden
0.000 2.641 0.000 0.621 0.220 1.017 0.000 1.994 0.000 4.332 0.000 0.056 0.855 1.970 0.000 1.134 0.372 1.602 1.137 2.088 
---
1 test1dax_inconsistent left_hidden
0.000 0.663 2.030 0.649 0.507 0.000 0.000 0.000 0.000 0.813 0.000 1.149 1.318 0.000 0.000 0.307 0.102 0.074 1.655 0.000 
1 test1dax_inconsistent right_hidden
0.000 0.152 0.511 0.041 0.661 0.196 0.357 0.590 0.000 1.585 0.000 0.000 0.348 0.254 0.000 0.334 0.607 0.465 0.828 0.342 
---
0 test1dax_consistent left_hidden
0.000 1.563 1.395 0.000 0.000 1.039 0.000 0.375 0.596 0.708 0.141 0.000 0.345 0.003 0.746 0.360 1.717 0.058 0.000 0.287 
0 test1dax_consistent right_hidden
2.046 2.478 0.000 0.000 0.000 0.211 0.000 0.078 0.000 4.029 0.000 0.000 3.185 0.000 0.000 0.000 0.851 2.403 0.000 0.037 
---
1 test1dax_inconsistent left_hidden
0.000 1.563 1.395 0.000 0.000 1.039 0.000 0.375 0.596 0.708 0.141 0.000 0.345 0.003 0.746 0.360 1.717 0.058 0.000 0.287 
1 test1dax_inconsistent right_hidden
0.416 0.466 0.395 0.254 0.000 0.786 0.000 0.914 0.000 1.080 0.000 0.000 1.778 0.000 0.259 0.000 0.896 0.668 0.000 0.000 
---
0 test1dax_consistent left_hidden
0.000 1.757 0.234 0.000 0.000 0.338 0.000 0.072 1.331 0.224 1.759 0.959 0.121 0.240 0.083 0.142 1.498 0.091 0.062 0.000 
0 test1dax_consistent right_hidden
3.639 0.000 0.165 0.000 0.000 0.029 2.150 1.638 3.218 0.000 2.094 0.000 0.654 0.000 0.643 0.000 1.549 2.338 2.764 0.593 
---
1 test1dax_inconsistent left_hidden
0.000 1.757 0.234 0.000 0.000 0.338 0.000 0.072 1.331 0.224 1.759 0.959 0.121 0.240 0.083 0.142 1.498 0.091 0.062 0.000 
1 test1dax_inconsistent right_hidden
0.842 0.160 0.609 0.000 0.000 0.140 0.674 0.724 1.190 0.000 0.172 0.000 0.701 0.000 0.421 0.198 1.542 0.324 0.843 0.750 
---
0 test1dax_consistent left_hidden
0.000 1.034 0.777 0.158 0.000 0.486 0.074 1.263 0.000 1.073 0.358 0.984 0.000 0.000 0.000 0.000 0.336 0.000 0.116 2.524 
0 test1dax_consistent right_hidden
1.792 0.000 0.000 0.000 1.014 1.800 0.000 3.641 1.223 0.527 0.000 4.286 0.000 0.000 0.079 0.000 1.359 0.000 0.000 0.000 
---
1 test1dax_inconsistent left_hidden
0.000 1.034 0.777 0.158 0.000 0.486 0.074 1.263 0.000 1.073 0.358 0.984 0.000 0.000 0.000 0.000 0.336 0.000 0.116 2.524 
1 test1dax_inconsistent right_hidden
0.256 0.247 0.090 0.515 0.000 0.186 0.427 0.459 0.623 1.113 0.000 1.374 0.000 0.043 0.455 0.000 0.874 0.000 0.395 0.000 
---
0 test1dax_consistent left_hidden
0.000 0.000 0.000 0.000 1.768 0.000 0.000 0.000 0.000 0.000 0.478 0.609 0.825 1.704 0.055 0.040 1.200 1.442 0.000 0.468 
0 test1dax_consistent right_hidden
5.498 0.436 0.000 1.624 0.000 0.000 0.000 0.000 0.000 0.000 0.000 1.218 0.000 0.004 0.000 0.000 4.166 0.000 0.000 0.000 
---
1 test1dax_inconsistent left_hidden
0.000 0.000 0.000 0.000 1.768 0.000 0.000 0.000 0.000 0.000 0.478 0.609 0.825 1.704 0.055 0.040 1.200 1.442 0.000 0.468 
1 test1dax_inconsistent right_hidden
1.425 0.885 0.000 0.954 0.180 0.000 0.372 0.000 0.000 0.000 0.261 1.367 0.049 0.288 0.000 0.000 2.357 0.000 0.000 0.052 
---
0 test1dax_consistent left_hidden
0.011 0.000 0.000 0.974 0.122 1.263 1.531 0.509 0.000 0.620 0.790 0.000 0.128 2.212 0.655 0.000 0.000 0.000 0.105 0.000 
0 test1dax_consistent right_hidden
4.547 0.999 0.000 0.000 0.098 0.000 0.000 0.000 0.360 0.055 0.000 0.000 0.073 1.388 2.875 0.000 0.000 0.000 2.814 1.460 
---
1 test1dax_inconsistent left_hidden
0.011 0.000 0.000 0.974 0.122 1.263 1.531 0.509 0.000 0.620 0.790 0.000 0.128 2.212 0.655 0.000 0.000 0.000 0.105 0.000 
1 test1dax_inconsistent right_hidden
1.165 0.609 0.000 0.395 0.283 0.000 0.000 0.000 0.000 0.320 0.091 0.000 0.746 0.000 1.201 0.000 0.027 0.000 1.207 0.724 
---
0 test1dax_consistent left_hidden
0.087 0.677 0.186 0.000 0.000 0.000 0.058 0.000 0.000 0.000 0.000 0.301 2.174 0.000 0.000 0.000 1.207 0.210 1.864 0.147 
0 test1dax_consistent right_hidden
0.326 3.928 1.194 0.000 0.133 3.260 0.978 3.396 0.000 2.225 1.285 0.000 0.252 0.000 0.000 0.000 0.000 1.013 0.863 0.000 
---
1 test1dax_inconsistent left_hidden
0.087 0.677 0.186 0.000 0.000 0.000 0.058 0.000 0.000 0.000 0.000 0.301 2.174 0.000 0.000 0.000 1.207 0.210 1.864 0.147 
1 test1dax_inconsistent right_hidden
0.319 1.379 1.148 0.000 0.875 1.537 0.205 0.758 0.000 1.051 0.266 0.000 0.658 0.000 0.000 0.047 0.000 0.375 0.408 0.000 
---
0 test1dax_consistent left_hidden
1.167 1.799 0.000 0.857 0.000 0.000 0.000 0.147 0.061 1.165 0.000 0.783 0.000 1.707 0.767 0.000 0.000 0.413 0.000 0.189 
0 test1dax_consistent right_hidden
0.853 4.859 0.000 0.000 0.232 0.000 0.000 0.000 2.117 2.252 2.068 0.061 0.000 0.000 2.692 0.000 0.342 0.000 0.000 0.400 
---
1 test1dax_inconsistent left_hidden
1.167 1.799 0.000 0.857 0.000 0.000 0.000 0.147 0.061 1.165 0.000 0.783 0.000 1.707 0.767 0.000 0.000 0.413 0.000 0.189 
1 test1dax_inconsistent right_hidden
0.720 1.146 0.000 0.000 0.377 0.000 0.000 0.000 0.708 0.538 1.479 0.569 0.000 0.122 1.251 0.000 0.330 0.000 0.000 0.469 
---
0 test1dax_consistent left_hidden
0.000 0.449 0.000 0.000 0.657 0.000 0.000 0.000 0.000 0.460 0.000 0.000 2.003 0.000 0.000 0.075 0.000 0.000 0.177 2.574 
0 test1dax_consistent right_hidden
0.000 0.000 0.000 0.000 0.000 0.000 0.000 0.000 0.000 3.389 0.000 0.000 0.000 0.000 4.464 0.000 0.000 0.000 0.000 4.004 
---
1 test1dax_inconsistent left_hidden
0.000 0.449 0.000 0.000 0.657 0.000 0.000 0.000 0.000 0.460 0.000 0.000 2.003 0.000 0.000 0.075 0.000 0.000 0.177 2.574 
1 test1dax_inconsistent right_hidden
0.000 0.000 0.000 0.448 0.000 0.000 0.141 0.000 0.133 2.423 0.038 0.000 0.181 0.000 1.179 0.000 0.000 0.000 0.000 0.669 
---
0 test1dax_consistent left_hidden
0.142 0.612 0.000 2.767 0.811 0.045 0.000 0.000 0.014 0.000 0.000 0.152 0.089 1.609 0.106 0.402 0.087 0.342 0.513 0.000 
0 test1dax_consistent right_hidden
0.000 2.259 0.000 1.921 2.580 0.000 0.000 0.000 0.000 0.000 0.891 0.000 2.234 0.242 0.000 0.000 0.000 1.033 0.000 4.963 
---
1 test1dax_inconsistent left_hidden
0.142 0.612 0.000 2.767 0.811 0.045 0.000 0.000 0.014 0.000 0.000 0.152 0.089 1.609 0.106 0.402 0.087 0.342 0.513 0.000 
1 test1dax_inconsistent right_hidden
0.000 1.253 0.000 0.297 0.459 0.000 0.000 0.000 0.000 0.131 1.037 0.000 1.566 0.600 0.000 0.000 0.000 1.114 0.379 1.424 
---
0 test1dax_consistent left_hidden
0.022 1.480 0.000 0.425 1.490 0.237 0.000 0.017 0.096 0.764 0.461 2.041 1.163 0.079 0.700 0.552 0.000 0.135 1.540 0.000 
0 test1dax_consistent right_hidden
0.000 0.390 0.042 0.005 2.124 0.000 0.000 1.164 0.000 0.884 2.097 0.651 0.000 1.499 1.296 1.635 3.640 1.041 0.000 0.000 
---
1 test1dax_inconsistent left_hidden
0.022 1.480 0.000 0.425 1.490 0.237 0.000 0.017 0.096 0.764 0.461 2.041 1.163 0.079 0.700 0.552 0.000 0.135 1.540 0.000 
1 test1dax_inconsistent right_hidden
0.035 0.734 0.101 0.000 0.977 0.000 0.188 0.360 0.198 0.321 0.650 0.000 0.560 0.050 0.397 0.246 0.228 0.296 0.529 0.000 
---
0 test1dax_consistent left_hidden
0.000 0.154 0.540 1.057 1.103 0.000 0.075 0.893 0.680 0.793 0.000 0.794 0.000 0.025 0.000 0.225 0.368 0.558 2.421 0.399 
0 test1dax_consistent right_hidden
0.025 0.000 0.000 0.000 0.111 0.000 0.167 0.000 2.524 4.796 2.367 0.009 0.364 0.255 0.000 0.041 0.000 1.528 1.209 1.909 
---
1 test1dax_inconsistent left_hidden
0.000 0.154 0.540 1.057 1.103 0.000 0.075 0.893 0.680 0.793 0.000 0.794 0.000 0.025 0.000 0.225 0.368 0.558 2.421 0.399 
1 test1dax_inconsistent right_hidden
0.146 0.263 0.417 0.000 0.181 0.000 0.461 0.000 0.423 1.866 0.616 0.409 0.417 0.208 0.000 0.788 0.000 0.000 0.369 0.332 
---
0 test1dax_consistent left_hidden
0.202 0.143 0.619 2.529 0.038 0.674 0.034 0.000 0.000 1.445 0.000 0.213 0.000 0.622 0.000 0.000 1.128 0.301 0.017 0.000 
0 test1dax_consistent right_hidden
0.067 1.350 0.146 0.000 0.000 3.210 0.000 0.000 0.000 0.000 0.000 0.000 0.000 0.000 0.000 0.000 5.302 2.737 0.166 0.641 
---
1 test1dax_inconsistent left_hidden
0.202 0.143 0.619 2.529 0.038 0.674 0.034 0.000 0.000 1.445 0.000 0.213 0.000 0.622 0.000 0.000 1.128 0.301 0.017 0.000 
1 test1dax_inconsistent right_hidden
0.000 0.016 0.627 0.000 0.531 0.766 0.117 0.000 0.335 0.000 0.000 0.110 0.027 0.000 0.058 0.000 1.701 1.091 0.200 0.000 
---
0 test1dax_consistent left_hidden
0.000 1.097 0.000 0.522 0.016 0.000 0.262 0.048 0.000 0.835 0.712 0.438 0.000 0.000 2.586 0.309 0.922 0.000 1.077 0.000 
0 test1dax_consistent right_hidden
0.000 0.360 0.000 3.646 0.000 0.896 1.664 0.018 0.000 0.000 0.000 0.000 0.000 0.000 1.717 3.191 0.032 2.596 1.582 3.005 
---
1 test1dax_inconsistent left_hidden
0.000 1.097 0.000 0.522 0.016 0.000 0.262 0.048 0.000 0.835 0.712 0.438 0.000 0.000 2.586 0.309 0.922 0.000 1.077 0.000 
1 test1dax_inconsistent right_hidden
0.000 0.187 0.329 1.169 0.000 0.137 1.109 0.054 0.000 0.000 0.616 0.330 0.000 0.000 0.203 1.411 0.390 1.362 1.246 0.481 
---
0 test1dax_consistent left_hidden
0.000 0.000 0.617 1.699 0.000 0.655 0.000 0.745 0.100 0.683 0.382 0.882 0.000 0.330 0.000 0.221 0.219 0.078 1.583 1.096 
0 test1dax_consistent right_hidden
0.000 4.768 1.835 0.025 0.000 1.022 0.000 0.006 0.000 0.194 2.380 0.000 3.442 0.000 0.000 0.000 0.000 1.545 0.616 0.000 
---
1 test1dax_inconsistent left_hidden
0.000 0.000 0.617 1.699 0.000 0.655 0.000 0.745 0.100 0.683 0.382 0.882 0.000 0.330 0.000 0.221 0.219 0.078 1.583 1.096 
1 test1dax_inconsistent right_hidden
0.000 1.616 0.056 1.110 0.000 0.675 0.000 0.255 0.000 0.758 0.612 0.000 1.354 0.000 0.000 0.008 0.000 0.950 0.136 0.185 
---
0 test1dax_consistent left_hidden
2.606 0.670 0.000 0.000 0.024 0.000 0.037 0.413 0.000 0.000 0.000 0.708 0.152 0.461 0.000 0.000 0.000 0.110 1.004 0.082 
0 test1dax_consistent right_hidden
5.868 0.376 0.000 1.778 0.000 0.000 0.568 0.000 2.733 0.000 0.000 2.995 0.388 0.000 0.387 0.907 0.925 0.000 0.000 0.000 
---
1 test1dax_inconsistent left_hidden
2.606 0.670 0.000 0.000 0.024 0.000 0.037 0.413 0.000 0.000 0.000 0.708 0.152 0.461 0.000 0.000 0.000 0.110 1.004 0.082 
1 test1dax_inconsistent right_hidden
1.532 0.680 0.000 0.826 0.223 0.000 0.000 0.000 1.227 0.000 0.000 2.131 0.289 0.075 1.040 0.279 0.292 0.000 0.000 0.465 
---
0 test1dax_consistent left_hidden
0.576 0.000 0.463 0.627 0.868 0.020 0.000 0.000 0.000 2.143 1.614 0.510 0.754 0.000 0.881 0.000 0.350 0.000 0.000 0.480 
0 test1dax_consistent right_hidden
1.393 2.656 0.314 0.000 0.000 1.518 0.000 0.000 1.975 1.847 1.760 0.000 0.000 0.000 2.577 0.000 0.000 0.000 1.142 4.167 
---
1 test1dax_inconsistent left_hidden
0.576 0.000 0.463 0.627 0.868 0.020 0.000 0.000 0.000 2.143 1.614 0.510 0.754 0.000 0.881 0.000 0.350 0.000 0.000 0.480 
1 test1dax_inconsistent right_hidden
1.043 0.628 0.620 0.001 0.066 0.808 0.000 0.020 0.188 1.132 0.000 0.087 0.000 0.000 1.091 0.000 0.490 0.000 0.806 1.359 
---
0 test1dax_consistent left_hidden
0.527 0.860 0.438 0.000 0.000 0.502 0.659 0.600 0.596 0.000 1.002 1.563 1.955 0.077 0.000 0.186 0.000 0.132 0.858 0.280 
0 test1dax_consistent right_hidden
0.051 1.239 2.750 1.428 0.000 0.349 0.000 0.053 0.000 2.683 0.000 4.786 0.000 0.037 0.000 0.000 2.127 0.000 1.221 0.000 
---
1 test1dax_inconsistent left_hidden
0.527 0.860 0.438 0.000 0.000 0.502 0.659 0.600 0.596 0.000 1.002 1.563 1.955 0.077 0.000 0.186 0.000 0.132 0.858 0.280 
1 test1dax_inconsistent right_hidden
0.502 0.426 0.228 0.556 0.103 1.020 0.000 0.083 0.127 0.767 0.592 1.584 0.080 0.135 0.000 0.000 0.464 0.089 1.332 0.164 
---
0 test1dax_consistent left_hidden
1.386 0.225 2.256 0.000 0.528 0.085 0.044 0.572 0.617 0.504 1.003 0.000 0.032 0.000 0.731 0.248 0.317 0.000 0.093 1.330 
0 test1dax_consistent right_hidden
0.000 0.654 1.943 0.000 0.000 1.616 1.541 4.079 0.694 2.645 2.915 0.000 0.269 0.000 0.756 0.000 0.000 1.119 0.000 0.000 
---
1 test1dax_inconsistent left_hidden
1.386 0.225 2.256 0.000 0.528 0.085 0.044 0.572 0.617 0.504 1.003 0.000 0.032 0.000 0.731 0.248 0.317 0.000 0.093 1.330 
1 test1dax_inconsistent right_hidden
0.010 0.357 0.420 0.000 0.247 0.210 0.000 0.989 1.075 0.588 1.618 0.000 0.124 0.000 0.263 0.292 0.348 0.810 0.423 0.611 
---
0 test1dax_consistent left_hidden
0.160 1.802 0.046 0.000 1.629 1.277 0.366 0.211 0.000 0.569 0.878 0.245 0.289 0.000 0.000 0.000 0.597 0.000 0.000 0.932 
0 test1dax_consistent right_hidden
0.000 0.000 0.683 4.499 1.575 0.910 0.032 2.677 0.000 0.000 1.559 1.286 0.000 0.000 0.310 1.379 1.016 0.000 0.000 2.854 
---
1 test1dax_inconsistent left_hidden
0.160 1.802 0.046 0.000 1.629 1.277 0.366 0.211 0.000 0.569 0.878 0.245 0.289 0.000 0.000 0.000 0.597 0.000 0.000 0.932 
1 test1dax_inconsistent right_hidden
0.000 0.447 1.149 1.805 0.441 0.339 0.641 0.251 0.000 0.000 0.344 0.200 0.138 0.000 0.077 0.751 0.535 0.022 0.000 1.037 
---
0 test1dax_consistent left_hidden
0.588 1.675 0.000 0.000 0.000 0.000 0.000 0.000 0.531 0.000 0.733 2.001 1.004 0.174 0.000 0.000 0.339 0.000 1.815 0.000 
0 test1dax_consistent right_hidden
1.392 2.848 0.000 0.901 0.999 0.000 0.816 0.661 3.169 0.000 4.113 0.000 0.000 0.000 0.000 0.000 2.535 0.000 0.000 0.000 
---
1 test1dax_inconsistent left_hidden
0.588 1.675 0.000 0.000 0.000 0.000 0.000 0.000 0.531 0.000 0.733 2.001 1.004 0.174 0.000 0.000 0.339 0.000 1.815 0.000 
1 test1dax_inconsistent right_hidden
0.687 0.815 0.099 0.132 0.000 0.000 0.649 1.433 0.714 0.000 1.380 0.000 0.000 0.102 0.000 0.000 1.190 0.000 0.000 0.000 
---
0 test1dax_consistent left_hidden
0.730 1.371 1.112 0.000 0.000 1.105 0.271 1.055 0.133 0.000 1.263 1.341 0.016 0.945 0.000 0.875 0.086 0.000 0.819 0.024 
0 test1dax_consistent right_hidden
2.506 0.069 0.000 0.000 0.000 1.163 0.000 0.075 0.062 0.000 2.380 3.280 0.000 0.000 3.711 2.413 0.000 1.127 0.546 1.166 
---
1 test1dax_inconsistent left_hidden
0.730 1.371 1.112 0.000 0.000 1.105 0.271 1.055 0.133 0.000 1.263 1.341 0.016 0.945 0.000 0.875 0.086 0.000 0.819 0.024 
1 test1dax_inconsistent right_hidden
1.889 0.230 0.000 0.000 0.414 1.004 0.201 0.021 0.000 0.000 0.731 0.925 0.000 0.000 1.367 0.809 0.320 0.000 0.000 0.106 
---
0 test1dax_consistent left_hidden
1.534 1.004 0.257 0.007 0.043 0.557 1.613 2.323 0.000 0.442 0.000 0.000 0.000 0.000 0.000 0.000 0.101 0.277 0.517 0.001 
0 test1dax_consistent right_hidden
1.658 6.181 0.000 0.000 0.069 0.000 1.803 0.000 0.000 0.351 0.000 0.000 0.000 2.060 0.000 0.000 0.680 1.727 0.728 0.014 
---
1 test1dax_inconsistent left_hidden
1.534 1.004 0.257 0.007 0.043 0.557 1.613 2.323 0.000 0.442 0.000 0.000 0.000 0.000 0.000 0.000 0.101 0.277 0.517 0.001 
1 test1dax_inconsistent right_hidden
1.186 1.665 0.000 0.000 0.000 0.000 1.569 0.000 0.000 0.503 0.000 0.000 0.000 0.475 0.000 0.000 0.480 1.186 0.000 0.041 
---
0 test1dax_consistent left_hidden
1.861 1.015 0.614 1.153 0.000 0.021 0.653 0.000 0.982 0.000 0.872 0.981 0.610 0.332 1.202 0.000 0.988 0.419 0.000 0.171 
0 test1dax_consistent right_hidden
2.309 1.413 0.000 0.000 0.000 1.572 0.000 0.000 1.801 0.000 0.327 1.785 1.506 0.692 0.000 0.000 0.033 3.854 3.033 0.000 
---
1 test1dax_inconsistent left_hidden
1.861 1.015 0.614 1.153 0.000 0.021 0.653 0.000 0.982 0.000 0.872 0.981 0.610 0.332 1.202 0.000 0.988 0.419 0.000 0.171 
1 test1dax_inconsistent right_hidden
0.869 0.954 0.433 0.000 0.000 0.403 0.048 0.000 0.371 0.171 1.163 0.344 0.650 0.994 0.115 0.000 0.000 0.936 1.093 0.000 
---
0 test1dax_consistent left_hidden
0.327 0.625 0.168 0.184 0.250 0.468 0.000 1.177 1.313 0.784 0.290 0.784 1.024 0.362 0.000 1.146 1.057 0.041 0.000 0.059 
0 test1dax_consistent right_hidden
4.503 0.000 0.617 0.000 0.000 0.213 0.000 0.000 2.108 0.065 0.000 0.000 2.240 1.376 0.000 3.795 0.024 0.000 0.000 1.978 
---
1 test1dax_inconsistent left_hidden
0.327 0.625 0.168 0.184 0.250 0.468 0.000 1.177 1.313 0.784 0.290 0.784 1.024 0.362 0.000 1.146 1.057 0.041 0.000 0.059 
1 test1dax_inconsistent right_hidden
1.728 0.000 0.549 0.262 0.240 0.486 0.000 0.042 0.344 0.402 0.000 0.000 1.482 0.259 0.000 0.765 0.217 0.000 0.000 2.059 
---
0 test1dax_consistent left_hidden
0.514 0.000 0.258 0.182 0.833 0.119 0.477 0.220 1.370 0.142 0.000 1.055 0.548 0.908 0.000 1.216 0.190 0.549 0.185 0.749 
0 test1dax_consistent right_hidden
1.300 0.156 0.000 0.000 2.089 3.892 1.911 0.439 0.000 0.000 0.000 0.933 0.850 3.016 0.000 0.473 0.000 0.659 0.993 0.000 
---
1 test1dax_inconsistent left_hidden
0.514 0.000 0.258 0.182 0.833 0.119 0.477 0.220 1.370 0.142 0.000 1.055 0.548 0.908 0.000 1.216 0.190 0.549 0.185 0.749 
1 test1dax_inconsistent right_hidden
0.726 0.438 0.359 0.000 0.058 1.428 0.539 1.146 0.000 0.000 0.000 0.425 0.063 0.152 0.000 0.068 0.640 0.608 0.078 0.003 
---
0 test1dax_consistent left_hidden
0.920 0.004 1.334 2.185 0.000 0.000 1.232 0.088 0.000 0.000 0.498 0.000 0.000 0.563 0.850 0.000 0.000 0.244 0.806 0.066 
0 test1dax_consistent right_hidden
0.583 0.000 1.191 0.000 2.404 0.000 0.000 0.155 0.000 2.616 1.211 0.000 0.000 2.735 0.000 0.505 0.000 4.300 1.659 0.000 
---
1 test1dax_inconsistent left_hidden
0.920 0.004 1.334 2.185 0.000 0.000 1.232 0.088 0.000 0.000 0.498 0.000 0.000 0.563 0.850 0.000 0.000 0.244 0.806 0.066 
1 test1dax_inconsistent right_hidden
0.890 0.000 1.424 0.240 0.545 0.000 0.119 0.233 0.000 0.755 0.367 0.025 0.000 0.204 0.315 0.000 0.277 1.967 0.485 0.000 
---
