0 test1dax_consistent 0.000 1.018 0.092 0.940 0.000 0.000 0.320 0.000 0.569 0.000 0.160 0.270 0.230 0.451 0.994 1.419 1.161 0.612 0.000 1.488 3.502 0.000 0.061 0.033 0.621 4.329 0.365 1.169 3.697 0.000 1.003 0.000 0.000 0.531 1.152 0.000 0.000 0.000 0.000 1.807 
1 test1dax_inconsistent 0.000 1.018 0.092 0.940 0.000 0.000 0.320 0.000 0.569 0.000 0.160 0.270 0.230 0.451 0.994 1.419 1.161 0.612 0.000 1.488 1.245 0.000 0.295 0.000 0.403 1.409 0.000 0.965 1.123 0.000 1.189 0.000 0.000 0.000 0.482 0.634 0.000 0.000 0.110 1.507 
0 test1dax_consistent 0.000 1.715 0.000 0.564 0.087 0.346 0.763 0.673 0.657 0.416 0.525 0.000 0.116 0.000 0.274 0.087 0.000 1.498 0.000 1.246 0.000 4.432 0.000 0.000 0.000 1.548 0.000 0.167 0.000 1.179 0.853 1.347 0.000 0.000 3.496 0.172 0.000 2.992 0.000 0.000 
1 test1dax_inconsistent 0.000 1.715 0.000 0.564 0.087 0.346 0.763 0.673 0.657 0.416 0.525 0.000 0.116 0.000 0.274 0.087 0.000 1.498 0.000 1.246 0.280 0.633 0.000 0.000 0.012 0.283 0.000 0.413 0.099 1.396 1.371 1.189 0.072 0.000 1.895 0.000 0.000 0.815 0.000 0.000 
0 test1dax_consistent 0.000 0.491 0.735 0.510 0.822 0.850 0.438 0.000 1.354 1.214 0.404 0.000 0.131 1.000 0.128 0.572 0.000 0.000 0.899 1.492 0.000 0.314 0.000 0.870 0.000 2.769 0.180 0.599 2.189 0.000 2.495 0.000 0.000 1.044 0.409 3.198 0.000 0.009 1.071 0.966 
1 test1dax_inconsistent 0.000 0.491 0.735 0.510 0.822 0.850 0.438 0.000 1.354 1.214 0.404 0.000 0.131 1.000 0.128 0.572 0.000 0.000 0.899 1.492 0.000 0.000 0.147 0.874 0.000 0.796 0.627 0.039 0.693 0.535 0.355 0.000 0.046 0.340 0.844 1.174 0.000 0.564 0.000 0.796 
0 test1dax_consistent 0.000 0.000 0.000 0.302 0.000 1.341 0.058 0.000 0.624 2.636 0.000 0.000 0.168 0.000 0.000 0.000 0.764 0.290 0.000 0.000 0.000 1.388 1.053 0.256 0.576 3.480 0.000 0.000 2.942 0.000 0.000 0.000 4.488 0.000 0.000 0.000 0.754 0.116 0.000 0.000 
1 test1dax_inconsistent 0.000 0.000 0.000 0.302 0.000 1.341 0.058 0.000 0.624 2.636 0.000 0.000 0.168 0.000 0.000 0.000 0.764 0.290 0.000 0.000 0.000 0.143 0.295 0.495 1.044 0.831 0.489 0.000 0.623 0.000 0.000 0.000 1.913 0.000 0.000 0.343 0.780 0.206 0.226 0.000 
0 test1dax_consistent 0.091 0.998 1.204 0.844 1.169 0.000 0.000 0.670 0.000 0.000 0.198 0.547 0.427 0.528 0.239 1.354 0.888 0.456 0.040 0.520 0.000 0.000 4.140 1.064 0.000 0.578 0.000 1.276 0.000 0.228 0.288 0.814 3.173 0.000 0.597 0.000 2.447 0.103 1.626 0.000 
1 test1dax_inconsistent 0.091 0.998 1.204 0.844 1.169 0.000 0.000 0.670 0.000 0.000 0.198 0.547 0.427 0.528 0.239 1.354 0.888 0.456 0.040 0.520 0.000 0.000 1.438 0.099 0.000 0.046 0.000 0.921 0.000 0.000 0.056 0.000 1.230 0.000 0.993 0.045 1.833 0.271 0.000 0.000 
0 test1dax_consistent 0.000 0.337 0.840 0.000 1.784 0.916 0.681 0.593 0.000 0.589 0.000 0.270 0.623 0.782 0.000 0.041 0.408 0.000 0.472 1.174 1.906 0.864 2.096 0.581 0.393 0.206 0.000 0.000 0.197 0.766 0.015 0.187 0.000 0.000 0.000 0.287 0.230 0.000 0.168 5.247 
1 test1dax_inconsistent 0.000 0.337 0.840 0.000 1.784 0.916 0.681 0.593 0.000 0.589 0.000 0.270 0.623 0.782 0.000 0.041 0.408 0.000 0.472 1.174 0.738 0.147 0.313 0.006 0.644 0.614 0.000 0.000 0.280 0.406 0.538 0.445 0.000 0.000 0.000 0.346 0.234 0.000 1.049 1.637 
0 test1dax_consistent 0.000 0.364 0.194 0.206 0.537 0.765 0.000 0.341 0.755 0.000 0.000 1.807 0.000 0.360 1.260 1.456 0.214 0.258 0.000 1.273 0.019 1.932 2.146 0.429 0.000 1.262 0.000 1.282 0.000 0.000 0.000 1.385 0.717 0.000 0.000 2.719 0.380 3.861 0.000 3.437 
1 test1dax_inconsistent 0.000 0.364 0.194 0.206 0.537 0.765 0.000 0.341 0.755 0.000 0.000 1.807 0.000 0.360 1.260 1.456 0.214 0.258 0.000 1.273 0.555 0.778 0.672 0.884 0.000 0.164 0.000 0.578 0.195 0.000 0.000 0.730 0.805 0.000 0.276 0.449 0.103 1.058 0.000 1.650 
0 test1dax_consistent 0.956 0.000 0.127 0.000 0.000 0.000 0.000 2.070 0.000 0.000 0.918 1.133 0.919 0.427 0.027 0.051 1.357 0.000 0.000 0.324 0.047 0.000 1.784 0.000 3.089 0.000 0.000 1.794 0.973 1.602 0.000 0.000 2.238 0.000 1.990 0.385 2.525 0.567 0.000 2.691 
1 test1dax_inconsistent 0.956 0.000 0.127 0.000 0.000 0.000 0.000 2.070 0.000 0.000 0.918 1.133 0.919 0.427 0.027 0.051 1.357 0.000 0.000 0.324 0.252 0.037 0.242 0.062 0.877 0.000 0.016 1.167 0.380 1.288 0.000 0.184 1.204 0.000 0.378 0.627 0.688 0.393 0.000 1.082 
0 test1dax_consistent 0.000 0.000 0.000 1.437 1.699 0.000 0.000 0.000 0.487 0.000 0.374 0.000 1.316 0.000 0.000 0.000 0.308 1.416 0.872 0.000 0.000 3.838 0.261 0.237 2.435 0.000 0.000 0.880 1.644 0.471 1.419 1.014 0.623 0.000 0.000 1.489 0.580 3.946 0.468 0.000 
1 test1dax_inconsistent 0.000 0.000 0.000 1.437 1.699 0.000 0.000 0.000 0.487 0.000 0.374 0.000 1.316 0.000 0.000 0.000 0.308 1.416 0.872 0.000 0.000 2.040 0.091 0.875 0.871 0.000 0.000 0.216 0.896 0.120 0.702 0.000 0.000 0.109 0.000 0.336 0.788 0.936 0.000 0.000 
0 test1dax_consistent 1.417 0.000 0.000 0.000 1.033 0.509 0.117 0.530 0.152 1.151 0.000 0.247 0.196 0.000 0.000 0.150 1.311 1.687 1.122 0.277 0.583 0.000 1.286 0.000 0.506 0.000 0.143 0.504 0.266 0.109 0.315 0.000 0.117 4.591 0.000 0.756 2.876 2.602 0.000 0.000 
1 test1dax_inconsistent 1.417 0.000 0.000 0.000 1.033 0.509 0.117 0.530 0.152 1.151 0.000 0.247 0.196 0.000 0.000 0.150 1.311 1.687 1.122 0.277 0.213 0.000 0.340 0.000 0.000 0.248 0.443 0.000 0.443 0.397 0.547 0.516 0.194 1.480 0.000 0.532 2.062 0.390 0.072 0.000 
0 test1dax_consistent 0.504 1.713 1.384 0.000 0.000 0.000 0.647 0.934 0.000 0.458 0.034 1.435 1.303 0.401 0.246 0.313 0.107 0.138 0.000 0.000 0.192 2.787 1.312 0.276 0.774 0.651 1.191 2.749 3.875 0.849 0.034 1.222 0.110 0.000 1.089 0.235 0.712 0.137 0.000 0.049 
1 test1dax_inconsistent 0.504 1.713 1.384 0.000 0.000 0.000 0.647 0.934 0.000 0.458 0.034 1.435 1.303 0.401 0.246 0.313 0.107 0.138 0.000 0.000 0.000 0.788 0.669 0.062 0.040 0.414 0.913 1.563 0.978 0.834 0.000 0.937 0.426 0.000 0.776 0.251 0.784 0.171 0.000 0.121 
0 test1dax_consistent 0.564 0.000 0.000 0.000 0.000 0.467 0.000 0.100 0.872 0.000 0.176 0.096 0.000 1.908 0.764 0.129 0.000 0.000 0.117 1.988 3.433 0.000 0.000 0.155 0.140 0.000 1.094 1.547 2.166 0.000 0.368 2.765 2.955 0.340 3.148 0.000 0.000 0.000 0.000 0.359 
1 test1dax_inconsistent 0.564 0.000 0.000 0.000 0.000 0.467 0.000 0.100 0.872 0.000 0.176 0.096 0.000 1.908 0.764 0.129 0.000 0.000 0.117 1.988 1.607 0.000 0.000 0.415 0.000 0.031 0.295 0.938 0.847 0.130 0.543 0.457 0.761 0.840 0.974 0.000 0.000 0.000 0.000 0.000 
0 test1dax_consistent 0.299 0.247 1.439 0.000 0.000 0.960 0.000 0.290 0.966 0.000 1.378 0.487 0.164 1.485 0.000 0.304 0.689 0.000 1.654 0.732 0.000 0.779 2.348 0.000 1.558 0.000 1.910 1.682 0.079 0.000 0.756 1.307 0.000 1.347 3.015 3.437 0.632 0.000 0.762 0.779 
1 test1dax_inconsistent 0.299 0.247 1.439 0.000 0.000 0.960 0.000 0.290 0.966 0.000 1.378 0.487 0.164 1.485 0.000 0.304 0.689 0.000 1.654 0.732 0.000 0.087 0.752 0.004 0.676 0.055 0.410 1.137 0.000 0.000 0.687 0.344 0.058 1.224 1.209 0.974 0.502 0.003 1.008 0.518 
0 test1dax_consistent 0.000 0.000 1.250 0.790 0.241 0.000 0.000 0.535 1.396 0.310 0.076 0.000 0.000 0.067 0.000 0.806 0.764 0.622 1.891 1.234 0.668 0.215 0.053 0.802 0.000 2.442 3.023 0.000 0.000 2.043 0.000 0.648 0.000 0.000 0.000 1.454 2.517 0.626 4.107 0.000 
1 test1dax_inconsistent 0.000 0.000 1.250 0.790 0.241 0.000 0.000 0.535 1.396 0.310 0.076 0.000 0.000 0.067 0.000 0.806 0.764 0.622 1.891 1.234 0.574 0.165 0.000 0.959 0.000 0.779 0.837 0.000 0.611 1.317 0.098 0.054 0.000 0.022 0.000 0.000 0.368 0.908 1.883 0.000 
0 test1dax_consistent 0.870 0.673 0.000 0.467 0.355 0.000 0.000 0.664 0.715 0.368 1.155 0.000 0.156 0.000 0.102 0.772 0.976 0.001 0.853 2.304 0.000 1.873 0.627 1.583 0.000 1.033 0.000 1.204 0.034 0.928 0.867 2.855 0.011 1.406 1.686 0.000 0.000 0.388 2.799 2.516 
1 test1dax_inconsistent 0.870 0.673 0.000 0.467 0.355 0.000 0.000 0.664 0.715 0.368 1.155 0.000 0.156 0.000 0.102 0.772 0.976 0.001 0.853 2.304 0.374 0.396 0.012 0.301 0.000 0.000 0.000 0.434 0.564 0.891 0.566 1.367 0.000 0.302 0.556 0.391 0.096 0.211 0.574 0.946 
0 test1dax_consistent 1.528 0.000 1.652 0.000 0.000 0.000 1.073 0.035 1.179 0.319 0.000 0.000 0.020 0.377 0.573 0.317 0.000 0.505 0.508 0.097 0.083 0.000 0.000 0.000 0.000 2.269 0.455 0.000 0.000 0.178 0.000 1.028 0.748 1.008 1.537 0.085 0.000 4.333 3.263 0.000 
1 test1dax_inconsistent 1.528 0.000 1.652 0.000 0.000 0.000 1.073 0.035 1.179 0.319 0.000 0.000 0.020 0.377 0.573 0.317 0.000 0.505 0.508 0.097 0.768 0.010 0.000 0.000 0.000 0.575 0.000 0.000 0.248 0.672 0.000 0.145 0.271 1.295 0.727 0.105 0.000 1.723 0.786 0.000 
0 test1dax_consistent 0.000 1.545 0.027 0.000 0.130 0.000 0.000 1.813 0.000 0.000 0.000 0.000 0.000 0.142 0.037 0.176 0.000 0.779 2.119 0.295 0.000 0.129 0.000 0.000 1.625 0.000 0.662 1.452 0.992 0.000 0.467 0.000 0.000 0.000 0.000 4.096 0.000 0.410 4.312 1.331 
1 test1dax_inconsistent 0.000 1.545 0.027 0.000 0.130 0.000 0.000 1.813 0.000 0.000 0.000 0.000 0.000 0.142 0.037 0.176 0.000 0.779 2.119 0.295 0.000 0.339 0.202 0.000 1.673 0.183 0.680 1.468 0.679 0.000 0.177 0.000 0.000 0.000 0.000 1.347 0.000 0.000 0.863 1.007 
0 test1dax_consistent 0.492 0.000 1.463 0.000 0.000 1.535 0.000 2.234 0.000 0.024 0.166 0.368 0.530 0.000 0.000 0.274 0.000 0.000 0.000 0.000 1.008 0.000 0.048 0.000 0.000 0.000 2.733 0.000 0.000 0.000 2.661 0.205 1.089 0.000 0.000 0.000 1.581 0.000 0.000 4.750 
1 test1dax_inconsistent 0.492 0.000 1.463 0.000 0.000 1.535 0.000 2.234 0.000 0.024 0.166 0.368 0.530 0.000 0.000 0.274 0.000 0.000 0.000 0.000 0.336 0.000 0.653 0.000 0.000 0.249 0.300 0.357 0.000 0.000 1.340 0.184 1.090 0.008 0.066 0.000 1.530 0.000 0.000 1.662 
0 test1dax_consistent 0.000 0.000 0.560 0.000 0.000 0.368 0.170 0.970 0.000 0.245 1.880 0.471 0.966 1.630 0.678 0.000 0.389 0.000 0.882 0.625 0.000 0.000 0.000 0.050 0.000 0.004 0.000 3.994 0.121 0.842 1.009 0.774 0.000 0.928 3.380 0.000 1.286 0.000 0.000 2.577 
1 test1dax_inconsistent 0.000 0.000 0.560 0.000 0.000 0.368 0.170 0.970 0.000 0.245 1.880 0.471 0.966 1.630 0.678 0.000 0.389 0.000 0.882 0.625 0.000 0.471 0.654 0.219 0.000 0.092 0.340 1.557 0.350 0.000 0.045 1.385 0.000 0.352 1.450 0.000 1.051 0.000 0.368 0.505 
0 test1dax_consistent 0.000 0.000 0.000 0.915 1.319 0.066 0.078 0.376 0.792 0.085 0.232 0.046 1.820 0.011 0.000 0.090 0.925 0.295 0.000 1.763 0.000 0.000 0.000 0.049 3.444 2.955 2.339 2.071 0.390 0.090 2.900 0.000 0.000 3.030 0.000 0.000 0.000 0.000 0.000 2.122 
1 test1dax_inconsistent 0.000 0.000 0.000 0.915 1.319 0.066 0.078 0.376 0.792 0.085 0.232 0.046 1.820 0.011 0.000 0.090 0.925 0.295 0.000 1.763 0.000 0.000 0.000 0.000 1.569 0.950 1.016 1.450 0.000 0.000 0.830 0.000 0.000 0.525 0.000 0.000 0.000 0.000 0.000 1.258 
0 test1dax_consistent 0.690 0.000 1.675 1.636 1.038 0.746 0.000 0.000 0.216 0.000 0.000 1.424 0.803 0.000 0.000 0.204 0.000 0.019 0.205 0.430 0.076 3.009 1.010 0.629 1.425 0.759 0.000 0.000 1.040 0.000 0.000 0.892 3.038 1.664 0.000 1.083 0.000 0.031 2.896 0.060 
1 test1dax_inconsistent 0.690 0.000 1.675 1.636 1.038 0.746 0.000 0.000 0.216 0.000 0.000 1.424 0.803 0.000 0.000 0.204 0.000 0.019 0.205 0.430 0.491 0.826 0.000 0.685 0.271 0.878 0.571 0.000 0.273 0.068 0.000 0.424 1.261 0.648 0.000 0.388 0.000 0.456 1.485 0.257 
0 test1dax_consistent 0.000 0.500 1.400 0.000 0.000 0.000 0.138 0.000 1.095 1.493 0.000 0.000 0.131 0.880 1.198 0.676 0.544 0.000 0.177 1.003 2.994 0.202 3.653 1.297 0.000 0.000 0.000 0.000 0.000 1.123 0.000 0.318 0.000 0.023 0.000 1.643 0.000 0.655 0.000 2.344 
1 test1dax_inconsistent 0.000 0.500 1.400 0.000 0.000 0.000 0.138 0.000 1.095 1.493 0.000 0.000 0.131 0.880 1.198 0.676 0.544 0.000 0.177 1.003 1.462 0.000 0.988 0.074 0.548 0.000 0.000 0.000 0.000 1.054 0.000 0.000 0.006 0.000 0.564 0.000 0.594 0.000 0.000 1.040 
0 test1dax_consistent 0.000 0.000 0.062 0.000 0.403 0.445 0.504 0.000 1.500 0.479 0.379 2.709 0.399 0.000 0.082 0.000 0.375 0.000 0.000 0.000 0.316 1.918 1.531 1.717 0.782 1.636 0.037 0.000 2.196 1.718 3.214 0.756 0.000 0.000 1.486 3.148 0.319 0.000 0.000 0.000 
1 test1dax_inconsistent 0.000 0.000 0.062 0.000 0.403 0.445 0.504 0.000 1.500 0.479 0.379 2.709 0.399 0.000 0.082 0.000 0.375 0.000 0.000 0.000 0.030 0.682 0.684 1.146 0.000 0.771 0.610 0.000 1.315 0.451 0.923 0.482 0.506 0.000 0.414 1.545 0.000 0.000 0.000 0.000 
0 test1dax_consistent 0.055 0.000 1.988 0.000 0.759 0.000 0.000 0.113 0.000 1.422 0.858 0.314 0.719 0.455 0.468 0.127 1.003 0.000 0.000 0.619 3.252 0.000 0.535 0.000 3.043 0.000 0.000 0.000 2.190 0.096 1.714 0.610 0.030 0.000 0.554 1.938 1.423 0.000 0.193 1.435 
1 test1dax_inconsistent 0.055 0.000 1.988 0.000 0.759 0.000 0.000 0.113 0.000 1.422 0.858 0.314 0.719 0.455 0.468 0.127 1.003 0.000 0.000 0.619 1.257 0.000 0.000 0.268 1.425 0.000 0.001 0.060 0.993 0.270 0.471 0.295 0.485 0.000 0.725 0.362 0.177 0.000 0.136 0.433 
0 test1dax_consistent 1.070 1.057 0.671 0.078 0.106 0.628 0.000 2.470 0.000 0.000 0.000 0.844 0.000 0.000 0.000 0.346 0.000 1.208 0.000 1.328 0.378 4.497 0.000 0.080 0.126 0.086 3.817 0.067 0.000 2.948 0.000 2.765 0.000 0.000 1.548 0.000 0.000 0.024 0.000 0.000 
1 test1dax_inconsistent 1.070 1.057 0.671 0.078 0.106 0.628 0.000 2.470 0.000 0.000 0.000 0.844 0.000 0.000 0.000 0.346 0.000 1.208 0.000 1.328 0.663 2.298 0.000 0.182 0.696 0.258 0.961 0.212 0.000 0.494 0.000 0.799 0.000 0.000 1.267 0.000 0.433 0.028 0.000 0.000 
0 test1dax_consistent 0.000 0.000 0.000 1.217 0.113 0.613 0.998 0.000 0.000 1.764 0.954 0.000 0.000 0.158 0.257 0.484 1.520 0.000 0.000 0.593 0.000 0.000 0.545 4.866 0.177 0.165 2.349 1.972 1.205 0.000 0.305 0.000 0.000 0.000 2.391 0.000 1.431 0.000 0.000 0.861 
1 test1dax_inconsistent 0.000 0.000 0.000 1.217 0.113 0.613 0.998 0.000 0.000 1.764 0.954 0.000 0.000 0.158 0.257 0.484 1.520 0.000 0.000 0.593 0.000 0.012 0.013 1.592 0.349 0.000 0.218 0.746 0.819 0.132 0.420 0.000 0.042 0.000 1.561 0.000 1.003 0.000 0.000 0.000 
0 test1dax_consistent 0.436 0.000 0.126 0.000 0.222 2.146 0.798 0.000 1.169 0.116 0.136 0.209 0.520 0.053 0.470 0.172 1.272 0.017 0.437 0.942 3.518 0.329 1.091 0.000 0.648 1.946 1.546 0.169 0.885 0.000 0.000 0.097 0.000 0.000 0.109 3.522 0.195 1.278 2.557 1.728 
1 test1dax_inconsistent 0.436 0.000 0.126 0.000 0.222 2.146 0.798 0.000 1.169 0.116 0.136 0.209 0.520 0.053 0.470 0.172 1.272 0.017 0.437 0.942 1.744 0.256 0.230 0.000 0.149 0.290 0.368 0.077 0.384 0.000 0.000 0.926 0.000 0.000 0.230 1.259 0.653 0.244 0.963 0.449 
0 test1dax_consistent 0.385 0.673 0.576 0.487 0.000 0.412 0.000 0.062 0.000 0.024 0.674 0.000 2.110 0.000 0.715 0.278 0.687 0.109 0.060 1.549 0.000 0.000 0.688 1.131 0.000 1.792 0.000 0.000 4.144 0.000 3.291 0.000 2.710 0.000 1.486 0.259 0.453 0.000 0.000 1.372 
1 test1dax_inconsistent 0.385 0.673 0.576 0.487 0.000 0.412 0.000 0.062 0.000 0.024 0.674 0.000 2.110 0.000 0.715 0.278 0.687 0.109 0.060 1.549 0.000 0.000 0.094 0.000 0.061 0.240 0.000 0.053 1.447 0.000 1.758 0.000 0.641 0.000 0.162 0.559 1.136 0.202 0.000 1.170 
0 test1dax_consistent 1.185 0.795 0.000 2.109 0.066 0.135 1.421 0.245 0.000 0.411 0.000 0.000 0.000 0.000 1.237 0.880 0.000 0.403 0.000 0.120 0.873 1.553 0.000 1.002 0.000 0.000 3.252 0.705 1.770 0.000 0.000 0.000 0.000 0.000 0.000 0.000 1.473 0.905 0.099 4.101 
1 test1dax_inconsistent 1.185 0.795 0.000 2.109 0.066 0.135 1.421 0.245 0.000 0.411 0.000 0.000 0.000 0.000 1.237 0.880 0.000 0.403 0.000 0.120 1.349 1.459 0.000 0.000 0.000 0.033 1.439 0.125 0.388 0.000 0.089 0.088 0.000 0.000 0.356 0.000 0.343 0.000 0.268 1.280 
0 test1dax_consistent 0.046 0.205 0.098 0.500 1.277 0.000 0.000 0.532 0.162 0.861 1.696 0.000 0.000 0.628 1.206 0.000 1.144 0.251 0.804 1.124 0.123 0.000 0.436 0.168 0.954 0.188 0.000 0.000 1.581 1.555 0.446 0.000 0.000 3.167 1.070 0.000 4.351 0.000 1.021 0.000 
1 test1dax_inconsistent 0.046 0.205 0.098 0.500 1.277 0.000 0.000 0.532 0.162 0.861 1.696 0.000 0.000 0.628 1.206 0.000 1.144 0.251 0.804 1.124 0.509 0.518 0.654 0.567 0.356 0.046 0.000 0.000 0.498 0.477 1.068 0.261 0.000 1.071 0.080 0.000 0.892 0.000 0.000 0.000 
0 test1dax_consistent 0.956 0.415 0.044 1.323 0.160 0.000 0.530 0.505 0.055 0.000 0.000 1.686 1.589 0.395 0.057 0.257 0.151 0.000 0.000 0.000 0.652 1.719 0.000 0.087 0.000 0.000 0.527 1.792 0.601 0.000 0.000 1.276 1.760 0.452 0.000 0.845 0.000 0.000 0.000 5.584 
1 test1dax_inconsistent 0.956 0.415 0.044 1.323 0.160 0.000 0.530 0.505 0.055 0.000 0.000 1.686 1.589 0.395 0.057 0.257 0.151 0.000 0.000 0.000 0.304 0.826 0.094 0.003 0.000 0.000 1.039 0.124 0.035 0.296 0.000 0.083 0.141 0.485 0.235 0.998 0.000 0.000 0.000 2.056 
0 test1dax_consistent 0.000 1.616 0.000 0.000 0.251 0.268 0.277 0.524 1.686 0.379 0.113 0.778 0.000 0.000 0.000 0.124 0.359 0.626 0.347 0.959 0.000 0.965 0.000 0.000 0.356 0.435 5.422 0.000 1.066 0.741 0.580 2.162 0.000 0.000 0.000 0.000 1.895 1.285 0.000 0.000 
1 test1dax_inconsistent 0.000 1.616 0.000 0.000 0.251 0.268 0.277 0.524 1.686 0.379 0.113 0.778 0.000 0.000 0.000 0.124 0.359 0.626 0.347 0.959 0.000 0.147 0.000 0.000 0.000 0.358 1.933 0.616 0.081 0.417 1.008 1.590 0.000 0.000 0.000 0.000 1.187 0.000 0.015 0.000 
0 test1dax_consistent 0.581 0.000 0.059 0.114 0.282 0.003 1.677 0.046 1.550 0.358 0.816 0.000 0.489 0.191 0.074 1.633 0.999 0.000 0.686 0.587 1.361 0.000 0.622 1.609 0.290 2.473 2.923 0.695 2.342 0.000 0.427 0.000 1.592 0.378 0.000 0.000 0.042 0.216 3.486 0.124 
1 test1dax_inconsistent 0.581 0.000 0.059 0.114 0.282 0.003 1.677 0.046 1.550 0.358 0.816 0.000 0.489 0.191 0.074 1.633 0.999 0.000 0.686 0.587 0.266 0.000 0.047 1.148 0.759 1.362 1.145 0.964 1.251 0.000 0.047 0.000 0.302 0.511 0.000 0.428 0.841 0.000 0.830 0.484 
0 test1dax_consistent 0.971 0.000 0.000 0.000 1.198 0.000 0.000 0.056 1.107 0.159 0.291 1.006 0.000 0.000 0.000 0.000 1.291 1.923 0.289 0.000 0.000 1.449 0.901 0.000 3.266 0.000 0.000 0.467 0.095 2.160 0.370 0.556 1.980 0.047 0.000 0.026 0.000 0.228 2.728 3.331 
1 test1dax_inconsistent 0.971 0.000 0.000 0.000 1.198 0.000 0.000 0.056 1.107 0.159 0.291 1.006 0.000 0.000 0.000 0.000 1.291 1.923 0.289 0.000 0.000 1.001 0.150 0.000 1.470 0.415 0.000 0.000 0.267 0.965 0.593 0.525 0.860 0.217 0.000 0.641 0.123 0.776 0.526 0.572 
0 test1dax_consistent 0.977 0.000 0.348 0.392 0.000 0.000 0.000 0.883 0.728 0.000 0.000 2.229 0.000 0.265 0.000 0.260 2.047 0.000 0.000 0.000 0.942 0.313 0.000 0.424 0.000 0.777 0.079 2.131 0.289 0.000 1.148 0.000 1.698 0.073 0.012 0.000 1.683 4.999 0.000 0.000 
1 test1dax_inconsistent 0.977 0.000 0.348 0.392 0.000 0.000 0.000 0.883 0.728 0.000 0.000 2.229 0.000 0.265 0.000 0.260 2.047 0.000 0.000 0.000 0.937 0.017 0.000 0.875 0.000 0.000 0.722 0.874 0.568 0.000 0.374 0.616 0.320 0.000 0.520 0.000 0.000 1.695 0.000 0.000 
0 test1dax_consistent 0.000 0.030 0.130 0.000 0.000 0.471 0.635 0.000 0.208 0.000 0.896 2.329 0.594 0.000 1.080 0.000 0.000 0.310 1.549 0.130 0.000 0.000 0.257 0.000 0.000 3.885 0.000 4.058 0.000 1.964 2.477 0.811 0.000 0.000 0.000 0.000 0.655 1.069 0.078 0.000 
1 test1dax_inconsistent 0.000 0.030 0.130 0.000 0.000 0.471 0.635 0.000 0.208 0.000 0.896 2.329 0.594 0.000 1.080 0.000 0.000 0.310 1.549 0.130 0.000 0.000 0.320 0.000 0.000 0.928 0.033 1.426 0.175 1.326 1.990 0.578 0.000 0.000 0.178 0.085 0.006 0.124 0.548 0.000 
0 test1dax_consistent 0.354 0.000 0.000 0.000 0.000 0.000 0.262 0.196 0.000 0.000 0.101 1.548 0.003 0.103 0.343 0.000 1.845 0.000 0.923 1.597 0.018 0.000 2.639 0.000 0.096 0.000 0.000 0.375 2.524 0.004 0.436 0.052 2.882 0.336 1.840 0.096 0.074 3.249 2.224 0.094 
1 test1dax_inconsistent 0.354 0.000 0.000 0.000 0.000 0.000 0.262 0.196 0.000 0.000 0.101 1.548 0.003 0.103 0.343 0.000 1.845 0.000 0.923 1.597 0.000 0.000 0.734 0.251 0.385 0.000 0.000 0.414 1.033 0.014 0.209 0.002 1.894 0.540 0.661 0.359 1.073 0.452 0.573 0.000 
0 test1dax_consistent 0.000 0.000 0.558 0.769 0.000 0.226 0.862 1.760 0.000 0.686 1.313 0.943 0.307 0.223 0.374 1.241 0.000 0.225 0.167 0.110 1.618 0.000 0.538 0.001 1.790 1.167 4.231 1.525 0.606 0.098 0.000 0.000 0.012 0.291 0.850 1.629 0.000 0.754 0.487 0.305 
1 test1dax_inconsistent 0.000 0.000 0.558 0.769 0.000 0.226 0.862 1.760 0.000 0.686 1.313 0.943 0.307 0.223 0.374 1.241 0.000 0.225 0.167 0.110 0.016 0.126 0.069 0.000 0.082 0.347 1.137 1.472 0.149 0.549 0.059 0.403 0.432 0.122 0.690 0.169 0.000 0.089 0.166 0.099 
0 test1dax_consistent 1.009 0.000 2.350 0.000 1.001 0.000 0.962 0.132 0.138 0.516 0.000 0.000 0.000 0.000 0.469 0.000 0.591 0.000 0.632 0.786 3.312 0.000 0.000 0.000 1.293 1.589 2.051 0.000 0.000 0.000 0.000 0.000 0.000 1.603 0.427 2.641 0.000 3.349 2.726 0.000 
1 test1dax_inconsistent 1.009 0.000 2.350 0.000 1.001 0.000 0.962 0.132 0.138 0.516 0.000 0.000 0.000 0.000 0.469 0.000 0.591 0.000 0.632 0.786 1.040 0.000 0.675 0.219 0.257 0.512 0.682 0.000 0.000 0.000 0.000 0.000 0.000 0.447 0.024 1.045 0.000 0.986 1.325 0.000 
0 test1dax_consistent 0.575 0.175 0.289 1.012 1.732 1.481 0.000 0.555 0.917 0.068 0.647 0.000 0.158 0.000 0.000 0.767 0.000 0.260 1.585 0.430 0.000 0.092 0.000 1.584 2.688 0.018 0.000 0.000 0.272 5.361 0.000 0.000 0.564 0.000 0.000 0.000 0.000 0.000 1.461 0.260 
1 test1dax_inconsistent 0.575 0.175 0.289 1.012 1.732 1.481 0.000 0.555 0.917 0.068 0.647 0.000 0.158 0.000 0.000 0.767 0.000 0.260 1.585 0.430 0.000 0.081 0.172 1.320 0.945 0.551 0.000 0.124 0.352 1.405 0.000 0.000 0.000 0.000 0.176 0.000 0.000 0.000 1.399 0.394 
0 test1dax_consistent 1.152 0.140 1.053 0.000 0.000 0.226 0.104 0.192 0.000 0.000 0.000 0.062 0.000 0.926 0.761 1.862 1.256 0.145 0.000 0.846 2.735 2.005 0.903 0.000 3.304 0.000 0.000 0.000 1.351 0.000 0.054 0.977 0.512 1.793 0.000 0.000 0.776 0.000 1.992 0.995 
1 test1dax_inconsistent 1.152 0.140 1.053 0.000 0.000 0.226 0.104 0.192 0.000 0.000 0.000 0.062 0.000 0.926 0.761 1.862 1.256 0.145 0.000 0.846 1.485 0.684 0.200 0.000 0.856 0.000 0.000 0.000 0.095 0.000 0.000 0.000 0.429 1.145 0.000 0.379 1.068 0.000 0.542 0.153 
0 test1dax_consistent 0.000 1.233 0.939 0.512 0.340 0.403 0.554 0.463 0.000 0.000 0.000 1.560 1.046 0.000 0.945 0.576 0.000 0.000 0.000 1.811 0.000 0.946 0.149 0.678 1.558 0.951 0.018 1.218 2.723 0.000 0.000 0.820 2.210 0.000 0.705 0.217 0.000 1.619 0.029 4.891 
1 test1dax_inconsistent 0.000 1.233 0.939 0.512 0.340 0.403 0.554 0.463 0.000 0.000 0.000 1.560 1.046 0.000 0.945 0.576 0.000 0.000 0.000 1.811 0.000 0.770 0.409 0.143 0.829 0.072 0.542 0.760 0.876 0.000 0.000 1.447 0.014 0.000 0.595 0.495 0.000 0.453 0.000 1.754 
0 test1dax_consistent 0.824 0.625 0.000 0.000 0.000 0.000 1.436 0.515 0.000 0.000 0.817 1.563 0.000 0.900 0.861 0.000 0.951 0.000 0.279 0.829 0.198 0.000 0.198 0.000 0.000 0.000 0.000 0.796 0.903 0.000 0.000 0.041 0.000 2.543 0.713 0.000 6.063 0.000 0.000 0.000 
1 test1dax_inconsistent 0.824 0.625 0.000 0.000 0.000 0.000 1.436 0.515 0.000 0.000 0.817 1.563 0.000 0.900 0.861 0.000 0.951 0.000 0.279 0.829 0.000 0.000 0.206 0.193 0.168 0.000 0.000 1.649 0.011 0.000 0.699 0.108 0.322 1.358 0.230 0.147 1.958 0.000 0.000 0.000 
0 test1dax_consistent 0.000 0.000 0.327 0.651 0.000 0.704 0.105 0.000 0.017 0.917 0.000 0.164 0.820 1.174 0.000 1.341 2.087 0.173 0.449 0.000 0.000 3.480 1.588 2.385 0.000 0.000 0.057 0.000 2.213 0.381 0.000 0.054 1.082 2.414 0.000 0.176 3.471 0.000 0.386 0.000 
1 test1dax_inconsistent 0.000 0.000 0.327 0.651 0.000 0.704 0.105 0.000 0.017 0.917 0.000 0.164 0.820 1.174 0.000 1.341 2.087 0.173 0.449 0.000 0.000 1.541 0.548 0.720 0.000 0.000 0.422 0.000 0.473 0.709 0.000 0.481 0.073 0.181 0.339 0.619 1.612 0.090 0.422 0.000 
0 test1dax_consistent 0.000 0.695 0.000 0.000 0.165 0.000 1.461 0.308 0.684 0.000 0.199 0.257 0.663 1.441 0.902 0.474 0.397 0.932 0.959 0.772 0.000 0.116 0.770 1.205 1.955 1.424 3.998 0.169 0.744 0.148 1.605 0.180 0.296 1.797 0.417 0.000 0.071 2.491 0.000 2.211 
1 test1dax_inconsistent 0.000 0.695 0.000 0.000 0.165 0.000 1.461 0.308 0.684 0.000 0.199 0.257 0.663 1.441 0.902 0.474 0.397 0.932 0.959 0.772 0.000 0.802 0.204 0.535 0.613 0.361 1.119 0.601 0.488 0.257 0.710 0.552 0.741 0.566 0.352 0.000 0.397 0.862 0.000 0.589 
0 test1dax_consistent 1.975 0.640 0.821 0.271 0.181 0.000 0.000 1.084 0.985 0.833 0.088 0.476 0.056 0.000 0.734 0.000 0.934 0.000 0.955 0.451 2.482 0.000 0.733 0.657 0.000 0.000 0.000 0.070 0.082 2.649 2.387 0.000 0.000 2.128 4.245 0.000 0.090 0.000 1.569 0.000 
1 test1dax_inconsistent 1.975 0.640 0.821 0.271 0.181 0.000 0.000 1.084 0.985 0.833 0.088 0.476 0.056 0.000 0.734 0.000 0.934 0.000 0.955 0.451 1.118 0.000 0.921 0.000 0.065 0.000 0.000 0.623 0.000 1.535 0.523 0.000 0.388 0.849 1.332 0.000 1.254 0.000 1.211 0.000 
0 test1dax_consistent 0.000 0.216 0.347 1.479 0.000 1.106 0.363 0.371 1.552 0.694 1.002 0.000 0.329 0.233 0.256 0.539 0.382 0.000 0.700 0.300 0.000 0.016 1.229 0.000 0.000 1.911 0.322 0.394 2.566 1.125 0.000 0.000 1.032 0.257 3.677 2.997 0.000 0.852 0.000 1.603 
1 test1dax_inconsistent 0.000 0.216 0.347 1.479 0.000 1.106 0.363 0.371 1.552 0.694 1.002 0.000 0.329 0.233 0.256 0.539 0.382 0.000 0.700 0.300 0.000 0.407 0.352 0.018 0.000 1.166 0.000 0.898 0.541 0.323 0.196 0.000 0.091 0.279 1.426 1.502 0.000 0.732 0.211 0.348 
0 test1dax_consistent 0.074 0.000 0.000 0.000 1.788 0.619 0.631 0.370 0.358 0.545 0.204 0.000 0.375 0.000 1.808 0.000 0.397 0.090 0.309 1.133 0.000 0.000 0.000 0.712 1.398 1.697 0.002 1.935 0.437 0.000 0.000 3.856 1.519 0.000 0.000 0.000 3.855 0.000 0.000 0.000 
1 test1dax_inconsistent 0.074 0.000 0.000 0.000 1.788 0.619 0.631 0.370 0.358 0.545 0.204 0.000 0.375 0.000 1.808 0.000 0.397 0.090 0.309 1.133 0.000 0.000 0.000 0.279 0.446 0.195 0.056 0.000 0.783 0.000 0.000 1.927 1.460 0.000 0.000 0.053 0.937 0.000 0.000 0.180 
0 test1dax_consistent 0.371 0.000 0.000 0.874 0.019 0.000 0.502 1.341 0.000 1.379 0.214 0.000 1.055 0.729 1.070 1.374 0.526 0.741 0.000 0.000 0.263 0.000 0.000 3.689 0.000 0.000 0.517 2.268 0.000 0.338 1.533 2.693 0.000 0.583 0.000 0.000 3.308 1.237 0.000 1.017 
1 test1dax_inconsistent 0.371 0.000 0.000 0.874 0.019 0.000 0.502 1.341 0.000 1.379 0.214 0.000 1.055 0.729 1.070 1.374 0.526 0.741 0.000 0.000 0.036 0.000 0.120 1.118 0.000 0.000 0.337 0.474 0.000 0.132 1.113 0.240 0.035 0.897 0.585 0.057 1.811 1.088 0.000 0.445 
0 test1dax_consistent 0.000 0.000 0.451 0.885 1.023 0.033 0.000 0.073 0.243 0.408 0.059 1.583 0.027 0.639 0.212 1.125 0.481 0.174 1.021 0.824 0.000 0.000 0.092 4.757 0.936 0.076 0.000 2.491 0.000 0.435 0.000 1.330 0.000 1.466 0.000 0.000 0.811 1.535 1.632 0.684 
1 test1dax_inconsistent 0.000 0.000 0.451 0.885 1.023 0.033 0.000 0.073 0.243 0.408 0.059 1.583 0.027 0.639 0.212 1.125 0.481 0.174 1.021 0.824 0.000 0.460 0.385 2.096 0.197 0.023 0.000 0.480 0.218 0.000 0.000 1.739 0.019 0.508 0.226 0.000 0.309 0.713 1.138 0.000 
0 test1dax_consistent 0.845 0.224 0.799 0.013 0.000 0.742 2.484 0.000 0.964 0.000 1.234 0.000 0.000 0.000 0.064 0.000 0.000 0.580 0.000 0.000 1.449 0.000 0.078 0.000 0.000 0.000 1.243 0.926 0.190 0.000 0.000 5.121 1.673 0.000 0.000 0.000 0.000 0.087 0.000 0.000 
1 test1dax_inconsistent 0.845 0.224 0.799 0.013 0.000 0.742 2.484 0.000 0.964 0.000 1.234 0.000 0.000 0.000 0.064 0.000 0.000 0.580 0.000 0.000 0.334 0.000 0.328 0.000 0.000 0.551 0.987 0.856 0.000 0.173 0.111 1.122 1.730 0.000 0.000 0.000 0.000 0.322 0.000 0.000 
0 test1dax_consistent 0.432 0.283 0.000 0.000 1.394 0.000 0.099 0.600 1.866 0.000 0.000 0.000 0.000 0.997 0.000 0.943 0.000 0.223 1.249 0.677 0.428 1.519 0.000 1.077 2.836 0.000 0.000 0.062 3.870 1.553 0.328 0.679 0.000 0.151 0.213 2.926 0.000 0.000 0.179 0.000 
1 test1dax_inconsistent 0.432 0.283 0.000 0.000 1.394 0.000 0.099 0.600 1.866 0.000 0.000 0.000 0.000 0.997 0.000 0.943 0.000 0.223 1.249 0.677 0.884 0.000 0.000 0.815 0.666 0.000 0.000 0.000 2.080 0.518 0.701 0.257 0.000 0.000 0.186 0.429 0.199 0.000 0.135 0.000 
0 test1dax_consistent 0.000 0.000 0.000 0.602 1.538 0.247 0.000 1.281 0.666 0.477 0.221 0.649 0.829 0.000 1.771 0.310 0.009 0.000 0.000 0.000 0.000 0.000 0.000 0.954 0.000 1.269 0.000 0.000 0.000 0.000 4.033 0.000 1.199 1.710 3.232 0.169 2.533 0.103 0.000 1.123 
1 test1dax_inconsistent 0.000 0.000 0.000 0.602 1.538 0.247 0.000 1.281 0.666 0.477 0.221 0.649 0.829 0.000 1.771 0.310 0.009 0.000 0.000 0.000 0.000 0.000 0.000 1.034 0.031 1.031 0.000 0.000 0.027 0.000 0.512 0.681 1.155 0.361 1.690 0.525 1.057 0.309 0.000 1.067 
0 test1dax_consistent 0.614 0.000 1.194 1.302 0.092 0.000 0.263 0.115 1.317 0.000 0.413 0.270 0.357 0.803 0.110 0.000 0.156 0.230 0.000 2.087 0.000 2.226 0.055 3.079 0.000 0.000 3.990 0.000 1.310 0.000 0.000 2.699 1.203 1.399 0.000 1.243 0.000 0.000 0.000 1.117 
1 test1dax_inconsistent 0.614 0.000 1.194 1.302 0.092 0.000 0.263 0.115 1.317 0.000 0.413 0.270 0.357 0.803 0.110 0.000 0.156 0.230 0.000 2.087 0.000 0.200 0.604 0.560 0.000 0.000 1.274 0.000 0.110 0.000 0.000 1.362 1.380 1.028 0.129 0.273 0.165 0.236 0.000 0.245 
0 test1dax_consistent 0.000 0.187 0.258 0.160 0.135 1.007 0.298 0.872 0.389 1.038 1.379 0.451 0.165 0.015 0.155 0.000 0.516 0.417 1.031 1.177 0.111 0.571 3.969 0.000 2.416 0.169 0.310 0.040 0.754 2.158 0.000 0.717 0.033 0.088 0.355 0.000 2.618 2.165 0.000 0.076 
1 test1dax_inconsistent 0.000 0.187 0.258 0.160 0.135 1.007 0.298 0.872 0.389 1.038 1.379 0.451 0.165 0.015 0.155 0.000 0.516 0.417 1.031 1.177 0.179 0.614 1.540 0.000 0.559 0.887 0.018 0.189 0.302 1.404 0.601 0.687 0.000 0.224 0.569 0.000 0.613 0.350 0.275 0.000 
0 test1dax_consistent 1.179 0.087 0.000 0.647 0.000 1.199 0.000 0.519 0.087 0.251 0.000 0.176 0.606 0.069 0.263 1.947 0.724 0.000 1.056 0.407 0.000 1.109 0.000 1.868 2.170 1.396 0.000 2.127 0.005 0.000 0.679 1.860 0.689 0.041 1.184 0.000 0.615 0.000 0.000 5.053 
1 test1dax_inconsistent 1.179 0.087 0.000 0.647 0.000 1.199 0.000 0.519 0.087 0.251 0.000 0.176 0.606 0.069 0.263 1.947 0.724 0.000 1.056 0.407 0.000 0.935 0.000 0.785 1.079 1.683 0.025 1.450 0.261 0.000 0.778 0.578 0.358 0.178 0.887 0.000 0.000 0.000 0.000 1.202 
0 test1dax_consistent 1.039 0.962 1.069 0.000 0.081 1.245 0.103 0.575 0.332 0.000 0.045 1.098 0.160 0.000 0.000 0.000 0.794 0.000 1.843 0.463 0.000 1.166 0.000 0.000 0.000 2.062 1.286 5.538 1.672 0.000 0.000 0.000 0.730 1.921 0.000 0.000 0.000 0.000 0.355 1.896 
1 test1dax_inconsistent 1.039 0.962 1.069 0.000 0.081 1.245 0.103 0.575 0.332 0.000 0.045 1.098 0.160 0.000 0.000 0.000 0.794 0.000 1.843 0.463 0.000 0.127 0.000 0.000 0.132 1.117 1.555 1.305 0.890 0.000 0.000 0.210 0.940 0.675 0.000 0.115 0.000 0.000 0.037 1.285 
0 test1dax_consistent 0.928 0.000 0.000 0.881 0.496 0.000 0.000 2.168 0.114 0.000 0.000 1.400 0.182 0.549 0.000 0.895 0.933 0.000 0.438 0.000 0.000 0.000 0.000 0.000 0.064 0.000 0.000 1.653 0.000 3.204 0.000 0.000 0.000 0.000 0.000 5.329 0.000 0.000 2.181 0.450 
1 test1dax_inconsistent 0.928 0.000 0.000 0.881 0.496 0.000 0.000 2.168 0.114 0.000 0.000 1.400 0.182 0.549 0.000 0.895 0.933 0.000 0.438 0.000 0.000 0.000 0.000 0.270 0.357 0.000 0.479 0.503 0.000 0.996 0.000 0.061 0.000 0.000 0.000 2.288 0.866 0.000 0.227 0.000 
0 test1dax_consistent 2.007 0.000 0.876 0.231 0.000 0.340 0.000 0.000 0.000 0.000 0.000 1.018 1.139 0.000 0.212 0.000 0.000 1.895 0.520 0.000 4.770 0.000 2.817 0.835 1.276 0.380 0.000 0.000 0.000 1.178 0.000 0.860 2.911 0.000 0.000 0.000 0.000 0.000 0.000 0.000 
1 test1dax_inconsistent 2.007 0.000 0.876 0.231 0.000 0.340 0.000 0.000 0.000 0.000 0.000 1.018 1.139 0.000 0.212 0.000 0.000 1.895 0.520 0.000 1.412 0.000 0.833 0.786 1.175 0.778 0.000 0.000 0.000 0.000 0.000 0.617 1.727 0.000 0.000 0.039 0.000 0.000 0.000 0.000 
0 test1dax_consistent 0.000 0.125 0.000 0.066 1.672 0.000 0.130 1.463 0.305 1.113 0.262 0.248 0.066 0.000 0.176 1.001 0.973 0.032 1.598 0.238 0.000 0.000 1.160 0.000 0.032 0.004 0.603 1.424 1.873 4.134 0.000 0.000 2.981 0.856 2.777 0.000 0.845 0.000 0.000 0.000 
1 test1dax_inconsistent 0.000 0.125 0.000 0.066 1.672 0.000 0.130 1.463 0.305 1.113 0.262 0.248 0.066 0.000 0.176 1.001 0.973 0.032 1.598 0.238 0.000 0.000 1.149 0.000 0.200 0.000 0.000 0.846 1.233 1.131 0.000 0.000 0.513 0.000 0.825 0.404 0.792 0.000 0.000 0.113 
0 test1dax_consistent 0.865 0.967 0.000 0.716 0.707 0.174 0.000 0.047 0.309 1.268 1.505 0.172 0.000 0.000 0.074 1.205 0.470 0.000 1.263 0.000 0.228 1.837 0.000 0.000 0.737 0.000 0.000 0.000 1.728 0.838 1.632 0.000 3.314 0.082 2.406 1.298 3.099 1.724 0.798 0.000 
1 test1dax_inconsistent 0.865 0.967 0.000 0.716 0.707 0.174 0.000 0.047 0.309 1.268 1.505 0.172 0.000 0.000 0.074 1.205 0.470 0.000 1.263 0.000 0.992 1.381 0.000 0.019 0.654 0.000 0.000 0.000 0.906 0.337 0.798 0.000 1.269 0.411 0.473 0.139 1.248 0.225 0.584 0.000 
0 test1dax_consistent 1.565 0.716 1.855 0.000 0.000 0.000 0.206 0.000 0.010 0.000 0.000 0.000 0.242 0.721 1.609 0.192 1.099 0.000 0.000 0.049 0.000 1.951 0.000 0.000 0.000 0.000 4.046 0.000 3.281 0.000 0.029 0.019 0.602 0.000 0.000 1.074 0.000 3.025 0.000 2.149 
1 test1dax_inconsistent 1.565 0.716 1.855 0.000 0.000 0.000 0.206 0.000 0.010 0.000 0.000 0.000 0.242 0.721 1.609 0.192 1.099 0.000 0.000 0.049 0.005 0.380 0.117 0.000 0.000 0.039 0.902 0.049 0.768 0.326 0.294 0.242 0.457 0.000 0.109 1.179 0.000 2.308 0.000 0.547 
0 test1dax_consistent 0.524 0.718 0.000 1.208 0.926 0.000 0.000 0.025 0.105 1.844 0.000 1.521 0.000 0.000 0.117 0.010 0.838 0.599 1.012 0.000 0.000 1.271 0.031 0.856 0.230 0.000 0.000 0.364 1.706 4.926 0.000 1.716 2.241 0.318 0.507 0.000 0.000 0.416 1.752 0.000 
1 test1dax_inconsistent 0.524 0.718 0.000 1.208 0.926 0.000 0.000 0.025 0.105 1.844 0.000 1.521 0.000 0.000 0.117 0.010 0.838 0.599 1.012 0.000 0.012 0.667 0.048 0.136 0.380 0.000 0.000 0.000 1.459 1.430 0.000 0.342 1.188 0.018 0.636 0.773 0.000 0.444 0.399 0.000 
0 test1dax_consistent 0.289 0.000 0.415 0.000 0.000 0.000 0.000 0.000 0.000 0.000 1.229 0.458 0.032 1.909 0.000 0.442 0.460 0.284 2.275 0.165 1.196 2.262 0.036 0.000 0.000 0.000 2.225 2.140 0.000 0.000 0.105 0.944 0.000 2.222 1.910 1.922 0.000 0.511 1.977 3.961 
1 test1dax_inconsistent 0.289 0.000 0.415 0.000 0.000 0.000 0.000 0.000 0.000 0.000 1.229 0.458 0.032 1.909 0.000 0.442 0.460 0.284 2.275 0.165 1.014 0.703 0.086 0.000 0.000 0.000 0.902 0.881 0.000 0.000 0.700 0.254 0.000 0.909 1.179 1.028 0.000 0.884 0.733 1.171 
0 test1dax_consistent 1.670 0.000 0.000 0.000 0.083 0.000 0.798 0.000 0.000 0.579 0.416 1.093 0.205 0.000 0.004 0.000 1.343 0.971 1.079 0.748 2.772 0.000 1.094 0.000 0.000 0.000 0.000 0.000 2.576 2.258 1.672 0.616 2.105 1.603 0.000 1.094 0.000 0.000 0.243 2.729 
1 test1dax_inconsistent 1.670 0.000 0.000 0.000 0.083 0.000 0.798 0.000 0.000 0.579 0.416 1.093 0.205 0.000 0.004 0.000 1.343 0.971 1.079 0.748 0.765 0.206 0.310 0.000 0.029 0.000 0.485 0.000 0.705 1.217 0.213 0.967 0.900 0.512 0.000 0.734 0.000 0.623 0.360 1.226 
0 test1dax_consistent 0.050 0.552 0.414 0.000 0.856 0.219 1.486 0.000 0.000 0.000 0.251 0.000 0.853 0.098 0.258 0.702 1.028 1.513 1.121 0.271 0.000 0.000 0.840 0.000 1.130 0.570 0.000 2.841 0.000 0.465 2.434 0.000 2.980 0.215 3.308 2.025 0.000 0.603 0.460 0.477 
1 test1dax_inconsistent 0.050 0.552 0.414 0.000 0.856 0.219 1.486 0.000 0.000 0.000 0.251 0.000 0.853 0.098 0.258 0.702 1.028 1.513 1.121 0.271 0.000 0.279 0.673 0.000 0.613 0.424 0.156 0.658 0.000 0.235 1.990 0.000 0.764 0.233 1.414 0.313 0.387 0.000 0.452 0.561 
0 test1dax_consistent 0.000 0.647 1.392 0.000 1.250 2.011 0.241 0.000 0.000 0.312 0.022 0.807 0.000 0.000 0.534 0.635 0.208 0.000 0.107 0.000 0.000 3.550 2.743 0.650 0.748 0.128 0.000 0.000 0.000 0.000 0.000 3.484 0.000 2.052 0.000 0.000 0.120 0.000 0.000 0.007 
1 test1dax_inconsistent 0.000 0.647 1.392 0.000 1.250 2.011 0.241 0.000 0.000 0.312 0.022 0.807 0.000 0.000 0.534 0.635 0.208 0.000 0.107 0.000 0.237 1.159 2.142 0.263 0.296 0.041 0.087 0.053 0.000 0.000 0.000 0.527 0.000 1.462 0.000 0.000 0.136 0.000 0.000 0.193 
0 test1dax_consistent 0.000 0.193 0.152 0.000 0.128 0.847 0.000 0.000 0.054 0.000 0.000 1.626 0.140 0.310 1.983 0.426 0.000 0.471 0.744 0.641 1.199 0.000 0.000 0.000 0.000 0.000 2.717 0.000 3.030 2.519 0.000 1.039 0.892 0.000 0.000 0.000 0.000 0.000 3.011 0.216 
1 test1dax_inconsistent 0.000 0.193 0.152 0.000 0.128 0.847 0.000 0.000 0.054 0.000 0.000 1.626 0.140 0.310 1.983 0.426 0.000 0.471 0.744 0.641 0.358 0.104 0.000 0.000 0.000 0.000 1.830 0.000 0.932 0.167 0.000 0.276 0.554 0.221 0.423 0.144 0.094 0.000 0.388 0.487 
0 test1dax_consistent 1.740 0.000 1.565 0.601 0.000 0.419 1.065 0.079 0.042 0.211 0.000 0.000 0.053 1.403 0.000 0.000 0.000 1.575 0.602 0.000 1.034 0.655 0.640 0.256 2.379 0.000 1.053 1.677 0.000 0.000 0.000 0.000 0.890 3.193 0.000 0.000 4.552 1.909 0.116 0.000 
1 test1dax_inconsistent 1.740 0.000 1.565 0.601 0.000 0.419 1.065 0.079 0.042 0.211 0.000 0.000 0.053 1.403 0.000 0.000 0.000 1.575 0.602 0.000 0.648 0.787 0.419 0.000 0.738 0.000 0.999 0.567 0.000 0.000 0.000 0.000 0.758 1.594 0.000 0.000 1.311 0.759 0.037 0.000 
0 test1dax_consistent 1.795 0.000 0.806 0.000 0.000 0.009 0.093 0.028 0.000 0.403 0.000 0.235 0.000 0.290 0.000 0.020 2.099 0.220 1.451 0.495 2.206 0.000 0.650 0.000 0.000 0.000 0.000 0.000 0.000 0.477 0.035 1.826 0.000 0.976 3.981 0.000 3.509 0.175 0.810 2.348 
1 test1dax_inconsistent 1.795 0.000 0.806 0.000 0.000 0.009 0.093 0.028 0.000 0.403 0.000 0.235 0.000 0.290 0.000 0.020 2.099 0.220 1.451 0.495 0.379 0.000 0.824 0.000 0.000 0.000 0.000 0.000 0.283 0.000 0.439 0.556 0.000 0.653 1.635 0.000 0.432 0.287 1.481 1.512 
0 test1dax_consistent 0.372 0.144 0.409 0.734 0.000 0.000 0.301 1.218 0.390 0.000 0.000 0.000 1.621 0.000 0.000 1.594 0.000 0.175 0.000 1.528 1.670 4.011 0.000 0.000 0.000 2.407 1.711 0.013 2.622 0.000 0.277 0.000 0.032 0.000 0.000 1.184 0.000 0.000 0.000 2.232 
1 test1dax_inconsistent 0.372 0.144 0.409 0.734 0.000 0.000 0.301 1.218 0.390 0.000 0.000 0.000 1.621 0.000 0.000 1.594 0.000 0.175 0.000 1.528 1.328 1.529 0.000 0.196 0.000 0.394 0.095 0.216 0.813 0.132 0.542 0.000 0.000 0.000 0.240 1.152 0.000 0.000 0.116 0.974 
0 test1dax_consistent 0.471 0.000 0.213 0.055 0.370 1.134 0.022 0.290 0.939 0.052 2.431 0.974 0.000 0.403 0.000 0.000 0.230 0.716 0.516 0.000 0.000 0.000 0.994 0.000 0.000 3.595 0.000 0.000 1.031 0.000 2.165 1.528 0.000 0.000 0.000 0.000 1.862 2.857 2.985 0.000 
1 test1dax_inconsistent 0.471 0.000 0.213 0.055 0.370 1.134 0.022 0.290 0.939 0.052 2.431 0.974 0.000 0.403 0.000 0.000 0.230 0.716 0.516 0.000 0.000 0.000 0.000 0.000 0.000 1.592 0.000 0.000 1.208 0.000 1.822 0.602 0.000 0.000 0.000 0.000 1.051 0.830 0.803 0.000 
0 test1dax_consistent 0.658 0.466 1.861 0.000 0.749 0.000 0.000 0.000 0.570 0.000 0.000 1.654 0.000 0.015 0.026 0.169 0.351 0.572 0.794 0.000 2.448 0.828 0.174 0.000 1.694 0.000 0.000 0.000 2.190 0.000 3.876 0.069 0.000 0.000 0.000 1.773 3.329 0.080 0.396 0.450 
1 test1dax_inconsistent 0.658 0.466 1.861 0.000 0.749 0.000 0.000 0.000 0.570 0.000 0.000 1.654 0.000 0.015 0.026 0.169 0.351 0.572 0.794 0.000 1.596 1.016 0.303 0.000 0.436 0.000 0.000 0.000 0.138 0.000 0.986 0.125 0.140 0.119 0.000 0.592 1.159 1.114 0.193 0.579 
0 test1dax_consistent 0.752 1.604 0.000 0.141 0.455 0.272 0.000 0.000 0.412 0.680 0.000 0.763 0.430 0.338 0.475 0.017 0.000 0.000 0.015 2.039 0.000 0.735 0.000 1.549 0.000 0.541 0.000 0.024 1.150 0.000 0.000 0.000 2.639 4.325 0.010 0.000 1.841 2.229 0.000 0.367 
1 test1dax_inconsistent 0.752 1.604 0.000 0.141 0.455 0.272 0.000 0.000 0.412 0.680 0.000 0.763 0.430 0.338 0.475 0.017 0.000 0.000 0.015 2.039 0.000 1.349 0.000 1.080 0.000 0.814 0.000 0.000 0.689 0.000 0.000 0.159 0.527 1.373 0.255 0.000 0.298 0.914 0.000 0.000 
0 test1dax_consistent 0.000 0.291 1.422 1.419 0.000 1.246 0.173 0.334 0.391 0.088 0.773 0.000 0.916 0.209 0.000 1.009 1.090 0.603 0.000 0.253 0.082 0.000 1.608 2.327 2.180 3.895 0.000 1.296 1.766 0.000 0.000 0.000 1.779 1.247 0.000 0.000 0.000 2.278 0.000 0.126 
1 test1dax_inconsistent 0.000 0.291 1.422 1.419 0.000 1.246 0.173 0.334 0.391 0.088 0.773 0.000 0.916 0.209 0.000 1.009 1.090 0.603 0.000 0.253 0.000 0.000 0.379 0.690 0.470 1.408 0.000 0.320 1.377 0.180 0.803 0.000 1.184 0.674 0.000 0.000 0.110 0.939 0.000 0.000 
0 test1dax_consistent 0.197 0.780 0.000 0.000 0.207 0.000 0.313 2.322 0.000 0.080 0.000 1.488 0.000 0.148 0.682 0.000 0.000 0.725 0.000 0.464 1.028 0.435 0.000 0.000 2.258 0.000 0.000 0.000 0.000 1.318 5.512 0.177 0.000 0.316 2.209 0.000 0.000 0.607 0.000 0.158 
1 test1dax_inconsistent 0.197 0.780 0.000 0.000 0.207 0.000 0.313 2.322 0.000 0.080 0.000 1.488 0.000 0.148 0.682 0.000 0.000 0.725 0.000 0.464 1.703 0.703 0.000 0.000 0.509 0.000 0.000 0.000 0.153 1.088 2.009 0.182 0.000 0.497 0.265 0.000 0.018 0.488 0.104 0.060 
0 test1dax_consistent 0.000 0.000 0.438 0.812 1.571 0.000 1.537 0.000 0.098 0.712 0.879 0.000 0.000 0.000 0.000 1.122 0.000 1.331 0.490 0.009 0.000 0.234 0.796 1.765 0.835 0.000 0.244 0.277 0.000 2.020 0.000 0.000 0.000 0.000 0.000 0.373 4.111 4.439 0.172 0.000 
1 test1dax_inconsistent 0.000 0.000 0.438 0.812 1.571 0.000 1.537 0.000 0.098 0.712 0.879 0.000 0.000 0.000 0.000 1.122 0.000 1.331 0.490 0.009 0.000 0.880 0.528 1.442 0.936 0.000 0.650 0.000 0.000 0.708 0.000 0.000 0.005 0.000 0.000 0.527 1.706 0.953 0.079 0.000 
0 test1dax_consistent 1.004 0.296 0.000 1.442 0.898 0.431 0.971 0.539 0.108 0.000 0.252 0.000 0.216 0.000 0.000 0.164 0.925 0.027 0.191 1.268 0.000 3.061 0.000 0.311 1.830 2.364 0.014 0.000 0.000 0.000 0.567 0.000 2.410 0.000 0.848 3.938 3.441 0.000 0.876 0.000 
1 test1dax_inconsistent 1.004 0.296 0.000 1.442 0.898 0.431 0.971 0.539 0.108 0.000 0.252 0.000 0.216 0.000 0.000 0.164 0.925 0.027 0.191 1.268 0.000 0.983 0.000 1.002 1.520 1.589 0.258 0.000 0.063 0.000 0.783 0.000 1.360 0.000 0.352 1.430 0.684 0.000 0.012 0.000 
0 test1dax_consistent 0.674 0.029 1.057 0.000 0.920 0.079 0.818 1.185 0.000 0.365 0.000 0.296 0.339 0.000 0.000 0.000 0.206 2.437 0.000 0.682 0.000 0.379 1.213 0.000 1.802 0.672 1.887 0.684 0.598 4.482 2.181 0.000 0.804 0.031 0.000 0.000 0.547 1.835 0.928 1.381 
1 test1dax_inconsistent 0.674 0.029 1.057 0.000 0.920 0.079 0.818 1.185 0.000 0.365 0.000 0.296 0.339 0.000 0.000 0.000 0.206 2.437 0.000 0.682 0.000 0.215 0.090 0.000 2.020 0.270 0.114 0.202 0.000 1.562 0.806 0.313 0.111 0.110 0.000 0.000 0.326 0.345 0.524 0.553 
0 test1dax_consistent 0.000 0.000 0.603 0.990 1.087 1.262 0.000 1.731 0.284 0.000 0.044 0.000 0.000 0.625 0.000 1.501 0.502 0.368 0.000 0.765 0.000 0.000 1.329 2.521 2.148 2.042 0.000 1.829 3.577 0.699 0.000 1.354 2.415 0.072 0.000 0.860 0.436 0.630 0.382 0.477 
1 test1dax_inconsistent 0.000 0.000 0.603 0.990 1.087 1.262 0.000 1.731 0.284 0.000 0.044 0.000 0.000 0.625 0.000 1.501 0.502 0.368 0.000 0.765 0.000 0.000 1.067 0.448 0.905 1.161 0.000 0.674 0.969 0.293 0.131 0.257 1.295 0.000 0.269 1.073 0.008 0.042 0.000 0.132 
0 test1dax_consistent 0.053 1.885 0.000 0.869 0.000 0.000 0.000 0.545 1.100 0.000 0.695 0.000 0.000 0.000 0.000 1.811 0.408 1.279 0.000 0.000 0.610 0.000 0.000 4.707 1.208 0.000 0.000 4.313 0.203 0.000 0.000 0.954 0.668 1.260 0.112 0.000 0.000 0.000 0.000 0.000 
1 test1dax_inconsistent 0.053 1.885 0.000 0.869 0.000 0.000 0.000 0.545 1.100 0.000 0.695 0.000 0.000 0.000 0.000 1.811 0.408 1.279 0.000 0.000 0.378 0.910 0.000 1.733 0.000 0.000 0.000 1.526 0.742 0.044 0.000 0.430 0.296 0.102 0.072 0.215 0.048 0.074 0.000 0.000 
0 test1dax_consistent 0.000 0.661 0.454 0.000 0.000 0.327 0.690 0.017 0.104 0.940 0.000 1.548 0.487 0.000 0.045 0.877 1.532 0.000 0.068 0.000 0.000 0.141 0.000 1.637 0.000 0.000 0.000 0.000 1.565 0.000 0.310 0.999 2.206 0.000 0.856 5.034 2.143 0.000 0.000 1.203 
1 test1dax_inconsistent 0.000 0.661 0.454 0.000 0.000 0.327 0.690 0.017 0.104 0.940 0.000 1.548 0.487 0.000 0.045 0.877 1.532 0.000 0.068 0.000 0.000 0.386 0.403 0.684 0.000 0.000 0.006 0.043 1.487 0.686 0.201 0.276 1.155 0.000 0.517 0.923 0.481 0.000 0.032 0.671 
0 test1dax_consistent 0.000 0.000 0.144 0.351 1.797 0.000 0.410 0.401 1.492 0.888 0.000 0.150 1.324 1.059 0.247 0.000 0.528 0.563 0.000 0.000 3.564 0.000 1.375 1.441 0.000 0.000 1.115 0.000 0.981 0.000 0.000 2.303 0.383 0.284 2.842 0.000 1.669 1.308 0.000 0.000 
1 test1dax_inconsistent 0.000 0.000 0.144 0.351 1.797 0.000 0.410 0.401 1.492 0.888 0.000 0.150 1.324 1.059 0.247 0.000 0.528 0.563 0.000 0.000 0.880 0.271 0.516 0.817 0.000 0.000 0.215 0.206 0.810 0.110 0.000 1.610 0.795 0.583 0.710 0.000 0.193 0.653 0.000 0.633 
0 test1dax_consistent 0.000 0.428 0.000 1.044 0.545 0.000 0.000 0.000 0.000 0.150 2.371 0.000 0.000 0.060 0.171 0.000 0.000 1.436 0.390 0.282 2.503 0.000 0.000 0.000 3.288 0.000 0.764 0.000 0.000 1.505 0.000 2.980 2.624 0.000 0.410 0.000 1.558 0.000 1.300 2.144 
1 test1dax_inconsistent 0.000 0.428 0.000 1.044 0.545 0.000 0.000 0.000 0.000 0.150 2.371 0.000 0.000 0.060 0.171 0.000 0.000 1.436 0.390 0.282 0.648 0.206 0.000 0.000 1.529 0.000 0.000 0.073 0.000 0.352 0.000 0.787 0.316 0.059 0.786 0.000 1.115 0.435 1.054 0.284 
0 test1dax_consistent 0.000 0.046 1.567 0.000 0.000 0.000 0.000 0.869 0.367 0.000 1.847 0.000 0.352 0.862 0.002 0.877 2.012 0.000 0.000 0.501 0.000 0.815 0.111 0.000 0.000 0.000 0.000 1.343 2.950 0.000 1.156 0.000 0.000 1.476 0.000 0.000 3.269 0.000 4.688 2.822 
1 test1dax_inconsistent 0.000 0.046 1.567 0.000 0.000 0.000 0.000 0.869 0.367 0.000 1.847 0.000 0.352 0.862 0.002 0.877 2.012 0.000 0.000 0.501 0.000 0.151 0.313 0.000 0.000 0.000 0.000 0.142 0.905 0.000 0.684 0.000 0.553 1.098 0.000 0.578 1.708 0.000 1.298 1.983 
0 test1dax_consistent 0.174 0.268 0.764 0.900 0.401 0.100 0.000 0.000 1.492 1.456 0.000 0.894 0.883 0.000 1.299 1.301 0.000 0.000 0.006 0.060 0.392 0.048 0.949 5.152 0.863 0.000 1.058 0.252 2.473 0.315 0.000 1.915 0.495 0.000 2.573 0.000 0.000 1.074 0.095 0.000 
1 test1dax_inconsistent 0.174 0.268 0.764 0.900 0.401 0.100 0.000 0.000 1.492 1.456 0.000 0.894 0.883 0.000 1.299 1.301 0.000 0.000 0.006 0.060 0.644 0.147 0.712 1.749 0.710 0.184 0.000 0.494 0.389 0.720 0.000 1.119 0.571 0.000 0.815 0.420 0.000 0.031 0.847 0.118 
0 test1dax_consistent 0.000 0.000 0.245 1.907 0.000 0.000 0.000 0.000 0.000 1.520 0.000 1.630 0.706 0.070 0.202 0.540 0.004 0.000 0.427 0.000 0.000 0.000 4.054 3.162 0.000 0.000 0.000 4.123 0.000 1.151 0.000 0.342 0.000 0.000 0.000 0.052 0.915 0.000 0.767 1.985 
1 test1dax_inconsistent 0.000 0.000 0.245 1.907 0.000 0.000 0.000 0.000 0.000 1.520 0.000 1.630 0.706 0.070 0.202 0.540 0.004 0.000 0.427 0.000 0.000 0.000 1.570 0.438 0.028 0.000 0.000 1.315 0.000 0.354 0.000 0.921 0.000 0.070 0.056 0.000 0.516 0.000 1.247 0.953 
0 test1dax_consistent 0.237 0.000 1.030 0.710 0.000 1.287 0.142 0.492 0.000 0.357 0.466 0.000 0.000 0.430 0.000 0.860 0.776 0.000 1.319 1.627 0.000 0.000 0.000 2.305 0.000 0.905 0.000 1.439 0.000 1.629 0.344 0.000 4.296 1.837 0.000 0.000 2.482 2.624 1.332 0.000 
1 test1dax_inconsistent 0.237 0.000 1.030 0.710 0.000 1.287 0.142 0.492 0.000 0.357 0.466 0.000 0.000 0.430 0.000 0.860 0.776 0.000 1.319 1.627 0.000 0.033 0.231 0.617 0.000 0.724 0.000 0.364 0.000 1.309 1.141 0.000 1.328 1.093 0.000 0.000 0.590 1.087 0.601 0.668 
0 test1dax_consistent 0.865 0.000 0.000 0.000 0.531 0.589 1.586 1.110 0.258 0.041 0.033 2.001 0.162 0.291 0.741 0.000 0.000 0.584 0.000 1.111 1.276 0.000 0.000 0.000 0.000 1.390 0.072 0.000 1.685 0.812 0.089 1.506 0.000 3.324 3.248 0.000 0.000 1.983 0.000 3.351 
1 test1dax_inconsistent 0.865 0.000 0.000 0.000 0.531 0.589 1.586 1.110 0.258 0.041 0.033 2.001 0.162 0.291 0.741 0.000 0.000 0.584 0.000 1.111 0.240 0.000 0.000 0.000 0.017 0.701 0.365 0.088 0.513 0.279 0.447 0.866 0.000 0.902 1.973 0.000 0.000 1.427 0.228 0.925 
0 test1dax_consistent 0.000 0.613 0.000 0.000 1.795 0.000 0.124 0.685 0.335 0.386 0.802 0.000 1.073 1.412 1.129 0.239 0.000 0.030 0.644 0.033 0.000 1.380 0.000 0.280 0.594 3.537 0.000 2.250 0.000 1.524 0.386 1.018 0.180 0.494 1.313 0.000 3.473 0.000 0.000 0.000 
1 test1dax_inconsistent 0.000 0.613 0.000 0.000 1.795 0.000 0.124 0.685 0.335 0.386 0.802 0.000 1.073 1.412 1.129 0.239 0.000 0.030 0.644 0.033 0.468 1.111 0.000 0.000 0.637 0.963 0.000 0.758 0.000 1.357 0.551 0.347 0.277 0.135 0.000 0.092 0.847 0.007 0.000 0.368 
0 test1dax_consistent 0.000 0.000 1.302 0.000 1.008 0.000 0.599 0.000 1.717 0.152 0.099 1.107 0.000 0.000 1.114 0.895 0.058 0.131 0.000 1.270 3.339 0.007 2.250 0.000 2.150 0.000 0.000 0.056 2.740 0.568 3.447 0.000 0.000 0.000 0.462 0.000 0.000 2.519 0.000 0.179 
1 test1dax_inconsistent 0.000 0.000 1.302 0.000 1.008 0.000 0.599 0.000 1.717 0.152 0.099 1.107 0.000 0.000 1.114 0.895 0.058 0.131 0.000 1.270 0.972 0.485 0.843 0.040 1.602 0.000 0.210 0.390 0.431 0.000 0.853 0.000 0.000 0.000 0.000 0.298 0.000 1.413 0.000 0.277 
0 test1dax_consistent 0.621 0.162 0.000 1.222 1.242 0.000 1.001 0.000 0.242 0.087 1.469 0.000 0.000 0.000 0.777 0.460 0.809 0.000 0.680 1.369 2.733 0.000 0.027 0.202 3.543 0.062 0.000 0.342 2.619 0.000 0.000 0.077 0.000 0.156 1.865 0.000 0.275 1.018 2.602 1.449 
1 test1dax_inconsistent 0.621 0.162 0.000 1.222 1.242 0.000 1.001 0.000 0.242 0.087 1.469 0.000 0.000 0.000 0.777 0.460 0.809 0.000 0.680 1.369 0.701 0.000 0.000 0.529 0.799 0.000 0.036 0.586 1.381 0.110 0.490 0.241 0.000 0.000 0.288 0.000 0.398 0.000 1.304 2.059 
0 test1dax_consistent 1.350 0.479 0.000 0.860 0.000 0.000 0.580 0.000 0.221 0.299 0.161 0.069 0.879 0.254 0.000 0.679 1.246 1.022 0.000 1.025 2.556 0.000 0.000 1.161 0.000 0.000 0.993 0.000 0.000 0.054 2.454 0.000 4.755 0.643 0.000 0.000 2.601 0.130 0.000 0.000 
1 test1dax_inconsistent 1.350 0.479 0.000 0.860 0.000 0.000 0.580 0.000 0.221 0.299 0.161 0.069 0.879 0.254 0.000 0.679 1.246 1.022 0.000 1.025 0.932 0.000 0.000 0.736 0.000 0.000 1.105 0.000 0.034 0.000 1.326 0.000 1.332 0.000 0.000 0.000 0.897 0.000 0.000 0.000 
0 test1dax_consistent 0.311 0.558 2.545 0.000 0.849 0.668 0.998 0.000 0.000 1.141 0.000 0.147 0.745 0.102 0.000 0.496 0.481 0.000 0.162 0.772 0.000 0.072 0.000 0.000 3.816 0.090 0.120 2.502 0.543 1.531 2.536 0.000 2.344 1.056 0.606 0.000 0.000 1.537 0.000 0.086 
1 test1dax_inconsistent 0.311 0.558 2.545 0.000 0.849 0.668 0.998 0.000 0.000 1.141 0.000 0.147 0.745 0.102 0.000 0.496 0.481 0.000 0.162 0.772 0.000 0.000 0.000 0.021 1.012 0.000 0.404 0.925 0.217 0.211 0.441 0.348 1.653 0.021 0.763 0.211 0.000 0.213 0.000 0.757 
0 test1dax_consistent 0.000 0.000 0.000 0.000 0.000 0.000 0.000 0.000 0.000 0.403 2.260 0.000 0.000 1.854 0.775 0.034 0.014 0.000 1.111 1.250 0.000 0.000 0.000 0.000 0.393 0.000 0.000 0.951 0.000 0.722 1.056 0.000 0.000 5.009 0.000 1.289 0.000 0.000 3.070 2.348 
1 test1dax_inconsistent 0.000 0.000 0.000 0.000 0.000 0.000 0.000 0.000 0.000 0.403 2.260 0.000 0.000 1.854 0.775 0.034 0.014 0.000 1.111 1.250 0.000 0.000 0.000 0.055 0.000 0.000 0.000 1.446 0.226 0.868 0.085 0.000 0.000 1.731 0.000 0.288 0.000 0.000 1.487 0.793 
0 test1dax_consistent 0.000 0.460 1.182 0.000 0.000 0.000 0.474 0.035 0.339 0.239 1.541 2.319 0.085 0.082 0.000 0.000 0.000 0.000 0.305 0.925 2.919 1.332 3.571 3.116 0.526 0.000 0.000 0.000 0.804 0.000 2.047 0.000 0.226 0.000 0.937 0.000 0.000 0.000 0.978 2.107 
1 test1dax_inconsistent 0.000 0.460 1.182 0.000 0.000 0.000 0.474 0.035 0.339 0.239 1.541 2.319 0.085 0.082 0.000 0.000 0.000 0.000 0.305 0.925 0.925 0.838 0.805 1.508 0.453 0.000 0.000 0.000 0.887 0.000 0.914 0.436 0.721 0.000 0.000 0.000 0.000 0.000 0.984 0.751 
0 test1dax_consistent 0.617 0.000 0.553 0.169 0.156 0.116 0.000 0.035 0.919 1.179 0.000 0.416 0.000 1.310 0.000 1.177 0.230 0.000 1.496 0.994 2.733 3.207 0.000 0.000 0.000 0.000 0.000 0.322 5.190 0.869 0.000 0.000 0.000 0.129 0.000 0.000 0.872 1.483 0.508 0.125 
1 test1dax_inconsistent 0.617 0.000 0.553 0.169 0.156 0.116 0.000 0.035 0.919 1.179 0.000 0.416 0.000 1.310 0.000 1.177 0.230 0.000 1.496 0.994 1.614 1.770 0.366 0.000 0.000 0.300 0.000 0.468 1.246 1.650 0.000 0.000 0.000 0.370 0.119 0.382 0.519 0.191 0.184 0.000 
0 test1dax_consistent 0.491 1.624 0.651 0.312 0.000 0.000 0.431 0.623 0.000 0.000 1.736 0.405 0.000 0.000 0.214 0.000 0.000 1.927 0.798 0.000 0.656 0.810 0.578 0.000 1.345 0.000 1.198 3.626 0.912 0.000 2.185 0.000 0.000 0.000 0.000 0.000 0.000 2.437 4.301 0.000 
1 test1dax_inconsistent 0.491 1.624 0.651 0.312 0.000 0.000 0.431 0.623 0.000 0.000 1.736 0.405 0.000 0.000 0.214 0.000 0.000 1.927 0.798 0.000 0.838 0.222 0.520 0.000 1.150 0.000 0.713 1.340 0.000 0.000 0.558 0.384 0.000 0.054 0.000 0.000 0.000 1.547 1.469 0.000 
0 test1dax_consistent 0.516 1.064 0.084 0.000 0.000 0.991 0.000 1.024 0.127 0.045 0.554 0.000 1.802 1.055 1.127 0.295 0.000 0.000 0.227 0.618 1.635 1.377 0.000 0.000 0.000 3.133 1.531 2.258 2.119 0.000 5.208 0.000 0.500 0.000 0.393 0.073 0.000 0.000 0.124 0.000 
1 test1dax_inconsistent 0.516 1.064 0.084 0.000 0.000 0.991 0.000 1.024 0.127 0.045 0.554 0.000 1.802 1.055 1.127 0.295 0.000 0.000 0.227 0.618 2.004 0.209 0.209 0.000 0.000 1.745 0.889 0.972 1.476 0.000 1.212 0.119 0.000 0.000 0.580 0.064 0.000 0.119 0.519 0.000 
0 test1dax_consistent 0.000 1.235 0.000 1.000 0.457 0.000 0.056 0.941 0.000 0.496 0.000 0.000 0.646 1.957 0.774 0.869 0.620 0.000 0.218 0.000 0.280 3.211 0.000 0.474 0.000 0.000 0.647 0.000 1.583 0.000 0.000 0.000 0.000 1.243 0.000 0.760 0.792 0.977 4.564 0.000 
1 test1dax_inconsistent 0.000 1.235 0.000 1.000 0.457 0.000 0.056 0.941 0.000 0.496 0.000 0.000 0.646 1.957 0.774 0.869 0.620 0.000 0.218 0.000 0.185 1.366 0.071 0.823 0.000 0.392 0.462 0.000 1.025 0.469 0.000 0.000 0.000 0.197 0.000 1.255 0.690 0.000 1.093 0.000 
