0 test2fip_consistent 0.000 0.000 1.900 0.340 0.638 0.000 0.000 0.000 0.330 0.726 2.489 0.269 2.938 0.654 2.371 1.964 0.000 0.000 0.019 0.000 0.000 0.000 0.000 2.960 0.000 0.318 0.000 0.000 0.178 1.344 1.214 0.298 0.067 2.168 0.468 0.251 0.192 0.000 1.346 0.000 
1 test2fip_inconsistent 0.000 0.000 1.900 0.340 0.638 0.000 0.000 0.000 0.330 0.726 2.489 0.269 2.938 0.654 2.371 1.964 0.000 0.000 0.019 0.000 0.000 0.000 1.900 2.801 0.000 0.000 0.000 0.000 0.271 1.580 2.657 0.517 2.814 2.377 1.786 2.358 0.205 0.000 0.000 0.000 
0 test2fip_consistent 0.000 0.000 1.336 1.858 0.000 0.000 0.000 0.970 0.000 1.608 2.448 0.000 0.522 1.806 0.000 3.352 0.000 0.000 0.507 0.000 0.000 0.098 2.031 0.000 0.707 0.000 0.000 0.164 0.058 0.583 0.296 0.000 1.400 1.776 2.650 0.000 0.000 0.888 0.923 0.000 
1 test2fip_inconsistent 0.000 0.000 1.336 1.858 0.000 0.000 0.000 0.970 0.000 1.608 2.448 0.000 0.522 1.806 0.000 3.352 0.000 0.000 0.507 0.000 0.000 0.622 4.426 0.000 0.435 0.000 0.000 1.158 0.000 0.681 2.803 0.000 0.737 2.552 1.776 1.783 0.000 0.082 0.860 0.000 
0 test2fip_consistent 0.669 0.000 0.000 1.828 2.064 2.424 0.006 0.363 0.231 1.416 0.000 1.575 0.067 0.000 1.009 1.252 0.000 2.702 0.009 0.000 0.000 0.370 0.000 0.677 0.056 3.021 0.000 0.000 0.002 0.000 1.660 0.027 0.978 0.000 0.894 0.088 0.000 0.518 1.330 0.251 
1 test2fip_inconsistent 0.669 0.000 0.000 1.828 2.064 2.424 0.006 0.363 0.231 1.416 0.000 1.575 0.067 0.000 1.009 1.252 0.000 2.702 0.009 0.000 0.000 0.000 0.000 1.490 1.065 3.931 0.000 0.000 0.000 1.465 0.709 1.398 0.348 0.000 0.155 1.521 0.000 3.124 1.641 1.260 
0 test2fip_consistent 0.536 0.149 0.000 0.000 0.000 0.000 0.000 0.000 0.000 0.000 2.147 0.000 0.912 2.322 2.175 2.858 1.335 1.420 0.331 0.000 0.000 0.000 0.000 0.000 1.056 0.000 2.929 0.096 0.000 0.000 0.000 0.000 1.047 0.788 0.043 2.510 0.258 0.000 2.203 0.000 
1 test2fip_inconsistent 0.536 0.149 0.000 0.000 0.000 0.000 0.000 0.000 0.000 0.000 2.147 0.000 0.912 2.322 2.175 2.858 1.335 1.420 0.331 0.000 0.000 0.000 0.000 0.000 0.668 0.000 3.060 0.000 0.000 0.000 1.286 0.000 1.121 3.345 1.452 3.629 2.176 0.000 2.189 0.000 
0 test2fip_consistent 0.000 0.000 0.418 0.000 0.327 0.000 0.005 0.000 0.000 0.177 0.000 0.065 1.726 4.462 0.000 0.000 0.000 0.000 2.954 0.041 0.000 1.185 1.624 0.000 0.095 0.000 0.232 1.227 0.000 1.395 0.998 1.239 0.884 0.123 0.000 2.738 0.836 0.000 0.608 0.022 
1 test2fip_inconsistent 0.000 0.000 0.418 0.000 0.327 0.000 0.005 0.000 0.000 0.177 0.000 0.065 1.726 4.462 0.000 0.000 0.000 0.000 2.954 0.041 0.000 1.187 2.093 0.000 0.000 0.000 0.041 1.151 0.000 1.635 0.069 1.075 2.723 3.464 0.000 2.205 0.401 0.000 3.145 0.000 
0 test2fip_consistent 0.000 4.386 0.000 0.622 0.000 1.856 0.000 0.620 0.541 0.000 0.000 0.000 0.000 0.000 0.101 0.000 0.048 1.472 2.604 0.000 0.000 1.311 2.103 0.024 0.923 0.124 0.000 0.000 1.642 2.282 0.000 0.000 1.367 0.000 0.527 0.000 0.000 1.758 0.077 0.008 
1 test2fip_inconsistent 0.000 4.386 0.000 0.622 0.000 1.856 0.000 0.620 0.541 0.000 0.000 0.000 0.000 0.000 0.101 0.000 0.048 1.472 2.604 0.000 0.000 5.137 0.656 0.113 1.346 1.569 0.000 0.000 1.896 1.255 0.000 0.000 1.215 0.000 0.455 0.000 0.000 1.872 2.950 0.000 
0 test2fip_consistent 1.228 0.047 2.075 0.078 0.000 0.000 0.684 0.000 2.828 0.000 0.000 0.000 1.550 0.657 0.000 0.000 3.274 0.346 0.000 2.052 0.023 0.000 0.031 0.000 0.000 0.000 0.644 0.037 0.451 0.006 1.190 0.000 0.000 0.062 0.000 0.000 0.220 1.357 0.000 3.544 
1 test2fip_inconsistent 1.228 0.047 2.075 0.078 0.000 0.000 0.684 0.000 2.828 0.000 0.000 0.000 1.550 0.657 0.000 0.000 3.274 0.346 0.000 2.052 2.717 0.000 0.448 0.000 0.000 0.000 1.940 0.000 1.345 0.000 1.101 0.000 0.435 1.692 0.125 0.000 3.281 1.545 0.000 3.725 
0 test2fip_consistent 0.396 1.175 0.000 0.809 0.523 2.394 0.358 0.000 1.407 0.960 2.070 0.000 0.400 0.752 2.380 2.175 0.372 1.518 1.134 0.000 1.063 0.074 0.000 0.323 0.036 1.790 0.000 1.548 1.170 0.109 0.141 0.000 1.562 0.225 0.180 0.000 0.773 0.112 1.598 0.127 
1 test2fip_inconsistent 0.396 1.175 0.000 0.809 0.523 2.394 0.358 0.000 1.407 0.960 2.070 0.000 0.400 0.752 2.380 2.175 0.372 1.518 1.134 0.000 0.576 2.092 0.000 0.620 0.737 2.761 0.000 1.251 2.593 1.003 1.000 0.000 0.728 0.782 2.832 0.485 0.251 1.864 1.939 0.000 
0 test2fip_consistent 0.000 3.525 0.000 0.117 1.496 0.000 0.000 1.552 0.000 0.180 0.000 0.004 1.983 0.000 0.000 0.356 1.828 0.042 0.000 2.804 0.644 0.742 1.823 1.766 2.305 0.000 0.000 0.842 0.000 2.440 0.078 0.000 0.070 0.000 0.353 0.717 0.000 0.154 0.000 0.181 
1 test2fip_inconsistent 0.000 3.525 0.000 0.117 1.496 0.000 0.000 1.552 0.000 0.180 0.000 0.004 1.983 0.000 0.000 0.356 1.828 0.042 0.000 2.804 0.127 3.616 1.493 0.519 4.053 0.000 0.000 0.882 0.000 1.828 0.064 0.005 1.353 0.000 0.000 0.462 0.655 0.806 0.000 2.204 
0 test2fip_consistent 2.151 1.022 3.163 0.428 1.594 0.000 0.000 1.471 1.374 0.819 0.055 1.133 0.093 0.000 0.376 0.000 0.000 0.616 0.000 1.476 0.126 0.000 0.000 1.659 0.361 0.000 1.309 1.970 0.069 0.060 0.049 1.942 1.769 0.000 0.495 0.000 0.000 0.669 0.010 0.840 
1 test2fip_inconsistent 2.151 1.022 3.163 0.428 1.594 0.000 0.000 1.471 1.374 0.819 0.055 1.133 0.093 0.000 0.376 0.000 0.000 0.616 0.000 1.476 1.501 1.611 3.511 1.219 0.768 0.000 1.438 2.169 0.925 0.646 0.000 2.424 1.962 0.000 0.000 0.089 0.000 0.786 0.000 1.723 
0 test2fip_consistent 0.000 0.000 0.394 0.356 1.498 3.485 0.000 0.000 0.000 0.000 0.000 0.000 1.649 0.000 1.331 1.982 2.444 0.000 1.278 0.000 0.000 0.039 1.968 1.543 0.000 1.914 0.000 0.000 0.695 0.000 1.161 0.971 0.181 1.591 0.241 0.219 0.000 0.547 0.263 0.000 
1 test2fip_inconsistent 0.000 0.000 0.394 0.356 1.498 3.485 0.000 0.000 0.000 0.000 0.000 0.000 1.649 0.000 1.331 1.982 2.444 0.000 1.278 0.000 0.000 0.000 1.577 0.772 0.162 3.601 0.000 0.000 0.227 0.000 0.933 0.345 1.339 1.303 1.153 3.231 0.693 2.440 0.103 0.000 
0 test2fip_consistent 0.000 0.000 1.787 0.000 0.000 0.000 3.187 0.000 3.403 2.196 0.000 0.000 0.006 0.000 0.433 0.000 0.000 0.000 0.681 0.960 0.069 0.000 0.057 0.021 1.518 0.000 0.051 1.610 0.187 1.210 0.000 0.000 0.103 1.220 1.803 1.257 0.000 1.734 0.000 0.875 
1 test2fip_inconsistent 0.000 0.000 1.787 0.000 0.000 0.000 3.187 0.000 3.403 2.196 0.000 0.000 0.006 0.000 0.433 0.000 0.000 0.000 0.681 0.960 0.000 0.000 0.637 0.000 0.793 0.000 3.594 4.265 1.966 0.828 0.000 0.000 0.000 0.321 1.012 0.470 0.000 2.196 0.046 0.407 
0 test2fip_consistent 0.462 1.635 1.966 0.000 0.550 0.000 0.433 1.224 1.236 3.687 0.478 0.350 1.851 0.000 0.927 0.000 0.000 0.404 0.000 0.427 0.815 0.000 0.000 0.380 0.000 0.135 0.535 1.173 2.626 0.000 0.321 1.508 1.392 0.000 0.837 0.385 1.613 0.025 0.000 0.185 
1 test2fip_inconsistent 0.462 1.635 1.966 0.000 0.550 0.000 0.433 1.224 1.236 3.687 0.478 0.350 1.851 0.000 0.927 0.000 0.000 0.404 0.000 0.427 2.237 2.188 0.046 0.188 0.000 0.000 0.267 2.264 3.006 2.387 0.000 0.775 2.161 0.000 0.000 0.394 1.038 0.121 0.000 1.448 
0 test2fip_consistent 0.000 0.000 0.000 1.884 0.000 0.000 1.252 0.686 1.189 0.970 0.033 1.242 0.546 1.584 3.880 2.051 0.000 0.000 0.000 0.818 0.000 1.499 0.151 0.169 0.190 0.000 0.552 0.090 0.951 1.615 2.833 0.000 0.964 0.600 0.773 0.042 1.645 0.000 0.000 0.158 
1 test2fip_inconsistent 0.000 0.000 0.000 1.884 0.000 0.000 1.252 0.686 1.189 0.970 0.033 1.242 0.546 1.584 3.880 2.051 0.000 0.000 0.000 0.818 0.000 0.529 0.009 2.101 0.000 0.000 0.000 0.000 1.585 2.643 2.464 0.000 1.144 1.156 3.598 1.903 0.963 0.000 0.000 1.106 
0 test2fip_consistent 0.000 0.293 0.307 0.749 0.000 0.182 3.913 0.000 2.702 0.045 0.000 1.350 0.000 0.804 0.489 0.000 0.000 0.000 1.935 0.000 0.000 0.053 2.408 0.000 0.000 0.220 0.704 1.486 0.636 0.440 0.080 0.026 0.009 1.041 0.266 0.856 1.849 0.000 0.805 0.014 
1 test2fip_inconsistent 0.000 0.293 0.307 0.749 0.000 0.182 3.913 0.000 2.702 0.045 0.000 1.350 0.000 0.804 0.489 0.000 0.000 0.000 1.935 0.000 0.000 0.343 1.901 0.621 0.000 0.565 2.831 1.392 4.173 0.000 0.047 0.268 0.000 2.326 0.892 0.830 1.071 0.000 1.643 0.000 
0 test2fip_consistent 0.000 0.121 0.000 0.000 2.388 2.737 1.811 1.619 0.223 0.000 0.000 0.505 0.000 1.405 0.000 2.097 2.562 0.000 0.330 0.000 1.674 1.494 0.000 0.000 0.416 1.191 0.000 0.334 0.000 0.000 0.000 0.118 0.243 0.397 0.000 0.321 0.153 0.000 2.949 1.084 
1 test2fip_inconsistent 0.000 0.121 0.000 0.000 2.388 2.737 1.811 1.619 0.223 0.000 0.000 0.505 0.000 1.405 0.000 2.097 2.562 0.000 0.330 0.000 0.567 0.558 0.000 0.000 2.499 3.864 0.022 1.101 0.000 0.000 0.000 0.593 0.089 2.533 0.000 1.294 2.179 0.000 2.141 0.817 
0 test2fip_consistent 0.000 0.037 0.225 0.000 0.065 0.000 0.000 0.000 0.000 3.018 1.993 0.447 2.903 0.000 0.723 0.160 0.000 0.000 0.957 2.248 0.000 0.429 0.082 1.886 0.120 0.000 0.000 0.915 0.190 1.026 0.177 0.828 0.315 0.000 0.427 1.375 0.000 1.681 0.329 2.296 
1 test2fip_inconsistent 0.000 0.037 0.225 0.000 0.065 0.000 0.000 0.000 0.000 3.018 1.993 0.447 2.903 0.000 0.723 0.160 0.000 0.000 0.957 2.248 0.000 1.386 0.086 1.059 0.000 0.000 0.000 0.785 0.942 2.042 1.828 2.063 2.985 0.000 0.377 1.026 0.000 1.255 1.525 3.219 
0 test2fip_consistent 3.687 0.000 0.000 1.651 0.000 0.000 0.323 0.000 1.456 0.000 1.267 0.000 0.396 0.920 2.144 0.468 0.000 0.000 0.000 1.510 0.045 0.000 0.000 2.419 0.000 0.049 1.129 0.522 1.339 2.001 1.190 0.000 0.122 0.159 0.024 1.134 0.160 0.000 0.000 0.000 
1 test2fip_inconsistent 3.687 0.000 0.000 1.651 0.000 0.000 0.323 0.000 1.456 0.000 1.267 0.000 0.396 0.920 2.144 0.468 0.000 0.000 0.000 1.510 3.911 0.000 0.000 3.948 0.000 0.000 0.176 0.000 1.032 1.868 0.224 0.000 0.922 0.785 1.140 0.079 0.000 0.000 0.000 0.555 
0 test2fip_consistent 1.654 0.000 0.115 0.000 2.341 0.000 1.202 0.000 0.000 0.968 1.578 0.000 0.000 0.000 1.649 2.213 1.784 0.000 2.189 0.000 0.076 0.000 0.000 1.272 0.172 0.549 0.760 2.058 0.000 0.040 1.656 0.000 0.000 0.000 2.763 0.000 0.000 0.000 0.317 0.392 
1 test2fip_inconsistent 1.654 0.000 0.115 0.000 2.341 0.000 1.202 0.000 0.000 0.968 1.578 0.000 0.000 0.000 1.649 2.213 1.784 0.000 2.189 0.000 1.435 0.000 0.000 0.381 1.662 0.927 1.659 1.515 0.000 0.545 2.744 0.000 0.000 0.000 3.308 1.617 1.897 0.000 2.154 0.080 
0 test2fip_consistent 4.524 0.000 0.000 0.000 0.000 0.996 0.662 0.000 0.708 0.000 0.478 0.000 0.041 0.000 0.000 0.000 0.000 0.248 2.062 2.013 2.864 0.004 0.000 0.000 0.000 0.000 0.000 0.000 1.540 1.363 0.000 2.242 0.000 1.520 0.000 0.607 0.070 0.822 0.000 0.000 
1 test2fip_inconsistent 4.524 0.000 0.000 0.000 0.000 0.996 0.662 0.000 0.708 0.000 0.478 0.000 0.041 0.000 0.000 0.000 0.000 0.248 2.062 2.013 4.793 0.000 0.031 0.000 0.004 0.568 0.000 0.000 0.927 0.294 0.000 1.440 0.000 0.614 0.000 1.613 0.000 0.171 1.157 3.463 
0 test2fip_consistent 0.641 1.469 0.000 1.900 0.000 0.000 1.364 0.000 0.000 1.873 0.222 1.147 0.000 1.087 0.138 1.935 1.171 3.127 0.590 0.000 1.105 0.134 0.041 0.292 0.000 0.000 0.109 0.000 0.000 0.323 0.105 2.423 0.066 0.096 0.000 0.129 0.127 3.050 0.000 0.000 
1 test2fip_inconsistent 0.641 1.469 0.000 1.900 0.000 0.000 1.364 0.000 0.000 1.873 0.222 1.147 0.000 1.087 0.138 1.935 1.171 3.127 0.590 0.000 1.696 1.274 0.000 1.853 0.000 0.000 2.040 0.000 0.000 0.812 0.000 3.069 0.000 0.000 0.000 2.682 0.848 3.828 0.000 0.000 
0 test2fip_consistent 0.000 0.000 0.340 2.187 0.919 0.000 1.154 2.269 0.000 0.000 0.000 2.300 0.028 0.000 0.000 1.654 0.000 0.143 0.000 2.724 0.155 0.065 0.000 1.249 0.177 0.009 0.000 0.108 0.018 0.000 2.489 2.359 0.000 0.000 0.070 0.538 0.000 0.947 0.150 0.158 
1 test2fip_inconsistent 0.000 0.000 0.340 2.187 0.919 0.000 1.154 2.269 0.000 0.000 0.000 2.300 0.028 0.000 0.000 1.654 0.000 0.143 0.000 2.724 0.000 0.000 0.201 2.995 1.656 0.000 0.000 1.599 0.000 0.000 1.366 3.871 0.000 0.000 0.000 1.796 0.000 1.127 0.000 1.980 
0 test2fip_consistent 1.213 2.254 0.000 0.391 2.367 0.000 1.612 0.513 1.297 0.427 0.000 0.248 0.000 1.328 0.070 2.274 0.621 1.780 0.000 0.000 0.720 0.203 0.628 1.626 0.503 1.964 0.170 1.919 0.619 0.374 0.644 0.076 0.000 0.151 0.000 0.228 1.002 1.230 0.073 0.743 
1 test2fip_inconsistent 1.213 2.254 0.000 0.391 2.367 0.000 1.612 0.513 1.297 0.427 0.000 0.248 0.000 1.328 0.070 2.274 0.621 1.780 0.000 0.000 0.585 2.370 0.274 0.869 1.759 0.988 2.372 1.844 2.097 1.476 0.806 0.000 0.213 1.384 0.000 2.069 1.777 2.752 0.000 0.805 
0 test2fip_consistent 0.000 3.263 1.070 0.000 0.000 0.000 0.000 0.250 0.000 0.000 0.058 0.000 0.000 2.194 0.317 1.414 2.895 0.934 0.015 0.000 0.037 0.216 0.666 0.000 1.940 0.292 0.000 1.867 0.691 0.000 0.623 0.000 0.000 0.427 0.000 0.772 1.693 0.131 2.506 0.000 
1 test2fip_inconsistent 0.000 3.263 1.070 0.000 0.000 0.000 0.000 0.250 0.000 0.000 0.058 0.000 0.000 2.194 0.317 1.414 2.895 0.934 0.015 0.000 0.000 2.844 2.635 0.000 2.828 0.000 0.000 1.282 0.286 0.000 0.774 0.000 0.000 0.047 0.000 0.153 3.713 0.730 1.614 0.000 
0 test2fip_consistent 0.000 0.208 0.044 0.000 0.000 0.016 1.980 0.000 1.430 1.684 0.000 0.000 0.000 4.630 0.142 0.000 0.000 0.060 0.000 0.000 0.000 1.976 0.380 0.000 1.266 0.119 0.599 0.000 0.394 0.548 0.000 0.078 0.000 1.098 1.345 0.772 1.640 1.540 0.343 0.000 
1 test2fip_inconsistent 0.000 0.208 0.044 0.000 0.000 0.016 1.980 0.000 1.430 1.684 0.000 0.000 0.000 4.630 0.142 0.000 0.000 0.060 0.000 0.000 0.000 1.955 0.000 0.000 0.176 0.733 0.000 0.000 2.492 1.316 0.000 0.000 0.000 4.902 0.854 0.000 0.772 1.536 1.305 0.000 
0 test2fip_consistent 0.000 0.000 0.000 0.910 0.000 0.000 0.910 0.000 0.000 2.911 2.840 1.012 0.000 0.425 2.514 0.000 1.775 0.000 0.000 1.095 0.821 0.000 0.000 2.870 0.000 0.750 0.964 0.000 0.000 1.037 0.044 1.696 0.691 0.000 2.675 0.000 0.023 0.332 0.000 0.000 
1 test2fip_inconsistent 0.000 0.000 0.000 0.910 0.000 0.000 0.910 0.000 0.000 2.911 2.840 1.012 0.000 0.425 2.514 0.000 1.775 0.000 0.000 1.095 0.769 0.000 0.000 2.532 0.000 0.594 0.585 0.000 0.000 4.255 2.314 2.936 0.663 0.009 2.489 0.000 1.719 0.013 0.000 0.000 
0 test2fip_consistent 0.000 0.000 0.000 1.106 0.958 1.933 0.023 0.451 0.698 0.912 0.000 2.605 0.595 0.843 0.236 2.727 2.072 0.975 1.021 0.000 0.000 0.039 0.568 0.000 1.038 0.000 0.515 0.166 0.918 0.691 0.482 1.836 2.614 0.117 0.000 0.202 0.729 1.051 0.000 0.015 
1 test2fip_inconsistent 0.000 0.000 0.000 1.106 0.958 1.933 0.023 0.451 0.698 0.912 0.000 2.605 0.595 0.843 0.236 2.727 2.072 0.975 1.021 0.000 0.000 0.000 0.000 1.725 0.803 0.000 0.426 0.000 0.359 0.742 1.680 3.912 2.066 0.579 1.006 2.468 1.607 2.252 1.701 0.000 
0 test2fip_consistent 0.000 0.105 0.322 0.000 3.493 0.549 0.000 0.000 0.090 0.000 0.923 0.000 2.289 0.000 1.993 0.215 0.000 0.000 2.636 0.419 0.000 2.049 0.809 0.061 1.452 0.226 0.000 0.182 1.659 0.000 0.279 2.252 1.094 0.000 0.063 0.530 0.513 0.000 0.394 0.183 
1 test2fip_inconsistent 0.000 0.105 0.322 0.000 3.493 0.549 0.000 0.000 0.090 0.000 0.923 0.000 2.289 0.000 1.993 0.215 0.000 0.000 2.636 0.419 0.000 1.605 1.312 0.000 3.174 0.513 0.000 0.000 1.499 0.000 2.156 0.776 2.503 0.000 1.725 1.248 0.425 0.000 2.348 1.607 
0 test2fip_consistent 0.247 0.000 0.000 0.000 0.777 0.000 0.005 1.584 0.863 1.579 0.000 1.571 0.000 3.233 3.067 0.611 0.124 0.010 0.000 0.000 1.021 0.000 0.419 2.032 0.254 0.000 0.000 0.016 0.363 0.055 0.000 1.869 0.000 0.836 0.000 0.002 1.962 0.079 1.729 0.000 
1 test2fip_inconsistent 0.247 0.000 0.000 0.000 0.777 0.000 0.005 1.584 0.863 1.579 0.000 1.571 0.000 3.233 3.067 0.611 0.124 0.010 0.000 0.000 1.100 0.000 0.289 1.400 1.744 0.000 0.000 1.599 0.721 0.417 0.000 3.444 0.000 3.596 2.060 0.000 1.670 0.000 1.150 0.000 
0 test2fip_consistent 0.000 1.140 1.908 1.052 1.488 0.000 0.000 0.000 2.229 0.000 1.627 0.000 0.000 3.245 0.323 1.732 0.553 0.000 0.000 0.000 0.000 0.335 0.190 1.460 0.439 0.000 0.000 0.000 0.110 2.519 1.755 0.000 1.727 0.379 0.801 0.824 0.377 0.312 0.343 0.000 
1 test2fip_inconsistent 0.000 1.140 1.908 1.052 1.488 0.000 0.000 0.000 2.229 0.000 1.627 0.000 0.000 3.245 0.323 1.732 0.553 0.000 0.000 0.000 0.000 0.606 1.452 2.553 0.989 0.000 0.000 0.000 1.715 2.013 2.971 0.000 1.103 2.953 0.374 2.213 0.936 0.657 0.000 0.000 
0 test2fip_consistent 1.113 1.587 3.693 0.397 0.606 0.000 0.000 1.347 0.000 0.000 0.000 2.438 0.000 0.000 2.117 0.000 0.171 0.213 0.891 0.689 0.405 0.470 0.133 1.545 0.000 1.022 0.000 0.545 2.699 0.000 0.000 1.179 0.000 0.000 0.727 0.000 2.224 0.500 0.083 1.383 
1 test2fip_inconsistent 1.113 1.587 3.693 0.397 0.606 0.000 0.000 1.347 0.000 0.000 0.000 2.438 0.000 0.000 2.117 0.000 0.171 0.213 0.891 0.689 3.728 1.715 1.395 1.302 0.000 0.711 0.000 2.156 2.095 0.000 0.000 2.617 0.000 0.000 0.946 0.784 1.546 0.000 0.102 0.698 
0 test2fip_consistent 0.000 0.000 0.235 0.000 0.000 0.000 1.362 0.000 2.271 0.693 0.240 0.055 0.000 1.622 2.008 3.762 1.137 1.310 0.000 2.112 0.000 0.084 2.788 0.768 0.792 0.568 0.062 0.000 0.319 0.000 0.112 0.596 1.051 0.151 0.128 2.503 0.052 0.020 0.000 0.553 
1 test2fip_inconsistent 0.000 0.000 0.235 0.000 0.000 0.000 1.362 0.000 2.271 0.693 0.240 0.055 0.000 1.622 2.008 3.762 1.137 1.310 0.000 2.112 0.000 0.000 2.614 0.360 0.179 0.654 1.256 0.266 0.676 0.195 0.648 0.099 0.693 0.479 2.287 3.785 0.370 1.640 0.000 2.478 
0 test2fip_consistent 4.037 1.948 2.060 0.380 1.338 0.000 0.000 1.362 0.000 0.161 0.000 0.108 1.577 0.000 0.153 1.584 0.281 0.000 0.000 0.230 0.000 0.000 1.389 0.000 0.258 0.000 0.000 0.000 1.222 1.876 1.981 0.291 0.194 0.000 1.340 0.280 0.000 0.000 3.065 0.631 
1 test2fip_inconsistent 4.037 1.948 2.060 0.380 1.338 0.000 0.000 1.362 0.000 0.161 0.000 0.108 1.577 0.000 0.153 1.584 0.281 0.000 0.000 0.230 1.031 0.829 4.048 0.000 1.700 0.000 0.000 0.000 1.567 1.623 1.675 0.312 1.421 0.000 0.873 1.940 0.000 0.000 2.065 0.463 
0 test2fip_consistent 0.475 1.880 3.605 0.593 0.000 0.000 0.000 2.119 0.000 0.000 0.000 1.872 0.043 1.413 0.000 2.678 0.000 0.000 0.603 0.000 0.000 0.937 0.286 2.754 0.140 0.000 0.318 1.634 0.000 2.234 0.056 0.000 1.439 0.070 0.000 0.225 0.107 1.607 0.041 0.000 
1 test2fip_inconsistent 0.475 1.880 3.605 0.593 0.000 0.000 0.000 2.119 0.000 0.000 0.000 1.872 0.043 1.413 0.000 2.678 0.000 0.000 0.603 0.000 0.000 3.386 1.903 2.319 0.000 0.000 0.000 3.457 0.000 1.748 0.000 1.913 1.182 0.000 0.000 1.105 0.000 0.907 0.357 0.000 
0 test2fip_consistent 0.000 0.000 1.148 0.000 1.303 3.535 0.000 0.000 1.825 0.454 0.570 0.000 1.620 0.000 1.777 1.167 1.313 0.000 1.580 0.373 0.950 0.579 1.497 0.000 0.048 1.155 0.042 1.173 1.104 0.000 1.099 0.625 0.044 1.647 0.437 0.213 1.530 0.000 0.707 0.000 
1 test2fip_inconsistent 0.000 0.000 1.148 0.000 1.303 3.535 0.000 0.000 1.825 0.454 0.570 0.000 1.620 0.000 1.777 1.167 1.313 0.000 1.580 0.373 1.560 0.388 1.855 0.000 3.061 2.727 0.000 0.717 3.352 0.000 0.798 0.784 1.925 1.121 1.767 0.363 0.847 0.000 0.731 0.000 
0 test2fip_consistent 2.572 0.000 0.067 0.000 0.849 0.608 0.000 0.152 0.000 1.910 0.000 0.000 0.000 1.113 0.000 4.045 0.000 2.066 0.000 0.000 0.000 0.000 0.000 0.003 2.840 2.067 2.095 0.000 0.000 0.013 0.000 0.000 0.000 1.385 0.498 0.923 0.000 0.044 0.248 0.487 
1 test2fip_inconsistent 2.572 0.000 0.067 0.000 0.849 0.608 0.000 0.152 0.000 1.910 0.000 0.000 0.000 1.113 0.000 4.045 0.000 2.066 0.000 0.000 1.855 0.000 0.000 0.000 2.694 2.007 0.841 0.000 0.000 2.190 0.000 0.000 0.000 1.264 0.549 4.359 0.000 0.103 0.260 0.213 
0 test2fip_consistent 0.259 0.000 0.709 0.259 0.000 1.482 3.684 1.457 0.411 1.444 2.137 0.052 0.000 0.000 1.119 0.000 0.758 0.096 0.286 0.353 0.972 0.882 0.325 0.799 0.000 0.303 0.809 0.097 0.692 0.016 1.813 0.563 0.033 0.000 0.134 0.000 0.000 1.573 1.411 0.006 
1 test2fip_inconsistent 0.259 0.000 0.709 0.259 0.000 1.482 3.684 1.457 0.411 1.444 2.137 0.052 0.000 0.000 1.119 0.000 0.758 0.096 0.286 0.353 0.849 0.711 1.921 0.793 0.000 2.913 3.050 1.151 1.308 0.964 2.527 0.000 0.000 0.000 0.133 0.000 0.069 1.680 1.137 0.000 
0 test2fip_consistent 2.820 3.731 0.000 0.182 2.182 0.000 0.686 0.000 0.000 0.000 0.749 0.000 0.000 0.035 0.000 2.205 0.331 0.000 0.000 0.000 0.169 0.000 0.000 0.039 1.270 0.015 2.241 0.480 0.000 0.000 0.268 0.000 2.497 0.027 0.000 0.543 2.357 0.169 0.000 0.000 
1 test2fip_inconsistent 2.820 3.731 0.000 0.182 2.182 0.000 0.686 0.000 0.000 0.000 0.749 0.000 0.000 0.035 0.000 2.205 0.331 0.000 0.000 0.000 0.834 1.656 0.000 0.000 1.545 0.000 4.240 0.300 0.000 0.000 0.855 0.000 0.929 2.250 0.000 2.131 1.867 0.946 0.000 0.000 
0 test2fip_consistent 0.000 0.000 0.000 0.000 3.043 0.000 1.182 0.000 0.000 0.957 0.000 2.367 0.000 0.000 0.000 2.594 1.713 0.000 2.384 0.294 0.000 0.000 0.000 0.000 0.000 0.062 2.443 0.000 0.000 2.015 2.086 0.000 0.000 0.902 0.000 0.000 0.378 0.000 0.128 1.332 
1 test2fip_inconsistent 0.000 0.000 0.000 0.000 3.043 0.000 1.182 0.000 0.000 0.957 0.000 2.367 0.000 0.000 0.000 2.594 1.713 0.000 2.384 0.294 0.000 0.000 0.000 0.000 1.911 0.384 3.745 0.000 0.000 1.617 1.083 1.955 0.000 0.998 0.000 2.220 0.947 0.000 1.947 1.152 
0 test2fip_consistent 0.000 0.000 0.272 0.387 1.666 0.000 0.000 0.000 0.000 0.371 0.000 2.180 2.835 1.691 3.790 0.000 0.000 0.000 2.025 0.000 1.387 1.312 1.244 0.000 0.000 0.000 0.000 0.000 0.079 2.404 1.661 0.757 1.716 0.000 0.340 0.000 0.000 0.000 0.476 0.013 
1 test2fip_inconsistent 0.000 0.000 0.272 0.387 1.666 0.000 0.000 0.000 0.000 0.371 0.000 2.180 2.835 1.691 3.790 0.000 0.000 0.000 2.025 0.000 0.678 1.239 0.000 0.000 0.000 0.000 0.000 0.000 0.031 2.228 0.678 2.652 1.916 0.372 3.853 0.000 0.000 1.098 2.324 0.000 
0 test2fip_consistent 0.000 0.000 0.000 0.057 1.121 0.000 0.479 0.000 0.000 2.911 2.282 0.000 1.219 0.000 2.628 0.000 2.240 0.000 0.881 0.074 0.116 0.000 0.397 0.226 0.521 2.443 0.338 0.666 0.135 0.201 0.162 0.000 1.144 0.000 0.678 0.090 0.684 0.000 2.624 0.060 
1 test2fip_inconsistent 0.000 0.000 0.000 0.057 1.121 0.000 0.479 0.000 0.000 2.911 2.282 0.000 1.219 0.000 2.628 0.000 2.240 0.000 0.881 0.074 0.000 0.000 0.000 0.577 1.551 1.697 1.311 0.772 1.068 2.900 2.132 0.000 2.453 0.000 2.121 0.000 1.268 0.000 3.006 0.323 
0 test2fip_consistent 0.413 0.000 1.337 0.000 0.000 0.000 0.000 3.327 0.000 0.505 0.000 0.589 0.000 0.438 1.721 0.824 2.867 0.203 1.550 0.945 0.698 1.404 0.000 0.038 0.110 0.533 0.252 0.181 0.000 0.245 0.000 0.133 0.926 1.894 0.295 1.388 0.190 2.731 1.327 0.341 
1 test2fip_inconsistent 0.413 0.000 1.337 0.000 0.000 0.000 0.000 3.327 0.000 0.505 0.000 0.589 0.000 0.438 1.721 0.824 2.867 0.203 1.550 0.945 0.291 1.827 0.000 0.000 0.029 0.201 0.000 1.989 0.000 1.707 0.000 0.998 0.488 1.337 2.213 2.311 2.205 2.437 2.808 0.000 
0 test2fip_consistent 0.000 0.589 0.293 1.312 0.598 0.675 0.000 0.000 0.109 1.769 4.419 0.802 0.000 0.643 0.000 0.000 0.000 0.696 0.000 0.605 0.000 2.121 0.025 0.000 0.000 0.011 0.000 0.000 2.290 0.959 0.668 0.333 0.000 0.000 2.234 0.000 1.906 0.040 0.096 0.386 
1 test2fip_inconsistent 0.000 0.589 0.293 1.312 0.598 0.675 0.000 0.000 0.109 1.769 4.419 0.802 0.000 0.643 0.000 0.000 0.000 0.696 0.000 0.605 0.000 1.219 0.450 0.000 0.000 0.656 0.000 0.000 1.628 1.839 5.464 0.333 0.000 0.000 1.841 0.000 1.369 0.000 0.000 0.419 
0 test2fip_consistent 0.000 0.671 0.368 1.111 1.649 1.129 0.000 1.387 0.397 0.000 0.000 0.214 0.000 2.243 3.364 1.177 0.000 0.049 0.510 1.703 0.000 0.008 0.000 0.205 0.086 0.367 0.000 1.746 0.596 1.624 0.000 0.005 0.868 0.246 2.067 2.415 0.000 0.000 0.000 0.239 
1 test2fip_inconsistent 0.000 0.671 0.368 1.111 1.649 1.129 0.000 1.387 0.397 0.000 0.000 0.214 0.000 2.243 3.364 1.177 0.000 0.049 0.510 1.703 0.000 0.239 0.135 0.970 0.000 1.443 0.000 3.314 0.768 0.807 0.000 0.337 0.405 2.391 3.891 1.174 0.000 0.000 0.000 2.360 
0 test2fip_consistent 0.000 2.571 0.353 1.260 0.097 1.274 0.000 0.000 0.037 0.751 2.880 0.000 0.000 0.000 0.000 2.002 0.000 0.027 2.834 0.000 0.000 2.445 2.702 0.067 0.000 0.249 0.000 0.000 0.070 0.000 0.025 0.948 0.927 0.000 0.503 1.560 0.134 1.642 0.061 0.010 
1 test2fip_inconsistent 0.000 2.571 0.353 1.260 0.097 1.274 0.000 0.000 0.037 0.751 2.880 0.000 0.000 0.000 0.000 2.002 0.000 0.027 2.834 0.000 0.000 4.034 1.840 0.644 0.000 0.387 0.055 0.000 0.000 1.415 2.104 0.385 0.276 0.000 0.292 1.701 0.635 1.486 2.801 0.000 
0 test2fip_consistent 0.000 0.575 0.989 0.000 1.615 3.327 0.000 0.000 0.000 0.000 0.000 0.413 0.894 0.162 0.342 2.600 0.000 0.000 2.066 1.058 0.000 0.095 0.000 0.000 2.811 0.679 0.000 0.000 0.075 0.000 0.000 0.516 0.636 0.444 0.000 0.588 3.065 0.000 0.000 0.000 
1 test2fip_inconsistent 0.000 0.575 0.989 0.000 1.615 3.327 0.000 0.000 0.000 0.000 0.000 0.413 0.894 0.162 0.342 2.600 0.000 0.000 2.066 1.058 0.000 0.403 0.000 0.000 3.473 3.033 0.000 0.000 0.454 0.000 0.000 0.291 1.731 0.484 0.000 2.946 2.495 0.000 1.832 0.000 
0 test2fip_consistent 0.000 0.239 0.000 0.088 1.818 0.000 1.510 3.538 0.000 2.963 0.000 0.000 0.124 1.015 0.564 0.000 0.646 0.482 1.107 0.000 2.723 0.000 0.000 0.000 0.640 0.000 0.000 1.992 0.163 0.441 0.200 0.097 0.364 0.074 0.034 0.024 0.100 2.547 0.143 0.233 
1 test2fip_inconsistent 0.000 0.239 0.000 0.088 1.818 0.000 1.510 3.538 0.000 2.963 0.000 0.000 0.124 1.015 0.564 0.000 0.646 0.482 1.107 0.000 2.886 0.000 0.000 0.000 2.650 0.000 0.128 2.852 0.000 2.374 0.000 0.000 2.327 1.778 0.000 0.000 0.517 1.298 1.496 0.291 
0 test2fip_consistent 0.000 0.481 2.214 2.780 0.000 0.000 0.666 0.187 0.469 0.089 0.055 0.125 0.952 3.299 0.000 0.000 0.494 1.448 0.889 0.000 0.567 0.521 2.253 0.203 0.676 0.000 0.010 0.000 0.777 0.621 0.000 0.000 0.234 1.200 1.480 0.000 1.507 0.767 0.000 0.000 
1 test2fip_inconsistent 0.000 0.481 2.214 2.780 0.000 0.000 0.666 0.187 0.469 0.089 0.055 0.125 0.952 3.299 0.000 0.000 0.494 1.448 0.889 0.000 0.090 0.219 2.861 2.946 0.458 0.000 1.236 0.000 1.442 0.575 0.000 0.658 0.590 3.540 1.329 0.072 0.959 2.137 0.211 0.000 
0 test2fip_consistent 1.437 0.109 0.026 0.057 0.240 1.313 0.000 1.018 0.000 0.000 1.090 0.000 0.000 0.000 1.098 1.411 1.156 1.620 0.803 4.048 0.158 0.120 0.002 0.375 0.080 0.190 0.012 0.000 0.000 0.000 0.223 1.547 0.000 2.154 0.225 1.603 0.673 0.000 1.202 2.283 
1 test2fip_inconsistent 1.437 0.109 0.026 0.057 0.240 1.313 0.000 1.018 0.000 0.000 1.090 0.000 0.000 0.000 1.098 1.411 1.156 1.620 0.803 4.048 1.324 0.861 0.000 0.000 1.065 1.614 0.000 0.000 0.000 0.000 1.952 0.961 0.000 1.832 1.223 2.976 0.442 0.000 1.978 3.932 
0 test2fip_consistent 0.000 0.000 0.014 2.148 0.000 0.526 0.000 0.000 0.000 0.052 0.000 0.000 1.258 0.563 0.000 0.000 5.062 0.682 0.000 0.000 0.000 0.000 1.706 0.181 1.026 2.301 0.000 0.142 0.282 1.728 0.000 0.000 0.000 1.487 0.646 0.000 1.813 0.074 1.209 0.000 
1 test2fip_inconsistent 0.000 0.000 0.014 2.148 0.000 0.526 0.000 0.000 0.000 0.052 0.000 0.000 1.258 0.563 0.000 0.000 5.062 0.682 0.000 0.000 0.000 0.000 1.902 2.333 0.456 2.652 0.000 1.653 0.879 0.914 0.000 0.000 0.000 0.257 0.000 0.000 4.713 0.000 0.249 0.000 
0 test2fip_consistent 1.327 0.653 0.691 0.000 0.000 0.000 0.000 0.000 0.000 2.394 1.048 0.276 2.305 1.739 2.131 0.000 1.546 0.056 2.596 0.000 0.094 0.487 1.379 0.070 0.000 0.064 0.000 2.220 0.000 0.116 0.062 0.000 1.585 0.035 0.200 0.000 1.386 0.347 0.113 2.082 
1 test2fip_inconsistent 1.327 0.653 0.691 0.000 0.000 0.000 0.000 0.000 0.000 2.394 1.048 0.276 2.305 1.739 2.131 0.000 1.546 0.056 2.596 0.000 1.529 0.575 1.047 0.000 0.000 0.000 0.000 1.780 0.000 2.342 0.000 0.666 3.688 0.438 2.647 0.000 1.522 0.183 2.646 1.139 
0 test2fip_consistent 0.000 0.000 1.539 0.789 0.278 0.000 1.483 2.088 0.000 0.208 1.043 1.872 0.000 0.000 0.749 0.688 0.000 1.832 2.953 0.412 0.000 0.000 0.168 0.627 2.012 0.000 0.000 1.327 0.012 0.144 0.000 0.021 0.000 2.061 0.641 0.182 0.269 2.090 0.995 0.244 
1 test2fip_inconsistent 0.000 0.000 1.539 0.789 0.278 0.000 1.483 2.088 0.000 0.208 1.043 1.872 0.000 0.000 0.749 0.688 0.000 1.832 2.953 0.412 0.000 0.000 1.759 1.171 1.474 0.142 0.724 3.044 0.000 0.000 1.634 1.136 0.000 1.158 2.113 0.292 0.000 2.833 3.038 0.615 
0 test2fip_consistent 4.139 0.000 0.000 0.000 0.000 0.000 0.000 0.000 0.000 0.000 1.757 0.000 0.808 1.567 0.717 0.863 0.404 0.007 1.533 2.353 0.607 0.000 0.000 0.804 0.000 0.000 0.934 0.054 0.000 0.507 0.212 0.000 0.000 0.075 3.198 0.000 1.083 2.205 1.489 1.190 
1 test2fip_inconsistent 4.139 0.000 0.000 0.000 0.000 0.000 0.000 0.000 0.000 0.000 1.757 0.000 0.808 1.567 0.717 0.863 0.404 0.007 1.533 2.353 3.295 0.000 0.000 0.545 0.000 0.000 0.968 0.011 0.000 0.426 1.965 0.000 0.003 2.182 2.268 0.000 0.000 1.447 3.966 1.953 
0 test2fip_consistent 0.000 0.000 1.077 2.121 0.000 3.401 0.580 0.906 0.000 2.481 0.000 0.016 0.040 0.000 0.000 0.000 0.468 1.815 0.452 1.255 2.299 0.424 0.586 0.069 0.000 1.120 1.670 0.556 0.145 1.380 0.013 0.576 2.108 0.656 0.000 0.000 0.783 0.027 0.054 1.014 
1 test2fip_inconsistent 0.000 0.000 1.077 2.121 0.000 3.401 0.580 0.906 0.000 2.481 0.000 0.016 0.040 0.000 0.000 0.000 0.468 1.815 0.452 1.255 1.427 0.000 1.087 1.091 0.000 3.772 1.690 1.370 0.234 4.388 0.000 0.274 0.160 0.521 0.000 0.025 0.365 0.081 0.000 0.000 
0 test2fip_consistent 0.309 2.061 2.217 1.701 0.515 0.000 0.452 0.000 0.000 0.000 1.740 3.503 1.597 0.769 0.126 0.000 1.141 0.481 0.000 0.000 1.324 0.447 0.533 0.163 0.355 0.169 0.257 0.796 2.429 1.022 0.036 0.997 0.335 0.617 0.431 0.000 0.000 1.312 0.000 0.201 
1 test2fip_inconsistent 0.309 2.061 2.217 1.701 0.515 0.000 0.452 0.000 0.000 0.000 1.740 3.503 1.597 0.769 0.126 0.000 1.141 0.481 0.000 0.000 0.192 2.471 2.521 1.775 0.843 0.677 0.485 0.894 2.057 0.009 1.375 3.430 1.527 1.040 0.172 0.000 0.151 1.564 0.000 0.000 
0 test2fip_consistent 0.000 0.000 0.000 0.032 0.155 1.367 0.000 0.000 2.542 0.000 0.000 0.000 0.000 1.564 0.964 0.000 0.398 4.655 0.167 1.266 0.525 0.000 0.000 3.645 0.903 0.026 0.000 0.000 1.031 0.000 0.000 0.000 0.000 0.000 0.973 0.059 0.000 0.379 0.000 0.000 
1 test2fip_inconsistent 0.000 0.000 0.000 0.032 0.155 1.367 0.000 0.000 2.542 0.000 0.000 0.000 0.000 1.564 0.964 0.000 0.398 4.655 0.167 1.266 0.343 0.000 0.000 2.446 0.373 0.000 0.000 0.000 3.656 0.000 0.000 0.000 0.000 2.885 0.056 0.000 0.000 2.297 0.000 0.000 
0 test2fip_consistent 1.020 0.021 0.112 0.000 2.285 0.000 0.000 0.000 0.000 0.000 0.000 0.000 0.000 0.000 0.000 2.425 0.000 4.335 0.000 0.000 1.308 1.418 0.087 0.064 2.131 1.110 0.000 1.101 0.000 1.764 0.000 0.000 0.085 0.000 1.320 0.025 0.056 0.542 0.000 0.000 
1 test2fip_inconsistent 1.020 0.021 0.112 0.000 2.285 0.000 0.000 0.000 0.000 0.000 0.000 0.000 0.000 0.000 0.000 2.425 0.000 4.335 0.000 0.000 0.739 1.024 0.342 0.000 4.144 1.973 0.000 0.874 0.000 1.028 0.000 0.000 0.000 0.000 0.650 1.590 0.000 3.732 0.000 0.000 
0 test2fip_consistent 0.000 0.000 0.000 3.562 0.000 0.000 0.000 0.000 0.000 0.000 3.500 0.038 0.000 1.612 0.000 0.000 0.000 0.000 0.375 2.403 0.000 0.000 0.714 1.147 0.370 0.643 1.316 0.066 0.000 1.080 1.547 0.000 1.160 0.445 2.395 1.689 0.000 0.000 0.064 0.268 
1 test2fip_inconsistent 0.000 0.000 0.000 3.562 0.000 0.000 0.000 0.000 0.000 0.000 3.500 0.038 0.000 1.612 0.000 0.000 0.000 0.000 0.375 2.403 0.000 0.000 0.676 4.029 0.096 0.000 0.671 0.000 0.000 0.563 3.551 0.000 0.657 2.397 1.392 1.153 0.000 0.000 0.000 2.024 
0 test2fip_consistent 0.000 0.159 0.000 0.000 0.000 1.009 0.153 1.417 0.000 0.000 3.360 0.000 0.000 2.105 0.078 3.185 0.109 0.000 0.033 1.455 1.189 0.476 0.000 0.081 0.000 0.122 0.060 0.000 0.040 0.000 0.177 1.401 0.000 1.824 1.292 0.000 0.994 0.000 0.329 2.442 
1 test2fip_inconsistent 0.000 0.159 0.000 0.000 0.000 1.009 0.153 1.417 0.000 0.000 3.360 0.000 0.000 2.105 0.078 3.185 0.109 0.000 0.033 1.455 1.074 1.009 0.000 0.000 0.000 0.771 0.511 1.788 0.519 0.000 2.515 1.025 0.000 3.862 1.259 2.384 0.558 0.000 0.216 2.342 
0 test2fip_consistent 0.000 1.356 1.919 0.000 2.350 0.716 0.568 0.875 0.000 0.000 0.000 2.183 2.356 0.000 0.000 0.000 1.651 0.000 0.000 0.823 0.000 0.183 1.175 0.000 1.014 0.211 1.325 1.835 0.000 0.000 0.000 1.217 0.176 0.000 0.432 0.327 0.997 0.000 1.606 1.237 
1 test2fip_inconsistent 0.000 1.356 1.919 0.000 2.350 0.716 0.568 0.875 0.000 0.000 0.000 2.183 2.356 0.000 0.000 0.000 1.651 0.000 0.000 0.823 0.000 2.709 2.452 0.000 1.519 1.931 0.175 2.369 0.000 0.000 0.000 2.605 1.948 0.000 0.000 0.156 2.385 0.000 1.378 1.311 
0 test2fip_consistent 0.000 0.369 0.000 0.394 0.118 1.585 0.290 0.231 2.901 2.074 0.000 0.711 0.567 0.000 0.000 2.515 0.000 0.104 0.344 2.153 0.218 0.000 2.153 1.171 0.000 0.144 0.000 0.000 1.272 0.014 0.000 0.231 0.238 0.000 0.943 1.948 0.000 0.024 0.000 1.801 
1 test2fip_inconsistent 0.000 0.369 0.000 0.394 0.118 1.585 0.290 0.231 2.901 2.074 0.000 0.711 0.567 0.000 0.000 2.515 0.000 0.104 0.344 2.153 0.517 0.519 1.775 0.534 0.000 2.537 0.226 0.000 1.937 1.781 0.000 1.475 0.264 0.000 0.147 2.788 0.000 0.000 1.259 3.220 
0 test2fip_consistent 0.000 1.173 1.567 0.000 0.000 2.231 1.411 1.734 0.256 0.055 2.851 0.000 0.171 0.000 0.596 1.752 0.000 1.569 0.000 1.619 0.000 0.253 0.650 1.359 0.111 0.799 2.069 0.036 1.127 0.021 0.327 0.000 0.991 0.190 0.637 2.025 0.000 0.451 0.104 0.368 
1 test2fip_inconsistent 0.000 1.173 1.567 0.000 0.000 2.231 1.411 1.734 0.256 0.055 2.851 0.000 0.171 0.000 0.596 1.752 0.000 1.569 0.000 1.619 0.000 0.323 0.820 1.074 0.190 0.719 2.159 1.309 0.898 0.713 3.744 0.000 1.221 0.000 1.162 3.198 0.000 2.255 0.000 0.646 
0 test2fip_consistent 0.000 0.000 1.428 0.931 2.916 1.928 0.000 0.000 0.000 0.000 0.000 0.000 1.137 1.760 0.000 0.623 0.000 0.811 1.223 2.349 0.000 1.617 0.124 0.129 0.000 2.386 0.009 1.282 0.000 0.000 0.496 0.000 0.000 0.042 0.000 0.053 0.071 2.160 0.101 1.277 
1 test2fip_inconsistent 0.000 0.000 1.428 0.931 2.916 1.928 0.000 0.000 0.000 0.000 0.000 0.000 1.137 1.760 0.000 0.623 0.000 0.811 1.223 2.349 0.000 1.636 0.497 1.542 2.372 3.358 0.000 1.080 0.000 0.000 0.446 0.000 0.126 1.748 0.051 0.762 0.000 2.565 1.003 3.113 
0 test2fip_consistent 0.000 0.000 2.695 2.617 1.012 0.000 0.000 0.735 0.000 1.695 2.108 0.000 0.133 0.000 0.428 0.260 0.000 1.763 0.001 1.381 0.000 0.375 0.099 0.977 0.017 0.357 0.000 2.317 0.088 0.165 0.896 0.000 2.025 0.000 0.044 1.262 1.252 0.050 0.265 0.000 
1 test2fip_inconsistent 0.000 0.000 2.695 2.617 1.012 0.000 0.000 0.735 0.000 1.695 2.108 0.000 0.133 0.000 0.428 0.260 0.000 1.763 0.001 1.381 0.000 0.000 2.331 2.635 0.556 0.000 0.000 3.728 0.080 0.801 2.054 0.000 1.763 0.000 0.000 0.586 0.738 2.047 0.000 0.420 
0 test2fip_consistent 0.000 0.000 2.069 0.000 0.000 0.000 0.000 3.327 0.553 1.284 0.000 0.000 0.000 0.776 0.000 0.000 3.130 0.849 1.801 0.064 0.000 0.000 0.091 0.617 0.000 0.000 0.000 0.000 0.278 0.142 0.000 0.000 0.000 0.000 1.513 0.000 1.904 3.654 0.702 0.000 
1 test2fip_inconsistent 0.000 0.000 2.069 0.000 0.000 0.000 0.000 3.327 0.553 1.284 0.000 0.000 0.000 0.776 0.000 0.000 3.130 0.849 1.801 0.064 0.000 0.000 1.403 0.396 0.000 0.000 0.000 2.529 1.138 1.288 0.000 0.000 0.000 0.000 1.352 0.000 4.239 3.419 0.000 0.000 
0 test2fip_consistent 1.047 2.190 1.317 0.252 1.516 0.419 0.000 2.663 1.431 0.000 0.000 0.000 0.748 0.643 0.601 0.074 0.000 1.809 0.000 1.839 2.751 0.034 0.000 0.000 0.103 1.128 0.299 0.000 0.184 0.000 0.000 0.000 0.734 1.405 0.042 0.000 0.000 2.231 0.000 0.000 
1 test2fip_inconsistent 1.047 2.190 1.317 0.252 1.516 0.419 0.000 2.663 1.431 0.000 0.000 0.000 0.748 0.643 0.601 0.074 0.000 1.809 0.000 1.839 3.741 2.524 1.647 0.000 2.208 0.413 0.000 0.152 0.858 0.000 0.000 0.000 0.915 2.105 0.148 0.000 0.000 2.376 0.000 1.616 
0 test2fip_consistent 0.999 0.000 1.514 0.000 0.000 0.000 2.769 0.617 0.000 0.000 0.000 0.000 0.996 0.000 2.722 1.707 1.288 0.336 0.253 2.158 1.383 0.000 0.064 1.771 0.728 0.474 0.291 1.739 0.096 0.000 0.005 0.081 1.820 0.000 1.399 0.248 0.043 0.000 1.948 0.000 
1 test2fip_inconsistent 0.999 0.000 1.514 0.000 0.000 0.000 2.769 0.617 0.000 0.000 0.000 0.000 0.996 0.000 2.722 1.707 1.288 0.336 0.253 2.158 2.282 0.000 1.288 1.281 0.508 0.450 2.483 2.162 0.000 0.000 0.000 0.000 2.097 0.000 3.667 1.960 0.188 0.000 1.097 1.083 
0 test2fip_consistent 0.904 0.000 0.000 0.000 1.136 0.935 0.612 2.648 1.138 0.405 0.000 0.268 0.185 1.765 2.504 0.541 0.000 0.380 0.134 1.855 0.245 0.047 0.000 0.000 0.407 0.133 0.209 0.362 0.309 1.988 0.485 2.266 0.000 0.490 1.481 0.000 0.000 0.000 0.726 1.246 
1 test2fip_inconsistent 0.904 0.000 0.000 0.000 1.136 0.935 0.612 2.648 1.138 0.405 0.000 0.268 0.185 1.765 2.504 0.541 0.000 0.380 0.134 1.855 0.047 0.000 0.000 0.000 2.103 1.181 0.725 2.380 0.532 1.551 0.225 1.374 0.000 1.664 3.316 0.000 0.000 0.000 0.000 2.938 
0 test2fip_consistent 0.000 2.862 0.000 0.000 3.671 0.565 0.649 1.794 0.000 0.394 0.000 0.005 0.000 1.333 0.000 0.577 0.000 0.000 0.494 0.000 0.000 0.000 0.000 0.000 1.104 0.490 0.050 2.976 0.000 0.000 0.000 0.000 1.234 0.126 0.000 2.781 0.000 0.000 0.099 1.297 
1 test2fip_inconsistent 0.000 2.862 0.000 0.000 3.671 0.565 0.649 1.794 0.000 0.394 0.000 0.005 0.000 1.333 0.000 0.577 0.000 0.000 0.494 0.000 0.000 0.000 0.000 0.000 5.077 0.687 0.727 3.778 0.000 0.000 0.000 0.000 0.893 1.435 0.000 1.714 0.000 0.000 0.000 0.389 
0 test2fip_consistent 0.000 0.382 0.000 0.536 0.000 1.258 0.000 2.616 2.570 0.000 0.000 0.000 0.249 0.000 1.756 0.000 3.199 0.960 1.302 0.000 0.000 1.865 0.000 1.956 0.000 0.000 0.000 2.663 1.018 0.000 0.000 0.000 1.059 0.101 0.725 0.000 0.132 1.557 0.459 0.172 
1 test2fip_inconsistent 0.000 0.382 0.000 0.536 0.000 1.258 0.000 2.616 2.570 0.000 0.000 0.000 0.249 0.000 1.756 0.000 3.199 0.960 1.302 0.000 0.000 1.670 0.000 2.197 0.000 0.340 0.000 2.666 3.658 0.000 0.000 0.000 0.164 0.000 1.868 0.000 2.824 1.563 2.061 0.000 
0 test2fip_consistent 2.312 0.000 0.548 0.000 0.000 0.433 0.820 2.793 2.380 0.335 2.969 0.000 0.000 0.000 0.000 0.000 0.000 1.996 0.000 0.733 0.009 2.081 1.107 0.000 0.000 2.847 0.628 1.061 0.000 0.025 0.000 0.211 0.000 0.824 0.789 0.142 0.000 0.517 0.627 0.315 
1 test2fip_inconsistent 2.312 0.000 0.548 0.000 0.000 0.433 0.820 2.793 2.380 0.335 2.969 0.000 0.000 0.000 0.000 0.000 0.000 1.996 0.000 0.733 0.807 1.500 0.177 0.000 0.000 1.801 1.438 4.973 0.000 0.000 1.125 0.022 0.000 0.722 0.954 1.046 0.000 1.330 0.401 0.363 
0 test2fip_consistent 2.363 0.000 0.000 2.278 1.824 0.000 0.000 0.000 0.000 0.076 1.922 3.252 0.000 0.000 0.977 0.000 0.946 1.529 0.000 0.806 0.264 0.000 0.538 1.143 1.201 0.000 1.410 0.000 1.030 0.000 0.555 0.174 0.062 0.398 0.161 0.075 0.652 2.954 0.000 0.068 
1 test2fip_inconsistent 2.363 0.000 0.000 2.278 1.824 0.000 0.000 0.000 0.000 0.076 1.922 3.252 0.000 0.000 0.977 0.000 0.946 1.529 0.000 0.806 2.429 0.000 0.047 2.637 1.194 0.000 0.764 0.000 0.102 0.000 1.659 3.523 0.533 0.133 0.000 0.677 1.074 3.636 0.000 0.445 
0 test2fip_consistent 1.375 0.000 0.496 2.282 3.281 1.262 0.335 0.743 0.827 0.577 0.133 0.308 0.000 0.126 0.334 0.933 0.122 1.681 1.755 0.000 0.388 0.000 2.505 1.375 0.146 0.000 0.139 1.443 0.240 0.881 1.419 0.000 0.000 0.078 0.800 0.388 0.000 0.958 1.151 0.000 
1 test2fip_inconsistent 1.375 0.000 0.496 2.282 3.281 1.262 0.335 0.743 0.827 0.577 0.133 0.308 0.000 0.126 0.334 0.933 0.122 1.681 1.755 0.000 1.884 0.000 0.673 2.467 1.636 0.111 0.872 1.202 2.363 1.218 0.724 0.000 0.000 0.000 0.838 1.309 0.000 3.262 2.638 0.000 
0 test2fip_consistent 0.080 2.257 0.000 1.415 0.615 0.265 0.000 1.097 0.000 2.040 2.479 1.817 0.482 0.000 1.401 0.604 0.000 0.132 1.026 0.438 0.000 0.405 0.000 0.367 0.046 1.021 0.062 1.079 0.605 0.623 1.054 0.090 2.753 0.000 2.043 0.000 1.782 0.228 0.220 0.215 
1 test2fip_inconsistent 0.080 2.257 0.000 1.415 0.615 0.265 0.000 1.097 0.000 2.040 2.479 1.817 0.482 0.000 1.401 0.604 0.000 0.132 1.026 0.438 0.000 2.773 0.000 0.000 0.000 0.424 0.000 2.422 0.736 1.332 3.213 1.467 1.874 0.000 1.958 0.000 0.973 0.000 1.697 0.000 
0 test2fip_consistent 0.000 0.000 3.677 0.000 0.264 0.961 0.247 2.095 1.937 1.076 0.715 0.000 0.000 1.194 0.000 2.005 0.000 0.000 0.173 0.272 0.000 0.000 0.858 0.000 2.356 0.000 0.947 0.826 0.142 0.776 0.107 0.000 0.000 0.065 0.650 0.000 0.000 0.000 0.998 2.919 
1 test2fip_inconsistent 0.000 0.000 3.677 0.000 0.264 0.961 0.247 2.095 1.937 1.076 0.715 0.000 0.000 1.194 0.000 2.005 0.000 0.000 0.173 0.272 0.000 0.000 3.886 0.000 2.531 0.000 0.847 1.653 1.725 0.866 0.893 0.000 0.000 0.637 1.202 2.208 0.000 0.000 0.338 2.450 
0 test2fip_consistent 0.000 0.000 3.320 0.000 0.000 0.583 1.419 0.000 0.038 1.882 2.567 0.000 1.139 1.257 0.987 1.993 0.000 1.591 0.000 0.491 0.000 2.352 0.500 0.000 0.000 0.486 1.901 0.015 0.950 0.132 0.853 0.016 0.076 0.154 1.890 0.664 0.000 0.087 1.795 0.000 
1 test2fip_inconsistent 0.000 0.000 3.320 0.000 0.000 0.583 1.419 0.000 0.038 1.882 2.567 0.000 1.139 1.257 0.987 1.993 0.000 1.591 0.000 0.491 0.000 1.034 3.397 0.000 0.000 0.000 2.024 0.000 1.048 1.411 3.022 0.000 0.000 1.342 2.319 2.383 0.000 1.238 1.995 0.000 
0 test2fip_consistent 0.000 0.000 0.000 2.452 2.214 0.837 0.000 0.800 0.000 3.703 0.000 0.000 0.000 2.825 0.000 0.000 0.000 0.000 0.000 0.103 0.000 0.000 0.028 0.130 0.000 0.083 0.000 0.000 0.000 2.400 0.000 0.730 0.354 0.225 0.000 0.128 0.014 0.000 3.632 0.000 
1 test2fip_inconsistent 0.000 0.000 0.000 2.452 2.214 0.837 0.000 0.800 0.000 3.703 0.000 0.000 0.000 2.825 0.000 0.000 0.000 0.000 0.000 0.103 0.000 0.000 0.000 1.058 1.891 1.009 0.000 0.035 0.000 5.497 0.000 0.146 0.000 1.314 0.000 0.091 0.359 0.000 2.560 0.080 
0 test2fip_consistent 1.220 0.000 0.000 0.864 2.940 1.128 0.000 0.206 0.322 0.000 0.074 0.605 0.503 2.264 0.610 0.000 0.273 2.591 0.125 0.046 0.993 0.000 0.000 0.000 0.911 0.000 0.000 3.509 0.863 0.561 0.000 0.991 0.023 0.749 0.000 0.000 0.859 0.288 0.000 0.315 
1 test2fip_inconsistent 1.220 0.000 0.000 0.864 2.940 1.128 0.000 0.206 0.322 0.000 0.074 0.605 0.503 2.264 0.610 0.000 0.273 2.591 0.125 0.046 2.553 0.000 0.000 0.000 2.470 1.306 0.000 2.590 0.501 1.215 0.000 1.020 1.037 3.286 0.000 0.000 0.249 2.978 0.000 0.011 
0 test2fip_consistent 1.550 0.056 1.346 0.000 0.448 1.097 0.000 0.574 0.000 1.370 0.000 0.511 0.170 1.197 2.341 0.000 3.335 1.295 0.000 0.000 0.300 0.931 0.000 0.000 0.274 0.004 0.000 0.000 0.168 1.308 0.000 0.911 0.000 0.109 3.994 0.000 0.152 0.196 0.000 0.000 
1 test2fip_inconsistent 1.550 0.056 1.346 0.000 0.448 1.097 0.000 0.574 0.000 1.370 0.000 0.511 0.170 1.197 2.341 0.000 3.335 1.295 0.000 0.000 0.768 0.619 1.377 0.000 0.459 1.158 0.000 0.000 0.000 1.222 0.000 1.469 0.000 1.169 4.992 0.000 2.908 2.472 0.000 0.000 
0 test2fip_consistent 1.680 0.000 2.427 1.093 0.081 0.000 0.000 0.000 0.513 1.480 0.860 0.000 0.953 0.000 1.252 0.000 0.000 0.000 0.534 3.971 1.663 0.515 0.000 0.000 0.000 1.376 0.000 0.000 0.833 0.032 0.000 1.794 0.000 2.043 0.000 0.000 1.140 0.000 1.884 0.919 
1 test2fip_inconsistent 1.680 0.000 2.427 1.093 0.081 0.000 0.000 0.000 0.513 1.480 0.860 0.000 0.953 0.000 1.252 0.000 0.000 0.000 0.534 3.971 3.566 0.837 1.718 1.128 0.000 1.511 0.000 0.000 0.895 0.835 1.002 1.197 0.122 0.680 0.540 0.000 1.028 0.000 1.330 2.853 
0 test2fip_consistent 0.000 0.251 3.566 0.000 1.581 0.101 0.145 2.107 1.051 1.012 0.000 0.851 0.350 0.000 0.000 0.000 0.000 0.000 0.000 3.195 2.194 1.715 1.236 0.885 0.099 0.225 0.021 1.075 0.527 0.801 0.965 0.064 0.000 0.000 0.077 1.205 0.000 0.000 0.451 0.595 
1 test2fip_inconsistent 0.000 0.251 3.566 0.000 1.581 0.101 0.145 2.107 1.051 1.012 0.000 0.851 0.350 0.000 0.000 0.000 0.000 0.000 0.000 3.195 1.229 1.303 3.396 0.575 2.043 0.124 0.090 0.279 1.671 0.652 1.861 0.000 0.000 0.000 0.000 0.718 0.000 0.000 0.185 3.578 
0 test2fip_consistent 0.000 0.863 0.000 0.394 0.218 2.770 0.000 2.006 0.000 0.000 0.734 0.000 0.000 0.000 0.000 0.874 1.768 0.000 0.407 2.960 0.000 0.000 0.000 0.000 1.163 1.350 0.000 0.000 0.023 0.000 3.630 1.489 0.000 0.000 0.000 0.000 0.172 0.000 0.060 1.858 
1 test2fip_inconsistent 0.000 0.863 0.000 0.394 0.218 2.770 0.000 2.006 0.000 0.000 0.734 0.000 0.000 0.000 0.000 0.874 1.768 0.000 0.407 2.960 0.000 1.738 0.000 0.358 0.000 3.984 0.000 0.298 0.000 0.028 2.043 1.232 0.000 0.000 0.000 0.233 0.988 0.000 0.796 4.649 
0 test2fip_consistent 0.000 0.000 0.331 3.055 0.197 0.000 3.467 0.000 0.000 0.000 0.000 2.100 0.298 1.075 0.000 1.316 0.000 0.000 2.045 0.000 0.000 2.421 2.335 0.794 0.656 0.612 0.122 0.083 0.000 0.000 0.826 0.135 0.824 0.005 0.087 1.105 0.073 0.004 1.744 0.000 
1 test2fip_inconsistent 0.000 0.000 0.331 3.055 0.197 0.000 3.467 0.000 0.000 0.000 0.000 2.100 0.298 1.075 0.000 1.316 0.000 0.000 2.045 0.000 0.000 1.768 2.236 3.512 0.451 1.221 2.930 0.000 0.000 0.000 0.563 0.584 0.785 0.843 0.314 2.251 0.000 0.000 2.473 0.000 
0 test2fip_consistent 0.000 0.000 0.453 2.977 0.337 0.000 0.520 0.008 0.000 0.686 0.888 2.299 0.000 1.234 0.556 1.123 1.432 0.000 2.262 1.321 0.732 0.000 0.549 0.451 1.014 0.000 2.805 0.000 0.000 2.090 0.000 0.434 0.296 0.066 0.072 0.065 0.947 0.818 1.593 0.111 
1 test2fip_inconsistent 0.000 0.000 0.453 2.977 0.337 0.000 0.520 0.008 0.000 0.686 0.888 2.299 0.000 1.234 0.556 1.123 1.432 0.000 2.262 1.321 0.046 0.000 0.693 3.458 0.759 0.000 2.461 0.000 0.000 0.246 0.000 0.931 0.000 0.633 0.500 0.185 2.484 0.671 2.969 2.518 
0 test2fip_consistent 1.822 0.000 4.569 0.000 0.276 0.717 0.000 0.971 0.000 0.416 1.546 0.000 0.591 0.000 0.000 0.186 0.077 0.000 1.779 0.000 0.744 1.679 0.133 0.000 1.938 0.954 0.658 0.074 0.515 1.227 0.038 0.000 1.486 0.000 0.000 0.795 0.000 0.014 2.026 0.000 
1 test2fip_inconsistent 1.822 0.000 4.569 0.000 0.276 0.717 0.000 0.971 0.000 0.416 1.546 0.000 0.591 0.000 0.000 0.186 0.077 0.000 1.779 0.000 1.034 1.624 4.056 0.000 1.049 0.728 0.127 0.410 0.000 0.183 0.277 0.000 2.320 0.000 0.000 0.285 0.000 0.000 3.428 0.000 
0 test2fip_consistent 0.000 0.000 0.000 4.165 0.832 1.694 0.507 1.564 0.000 0.000 1.409 0.108 0.107 0.047 0.000 0.306 1.812 1.036 1.468 1.284 0.169 0.289 0.970 0.074 1.307 0.798 0.332 0.628 0.000 1.044 0.562 0.000 1.836 0.707 0.212 1.457 0.000 1.952 0.248 0.443 
1 test2fip_inconsistent 0.000 0.000 0.000 4.165 0.832 1.694 0.507 1.564 0.000 0.000 1.409 0.108 0.107 0.047 0.000 0.306 1.812 1.036 1.468 1.284 0.000 0.008 0.393 3.572 0.864 1.593 0.400 2.327 0.000 1.404 1.767 0.000 1.712 0.813 0.000 1.284 1.454 1.748 1.717 1.620 
0 test2fip_consistent 0.418 1.329 1.863 2.615 0.000 0.000 0.000 0.219 2.063 1.209 0.317 0.000 0.979 0.000 2.998 0.000 0.065 0.925 0.000 0.095 0.320 1.480 0.663 0.354 0.504 0.646 0.000 0.624 0.180 0.283 0.058 0.000 0.000 0.703 0.513 0.069 0.103 2.769 0.000 2.126 
1 test2fip_inconsistent 0.418 1.329 1.863 2.615 0.000 0.000 0.000 0.219 2.063 1.209 0.317 0.000 0.979 0.000 2.998 0.000 0.065 0.925 0.000 0.095 0.828 1.344 1.290 2.908 0.464 0.513 0.000 0.284 1.483 1.686 0.000 0.000 0.000 0.230 3.428 0.000 0.007 3.679 0.000 1.522 
0 test2fip_consistent 0.000 1.100 0.000 0.270 0.115 1.993 0.454 3.070 1.137 0.000 0.000 0.000 0.000 0.000 0.000 2.212 2.608 0.000 1.571 0.309 0.000 2.057 0.000 1.258 0.004 1.073 1.230 0.371 2.021 0.000 1.072 0.000 2.303 0.003 0.362 1.529 0.169 0.000 0.164 0.266 
1 test2fip_inconsistent 0.000 1.100 0.000 0.270 0.115 1.993 0.454 3.070 1.137 0.000 0.000 0.000 0.000 0.000 0.000 2.212 2.608 0.000 1.571 0.309 0.000 0.831 0.000 1.842 0.092 1.412 1.350 2.986 2.843 0.000 0.515 0.000 1.834 0.000 0.020 2.914 2.067 0.000 2.468 1.379 
0 test2fip_consistent 0.000 0.000 1.015 0.376 0.000 0.000 0.000 0.000 2.183 0.000 0.000 0.000 1.755 0.000 0.000 3.242 0.000 0.000 0.086 3.877 0.000 0.000 1.967 0.119 0.000 0.620 0.044 0.000 0.817 0.018 0.000 0.000 2.302 2.567 0.000 0.235 0.514 0.000 1.454 0.614 
1 test2fip_inconsistent 0.000 0.000 1.015 0.376 0.000 0.000 0.000 0.000 2.183 0.000 0.000 0.000 1.755 0.000 0.000 3.242 0.000 0.000 0.086 3.877 0.088 0.000 2.155 0.406 0.000 0.000 0.000 0.000 0.646 0.000 0.000 0.000 3.319 1.164 0.000 3.061 0.457 0.000 1.826 3.806 
0 test2fip_consistent 1.073 1.125 0.088 3.348 0.700 2.651 0.057 0.000 0.000 0.000 0.020 0.000 0.797 0.675 2.718 0.000 0.417 0.255 0.000 0.400 0.000 1.245 0.093 0.553 3.002 0.013 0.076 0.000 0.000 0.000 0.090 0.000 0.198 0.871 1.757 0.693 1.613 1.684 2.068 0.000 
1 test2fip_inconsistent 1.073 1.125 0.088 3.348 0.700 2.651 0.057 0.000 0.000 0.000 0.020 0.000 0.797 0.675 2.718 0.000 0.417 0.255 0.000 0.400 0.000 0.898 0.067 3.832 2.921 1.787 0.021 0.000 1.279 0.000 0.000 0.000 0.000 2.391 2.388 0.467 0.959 2.284 1.861 0.611 
0 test2fip_consistent 0.962 0.587 1.591 0.000 1.212 0.000 0.141 0.198 0.000 2.287 0.000 0.835 1.521 0.000 0.979 0.000 0.000 0.000 3.322 1.549 0.138 0.875 1.835 0.000 0.031 0.000 0.000 0.300 0.000 0.322 0.000 0.000 0.057 0.437 3.031 0.000 0.000 0.000 0.000 1.192 
1 test2fip_inconsistent 0.962 0.587 1.591 0.000 1.212 0.000 0.141 0.198 0.000 2.287 0.000 0.835 1.521 0.000 0.979 0.000 0.000 0.000 3.322 1.549 0.113 1.464 2.381 0.000 0.715 0.000 0.044 0.000 0.000 2.212 0.000 1.937 1.289 0.000 3.852 0.000 0.000 0.000 2.501 1.682 
0 test2fip_consistent 0.000 0.000 0.000 0.000 0.614 1.793 0.000 0.000 3.271 2.055 0.770 3.637 0.198 0.000 0.527 0.021 1.222 0.020 0.331 0.000 0.000 0.000 0.376 0.114 0.725 0.488 0.000 0.000 0.000 1.027 0.069 0.387 0.000 0.263 1.234 0.575 3.153 1.598 0.000 0.000 
1 test2fip_inconsistent 0.000 0.000 0.000 0.000 0.614 1.793 0.000 0.000 3.271 2.055 0.770 3.637 0.198 0.000 0.527 0.021 1.222 0.020 0.331 0.000 0.000 0.000 0.258 0.115 1.356 0.378 0.000 0.000 2.892 2.430 1.163 2.510 0.000 0.000 0.387 0.540 3.725 1.270 0.000 0.000 
0 test2fip_consistent 0.695 2.320 0.909 1.253 0.087 0.452 0.000 0.061 1.467 2.409 0.000 0.000 0.000 0.000 1.102 0.197 0.828 3.204 0.000 0.000 0.118 0.724 1.015 0.118 0.000 0.442 1.833 0.027 2.031 1.652 0.000 0.000 0.000 0.009 0.150 1.565 0.000 0.647 0.000 0.000 
1 test2fip_inconsistent 0.695 2.320 0.909 1.253 0.087 0.452 0.000 0.061 1.467 2.409 0.000 0.000 0.000 0.000 1.102 0.197 0.828 3.204 0.000 0.000 1.333 3.314 1.032 1.249 0.000 0.303 1.302 0.000 2.198 1.784 0.000 0.000 0.000 0.216 2.971 1.332 0.000 1.697 0.000 0.000 
0 test2fip_consistent 1.392 0.000 0.000 0.000 1.392 1.641 0.478 0.764 3.489 2.017 0.371 0.000 1.857 1.492 0.000 0.777 0.280 0.000 0.000 0.351 0.169 0.786 0.000 0.000 0.815 0.106 1.394 0.000 0.509 1.208 0.062 0.000 0.000 0.417 0.101 2.825 1.154 0.850 0.000 1.124 
1 test2fip_inconsistent 1.392 0.000 0.000 0.000 1.392 1.641 0.478 0.764 3.489 2.017 0.371 0.000 1.857 1.492 0.000 0.777 0.280 0.000 0.000 0.351 1.257 0.000 0.000 0.000 2.035 1.418 1.761 0.000 3.469 2.837 0.000 0.000 1.122 0.925 0.751 2.461 0.322 0.927 0.000 1.825 
0 test2fip_consistent 0.000 0.063 3.858 0.000 0.000 2.445 0.000 0.000 0.854 2.155 2.497 0.000 0.707 0.000 0.096 0.000 0.000 0.174 0.000 1.562 0.000 2.570 1.871 0.007 0.000 0.095 0.000 0.000 2.622 0.643 1.184 0.000 0.793 1.689 0.000 0.000 0.000 0.264 0.433 0.698 
1 test2fip_inconsistent 0.000 0.063 3.858 0.000 0.000 2.445 0.000 0.000 0.854 2.155 2.497 0.000 0.707 0.000 0.096 0.000 0.000 0.174 0.000 1.562 0.000 1.453 2.866 0.000 0.000 2.368 0.000 0.000 2.080 3.790 3.027 0.000 0.481 1.439 0.000 0.000 0.000 0.137 0.042 0.043 
0 test2fip_consistent 0.461 2.488 0.000 0.000 0.000 0.162 1.229 0.000 0.296 0.264 1.002 0.000 3.216 0.537 2.809 0.000 0.363 0.822 1.153 0.000 0.301 0.146 0.000 0.000 0.303 0.000 0.282 0.000 0.000 1.061 2.745 0.028 0.002 0.712 0.029 0.000 0.500 1.519 2.563 0.000 
1 test2fip_inconsistent 0.461 2.488 0.000 0.000 0.000 0.162 1.229 0.000 0.296 0.264 1.002 0.000 3.216 0.537 2.809 0.000 0.363 0.822 1.153 0.000 1.315 1.141 0.000 0.000 0.000 0.000 1.089 0.000 0.364 0.534 4.016 0.147 2.394 0.798 3.306 0.000 0.511 2.474 1.979 0.000 
0 test2fip_consistent 0.000 0.253 0.000 0.000 1.858 0.774 1.968 0.588 1.765 0.000 1.603 2.245 0.000 0.000 0.000 1.546 1.374 0.000 0.000 2.424 0.000 0.882 0.000 0.111 0.000 0.047 0.000 3.186 0.000 0.000 0.013 2.825 0.000 0.000 0.000 0.000 0.018 0.000 0.000 0.279 
1 test2fip_inconsistent 0.000 0.253 0.000 0.000 1.858 0.774 1.968 0.588 1.765 0.000 1.603 2.245 0.000 0.000 0.000 1.546 1.374 0.000 0.000 2.424 0.000 1.342 0.000 0.000 0.408 0.159 1.376 2.209 0.569 0.000 1.882 5.147 0.000 0.000 0.000 0.865 0.027 0.000 0.000 2.683 
0 test2fip_consistent 2.770 0.000 0.000 0.467 0.000 0.000 0.102 2.799 0.000 0.000 0.000 0.000 0.181 1.515 1.432 0.000 3.039 0.000 0.023 0.214 1.104 0.197 0.000 0.103 2.117 0.000 2.719 0.167 0.036 1.247 0.000 0.000 1.094 0.000 0.175 0.306 0.264 0.000 0.836 0.054 
1 test2fip_inconsistent 2.770 0.000 0.000 0.467 0.000 0.000 0.102 2.799 0.000 0.000 0.000 0.000 0.181 1.515 1.432 0.000 3.039 0.000 0.023 0.214 4.080 0.000 0.000 0.000 2.610 0.000 2.070 1.398 0.000 0.861 0.000 0.000 1.202 0.000 1.385 0.284 2.870 0.000 0.879 0.798 
0 test2fip_consistent 0.000 2.848 2.089 0.341 0.000 0.389 0.847 0.000 1.039 0.084 0.000 0.000 0.000 0.585 0.000 0.000 4.060 0.000 0.000 0.000 0.000 0.296 0.201 1.098 0.000 0.000 0.256 1.525 1.209 1.676 0.043 0.193 0.010 0.534 1.054 1.334 0.769 0.290 1.382 0.000 
1 test2fip_inconsistent 0.000 2.848 2.089 0.341 0.000 0.389 0.847 0.000 1.039 0.084 0.000 0.000 0.000 0.585 0.000 0.000 4.060 0.000 0.000 0.000 0.000 2.830 0.609 1.453 0.000 1.250 0.000 0.557 2.190 2.272 0.075 0.469 0.083 0.555 0.336 0.229 3.965 0.213 0.441 0.000 
0 test2fip_consistent 2.889 0.000 0.000 0.000 1.008 1.119 2.228 0.616 0.238 0.000 0.000 0.179 0.000 0.000 3.483 0.252 0.829 0.000 0.000 0.000 0.762 0.000 0.539 0.000 1.014 1.347 1.827 0.000 1.353 0.000 0.000 0.032 1.879 0.000 0.421 0.325 1.548 0.954 0.262 0.000 
1 test2fip_inconsistent 2.889 0.000 0.000 0.000 1.008 1.119 2.228 0.616 0.238 0.000 0.000 0.179 0.000 0.000 3.483 0.252 0.829 0.000 0.000 0.000 2.983 0.000 0.058 0.000 1.494 1.411 3.382 0.265 0.510 0.000 0.000 0.000 1.436 0.361 3.397 0.000 2.061 0.000 0.110 0.000 
