0 test1dax_consistent left_hidden
0.721 1.197 0.837 0.000 0.000 0.397 0.114 1.302 0.000 0.406 0.000 2.418 0.339 0.153 0.003 1.365 1.014 0.000 0.000 0.000 
0 test1dax_consistent right_hidden
0.685 2.581 0.000 2.367 2.240 2.213 0.000 2.162 0.000 0.436 0.000 1.329 0.000 2.782 0.000 1.669 1.038 0.865 0.000 0.000 
---
1 test1dax_inconsistent left_hidden
0.721 1.197 0.837 0.000 0.000 0.397 0.114 1.302 0.000 0.406 0.000 2.418 0.339 0.153 0.003 1.365 1.014 0.000 0.000 0.000 
1 test1dax_inconsistent right_hidden
0.266 1.244 0.476 0.324 0.628 0.750 0.000 0.823 0.000 0.503 0.000 0.181 0.000 0.873 0.537 0.442 0.112 0.677 0.000 0.000 
---
0 test1dax_consistent left_hidden
0.000 0.828 0.000 0.067 0.000 0.406 0.039 0.000 1.695 1.551 0.000 0.144 0.711 0.240 0.000 0.114 0.000 0.000 1.649 0.895 
0 test1dax_consistent right_hidden
0.000 0.000 1.791 0.043 1.999 0.560 0.000 0.000 0.290 0.032 3.116 0.000 4.760 2.702 0.000 2.058 0.000 1.379 0.293 0.804 
---
1 test1dax_inconsistent left_hidden
0.000 0.828 0.000 0.067 0.000 0.406 0.039 0.000 1.695 1.551 0.000 0.144 0.711 0.240 0.000 0.114 0.000 0.000 1.649 0.895 
1 test1dax_inconsistent right_hidden
0.000 0.000 0.584 0.630 0.750 0.000 0.000 0.000 0.956 0.000 0.564 0.131 2.165 1.041 0.090 0.586 0.000 0.260 0.000 0.081 
---
0 test1dax_consistent left_hidden
0.333 0.000 0.838 0.073 1.410 0.000 0.088 0.415 0.000 0.000 0.119 0.435 0.544 2.282 0.000 1.635 0.000 0.000 0.000 0.000 
0 test1dax_consistent right_hidden
2.387 0.000 0.012 0.000 0.447 0.017 0.000 0.000 0.000 0.040 0.000 4.969 0.026 3.174 0.000 2.089 0.000 0.000 1.165 0.000 
---
1 test1dax_inconsistent left_hidden
0.333 0.000 0.838 0.073 1.410 0.000 0.088 0.415 0.000 0.000 0.119 0.435 0.544 2.282 0.000 1.635 0.000 0.000 0.000 0.000 
1 test1dax_inconsistent right_hidden
0.985 0.171 0.000 0.000 1.252 0.502 0.508 0.000 0.000 0.858 0.000 1.623 0.349 1.740 0.000 0.275 0.000 0.000 0.000 0.121 
---
0 test1dax_consistent left_hidden
1.775 0.000 0.000 0.348 0.000 0.000 1.818 0.806 0.000 1.899 0.000 0.000 0.339 0.000 0.112 0.421 0.550 0.000 0.600 0.300 
0 test1dax_consistent right_hidden
0.000 0.000 0.000 0.000 0.000 0.578 1.937 1.893 3.486 1.852 3.985 2.895 0.000 0.000 0.000 0.000 0.000 2.096 0.000 0.105 
---
1 test1dax_inconsistent left_hidden
1.775 0.000 0.000 0.348 0.000 0.000 1.818 0.806 0.000 1.899 0.000 0.000 0.339 0.000 0.112 0.421 0.550 0.000 0.600 0.300 
1 test1dax_inconsistent right_hidden
0.000 0.000 0.000 0.000 0.302 0.000 0.701 0.445 2.034 1.448 1.402 0.425 0.000 0.000 0.000 0.561 0.000 0.728 0.000 0.532 
---
0 test1dax_consistent left_hidden
0.000 1.255 1.710 0.000 0.000 0.000 0.249 0.381 0.000 1.032 0.000 0.000 0.223 0.717 0.488 0.363 0.107 0.000 0.226 1.482 
0 test1dax_consistent right_hidden
0.000 1.407 1.299 0.000 0.440 1.147 0.000 0.304 0.000 5.913 0.012 0.000 1.866 0.932 0.889 1.594 0.000 1.305 0.000 0.000 
---
1 test1dax_inconsistent left_hidden
0.000 1.255 1.710 0.000 0.000 0.000 0.249 0.381 0.000 1.032 0.000 0.000 0.223 0.717 0.488 0.363 0.107 0.000 0.226 1.482 
1 test1dax_inconsistent right_hidden
0.000 1.215 1.309 0.000 0.000 0.282 0.000 0.739 0.000 1.773 0.236 0.225 1.374 0.122 0.000 0.655 0.000 0.999 0.000 0.000 
---
0 test1dax_consistent left_hidden
0.000 0.331 0.190 0.000 0.048 0.305 1.859 0.125 0.954 0.000 0.102 0.620 0.002 0.000 0.000 2.225 0.000 0.772 0.030 0.011 
0 test1dax_consistent right_hidden
0.000 1.635 0.000 0.000 0.000 0.000 1.800 1.022 1.428 0.000 4.610 0.225 3.207 0.000 0.000 0.706 0.000 0.935 0.000 2.306 
---
1 test1dax_inconsistent left_hidden
0.000 0.331 0.190 0.000 0.048 0.305 1.859 0.125 0.954 0.000 0.102 0.620 0.002 0.000 0.000 2.225 0.000 0.772 0.030 0.011 
1 test1dax_inconsistent right_hidden
0.000 0.710 0.000 0.000 0.000 0.205 0.254 1.046 0.805 0.000 1.867 0.648 0.346 0.177 0.000 0.686 0.000 0.290 0.000 1.366 
---
0 test1dax_consistent left_hidden
0.000 0.000 0.000 0.000 0.000 0.348 0.000 0.000 0.382 1.662 1.478 0.000 0.629 0.000 0.000 0.249 1.389 0.125 0.513 1.899 
0 test1dax_consistent right_hidden
1.139 0.000 0.000 1.319 0.000 0.669 0.000 0.000 1.687 1.589 3.467 0.000 2.155 2.488 0.000 0.598 2.357 0.825 0.000 0.000 
---
1 test1dax_inconsistent left_hidden
0.000 0.000 0.000 0.000 0.000 0.348 0.000 0.000 0.382 1.662 1.478 0.000 0.629 0.000 0.000 0.249 1.389 0.125 0.513 1.899 
1 test1dax_inconsistent right_hidden
0.623 0.304 0.232 0.794 0.000 0.437 0.063 0.000 0.370 0.980 1.099 0.000 0.000 1.236 0.000 0.016 0.480 0.511 0.252 0.371 
---
0 test1dax_consistent left_hidden
0.607 0.686 0.492 0.008 0.000 1.597 0.000 0.000 0.831 0.000 0.215 0.000 0.000 0.008 0.000 0.000 0.088 0.000 0.000 2.706 
0 test1dax_consistent right_hidden
3.343 0.000 0.000 1.171 1.344 1.256 2.971 0.159 0.000 0.000 0.000 0.000 1.745 0.000 1.668 0.533 1.224 1.076 0.320 3.197 
---
1 test1dax_inconsistent left_hidden
0.607 0.686 0.492 0.008 0.000 1.597 0.000 0.000 0.831 0.000 0.215 0.000 0.000 0.008 0.000 0.000 0.088 0.000 0.000 2.706 
1 test1dax_inconsistent right_hidden
1.033 0.000 0.000 0.290 0.732 0.065 0.865 0.940 0.597 0.000 0.126 0.000 0.386 0.000 0.898 0.000 0.850 0.231 0.063 0.953 
---
0 test1dax_consistent left_hidden
0.000 0.628 0.000 0.000 0.046 0.000 0.000 0.007 0.000 0.000 0.011 2.865 0.000 0.548 0.000 0.000 0.000 0.208 0.018 0.000 
0 test1dax_consistent right_hidden
0.000 0.000 0.000 4.549 0.000 0.000 3.851 1.396 4.365 0.000 1.938 0.841 0.000 0.000 0.000 0.000 0.000 0.000 0.000 0.486 
---
1 test1dax_inconsistent left_hidden
0.000 0.628 0.000 0.000 0.046 0.000 0.000 0.007 0.000 0.000 0.011 2.865 0.000 0.548 0.000 0.000 0.000 0.208 0.018 0.000 
1 test1dax_inconsistent right_hidden
0.000 0.000 0.000 2.838 0.000 0.193 0.716 0.858 1.215 0.000 1.626 0.125 0.021 0.818 0.000 0.000 0.000 0.104 0.000 0.784 
---
0 test1dax_consistent left_hidden
1.442 0.025 0.070 0.981 0.922 0.000 0.000 0.000 0.731 0.352 0.000 0.014 0.033 0.000 0.890 0.000 0.700 0.312 0.873 1.650 
0 test1dax_consistent right_hidden
0.089 0.000 2.121 0.000 0.000 0.000 0.000 0.033 4.571 0.187 0.033 0.156 2.918 1.902 0.434 0.000 0.000 0.302 0.450 0.395 
---
1 test1dax_inconsistent left_hidden
1.442 0.025 0.070 0.981 0.922 0.000 0.000 0.000 0.731 0.352 0.000 0.014 0.033 0.000 0.890 0.000 0.700 0.312 0.873 1.650 
1 test1dax_inconsistent right_hidden
0.000 0.136 1.108 0.000 0.000 0.000 0.000 0.772 1.141 0.765 0.000 0.000 1.473 0.000 0.934 0.082 0.000 0.000 0.000 0.127 
---
0 test1dax_consistent left_hidden
0.000 0.239 0.000 0.000 0.000 0.000 0.000 0.199 0.000 1.031 0.143 0.000 0.082 1.173 0.000 0.517 0.000 0.832 2.898 0.000 
0 test1dax_consistent right_hidden
0.000 0.304 0.000 0.000 0.000 1.439 0.220 2.116 0.175 0.353 3.654 0.000 3.471 2.000 0.255 3.548 0.003 0.893 0.037 0.947 
---
1 test1dax_inconsistent left_hidden
0.000 0.239 0.000 0.000 0.000 0.000 0.000 0.199 0.000 1.031 0.143 0.000 0.082 1.173 0.000 0.517 0.000 0.832 2.898 0.000 
1 test1dax_inconsistent right_hidden
0.000 0.435 0.000 0.000 0.000 0.773 0.122 0.968 0.161 0.579 0.865 0.000 1.084 1.549 0.526 0.931 0.476 0.357 0.578 0.412 
---
0 test1dax_consistent left_hidden
1.786 0.000 0.000 0.000 0.183 0.179 0.000 0.441 0.405 1.584 0.353 0.000 0.008 0.000 1.072 0.000 0.000 1.425 0.390 1.417 
0 test1dax_consistent right_hidden
0.000 0.000 1.965 2.311 1.150 0.000 0.000 1.382 0.000 1.052 0.000 0.000 1.401 0.477 2.527 0.517 0.000 3.847 0.169 0.204 
---
1 test1dax_inconsistent left_hidden
1.786 0.000 0.000 0.000 0.183 0.179 0.000 0.441 0.405 1.584 0.353 0.000 0.008 0.000 1.072 0.000 0.000 1.425 0.390 1.417 
1 test1dax_inconsistent right_hidden
0.723 0.106 0.419 0.599 0.603 0.000 0.000 1.492 0.182 0.117 0.595 0.000 0.923 0.247 0.820 0.450 0.000 0.762 0.000 0.419 
---
0 test1dax_consistent left_hidden
0.788 0.000 0.363 0.342 1.289 0.020 1.538 0.024 0.372 0.238 1.135 0.000 0.000 1.003 0.000 1.308 1.460 0.071 0.196 0.000 
0 test1dax_consistent right_hidden
0.000 0.000 0.432 2.366 5.118 0.000 0.000 0.075 0.000 0.000 2.983 0.000 0.117 0.000 0.120 0.000 0.000 0.000 1.291 0.000 
---
1 test1dax_inconsistent left_hidden
0.788 0.000 0.363 0.342 1.289 0.020 1.538 0.024 0.372 0.238 1.135 0.000 0.000 1.003 0.000 1.308 1.460 0.071 0.196 0.000 
1 test1dax_inconsistent right_hidden
0.000 0.000 0.829 1.635 1.458 0.362 0.000 0.221 0.000 0.000 1.015 0.101 0.195 0.004 0.079 0.000 0.195 0.000 0.180 0.000 
---
0 test1dax_consistent left_hidden
1.067 1.884 0.455 0.113 0.702 0.619 1.081 0.789 0.377 0.166 0.542 0.144 0.000 1.101 0.027 0.000 0.000 0.000 0.101 1.183 
0 test1dax_consistent right_hidden
0.242 1.729 0.000 3.217 1.817 2.393 2.113 0.071 1.215 0.000 0.000 0.000 1.818 0.099 0.000 0.000 0.619 3.526 0.000 0.010 
---
1 test1dax_inconsistent left_hidden
1.067 1.884 0.455 0.113 0.702 0.619 1.081 0.789 0.377 0.166 0.542 0.144 0.000 1.101 0.027 0.000 0.000 0.000 0.101 1.183 
1 test1dax_inconsistent right_hidden
0.720 0.528 0.030 1.273 0.266 0.697 0.813 0.736 0.359 0.000 0.065 0.000 0.675 0.742 0.000 0.000 0.000 0.963 0.000 0.202 
---
0 test1dax_consistent left_hidden
0.000 0.893 0.000 0.079 0.000 0.334 0.000 0.000 2.459 0.000 0.000 0.000 0.031 0.307 0.345 1.128 0.000 0.821 0.098 0.699 
0 test1dax_consistent right_hidden
0.000 1.324 0.000 1.773 0.353 0.000 3.328 0.000 2.906 1.233 2.010 0.000 2.861 0.503 0.174 0.111 0.689 0.000 0.000 0.122 
---
1 test1dax_inconsistent left_hidden
0.000 0.893 0.000 0.079 0.000 0.334 0.000 0.000 2.459 0.000 0.000 0.000 0.031 0.307 0.345 1.128 0.000 0.821 0.098 0.699 
1 test1dax_inconsistent right_hidden
0.017 0.107 0.000 1.585 0.018 0.000 0.677 0.013 0.628 0.757 0.640 0.000 0.702 0.619 0.005 0.587 0.540 0.000 0.000 0.449 
---
0 test1dax_consistent left_hidden
1.070 0.000 0.144 1.244 1.032 0.838 0.258 0.000 0.000 0.000 1.237 0.117 0.647 0.000 0.105 0.200 1.205 0.000 0.990 0.000 
0 test1dax_consistent right_hidden
2.229 0.000 0.315 0.000 0.105 0.000 2.135 0.000 0.111 0.000 1.424 5.419 0.000 0.000 0.000 0.662 0.000 0.000 1.639 0.041 
---
1 test1dax_inconsistent left_hidden
1.070 0.000 0.144 1.244 1.032 0.838 0.258 0.000 0.000 0.000 1.237 0.117 0.647 0.000 0.105 0.200 1.205 0.000 0.990 0.000 
1 test1dax_inconsistent right_hidden
0.722 0.004 0.818 0.242 0.297 0.254 1.750 0.000 0.000 0.000 1.058 1.420 0.535 0.000 0.000 0.030 0.000 0.000 0.567 0.068 
---
0 test1dax_consistent left_hidden
0.000 0.358 0.950 0.755 0.430 0.000 1.210 0.204 0.630 0.756 0.700 1.276 0.000 0.754 0.034 0.000 0.713 0.000 0.000 1.864 
0 test1dax_consistent right_hidden
0.949 1.955 1.020 0.000 0.883 0.000 4.127 0.000 0.000 0.089 0.000 0.000 2.208 2.172 0.868 0.000 2.302 0.000 1.716 0.000 
---
1 test1dax_inconsistent left_hidden
0.000 0.358 0.950 0.755 0.430 0.000 1.210 0.204 0.630 0.756 0.700 1.276 0.000 0.754 0.034 0.000 0.713 0.000 0.000 1.864 
1 test1dax_inconsistent right_hidden
0.000 0.772 0.667 0.486 1.147 0.000 0.957 0.000 0.708 0.300 0.000 0.205 0.868 1.042 0.652 0.000 0.297 0.000 0.868 0.352 
---
0 test1dax_consistent left_hidden
0.821 0.241 1.885 0.000 0.623 0.000 0.768 0.000 1.789 0.000 0.000 0.000 0.000 1.096 0.459 0.053 0.082 0.000 0.000 0.587 
0 test1dax_consistent right_hidden
0.000 0.000 2.230 0.000 0.000 0.000 0.044 0.000 1.152 0.000 0.803 0.000 0.000 1.869 2.970 0.000 0.000 3.367 4.445 0.111 
---
1 test1dax_inconsistent left_hidden
0.821 0.241 1.885 0.000 0.623 0.000 0.768 0.000 1.789 0.000 0.000 0.000 0.000 1.096 0.459 0.053 0.082 0.000 0.000 0.587 
1 test1dax_inconsistent right_hidden
0.000 0.099 0.738 0.093 0.000 0.026 0.131 0.000 0.000 0.000 0.000 0.000 0.281 1.860 1.202 0.066 0.000 1.750 1.070 0.677 
---
0 test1dax_consistent left_hidden
0.285 0.977 1.842 0.211 0.326 1.086 0.182 0.000 0.000 0.000 0.741 0.567 0.000 0.198 0.024 0.037 0.000 0.618 1.542 0.994 
0 test1dax_consistent right_hidden
0.000 0.008 2.100 0.000 0.000 3.049 0.021 0.000 0.000 0.000 0.000 0.000 0.000 3.758 2.524 0.000 0.000 0.928 4.179 0.310 
---
1 test1dax_inconsistent left_hidden
0.285 0.977 1.842 0.211 0.326 1.086 0.182 0.000 0.000 0.000 0.741 0.567 0.000 0.198 0.024 0.037 0.000 0.618 1.542 0.994 
1 test1dax_inconsistent right_hidden
0.000 0.695 0.567 0.000 0.000 1.524 0.081 0.000 0.000 0.000 0.276 0.000 0.000 2.004 0.740 0.000 0.000 0.000 1.117 0.445 
---
0 test1dax_consistent left_hidden
0.204 0.000 1.629 0.314 0.000 0.150 0.511 0.755 1.081 0.221 0.625 1.368 0.000 0.281 0.000 0.468 1.247 0.685 0.000 0.141 
0 test1dax_consistent right_hidden
0.000 1.643 0.915 1.430 0.000 0.000 4.627 0.135 0.002 1.458 0.000 1.014 0.000 1.776 0.000 0.427 0.000 2.123 2.209 1.423 
---
1 test1dax_inconsistent left_hidden
0.204 0.000 1.629 0.314 0.000 0.150 0.511 0.755 1.081 0.221 0.625 1.368 0.000 0.281 0.000 0.468 1.247 0.685 0.000 0.141 
1 test1dax_inconsistent right_hidden
0.000 0.913 0.765 0.968 0.000 0.000 1.235 0.590 0.451 0.495 0.000 0.134 0.000 0.624 0.000 0.367 0.000 0.687 0.364 1.051 
---
0 test1dax_consistent left_hidden
0.000 0.000 0.000 0.020 0.000 0.000 0.000 1.550 0.000 0.000 0.000 1.601 2.276 0.000 0.027 0.000 0.079 0.034 0.115 0.657 
0 test1dax_consistent right_hidden
0.000 0.358 0.000 0.000 0.000 0.000 0.680 1.580 4.622 3.114 0.000 0.206 0.021 0.000 0.000 0.000 0.394 0.230 4.542 0.505 
---
1 test1dax_inconsistent left_hidden
0.000 0.000 0.000 0.020 0.000 0.000 0.000 1.550 0.000 0.000 0.000 1.601 2.276 0.000 0.027 0.000 0.079 0.034 0.115 0.657 
1 test1dax_inconsistent right_hidden
0.000 0.361 0.290 0.000 0.000 0.000 0.267 0.467 1.048 1.538 0.000 0.000 0.000 0.000 0.021 0.000 0.392 0.649 1.685 0.748 
---
0 test1dax_consistent left_hidden
0.000 0.000 1.696 0.059 0.417 0.035 1.201 0.583 0.000 0.000 0.000 0.867 0.795 1.356 0.169 0.513 1.754 1.021 0.007 0.000 
0 test1dax_consistent right_hidden
0.000 0.000 1.515 3.105 0.006 0.000 1.181 0.352 0.000 0.000 0.000 0.000 0.597 0.328 2.883 1.553 0.996 4.171 0.014 2.857 
---
1 test1dax_inconsistent left_hidden
0.000 0.000 1.696 0.059 0.417 0.035 1.201 0.583 0.000 0.000 0.000 0.867 0.795 1.356 0.169 0.513 1.754 1.021 0.007 0.000 
1 test1dax_inconsistent right_hidden
0.000 0.144 0.987 1.162 0.282 0.127 0.758 0.532 0.000 0.000 0.000 0.000 0.000 1.191 0.783 1.101 0.297 1.522 0.000 0.122 
---
0 test1dax_consistent left_hidden
0.189 0.455 0.688 1.410 0.000 0.041 0.556 0.228 0.000 1.555 0.325 0.701 0.000 1.526 0.000 0.780 0.000 0.176 0.531 0.593 
0 test1dax_consistent right_hidden
0.000 0.602 0.219 0.018 0.000 0.000 4.489 0.078 2.066 0.000 1.849 0.000 0.000 1.968 0.702 2.755 0.038 0.909 0.698 0.335 
---
1 test1dax_inconsistent left_hidden
0.189 0.455 0.688 1.410 0.000 0.041 0.556 0.228 0.000 1.555 0.325 0.701 0.000 1.526 0.000 0.780 0.000 0.176 0.531 0.593 
1 test1dax_inconsistent right_hidden
0.064 0.065 0.798 0.000 0.000 0.000 1.074 0.003 0.447 0.000 1.053 0.147 0.000 1.064 1.030 0.655 0.000 1.065 0.932 0.432 
---
0 test1dax_consistent left_hidden
0.387 0.005 0.618 0.338 0.384 2.182 0.000 0.000 0.000 1.152 0.361 0.000 0.731 0.551 0.000 0.139 0.664 1.110 0.041 0.090 
0 test1dax_consistent right_hidden
0.976 0.529 1.072 2.410 0.000 0.213 3.629 0.305 0.000 1.596 0.000 0.000 3.921 0.033 0.000 0.000 0.000 1.483 1.665 0.000 
---
1 test1dax_inconsistent left_hidden
0.387 0.005 0.618 0.338 0.384 2.182 0.000 0.000 0.000 1.152 0.361 0.000 0.731 0.551 0.000 0.139 0.664 1.110 0.041 0.090 
1 test1dax_inconsistent right_hidden
0.687 0.179 0.873 0.725 0.263 0.817 1.007 0.051 0.000 0.673 0.000 0.108 0.800 0.535 0.000 0.005 0.688 0.823 1.410 0.000 
---
0 test1dax_consistent left_hidden
0.733 0.343 1.148 0.402 0.000 0.000 0.000 0.765 0.598 0.000 0.000 0.000 0.018 1.143 0.056 0.000 1.740 0.992 0.024 1.625 
0 test1dax_consistent right_hidden
0.000 2.893 0.000 1.899 0.739 3.740 1.932 0.000 2.933 0.000 0.321 0.036 0.000 0.015 0.000 0.000 1.745 0.284 0.000 2.570 
---
1 test1dax_inconsistent left_hidden
0.733 0.343 1.148 0.402 0.000 0.000 0.000 0.765 0.598 0.000 0.000 0.000 0.018 1.143 0.056 0.000 1.740 0.992 0.024 1.625 
1 test1dax_inconsistent right_hidden
0.275 1.900 0.779 1.204 0.553 1.168 0.169 0.096 0.555 0.000 0.000 0.000 0.000 0.419 0.121 0.000 0.190 0.000 0.282 0.699 
---
0 test1dax_consistent left_hidden
0.440 1.525 1.239 0.145 0.000 0.000 0.205 0.000 1.433 0.039 0.035 0.000 0.365 1.233 0.000 1.547 0.000 0.000 0.000 0.000 
0 test1dax_consistent right_hidden
5.562 3.066 0.000 0.000 0.000 0.715 0.689 0.000 0.000 0.047 0.000 0.444 0.000 3.365 1.030 0.000 0.005 0.000 0.275 0.000 
---
1 test1dax_inconsistent left_hidden
0.440 1.525 1.239 0.145 0.000 0.000 0.205 0.000 1.433 0.039 0.035 0.000 0.365 1.233 0.000 1.547 0.000 0.000 0.000 0.000 
1 test1dax_inconsistent right_hidden
2.101 1.128 0.000 0.227 0.000 0.079 1.607 0.000 0.000 0.000 0.000 0.000 0.000 1.051 0.105 0.000 0.098 0.000 0.523 0.000 
---
0 test1dax_consistent left_hidden
1.109 0.152 0.186 0.000 0.000 0.000 0.000 0.000 0.010 0.602 1.255 0.548 0.000 1.352 0.370 0.900 0.000 1.339 0.000 1.328 
0 test1dax_consistent right_hidden
1.222 0.000 0.000 2.844 3.369 0.085 0.000 0.000 0.000 0.980 2.053 0.000 0.000 3.020 0.342 0.000 1.989 0.000 0.000 0.000 
---
1 test1dax_inconsistent left_hidden
1.109 0.152 0.186 0.000 0.000 0.000 0.000 0.000 0.010 0.602 1.255 0.548 0.000 1.352 0.370 0.900 0.000 1.339 0.000 1.328 
1 test1dax_inconsistent right_hidden
0.600 0.154 0.000 0.364 0.904 0.283 0.000 0.000 0.000 0.325 1.551 0.000 0.070 1.354 0.184 0.000 0.312 0.231 0.000 0.202 
---
0 test1dax_consistent left_hidden
0.091 0.000 2.279 0.000 0.000 0.753 1.160 0.200 0.375 0.199 0.000 0.000 1.143 0.000 0.002 0.880 0.870 0.000 0.000 0.000 
0 test1dax_consistent right_hidden
0.641 0.000 1.055 0.000 0.000 0.718 0.000 1.714 1.828 4.164 0.000 0.031 0.049 0.000 0.000 1.445 2.211 0.000 0.000 3.598 
---
1 test1dax_inconsistent left_hidden
0.091 0.000 2.279 0.000 0.000 0.753 1.160 0.200 0.375 0.199 0.000 0.000 1.143 0.000 0.002 0.880 0.870 0.000 0.000 0.000 
1 test1dax_inconsistent right_hidden
0.408 0.000 0.365 0.000 0.000 0.000 0.000 1.475 0.294 1.665 0.033 0.225 0.000 0.000 0.000 1.255 0.597 0.000 0.000 0.906 
---
0 test1dax_consistent left_hidden
0.000 1.211 1.450 0.200 0.182 0.290 0.081 1.686 0.311 0.000 1.294 0.000 0.000 0.636 0.899 0.782 0.000 0.601 0.000 0.319 
0 test1dax_consistent right_hidden
2.482 2.746 0.084 0.483 0.000 2.374 0.000 1.026 2.684 0.000 1.162 0.000 1.424 0.000 0.000 0.389 0.000 3.196 0.000 0.000 
---
1 test1dax_inconsistent left_hidden
0.000 1.211 1.450 0.200 0.182 0.290 0.081 1.686 0.311 0.000 1.294 0.000 0.000 0.636 0.899 0.782 0.000 0.601 0.000 0.319 
1 test1dax_inconsistent right_hidden
0.187 0.342 0.412 0.000 0.000 1.868 0.199 1.029 0.963 0.000 0.656 0.000 0.837 0.449 0.000 0.432 0.000 1.064 0.000 0.000 
---
0 test1dax_consistent left_hidden
1.602 0.220 0.000 1.974 1.063 1.053 0.508 0.342 0.016 0.642 0.832 0.000 0.547 0.000 0.000 0.000 0.031 0.000 0.184 0.001 
0 test1dax_consistent right_hidden
4.749 0.000 1.083 2.862 1.043 1.464 1.020 0.000 0.000 0.000 0.606 0.683 3.300 0.000 0.000 0.604 0.000 0.000 0.657 0.186 
---
1 test1dax_inconsistent left_hidden
1.602 0.220 0.000 1.974 1.063 1.053 0.508 0.342 0.016 0.642 0.832 0.000 0.547 0.000 0.000 0.000 0.031 0.000 0.184 0.001 
1 test1dax_inconsistent right_hidden
1.531 0.000 0.225 1.327 0.145 0.597 0.313 0.000 0.000 0.515 1.141 0.422 0.928 0.000 0.000 0.000 0.019 0.000 0.062 0.646 
---
0 test1dax_consistent left_hidden
1.501 0.059 0.274 0.000 0.147 0.684 0.000 0.064 0.553 0.058 0.108 1.727 1.114 0.384 0.156 0.000 1.128 1.742 0.401 0.000 
0 test1dax_consistent right_hidden
0.000 0.830 0.000 1.930 0.000 1.904 0.000 0.000 0.000 0.935 0.000 6.272 0.560 0.000 2.508 0.000 0.000 0.826 0.000 0.000 
---
1 test1dax_inconsistent left_hidden
1.501 0.059 0.274 0.000 0.147 0.684 0.000 0.064 0.553 0.058 0.108 1.727 1.114 0.384 0.156 0.000 1.128 1.742 0.401 0.000 
1 test1dax_inconsistent right_hidden
0.000 1.208 0.000 1.528 0.000 0.562 0.000 0.000 0.000 0.266 0.138 1.891 0.321 0.000 2.067 0.111 0.000 0.085 0.000 0.000 
---
0 test1dax_consistent left_hidden
0.535 0.547 0.000 2.197 0.578 0.000 0.000 0.000 0.000 0.000 0.180 0.033 0.000 0.000 0.000 0.000 1.632 0.000 1.301 0.000 
0 test1dax_consistent right_hidden
2.684 2.627 0.000 0.390 0.013 1.526 0.000 0.000 0.000 0.000 4.971 0.186 0.000 0.000 0.000 0.000 0.040 0.000 0.139 0.004 
---
1 test1dax_inconsistent left_hidden
0.535 0.547 0.000 2.197 0.578 0.000 0.000 0.000 0.000 0.000 0.180 0.033 0.000 0.000 0.000 0.000 1.632 0.000 1.301 0.000 
1 test1dax_inconsistent right_hidden
1.823 1.160 0.000 0.000 0.325 0.187 0.356 0.002 0.266 0.000 1.402 0.272 0.031 0.000 0.123 0.000 0.504 0.000 0.909 0.000 
---
0 test1dax_consistent left_hidden
1.426 1.131 0.200 1.344 0.000 1.135 0.327 0.279 2.055 0.453 0.490 0.002 0.000 0.000 0.000 0.000 0.068 0.037 0.428 0.179 
0 test1dax_consistent right_hidden
1.012 0.985 0.000 0.063 0.073 2.169 0.633 0.657 1.261 4.608 0.095 1.436 0.066 0.000 0.000 0.000 0.068 0.000 0.235 3.991 
---
1 test1dax_inconsistent left_hidden
1.426 1.131 0.200 1.344 0.000 1.135 0.327 0.279 2.055 0.453 0.490 0.002 0.000 0.000 0.000 0.000 0.068 0.037 0.428 0.179 
1 test1dax_inconsistent right_hidden
0.712 0.105 0.267 0.086 0.000 1.028 0.000 0.083 1.213 1.010 0.264 1.295 0.000 0.000 0.000 0.000 0.225 0.000 0.526 1.861 
---
0 test1dax_consistent left_hidden
0.000 2.296 0.990 0.000 0.000 0.000 0.033 1.304 0.005 0.402 0.120 0.000 0.000 0.002 0.176 0.000 0.000 0.691 1.504 0.525 
0 test1dax_consistent right_hidden
0.000 1.110 0.000 0.000 0.000 0.000 0.000 0.969 0.000 0.494 0.965 0.000 5.556 1.584 0.913 0.000 0.652 1.254 0.037 2.294 
---
1 test1dax_inconsistent left_hidden
0.000 2.296 0.990 0.000 0.000 0.000 0.033 1.304 0.005 0.402 0.120 0.000 0.000 0.002 0.176 0.000 0.000 0.691 1.504 0.525 
1 test1dax_inconsistent right_hidden
0.000 1.413 0.000 0.000 0.000 0.000 0.000 0.000 0.000 0.511 0.000 0.000 1.697 0.729 1.057 0.000 0.000 0.644 0.517 1.171 
---
0 test1dax_consistent left_hidden
0.000 1.195 0.647 0.000 0.005 0.405 1.271 0.192 0.430 0.675 0.000 0.000 2.263 0.000 0.000 0.000 0.113 1.462 0.294 0.000 
0 test1dax_consistent right_hidden
0.828 0.821 1.982 0.000 0.000 0.000 3.906 0.136 0.000 1.865 0.000 0.000 3.039 0.000 4.491 0.479 0.000 0.000 0.000 0.000 
---
1 test1dax_inconsistent left_hidden
0.000 1.195 0.647 0.000 0.005 0.405 1.271 0.192 0.430 0.675 0.000 0.000 2.263 0.000 0.000 0.000 0.113 1.462 0.294 0.000 
1 test1dax_inconsistent right_hidden
1.110 0.136 1.230 0.000 0.000 0.101 1.064 0.339 0.281 1.222 0.302 0.000 1.622 0.000 1.365 0.306 0.000 0.000 0.000 0.000 
---
0 test1dax_consistent left_hidden
0.309 0.000 0.600 0.000 0.000 0.651 1.814 0.982 0.000 0.711 0.454 1.484 1.164 0.000 0.158 0.168 0.000 0.961 0.000 0.000 
0 test1dax_consistent right_hidden
2.318 0.000 1.610 0.000 0.000 0.000 0.000 3.269 0.000 0.049 0.000 3.630 1.046 2.803 2.079 0.000 0.000 0.000 0.000 0.636 
---
1 test1dax_inconsistent left_hidden
0.309 0.000 0.600 0.000 0.000 0.651 1.814 0.982 0.000 0.711 0.454 1.484 1.164 0.000 0.158 0.168 0.000 0.961 0.000 0.000 
1 test1dax_inconsistent right_hidden
0.580 0.000 1.229 0.000 0.000 0.667 0.137 1.242 0.189 0.117 0.000 0.770 0.214 0.445 1.052 0.000 0.000 0.068 0.000 0.221 
---
0 test1dax_consistent left_hidden
0.218 0.000 0.735 2.300 0.000 0.000 0.093 0.000 0.043 0.000 0.065 0.000 0.890 0.841 0.339 0.387 0.653 0.712 0.000 0.000 
0 test1dax_consistent right_hidden
0.058 1.083 0.937 0.551 0.038 0.000 1.179 0.000 0.000 0.000 4.588 1.862 3.225 0.779 0.382 0.000 1.553 0.224 0.000 0.000 
---
1 test1dax_inconsistent left_hidden
0.218 0.000 0.735 2.300 0.000 0.000 0.093 0.000 0.043 0.000 0.065 0.000 0.890 0.841 0.339 0.387 0.653 0.712 0.000 0.000 
1 test1dax_inconsistent right_hidden
0.276 0.558 0.802 0.000 0.667 0.024 0.030 0.286 0.368 0.032 1.266 0.019 1.034 1.159 0.291 0.102 0.449 0.277 0.009 0.000 
---
0 test1dax_consistent left_hidden
0.000 0.000 0.149 0.000 0.000 0.386 0.090 0.000 2.084 1.781 0.000 0.017 0.606 0.922 0.794 0.000 0.165 0.000 0.042 0.000 
0 test1dax_consistent right_hidden
0.577 0.000 2.303 0.000 0.000 2.882 2.981 0.000 3.661 0.214 3.076 0.000 1.255 1.106 0.000 1.920 1.376 0.000 0.000 0.093 
---
1 test1dax_inconsistent left_hidden
0.000 0.000 0.149 0.000 0.000 0.386 0.090 0.000 2.084 1.781 0.000 0.017 0.606 0.922 0.794 0.000 0.165 0.000 0.042 0.000 
1 test1dax_inconsistent right_hidden
1.028 0.000 0.668 0.000 0.000 1.003 1.357 0.000 1.468 0.000 1.005 0.000 0.928 0.017 0.000 1.366 0.465 0.000 0.000 0.283 
---
0 test1dax_consistent left_hidden
0.510 0.000 0.000 1.095 0.000 0.000 0.000 0.000 0.709 0.000 0.480 0.638 0.435 2.426 0.834 0.000 0.000 1.906 0.000 0.000 
0 test1dax_consistent right_hidden
0.000 0.000 0.000 0.000 0.000 0.000 0.559 0.000 0.000 0.000 2.502 0.000 2.355 5.371 1.677 0.000 1.856 0.098 0.000 0.000 
---
1 test1dax_inconsistent left_hidden
0.510 0.000 0.000 1.095 0.000 0.000 0.000 0.000 0.709 0.000 0.480 0.638 0.435 2.426 0.834 0.000 0.000 1.906 0.000 0.000 
1 test1dax_inconsistent right_hidden
0.688 0.000 0.000 0.000 0.000 0.211 0.655 0.000 0.000 0.071 0.374 0.000 0.524 2.212 0.533 0.000 1.484 0.174 0.000 0.000 
---
0 test1dax_consistent left_hidden
0.000 0.808 0.504 0.000 1.421 0.000 0.113 0.329 0.000 0.674 0.695 1.297 0.255 0.000 0.637 0.000 0.451 1.514 0.380 0.182 
0 test1dax_consistent right_hidden
0.361 0.000 1.876 1.343 0.000 0.000 0.000 0.880 0.000 0.000 0.493 0.000 1.165 0.000 0.000 0.000 4.185 3.410 0.052 1.003 
---
1 test1dax_inconsistent left_hidden
0.000 0.808 0.504 0.000 1.421 0.000 0.113 0.329 0.000 0.674 0.695 1.297 0.255 0.000 0.637 0.000 0.451 1.514 0.380 0.182 
1 test1dax_inconsistent right_hidden
0.297 0.000 0.473 1.103 0.000 0.041 0.000 0.000 0.000 0.137 0.787 0.315 0.000 0.051 0.000 0.000 1.118 1.711 0.115 0.352 
---
0 test1dax_consistent left_hidden
1.706 0.000 0.737 0.000 0.985 0.043 0.652 1.397 0.010 0.613 0.000 0.095 0.000 1.268 0.000 0.696 1.272 0.224 0.000 1.214 
0 test1dax_consistent right_hidden
2.256 0.000 3.740 0.000 4.097 0.000 0.000 0.105 0.000 0.028 1.561 0.000 0.000 0.565 0.002 0.000 1.261 0.383 0.000 1.021 
---
1 test1dax_inconsistent left_hidden
1.706 0.000 0.737 0.000 0.985 0.043 0.652 1.397 0.010 0.613 0.000 0.095 0.000 1.268 0.000 0.696 1.272 0.224 0.000 1.214 
1 test1dax_inconsistent right_hidden
1.172 0.000 1.438 0.154 0.868 0.075 0.560 0.543 0.130 0.456 1.558 0.000 0.239 0.431 0.000 0.000 1.115 0.185 0.000 0.000 
---
0 test1dax_consistent left_hidden
0.000 1.213 0.366 0.000 0.000 0.041 2.496 1.364 0.000 0.000 0.000 0.000 0.000 0.425 0.172 0.290 0.000 0.127 0.630 0.362 
0 test1dax_consistent right_hidden
0.117 0.035 0.000 1.165 0.000 3.742 5.176 0.093 0.000 0.000 0.000 0.000 2.556 0.000 0.000 1.380 0.051 0.771 0.085 0.000 
---
1 test1dax_inconsistent left_hidden
0.000 1.213 0.366 0.000 0.000 0.041 2.496 1.364 0.000 0.000 0.000 0.000 0.000 0.425 0.172 0.290 0.000 0.127 0.630 0.362 
1 test1dax_inconsistent right_hidden
0.975 0.000 0.067 1.101 0.000 1.031 1.714 0.702 0.000 0.000 0.000 0.000 1.204 0.318 0.027 1.428 0.205 0.000 0.000 0.775 
---
0 test1dax_consistent left_hidden
0.007 0.223 0.000 0.321 0.000 2.118 1.371 0.000 0.000 0.000 0.000 0.000 0.045 1.008 0.000 1.267 1.782 1.088 0.569 0.648 
0 test1dax_consistent right_hidden
0.718 0.000 0.071 1.389 0.000 0.014 2.437 0.000 0.000 2.462 0.000 0.000 0.000 0.000 0.000 3.614 4.088 1.746 1.969 0.000 
---
1 test1dax_inconsistent left_hidden
0.007 0.223 0.000 0.321 0.000 2.118 1.371 0.000 0.000 0.000 0.000 0.000 0.045 1.008 0.000 1.267 1.782 1.088 0.569 0.648 
1 test1dax_inconsistent right_hidden
0.000 0.709 0.294 1.771 0.000 0.144 0.638 0.000 0.000 0.676 0.000 0.000 0.022 0.000 0.000 1.029 1.458 0.992 1.298 0.000 
---
0 test1dax_consistent left_hidden
0.000 2.303 0.000 0.282 0.000 0.210 0.000 0.000 0.000 0.000 0.020 0.834 0.003 0.000 0.000 0.000 1.895 0.867 0.821 0.000 
0 test1dax_consistent right_hidden
0.000 1.436 0.000 1.434 1.048 0.000 0.000 4.631 1.533 0.329 0.000 0.401 0.000 1.645 0.000 0.000 0.000 2.874 1.752 0.000 
---
1 test1dax_inconsistent left_hidden
0.000 2.303 0.000 0.282 0.000 0.210 0.000 0.000 0.000 0.000 0.020 0.834 0.003 0.000 0.000 0.000 1.895 0.867 0.821 0.000 
1 test1dax_inconsistent right_hidden
0.447 0.253 0.000 0.401 0.662 0.000 0.000 1.669 0.863 0.346 0.000 0.555 0.000 0.301 0.000 0.078 0.766 0.367 0.662 0.000 
---
0 test1dax_consistent left_hidden
0.000 0.886 0.540 0.599 0.707 0.016 0.063 0.000 1.315 0.219 1.845 0.508 0.796 0.000 0.661 0.576 0.067 0.000 1.078 0.000 
0 test1dax_consistent right_hidden
0.000 0.000 2.214 1.395 0.000 1.734 3.607 0.000 0.000 0.000 0.089 1.444 0.504 0.000 2.414 2.269 0.778 0.000 0.421 0.018 
---
1 test1dax_inconsistent left_hidden
0.000 0.886 0.540 0.599 0.707 0.016 0.063 0.000 1.315 0.219 1.845 0.508 0.796 0.000 0.661 0.576 0.067 0.000 1.078 0.000 
1 test1dax_inconsistent right_hidden
0.000 0.301 0.581 0.044 0.000 0.913 1.471 0.000 0.346 0.000 0.000 1.414 0.812 0.000 0.401 0.312 0.993 0.000 0.106 0.500 
---
0 test1dax_consistent left_hidden
0.000 1.033 0.015 0.159 0.000 0.000 1.122 0.895 0.233 0.000 0.409 0.877 0.000 0.437 1.530 1.248 0.140 1.562 0.000 0.760 
0 test1dax_consistent right_hidden
0.246 1.306 0.000 0.000 0.000 1.657 0.000 0.130 2.396 0.000 1.465 0.000 0.000 2.740 4.096 1.159 0.000 0.140 1.828 0.830 
---
1 test1dax_inconsistent left_hidden
0.000 1.033 0.015 0.159 0.000 0.000 1.122 0.895 0.233 0.000 0.409 0.877 0.000 0.437 1.530 1.248 0.140 1.562 0.000 0.760 
1 test1dax_inconsistent right_hidden
0.931 0.060 0.000 0.477 0.000 0.538 0.000 0.000 1.044 0.000 0.265 0.694 0.067 1.073 1.020 0.250 0.000 0.530 0.350 0.943 
---
0 test1dax_consistent left_hidden
0.127 0.316 0.000 0.314 1.897 1.862 0.013 0.000 0.881 0.000 0.000 0.649 0.398 0.000 0.885 0.092 0.000 0.000 0.000 0.000 
0 test1dax_consistent right_hidden
0.135 1.869 0.000 2.003 0.000 0.843 0.277 0.000 0.000 0.000 2.626 0.000 0.045 0.000 0.137 1.817 4.465 0.000 0.000 0.000 
---
1 test1dax_inconsistent left_hidden
0.127 0.316 0.000 0.314 1.897 1.862 0.013 0.000 0.881 0.000 0.000 0.649 0.398 0.000 0.885 0.092 0.000 0.000 0.000 0.000 
1 test1dax_inconsistent right_hidden
0.759 1.182 0.000 0.826 0.373 0.713 0.000 0.000 0.000 0.000 0.295 0.000 0.248 0.000 0.509 0.328 1.283 0.199 0.142 0.000 
---
0 test1dax_consistent left_hidden
0.657 0.242 0.000 0.000 0.386 0.000 0.915 0.725 0.000 0.022 0.395 0.494 1.133 1.067 0.000 0.729 0.000 0.578 0.970 1.914 
0 test1dax_consistent right_hidden
0.000 0.203 3.561 0.000 0.000 0.000 1.097 1.615 0.000 0.000 3.462 2.099 0.710 2.303 0.000 0.000 0.000 2.520 0.124 0.000 
---
1 test1dax_inconsistent left_hidden
0.657 0.242 0.000 0.000 0.386 0.000 0.915 0.725 0.000 0.022 0.395 0.494 1.133 1.067 0.000 0.729 0.000 0.578 0.970 1.914 
1 test1dax_inconsistent right_hidden
0.696 0.259 1.642 0.000 0.271 0.000 0.198 0.631 0.000 0.000 1.237 0.720 0.499 0.390 0.000 0.677 0.000 0.392 0.301 0.374 
---
0 test1dax_consistent left_hidden
0.313 1.430 0.174 0.195 0.357 0.000 0.000 0.222 0.000 0.000 0.000 1.029 1.791 0.229 0.000 1.585 0.509 0.612 0.000 1.043 
0 test1dax_consistent right_hidden
0.000 3.852 0.629 0.000 0.000 0.000 0.310 0.000 0.000 0.000 1.716 3.171 0.000 3.043 0.076 0.000 0.000 0.400 0.000 0.037 
---
1 test1dax_inconsistent left_hidden
0.313 1.430 0.174 0.195 0.357 0.000 0.000 0.222 0.000 0.000 0.000 1.029 1.791 0.229 0.000 1.585 0.509 0.612 0.000 1.043 
1 test1dax_inconsistent right_hidden
0.000 1.372 0.122 0.000 0.000 0.000 0.000 0.000 0.000 0.000 0.641 1.479 0.000 0.652 0.065 0.312 0.000 0.832 0.000 0.641 
---
0 test1dax_consistent left_hidden
0.539 1.630 0.037 0.000 0.000 0.000 0.000 0.117 0.180 0.225 2.057 0.000 0.688 0.000 0.429 0.000 1.227 0.104 0.397 0.040 
0 test1dax_consistent right_hidden
0.000 0.000 0.000 3.399 0.000 0.000 0.766 0.451 0.686 1.245 0.686 0.000 3.475 2.131 2.394 0.536 0.112 0.000 2.402 1.171 
---
1 test1dax_inconsistent left_hidden
0.539 1.630 0.037 0.000 0.000 0.000 0.000 0.117 0.180 0.225 2.057 0.000 0.688 0.000 0.429 0.000 1.227 0.104 0.397 0.040 
1 test1dax_inconsistent right_hidden
0.000 0.258 0.000 1.094 0.000 0.082 0.768 1.112 0.032 0.938 0.641 0.454 0.648 0.611 0.388 0.000 0.000 0.000 0.875 0.316 
---
0 test1dax_consistent left_hidden
1.081 0.000 0.893 0.398 0.567 0.000 0.412 0.000 0.999 0.623 0.000 0.403 1.310 1.485 1.757 0.049 0.000 0.000 0.000 0.000 
0 test1dax_consistent right_hidden
4.516 0.000 0.061 0.203 2.074 0.000 0.000 0.000 0.604 2.602 0.845 0.000 0.253 1.869 1.263 0.000 0.000 1.184 0.000 1.024 
---
1 test1dax_inconsistent left_hidden
1.081 0.000 0.893 0.398 0.567 0.000 0.412 0.000 0.999 0.623 0.000 0.403 1.310 1.485 1.757 0.049 0.000 0.000 0.000 0.000 
1 test1dax_inconsistent right_hidden
1.678 0.000 0.000 0.181 0.482 0.000 0.616 0.000 0.000 0.222 0.113 0.154 0.000 0.000 1.074 0.092 0.000 0.319 0.440 0.275 
---
0 test1dax_consistent left_hidden
0.632 0.000 1.457 0.000 0.968 0.068 0.046 0.616 0.626 0.015 0.108 0.990 0.722 0.358 1.589 0.714 0.000 0.000 0.000 0.936 
0 test1dax_consistent right_hidden
1.234 0.000 1.121 0.000 0.023 0.000 0.000 0.079 0.000 0.190 2.471 0.064 0.827 2.072 0.966 3.083 4.591 0.903 0.000 0.000 
---
1 test1dax_inconsistent left_hidden
0.632 0.000 1.457 0.000 0.968 0.068 0.046 0.616 0.626 0.015 0.108 0.990 0.722 0.358 1.589 0.714 0.000 0.000 0.000 0.936 
1 test1dax_inconsistent right_hidden
0.618 0.000 1.021 0.000 0.311 0.418 0.105 0.536 0.000 0.798 0.482 0.000 0.089 0.114 0.000 1.272 1.560 0.393 0.000 0.000 
---
0 test1dax_consistent left_hidden
0.530 1.526 0.000 0.000 0.251 0.430 0.073 0.010 1.258 0.920 0.000 0.000 0.000 0.106 0.013 2.136 0.200 1.199 0.000 0.000 
0 test1dax_consistent right_hidden
0.000 0.000 0.000 0.000 0.175 3.431 0.000 0.000 5.080 2.567 0.000 0.000 0.000 0.000 0.000 3.436 0.000 0.000 2.184 0.000 
---
1 test1dax_inconsistent left_hidden
0.530 1.526 0.000 0.000 0.251 0.430 0.073 0.010 1.258 0.920 0.000 0.000 0.000 0.106 0.013 2.136 0.200 1.199 0.000 0.000 
1 test1dax_inconsistent right_hidden
0.000 0.000 0.000 0.000 0.446 2.006 0.000 0.872 1.724 1.433 0.000 0.036 0.000 0.041 0.021 0.839 0.000 0.000 1.862 0.015 
---
0 test1dax_consistent left_hidden
0.300 0.038 0.000 2.109 0.000 0.822 0.969 1.133 1.718 0.000 0.000 1.448 0.000 0.444 0.283 0.000 0.000 0.000 0.131 0.260 
0 test1dax_consistent right_hidden
3.470 0.000 1.227 2.132 3.171 0.726 0.180 0.032 1.646 0.000 0.000 0.504 1.426 0.020 3.162 0.000 0.000 0.000 1.985 0.000 
---
1 test1dax_inconsistent left_hidden
0.300 0.038 0.000 2.109 0.000 0.822 0.969 1.133 1.718 0.000 0.000 1.448 0.000 0.444 0.283 0.000 0.000 0.000 0.131 0.260 
1 test1dax_inconsistent right_hidden
1.324 0.000 0.936 0.643 0.919 1.020 0.130 0.853 0.251 0.000 0.000 0.000 0.886 0.450 1.700 0.000 0.127 0.000 0.475 0.036 
---
0 test1dax_consistent left_hidden
0.803 0.000 0.238 0.610 0.000 0.000 0.881 0.000 0.247 0.000 0.932 1.237 0.000 0.000 0.000 1.950 0.624 0.179 1.072 0.919 
0 test1dax_consistent right_hidden
0.104 0.000 0.000 2.803 0.000 1.831 3.298 0.000 2.092 1.576 0.741 0.000 0.000 1.144 0.373 2.599 0.000 0.000 0.000 0.000 
---
1 test1dax_inconsistent left_hidden
0.803 0.000 0.238 0.610 0.000 0.000 0.881 0.000 0.247 0.000 0.932 1.237 0.000 0.000 0.000 1.950 0.624 0.179 1.072 0.919 
1 test1dax_inconsistent right_hidden
0.575 0.000 0.229 0.521 0.613 0.457 1.442 0.000 1.001 0.410 0.979 0.000 0.000 0.271 0.089 0.453 0.303 0.000 0.620 0.000 
---
0 test1dax_consistent left_hidden
0.000 0.000 0.416 0.000 0.918 1.066 1.438 0.256 0.303 0.168 0.000 0.985 0.000 0.537 0.000 1.890 0.000 0.153 1.048 0.085 
0 test1dax_consistent right_hidden
0.000 1.868 0.309 1.242 2.427 0.790 0.078 1.831 0.000 0.000 0.000 0.000 4.604 0.000 0.000 2.102 0.308 0.367 2.497 0.590 
---
1 test1dax_inconsistent left_hidden
0.000 0.000 0.416 0.000 0.918 1.066 1.438 0.256 0.303 0.168 0.000 0.985 0.000 0.537 0.000 1.890 0.000 0.153 1.048 0.085 
1 test1dax_inconsistent right_hidden
0.000 0.924 0.499 0.000 0.469 1.209 0.622 1.144 0.000 0.000 0.086 0.000 1.466 0.000 0.073 0.548 0.382 0.807 0.549 0.433 
---
0 test1dax_consistent left_hidden
0.000 0.000 0.954 0.000 0.531 2.142 1.277 1.494 0.000 0.000 0.000 0.000 0.000 0.262 0.809 0.000 0.015 0.103 0.842 0.000 
0 test1dax_consistent right_hidden
0.793 0.000 0.826 3.396 0.000 0.000 0.000 1.115 0.459 2.662 0.000 0.000 0.000 1.705 0.000 0.000 0.032 0.000 4.635 2.829 
---
1 test1dax_inconsistent left_hidden
0.000 0.000 0.954 0.000 0.531 2.142 1.277 1.494 0.000 0.000 0.000 0.000 0.000 0.262 0.809 0.000 0.015 0.103 0.842 0.000 
1 test1dax_inconsistent right_hidden
1.022 0.000 0.369 1.267 0.084 0.000 0.584 0.225 0.273 0.955 0.000 0.000 0.000 1.351 0.056 0.000 0.000 0.000 2.030 0.551 
---
0 test1dax_consistent left_hidden
0.135 0.000 0.171 0.021 0.000 0.000 0.000 0.000 0.507 0.158 3.088 1.232 0.000 0.000 0.331 0.000 0.000 0.000 0.293 0.699 
0 test1dax_consistent right_hidden
4.074 0.000 0.046 1.980 1.782 0.774 0.162 0.000 0.000 0.107 0.170 2.431 0.000 2.623 0.155 0.491 0.000 0.000 0.000 3.241 
---
1 test1dax_inconsistent left_hidden
0.135 0.000 0.171 0.021 0.000 0.000 0.000 0.000 0.507 0.158 3.088 1.232 0.000 0.000 0.331 0.000 0.000 0.000 0.293 0.699 
1 test1dax_inconsistent right_hidden
1.341 0.002 0.183 1.000 0.927 0.360 0.844 0.000 0.335 0.282 0.865 0.990 0.000 0.744 0.441 0.429 0.000 0.000 0.000 0.728 
---
0 test1dax_consistent left_hidden
0.000 0.000 0.238 0.497 1.044 0.000 0.201 0.000 0.000 1.509 0.000 0.192 1.132 0.000 0.120 1.733 1.816 0.124 0.000 1.217 
0 test1dax_consistent right_hidden
3.216 0.000 1.779 0.541 0.729 0.000 1.660 0.000 0.000 1.278 0.000 0.000 0.000 0.488 1.488 1.939 0.000 3.368 2.637 1.226 
---
1 test1dax_inconsistent left_hidden
0.000 0.000 0.238 0.497 1.044 0.000 0.201 0.000 0.000 1.509 0.000 0.192 1.132 0.000 0.120 1.733 1.816 0.124 0.000 1.217 
1 test1dax_inconsistent right_hidden
0.815 0.590 0.513 0.490 0.088 0.097 0.994 0.000 0.000 0.162 0.000 0.000 0.028 0.254 0.269 0.927 0.461 0.964 0.797 1.383 
---
0 test1dax_consistent left_hidden
0.000 0.000 0.001 1.039 0.166 0.075 0.000 0.231 0.130 0.054 0.845 0.096 0.002 0.009 0.426 1.245 1.445 0.000 1.141 1.526 
0 test1dax_consistent right_hidden
0.000 0.000 1.342 0.132 0.312 0.069 0.000 0.000 1.393 0.000 1.653 0.000 2.985 2.544 0.123 0.000 1.500 0.000 3.136 2.246 
---
1 test1dax_inconsistent left_hidden
0.000 0.000 0.001 1.039 0.166 0.075 0.000 0.231 0.130 0.054 0.845 0.096 0.002 0.009 0.426 1.245 1.445 0.000 1.141 1.526 
1 test1dax_inconsistent right_hidden
0.146 0.111 0.623 0.550 0.546 0.000 0.000 0.000 0.776 0.370 0.674 0.000 1.158 0.574 0.634 0.616 0.390 0.000 0.864 0.329 
---
0 test1dax_consistent left_hidden
0.981 0.000 0.207 1.224 0.000 0.845 1.135 0.000 0.704 0.279 0.000 0.326 0.218 0.000 0.636 0.000 0.658 0.000 1.528 0.000 
0 test1dax_consistent right_hidden
4.558 0.000 0.906 0.000 0.000 1.352 0.000 0.000 1.912 0.031 0.000 2.907 0.000 3.429 0.000 0.000 0.000 0.000 0.221 1.210 
---
1 test1dax_inconsistent left_hidden
0.981 0.000 0.207 1.224 0.000 0.845 1.135 0.000 0.704 0.279 0.000 0.326 0.218 0.000 0.636 0.000 0.658 0.000 1.528 0.000 
1 test1dax_inconsistent right_hidden
1.053 0.000 1.054 0.000 0.310 1.550 0.067 0.000 1.321 0.124 0.000 0.755 0.000 1.677 0.016 0.000 0.377 0.000 0.000 0.741 
---
0 test1dax_consistent left_hidden
0.256 0.781 1.760 0.316 1.731 0.117 0.049 0.195 0.000 0.386 0.000 1.577 0.000 0.220 0.124 0.000 0.230 0.209 0.000 1.022 
0 test1dax_consistent right_hidden
0.303 2.284 0.232 0.000 0.971 0.847 2.940 0.000 4.486 0.003 0.487 2.186 0.000 0.000 0.066 0.000 0.000 2.572 0.000 1.319 
---
1 test1dax_inconsistent left_hidden
0.256 0.781 1.760 0.316 1.731 0.117 0.049 0.195 0.000 0.386 0.000 1.577 0.000 0.220 0.124 0.000 0.230 0.209 0.000 1.022 
1 test1dax_inconsistent right_hidden
0.539 1.420 0.506 0.000 0.376 0.287 1.382 0.000 1.614 0.583 0.162 0.700 0.000 0.000 0.000 0.000 0.187 1.087 0.000 0.152 
---
0 test1dax_consistent left_hidden
0.000 1.905 0.899 1.375 0.000 0.268 0.771 0.498 0.177 0.772 1.242 0.000 0.467 0.043 0.000 1.132 0.236 0.000 0.000 0.177 
0 test1dax_consistent right_hidden
2.433 1.817 0.000 1.296 0.000 0.000 0.000 0.011 1.107 2.998 2.557 0.000 2.082 0.000 0.000 0.000 0.137 0.566 1.666 0.000 
---
1 test1dax_inconsistent left_hidden
0.000 1.905 0.899 1.375 0.000 0.268 0.771 0.498 0.177 0.772 1.242 0.000 0.467 0.043 0.000 1.132 0.236 0.000 0.000 0.177 
1 test1dax_inconsistent right_hidden
0.298 0.811 0.342 1.341 0.000 0.044 0.056 0.207 0.981 0.721 0.619 0.000 1.053 0.000 0.000 0.000 0.182 0.684 0.249 0.198 
---
0 test1dax_consistent left_hidden
0.000 0.000 1.521 0.000 0.080 0.000 0.638 0.000 0.000 1.762 0.329 0.000 0.390 1.764 0.000 1.193 0.000 0.572 0.304 0.422 
0 test1dax_consistent right_hidden
4.935 1.212 0.000 0.832 0.000 2.016 2.989 0.000 0.000 0.000 0.000 0.000 0.000 2.301 0.000 0.384 0.000 0.000 2.794 0.000 
---
1 test1dax_inconsistent left_hidden
0.000 0.000 1.521 0.000 0.080 0.000 0.638 0.000 0.000 1.762 0.329 0.000 0.390 1.764 0.000 1.193 0.000 0.572 0.304 0.422 
1 test1dax_inconsistent right_hidden
1.242 0.000 0.000 0.504 0.199 1.173 1.767 0.114 0.000 0.240 0.000 0.155 0.000 0.524 0.023 0.290 0.000 0.218 2.066 0.000 
---
0 test1dax_consistent left_hidden
0.264 1.643 0.039 0.122 0.000 0.000 0.000 0.000 0.000 0.000 2.054 0.000 0.111 0.026 1.104 0.000 0.672 0.470 0.531 0.513 
0 test1dax_consistent right_hidden
2.387 0.352 0.898 0.063 0.000 0.000 1.550 0.000 1.117 0.657 0.018 0.000 1.813 3.602 0.452 0.000 1.647 2.773 1.720 0.000 
---
1 test1dax_inconsistent left_hidden
0.264 1.643 0.039 0.122 0.000 0.000 0.000 0.000 0.000 0.000 2.054 0.000 0.111 0.026 1.104 0.000 0.672 0.470 0.531 0.513 
1 test1dax_inconsistent right_hidden
0.916 0.180 0.371 0.191 0.000 0.000 0.150 0.000 0.746 0.187 0.540 0.000 1.504 0.907 0.720 0.131 0.727 0.692 0.206 0.000 
---
0 test1dax_consistent left_hidden
0.119 0.000 0.044 0.000 1.013 1.233 0.000 0.064 0.000 1.754 0.174 0.000 0.531 0.000 0.199 0.106 0.768 0.573 1.341 0.000 
0 test1dax_consistent right_hidden
2.076 0.000 0.883 0.000 0.000 2.467 0.621 0.000 2.698 0.000 0.000 0.000 0.000 0.000 0.300 0.000 0.000 5.131 0.000 0.000 
---
1 test1dax_inconsistent left_hidden
0.119 0.000 0.044 0.000 1.013 1.233 0.000 0.064 0.000 1.754 0.174 0.000 0.531 0.000 0.199 0.106 0.768 0.573 1.341 0.000 
1 test1dax_inconsistent right_hidden
0.471 0.000 0.644 0.000 0.000 2.046 0.560 0.083 1.468 0.000 0.000 0.000 0.000 0.307 0.570 0.000 0.000 1.087 0.363 0.000 
---
0 test1dax_consistent left_hidden
1.986 0.184 0.000 0.000 0.000 0.000 1.243 0.084 0.443 0.283 0.000 1.328 0.868 1.423 0.033 0.000 0.023 0.000 0.265 0.423 
0 test1dax_consistent right_hidden
2.539 1.399 0.000 1.100 0.000 0.350 1.619 0.000 3.218 0.124 0.000 1.247 0.201 1.373 0.090 0.000 0.161 0.000 4.924 1.072 
---
1 test1dax_inconsistent left_hidden
1.986 0.184 0.000 0.000 0.000 0.000 1.243 0.084 0.443 0.283 0.000 1.328 0.868 1.423 0.033 0.000 0.023 0.000 0.265 0.423 
1 test1dax_inconsistent right_hidden
1.893 0.656 0.000 0.559 0.000 0.393 0.099 0.137 0.857 0.413 0.204 0.583 0.821 0.000 0.000 0.000 0.198 0.000 1.322 0.882 
---
0 test1dax_consistent left_hidden
0.000 0.000 0.154 0.196 1.297 0.011 1.731 0.166 0.928 1.158 0.000 0.809 0.292 0.000 0.031 0.510 0.332 0.051 1.417 0.607 
0 test1dax_consistent right_hidden
1.220 0.000 0.629 0.000 0.189 0.000 2.152 3.516 1.884 1.018 0.000 0.550 3.819 0.000 0.000 2.521 1.148 0.000 0.148 1.372 
---
1 test1dax_inconsistent left_hidden
0.000 0.000 0.154 0.196 1.297 0.011 1.731 0.166 0.928 1.158 0.000 0.809 0.292 0.000 0.031 0.510 0.332 0.051 1.417 0.607 
1 test1dax_inconsistent right_hidden
1.033 0.072 0.000 0.000 0.274 0.000 0.516 1.044 0.477 0.762 0.000 0.333 1.407 0.031 0.000 0.853 0.864 0.000 0.101 1.183 
---
0 test1dax_consistent left_hidden
0.000 0.000 1.941 0.358 0.000 1.519 0.325 0.237 0.303 0.200 0.000 0.000 0.022 0.000 0.000 0.087 0.000 1.229 0.090 0.326 
0 test1dax_consistent right_hidden
0.000 0.000 0.011 1.264 0.000 2.160 0.000 0.845 0.750 0.000 0.297 0.000 3.434 0.000 0.000 0.000 0.000 0.000 0.000 4.806 
---
1 test1dax_inconsistent left_hidden
0.000 0.000 1.941 0.358 0.000 1.519 0.325 0.237 0.303 0.200 0.000 0.000 0.022 0.000 0.000 0.087 0.000 1.229 0.090 0.326 
1 test1dax_inconsistent right_hidden
0.255 0.000 0.000 0.844 0.079 0.530 0.000 0.908 1.260 0.000 0.489 0.000 1.306 0.000 0.000 0.159 0.000 0.641 0.000 1.130 
---
0 test1dax_consistent left_hidden
0.300 0.130 0.000 0.000 0.000 0.000 0.000 2.194 0.000 0.566 0.488 1.068 0.000 0.636 1.525 0.776 0.431 0.000 0.000 0.446 
0 test1dax_consistent right_hidden
0.000 0.563 0.000 0.000 0.000 0.000 2.117 1.123 0.000 0.000 5.064 1.174 0.000 0.884 0.006 0.000 2.985 0.000 1.203 0.670 
---
1 test1dax_inconsistent left_hidden
0.300 0.130 0.000 0.000 0.000 0.000 0.000 2.194 0.000 0.566 0.488 1.068 0.000 0.636 1.525 0.776 0.431 0.000 0.000 0.446 
1 test1dax_inconsistent right_hidden
0.000 0.000 0.000 0.163 0.000 0.000 0.288 1.038 0.000 0.038 1.463 0.396 0.000 0.000 0.399 0.132 1.408 0.000 1.214 0.712 
---
0 test1dax_consistent left_hidden
0.000 0.098 1.782 0.123 0.199 1.507 0.000 0.179 0.000 0.000 0.664 0.000 0.000 0.138 1.150 0.777 0.344 1.314 1.361 0.095 
0 test1dax_consistent right_hidden
0.000 2.325 0.974 0.355 0.316 1.592 2.345 0.535 3.340 0.000 0.980 0.000 1.799 1.222 1.368 0.039 0.000 1.184 2.040 1.546 
---
1 test1dax_inconsistent left_hidden
0.000 0.098 1.782 0.123 0.199 1.507 0.000 0.179 0.000 0.000 0.664 0.000 0.000 0.138 1.150 0.777 0.344 1.314 1.361 0.095 
1 test1dax_inconsistent right_hidden
0.000 0.466 0.444 0.472 0.318 0.039 0.539 0.335 0.792 0.000 0.279 0.000 0.421 0.283 0.584 0.293 0.314 0.854 1.246 0.693 
---
0 test1dax_consistent left_hidden
0.698 0.016 0.692 0.000 0.000 0.000 0.074 1.889 0.000 1.500 1.108 0.257 0.930 0.000 0.044 0.885 0.000 0.281 0.183 0.001 
0 test1dax_consistent right_hidden
0.612 0.000 1.790 0.000 2.214 1.936 0.000 3.149 1.124 2.629 0.000 3.085 0.000 0.000 0.000 0.030 0.000 0.000 0.007 0.000 
---
1 test1dax_inconsistent left_hidden
0.698 0.016 0.692 0.000 0.000 0.000 0.074 1.889 0.000 1.500 1.108 0.257 0.930 0.000 0.044 0.885 0.000 0.281 0.183 0.001 
1 test1dax_inconsistent right_hidden
0.699 0.000 0.660 0.000 0.359 1.059 0.000 0.735 0.206 0.625 0.000 1.832 0.000 0.493 0.000 0.702 0.008 0.230 0.121 0.419 
---
0 test1dax_consistent left_hidden
0.939 0.620 0.000 0.000 1.669 0.000 0.000 0.098 0.044 0.000 0.166 0.000 0.059 0.230 0.216 2.240 0.622 0.000 0.215 0.547 
0 test1dax_consistent right_hidden
0.811 1.205 0.000 0.000 0.000 0.000 0.952 4.943 0.000 0.000 0.000 0.000 0.107 0.792 0.000 0.000 3.564 0.000 2.373 0.518 
---
1 test1dax_inconsistent left_hidden
0.939 0.620 0.000 0.000 1.669 0.000 0.000 0.098 0.044 0.000 0.166 0.000 0.059 0.230 0.216 2.240 0.622 0.000 0.215 0.547 
1 test1dax_inconsistent right_hidden
0.000 0.568 0.000 0.000 0.000 0.000 0.878 1.560 0.000 0.000 0.000 0.145 0.158 0.231 0.153 0.000 1.580 0.539 1.518 0.663 
---
0 test1dax_consistent left_hidden
0.000 0.007 0.134 0.000 0.000 0.000 0.000 0.188 0.000 0.000 1.015 0.164 1.881 0.982 1.853 0.000 0.000 0.000 1.032 0.243 
0 test1dax_consistent right_hidden
0.000 1.353 0.000 0.000 0.000 0.000 0.000 0.000 3.836 0.000 0.400 1.289 0.000 0.000 1.638 5.001 0.000 0.000 1.955 1.085 
---
1 test1dax_inconsistent left_hidden
0.000 0.007 0.134 0.000 0.000 0.000 0.000 0.188 0.000 0.000 1.015 0.164 1.881 0.982 1.853 0.000 0.000 0.000 1.032 0.243 
1 test1dax_inconsistent right_hidden
0.000 0.425 0.013 0.000 0.000 0.146 0.063 0.000 1.330 0.000 0.673 1.009 0.000 0.000 0.406 1.849 0.040 0.000 1.862 0.000 
---
0 test1dax_consistent left_hidden
0.095 0.537 1.042 0.000 0.000 0.899 0.187 0.790 1.134 1.564 0.078 0.325 0.244 0.000 1.329 0.140 0.000 0.721 1.048 0.153 
0 test1dax_consistent right_hidden
0.057 0.000 0.000 2.557 0.000 0.000 0.000 0.000 0.000 0.000 0.706 1.756 0.000 1.854 2.237 0.000 0.381 3.742 0.000 0.652 
---
1 test1dax_inconsistent left_hidden
0.095 0.537 1.042 0.000 0.000 0.899 0.187 0.790 1.134 1.564 0.078 0.325 0.244 0.000 1.329 0.140 0.000 0.721 1.048 0.153 
1 test1dax_inconsistent right_hidden
0.768 0.005 0.182 0.000 0.000 0.000 0.000 0.399 0.137 0.000 0.498 1.088 0.393 0.057 0.077 0.324 0.039 1.089 0.000 0.680 
---
0 test1dax_consistent left_hidden
0.843 0.050 0.643 1.109 0.342 0.004 0.020 0.000 0.604 0.665 0.924 1.026 1.758 1.074 0.000 0.000 0.811 0.875 0.571 0.000 
0 test1dax_consistent right_hidden
0.061 0.000 0.000 1.207 3.372 0.000 0.000 0.000 0.215 0.000 2.902 4.010 0.000 0.000 0.000 0.000 1.501 0.210 0.000 0.000 
---
1 test1dax_inconsistent left_hidden
0.843 0.050 0.643 1.109 0.342 0.004 0.020 0.000 0.604 0.665 0.924 1.026 1.758 1.074 0.000 0.000 0.811 0.875 0.571 0.000 
1 test1dax_inconsistent right_hidden
0.461 0.000 0.000 0.160 0.636 0.067 0.000 0.000 0.000 0.338 0.182 1.633 0.194 0.637 0.000 0.000 0.985 0.681 0.303 0.000 
---
0 test1dax_consistent left_hidden
1.399 1.249 0.000 0.619 0.000 0.000 0.446 0.230 0.000 0.531 0.000 1.543 0.000 1.629 0.000 0.427 0.000 0.000 0.000 0.000 
0 test1dax_consistent right_hidden
0.109 0.000 0.027 0.000 1.605 0.000 4.788 0.000 0.000 2.689 0.000 0.906 0.000 0.000 2.315 2.820 0.827 0.000 0.000 0.000 
---
1 test1dax_inconsistent left_hidden
1.399 1.249 0.000 0.619 0.000 0.000 0.446 0.230 0.000 0.531 0.000 1.543 0.000 1.629 0.000 0.427 0.000 0.000 0.000 0.000 
1 test1dax_inconsistent right_hidden
0.000 0.003 0.000 0.000 0.391 0.000 2.017 0.227 0.000 0.730 0.000 1.264 0.000 0.053 0.126 1.044 0.380 0.000 0.000 0.058 
---
0 test1dax_consistent left_hidden
0.248 0.735 0.097 1.105 0.153 0.200 0.000 0.020 0.000 0.803 0.980 0.863 0.000 0.296 0.359 0.000 0.146 0.170 2.380 0.000 
0 test1dax_consistent right_hidden
0.843 2.180 0.486 0.000 0.485 2.810 0.000 1.357 0.000 1.554 1.994 1.760 0.000 0.089 0.901 0.000 4.736 0.286 0.113 0.182 
---
1 test1dax_inconsistent left_hidden
0.248 0.735 0.097 1.105 0.153 0.200 0.000 0.020 0.000 0.803 0.980 0.863 0.000 0.296 0.359 0.000 0.146 0.170 2.380 0.000 
1 test1dax_inconsistent right_hidden
0.712 0.887 0.263 0.486 0.382 0.988 0.000 0.657 0.000 0.863 1.066 0.232 0.000 0.444 0.608 0.000 1.188 0.584 0.821 0.233 
---
0 test1dax_consistent left_hidden
0.157 0.976 0.397 0.000 0.000 0.000 0.000 0.932 0.186 0.000 0.920 0.000 1.769 0.000 0.224 0.336 0.031 0.000 0.181 2.131 
0 test1dax_consistent right_hidden
0.061 0.086 0.000 0.000 3.086 0.000 3.809 0.232 0.002 0.000 0.882 0.000 2.530 0.057 2.339 0.000 1.318 0.000 2.968 3.430 
---
1 test1dax_inconsistent left_hidden
0.157 0.976 0.397 0.000 0.000 0.000 0.000 0.932 0.186 0.000 0.920 0.000 1.769 0.000 0.224 0.336 0.031 0.000 0.181 2.131 
1 test1dax_inconsistent right_hidden
0.552 0.168 0.000 0.000 2.418 0.000 0.818 0.227 0.718 0.000 0.019 0.000 0.706 0.255 1.533 0.000 0.346 0.000 1.096 1.038 
---
0 test1dax_consistent left_hidden
0.004 0.000 1.161 0.000 0.113 0.000 1.349 0.198 0.000 1.476 0.772 0.153 0.525 0.659 0.000 1.620 0.000 1.652 0.265 0.000 
0 test1dax_consistent right_hidden
1.534 0.000 3.065 0.000 1.354 0.000 1.692 0.000 3.199 0.453 1.040 0.723 1.746 0.000 0.040 2.240 0.000 2.209 0.000 0.214 
---
1 test1dax_inconsistent left_hidden
0.004 0.000 1.161 0.000 0.113 0.000 1.349 0.198 0.000 1.476 0.772 0.153 0.525 0.659 0.000 1.620 0.000 1.652 0.265 0.000 
1 test1dax_inconsistent right_hidden
0.431 0.000 0.955 0.000 0.824 0.067 1.272 0.000 1.022 0.000 1.036 0.578 0.841 0.708 0.097 0.680 0.000 0.372 0.601 0.147 
---
0 test1dax_consistent left_hidden
0.029 1.661 0.482 0.258 0.062 0.000 0.235 0.642 0.225 0.000 0.949 0.000 0.000 0.095 0.540 1.027 1.591 0.051 0.000 0.901 
0 test1dax_consistent right_hidden
3.662 0.143 0.000 0.000 1.523 0.000 0.000 0.211 0.000 0.000 0.000 0.000 0.000 0.000 0.000 4.338 1.897 0.700 2.224 0.249 
---
1 test1dax_inconsistent left_hidden
0.029 1.661 0.482 0.258 0.062 0.000 0.235 0.642 0.225 0.000 0.949 0.000 0.000 0.095 0.540 1.027 1.591 0.051 0.000 0.901 
1 test1dax_inconsistent right_hidden
1.896 0.000 0.141 0.000 0.000 0.000 0.000 0.597 0.000 0.000 0.691 0.000 0.000 0.103 0.000 1.097 0.879 0.602 0.253 0.106 
---
0 test1dax_consistent left_hidden
0.000 0.000 0.000 0.013 0.699 0.000 1.042 0.854 0.000 0.000 0.422 0.614 1.710 0.579 1.100 0.000 0.690 0.000 0.616 0.000 
0 test1dax_consistent right_hidden
0.800 0.000 0.000 0.274 0.000 0.000 1.245 0.029 0.000 1.695 1.129 2.444 0.000 5.400 2.343 0.000 0.472 0.000 0.470 0.000 
---
1 test1dax_inconsistent left_hidden
0.000 0.000 0.000 0.013 0.699 0.000 1.042 0.854 0.000 0.000 0.422 0.614 1.710 0.579 1.100 0.000 0.690 0.000 0.616 0.000 
1 test1dax_inconsistent right_hidden
0.344 0.000 0.000 0.575 0.639 0.000 0.198 0.348 0.000 0.366 1.035 1.027 0.820 1.924 0.361 0.000 0.000 0.000 0.000 0.000 
---
0 test1dax_consistent left_hidden
0.000 0.000 0.885 0.292 0.024 1.118 0.239 1.279 0.000 0.018 1.827 0.000 0.788 0.185 0.000 0.388 1.488 0.148 0.529 0.033 
0 test1dax_consistent right_hidden
0.000 0.000 0.269 0.680 0.000 2.369 0.902 1.636 0.015 0.000 0.372 2.201 0.553 1.540 0.000 0.967 1.134 1.844 3.528 0.000 
---
1 test1dax_inconsistent left_hidden
0.000 0.000 0.885 0.292 0.024 1.118 0.239 1.279 0.000 0.018 1.827 0.000 0.788 0.185 0.000 0.388 1.488 0.148 0.529 0.033 
1 test1dax_inconsistent right_hidden
0.386 0.000 0.000 0.167 0.000 0.510 0.713 0.925 0.413 0.000 0.574 0.564 0.584 0.724 0.000 0.571 0.271 0.341 1.128 0.000 
---
0 test1dax_consistent left_hidden
0.000 0.000 0.000 2.605 1.117 0.488 0.632 0.000 0.578 0.000 0.000 0.000 1.654 0.235 0.363 0.000 0.000 0.000 0.000 0.049 
0 test1dax_consistent right_hidden
0.297 0.879 0.000 1.892 2.048 1.757 0.999 0.000 0.000 0.000 4.880 0.107 0.000 2.506 0.011 1.311 0.000 0.001 0.000 0.000 
---
1 test1dax_inconsistent left_hidden
0.000 0.000 0.000 2.605 1.117 0.488 0.632 0.000 0.578 0.000 0.000 0.000 1.654 0.235 0.363 0.000 0.000 0.000 0.000 0.049 
1 test1dax_inconsistent right_hidden
0.290 0.456 0.000 0.000 1.272 0.340 0.427 0.000 0.000 0.000 0.920 0.231 0.337 2.082 0.000 0.817 0.000 0.000 0.000 0.032 
---
0 test1dax_consistent left_hidden
0.889 0.000 0.210 0.000 0.000 0.921 0.000 0.049 0.000 0.404 1.007 2.075 1.202 0.429 0.000 0.836 0.692 1.254 0.723 0.000 
0 test1dax_consistent right_hidden
3.015 1.957 0.000 0.000 0.000 0.000 0.000 0.000 0.000 0.046 2.502 0.936 2.745 0.000 3.151 0.000 0.000 2.124 1.701 0.027 
---
1 test1dax_inconsistent left_hidden
0.889 0.000 0.210 0.000 0.000 0.921 0.000 0.049 0.000 0.404 1.007 2.075 1.202 0.429 0.000 0.836 0.692 1.254 0.723 0.000 
1 test1dax_inconsistent right_hidden
0.448 1.077 0.208 0.434 0.000 0.000 0.000 0.593 0.000 0.745 0.142 0.422 0.811 0.121 0.734 0.000 0.093 1.090 1.006 0.000 
---
0 test1dax_consistent left_hidden
0.918 0.404 1.607 0.000 1.287 0.746 0.000 0.000 1.562 0.423 0.000 0.430 0.480 0.297 0.071 0.744 0.464 0.397 0.000 0.719 
0 test1dax_consistent right_hidden
1.151 0.000 0.000 0.000 1.943 0.646 0.000 0.000 3.849 0.000 0.000 2.041 2.713 0.081 0.000 0.000 0.000 2.735 1.206 0.000 
---
1 test1dax_inconsistent left_hidden
0.918 0.404 1.607 0.000 1.287 0.746 0.000 0.000 1.562 0.423 0.000 0.430 0.480 0.297 0.071 0.744 0.464 0.397 0.000 0.719 
1 test1dax_inconsistent right_hidden
0.226 1.102 0.880 0.000 0.334 0.397 0.000 0.000 1.415 0.000 0.000 0.844 0.000 0.481 0.246 0.000 0.335 0.737 0.517 0.000 
---
0 test1dax_consistent left_hidden
0.616 0.000 0.334 1.210 0.000 0.000 0.094 0.577 0.000 0.154 0.000 1.216 2.005 0.000 0.462 0.728 0.060 0.736 0.461 0.792 
0 test1dax_consistent right_hidden
0.092 2.351 0.587 0.001 2.301 0.000 0.000 0.339 0.000 0.000 2.175 0.542 3.628 2.655 0.685 0.078 0.798 0.000 0.554 1.884 
---
1 test1dax_inconsistent left_hidden
0.616 0.000 0.334 1.210 0.000 0.000 0.094 0.577 0.000 0.154 0.000 1.216 2.005 0.000 0.462 0.728 0.060 0.736 0.461 0.792 
1 test1dax_inconsistent right_hidden
0.174 0.772 0.455 0.369 1.329 0.000 0.370 0.054 0.543 0.516 0.241 0.457 0.837 0.107 0.964 0.536 0.547 0.327 0.108 0.396 
---
0 test1dax_consistent left_hidden
0.000 0.313 0.000 0.000 0.000 0.678 0.508 0.000 0.000 0.187 0.211 0.000 0.000 2.788 0.000 1.480 0.000 0.000 0.000 0.098 
0 test1dax_consistent right_hidden
1.162 0.872 2.311 0.799 0.000 0.870 0.632 0.000 3.901 0.000 3.667 0.000 0.094 0.000 0.000 1.640 0.000 0.000 0.673 3.253 
---
1 test1dax_inconsistent left_hidden
0.000 0.313 0.000 0.000 0.000 0.678 0.508 0.000 0.000 0.187 0.211 0.000 0.000 2.788 0.000 1.480 0.000 0.000 0.000 0.098 
1 test1dax_inconsistent right_hidden
0.722 0.381 1.295 0.373 0.044 0.442 0.596 0.000 0.878 0.000 0.891 0.171 0.356 0.036 0.000 1.509 0.000 0.000 0.024 1.547 
---
0 test1dax_consistent left_hidden
0.000 1.742 1.835 0.206 0.556 0.246 0.633 0.557 1.596 0.000 0.311 0.592 0.000 0.000 0.000 0.000 0.042 0.166 0.000 0.003 
0 test1dax_consistent right_hidden
0.000 0.004 1.312 1.027 3.912 0.753 1.655 0.000 0.422 0.000 2.640 0.000 0.000 0.548 0.765 0.365 0.000 0.301 0.000 2.929 
---
1 test1dax_inconsistent left_hidden
0.000 1.742 1.835 0.206 0.556 0.246 0.633 0.557 1.596 0.000 0.311 0.592 0.000 0.000 0.000 0.000 0.042 0.166 0.000 0.003 
1 test1dax_inconsistent right_hidden
0.000 0.005 0.620 0.988 0.905 0.964 0.435 0.209 0.310 0.000 0.881 0.101 0.000 0.482 0.000 0.430 0.183 0.183 0.447 0.242 
---
0 test1dax_consistent left_hidden
0.000 0.921 0.000 0.522 0.000 0.466 0.781 1.252 0.000 0.615 0.000 0.613 0.000 0.092 0.000 1.655 0.371 0.300 0.889 0.495 
0 test1dax_consistent right_hidden
0.000 2.929 0.957 1.463 0.000 0.005 0.147 0.874 0.488 1.001 0.000 1.953 0.000 3.456 0.000 1.540 0.000 1.704 0.086 0.000 
---
1 test1dax_inconsistent left_hidden
0.000 0.921 0.000 0.522 0.000 0.466 0.781 1.252 0.000 0.615 0.000 0.613 0.000 0.092 0.000 1.655 0.371 0.300 0.889 0.495 
1 test1dax_inconsistent right_hidden
0.000 0.504 0.543 1.523 0.000 0.193 0.360 0.629 0.613 0.931 0.000 0.725 0.000 1.108 0.000 1.424 0.000 0.598 0.000 0.000 
---
0 test1dax_consistent left_hidden
0.446 1.893 0.090 0.787 0.000 0.181 0.754 0.000 0.085 0.000 0.822 0.000 1.337 0.161 0.635 0.498 0.005 0.000 1.433 0.000 
0 test1dax_consistent right_hidden
0.819 2.524 0.062 0.710 0.000 1.436 1.077 1.017 4.406 0.000 0.785 0.000 0.000 0.000 0.000 3.280 0.000 0.000 0.567 1.394 
---
1 test1dax_inconsistent left_hidden
0.446 1.893 0.090 0.787 0.000 0.181 0.754 0.000 0.085 0.000 0.822 0.000 1.337 0.161 0.635 0.498 0.005 0.000 1.433 0.000 
1 test1dax_inconsistent right_hidden
0.000 0.532 0.611 0.984 0.000 0.803 1.052 0.539 1.620 0.000 0.694 0.000 0.000 0.000 0.000 1.131 0.000 0.000 0.053 0.341 
---
0 test1dax_consistent left_hidden
0.000 0.000 0.000 0.269 1.855 1.344 1.240 0.007 0.000 0.799 0.000 0.000 0.000 0.000 0.000 0.000 0.363 0.742 0.123 0.275 
0 test1dax_consistent right_hidden
0.963 0.000 0.070 0.911 1.122 0.435 2.554 0.000 0.000 1.615 0.273 2.292 1.417 2.320 0.482 1.714 0.000 3.534 0.000 1.654 
---
1 test1dax_inconsistent left_hidden
0.000 0.000 0.000 0.269 1.855 1.344 1.240 0.007 0.000 0.799 0.000 0.000 0.000 0.000 0.000 0.000 0.363 0.742 0.123 0.275 
1 test1dax_inconsistent right_hidden
0.289 0.010 0.196 1.058 1.000 0.360 0.679 0.000 0.000 0.133 0.000 1.101 0.588 0.669 0.252 0.091 0.000 1.595 0.000 0.545 
---
0 test1dax_consistent left_hidden
0.134 0.399 0.000 0.000 1.227 0.705 0.000 0.000 2.060 0.958 0.000 0.000 1.222 0.000 0.000 0.565 0.455 0.986 0.914 0.003 
0 test1dax_consistent right_hidden
0.000 0.741 0.027 0.368 0.000 0.396 0.000 0.000 2.799 0.835 0.000 0.004 1.103 3.635 0.000 0.000 4.643 0.000 1.004 0.000 
---
1 test1dax_inconsistent left_hidden
0.134 0.399 0.000 0.000 1.227 0.705 0.000 0.000 2.060 0.958 0.000 0.000 1.222 0.000 0.000 0.565 0.455 0.986 0.914 0.003 
1 test1dax_inconsistent right_hidden
0.000 1.312 0.280 0.000 0.000 0.487 0.000 0.000 1.250 1.026 0.000 0.062 0.415 1.105 0.215 0.272 1.728 0.000 0.000 0.014 
---
0 test1dax_consistent left_hidden
1.140 0.000 1.486 0.124 2.535 0.000 0.000 0.000 1.465 0.000 0.386 0.327 0.000 0.000 0.000 0.000 0.000 0.021 0.185 0.000 
0 test1dax_consistent right_hidden
0.000 0.000 0.002 0.195 1.274 0.001 0.000 0.000 1.543 0.784 0.000 0.000 0.000 0.000 0.000 0.000 0.000 0.000 6.961 0.000 
---
1 test1dax_inconsistent left_hidden
1.140 0.000 1.486 0.124 2.535 0.000 0.000 0.000 1.465 0.000 0.386 0.327 0.000 0.000 0.000 0.000 0.000 0.021 0.185 0.000 
1 test1dax_inconsistent right_hidden
0.188 0.188 0.000 0.201 0.000 0.131 0.041 0.000 1.766 0.620 0.000 0.000 0.003 0.059 0.145 0.000 0.000 0.000 2.867 0.000 
---
0 test1dax_consistent left_hidden
0.444 0.000 0.000 0.615 1.543 1.383 0.000 0.634 0.137 0.830 0.624 0.878 0.019 1.755 0.766 0.000 1.393 0.000 0.000 0.000 
0 test1dax_consistent right_hidden
0.000 0.000 0.000 0.101 0.000 0.542 0.000 4.255 0.000 4.345 0.408 2.945 1.020 0.938 0.897 0.000 1.054 0.000 0.000 0.000 
---
1 test1dax_inconsistent left_hidden
0.444 0.000 0.000 0.615 1.543 1.383 0.000 0.634 0.137 0.830 0.624 0.878 0.019 1.755 0.766 0.000 1.393 0.000 0.000 0.000 
1 test1dax_inconsistent right_hidden
0.000 0.000 0.000 0.538 0.099 0.392 0.367 1.718 0.000 0.925 0.707 1.554 0.194 0.135 0.058 0.000 0.716 0.000 0.000 0.427 
---
0 test1dax_consistent left_hidden
0.424 0.000 0.714 0.182 0.298 1.359 0.000 0.878 0.000 0.195 0.483 0.317 0.000 0.654 0.078 0.919 0.096 1.492 0.000 1.476 
0 test1dax_consistent right_hidden
0.221 0.000 0.000 0.000 0.308 0.105 0.000 0.064 2.325 4.108 0.000 0.902 3.528 0.000 0.000 1.802 0.000 2.422 0.000 1.788 
---
1 test1dax_inconsistent left_hidden
0.424 0.000 0.714 0.182 0.298 1.359 0.000 0.878 0.000 0.195 0.483 0.317 0.000 0.654 0.078 0.919 0.096 1.492 0.000 1.476 
1 test1dax_inconsistent right_hidden
0.784 0.000 0.000 0.000 0.540 0.377 0.000 0.000 1.030 1.536 0.000 0.076 1.119 0.026 0.308 1.176 0.000 0.206 0.000 1.234 
---
0 test1dax_consistent left_hidden
0.000 1.559 0.000 0.360 0.180 1.010 0.000 0.489 0.000 0.311 0.000 1.998 0.000 0.015 0.000 1.215 0.000 0.356 0.016 0.001 
0 test1dax_consistent right_hidden
3.022 0.000 0.000 0.000 0.941 1.956 1.400 0.000 0.241 0.249 2.517 3.564 0.105 0.000 0.857 0.050 0.000 2.495 0.000 0.000 
---
1 test1dax_inconsistent left_hidden
0.000 1.559 0.000 0.360 0.180 1.010 0.000 0.489 0.000 0.311 0.000 1.998 0.000 0.015 0.000 1.215 0.000 0.356 0.016 0.001 
1 test1dax_inconsistent right_hidden
1.648 0.497 0.000 0.000 0.992 0.817 0.000 0.165 0.145 0.680 0.595 0.990 0.433 0.000 0.712 0.000 0.000 1.176 0.000 0.000 
---
0 test1dax_consistent left_hidden
1.771 0.042 0.591 0.333 0.000 0.000 0.000 0.513 0.000 0.000 1.057 0.287 0.144 1.774 0.140 0.443 0.004 0.000 0.977 0.309 
0 test1dax_consistent right_hidden
0.176 0.000 1.435 0.000 2.937 0.000 0.000 0.000 0.000 1.039 0.000 0.746 1.266 0.005 0.900 0.000 1.201 0.000 4.294 1.674 
---
1 test1dax_inconsistent left_hidden
1.771 0.042 0.591 0.333 0.000 0.000 0.000 0.513 0.000 0.000 1.057 0.287 0.144 1.774 0.140 0.443 0.004 0.000 0.977 0.309 
1 test1dax_inconsistent right_hidden
0.698 0.000 1.054 0.407 0.759 0.000 0.000 0.416 0.000 0.861 0.000 0.575 0.242 0.000 0.585 0.000 0.000 0.000 0.718 0.827 
---
0 test1dax_consistent left_hidden
0.000 1.472 0.156 0.000 1.071 1.010 0.000 0.000 1.011 0.771 0.202 0.469 0.000 0.931 0.000 0.984 0.758 0.725 0.365 0.000 
0 test1dax_consistent right_hidden
1.305 0.000 0.771 0.001 0.232 0.000 0.034 0.000 3.303 0.000 0.080 0.489 1.509 0.000 0.000 3.143 2.780 0.000 2.753 0.000 
---
1 test1dax_inconsistent left_hidden
0.000 1.472 0.156 0.000 1.071 1.010 0.000 0.000 1.011 0.771 0.202 0.469 0.000 0.931 0.000 0.984 0.758 0.725 0.365 0.000 
1 test1dax_inconsistent right_hidden
0.566 0.377 0.042 0.004 0.389 0.000 0.000 0.000 1.418 0.000 0.126 0.792 1.052 0.445 0.000 0.528 0.541 0.200 1.120 0.000 
---
0 test1dax_consistent left_hidden
0.165 0.050 0.000 0.000 0.761 1.228 0.639 0.000 2.690 0.082 0.000 0.000 0.316 0.000 0.000 0.000 0.105 0.000 0.000 0.000 
0 test1dax_consistent right_hidden
0.154 0.168 0.000 0.000 1.109 0.000 4.323 2.098 0.000 0.000 0.000 0.056 0.000 0.000 0.000 1.411 5.024 0.000 0.000 0.000 
---
1 test1dax_inconsistent left_hidden
0.165 0.050 0.000 0.000 0.761 1.228 0.639 0.000 2.690 0.082 0.000 0.000 0.316 0.000 0.000 0.000 0.105 0.000 0.000 0.000 
1 test1dax_inconsistent right_hidden
0.506 0.201 0.000 0.010 1.134 0.000 1.232 1.199 0.000 0.000 0.000 0.481 0.009 0.000 0.000 0.418 2.073 0.000 0.000 0.228 
---
