0 test2fip_consistent left_hidden
0.000 0.000 0.000 1.305 0.600 0.000 0.417 0.989 3.569 0.000 0.000 0.000 0.000 0.784 0.000 0.295 1.202 2.398 1.417 0.300 
0 test2fip_consistent right_hidden
1.782 0.000 0.000 1.896 0.527 0.602 0.000 0.121 1.934 1.105 0.688 0.000 0.198 0.000 0.696 0.020 0.210 0.119 0.325 0.809 
---
1 test2fip_inconsistent left_hidden
0.000 0.000 0.000 1.305 0.600 0.000 0.417 0.989 3.569 0.000 0.000 0.000 0.000 0.784 0.000 0.295 1.202 2.398 1.417 0.300 
1 test2fip_inconsistent right_hidden
1.200 0.000 0.000 2.163 0.808 0.000 0.000 2.498 3.967 0.391 0.031 0.000 0.011 0.440 0.234 0.000 0.763 1.932 0.861 0.688 
---
0 test2fip_consistent left_hidden
0.000 0.000 0.000 2.555 0.000 2.236 0.046 0.000 0.000 2.802 2.104 0.719 0.054 0.000 0.000 0.080 0.411 1.270 0.355 0.107 
0 test2fip_consistent right_hidden
0.000 0.000 0.028 0.091 1.574 2.185 0.379 0.000 0.000 0.735 0.342 0.106 0.254 0.000 0.000 0.000 2.993 0.416 0.763 0.000 
---
1 test2fip_inconsistent left_hidden
0.000 0.000 0.000 2.555 0.000 2.236 0.046 0.000 0.000 2.802 2.104 0.719 0.054 0.000 0.000 0.080 0.411 1.270 0.355 0.107 
1 test2fip_inconsistent right_hidden
0.000 0.000 0.000 1.826 0.531 3.812 1.605 0.000 0.000 2.549 1.573 0.203 0.194 0.000 0.000 0.040 2.949 2.239 0.908 0.000 
---
0 test2fip_consistent left_hidden
0.000 1.776 0.000 0.000 0.336 0.000 1.189 0.000 0.997 0.000 0.000 0.097 2.105 0.105 0.000 0.417 3.514 0.000 1.713 0.304 
0 test2fip_consistent right_hidden
0.271 2.163 1.905 0.000 0.027 0.000 0.059 0.000 0.000 1.321 0.000 2.694 0.040 0.708 0.000 0.375 1.054 0.000 0.157 0.041 
---
1 test2fip_inconsistent left_hidden
0.000 1.776 0.000 0.000 0.336 0.000 1.189 0.000 0.997 0.000 0.000 0.097 2.105 0.105 0.000 0.417 3.514 0.000 1.713 0.304 
1 test2fip_inconsistent right_hidden
0.058 3.248 1.689 0.000 0.244 0.000 0.784 0.000 0.000 0.976 0.000 2.133 0.561 0.289 0.000 0.938 3.737 0.000 2.343 0.000 
---
0 test2fip_consistent left_hidden
1.198 3.326 0.000 1.399 1.832 0.000 0.224 0.000 0.984 0.437 0.415 0.233 0.388 0.000 0.000 0.031 2.355 0.000 0.000 0.592 
0 test2fip_consistent right_hidden
0.040 1.834 1.955 0.313 2.171 0.639 0.524 0.000 1.229 0.033 0.168 0.053 0.000 0.075 0.000 1.307 0.277 0.000 0.288 0.000 
---
1 test2fip_inconsistent left_hidden
1.198 3.326 0.000 1.399 1.832 0.000 0.224 0.000 0.984 0.437 0.415 0.233 0.388 0.000 0.000 0.031 2.355 0.000 0.000 0.592 
1 test2fip_inconsistent right_hidden
0.597 4.036 0.887 2.439 2.416 0.338 0.704 0.000 0.903 0.523 0.837 0.000 0.000 0.000 0.000 1.222 1.737 0.000 0.000 0.000 
---
0 test2fip_consistent left_hidden
0.000 1.815 3.279 0.554 0.000 0.186 0.000 0.000 1.053 0.000 0.265 3.724 0.220 0.000 0.000 0.000 0.000 0.100 0.000 0.299 
0 test2fip_consistent right_hidden
0.125 0.426 0.220 0.216 0.000 0.000 2.685 1.023 0.028 0.000 1.114 2.425 0.000 0.116 0.000 0.000 0.008 0.000 0.000 1.201 
---
1 test2fip_inconsistent left_hidden
0.000 1.815 3.279 0.554 0.000 0.186 0.000 0.000 1.053 0.000 0.265 3.724 0.220 0.000 0.000 0.000 0.000 0.100 0.000 0.299 
1 test2fip_inconsistent right_hidden
0.000 2.347 2.387 0.522 0.000 0.000 1.701 0.489 0.000 0.000 0.686 4.347 0.000 0.000 0.000 0.000 0.000 0.000 0.000 1.179 
---
0 test2fip_consistent left_hidden
0.000 2.988 0.196 0.227 0.000 1.167 0.000 0.000 2.077 1.435 0.000 2.471 1.801 0.513 0.862 0.000 0.667 0.510 0.446 1.040 
0 test2fip_consistent right_hidden
2.183 0.810 0.179 0.793 0.000 0.902 0.000 0.000 0.085 1.624 0.000 0.085 0.771 1.615 0.000 0.000 1.715 1.048 0.247 0.014 
---
1 test2fip_inconsistent left_hidden
0.000 2.988 0.196 0.227 0.000 1.167 0.000 0.000 2.077 1.435 0.000 2.471 1.801 0.513 0.862 0.000 0.667 0.510 0.446 1.040 
1 test2fip_inconsistent right_hidden
1.992 2.441 0.602 0.765 0.000 1.855 0.000 0.000 1.656 1.978 0.000 2.503 1.455 1.592 0.000 0.000 3.042 1.074 0.005 0.000 
---
0 test2fip_consistent left_hidden
0.000 0.872 0.000 0.187 0.601 1.808 0.049 0.396 1.517 1.918 0.000 0.387 0.000 1.043 1.115 3.595 0.748 0.080 0.458 2.173 
0 test2fip_consistent right_hidden
0.000 0.000 0.000 1.203 0.692 0.376 0.383 0.039 1.291 0.597 0.198 2.743 0.064 0.094 0.087 0.852 0.433 1.455 0.681 0.000 
---
1 test2fip_inconsistent left_hidden
0.000 0.872 0.000 0.187 0.601 1.808 0.049 0.396 1.517 1.918 0.000 0.387 0.000 1.043 1.115 3.595 0.748 0.080 0.458 2.173 
1 test2fip_inconsistent right_hidden
0.000 0.000 0.000 1.239 0.506 2.176 0.265 0.815 0.694 1.911 0.376 3.334 0.550 0.765 1.572 2.697 0.310 1.067 0.472 1.556 
---
0 test2fip_consistent left_hidden
0.388 0.466 0.061 4.317 0.000 0.000 0.899 0.078 0.000 2.874 0.000 0.478 0.000 0.000 0.832 0.074 0.077 0.000 0.000 0.000 
0 test2fip_consistent right_hidden
1.460 0.436 0.057 0.164 0.094 0.000 3.523 0.131 0.000 0.608 0.000 0.000 0.000 0.191 0.800 0.701 0.000 0.000 0.000 1.256 
---
1 test2fip_inconsistent left_hidden
0.388 0.466 0.061 4.317 0.000 0.000 0.899 0.078 0.000 2.874 0.000 0.478 0.000 0.000 0.832 0.074 0.077 0.000 0.000 0.000 
1 test2fip_inconsistent right_hidden
1.606 0.165 0.000 3.013 0.000 0.000 3.583 0.000 0.000 3.293 0.000 0.000 0.000 0.043 0.160 0.295 0.000 0.000 0.000 0.349 
---
0 test2fip_consistent left_hidden
1.102 0.000 0.000 0.790 2.127 0.619 0.077 1.412 0.000 1.016 0.000 1.042 0.000 1.905 0.000 3.512 0.000 0.000 0.000 0.089 
0 test2fip_consistent right_hidden
1.201 0.000 0.000 1.399 1.433 0.067 0.000 0.307 0.305 0.652 0.000 0.075 0.000 1.312 1.852 0.255 0.350 1.091 1.869 0.874 
---
1 test2fip_inconsistent left_hidden
1.102 0.000 0.000 0.790 2.127 0.619 0.077 1.412 0.000 1.016 0.000 1.042 0.000 1.905 0.000 3.512 0.000 0.000 0.000 0.089 
1 test2fip_inconsistent right_hidden
1.827 0.000 0.000 1.015 2.585 0.192 0.000 0.225 0.074 1.719 0.000 0.645 0.000 2.013 1.348 3.660 0.414 1.162 1.542 0.823 
---
0 test2fip_consistent left_hidden
0.538 0.000 0.000 0.000 0.000 2.309 0.000 0.001 0.000 0.000 0.365 0.000 0.000 0.000 0.000 0.000 0.503 0.000 4.746 0.000 
0 test2fip_consistent right_hidden
1.493 0.633 0.000 2.297 0.000 0.000 0.000 0.000 0.028 1.171 1.937 0.000 0.100 0.934 0.000 0.059 1.467 0.000 1.623 0.000 
---
1 test2fip_inconsistent left_hidden
0.538 0.000 0.000 0.000 0.000 2.309 0.000 0.001 0.000 0.000 0.365 0.000 0.000 0.000 0.000 0.000 0.503 0.000 4.746 0.000 
1 test2fip_inconsistent right_hidden
1.403 0.250 0.000 2.776 0.000 3.214 0.000 0.000 0.000 1.027 2.303 0.000 1.524 0.537 0.000 0.000 2.263 0.000 1.950 0.000 
---
0 test2fip_consistent left_hidden
3.205 1.515 0.000 0.000 0.325 0.001 0.431 0.420 0.388 1.577 0.792 0.000 2.043 1.606 0.255 0.000 1.744 0.000 0.000 0.000 
0 test2fip_consistent right_hidden
0.184 0.825 0.000 0.000 1.707 0.000 0.000 1.519 1.301 1.212 0.697 0.044 0.156 0.331 1.607 0.000 0.395 0.000 1.611 0.516 
---
1 test2fip_inconsistent left_hidden
3.205 1.515 0.000 0.000 0.325 0.001 0.431 0.420 0.388 1.577 0.792 0.000 2.043 1.606 0.255 0.000 1.744 0.000 0.000 0.000 
1 test2fip_inconsistent right_hidden
2.546 1.398 0.000 0.012 1.805 0.000 0.184 1.648 1.723 2.081 2.866 0.000 1.183 1.422 0.853 0.000 0.974 0.000 0.935 0.328 
---
0 test2fip_consistent left_hidden
0.005 0.787 3.819 0.000 1.098 0.000 2.111 0.000 0.000 0.000 0.000 1.771 1.193 0.000 0.000 0.000 0.000 0.000 0.841 0.248 
0 test2fip_consistent right_hidden
0.581 2.002 0.527 1.104 0.056 0.000 0.241 0.171 0.032 0.000 0.000 0.254 1.846 1.147 0.000 1.597 0.285 0.262 1.177 1.068 
---
1 test2fip_inconsistent left_hidden
0.005 0.787 3.819 0.000 1.098 0.000 2.111 0.000 0.000 0.000 0.000 1.771 1.193 0.000 0.000 0.000 0.000 0.000 0.841 0.248 
1 test2fip_inconsistent right_hidden
0.000 3.695 2.946 0.626 1.584 0.000 1.002 0.551 0.580 0.000 0.122 1.504 2.466 0.149 0.000 0.424 0.409 0.058 1.919 0.477 
---
0 test2fip_consistent left_hidden
1.032 1.218 0.000 1.484 0.000 0.005 3.630 0.094 1.427 0.491 0.410 0.000 0.000 0.351 0.000 0.000 0.533 0.000 2.617 0.000 
0 test2fip_consistent right_hidden
0.000 0.077 0.000 0.252 0.000 1.471 0.542 0.000 0.357 1.176 1.430 0.000 0.879 1.423 1.007 0.012 0.662 0.296 1.854 0.156 
---
1 test2fip_inconsistent left_hidden
1.032 1.218 0.000 1.484 0.000 0.005 3.630 0.094 1.427 0.491 0.410 0.000 0.000 0.351 0.000 0.000 0.533 0.000 2.617 0.000 
1 test2fip_inconsistent right_hidden
1.253 0.625 0.000 1.794 0.000 1.807 2.373 0.000 1.624 1.560 0.780 0.000 1.007 1.105 0.735 0.000 0.314 1.444 3.037 0.000 
---
0 test2fip_consistent left_hidden
1.620 0.000 1.097 0.567 2.720 0.000 2.722 0.397 0.506 0.827 0.000 0.000 0.019 0.000 0.015 0.000 1.712 1.042 1.029 0.000 
0 test2fip_consistent right_hidden
0.834 0.000 2.673 0.395 0.101 0.000 0.477 0.677 0.000 0.811 0.507 1.016 0.323 0.000 0.000 0.000 0.140 0.793 1.422 1.072 
---
1 test2fip_inconsistent left_hidden
1.620 0.000 1.097 0.567 2.720 0.000 2.722 0.397 0.506 0.827 0.000 0.000 0.019 0.000 0.015 0.000 1.712 1.042 1.029 0.000 
1 test2fip_inconsistent right_hidden
0.957 0.000 2.569 0.063 2.885 0.069 2.576 0.942 0.000 1.666 0.079 1.196 0.000 0.000 0.000 0.000 1.261 0.555 2.473 0.713 
---
0 test2fip_consistent left_hidden
0.876 0.000 1.333 0.533 0.000 0.801 0.448 0.000 3.082 0.492 1.570 0.000 0.716 0.000 2.234 0.874 0.259 0.438 1.370 0.000 
0 test2fip_consistent right_hidden
1.851 0.000 0.105 1.784 0.000 0.000 0.077 0.000 2.399 0.010 0.032 0.000 1.130 0.000 0.063 0.000 0.026 0.158 0.088 0.111 
---
1 test2fip_inconsistent left_hidden
0.876 0.000 1.333 0.533 0.000 0.801 0.448 0.000 3.082 0.492 1.570 0.000 0.716 0.000 2.234 0.874 0.259 0.438 1.370 0.000 
1 test2fip_inconsistent right_hidden
1.473 0.000 0.000 1.688 0.000 0.000 1.043 0.000 4.130 0.000 1.480 0.000 1.320 0.000 2.721 0.000 0.165 0.414 1.015 0.000 
---
0 test2fip_consistent left_hidden
2.780 0.000 0.000 1.500 0.000 0.454 1.624 0.000 0.328 0.000 0.000 2.945 0.000 0.000 1.895 0.000 0.034 0.620 0.459 0.000 
0 test2fip_consistent right_hidden
0.253 0.000 0.245 2.020 1.060 1.553 0.275 1.326 1.034 0.865 0.000 1.418 0.000 0.000 1.167 0.000 1.686 1.141 0.166 0.000 
---
1 test2fip_inconsistent left_hidden
2.780 0.000 0.000 1.500 0.000 0.454 1.624 0.000 0.328 0.000 0.000 2.945 0.000 0.000 1.895 0.000 0.034 0.620 0.459 0.000 
1 test2fip_inconsistent right_hidden
1.443 0.000 0.000 0.582 0.053 1.315 0.606 0.296 1.045 0.880 0.000 4.532 0.000 0.000 1.714 0.000 2.557 0.892 0.676 0.000 
---
0 test2fip_consistent left_hidden
0.303 0.000 2.018 0.000 0.000 0.000 0.000 0.315 0.000 0.000 0.592 0.000 0.000 0.195 0.000 3.000 1.491 0.000 2.101 3.180 
0 test2fip_consistent right_hidden
0.194 0.001 2.283 0.229 0.000 0.000 0.000 0.000 0.000 0.000 1.033 2.196 0.000 0.965 1.626 0.133 0.000 0.000 0.304 1.540 
---
1 test2fip_inconsistent left_hidden
0.303 0.000 2.018 0.000 0.000 0.000 0.000 0.315 0.000 0.000 0.592 0.000 0.000 0.195 0.000 3.000 1.491 0.000 2.101 3.180 
1 test2fip_inconsistent right_hidden
0.969 0.000 3.040 0.000 0.000 0.000 0.000 0.000 0.000 0.000 2.200 1.227 0.033 0.535 0.910 2.363 0.038 0.000 0.000 4.039 
---
0 test2fip_consistent left_hidden
0.404 0.848 0.000 0.414 0.000 0.000 0.059 0.000 0.000 0.000 0.068 3.182 0.129 4.306 0.000 0.000 0.000 0.000 0.000 0.000 
0 test2fip_consistent right_hidden
0.000 1.017 1.948 0.904 0.973 0.791 2.053 0.000 0.000 0.409 1.857 0.974 1.323 0.243 0.000 0.100 0.000 0.000 1.640 0.000 
---
1 test2fip_inconsistent left_hidden
0.404 0.848 0.000 0.414 0.000 0.000 0.059 0.000 0.000 0.000 0.068 3.182 0.129 4.306 0.000 0.000 0.000 0.000 0.000 0.000 
1 test2fip_inconsistent right_hidden
0.130 1.777 2.881 1.380 0.000 0.999 1.660 0.000 0.000 0.011 0.988 3.574 0.907 3.002 0.000 0.259 0.000 0.000 0.759 0.000 
---
0 test2fip_consistent left_hidden
0.215 1.003 0.000 0.000 0.180 2.374 0.816 0.424 2.569 0.399 0.995 1.621 0.467 0.341 0.000 0.000 3.957 0.000 0.509 0.653 
0 test2fip_consistent right_hidden
0.000 0.096 1.134 0.000 0.130 0.787 0.666 0.000 0.148 0.708 0.727 0.615 0.395 0.000 0.000 0.000 2.296 0.000 1.180 1.927 
---
1 test2fip_inconsistent left_hidden
0.215 1.003 0.000 0.000 0.180 2.374 0.816 0.424 2.569 0.399 0.995 1.621 0.467 0.341 0.000 0.000 3.957 0.000 0.509 0.653 
1 test2fip_inconsistent right_hidden
0.000 1.200 0.523 0.000 0.229 2.459 0.654 0.262 1.629 1.776 0.288 1.596 0.305 0.000 0.000 0.000 4.371 0.000 1.435 0.907 
---
0 test2fip_consistent left_hidden
4.846 0.000 0.000 0.075 0.000 0.361 0.000 0.000 0.000 0.464 0.000 0.000 0.480 1.963 0.000 0.000 1.135 0.000 0.000 0.000 
0 test2fip_consistent right_hidden
1.283 0.000 0.078 1.452 0.243 0.000 0.091 0.000 1.796 0.143 0.000 0.081 2.750 0.055 0.000 0.000 0.616 0.170 0.000 0.000 
---
1 test2fip_inconsistent left_hidden
4.846 0.000 0.000 0.075 0.000 0.361 0.000 0.000 0.000 0.464 0.000 0.000 0.480 1.963 0.000 0.000 1.135 0.000 0.000 0.000 
1 test2fip_inconsistent right_hidden
3.722 0.000 0.000 1.100 0.684 0.004 0.000 0.000 1.076 0.623 0.000 0.000 3.511 0.672 0.000 0.000 2.871 1.150 0.000 0.000 
---
0 test2fip_consistent left_hidden
0.245 1.468 0.000 0.000 0.687 1.570 0.000 1.064 0.000 2.281 0.062 0.000 1.398 0.413 0.000 0.000 2.360 2.480 0.000 1.617 
0 test2fip_consistent right_hidden
0.815 0.086 0.000 0.000 0.841 2.031 1.596 0.153 0.059 0.102 0.000 0.424 0.088 0.000 0.000 0.923 1.781 0.202 0.418 1.562 
---
1 test2fip_inconsistent left_hidden
0.245 1.468 0.000 0.000 0.687 1.570 0.000 1.064 0.000 2.281 0.062 0.000 1.398 0.413 0.000 0.000 2.360 2.480 0.000 1.617 
1 test2fip_inconsistent right_hidden
0.840 1.321 0.000 0.000 0.795 2.777 1.443 1.431 0.000 1.340 0.000 0.000 1.197 0.000 0.000 0.527 2.783 2.264 0.103 2.093 
---
0 test2fip_consistent left_hidden
0.660 0.000 1.297 0.763 0.000 0.000 1.868 0.028 1.260 0.000 0.000 2.883 3.312 0.719 0.000 0.358 0.226 0.000 0.000 1.243 
0 test2fip_consistent right_hidden
0.182 0.000 1.478 0.000 0.395 0.000 0.225 0.105 3.612 0.000 0.000 0.544 0.064 0.000 0.000 0.000 0.198 0.000 0.000 0.586 
---
1 test2fip_inconsistent left_hidden
0.660 0.000 1.297 0.763 0.000 0.000 1.868 0.028 1.260 0.000 0.000 2.883 3.312 0.719 0.000 0.358 0.226 0.000 0.000 1.243 
1 test2fip_inconsistent right_hidden
1.772 0.000 2.399 0.000 0.031 0.000 2.152 0.000 4.128 0.000 0.000 2.252 1.720 0.000 0.000 0.000 0.000 0.000 0.000 0.411 
---
0 test2fip_consistent left_hidden
0.337 2.735 0.000 2.245 3.097 0.000 0.000 0.000 0.000 0.000 0.000 2.132 0.000 0.422 0.000 0.801 0.000 0.000 0.851 0.000 
0 test2fip_consistent right_hidden
0.042 0.173 0.000 0.202 0.006 0.000 0.020 0.000 1.654 0.000 0.000 1.351 0.236 1.567 0.000 1.713 0.000 0.192 2.013 0.000 
---
1 test2fip_inconsistent left_hidden
0.337 2.735 0.000 2.245 3.097 0.000 0.000 0.000 0.000 0.000 0.000 2.132 0.000 0.422 0.000 0.801 0.000 0.000 0.851 0.000 
1 test2fip_inconsistent right_hidden
0.000 2.271 0.000 1.805 1.055 0.000 0.114 0.000 0.839 0.000 0.000 3.014 0.000 0.999 0.000 2.915 0.000 0.346 2.405 0.000 
---
0 test2fip_consistent left_hidden
0.786 2.699 1.678 0.000 0.897 1.982 0.000 1.878 0.000 0.708 2.097 0.000 0.000 0.000 0.000 0.000 1.557 0.750 0.000 0.842 
0 test2fip_consistent right_hidden
0.000 0.094 2.518 0.000 0.001 0.000 0.000 0.993 0.346 0.000 0.808 0.000 0.000 0.340 2.464 0.000 0.326 0.422 0.024 0.396 
---
1 test2fip_inconsistent left_hidden
0.786 2.699 1.678 0.000 0.897 1.982 0.000 1.878 0.000 0.708 2.097 0.000 0.000 0.000 0.000 0.000 1.557 0.750 0.000 0.842 
1 test2fip_inconsistent right_hidden
1.256 1.539 3.532 0.000 0.000 1.641 0.000 2.193 0.000 0.873 1.564 0.000 0.000 0.053 2.101 0.000 1.544 1.177 0.000 0.460 
---
0 test2fip_consistent left_hidden
0.000 1.697 0.000 0.000 0.000 0.000 0.259 0.211 1.217 0.121 3.143 2.966 0.000 1.412 0.000 0.488 0.368 0.497 0.000 0.000 
0 test2fip_consistent right_hidden
0.041 0.000 0.000 1.693 0.000 0.000 0.677 0.217 1.108 0.058 1.321 0.195 0.202 0.036 0.273 0.311 0.044 2.973 0.000 0.000 
---
1 test2fip_inconsistent left_hidden
0.000 1.697 0.000 0.000 0.000 0.000 0.259 0.211 1.217 0.121 3.143 2.966 0.000 1.412 0.000 0.488 0.368 0.497 0.000 0.000 
1 test2fip_inconsistent right_hidden
0.000 0.000 0.000 1.128 0.000 0.341 0.352 0.000 2.171 0.000 2.336 3.230 0.108 1.044 0.873 0.675 0.000 3.054 0.000 0.000 
---
0 test2fip_consistent left_hidden
1.375 2.868 1.427 1.276 0.000 1.799 3.272 0.211 0.000 0.000 0.108 0.000 0.142 0.351 0.221 0.875 0.000 0.000 0.000 0.448 
0 test2fip_consistent right_hidden
1.466 0.140 0.000 0.035 0.591 0.339 2.155 0.044 2.409 0.000 0.430 0.000 0.969 0.049 0.310 0.962 0.000 0.088 0.290 1.135 
---
1 test2fip_inconsistent left_hidden
1.375 2.868 1.427 1.276 0.000 1.799 3.272 0.211 0.000 0.000 0.108 0.000 0.142 0.351 0.221 0.875 0.000 0.000 0.000 0.448 
1 test2fip_inconsistent right_hidden
3.122 2.817 0.705 0.933 0.488 0.778 3.102 0.000 1.683 0.061 0.000 0.000 1.019 0.632 0.069 0.767 0.000 0.000 0.205 0.489 
---
0 test2fip_consistent left_hidden
0.000 0.247 0.000 0.571 1.876 0.509 2.661 2.763 0.000 0.150 0.106 0.000 1.043 0.700 0.000 0.000 0.940 0.000 1.654 0.173 
0 test2fip_consistent right_hidden
0.000 1.032 0.255 2.584 1.764 0.368 0.211 0.200 0.169 1.248 0.000 0.000 0.909 0.729 0.113 0.338 1.304 0.000 0.100 0.007 
---
1 test2fip_inconsistent left_hidden
0.000 0.247 0.000 0.571 1.876 0.509 2.661 2.763 0.000 0.150 0.106 0.000 1.043 0.700 0.000 0.000 0.940 0.000 1.654 0.173 
1 test2fip_inconsistent right_hidden
0.000 0.633 0.065 3.255 2.180 0.597 2.092 2.629 1.165 0.733 0.000 0.000 2.317 0.087 0.012 0.000 1.437 0.000 1.295 0.000 
---
0 test2fip_consistent left_hidden
1.416 2.084 0.000 0.287 0.752 0.000 0.151 1.020 0.000 0.000 0.000 0.590 0.107 0.000 3.724 0.000 0.524 1.656 0.931 0.566 
0 test2fip_consistent right_hidden
0.926 0.933 1.196 0.660 0.782 0.000 0.640 1.263 0.000 0.000 0.000 1.553 0.000 0.000 0.568 0.675 1.677 0.234 0.398 0.152 
---
1 test2fip_inconsistent left_hidden
1.416 2.084 0.000 0.287 0.752 0.000 0.151 1.020 0.000 0.000 0.000 0.590 0.107 0.000 3.724 0.000 0.524 1.656 0.931 0.566 
1 test2fip_inconsistent right_hidden
0.718 1.790 1.016 0.563 1.617 0.000 0.582 1.129 0.000 0.000 0.000 1.735 0.000 0.000 3.452 0.748 1.750 1.868 1.445 0.360 
---
0 test2fip_consistent left_hidden
0.000 0.371 0.000 1.345 0.000 1.501 0.000 2.949 0.633 0.000 0.370 0.000 2.204 0.000 0.000 0.000 0.174 2.313 2.206 0.000 
0 test2fip_consistent right_hidden
0.148 0.239 0.000 1.851 0.000 0.071 0.000 0.000 0.000 0.000 2.582 0.019 2.163 1.248 0.000 0.000 0.347 0.000 0.183 0.000 
---
1 test2fip_inconsistent left_hidden
0.000 0.371 0.000 1.345 0.000 1.501 0.000 2.949 0.633 0.000 0.370 0.000 2.204 0.000 0.000 0.000 0.174 2.313 2.206 0.000 
1 test2fip_inconsistent right_hidden
0.157 1.020 0.000 2.901 0.000 1.446 0.000 2.092 0.000 0.000 1.719 0.000 3.706 0.516 0.000 0.000 0.567 2.105 0.777 0.000 
---
0 test2fip_consistent left_hidden
0.862 2.261 0.033 0.000 0.209 0.354 0.000 3.116 2.461 0.000 1.764 0.853 0.501 0.154 0.000 0.000 0.317 0.905 0.000 1.340 
0 test2fip_consistent right_hidden
0.000 0.601 0.598 0.000 1.639 0.366 1.205 1.815 0.899 0.057 0.175 0.000 0.777 0.000 2.264 0.000 0.239 0.192 0.000 0.239 
---
1 test2fip_inconsistent left_hidden
0.862 2.261 0.033 0.000 0.209 0.354 0.000 3.116 2.461 0.000 1.764 0.853 0.501 0.154 0.000 0.000 0.317 0.905 0.000 1.340 
1 test2fip_inconsistent right_hidden
0.000 1.877 0.635 0.000 0.592 1.112 0.794 3.400 2.486 0.000 0.453 0.000 1.772 0.019 1.602 0.000 1.213 1.629 0.000 1.378 
---
0 test2fip_consistent left_hidden
0.000 1.839 0.149 0.000 0.668 2.057 0.000 0.000 0.759 1.825 0.678 0.000 0.955 0.000 0.801 3.433 0.481 0.000 0.000 0.000 
0 test2fip_consistent right_hidden
0.000 0.183 0.874 0.000 1.444 1.279 0.268 1.418 0.098 1.346 0.164 0.191 0.000 0.000 2.835 0.000 0.000 0.000 0.000 0.000 
---
1 test2fip_inconsistent left_hidden
0.000 1.839 0.149 0.000 0.668 2.057 0.000 0.000 0.759 1.825 0.678 0.000 0.955 0.000 0.801 3.433 0.481 0.000 0.000 0.000 
1 test2fip_inconsistent right_hidden
0.000 1.670 0.794 0.000 0.386 1.912 0.234 0.878 0.000 2.524 0.746 0.291 0.000 0.000 2.987 3.147 0.000 0.000 0.811 0.000 
---
0 test2fip_consistent left_hidden
1.234 2.377 0.944 1.534 0.000 0.000 2.783 0.000 0.406 0.450 0.107 1.726 0.271 0.523 0.000 1.406 1.844 0.000 0.093 0.225 
0 test2fip_consistent right_hidden
0.294 1.204 0.828 0.034 0.154 0.000 0.091 0.000 0.087 1.887 0.413 2.006 0.399 0.153 0.000 0.000 0.217 1.646 0.000 2.013 
---
1 test2fip_inconsistent left_hidden
1.234 2.377 0.944 1.534 0.000 0.000 2.783 0.000 0.406 0.450 0.107 1.726 0.271 0.523 0.000 1.406 1.844 0.000 0.093 0.225 
1 test2fip_inconsistent right_hidden
1.147 1.505 1.200 2.226 0.000 0.000 2.253 0.020 0.505 1.899 0.771 2.878 1.056 1.048 0.000 0.236 1.893 0.803 0.000 2.152 
---
0 test2fip_consistent left_hidden
0.077 0.416 0.000 0.000 0.207 2.453 0.041 1.475 0.000 1.863 0.000 0.000 2.558 0.232 0.000 1.067 2.174 0.000 0.000 0.000 
0 test2fip_consistent right_hidden
0.850 1.659 0.000 0.746 0.359 2.332 0.769 0.060 0.000 0.235 1.997 0.976 0.324 0.048 0.305 0.219 0.058 0.000 0.000 0.000 
---
1 test2fip_inconsistent left_hidden
0.077 0.416 0.000 0.000 0.207 2.453 0.041 1.475 0.000 1.863 0.000 0.000 2.558 0.232 0.000 1.067 2.174 0.000 0.000 0.000 
1 test2fip_inconsistent right_hidden
0.626 1.520 0.000 0.000 0.000 3.896 0.769 0.284 0.000 1.558 1.223 0.237 2.777 0.000 0.578 1.301 0.895 0.000 0.000 0.000 
---
0 test2fip_consistent left_hidden
3.205 0.000 0.000 2.525 0.000 0.042 0.906 0.000 0.000 0.000 0.000 2.352 0.066 0.000 0.668 0.000 0.535 0.000 1.768 0.000 
0 test2fip_consistent right_hidden
1.127 0.013 0.000 0.067 0.000 1.697 1.126 0.000 1.737 0.009 0.000 0.378 2.160 0.060 0.126 0.000 0.451 0.000 0.295 0.402 
---
1 test2fip_inconsistent left_hidden
3.205 0.000 0.000 2.525 0.000 0.042 0.906 0.000 0.000 0.000 0.000 2.352 0.066 0.000 0.668 0.000 0.535 0.000 1.768 0.000 
1 test2fip_inconsistent right_hidden
2.938 0.000 0.000 0.923 0.000 1.882 2.170 0.000 1.419 0.000 0.000 2.314 1.428 0.000 1.012 0.000 0.792 0.000 2.605 0.024 
---
0 test2fip_consistent left_hidden
1.941 0.851 0.000 0.780 3.125 1.191 1.014 0.813 0.437 0.691 0.169 0.296 0.000 0.000 0.000 1.196 1.026 0.088 0.000 2.021 
0 test2fip_consistent right_hidden
0.000 0.090 0.000 0.503 1.841 1.844 0.116 0.460 2.044 0.000 1.690 0.142 0.000 0.000 0.000 0.447 0.000 0.069 0.000 0.000 
---
1 test2fip_inconsistent left_hidden
1.941 0.851 0.000 0.780 3.125 1.191 1.014 0.813 0.437 0.691 0.169 0.296 0.000 0.000 0.000 1.196 1.026 0.088 0.000 2.021 
1 test2fip_inconsistent right_hidden
2.090 0.632 0.000 1.177 3.815 2.791 0.964 1.092 1.405 0.481 1.273 0.050 0.000 0.000 0.015 0.337 0.914 0.000 0.000 0.528 
---
0 test2fip_consistent left_hidden
0.000 0.000 0.000 1.647 0.286 0.000 0.000 0.000 4.614 0.000 0.408 0.665 0.514 0.000 1.474 0.000 0.000 0.000 0.144 1.330 
0 test2fip_consistent right_hidden
2.087 0.000 0.000 1.081 0.000 0.000 0.000 0.000 2.170 0.707 1.362 1.145 0.032 0.762 0.053 0.000 0.000 0.000 1.590 0.000 
---
1 test2fip_inconsistent left_hidden
0.000 0.000 0.000 1.647 0.286 0.000 0.000 0.000 4.614 0.000 0.408 0.665 0.514 0.000 1.474 0.000 0.000 0.000 0.144 1.330 
1 test2fip_inconsistent right_hidden
1.325 0.000 0.000 1.121 0.000 0.000 0.000 0.000 5.308 0.000 0.761 0.680 0.966 0.820 1.662 0.000 0.000 0.082 0.493 0.797 
---
0 test2fip_consistent left_hidden
0.000 0.000 0.000 0.000 0.000 0.069 0.143 0.000 0.000 1.812 4.284 1.448 0.115 0.000 0.000 0.580 0.181 0.639 1.318 0.034 
0 test2fip_consistent right_hidden
0.000 1.784 0.395 0.000 0.000 1.285 0.556 0.000 0.000 1.160 0.591 0.545 1.180 0.000 0.000 1.070 0.601 3.114 0.157 0.712 
---
1 test2fip_inconsistent left_hidden
0.000 0.000 0.000 0.000 0.000 0.069 0.143 0.000 0.000 1.812 4.284 1.448 0.115 0.000 0.000 0.580 0.181 0.639 1.318 0.034 
1 test2fip_inconsistent right_hidden
0.000 1.551 0.670 0.000 0.000 0.942 1.137 0.000 0.000 0.981 4.020 1.925 0.743 0.000 0.000 1.694 1.089 2.674 0.366 1.127 
---
0 test2fip_consistent left_hidden
0.000 0.000 0.200 0.000 0.000 3.842 1.368 0.550 0.000 0.642 0.000 0.000 2.177 1.508 0.000 0.000 1.104 0.002 0.000 1.386 
0 test2fip_consistent right_hidden
0.066 2.218 0.952 0.000 0.000 0.000 2.586 0.389 0.835 0.932 0.090 0.000 0.628 0.240 0.310 0.039 2.026 0.216 0.035 0.033 
---
1 test2fip_inconsistent left_hidden
0.000 0.000 0.200 0.000 0.000 3.842 1.368 0.550 0.000 0.642 0.000 0.000 2.177 1.508 0.000 0.000 1.104 0.002 0.000 1.386 
1 test2fip_inconsistent right_hidden
0.000 0.869 0.689 0.000 0.000 2.869 3.039 0.058 0.579 1.186 0.000 0.000 2.541 1.714 0.000 0.000 2.095 0.000 0.000 0.266 
---
0 test2fip_consistent left_hidden
1.289 0.000 0.000 3.148 0.288 0.000 0.637 2.361 0.000 0.000 0.182 0.000 0.000 0.956 0.636 0.000 1.857 1.907 0.239 0.164 
0 test2fip_consistent right_hidden
0.900 0.031 2.094 0.514 0.245 0.000 0.894 0.158 0.368 0.038 0.000 1.542 1.780 0.000 0.208 0.218 0.098 1.695 0.073 0.000 
---
1 test2fip_inconsistent left_hidden
1.289 0.000 0.000 3.148 0.288 0.000 0.637 2.361 0.000 0.000 0.182 0.000 0.000 0.956 0.636 0.000 1.857 1.907 0.239 0.164 
1 test2fip_inconsistent right_hidden
2.064 0.000 2.477 3.485 0.000 0.000 1.137 1.094 0.079 0.000 0.000 1.375 1.446 0.098 0.860 0.000 1.289 2.062 0.000 0.132 
---
0 test2fip_consistent left_hidden
0.000 0.000 0.000 0.371 0.050 2.662 1.096 0.000 0.000 1.147 0.066 0.000 0.196 1.220 2.889 0.549 0.000 0.000 1.922 0.000 
0 test2fip_consistent right_hidden
0.014 2.843 0.366 0.445 2.025 0.409 0.000 0.000 1.022 0.138 0.000 1.604 0.054 0.000 0.126 0.586 0.000 0.000 0.255 0.022 
---
1 test2fip_inconsistent left_hidden
0.000 0.000 0.000 0.371 0.050 2.662 1.096 0.000 0.000 1.147 0.066 0.000 0.196 1.220 2.889 0.549 0.000 0.000 1.922 0.000 
1 test2fip_inconsistent right_hidden
0.000 3.344 0.000 1.175 1.119 3.127 0.000 0.000 0.942 1.037 0.000 2.218 0.000 0.000 2.236 1.421 0.000 0.000 0.847 0.000 
---
0 test2fip_consistent left_hidden
0.000 0.000 0.174 0.000 0.000 0.000 0.000 0.142 0.000 0.000 0.000 3.351 0.000 0.675 3.500 0.104 0.000 0.430 2.269 0.000 
0 test2fip_consistent right_hidden
0.141 0.000 2.461 0.309 1.546 0.167 0.117 0.000 0.028 0.757 0.000 1.945 1.796 0.000 0.392 0.000 0.212 0.440 0.000 0.000 
---
1 test2fip_inconsistent left_hidden
0.000 0.000 0.174 0.000 0.000 0.000 0.000 0.142 0.000 0.000 0.000 3.351 0.000 0.675 3.500 0.104 0.000 0.430 2.269 0.000 
1 test2fip_inconsistent right_hidden
0.583 0.000 2.360 0.000 0.475 0.541 0.077 0.000 0.000 0.463 0.000 4.944 0.866 0.000 2.646 0.000 0.000 0.000 0.000 0.000 
---
0 test2fip_consistent left_hidden
1.624 0.000 1.371 0.000 0.000 0.276 0.627 0.904 0.048 0.239 0.907 0.000 0.762 0.829 2.480 0.000 2.086 0.000 2.803 0.000 
0 test2fip_consistent right_hidden
0.411 0.379 0.579 1.153 1.162 2.678 0.460 0.858 0.000 1.246 0.092 0.000 0.095 0.405 0.751 0.000 0.080 0.915 0.322 0.939 
---
1 test2fip_inconsistent left_hidden
1.624 0.000 1.371 0.000 0.000 0.276 0.627 0.904 0.048 0.239 0.907 0.000 0.762 0.829 2.480 0.000 2.086 0.000 2.803 0.000 
1 test2fip_inconsistent right_hidden
1.476 0.154 1.356 0.744 0.805 2.605 1.090 2.550 0.000 0.956 0.008 0.000 0.504 1.155 1.767 0.000 1.607 0.680 1.950 0.972 
---
0 test2fip_consistent left_hidden
2.029 2.463 0.000 0.810 0.661 0.000 1.528 0.197 0.000 3.738 0.000 0.000 1.401 0.000 0.000 0.000 0.000 1.503 0.000 0.000 
0 test2fip_consistent right_hidden
0.044 0.045 0.038 0.000 0.758 0.454 0.003 1.222 0.000 1.258 0.050 2.639 0.295 1.053 0.000 0.000 0.000 0.000 0.516 2.125 
---
1 test2fip_inconsistent left_hidden
2.029 2.463 0.000 0.810 0.661 0.000 1.528 0.197 0.000 3.738 0.000 0.000 1.401 0.000 0.000 0.000 0.000 1.503 0.000 0.000 
1 test2fip_inconsistent right_hidden
2.183 1.634 0.000 0.000 1.549 1.425 0.000 0.359 0.000 3.593 0.000 2.924 0.370 0.532 0.000 0.000 0.000 0.000 0.489 1.684 
---
0 test2fip_consistent left_hidden
0.000 0.854 0.000 0.000 1.100 0.000 0.000 0.000 1.485 0.000 0.761 1.914 1.417 0.516 0.000 1.896 2.481 0.000 1.176 1.841 
0 test2fip_consistent right_hidden
0.000 1.777 0.000 0.000 0.000 0.000 0.000 0.000 0.962 0.000 0.133 0.853 0.065 2.792 0.064 0.068 1.363 0.000 0.123 0.623 
---
1 test2fip_inconsistent left_hidden
0.000 0.854 0.000 0.000 1.100 0.000 0.000 0.000 1.485 0.000 0.761 1.914 1.417 0.516 0.000 1.896 2.481 0.000 1.176 1.841 
1 test2fip_inconsistent right_hidden
0.000 2.370 0.000 0.000 0.134 0.000 0.000 0.000 1.652 0.000 0.022 2.387 2.353 2.115 0.445 0.505 2.747 0.000 1.287 1.700 
---
0 test2fip_consistent left_hidden
0.000 0.000 1.242 1.523 1.757 1.709 0.510 0.780 0.000 0.159 1.362 0.936 0.274 0.188 0.169 0.863 0.983 3.000 0.000 0.000 
0 test2fip_consistent right_hidden
0.000 0.000 0.899 0.000 0.290 0.797 1.477 2.620 0.000 0.000 0.490 0.275 0.000 0.249 0.059 0.468 2.181 0.252 0.147 0.000 
---
1 test2fip_inconsistent left_hidden
0.000 0.000 1.242 1.523 1.757 1.709 0.510 0.780 0.000 0.159 1.362 0.936 0.274 0.188 0.169 0.863 0.983 3.000 0.000 0.000 
1 test2fip_inconsistent right_hidden
0.005 0.000 0.498 0.000 2.348 1.238 1.041 3.222 0.000 0.000 2.289 0.842 0.000 0.000 0.000 2.020 2.096 2.116 0.000 0.000 
---
0 test2fip_consistent left_hidden
0.000 0.171 0.447 1.670 2.493 0.000 1.595 0.430 0.000 1.027 0.348 1.106 0.000 2.125 1.391 2.521 0.000 0.000 0.060 0.237 
0 test2fip_consistent right_hidden
0.000 0.000 0.657 0.029 0.227 0.934 0.880 0.119 0.149 0.065 0.275 0.000 0.000 2.563 0.750 0.328 0.000 0.000 2.239 0.936 
---
1 test2fip_inconsistent left_hidden
0.000 0.171 0.447 1.670 2.493 0.000 1.595 0.430 0.000 1.027 0.348 1.106 0.000 2.125 1.391 2.521 0.000 0.000 0.060 0.237 
1 test2fip_inconsistent right_hidden
0.000 0.000 1.829 0.465 2.230 0.449 1.727 0.000 0.318 0.000 0.122 0.763 0.000 3.316 2.210 2.195 0.000 0.000 1.754 0.788 
---
0 test2fip_consistent left_hidden
0.000 0.000 3.105 1.840 0.346 0.000 0.241 0.000 0.000 0.000 0.000 3.646 0.020 0.000 1.533 0.000 0.054 0.000 1.482 1.775 
0 test2fip_consistent right_hidden
0.000 0.006 1.720 0.419 0.063 0.652 0.040 0.000 2.543 0.000 0.000 0.247 0.033 0.000 0.000 0.345 1.172 0.031 0.000 1.940 
---
1 test2fip_inconsistent left_hidden
0.000 0.000 3.105 1.840 0.346 0.000 0.241 0.000 0.000 0.000 0.000 3.646 0.020 0.000 1.533 0.000 0.054 0.000 1.482 1.775 
1 test2fip_inconsistent right_hidden
0.110 0.000 2.769 2.274 0.004 0.018 0.000 0.560 1.967 0.000 0.000 2.877 0.000 0.000 0.000 0.000 1.188 0.000 0.000 2.877 
---
0 test2fip_consistent left_hidden
0.000 1.195 0.000 0.023 0.000 0.222 0.000 3.244 3.043 0.000 0.635 0.000 1.590 0.924 0.036 0.981 0.000 0.207 0.000 0.000 
0 test2fip_consistent right_hidden
0.000 0.694 0.645 0.000 0.179 0.000 0.000 0.484 2.528 0.000 0.183 0.000 0.129 0.000 2.125 0.591 1.742 0.000 0.464 0.000 
---
1 test2fip_inconsistent left_hidden
0.000 1.195 0.000 0.023 0.000 0.222 0.000 3.244 3.043 0.000 0.635 0.000 1.590 0.924 0.036 0.981 0.000 0.207 0.000 0.000 
1 test2fip_inconsistent right_hidden
0.000 2.475 1.243 0.000 0.000 0.415 0.000 2.338 3.501 0.000 0.000 0.000 2.562 0.000 1.233 1.213 1.374 0.075 1.705 0.000 
---
0 test2fip_consistent left_hidden
0.487 0.131 0.269 0.415 0.000 0.000 2.570 0.000 0.000 0.672 0.000 0.000 1.668 3.104 0.000 2.784 0.000 1.543 0.000 0.474 
0 test2fip_consistent right_hidden
2.124 0.000 1.412 0.000 0.739 0.000 1.935 0.000 1.638 0.529 0.395 0.000 0.847 0.042 0.000 0.293 0.000 0.000 0.281 0.144 
---
1 test2fip_inconsistent left_hidden
0.487 0.131 0.269 0.415 0.000 0.000 2.570 0.000 0.000 0.672 0.000 0.000 1.668 3.104 0.000 2.784 0.000 1.543 0.000 0.474 
1 test2fip_inconsistent right_hidden
1.705 0.000 1.373 0.087 0.668 0.000 2.787 0.103 0.837 1.912 0.000 0.000 2.657 2.166 0.000 1.712 0.000 1.776 0.000 0.034 
---
0 test2fip_consistent left_hidden
2.092 0.000 0.973 0.000 1.482 0.000 2.593 0.000 0.434 0.000 0.168 0.072 0.246 1.247 2.183 2.729 0.014 0.226 0.000 0.000 
0 test2fip_consistent right_hidden
2.163 0.000 0.081 0.114 0.042 0.000 0.040 1.348 1.846 0.000 0.299 0.000 0.000 1.323 0.785 0.035 1.796 0.091 0.000 0.215 
---
1 test2fip_inconsistent left_hidden
2.092 0.000 0.973 0.000 1.482 0.000 2.593 0.000 0.434 0.000 0.168 0.072 0.246 1.247 2.183 2.729 0.014 0.226 0.000 0.000 
1 test2fip_inconsistent right_hidden
2.925 0.000 0.879 0.000 0.294 0.000 2.983 1.223 1.517 0.000 0.077 0.000 0.226 1.033 2.365 0.142 1.515 0.409 0.000 2.185 
---
0 test2fip_consistent left_hidden
0.000 0.000 0.000 0.000 1.482 1.030 2.574 3.764 1.310 0.450 0.000 0.518 0.069 0.000 0.303 0.000 1.193 0.218 0.000 0.000 
0 test2fip_consistent right_hidden
0.000 0.000 0.000 0.000 0.055 0.000 1.690 1.046 0.982 1.274 1.071 2.384 0.000 0.000 0.866 1.592 0.053 0.000 0.000 0.000 
---
1 test2fip_inconsistent left_hidden
0.000 0.000 0.000 0.000 1.482 1.030 2.574 3.764 1.310 0.450 0.000 0.518 0.069 0.000 0.303 0.000 1.193 0.218 0.000 0.000 
1 test2fip_inconsistent right_hidden
0.000 0.000 0.000 0.000 0.514 1.098 3.078 3.613 1.956 0.628 0.592 1.600 0.000 0.000 0.751 1.513 1.747 0.000 0.000 0.000 
---
0 test2fip_consistent left_hidden
0.000 0.599 0.000 0.863 1.021 2.415 0.000 0.000 0.603 1.221 0.000 0.000 2.036 1.050 1.350 0.000 0.000 0.633 2.042 2.596 
0 test2fip_consistent right_hidden
0.000 0.454 0.000 0.000 0.248 0.488 0.000 0.238 1.081 0.997 0.043 0.120 2.915 0.188 1.632 0.000 1.166 0.032 0.183 0.222 
---
1 test2fip_inconsistent left_hidden
0.000 0.599 0.000 0.863 1.021 2.415 0.000 0.000 0.603 1.221 0.000 0.000 2.036 1.050 1.350 0.000 0.000 0.633 2.042 2.596 
1 test2fip_inconsistent right_hidden
0.094 0.087 0.000 0.000 1.908 1.526 0.000 0.000 1.368 2.164 0.000 0.002 3.658 1.254 1.848 0.000 0.267 0.000 2.202 2.627 
---
0 test2fip_consistent left_hidden
0.000 0.015 0.948 0.000 0.000 0.410 4.101 0.000 0.000 0.331 0.000 0.207 0.303 0.000 0.000 1.487 0.000 0.000 0.000 2.709 
0 test2fip_consistent right_hidden
0.000 0.000 0.000 0.056 2.465 1.093 0.556 0.617 0.000 1.916 0.000 0.000 0.007 0.024 0.197 0.274 0.000 0.608 2.356 0.696 
---
1 test2fip_inconsistent left_hidden
0.000 0.015 0.948 0.000 0.000 0.410 4.101 0.000 0.000 0.331 0.000 0.207 0.303 0.000 0.000 1.487 0.000 0.000 0.000 2.709 
1 test2fip_inconsistent right_hidden
0.000 0.002 0.000 0.000 1.767 2.913 2.659 1.505 0.000 2.982 0.000 0.000 0.179 0.000 0.000 1.178 0.000 0.358 1.608 1.998 
---
0 test2fip_consistent left_hidden
1.180 0.000 0.000 0.000 0.000 0.144 2.462 0.395 1.629 0.825 0.000 1.288 1.696 1.363 2.768 0.150 0.000 1.349 1.922 0.180 
0 test2fip_consistent right_hidden
1.073 0.000 0.000 0.997 0.148 0.000 0.000 2.697 0.117 0.000 0.094 0.824 1.517 0.032 0.826 0.522 0.000 0.000 2.100 0.000 
---
1 test2fip_inconsistent left_hidden
1.180 0.000 0.000 0.000 0.000 0.144 2.462 0.395 1.629 0.825 0.000 1.288 1.696 1.363 2.768 0.150 0.000 1.349 1.922 0.180 
1 test2fip_inconsistent right_hidden
1.257 0.000 0.000 0.777 0.070 0.000 1.872 1.656 0.395 0.218 0.000 1.122 1.071 0.978 3.042 0.470 0.000 0.323 3.908 0.000 
---
0 test2fip_consistent left_hidden
0.000 0.000 1.570 2.763 1.584 0.000 0.000 0.000 0.000 0.247 0.184 0.000 0.000 0.000 2.540 0.000 0.000 0.000 3.567 0.000 
0 test2fip_consistent right_hidden
0.000 0.310 0.000 0.718 1.529 0.043 0.000 0.000 1.062 1.293 0.600 0.000 0.000 2.936 0.385 0.400 0.000 0.000 1.126 0.149 
---
1 test2fip_inconsistent left_hidden
0.000 0.000 1.570 2.763 1.584 0.000 0.000 0.000 0.000 0.247 0.184 0.000 0.000 0.000 2.540 0.000 0.000 0.000 3.567 0.000 
1 test2fip_inconsistent right_hidden
0.000 0.262 0.421 2.650 1.303 0.000 0.000 0.000 0.696 1.009 1.062 0.000 0.000 2.295 2.614 1.436 0.000 0.000 3.395 0.000 
---
0 test2fip_consistent left_hidden
0.000 0.000 0.000 1.967 0.008 3.961 1.023 0.241 0.030 1.730 1.443 0.080 0.000 0.000 0.016 0.821 0.000 0.000 0.000 0.134 
0 test2fip_consistent right_hidden
0.000 0.000 1.073 1.422 1.560 0.218 0.057 0.703 0.893 0.098 1.634 1.286 0.068 0.000 1.430 0.310 0.523 0.000 0.000 1.596 
---
1 test2fip_inconsistent left_hidden
0.000 0.000 0.000 1.967 0.008 3.961 1.023 0.241 0.030 1.730 1.443 0.080 0.000 0.000 0.016 0.821 0.000 0.000 0.000 0.134 
1 test2fip_inconsistent right_hidden
0.000 0.000 0.770 2.176 0.899 2.489 0.031 1.419 0.440 2.107 3.769 1.296 0.000 0.000 0.749 1.246 0.182 0.000 0.000 1.242 
---
0 test2fip_consistent left_hidden
3.110 2.169 0.000 0.000 0.006 1.483 0.736 0.000 0.996 0.000 1.037 0.000 0.000 1.224 0.402 0.000 0.000 0.590 0.462 2.859 
0 test2fip_consistent right_hidden
0.618 1.370 1.028 0.000 2.186 0.556 0.062 0.000 0.000 0.000 0.000 0.008 2.185 0.000 0.436 0.000 0.000 0.074 0.104 1.483 
---
1 test2fip_inconsistent left_hidden
3.110 2.169 0.000 0.000 0.006 1.483 0.736 0.000 0.996 0.000 1.037 0.000 0.000 1.224 0.402 0.000 0.000 0.590 0.462 2.859 
1 test2fip_inconsistent right_hidden
2.137 2.608 0.480 0.000 2.471 2.005 1.254 0.000 1.181 0.000 0.000 0.000 1.193 0.000 0.404 0.000 0.000 0.169 1.067 3.016 
---
0 test2fip_consistent left_hidden
0.043 0.000 0.000 0.423 0.000 2.187 3.444 0.214 0.332 0.000 0.234 0.000 2.367 0.118 0.000 0.000 0.008 0.000 0.000 2.480 
0 test2fip_consistent right_hidden
2.019 0.890 0.000 0.176 0.252 0.487 1.616 1.181 0.097 0.043 2.062 0.000 1.306 0.000 0.000 0.968 0.579 0.000 0.000 0.042 
---
1 test2fip_inconsistent left_hidden
0.043 0.000 0.000 0.423 0.000 2.187 3.444 0.214 0.332 0.000 0.234 0.000 2.367 0.118 0.000 0.000 0.008 0.000 0.000 2.480 
1 test2fip_inconsistent right_hidden
1.386 0.417 0.000 0.013 0.589 2.695 3.933 0.921 0.000 0.000 1.554 0.000 1.900 0.000 0.000 0.998 0.622 0.000 0.000 2.159 
---
0 test2fip_consistent left_hidden
0.000 0.095 0.000 2.488 0.474 0.000 0.000 1.319 0.000 3.063 0.039 0.000 2.570 0.361 0.000 0.000 0.156 0.146 0.286 1.155 
0 test2fip_consistent right_hidden
0.000 1.254 0.105 0.172 1.249 0.000 0.032 0.337 0.000 1.556 0.000 0.000 0.794 0.000 2.547 0.000 0.031 1.115 0.991 0.084 
---
1 test2fip_inconsistent left_hidden
0.000 0.095 0.000 2.488 0.474 0.000 0.000 1.319 0.000 3.063 0.039 0.000 2.570 0.361 0.000 0.000 0.156 0.146 0.286 1.155 
1 test2fip_inconsistent right_hidden
0.000 1.400 0.000 1.769 2.573 0.000 0.000 2.231 0.000 3.437 0.000 0.000 1.571 0.550 1.732 0.000 0.140 1.412 0.894 0.547 
---
0 test2fip_consistent left_hidden
0.537 1.523 0.000 0.000 0.000 0.353 0.000 0.295 1.000 0.281 0.452 1.635 0.202 0.000 0.000 1.106 0.000 4.389 0.217 0.000 
0 test2fip_consistent right_hidden
0.216 0.386 0.000 0.983 0.000 0.657 0.066 0.004 0.053 2.422 1.643 0.096 0.547 0.073 0.389 0.220 1.642 1.201 0.080 0.000 
---
1 test2fip_inconsistent left_hidden
0.537 1.523 0.000 0.000 0.000 0.353 0.000 0.295 1.000 0.281 0.452 1.635 0.202 0.000 0.000 1.106 0.000 4.389 0.217 0.000 
1 test2fip_inconsistent right_hidden
1.562 1.051 0.000 0.808 0.000 0.094 0.000 0.515 1.167 2.250 1.445 0.652 0.432 0.678 0.011 1.357 1.576 4.023 0.000 0.000 
---
0 test2fip_consistent left_hidden
0.000 2.463 0.000 0.000 2.686 0.000 0.557 0.421 0.272 0.000 2.224 0.000 0.000 1.825 1.306 0.000 0.000 0.074 0.000 1.853 
0 test2fip_consistent right_hidden
0.121 0.135 0.463 1.402 2.221 0.000 0.000 1.570 2.179 0.000 0.454 0.267 0.000 0.039 0.565 0.000 0.000 0.787 0.131 1.075 
---
1 test2fip_inconsistent left_hidden
0.000 2.463 0.000 0.000 2.686 0.000 0.557 0.421 0.272 0.000 2.224 0.000 0.000 1.825 1.306 0.000 0.000 0.074 0.000 1.853 
1 test2fip_inconsistent right_hidden
0.000 1.487 0.256 1.241 3.659 0.000 0.000 1.212 1.513 0.000 2.669 0.000 0.014 1.517 2.471 0.000 0.000 0.474 0.248 0.791 
---
0 test2fip_consistent left_hidden
0.000 0.058 0.259 2.016 3.049 1.193 1.213 0.000 0.285 0.000 0.396 1.913 0.200 0.716 0.338 0.117 0.000 0.204 2.555 0.000 
0 test2fip_consistent right_hidden
0.000 0.175 0.790 2.584 0.493 0.283 0.751 0.000 0.000 1.088 1.062 0.109 1.485 0.000 1.523 0.000 0.000 0.172 0.117 0.000 
---
1 test2fip_inconsistent left_hidden
0.000 0.058 0.259 2.016 3.049 1.193 1.213 0.000 0.285 0.000 0.396 1.913 0.200 0.716 0.338 0.117 0.000 0.204 2.555 0.000 
1 test2fip_inconsistent right_hidden
0.000 0.000 0.000 4.385 3.051 0.763 1.005 0.000 0.000 0.549 0.791 1.582 0.801 0.132 0.937 0.278 0.000 0.292 1.180 0.000 
---
0 test2fip_consistent left_hidden
0.715 0.000 2.238 0.226 0.000 2.573 0.000 0.000 0.974 0.000 2.402 0.736 0.770 0.000 2.737 0.501 0.000 0.000 0.000 0.000 
0 test2fip_consistent right_hidden
1.010 2.560 0.803 0.000 0.000 0.365 0.000 0.000 0.000 0.000 1.113 0.000 0.000 0.657 1.762 0.646 0.551 0.000 1.103 1.273 
---
1 test2fip_inconsistent left_hidden
0.715 0.000 2.238 0.226 0.000 2.573 0.000 0.000 0.974 0.000 2.402 0.736 0.770 0.000 2.737 0.501 0.000 0.000 0.000 0.000 
1 test2fip_inconsistent right_hidden
1.631 1.828 2.365 0.000 0.000 2.786 0.000 0.000 0.000 0.000 2.468 0.000 0.812 0.861 2.941 0.701 1.182 0.000 0.000 0.684 
---
0 test2fip_consistent left_hidden
0.398 1.600 0.000 1.510 0.715 1.601 0.000 1.914 0.913 0.000 0.000 2.117 0.000 0.000 0.000 1.985 1.697 1.493 0.000 0.000 
0 test2fip_consistent right_hidden
0.000 2.106 0.000 0.505 1.308 0.024 0.076 0.177 0.263 0.001 0.000 0.220 0.229 0.000 0.000 0.027 0.618 1.873 1.861 0.000 
---
1 test2fip_inconsistent left_hidden
0.398 1.600 0.000 1.510 0.715 1.601 0.000 1.914 0.913 0.000 0.000 2.117 0.000 0.000 0.000 1.985 1.697 1.493 0.000 0.000 
1 test2fip_inconsistent right_hidden
0.116 3.289 0.000 1.808 1.545 0.899 1.124 1.327 1.184 0.000 1.980 1.278 0.000 0.000 0.000 1.617 0.319 1.906 1.470 0.000 
---
0 test2fip_consistent left_hidden
2.541 0.000 0.019 0.000 0.630 1.224 0.000 2.309 0.811 0.403 2.305 0.000 1.169 0.624 0.000 0.000 0.688 1.737 0.446 0.000 
0 test2fip_consistent right_hidden
0.299 0.032 0.843 0.000 2.574 0.000 0.000 0.055 0.000 1.426 2.104 0.000 0.915 0.259 0.000 0.552 0.431 0.000 0.000 0.579 
---
1 test2fip_inconsistent left_hidden
2.541 0.000 0.019 0.000 0.630 1.224 0.000 2.309 0.811 0.403 2.305 0.000 1.169 0.624 0.000 0.000 0.688 1.737 0.446 0.000 
1 test2fip_inconsistent right_hidden
2.441 0.000 0.626 0.000 2.150 0.087 0.000 1.510 0.711 0.984 3.055 0.000 1.974 0.312 0.000 0.000 0.981 2.311 0.000 0.175 
---
0 test2fip_consistent left_hidden
0.000 0.642 0.433 0.000 0.000 0.000 0.000 0.000 2.221 0.060 0.000 2.032 2.378 0.000 0.000 2.904 1.550 0.202 0.004 0.224 
0 test2fip_consistent right_hidden
0.000 0.000 0.000 0.000 2.304 0.815 0.000 0.011 0.200 0.057 0.000 0.122 0.213 0.000 0.852 2.697 0.121 0.000 0.031 1.447 
---
1 test2fip_inconsistent left_hidden
0.000 0.642 0.433 0.000 0.000 0.000 0.000 0.000 2.221 0.060 0.000 2.032 2.378 0.000 0.000 2.904 1.550 0.202 0.004 0.224 
1 test2fip_inconsistent right_hidden
0.000 0.000 0.000 0.000 2.167 1.518 0.000 0.000 2.071 0.078 0.000 1.790 1.641 0.000 0.000 4.341 0.802 0.000 0.004 1.955 
---
0 test2fip_consistent left_hidden
0.204 0.877 1.749 0.612 0.315 0.000 1.541 2.840 2.001 1.208 0.000 0.270 0.179 0.499 0.000 1.587 0.000 0.000 0.000 0.000 
0 test2fip_consistent right_hidden
0.000 0.417 0.017 2.197 1.387 0.000 0.761 0.294 0.138 0.000 0.000 0.340 0.000 0.225 1.386 1.198 0.000 0.000 1.318 0.000 
---
1 test2fip_inconsistent left_hidden
0.204 0.877 1.749 0.612 0.315 0.000 1.541 2.840 2.001 1.208 0.000 0.270 0.179 0.499 0.000 1.587 0.000 0.000 0.000 0.000 
1 test2fip_inconsistent right_hidden
0.095 0.279 1.764 2.392 1.455 0.000 2.085 1.844 1.728 0.988 0.000 1.079 0.000 0.624 0.689 2.752 0.000 0.000 1.132 0.000 
---
0 test2fip_consistent left_hidden
0.000 0.635 0.000 2.378 0.000 0.000 0.000 0.554 0.000 4.411 0.000 0.046 1.312 0.000 0.000 0.572 0.000 0.000 0.715 0.000 
0 test2fip_consistent right_hidden
0.000 0.000 0.069 0.615 0.440 0.227 1.150 0.000 0.000 0.975 0.000 0.440 1.037 1.527 0.000 0.000 0.000 2.916 0.691 1.327 
---
1 test2fip_inconsistent left_hidden
0.000 0.635 0.000 2.378 0.000 0.000 0.000 0.554 0.000 4.411 0.000 0.046 1.312 0.000 0.000 0.572 0.000 0.000 0.715 0.000 
1 test2fip_inconsistent right_hidden
0.000 0.000 0.000 2.717 0.000 0.341 0.782 0.000 0.000 4.276 0.000 0.298 0.811 1.695 0.000 0.000 0.000 2.697 1.097 0.816 
---
0 test2fip_consistent left_hidden
0.159 3.896 1.001 1.477 1.001 1.071 0.000 0.000 0.000 0.000 0.000 2.104 0.000 0.000 2.601 0.613 0.000 0.000 0.109 0.385 
0 test2fip_consistent right_hidden
1.820 0.000 0.000 1.874 0.268 0.580 0.000 0.000 0.005 0.814 0.000 0.154 2.440 1.103 0.764 0.062 0.000 0.403 0.000 0.188 
---
1 test2fip_inconsistent left_hidden
0.159 3.896 1.001 1.477 1.001 1.071 0.000 0.000 0.000 0.000 0.000 2.104 0.000 0.000 2.601 0.613 0.000 0.000 0.109 0.385 
1 test2fip_inconsistent right_hidden
2.709 2.104 0.000 2.203 1.255 0.578 0.000 0.000 0.000 0.484 0.000 1.012 1.430 0.953 2.805 1.287 0.000 1.538 0.694 0.254 
---
0 test2fip_consistent left_hidden
1.576 0.000 0.852 0.000 0.293 2.420 0.336 0.000 0.076 0.000 0.210 0.487 3.638 0.000 0.533 0.000 1.310 2.050 0.000 0.197 
0 test2fip_consistent right_hidden
1.265 0.000 0.429 1.124 0.039 0.151 0.811 0.007 0.043 0.049 0.000 0.540 0.517 0.027 1.029 0.000 0.000 0.697 1.398 2.568 
---
1 test2fip_inconsistent left_hidden
1.576 0.000 0.852 0.000 0.293 2.420 0.336 0.000 0.076 0.000 0.210 0.487 3.638 0.000 0.533 0.000 1.310 2.050 0.000 0.197 
1 test2fip_inconsistent right_hidden
1.225 0.000 1.820 0.673 0.473 2.271 0.991 0.000 0.000 0.000 0.000 0.475 3.301 0.000 0.549 0.000 1.074 1.737 1.394 2.796 
---
0 test2fip_consistent left_hidden
2.290 0.649 0.000 0.062 0.000 0.000 0.000 0.005 0.000 0.000 1.240 0.000 3.015 0.000 2.026 1.154 0.000 0.000 2.695 0.419 
0 test2fip_consistent right_hidden
0.152 0.981 0.000 1.073 0.000 0.000 0.000 1.668 0.026 0.000 0.000 0.000 1.775 0.661 0.000 0.837 0.989 0.000 0.251 2.354 
---
1 test2fip_inconsistent left_hidden
2.290 0.649 0.000 0.062 0.000 0.000 0.000 0.005 0.000 0.000 1.240 0.000 3.015 0.000 2.026 1.154 0.000 0.000 2.695 0.419 
1 test2fip_inconsistent right_hidden
2.126 0.380 0.000 0.734 0.000 0.009 0.000 1.090 0.000 0.028 0.000 0.000 3.621 0.499 0.000 2.155 0.357 0.000 2.051 2.563 
---
0 test2fip_consistent left_hidden
1.729 0.851 0.228 2.598 0.000 0.213 1.136 0.479 1.407 0.000 1.675 0.380 0.000 1.912 0.000 1.334 0.000 0.842 0.000 0.000 
0 test2fip_consistent right_hidden
0.295 0.371 0.264 0.277 0.000 2.415 0.000 0.000 0.044 0.820 1.526 0.498 0.795 0.465 0.169 1.439 0.000 1.132 0.021 0.467 
---
1 test2fip_inconsistent left_hidden
1.729 0.851 0.228 2.598 0.000 0.213 1.136 0.479 1.407 0.000 1.675 0.380 0.000 1.912 0.000 1.334 0.000 0.842 0.000 0.000 
1 test2fip_inconsistent right_hidden
1.040 0.655 0.000 2.448 0.000 2.040 0.001 0.000 1.376 0.261 1.978 0.138 0.537 2.032 0.000 2.682 0.000 1.993 0.000 0.197 
---
0 test2fip_consistent left_hidden
0.000 0.742 1.735 0.557 2.366 0.000 0.136 1.000 0.000 1.207 0.548 0.398 0.205 0.583 0.000 0.450 2.409 0.777 2.820 0.000 
0 test2fip_consistent right_hidden
0.000 0.013 1.930 2.187 1.022 0.000 0.054 0.000 0.000 0.056 0.000 0.057 2.460 0.000 0.000 0.418 0.000 0.000 0.000 0.000 
---
1 test2fip_inconsistent left_hidden
0.000 0.742 1.735 0.557 2.366 0.000 0.136 1.000 0.000 1.207 0.548 0.398 0.205 0.583 0.000 0.450 2.409 0.777 2.820 0.000 
1 test2fip_inconsistent right_hidden
0.000 0.000 2.444 2.000 2.592 0.000 0.000 0.084 0.000 0.481 1.153 0.353 2.708 0.000 0.000 1.527 1.536 1.165 2.165 0.000 
---
0 test2fip_consistent left_hidden
0.000 1.764 2.662 0.000 0.252 0.000 0.320 2.225 2.571 0.649 0.000 1.121 0.000 0.728 1.815 0.463 0.298 0.635 0.947 0.000 
0 test2fip_consistent right_hidden
0.909 0.972 1.536 0.000 0.208 0.000 1.330 0.755 0.336 0.000 0.000 0.090 1.560 0.618 0.000 0.000 2.282 0.863 1.186 0.000 
---
1 test2fip_inconsistent left_hidden
0.000 1.764 2.662 0.000 0.252 0.000 0.320 2.225 2.571 0.649 0.000 1.121 0.000 0.728 1.815 0.463 0.298 0.635 0.947 0.000 
1 test2fip_inconsistent right_hidden
0.906 2.231 3.045 0.000 0.717 0.000 1.147 2.608 2.858 0.000 0.000 0.825 0.831 1.079 0.000 0.000 1.885 0.954 0.933 0.000 
---
0 test2fip_consistent left_hidden
1.101 0.000 0.328 0.764 0.426 0.000 1.380 1.588 0.136 0.987 0.000 1.507 0.000 0.655 0.000 0.000 0.022 0.281 0.000 3.920 
0 test2fip_consistent right_hidden
0.715 0.000 1.813 0.099 0.000 0.000 0.180 1.292 0.992 0.107 0.072 0.113 0.000 0.000 0.000 0.285 0.000 2.444 0.000 0.578 
---
1 test2fip_inconsistent left_hidden
1.101 0.000 0.328 0.764 0.426 0.000 1.380 1.588 0.136 0.987 0.000 1.507 0.000 0.655 0.000 0.000 0.022 0.281 0.000 3.920 
1 test2fip_inconsistent right_hidden
1.941 0.160 1.489 1.770 0.000 0.000 1.447 1.580 0.911 1.006 0.349 1.445 0.000 0.000 0.000 0.042 0.000 3.273 0.000 3.133 
---
0 test2fip_consistent left_hidden
0.483 0.000 0.000 0.000 0.216 0.459 2.821 0.000 0.282 0.267 2.256 0.253 0.000 0.361 0.313 3.107 0.000 0.000 1.571 0.000 
0 test2fip_consistent right_hidden
0.830 0.000 0.000 0.000 2.473 0.000 1.158 0.000 0.000 2.150 0.007 1.392 0.000 0.000 0.027 1.934 0.000 0.104 0.501 0.046 
---
1 test2fip_inconsistent left_hidden
0.483 0.000 0.000 0.000 0.216 0.459 2.821 0.000 0.282 0.267 2.256 0.253 0.000 0.361 0.313 3.107 0.000 0.000 1.571 0.000 
1 test2fip_inconsistent right_hidden
0.491 0.000 0.000 0.000 1.358 0.000 2.201 0.000 0.000 1.264 2.316 0.460 0.000 0.447 0.583 4.703 0.000 1.181 0.915 0.256 
---
0 test2fip_consistent left_hidden
1.231 2.715 0.208 0.000 0.000 1.069 1.487 0.000 0.298 2.102 0.000 0.000 1.171 0.879 0.000 0.049 1.805 1.989 0.549 1.245 
0 test2fip_consistent right_hidden
0.740 0.934 0.848 2.314 0.000 0.482 0.000 0.000 1.360 0.134 0.362 0.190 0.435 1.244 0.000 0.522 0.074 1.938 0.000 0.113 
---
1 test2fip_inconsistent left_hidden
1.231 2.715 0.208 0.000 0.000 1.069 1.487 0.000 0.298 2.102 0.000 0.000 1.171 0.879 0.000 0.049 1.805 1.989 0.549 1.245 
1 test2fip_inconsistent right_hidden
1.699 2.891 0.415 1.900 0.000 1.328 0.185 0.000 0.722 1.921 0.091 0.007 1.963 0.850 0.000 0.285 1.521 2.961 0.008 1.056 
---
0 test2fip_consistent left_hidden
0.000 0.435 1.305 1.749 0.479 0.000 0.000 2.678 0.000 3.515 0.217 0.000 1.315 0.000 0.196 0.000 0.000 0.000 0.033 0.086 
0 test2fip_consistent right_hidden
0.000 1.353 1.432 0.053 1.485 1.002 1.285 0.000 1.041 0.045 0.126 0.000 1.090 2.012 0.000 0.000 0.000 0.000 1.125 0.000 
---
1 test2fip_inconsistent left_hidden
0.000 0.435 1.305 1.749 0.479 0.000 0.000 2.678 0.000 3.515 0.217 0.000 1.315 0.000 0.196 0.000 0.000 0.000 0.033 0.086 
1 test2fip_inconsistent right_hidden
0.000 1.927 3.789 1.154 1.465 0.580 1.209 1.943 0.565 1.733 0.685 0.028 0.455 1.741 0.000 0.000 0.000 0.000 0.235 0.000 
---
0 test2fip_consistent left_hidden
0.000 0.000 0.018 0.000 0.000 0.939 0.000 4.212 0.699 1.536 0.122 0.519 0.904 0.867 1.233 0.000 1.518 1.092 0.271 0.000 
0 test2fip_consistent right_hidden
0.088 0.000 1.658 0.000 0.000 0.000 0.000 0.414 0.526 0.141 0.487 2.107 0.161 1.271 0.559 0.000 0.128 1.028 1.643 0.660 
---
1 test2fip_inconsistent left_hidden
0.000 0.000 0.018 0.000 0.000 0.939 0.000 4.212 0.699 1.536 0.122 0.519 0.904 0.867 1.233 0.000 1.518 1.092 0.271 0.000 
1 test2fip_inconsistent right_hidden
0.000 0.000 1.592 0.000 0.000 1.313 0.000 3.388 0.034 1.387 0.082 2.366 0.792 0.841 1.272 0.000 0.578 1.033 1.226 0.451 
---
0 test2fip_consistent left_hidden
0.000 0.000 0.000 0.000 0.000 0.056 0.976 0.858 0.067 2.801 0.000 2.151 0.000 0.547 0.000 0.308 3.119 0.584 0.000 0.732 
0 test2fip_consistent right_hidden
0.000 0.692 2.576 0.000 0.000 0.795 0.000 0.966 0.083 0.374 0.000 0.873 0.084 0.423 0.002 1.478 0.234 2.043 0.000 0.126 
---
1 test2fip_inconsistent left_hidden
0.000 0.000 0.000 0.000 0.000 0.056 0.976 0.858 0.067 2.801 0.000 2.151 0.000 0.547 0.000 0.308 3.119 0.584 0.000 0.732 
1 test2fip_inconsistent right_hidden
0.000 0.931 1.881 0.000 0.000 0.583 0.000 1.658 0.431 2.286 0.000 2.692 0.000 1.302 0.000 1.102 2.979 2.577 0.000 0.806 
---
0 test2fip_consistent left_hidden
0.154 0.693 1.728 0.800 0.256 0.000 0.267 0.451 2.442 0.382 1.121 0.784 0.424 0.000 1.370 2.455 1.513 2.195 0.567 1.113 
0 test2fip_consistent right_hidden
2.193 0.597 2.249 0.000 0.201 0.000 0.034 0.380 1.551 0.035 0.479 0.000 1.492 0.000 0.000 0.265 0.505 0.058 0.045 0.908 
---
1 test2fip_inconsistent left_hidden
0.154 0.693 1.728 0.800 0.256 0.000 0.267 0.451 2.442 0.382 1.121 0.784 0.424 0.000 1.370 2.455 1.513 2.195 0.567 1.113 
1 test2fip_inconsistent right_hidden
1.330 0.650 3.008 0.592 0.680 0.000 0.000 0.196 3.836 0.000 0.382 0.000 0.963 0.000 0.314 2.207 1.718 2.144 0.568 1.261 
---
0 test2fip_consistent left_hidden
1.907 0.000 0.033 0.275 0.000 2.467 0.000 0.000 3.753 0.000 1.768 0.000 0.142 0.053 0.000 0.901 0.881 0.000 0.000 1.808 
0 test2fip_consistent right_hidden
0.234 0.000 0.000 1.952 0.057 0.147 0.000 0.000 1.005 0.000 0.163 0.166 0.173 0.108 0.207 0.619 0.079 2.109 0.000 2.269 
---
1 test2fip_inconsistent left_hidden
1.907 0.000 0.033 0.275 0.000 2.467 0.000 0.000 3.753 0.000 1.768 0.000 0.142 0.053 0.000 0.901 0.881 0.000 0.000 1.808 
1 test2fip_inconsistent right_hidden
1.823 0.000 0.000 1.776 0.875 1.151 0.000 0.000 2.997 0.000 0.247 0.000 0.092 0.000 0.000 2.878 0.436 1.732 0.000 2.701 
---
0 test2fip_consistent left_hidden
0.000 1.464 0.000 0.000 3.287 0.000 0.000 0.850 0.550 0.958 0.491 0.285 0.000 0.732 1.817 2.669 0.876 0.000 0.088 0.000 
0 test2fip_consistent right_hidden
0.906 1.365 0.006 0.000 0.582 2.438 1.105 0.046 0.000 0.241 1.083 1.162 0.000 1.021 1.053 0.191 0.614 0.000 0.801 0.313 
---
1 test2fip_inconsistent left_hidden
0.000 1.464 0.000 0.000 3.287 0.000 0.000 0.850 0.550 0.958 0.491 0.285 0.000 0.732 1.817 2.669 0.876 0.000 0.088 0.000 
1 test2fip_inconsistent right_hidden
0.523 1.525 0.000 0.000 3.086 1.816 1.092 0.130 0.000 1.363 1.136 1.021 0.000 1.573 2.536 2.309 1.141 0.000 0.492 0.185 
---
0 test2fip_consistent left_hidden
0.000 0.115 0.894 1.142 0.792 0.000 0.000 0.099 0.843 0.000 0.000 0.000 0.349 0.402 0.000 0.093 1.610 4.722 0.337 0.000 
0 test2fip_consistent right_hidden
0.000 2.168 0.620 0.094 0.000 0.000 0.397 1.731 1.137 0.189 0.000 0.000 0.681 0.011 0.000 0.000 1.568 0.972 0.509 0.876 
---
1 test2fip_inconsistent left_hidden
0.000 0.115 0.894 1.142 0.792 0.000 0.000 0.099 0.843 0.000 0.000 0.000 0.349 0.402 0.000 0.093 1.610 4.722 0.337 0.000 
1 test2fip_inconsistent right_hidden
0.000 1.551 0.231 0.047 0.519 0.000 0.360 1.180 1.607 0.000 0.000 0.000 0.272 0.000 0.000 0.000 2.384 4.503 1.306 0.367 
---
0 test2fip_consistent left_hidden
0.000 0.000 0.006 0.000 0.519 0.449 3.282 0.000 0.000 0.159 1.382 0.677 3.028 0.003 0.000 0.748 0.414 0.350 0.606 0.769 
0 test2fip_consistent right_hidden
0.000 0.000 0.580 0.000 0.000 0.236 0.000 0.000 0.000 0.000 1.754 0.000 2.154 2.333 0.000 0.461 0.216 1.184 0.175 0.031 
---
1 test2fip_inconsistent left_hidden
0.000 0.000 0.006 0.000 0.519 0.449 3.282 0.000 0.000 0.159 1.382 0.677 3.028 0.003 0.000 0.748 0.414 0.350 0.606 0.769 
1 test2fip_inconsistent right_hidden
0.000 0.000 0.529 0.000 0.000 0.007 3.007 0.000 0.000 0.000 2.943 0.630 3.503 1.741 0.000 0.253 0.062 0.257 1.283 0.790 
---
0 test2fip_consistent left_hidden
0.000 1.553 0.565 0.000 0.000 1.617 2.111 2.343 0.000 0.683 0.170 1.015 1.107 0.000 1.193 1.047 2.503 0.252 0.000 0.000 
0 test2fip_consistent right_hidden
1.294 0.148 0.000 0.584 0.000 0.170 2.115 1.267 0.000 0.176 0.000 0.874 0.086 0.000 1.022 0.000 0.065 1.970 1.096 0.049 
---
1 test2fip_inconsistent left_hidden
0.000 1.553 0.565 0.000 0.000 1.617 2.111 2.343 0.000 0.683 0.170 1.015 1.107 0.000 1.193 1.047 2.503 0.252 0.000 0.000 
1 test2fip_inconsistent right_hidden
1.783 1.652 0.000 0.602 0.000 1.568 3.234 2.495 0.000 0.043 0.000 0.823 1.015 0.118 1.336 0.000 2.323 1.300 0.315 0.000 
---
0 test2fip_consistent left_hidden
0.000 2.102 1.366 0.000 1.571 0.543 2.721 0.762 0.000 0.264 1.157 0.557 0.000 0.289 1.838 1.108 0.466 0.000 0.536 0.000 
0 test2fip_consistent right_hidden
2.135 0.054 1.072 0.000 0.126 1.692 1.656 1.247 0.225 0.723 0.714 0.005 0.694 0.743 0.333 0.316 0.355 0.000 0.000 0.000 
---
1 test2fip_inconsistent left_hidden
0.000 2.102 1.366 0.000 1.571 0.543 2.721 0.762 0.000 0.264 1.157 0.557 0.000 0.289 1.838 1.108 0.466 0.000 0.536 0.000 
1 test2fip_inconsistent right_hidden
1.993 1.812 1.262 0.000 0.734 1.957 3.985 0.605 1.220 1.076 1.774 0.000 0.000 0.590 1.963 0.073 0.808 0.000 0.000 0.000 
---
0 test2fip_consistent left_hidden
0.089 1.662 1.161 0.000 0.633 0.604 0.213 1.023 0.453 1.584 0.041 0.125 0.000 2.165 0.000 0.000 0.000 0.000 2.317 3.283 
0 test2fip_consistent right_hidden
0.476 0.993 0.471 0.000 2.486 0.013 0.410 1.247 0.207 0.164 0.000 1.375 0.000 0.017 0.969 2.118 0.000 0.453 0.338 0.230 
---
1 test2fip_inconsistent left_hidden
0.089 1.662 1.161 0.000 0.633 0.604 0.213 1.023 0.453 1.584 0.041 0.125 0.000 2.165 0.000 0.000 0.000 0.000 2.317 3.283 
1 test2fip_inconsistent right_hidden
0.533 1.022 1.612 0.000 2.703 0.181 0.162 1.738 0.266 1.392 0.000 0.368 0.000 0.627 0.853 1.950 0.000 0.000 2.364 3.031 
---
0 test2fip_consistent left_hidden
0.000 2.459 0.000 2.486 0.693 3.057 0.000 0.000 0.000 0.000 1.304 0.875 0.000 0.000 0.178 0.000 0.318 0.289 0.972 0.000 
0 test2fip_consistent right_hidden
0.000 0.042 1.045 1.138 0.583 1.434 1.706 0.719 0.908 1.710 0.000 0.185 0.116 0.035 0.125 0.000 0.000 0.533 1.415 0.000 
---
1 test2fip_inconsistent left_hidden
0.000 2.459 0.000 2.486 0.693 3.057 0.000 0.000 0.000 0.000 1.304 0.875 0.000 0.000 0.178 0.000 0.318 0.289 0.972 0.000 
1 test2fip_inconsistent right_hidden
0.000 1.398 0.753 2.848 2.572 2.210 1.293 0.486 0.111 1.637 0.021 2.083 0.000 0.000 0.000 0.000 0.000 0.964 2.310 0.009 
---
0 test2fip_consistent left_hidden
0.000 0.470 0.000 0.000 0.000 0.000 2.108 0.000 0.000 0.000 0.000 0.000 0.976 0.000 0.000 0.379 1.084 0.000 4.779 0.000 
0 test2fip_consistent right_hidden
2.173 0.380 0.000 1.272 1.430 0.000 1.204 0.626 0.000 0.336 0.342 0.291 0.456 0.762 0.000 0.000 2.032 0.217 0.618 0.000 
---
1 test2fip_inconsistent left_hidden
0.000 0.470 0.000 0.000 0.000 0.000 2.108 0.000 0.000 0.000 0.000 0.000 0.976 0.000 0.000 0.379 1.084 0.000 4.779 0.000 
1 test2fip_inconsistent right_hidden
1.265 0.126 0.000 1.130 0.996 0.000 2.960 0.322 0.000 0.296 0.414 0.000 1.583 0.075 0.000 0.000 2.703 0.000 3.717 0.000 
---
0 test2fip_consistent left_hidden
2.977 0.000 0.433 1.813 0.000 0.136 0.000 2.360 1.170 0.000 2.084 0.015 0.000 0.196 0.000 2.007 0.829 0.000 0.264 0.000 
0 test2fip_consistent right_hidden
0.122 1.394 1.384 2.242 0.132 0.000 0.000 1.115 0.467 0.000 0.029 0.574 0.233 0.562 0.000 0.515 1.281 0.000 1.602 0.000 
---
1 test2fip_inconsistent left_hidden
2.977 0.000 0.433 1.813 0.000 0.136 0.000 2.360 1.170 0.000 2.084 0.015 0.000 0.196 0.000 2.007 0.829 0.000 0.264 0.000 
1 test2fip_inconsistent right_hidden
2.344 1.045 1.503 1.660 0.681 0.000 0.000 3.005 0.105 0.011 1.873 0.000 0.000 0.189 0.000 2.436 0.825 0.000 1.563 0.000 
---
0 test2fip_consistent left_hidden
2.621 0.000 0.134 1.628 0.524 0.000 1.737 0.000 3.273 0.667 1.941 0.000 0.000 0.000 1.293 0.000 0.000 0.000 0.224 0.000 
0 test2fip_consistent right_hidden
1.145 0.000 1.075 1.355 2.099 2.006 0.326 0.032 0.386 1.248 0.543 1.245 0.017 0.000 0.661 0.143 0.869 0.000 0.000 0.000 
---
1 test2fip_inconsistent left_hidden
2.621 0.000 0.134 1.628 0.524 0.000 1.737 0.000 3.273 0.667 1.941 0.000 0.000 0.000 1.293 0.000 0.000 0.000 0.224 0.000 
1 test2fip_inconsistent right_hidden
3.010 0.000 0.388 2.800 1.526 1.367 1.379 0.000 2.809 1.134 1.460 0.395 0.000 0.000 0.394 0.000 1.264 0.000 0.276 0.000 
---
0 test2fip_consistent left_hidden
1.234 2.050 1.924 0.000 3.914 0.000 0.101 1.385 1.449 0.294 0.597 0.000 0.175 0.000 0.825 0.000 0.296 1.155 0.178 0.000 
0 test2fip_consistent right_hidden
0.726 0.721 0.101 1.341 0.407 2.028 0.000 0.654 0.517 0.195 0.124 0.000 0.260 0.018 1.805 0.898 1.096 0.941 0.320 0.150 
---
1 test2fip_inconsistent left_hidden
1.234 2.050 1.924 0.000 3.914 0.000 0.101 1.385 1.449 0.294 0.597 0.000 0.175 0.000 0.825 0.000 0.296 1.155 0.178 0.000 
1 test2fip_inconsistent right_hidden
2.352 2.275 0.753 1.242 2.081 1.513 0.000 2.212 1.399 0.000 0.873 0.000 0.268 0.000 1.442 0.803 1.616 1.141 0.660 0.000 
---
0 test2fip_consistent left_hidden
0.000 0.000 1.553 1.185 0.098 0.778 0.000 0.035 0.000 2.279 0.015 0.000 1.658 0.724 3.198 0.053 0.423 0.484 0.000 0.000 
0 test2fip_consistent right_hidden
0.046 0.000 0.158 0.060 1.773 1.101 0.048 0.000 0.000 0.334 1.625 0.000 2.274 0.292 0.068 0.000 0.384 1.370 0.000 0.000 
---
1 test2fip_inconsistent left_hidden
0.000 0.000 1.553 1.185 0.098 0.778 0.000 0.035 0.000 2.279 0.015 0.000 1.658 0.724 3.198 0.053 0.423 0.484 0.000 0.000 
1 test2fip_inconsistent right_hidden
0.000 0.000 1.188 1.142 1.512 2.562 0.000 0.282 0.000 1.620 1.141 0.000 3.122 0.573 2.168 0.000 0.772 2.088 0.000 0.000 
---
0 test2fip_consistent left_hidden
0.000 2.320 1.965 0.209 0.439 2.524 1.740 0.000 0.000 0.000 0.000 0.000 1.838 0.000 0.536 0.751 0.916 0.000 0.000 1.105 
0 test2fip_consistent right_hidden
0.000 0.179 0.756 1.386 1.805 0.000 2.253 0.000 0.000 0.000 0.127 0.000 0.946 0.000 0.000 0.076 2.002 0.000 0.000 0.000 
---
1 test2fip_inconsistent left_hidden
0.000 2.320 1.965 0.209 0.439 2.524 1.740 0.000 0.000 0.000 0.000 0.000 1.838 0.000 0.536 0.751 0.916 0.000 0.000 1.105 
1 test2fip_inconsistent right_hidden
0.000 2.085 1.193 0.943 1.503 1.659 3.760 0.000 0.000 0.000 0.628 0.000 3.263 0.000 0.283 0.519 2.602 0.000 0.000 0.754 
---
0 test2fip_consistent left_hidden
0.267 0.000 0.519 0.298 3.307 1.995 1.354 0.000 0.145 0.033 0.000 1.704 0.000 0.986 0.508 0.247 1.026 0.691 0.000 0.593 
0 test2fip_consistent right_hidden
0.762 0.000 0.146 1.728 1.327 0.152 0.414 1.390 0.125 0.658 1.112 1.454 0.000 0.057 0.000 0.410 0.988 0.369 0.468 0.331 
---
1 test2fip_inconsistent left_hidden
0.267 0.000 0.519 0.298 3.307 1.995 1.354 0.000 0.145 0.033 0.000 1.704 0.000 0.986 0.508 0.247 1.026 0.691 0.000 0.593 
1 test2fip_inconsistent right_hidden
1.112 0.000 0.611 1.227 3.621 1.493 1.241 1.023 0.000 0.352 0.876 1.589 0.000 0.192 0.840 0.592 1.335 2.285 0.565 0.686 
---
0 test2fip_consistent left_hidden
0.000 1.531 2.761 2.549 0.000 0.000 0.000 1.576 0.000 1.624 0.434 0.000 0.466 0.000 0.830 0.000 0.000 0.000 0.000 2.067 
0 test2fip_consistent right_hidden
0.322 1.662 0.199 0.118 0.152 0.084 0.577 1.705 0.000 0.000 0.000 0.000 1.086 0.000 0.962 0.000 0.000 0.166 2.111 1.593 
---
1 test2fip_inconsistent left_hidden
0.000 1.531 2.761 2.549 0.000 0.000 0.000 1.576 0.000 1.624 0.434 0.000 0.466 0.000 0.830 0.000 0.000 0.000 0.000 2.067 
1 test2fip_inconsistent right_hidden
0.000 1.785 2.442 1.935 0.000 0.066 0.810 2.483 0.000 0.964 0.000 0.000 0.711 0.000 1.814 0.000 0.000 0.000 2.122 3.238 
---
0 test2fip_consistent left_hidden
0.000 4.655 1.039 1.573 0.000 0.000 0.000 1.629 0.000 1.311 0.000 0.511 1.489 0.000 0.000 0.000 1.002 0.000 0.000 0.000 
0 test2fip_consistent right_hidden
0.000 0.534 0.101 1.295 0.021 0.028 0.000 0.587 2.836 0.000 0.000 1.273 0.491 0.000 1.730 0.000 1.069 0.112 0.505 0.000 
---
1 test2fip_inconsistent left_hidden
0.000 4.655 1.039 1.573 0.000 0.000 0.000 1.629 0.000 1.311 0.000 0.511 1.489 0.000 0.000 0.000 1.002 0.000 0.000 0.000 
1 test2fip_inconsistent right_hidden
0.000 4.067 0.986 2.189 0.000 0.186 0.000 2.165 2.258 0.000 0.000 1.498 1.956 0.000 1.225 0.000 1.225 0.105 0.280 0.000 
---
0 test2fip_consistent left_hidden
0.000 0.000 0.084 0.000 0.000 0.968 0.000 0.736 0.022 0.000 0.000 0.000 3.520 0.503 1.490 1.588 3.088 0.760 0.000 0.000 
0 test2fip_consistent right_hidden
0.000 0.000 1.603 0.000 0.246 0.123 0.000 0.574 0.505 0.492 1.373 1.024 0.414 1.151 0.142 0.438 1.449 2.455 0.071 0.000 
---
1 test2fip_inconsistent left_hidden
0.000 0.000 0.084 0.000 0.000 0.968 0.000 0.736 0.022 0.000 0.000 0.000 3.520 0.503 1.490 1.588 3.088 0.760 0.000 0.000 
1 test2fip_inconsistent right_hidden
0.000 0.000 1.337 0.000 0.974 0.309 0.000 0.347 0.202 0.000 0.252 0.637 2.837 1.139 0.908 2.309 2.758 2.667 0.000 0.000 
---
0 test2fip_consistent left_hidden
0.000 0.000 1.034 2.344 0.178 0.000 2.200 0.000 1.382 0.944 0.000 0.571 2.132 0.000 0.878 1.312 0.000 0.668 0.015 2.252 
0 test2fip_consistent right_hidden
0.233 0.191 1.669 0.358 1.523 0.425 0.153 0.000 0.767 0.362 1.518 0.067 0.303 0.952 1.802 0.385 0.276 0.022 0.199 0.120 
---
1 test2fip_inconsistent left_hidden
0.000 0.000 1.034 2.344 0.178 0.000 2.200 0.000 1.382 0.944 0.000 0.571 2.132 0.000 0.878 1.312 0.000 0.668 0.015 2.252 
1 test2fip_inconsistent right_hidden
0.000 0.000 1.599 2.716 0.696 0.000 2.489 0.203 1.240 1.818 1.494 0.107 1.415 0.515 2.323 1.562 0.000 0.151 0.381 0.755 
---
