0 test2fip_consistent left_hidden
0.000 0.000 0.000 1.969 0.939 0.608 0.000 0.946 0.412 0.000 0.644 0.622 0.002 1.345 2.774 0.000 0.000 0.000 2.518 1.723 
0 test2fip_consistent right_hidden
1.970 0.000 0.000 0.269 1.115 0.447 0.000 0.440 0.052 1.600 1.030 0.469 0.385 1.285 0.993 0.572 0.000 0.000 1.097 0.242 
---
1 test2fip_inconsistent left_hidden
0.000 0.000 0.000 1.969 0.939 0.608 0.000 0.946 0.412 0.000 0.644 0.622 0.002 1.345 2.774 0.000 0.000 0.000 2.518 1.723 
1 test2fip_inconsistent right_hidden
1.217 0.000 0.000 1.485 2.287 0.533 0.000 0.351 0.769 0.846 1.987 0.405 0.231 2.430 1.191 0.681 0.000 0.000 3.024 1.906 
---
0 test2fip_consistent left_hidden
0.190 1.826 0.583 0.000 2.819 2.246 0.000 0.766 1.727 0.431 0.000 0.000 0.634 2.027 0.000 0.000 0.330 0.504 0.684 0.000 
0 test2fip_consistent right_hidden
0.088 0.084 0.231 1.084 0.000 0.307 0.016 0.008 0.042 2.377 0.000 1.073 0.606 2.558 0.000 0.000 0.000 1.177 0.379 0.000 
---
1 test2fip_inconsistent left_hidden
0.190 1.826 0.583 0.000 2.819 2.246 0.000 0.766 1.727 0.431 0.000 0.000 0.634 2.027 0.000 0.000 0.330 0.504 0.684 0.000 
1 test2fip_inconsistent right_hidden
0.000 0.775 0.000 1.087 2.245 1.961 0.000 0.000 0.526 1.964 0.000 1.032 0.852 3.381 0.000 0.000 0.000 0.952 0.739 1.275 
---
0 test2fip_consistent left_hidden
3.220 0.000 1.944 0.641 0.000 0.132 0.000 0.735 0.000 0.448 0.000 0.000 0.000 0.000 0.000 0.000 0.000 0.235 3.324 0.000 
0 test2fip_consistent right_hidden
0.199 0.000 0.625 0.090 0.000 0.077 0.000 0.365 0.710 0.098 0.000 0.000 2.502 1.557 0.000 0.000 0.073 1.230 0.359 1.741 
---
1 test2fip_inconsistent left_hidden
3.220 0.000 1.944 0.641 0.000 0.132 0.000 0.735 0.000 0.448 0.000 0.000 0.000 0.000 0.000 0.000 0.000 0.235 3.324 0.000 
1 test2fip_inconsistent right_hidden
2.573 0.000 1.495 0.804 0.000 0.020 0.000 0.824 0.379 0.023 0.000 0.000 1.551 1.819 0.000 0.000 0.000 1.586 2.360 2.470 
---
0 test2fip_consistent left_hidden
0.000 0.000 1.138 0.000 0.504 0.000 1.451 0.155 0.000 1.664 0.000 0.143 0.000 0.528 0.900 2.925 0.726 2.252 0.667 1.056 
0 test2fip_consistent right_hidden
0.214 0.163 0.631 1.017 0.000 0.139 0.752 0.000 0.000 1.739 0.107 1.354 1.986 0.010 0.595 0.088 0.029 1.516 0.386 0.230 
---
1 test2fip_inconsistent left_hidden
0.000 0.000 1.138 0.000 0.504 0.000 1.451 0.155 0.000 1.664 0.000 0.143 0.000 0.528 0.900 2.925 0.726 2.252 0.667 1.056 
1 test2fip_inconsistent right_hidden
0.000 0.842 1.719 0.538 0.000 0.019 0.836 0.000 0.000 2.137 0.000 0.936 1.198 0.290 1.320 2.219 0.290 3.590 0.090 0.554 
---
0 test2fip_consistent left_hidden
0.000 0.155 3.302 0.772 0.274 3.560 0.000 0.000 0.000 1.559 0.000 0.401 0.000 0.000 0.000 0.000 0.257 1.246 0.849 0.000 
0 test2fip_consistent right_hidden
0.000 1.537 0.173 1.021 1.420 1.432 0.000 0.097 0.856 0.054 0.000 0.563 0.188 0.000 0.044 1.117 1.176 0.201 0.980 0.000 
---
1 test2fip_inconsistent left_hidden
0.000 0.155 3.302 0.772 0.274 3.560 0.000 0.000 0.000 1.559 0.000 0.401 0.000 0.000 0.000 0.000 0.257 1.246 0.849 0.000 
1 test2fip_inconsistent right_hidden
0.000 2.196 2.647 1.677 0.981 2.971 0.000 0.060 0.853 0.413 0.000 0.857 0.527 0.000 0.000 0.857 1.151 0.975 1.382 0.000 
---
0 test2fip_consistent left_hidden
0.277 2.842 0.000 0.000 0.945 0.613 0.780 2.607 0.698 0.000 0.000 0.000 0.000 1.839 0.000 1.075 0.198 1.228 0.295 0.269 
0 test2fip_consistent right_hidden
0.454 0.988 1.230 0.000 0.000 1.780 0.230 1.278 0.023 0.000 0.439 0.000 0.000 0.271 0.000 1.579 0.000 0.860 0.842 0.025 
---
1 test2fip_inconsistent left_hidden
0.277 2.842 0.000 0.000 0.945 0.613 0.780 2.607 0.698 0.000 0.000 0.000 0.000 1.839 0.000 1.075 0.198 1.228 0.295 0.269 
1 test2fip_inconsistent right_hidden
0.618 2.643 0.800 0.000 0.120 1.265 0.874 2.558 0.543 0.000 0.003 0.000 0.000 2.565 0.000 2.511 0.000 1.113 0.708 0.000 
---
0 test2fip_consistent left_hidden
0.000 0.312 0.000 0.000 0.000 0.000 0.000 0.000 0.044 4.271 0.858 0.000 0.000 0.070 0.032 2.545 0.000 0.000 0.000 0.000 
0 test2fip_consistent right_hidden
0.001 0.259 0.000 0.000 0.000 0.325 0.000 0.000 1.580 3.281 0.110 0.000 0.049 0.084 0.000 0.021 0.008 0.000 0.000 0.000 
---
1 test2fip_inconsistent left_hidden
0.000 0.312 0.000 0.000 0.000 0.000 0.000 0.000 0.044 4.271 0.858 0.000 0.000 0.070 0.032 2.545 0.000 0.000 0.000 0.000 
1 test2fip_inconsistent right_hidden
0.000 1.855 0.000 0.000 0.000 0.000 0.115 0.000 1.989 5.400 0.657 0.000 0.000 0.469 0.386 1.412 0.000 0.000 0.000 0.016 
---
0 test2fip_consistent left_hidden
0.784 2.810 1.630 2.494 0.000 0.000 0.332 0.000 0.000 2.603 1.197 0.000 0.000 1.735 0.000 0.000 0.000 0.000 0.493 0.000 
0 test2fip_consistent right_hidden
2.552 0.004 0.055 0.011 0.000 0.000 0.049 0.000 0.652 2.152 0.133 1.079 0.000 0.265 0.000 1.024 0.000 0.000 0.681 0.000 
---
1 test2fip_inconsistent left_hidden
0.784 2.810 1.630 2.494 0.000 0.000 0.332 0.000 0.000 2.603 1.197 0.000 0.000 1.735 0.000 0.000 0.000 0.000 0.493 0.000 
1 test2fip_inconsistent right_hidden
1.978 1.908 1.406 2.059 0.000 0.000 0.000 0.000 0.000 3.646 0.554 1.021 0.000 0.049 0.002 0.839 0.000 0.000 0.452 0.000 
---
0 test2fip_consistent left_hidden
0.000 0.011 0.404 1.487 2.159 1.514 2.074 0.723 0.344 0.566 0.000 0.000 0.935 0.000 1.636 1.131 0.000 2.437 0.000 0.000 
0 test2fip_consistent right_hidden
0.000 0.860 0.624 0.006 0.385 0.000 0.106 0.902 1.205 0.042 0.339 0.000 0.045 0.046 0.026 0.000 0.536 3.278 0.000 0.000 
---
1 test2fip_inconsistent left_hidden
0.000 0.011 0.404 1.487 2.159 1.514 2.074 0.723 0.344 0.566 0.000 0.000 0.935 0.000 1.636 1.131 0.000 2.437 0.000 0.000 
1 test2fip_inconsistent right_hidden
0.000 0.843 0.695 1.542 1.690 1.179 1.445 1.049 1.321 0.443 0.494 0.000 1.388 0.000 1.082 0.620 0.417 4.910 0.000 0.000 
---
0 test2fip_consistent left_hidden
3.104 0.000 2.766 0.000 0.000 1.071 0.763 0.000 0.000 0.000 0.000 0.000 0.485 0.419 0.154 1.648 1.395 0.000 0.183 0.155 
0 test2fip_consistent right_hidden
1.432 0.000 1.014 0.000 0.000 0.000 0.471 0.000 0.000 0.000 0.000 1.159 0.065 1.621 1.713 0.382 0.007 0.000 0.000 2.046 
---
1 test2fip_inconsistent left_hidden
3.104 0.000 2.766 0.000 0.000 1.071 0.763 0.000 0.000 0.000 0.000 0.000 0.485 0.419 0.154 1.648 1.395 0.000 0.183 0.155 
1 test2fip_inconsistent right_hidden
3.632 0.000 1.830 0.000 0.000 0.000 2.212 0.000 0.000 0.000 0.000 0.363 0.000 1.224 1.361 2.151 0.002 0.000 0.000 1.363 
---
0 test2fip_consistent left_hidden
0.028 0.702 0.000 0.013 0.000 0.007 0.976 3.325 1.428 0.000 1.686 2.462 0.000 0.246 0.228 0.000 0.000 0.212 1.566 0.000 
0 test2fip_consistent right_hidden
1.125 2.834 0.000 0.140 0.000 0.746 0.441 0.660 0.000 0.323 0.170 0.813 0.000 0.000 0.101 0.014 0.000 1.801 0.665 0.000 
---
1 test2fip_inconsistent left_hidden
0.028 0.702 0.000 0.013 0.000 0.007 0.976 3.325 1.428 0.000 1.686 2.462 0.000 0.246 0.228 0.000 0.000 0.212 1.566 0.000 
1 test2fip_inconsistent right_hidden
0.866 2.554 0.000 0.000 0.105 0.320 1.332 2.497 0.000 0.000 0.912 2.899 0.000 0.000 0.112 0.198 0.000 2.156 2.263 0.000 
---
0 test2fip_consistent left_hidden
0.000 0.000 0.394 1.955 0.000 3.926 0.000 0.000 1.026 0.628 0.000 0.000 0.790 0.000 0.000 0.000 0.000 1.673 0.289 0.621 
0 test2fip_consistent right_hidden
0.000 0.046 0.000 1.001 0.000 0.822 0.953 0.242 0.007 2.153 0.000 0.021 0.046 2.247 0.623 0.000 0.000 0.044 1.402 0.000 
---
1 test2fip_inconsistent left_hidden
0.000 0.000 0.394 1.955 0.000 3.926 0.000 0.000 1.026 0.628 0.000 0.000 0.790 0.000 0.000 0.000 0.000 1.673 0.289 0.621 
1 test2fip_inconsistent right_hidden
0.000 0.000 0.000 1.898 0.000 1.649 0.595 0.000 0.323 2.560 0.087 0.000 2.180 1.214 0.843 0.000 0.000 0.304 2.828 0.000 
---
0 test2fip_consistent left_hidden
0.000 0.054 0.420 2.071 0.085 0.000 0.333 1.365 1.555 0.331 0.000 0.000 1.612 0.696 1.491 0.000 0.000 3.581 0.059 0.000 
0 test2fip_consistent right_hidden
1.120 0.000 0.484 0.321 0.000 0.000 1.181 0.347 0.040 0.742 1.244 0.000 0.153 1.886 0.246 0.000 1.549 0.939 1.321 0.000 
---
1 test2fip_inconsistent left_hidden
0.000 0.054 0.420 2.071 0.085 0.000 0.333 1.365 1.555 0.331 0.000 0.000 1.612 0.696 1.491 0.000 0.000 3.581 0.059 0.000 
1 test2fip_inconsistent right_hidden
0.954 0.000 0.861 1.365 0.000 0.000 0.835 1.254 0.865 1.169 0.991 0.000 1.423 2.495 1.360 0.000 1.069 3.448 1.070 0.000 
---
0 test2fip_consistent left_hidden
0.387 0.812 1.375 0.103 2.524 0.483 0.000 0.000 2.507 0.000 0.373 0.682 0.000 2.258 0.054 1.472 0.121 0.000 0.000 0.000 
0 test2fip_consistent right_hidden
0.106 0.190 0.000 0.006 2.908 2.126 0.526 0.000 0.408 0.000 0.000 0.013 0.264 0.000 0.037 0.000 0.000 0.000 0.000 0.232 
---
1 test2fip_inconsistent left_hidden
0.387 0.812 1.375 0.103 2.524 0.483 0.000 0.000 2.507 0.000 0.373 0.682 0.000 2.258 0.054 1.472 0.121 0.000 0.000 0.000 
1 test2fip_inconsistent right_hidden
0.057 0.180 1.107 0.000 4.283 1.895 0.000 0.000 1.642 0.000 0.000 0.293 0.135 2.146 0.047 1.203 0.000 0.000 0.000 0.000 
---
0 test2fip_consistent left_hidden
1.391 1.384 1.113 0.000 0.000 0.000 0.000 0.156 0.000 0.000 0.000 4.255 0.245 0.000 0.000 0.000 0.000 2.653 0.009 0.000 
0 test2fip_consistent right_hidden
0.093 0.774 1.012 0.000 0.013 0.000 0.000 0.024 0.000 1.907 0.226 2.183 0.229 0.000 0.000 0.639 0.000 0.172 2.115 0.000 
---
1 test2fip_inconsistent left_hidden
1.391 1.384 1.113 0.000 0.000 0.000 0.000 0.156 0.000 0.000 0.000 4.255 0.245 0.000 0.000 0.000 0.000 2.653 0.009 0.000 
1 test2fip_inconsistent right_hidden
0.560 2.118 0.534 0.000 0.181 0.000 0.000 0.165 0.000 1.173 0.000 4.142 0.000 0.000 0.000 0.494 0.000 2.630 1.828 0.000 
---
0 test2fip_consistent left_hidden
0.000 0.454 0.000 0.400 0.000 1.822 0.000 0.000 0.000 0.000 0.265 4.048 1.307 1.493 1.475 0.000 0.469 0.000 0.000 0.000 
0 test2fip_consistent right_hidden
0.000 0.000 0.000 1.812 1.586 0.147 0.848 1.656 0.000 0.064 0.042 0.653 0.081 0.328 2.258 0.000 0.471 0.094 0.000 0.000 
---
1 test2fip_inconsistent left_hidden
0.000 0.454 0.000 0.400 0.000 1.822 0.000 0.000 0.000 0.000 0.265 4.048 1.307 1.493 1.475 0.000 0.469 0.000 0.000 0.000 
1 test2fip_inconsistent right_hidden
0.000 0.000 0.000 1.984 1.392 0.565 0.574 1.655 0.000 0.172 0.120 3.447 1.538 1.615 2.546 0.000 1.749 0.297 0.000 0.000 
---
0 test2fip_consistent left_hidden
0.000 0.000 0.553 0.329 2.587 0.669 1.144 0.180 1.394 0.000 2.169 1.253 0.107 2.403 0.000 0.000 0.058 0.000 1.805 0.000 
0 test2fip_consistent right_hidden
0.000 0.000 0.000 0.000 1.963 0.082 0.131 0.708 2.427 0.000 1.382 0.000 0.000 0.000 0.000 0.000 0.067 0.000 1.045 0.000 
---
1 test2fip_inconsistent left_hidden
0.000 0.000 0.553 0.329 2.587 0.669 1.144 0.180 1.394 0.000 2.169 1.253 0.107 2.403 0.000 0.000 0.058 0.000 1.805 0.000 
1 test2fip_inconsistent right_hidden
0.000 0.000 0.000 0.602 4.117 0.866 0.918 0.426 2.933 0.000 2.197 0.000 0.000 1.998 0.000 0.944 0.000 0.000 2.252 0.000 
---
0 test2fip_consistent left_hidden
0.266 0.000 0.043 0.131 0.000 1.346 2.315 2.832 0.000 1.257 0.222 0.198 0.246 0.000 0.038 1.213 2.395 1.269 0.000 0.000 
0 test2fip_consistent right_hidden
0.280 0.010 0.000 0.363 0.000 0.702 0.000 0.044 0.000 0.027 0.093 1.462 0.058 0.000 0.767 0.161 1.953 0.288 2.755 0.000 
---
1 test2fip_inconsistent left_hidden
0.266 0.000 0.043 0.131 0.000 1.346 2.315 2.832 0.000 1.257 0.222 0.198 0.246 0.000 0.038 1.213 2.395 1.269 0.000 0.000 
1 test2fip_inconsistent right_hidden
0.748 0.000 0.000 0.863 0.000 2.183 0.435 1.146 0.000 1.310 0.377 1.043 0.098 0.000 0.763 1.771 3.225 1.589 2.276 0.000 
---
0 test2fip_consistent left_hidden
1.369 1.350 1.127 2.189 0.000 0.225 0.571 0.627 0.000 0.000 0.000 0.000 0.000 0.000 0.000 3.206 1.428 1.562 1.461 1.197 
0 test2fip_consistent right_hidden
0.594 0.000 0.340 2.115 1.760 0.000 0.029 1.432 0.000 0.100 0.000 0.000 0.000 0.000 0.000 0.000 0.022 0.709 2.023 0.128 
---
1 test2fip_inconsistent left_hidden
1.369 1.350 1.127 2.189 0.000 0.225 0.571 0.627 0.000 0.000 0.000 0.000 0.000 0.000 0.000 3.206 1.428 1.562 1.461 1.197 
1 test2fip_inconsistent right_hidden
1.769 0.000 0.893 2.759 1.404 0.000 0.813 1.316 0.000 0.000 0.032 0.000 0.000 0.000 0.000 2.603 0.201 2.031 2.701 0.706 
---
0 test2fip_consistent left_hidden
3.097 0.000 0.521 0.680 1.751 0.000 1.240 0.204 0.827 0.090 0.248 0.119 0.496 2.748 0.178 0.128 0.222 0.000 0.000 0.859 
0 test2fip_consistent right_hidden
1.112 0.000 0.575 0.808 1.019 0.492 0.068 1.184 1.377 1.239 0.938 0.000 0.509 0.223 0.881 0.083 0.075 0.682 0.000 0.041 
---
1 test2fip_inconsistent left_hidden
3.097 0.000 0.521 0.680 1.751 0.000 1.240 0.204 0.827 0.090 0.248 0.119 0.496 2.748 0.178 0.128 0.222 0.000 0.000 0.859 
1 test2fip_inconsistent right_hidden
2.798 0.000 0.356 0.978 2.044 0.154 1.701 0.837 1.355 0.962 1.283 0.000 0.825 2.211 1.128 0.000 0.000 0.649 0.000 1.133 
---
0 test2fip_consistent left_hidden
0.018 0.724 1.234 2.108 0.000 0.000 2.633 0.000 0.000 0.284 3.408 0.000 0.000 0.000 0.000 0.297 1.916 0.000 0.000 0.048 
0 test2fip_consistent right_hidden
2.236 0.703 0.000 0.297 0.000 0.184 0.049 0.000 0.000 0.061 0.313 0.000 0.000 0.000 0.357 0.856 1.950 0.000 0.464 1.760 
---
1 test2fip_inconsistent left_hidden
0.018 0.724 1.234 2.108 0.000 0.000 2.633 0.000 0.000 0.284 3.408 0.000 0.000 0.000 0.000 0.297 1.916 0.000 0.000 0.048 
1 test2fip_inconsistent right_hidden
1.913 1.472 0.915 1.852 0.000 0.095 1.319 0.000 0.000 0.031 2.600 0.000 0.000 0.000 0.367 1.280 2.670 0.000 0.168 1.246 
---
0 test2fip_consistent left_hidden
0.000 1.261 0.000 2.593 0.000 1.793 1.833 0.000 0.226 0.000 0.000 0.000 0.000 0.907 0.000 3.439 0.837 0.000 0.208 0.000 
0 test2fip_consistent right_hidden
0.000 2.116 0.000 0.000 0.000 0.631 0.000 0.000 0.325 0.000 0.000 0.039 0.071 0.268 0.000 2.086 1.840 1.462 0.000 0.000 
---
1 test2fip_inconsistent left_hidden
0.000 1.261 0.000 2.593 0.000 1.793 1.833 0.000 0.226 0.000 0.000 0.000 0.000 0.907 0.000 3.439 0.837 0.000 0.208 0.000 
1 test2fip_inconsistent right_hidden
0.000 2.705 0.000 1.533 0.000 2.396 1.735 0.000 0.227 0.000 0.000 0.000 0.026 0.354 0.000 3.482 1.221 1.250 0.000 0.000 
---
0 test2fip_consistent left_hidden
1.229 0.000 0.403 0.407 2.174 0.523 3.889 0.440 0.000 0.700 0.305 2.240 0.000 0.000 1.341 1.200 0.000 0.000 0.000 0.000 
0 test2fip_consistent right_hidden
0.000 0.574 1.032 0.036 0.278 1.202 1.902 2.334 1.219 0.000 0.000 0.757 0.000 0.000 0.092 0.000 0.000 0.019 0.000 1.077 
---
1 test2fip_inconsistent left_hidden
1.229 0.000 0.403 0.407 2.174 0.523 3.889 0.440 0.000 0.700 0.305 2.240 0.000 0.000 1.341 1.200 0.000 0.000 0.000 0.000 
1 test2fip_inconsistent right_hidden
0.000 1.196 0.993 0.000 2.135 0.999 3.582 1.768 1.185 0.000 0.000 1.516 0.000 0.000 2.220 0.000 0.000 0.000 0.000 0.873 
---
0 test2fip_consistent left_hidden
0.611 0.548 0.000 0.101 1.843 2.713 0.000 0.000 0.000 0.000 0.285 0.093 3.083 1.317 0.182 0.000 0.000 1.233 0.250 0.000 
0 test2fip_consistent right_hidden
2.229 0.000 0.000 1.015 0.202 0.223 0.000 0.000 0.000 0.000 1.286 1.314 0.631 0.696 1.406 0.000 0.000 0.571 1.341 0.000 
---
1 test2fip_inconsistent left_hidden
0.611 0.548 0.000 0.101 1.843 2.713 0.000 0.000 0.000 0.000 0.285 0.093 3.083 1.317 0.182 0.000 0.000 1.233 0.250 0.000 
1 test2fip_inconsistent right_hidden
2.390 0.000 0.000 0.559 1.188 2.349 0.000 0.000 0.000 0.000 1.672 0.746 3.184 1.009 1.482 0.000 0.000 0.565 0.522 0.000 
---
0 test2fip_consistent left_hidden
0.000 0.129 4.429 0.183 0.000 0.497 0.775 0.000 0.706 0.000 0.000 0.000 0.000 1.479 0.256 0.000 0.000 0.153 1.081 2.231 
0 test2fip_consistent right_hidden
1.511 0.866 1.889 1.413 0.000 0.060 0.000 0.000 1.652 1.289 0.000 0.000 0.627 0.186 0.421 0.000 0.736 0.338 0.297 0.242 
---
1 test2fip_inconsistent left_hidden
0.000 0.129 4.429 0.183 0.000 0.497 0.775 0.000 0.706 0.000 0.000 0.000 0.000 1.479 0.256 0.000 0.000 0.153 1.081 2.231 
1 test2fip_inconsistent right_hidden
1.126 1.118 4.645 0.763 0.000 0.707 0.933 0.000 1.531 0.595 0.000 0.000 0.000 1.083 0.876 0.000 0.000 0.965 0.221 1.563 
---
0 test2fip_consistent left_hidden
0.595 0.000 0.000 0.596 3.641 2.380 0.000 0.000 0.000 2.120 0.011 0.958 0.000 0.000 0.000 0.000 0.783 0.000 0.422 0.000 
0 test2fip_consistent right_hidden
2.226 0.000 0.038 0.229 0.227 0.388 0.187 0.000 0.051 0.129 1.280 1.680 0.000 0.000 1.717 0.029 0.025 0.000 1.250 0.000 
---
1 test2fip_inconsistent left_hidden
0.595 0.000 0.000 0.596 3.641 2.380 0.000 0.000 0.000 2.120 0.011 0.958 0.000 0.000 0.000 0.000 0.783 0.000 0.422 0.000 
1 test2fip_inconsistent right_hidden
2.119 0.000 0.000 0.882 2.711 2.187 0.000 0.000 0.000 1.091 0.613 2.234 0.000 0.000 1.505 0.000 1.354 0.000 1.991 0.000 
---
0 test2fip_consistent left_hidden
0.000 0.000 0.000 0.000 0.000 0.000 0.000 1.759 0.018 2.089 0.000 3.287 0.000 0.962 0.000 0.773 0.000 0.000 2.561 0.024 
0 test2fip_consistent right_hidden
0.000 1.876 0.043 0.000 0.000 0.000 0.000 0.696 1.217 2.470 0.218 0.095 0.000 0.513 0.282 0.105 0.000 0.000 0.217 1.330 
---
1 test2fip_inconsistent left_hidden
0.000 0.000 0.000 0.000 0.000 0.000 0.000 1.759 0.018 2.089 0.000 3.287 0.000 0.962 0.000 0.773 0.000 0.000 2.561 0.024 
1 test2fip_inconsistent right_hidden
0.000 1.854 0.000 0.000 0.000 0.000 0.000 1.222 1.189 4.081 0.000 2.278 0.000 0.498 0.038 1.686 0.000 0.000 1.866 1.062 
---
0 test2fip_consistent left_hidden
1.137 0.268 0.000 2.958 2.363 0.000 0.000 0.000 1.653 0.000 0.000 0.000 0.246 1.070 2.700 0.054 0.000 0.000 0.000 0.000 
0 test2fip_consistent right_hidden
0.122 0.063 0.105 0.332 1.436 1.460 0.653 0.059 0.126 0.000 0.000 0.143 1.094 0.541 1.235 1.262 0.012 1.488 0.000 1.191 
---
1 test2fip_inconsistent left_hidden
1.137 0.268 0.000 2.958 2.363 0.000 0.000 0.000 1.653 0.000 0.000 0.000 0.246 1.070 2.700 0.054 0.000 0.000 0.000 0.000 
1 test2fip_inconsistent right_hidden
1.259 0.000 0.043 1.984 3.103 0.728 0.180 0.000 0.753 0.000 0.000 1.194 1.272 1.437 2.950 1.035 0.000 1.308 0.000 0.773 
---
0 test2fip_consistent left_hidden
0.000 1.447 1.565 1.479 0.000 0.711 1.639 0.034 0.239 0.000 0.000 0.429 1.451 0.000 0.000 0.000 3.181 0.440 0.967 0.000 
0 test2fip_consistent right_hidden
0.000 0.338 1.245 0.078 0.114 1.869 0.565 0.274 0.000 0.609 0.014 2.243 0.000 0.000 0.000 0.000 0.126 0.000 0.000 1.801 
---
1 test2fip_inconsistent left_hidden
0.000 1.447 1.565 1.479 0.000 0.711 1.639 0.034 0.239 0.000 0.000 0.429 1.451 0.000 0.000 0.000 3.181 0.440 0.967 0.000 
1 test2fip_inconsistent right_hidden
0.000 2.516 1.183 0.646 0.000 1.726 1.075 0.000 0.000 0.219 0.000 3.511 0.648 0.000 0.000 0.000 2.245 0.511 0.330 1.289 
---
0 test2fip_consistent left_hidden
1.031 0.820 0.165 0.976 2.747 0.858 0.873 0.451 0.399 2.154 1.649 0.477 1.707 0.631 0.000 1.583 0.645 1.221 0.544 0.000 
0 test2fip_consistent right_hidden
0.291 0.876 0.000 1.572 0.180 0.179 2.704 0.494 0.046 0.796 0.662 1.098 0.183 0.095 0.000 0.851 0.275 0.366 0.087 0.000 
---
1 test2fip_inconsistent left_hidden
1.031 0.820 0.165 0.976 2.747 0.858 0.873 0.451 0.399 2.154 1.649 0.477 1.707 0.631 0.000 1.583 0.645 1.221 0.544 0.000 
1 test2fip_inconsistent right_hidden
0.824 1.723 0.112 1.607 1.820 1.083 2.694 0.791 0.000 2.182 1.306 0.589 1.412 0.681 0.000 1.611 0.811 0.310 0.511 0.000 
---
0 test2fip_consistent left_hidden
0.000 0.000 0.893 0.409 0.000 1.727 0.004 0.000 0.875 0.000 1.826 0.000 2.832 1.785 0.000 0.000 0.000 0.000 1.013 2.584 
0 test2fip_consistent right_hidden
0.000 0.521 0.000 0.000 0.000 1.825 1.364 0.000 0.799 1.652 0.118 0.000 0.879 0.149 0.000 0.368 0.000 0.000 0.000 1.440 
---
1 test2fip_inconsistent left_hidden
0.000 0.000 0.893 0.409 0.000 1.727 0.004 0.000 0.875 0.000 1.826 0.000 2.832 1.785 0.000 0.000 0.000 0.000 1.013 2.584 
1 test2fip_inconsistent right_hidden
0.000 0.350 1.153 0.038 0.000 3.390 0.623 0.000 1.558 1.097 2.095 0.000 2.714 0.210 0.000 0.000 0.000 0.000 0.376 2.966 
---
0 test2fip_consistent left_hidden
0.000 2.572 0.000 0.000 0.013 0.000 1.309 0.000 0.179 0.000 0.649 0.000 3.156 0.000 0.392 0.000 0.937 0.000 2.498 1.021 
0 test2fip_consistent right_hidden
0.000 0.027 0.000 0.000 0.000 0.000 2.722 0.000 1.746 0.000 1.267 0.000 0.323 0.000 0.000 0.000 1.238 0.000 0.813 0.525 
---
1 test2fip_inconsistent left_hidden
0.000 2.572 0.000 0.000 0.013 0.000 1.309 0.000 0.179 0.000 0.649 0.000 3.156 0.000 0.392 0.000 0.937 0.000 2.498 1.021 
1 test2fip_inconsistent right_hidden
0.000 1.419 0.000 0.000 0.000 0.000 2.678 0.000 1.471 0.000 1.830 0.000 2.899 0.000 0.990 0.000 1.696 0.000 2.664 1.137 
---
0 test2fip_consistent left_hidden
0.000 1.521 1.155 0.439 0.000 0.267 0.000 0.020 0.000 0.000 1.364 1.285 0.647 2.055 0.000 3.074 0.000 0.000 2.168 0.000 
0 test2fip_consistent right_hidden
0.000 2.327 1.132 0.297 0.285 0.329 0.000 1.777 0.000 0.000 0.061 0.001 0.410 0.662 0.000 0.518 1.466 1.714 0.106 0.351 
---
1 test2fip_inconsistent left_hidden
0.000 1.521 1.155 0.439 0.000 0.267 0.000 0.020 0.000 0.000 1.364 1.285 0.647 2.055 0.000 3.074 0.000 0.000 2.168 0.000 
1 test2fip_inconsistent right_hidden
0.000 2.906 2.459 0.194 0.000 0.218 0.000 1.273 0.000 0.000 0.295 1.099 0.016 1.618 0.000 2.530 0.791 1.372 1.665 0.000 
---
0 test2fip_consistent left_hidden
0.000 0.000 2.780 0.000 2.496 0.000 0.000 0.000 2.848 0.537 1.400 0.449 0.000 1.344 0.050 0.000 0.330 0.000 0.091 0.000 
0 test2fip_consistent right_hidden
0.000 2.438 0.114 0.146 1.509 0.000 0.878 0.000 1.367 1.561 0.998 0.132 0.000 0.000 0.000 0.000 1.107 0.000 0.000 0.477 
---
1 test2fip_inconsistent left_hidden
0.000 0.000 2.780 0.000 2.496 0.000 0.000 0.000 2.848 0.537 1.400 0.449 0.000 1.344 0.050 0.000 0.330 0.000 0.091 0.000 
1 test2fip_inconsistent right_hidden
0.000 1.483 1.366 0.039 1.646 0.000 0.661 0.000 3.482 1.109 2.037 1.409 0.000 1.106 0.000 0.000 0.582 0.000 0.000 0.057 
---
0 test2fip_consistent left_hidden
0.394 0.000 0.010 0.561 2.194 1.970 0.000 1.156 0.912 2.330 0.552 1.761 0.797 0.000 0.344 0.381 0.000 0.961 0.999 0.000 
0 test2fip_consistent right_hidden
1.511 0.000 1.278 0.714 0.524 0.535 0.000 1.293 1.813 0.105 0.000 0.183 0.000 0.836 1.616 0.448 0.000 0.442 0.000 0.000 
---
1 test2fip_inconsistent left_hidden
0.394 0.000 0.010 0.561 2.194 1.970 0.000 1.156 0.912 2.330 0.552 1.761 0.797 0.000 0.344 0.381 0.000 0.961 0.999 0.000 
1 test2fip_inconsistent right_hidden
1.359 0.000 1.055 1.773 2.302 1.533 0.000 1.663 1.697 1.750 0.000 1.621 0.000 0.775 1.455 0.429 0.000 1.738 0.248 0.000 
---
0 test2fip_consistent left_hidden
0.042 0.000 0.186 1.270 0.000 0.000 1.177 0.000 0.000 0.593 0.336 0.167 0.057 1.087 0.000 0.264 2.464 0.159 3.550 1.430 
0 test2fip_consistent right_hidden
0.164 0.002 2.062 0.170 0.000 0.000 0.000 0.000 0.064 0.104 0.103 0.069 0.489 1.906 0.000 1.271 0.201 0.069 1.229 1.746 
---
1 test2fip_inconsistent left_hidden
0.042 0.000 0.186 1.270 0.000 0.000 1.177 0.000 0.000 0.593 0.336 0.167 0.057 1.087 0.000 0.264 2.464 0.159 3.550 1.430 
1 test2fip_inconsistent right_hidden
0.000 0.052 1.752 0.847 0.000 0.000 0.000 0.000 1.434 0.257 0.773 0.050 0.305 2.639 0.000 2.236 1.749 0.120 3.387 1.648 
---
0 test2fip_consistent left_hidden
0.222 0.000 3.305 1.667 0.172 0.000 1.419 1.162 1.207 0.377 0.646 0.805 0.011 0.000 1.481 1.464 0.000 1.606 1.036 0.000 
0 test2fip_consistent right_hidden
1.774 0.276 1.272 0.773 0.361 0.000 0.055 0.000 2.466 0.087 0.493 0.848 0.647 0.000 0.354 0.317 0.000 0.236 0.880 0.000 
---
1 test2fip_inconsistent left_hidden
0.222 0.000 3.305 1.667 0.172 0.000 1.419 1.162 1.207 0.377 0.646 0.805 0.011 0.000 1.481 1.464 0.000 1.606 1.036 0.000 
1 test2fip_inconsistent right_hidden
1.631 0.096 3.446 1.971 0.000 0.000 0.981 0.156 1.867 0.456 0.519 1.323 0.672 0.000 1.389 2.244 0.000 1.374 0.887 0.000 
---
0 test2fip_consistent left_hidden
1.195 0.410 0.000 0.394 0.097 0.598 0.875 0.086 0.000 0.000 1.752 0.362 0.000 2.212 0.000 0.000 0.000 0.000 0.108 4.209 
0 test2fip_consistent right_hidden
0.559 0.421 0.026 0.145 0.349 0.000 0.070 0.047 0.000 0.000 0.090 0.343 0.439 1.158 0.200 1.819 0.560 0.000 2.139 1.866 
---
1 test2fip_inconsistent left_hidden
1.195 0.410 0.000 0.394 0.097 0.598 0.875 0.086 0.000 0.000 1.752 0.362 0.000 2.212 0.000 0.000 0.000 0.000 0.108 4.209 
1 test2fip_inconsistent right_hidden
1.584 1.391 0.031 0.045 0.026 0.717 1.266 0.000 0.000 0.000 1.777 0.000 0.332 1.634 0.000 1.561 0.471 0.000 1.459 3.803 
---
0 test2fip_consistent left_hidden
0.527 1.250 1.508 0.000 1.201 0.000 0.000 0.000 1.668 0.005 0.000 3.004 0.904 0.000 0.000 0.283 0.050 2.845 0.000 0.000 
0 test2fip_consistent right_hidden
0.355 0.022 1.315 1.455 0.000 0.016 1.213 0.174 1.645 0.000 0.000 0.072 0.684 0.250 0.000 0.197 0.114 1.025 0.000 1.800 
---
1 test2fip_inconsistent left_hidden
0.527 1.250 1.508 0.000 1.201 0.000 0.000 0.000 1.668 0.005 0.000 3.004 0.904 0.000 0.000 0.283 0.050 2.845 0.000 0.000 
1 test2fip_inconsistent right_hidden
1.409 1.444 2.087 1.229 0.000 0.000 0.722 0.000 2.856 0.000 0.000 1.882 2.335 0.033 0.000 0.847 0.205 1.420 0.000 1.475 
---
0 test2fip_consistent left_hidden
0.000 0.555 0.000 0.000 0.000 1.548 0.000 0.000 0.000 0.000 0.000 2.213 2.837 1.013 2.500 0.000 0.144 0.000 1.745 0.000 
0 test2fip_consistent right_hidden
0.130 1.800 0.000 0.696 0.000 0.102 0.012 0.083 0.000 1.396 0.000 0.922 1.568 0.350 1.833 0.000 1.312 0.000 0.158 0.000 
---
1 test2fip_inconsistent left_hidden
0.000 0.555 0.000 0.000 0.000 1.548 0.000 0.000 0.000 0.000 0.000 2.213 2.837 1.013 2.500 0.000 0.144 0.000 1.745 0.000 
1 test2fip_inconsistent right_hidden
0.000 1.583 0.000 0.792 0.000 0.223 0.000 0.000 0.000 1.110 0.000 2.833 3.179 0.443 2.019 0.000 0.950 0.000 2.334 0.022 
---
0 test2fip_consistent left_hidden
0.000 0.000 0.239 0.000 0.000 1.233 0.222 0.470 0.000 0.000 1.208 2.145 0.966 2.219 1.167 0.000 2.809 0.570 0.031 1.182 
0 test2fip_consistent right_hidden
0.000 0.000 2.208 0.000 0.468 2.840 0.089 0.921 0.000 0.000 0.000 0.347 0.118 0.000 0.000 0.000 0.000 0.000 0.993 0.260 
---
1 test2fip_inconsistent left_hidden
0.000 0.000 0.239 0.000 0.000 1.233 0.222 0.470 0.000 0.000 1.208 2.145 0.966 2.219 1.167 0.000 2.809 0.570 0.031 1.182 
1 test2fip_inconsistent right_hidden
0.000 0.000 2.608 0.000 0.333 3.377 0.107 1.580 0.000 0.000 0.690 1.797 0.790 1.082 1.077 0.000 2.246 0.381 0.556 0.292 
---
0 test2fip_consistent left_hidden
1.332 0.000 0.602 0.602 1.261 0.000 0.225 1.847 0.000 0.377 0.000 4.415 0.000 0.000 0.281 0.000 0.000 0.406 0.000 0.000 
0 test2fip_consistent right_hidden
1.026 0.000 0.131 2.456 0.203 0.000 0.000 0.496 0.000 0.000 0.493 1.263 0.000 0.215 0.533 0.000 0.001 1.938 0.030 0.000 
---
1 test2fip_inconsistent left_hidden
1.332 0.000 0.602 0.602 1.261 0.000 0.225 1.847 0.000 0.377 0.000 4.415 0.000 0.000 0.281 0.000 0.000 0.406 0.000 0.000 
1 test2fip_inconsistent right_hidden
0.445 0.000 0.787 1.494 0.545 0.000 0.000 1.333 0.000 0.000 0.387 4.766 0.402 0.110 0.872 0.000 0.000 2.113 0.000 0.000 
---
0 test2fip_consistent left_hidden
0.000 0.000 0.000 0.287 1.338 0.060 0.008 0.000 2.958 0.782 2.204 1.181 1.504 0.012 2.596 0.323 1.648 0.413 0.000 0.000 
0 test2fip_consistent right_hidden
0.000 0.483 0.000 1.186 0.000 1.063 0.000 0.183 0.510 0.226 2.523 0.109 0.173 0.408 0.493 0.098 0.052 1.356 0.000 1.506 
---
1 test2fip_inconsistent left_hidden
0.000 0.000 0.000 0.287 1.338 0.060 0.008 0.000 2.958 0.782 2.204 1.181 1.504 0.012 2.596 0.323 1.648 0.413 0.000 0.000 
1 test2fip_inconsistent right_hidden
0.000 0.480 0.000 2.549 0.252 0.505 0.000 0.000 2.192 0.377 3.696 1.950 1.705 0.020 1.428 0.041 1.010 1.116 0.000 0.703 
---
0 test2fip_consistent left_hidden
0.453 0.880 0.000 3.164 0.458 0.000 0.000 1.274 1.629 3.222 0.000 0.000 0.000 0.494 0.000 0.288 0.000 0.000 0.000 0.000 
0 test2fip_consistent right_hidden
1.753 0.282 0.000 0.717 0.812 0.000 0.000 1.486 2.003 0.717 0.000 0.266 0.000 0.000 0.000 0.000 0.000 1.839 0.244 0.000 
---
1 test2fip_inconsistent left_hidden
0.453 0.880 0.000 3.164 0.458 0.000 0.000 1.274 1.629 3.222 0.000 0.000 0.000 0.494 0.000 0.288 0.000 0.000 0.000 0.000 
1 test2fip_inconsistent right_hidden
1.311 0.000 0.000 3.650 0.934 0.000 0.000 1.562 2.054 2.966 0.000 0.059 0.000 0.000 0.000 0.000 0.000 1.424 0.653 0.000 
---
0 test2fip_consistent left_hidden
0.000 0.000 3.978 0.698 0.000 0.000 1.269 0.000 1.069 1.683 0.000 1.200 0.000 1.460 0.000 0.036 0.000 0.000 0.498 0.652 
0 test2fip_consistent right_hidden
0.013 0.000 0.242 0.412 0.305 0.092 1.414 0.221 0.057 0.046 0.000 0.725 0.000 2.314 0.000 0.031 0.000 0.000 0.220 2.380 
---
1 test2fip_inconsistent left_hidden
0.000 0.000 3.978 0.698 0.000 0.000 1.269 0.000 1.069 1.683 0.000 1.200 0.000 1.460 0.000 0.036 0.000 0.000 0.498 0.652 
1 test2fip_inconsistent right_hidden
0.000 0.000 3.208 1.514 0.000 0.000 1.166 0.000 0.940 1.171 0.000 0.781 0.000 3.835 0.000 0.000 0.000 0.000 0.662 1.714 
---
0 test2fip_consistent left_hidden
0.503 2.017 0.000 0.000 2.706 0.000 0.000 1.191 0.000 1.461 0.000 0.466 1.989 1.173 1.920 0.000 0.033 0.176 0.000 0.828 
0 test2fip_consistent right_hidden
0.000 0.125 0.000 1.694 0.187 0.000 0.000 2.919 0.000 0.754 1.291 0.429 0.747 0.000 0.063 0.000 0.000 0.000 0.616 0.000 
---
1 test2fip_inconsistent left_hidden
0.503 2.017 0.000 0.000 2.706 0.000 0.000 1.191 0.000 1.461 0.000 0.466 1.989 1.173 1.920 0.000 0.033 0.176 0.000 0.828 
1 test2fip_inconsistent right_hidden
0.000 0.712 0.000 2.200 1.693 0.000 0.000 3.643 0.000 1.490 1.177 0.388 2.723 0.866 1.173 0.000 0.000 0.000 0.000 1.254 
---
0 test2fip_consistent left_hidden
1.936 1.370 3.487 0.000 2.718 0.498 0.000 0.000 0.000 0.000 0.000 1.042 0.233 0.047 0.000 0.000 0.691 0.000 1.208 0.786 
0 test2fip_consistent right_hidden
0.377 0.292 0.225 0.000 1.350 1.495 0.231 0.000 0.678 1.466 0.000 0.341 0.890 0.000 1.927 0.007 0.182 0.000 0.000 0.827 
---
1 test2fip_inconsistent left_hidden
1.936 1.370 3.487 0.000 2.718 0.498 0.000 0.000 0.000 0.000 0.000 1.042 0.233 0.047 0.000 0.000 0.691 0.000 1.208 0.786 
1 test2fip_inconsistent right_hidden
2.333 1.299 2.954 0.000 2.014 2.545 0.239 0.000 0.483 1.126 0.000 0.809 0.949 0.000 1.429 0.000 0.276 0.000 0.000 0.115 
---
0 test2fip_consistent left_hidden
1.321 0.000 2.410 0.000 4.166 0.000 0.000 0.943 0.165 0.000 1.225 0.000 0.000 0.000 0.000 0.000 0.322 0.000 1.612 0.596 
0 test2fip_consistent right_hidden
1.695 0.000 0.768 0.000 1.532 0.000 1.855 0.139 0.080 0.011 1.583 0.000 1.316 0.029 0.000 1.226 0.254 0.000 0.159 0.021 
---
1 test2fip_inconsistent left_hidden
1.321 0.000 2.410 0.000 4.166 0.000 0.000 0.943 0.165 0.000 1.225 0.000 0.000 0.000 0.000 0.000 0.322 0.000 1.612 0.596 
1 test2fip_inconsistent right_hidden
1.912 0.000 2.392 0.000 4.082 0.000 1.119 0.413 0.000 0.000 1.968 0.000 1.083 0.013 0.000 1.155 0.713 0.000 1.340 1.823 
---
0 test2fip_consistent left_hidden
1.522 0.460 1.832 0.826 2.082 0.000 1.187 0.282 0.847 0.000 2.359 0.149 0.000 1.035 2.657 0.269 0.000 0.000 0.000 0.844 
0 test2fip_consistent right_hidden
0.714 0.683 0.698 0.000 0.030 0.000 0.812 1.066 0.000 0.000 1.323 2.200 0.054 0.000 1.743 0.054 0.000 0.000 0.000 0.000 
---
1 test2fip_inconsistent left_hidden
1.522 0.460 1.832 0.826 2.082 0.000 1.187 0.282 0.847 0.000 2.359 0.149 0.000 1.035 2.657 0.269 0.000 0.000 0.000 0.844 
1 test2fip_inconsistent right_hidden
1.871 1.310 1.900 0.000 1.387 0.000 1.626 1.133 0.020 0.000 2.403 1.384 0.000 1.530 3.133 0.000 0.000 0.000 0.000 0.720 
---
0 test2fip_consistent left_hidden
0.378 2.496 0.376 1.419 0.000 0.000 0.000 0.000 1.308 0.000 3.085 0.001 0.246 0.000 2.518 0.001 0.000 0.029 0.000 1.460 
0 test2fip_consistent right_hidden
1.141 0.456 1.648 0.000 0.000 0.000 0.000 0.722 2.213 0.000 0.122 0.267 1.588 0.038 1.067 1.508 0.000 0.197 0.000 0.000 
---
1 test2fip_inconsistent left_hidden
0.378 2.496 0.376 1.419 0.000 0.000 0.000 0.000 1.308 0.000 3.085 0.001 0.246 0.000 2.518 0.001 0.000 0.029 0.000 1.460 
1 test2fip_inconsistent right_hidden
0.667 1.486 1.399 0.133 0.000 0.000 0.000 0.323 3.203 0.000 2.068 0.252 0.992 1.795 2.367 1.784 0.000 0.171 0.000 0.126 
---
0 test2fip_consistent left_hidden
1.530 0.000 0.000 0.000 2.592 0.000 1.620 0.000 0.000 3.142 0.000 1.141 0.450 0.000 0.000 0.292 0.552 0.000 0.000 0.000 
0 test2fip_consistent right_hidden
0.174 0.000 1.189 0.011 0.142 0.000 1.469 0.000 0.000 1.577 0.000 1.907 0.655 0.000 0.000 0.000 0.247 0.000 2.133 0.001 
---
1 test2fip_inconsistent left_hidden
1.530 0.000 0.000 0.000 2.592 0.000 1.620 0.000 0.000 3.142 0.000 1.141 0.450 0.000 0.000 0.292 0.552 0.000 0.000 0.000 
1 test2fip_inconsistent right_hidden
1.973 0.000 1.005 0.000 2.016 0.000 1.786 0.000 0.000 3.091 0.000 2.906 1.700 0.000 0.000 0.000 0.029 0.000 1.180 0.000 
---
0 test2fip_consistent left_hidden
0.000 0.000 1.083 0.000 0.000 0.000 0.496 1.398 2.697 3.725 1.056 1.146 0.000 0.000 0.000 0.000 0.000 0.099 1.505 1.469 
0 test2fip_consistent right_hidden
0.000 0.000 1.281 2.391 0.729 1.118 0.000 0.012 1.051 0.661 0.234 0.088 0.000 0.000 0.000 0.000 0.340 2.405 0.000 0.042 
---
1 test2fip_inconsistent left_hidden
0.000 0.000 1.083 0.000 0.000 0.000 0.496 1.398 2.697 3.725 1.056 1.146 0.000 0.000 0.000 0.000 0.000 0.099 1.505 1.469 
1 test2fip_inconsistent right_hidden
0.000 0.000 2.569 2.141 0.290 0.723 0.582 0.000 2.024 2.960 1.359 0.786 0.000 0.000 0.000 0.000 0.112 2.719 1.363 0.743 
---
0 test2fip_consistent left_hidden
0.000 0.000 1.332 1.312 0.812 0.018 2.509 0.000 0.537 0.572 0.621 0.000 0.266 0.000 0.000 2.480 1.948 0.000 0.046 2.172 
0 test2fip_consistent right_hidden
0.160 0.444 0.144 0.000 0.005 0.484 0.180 0.000 0.000 0.143 1.460 0.000 0.576 0.000 0.263 2.003 1.552 1.898 0.534 0.128 
---
1 test2fip_inconsistent left_hidden
0.000 0.000 1.332 1.312 0.812 0.018 2.509 0.000 0.537 0.572 0.621 0.000 0.266 0.000 0.000 2.480 1.948 0.000 0.046 2.172 
1 test2fip_inconsistent right_hidden
0.000 0.169 1.484 1.314 1.034 0.251 1.574 0.040 0.000 0.259 2.174 0.000 0.426 0.000 0.000 2.952 3.448 1.173 0.514 0.504 
---
0 test2fip_consistent left_hidden
2.232 0.000 1.200 0.000 0.000 0.000 0.000 0.357 1.836 0.000 0.000 1.223 0.000 3.185 0.000 1.495 1.341 0.000 0.000 1.719 
0 test2fip_consistent right_hidden
0.167 0.000 0.502 0.000 0.165 0.000 0.000 0.032 0.000 0.000 0.000 0.794 0.778 0.372 0.354 0.583 0.459 0.154 0.000 3.177 
---
1 test2fip_inconsistent left_hidden
2.232 0.000 1.200 0.000 0.000 0.000 0.000 0.357 1.836 0.000 0.000 1.223 0.000 3.185 0.000 1.495 1.341 0.000 0.000 1.719 
1 test2fip_inconsistent right_hidden
1.668 0.000 1.067 0.000 0.014 0.000 0.004 0.000 1.511 0.000 0.000 0.754 0.638 2.871 0.756 1.685 1.377 0.072 0.000 3.867 
---
0 test2fip_consistent left_hidden
0.000 0.163 0.791 2.206 0.324 0.000 0.000 0.000 0.000 0.000 0.000 1.121 0.456 0.025 2.007 0.000 0.852 3.350 0.000 1.797 
0 test2fip_consistent right_hidden
0.000 1.061 0.000 0.743 0.027 0.000 0.000 1.088 0.000 0.000 0.677 0.000 0.032 1.475 2.062 0.093 0.459 0.095 0.000 2.104 
---
1 test2fip_inconsistent left_hidden
0.000 0.163 0.791 2.206 0.324 0.000 0.000 0.000 0.000 0.000 0.000 1.121 0.456 0.025 2.007 0.000 0.852 3.350 0.000 1.797 
1 test2fip_inconsistent right_hidden
0.000 0.714 0.000 1.525 0.116 0.000 0.000 0.853 0.000 0.000 0.246 1.926 0.000 0.956 3.454 0.000 0.767 2.540 0.000 2.995 
---
0 test2fip_consistent left_hidden
0.000 0.000 0.000 0.000 2.837 1.407 0.000 0.000 0.000 1.689 4.007 1.426 0.190 0.036 0.000 0.000 0.000 0.000 0.167 0.012 
0 test2fip_consistent right_hidden
0.000 0.016 0.001 1.688 0.181 2.189 0.143 0.000 0.000 0.197 1.500 0.589 0.000 0.896 1.072 0.000 0.000 0.000 0.522 1.472 
---
1 test2fip_inconsistent left_hidden
0.000 0.000 0.000 0.000 2.837 1.407 0.000 0.000 0.000 1.689 4.007 1.426 0.190 0.036 0.000 0.000 0.000 0.000 0.167 0.012 
1 test2fip_inconsistent right_hidden
0.000 0.000 0.960 1.245 2.175 2.922 0.000 0.000 0.000 0.654 2.576 2.437 0.000 0.688 0.471 0.000 0.000 0.000 0.207 1.042 
---
0 test2fip_consistent left_hidden
0.000 1.623 2.547 2.926 0.312 2.237 0.000 0.388 0.460 0.000 0.000 0.000 0.000 1.722 0.000 0.000 0.794 1.551 0.065 0.000 
0 test2fip_consistent right_hidden
0.000 0.082 0.808 0.000 0.869 0.018 0.917 0.065 3.283 0.000 0.000 0.000 0.000 0.500 0.014 0.000 0.000 0.410 1.286 0.000 
---
1 test2fip_inconsistent left_hidden
0.000 1.623 2.547 2.926 0.312 2.237 0.000 0.388 0.460 0.000 0.000 0.000 0.000 1.722 0.000 0.000 0.794 1.551 0.065 0.000 
1 test2fip_inconsistent right_hidden
0.000 0.865 2.338 1.929 1.651 1.614 0.625 0.426 3.309 0.000 0.000 0.000 0.000 0.754 0.000 0.000 0.560 1.743 2.102 0.000 
---
0 test2fip_consistent left_hidden
0.036 0.333 2.011 0.000 0.844 0.938 0.129 0.022 1.431 0.691 0.166 0.000 0.000 0.000 0.642 1.978 0.137 0.363 0.550 3.808 
0 test2fip_consistent right_hidden
0.000 1.467 0.085 0.879 0.000 0.076 0.208 0.069 0.000 0.331 0.000 0.000 0.000 1.115 0.000 2.559 0.000 1.690 0.000 0.488 
---
1 test2fip_inconsistent left_hidden
0.036 0.333 2.011 0.000 0.844 0.938 0.129 0.022 1.431 0.691 0.166 0.000 0.000 0.000 0.642 1.978 0.137 0.363 0.550 3.808 
1 test2fip_inconsistent right_hidden
0.000 1.236 1.015 0.606 0.000 0.193 1.433 0.000 1.208 1.608 0.000 0.000 0.000 0.842 0.894 2.987 0.082 1.741 0.167 2.850 
---
0 test2fip_consistent left_hidden
0.000 0.000 0.000 0.000 0.000 0.451 0.000 0.580 0.000 2.523 2.495 0.124 0.000 0.000 2.029 1.190 0.000 2.068 1.505 0.000 
0 test2fip_consistent right_hidden
0.078 0.000 0.000 0.000 0.000 0.000 0.000 0.000 0.000 0.000 0.000 1.911 0.000 1.859 0.323 0.035 0.000 2.417 0.000 0.000 
---
1 test2fip_inconsistent left_hidden
0.000 0.000 0.000 0.000 0.000 0.451 0.000 0.580 0.000 2.523 2.495 0.124 0.000 0.000 2.029 1.190 0.000 2.068 1.505 0.000 
1 test2fip_inconsistent right_hidden
1.146 0.000 0.000 0.000 0.000 0.000 0.091 0.880 0.000 1.389 1.986 2.000 0.000 1.378 1.639 0.000 0.000 3.996 0.904 0.000 
---
0 test2fip_consistent left_hidden
0.264 1.831 2.078 0.970 0.000 0.377 0.000 0.054 1.700 2.294 0.000 1.099 0.000 0.000 0.000 0.000 1.090 2.057 0.000 0.000 
0 test2fip_consistent right_hidden
0.000 1.393 0.087 1.277 0.826 0.465 0.000 0.000 2.859 0.000 0.000 0.495 0.983 1.021 0.000 0.000 0.615 0.128 0.000 0.714 
---
1 test2fip_inconsistent left_hidden
0.264 1.831 2.078 0.970 0.000 0.377 0.000 0.054 1.700 2.294 0.000 1.099 0.000 0.000 0.000 0.000 1.090 2.057 0.000 0.000 
1 test2fip_inconsistent right_hidden
0.495 2.756 2.447 1.536 0.661 0.917 0.000 0.000 3.626 1.295 0.000 1.127 0.617 0.850 0.000 0.000 1.160 1.456 0.000 0.066 
---
0 test2fip_consistent left_hidden
0.554 1.506 0.000 0.000 0.000 0.321 0.000 0.075 0.000 0.000 0.000 0.533 1.177 0.000 0.000 4.587 1.168 0.000 0.000 0.000 
0 test2fip_consistent right_hidden
1.366 1.227 0.360 1.018 0.000 0.139 0.000 1.889 0.000 0.000 0.000 0.592 0.000 0.000 0.992 0.836 2.207 0.000 0.407 0.082 
---
1 test2fip_inconsistent left_hidden
0.554 1.506 0.000 0.000 0.000 0.321 0.000 0.075 0.000 0.000 0.000 0.533 1.177 0.000 0.000 4.587 1.168 0.000 0.000 0.000 
1 test2fip_inconsistent right_hidden
2.097 2.058 0.000 0.488 0.000 0.000 0.000 1.596 0.000 0.000 0.000 1.853 0.000 0.000 0.635 3.638 1.714 0.000 1.617 0.367 
---
0 test2fip_consistent left_hidden
2.199 0.000 1.345 0.000 1.268 0.000 0.000 0.596 0.000 0.000 0.000 2.870 1.191 2.575 0.000 0.311 0.000 0.000 1.188 0.042 
0 test2fip_consistent right_hidden
0.299 2.194 1.820 0.324 0.021 0.000 0.000 0.142 0.000 0.510 0.135 1.076 0.839 0.707 0.000 0.519 0.190 0.000 0.674 1.369 
---
1 test2fip_inconsistent left_hidden
2.199 0.000 1.345 0.000 1.268 0.000 0.000 0.596 0.000 0.000 0.000 2.870 1.191 2.575 0.000 0.311 0.000 0.000 1.188 0.042 
1 test2fip_inconsistent right_hidden
2.529 1.839 2.265 0.661 0.501 0.000 0.000 0.589 0.000 0.022 0.000 1.544 1.927 2.456 0.066 1.066 0.790 0.000 1.110 1.417 
---
0 test2fip_consistent left_hidden
0.209 1.260 1.828 0.000 1.657 0.000 0.000 0.000 0.000 0.000 0.000 3.041 0.000 0.101 0.000 0.000 0.000 0.000 0.000 3.091 
0 test2fip_consistent right_hidden
1.268 1.931 0.542 0.015 1.301 0.227 0.029 0.000 1.230 0.000 0.000 1.407 0.000 0.000 1.748 0.356 0.071 0.000 0.394 0.000 
---
1 test2fip_inconsistent left_hidden
0.209 1.260 1.828 0.000 1.657 0.000 0.000 0.000 0.000 0.000 0.000 3.041 0.000 0.101 0.000 0.000 0.000 0.000 0.000 3.091 
1 test2fip_inconsistent right_hidden
1.133 1.641 0.949 0.000 3.288 0.807 0.000 0.000 0.181 0.000 0.000 2.284 0.000 0.000 1.133 0.000 0.000 1.254 0.213 2.074 
---
0 test2fip_consistent left_hidden
0.326 0.183 0.000 1.074 0.000 1.787 1.911 2.624 0.093 0.415 1.923 0.178 0.311 0.000 2.389 0.000 1.642 0.000 0.773 0.020 
0 test2fip_consistent right_hidden
0.697 1.753 0.000 0.583 0.484 0.024 0.177 2.696 0.132 0.000 0.053 0.000 0.105 0.000 0.292 0.000 0.784 0.000 0.183 1.066 
---
1 test2fip_inconsistent left_hidden
0.326 0.183 0.000 1.074 0.000 1.787 1.911 2.624 0.093 0.415 1.923 0.178 0.311 0.000 2.389 0.000 1.642 0.000 0.773 0.020 
1 test2fip_inconsistent right_hidden
0.637 1.488 0.000 1.218 0.065 0.609 1.218 4.116 0.845 0.646 1.004 0.000 0.117 0.000 2.529 0.000 1.263 0.000 0.965 1.012 
---
0 test2fip_consistent left_hidden
0.000 0.000 0.882 1.713 0.000 0.000 0.113 2.841 0.000 1.342 2.025 0.000 0.458 1.558 1.930 0.000 1.369 0.360 0.918 0.000 
0 test2fip_consistent right_hidden
0.000 0.468 0.791 0.220 1.001 0.062 0.389 0.103 1.219 0.000 0.122 0.703 0.298 0.352 0.472 0.000 2.438 0.527 0.370 1.791 
---
1 test2fip_inconsistent left_hidden
0.000 0.000 0.882 1.713 0.000 0.000 0.113 2.841 0.000 1.342 2.025 0.000 0.458 1.558 1.930 0.000 1.369 0.360 0.918 0.000 
1 test2fip_inconsistent right_hidden
0.000 0.804 1.381 1.721 0.725 0.067 0.174 1.642 0.844 0.695 1.150 0.533 0.084 2.303 1.354 0.000 3.500 1.239 0.077 1.354 
---
0 test2fip_consistent left_hidden
0.000 0.630 0.468 0.000 1.078 0.152 0.000 0.013 0.000 2.732 2.469 0.034 2.030 0.580 0.327 1.074 0.000 0.000 0.000 2.867 
0 test2fip_consistent right_hidden
0.116 0.150 0.595 0.068 0.725 2.882 0.000 0.645 0.000 0.000 1.219 0.359 0.293 0.480 0.430 1.621 0.298 0.000 0.126 0.118 
---
1 test2fip_inconsistent left_hidden
0.000 0.630 0.468 0.000 1.078 0.152 0.000 0.013 0.000 2.732 2.469 0.034 2.030 0.580 0.327 1.074 0.000 0.000 0.000 2.867 
1 test2fip_inconsistent right_hidden
0.000 0.950 0.206 0.000 1.283 2.613 0.000 0.062 0.000 2.107 1.326 0.493 0.982 0.000 1.282 3.082 0.067 0.000 0.000 1.877 
---
0 test2fip_consistent left_hidden
0.000 0.024 2.811 0.000 0.802 0.000 0.000 0.000 0.000 0.000 0.000 0.000 1.949 0.000 0.000 2.321 2.110 1.648 0.369 0.000 
0 test2fip_consistent right_hidden
0.000 0.418 1.451 0.000 2.421 1.299 1.864 0.000 0.000 0.000 0.000 0.000 0.701 0.000 0.725 0.038 0.704 0.388 1.293 0.000 
---
1 test2fip_inconsistent left_hidden
0.000 0.024 2.811 0.000 0.802 0.000 0.000 0.000 0.000 0.000 0.000 0.000 1.949 0.000 0.000 2.321 2.110 1.648 0.369 0.000 
1 test2fip_inconsistent right_hidden
0.000 0.074 2.703 0.000 2.712 0.728 1.104 0.000 0.000 0.000 0.000 0.000 1.923 0.000 0.308 1.825 2.679 0.751 1.680 0.000 
---
0 test2fip_consistent left_hidden
2.107 0.000 2.722 0.000 0.000 1.121 0.000 0.736 2.609 0.895 0.668 0.000 2.037 0.000 0.636 0.000 0.142 0.000 0.000 0.000 
0 test2fip_consistent right_hidden
0.018 1.629 2.023 0.000 1.346 0.283 0.000 0.378 0.599 0.867 0.000 0.000 0.000 0.625 0.366 1.251 0.000 0.000 0.619 0.000 
---
1 test2fip_inconsistent left_hidden
2.107 0.000 2.722 0.000 0.000 1.121 0.000 0.736 2.609 0.895 0.668 0.000 2.037 0.000 0.636 0.000 0.142 0.000 0.000 0.000 
1 test2fip_inconsistent right_hidden
1.743 1.011 3.863 0.000 0.866 0.646 0.000 0.426 1.838 1.448 0.107 0.000 1.283 0.232 1.473 1.262 0.000 0.000 0.128 0.000 
---
0 test2fip_consistent left_hidden
0.885 0.271 0.826 0.150 0.450 0.000 0.781 0.000 0.556 2.523 1.430 2.408 1.734 0.554 0.000 0.966 0.290 0.160 0.390 1.906 
0 test2fip_consistent right_hidden
1.378 0.157 0.988 2.092 0.000 0.000 0.183 0.931 0.185 0.949 1.228 0.161 0.218 0.762 0.084 0.560 0.976 0.337 0.012 0.551 
---
1 test2fip_inconsistent left_hidden
0.885 0.271 0.826 0.150 0.450 0.000 0.781 0.000 0.556 2.523 1.430 2.408 1.734 0.554 0.000 0.966 0.290 0.160 0.390 1.906 
1 test2fip_inconsistent right_hidden
0.990 0.261 0.657 1.548 0.227 0.000 0.649 0.969 1.479 1.855 2.787 1.842 1.959 0.794 0.000 0.368 1.071 0.183 0.000 1.757 
---
0 test2fip_consistent left_hidden
0.910 0.223 0.000 0.076 0.000 2.878 0.507 0.000 0.000 0.000 0.000 3.042 0.172 2.039 0.200 1.221 0.000 0.000 0.872 0.000 
0 test2fip_consistent right_hidden
0.000 0.000 0.000 0.720 0.000 1.466 0.000 0.676 1.767 0.000 1.379 0.141 1.253 1.396 1.275 0.168 0.131 0.000 0.110 0.344 
---
1 test2fip_inconsistent left_hidden
0.910 0.223 0.000 0.076 0.000 2.878 0.507 0.000 0.000 0.000 0.000 3.042 0.172 2.039 0.200 1.221 0.000 0.000 0.872 0.000 
1 test2fip_inconsistent right_hidden
0.000 0.000 0.000 1.335 0.000 2.726 0.950 0.069 1.539 0.000 1.084 2.013 1.184 3.437 1.017 0.873 0.000 0.000 0.728 0.209 
---
0 test2fip_consistent left_hidden
0.000 0.365 0.904 1.024 1.977 0.000 0.000 1.087 0.626 1.069 0.000 1.184 1.749 1.759 1.912 0.000 0.160 0.000 0.199 1.798 
0 test2fip_consistent right_hidden
0.000 1.918 0.000 2.402 0.541 0.000 0.144 0.092 0.000 0.084 0.000 0.262 0.143 1.543 0.000 0.313 0.000 0.005 0.558 1.211 
---
1 test2fip_inconsistent left_hidden
0.000 0.365 0.904 1.024 1.977 0.000 0.000 1.087 0.626 1.069 0.000 1.184 1.749 1.759 1.912 0.000 0.160 0.000 0.199 1.798 
1 test2fip_inconsistent right_hidden
0.000 1.740 0.606 2.420 2.471 0.000 0.000 0.622 0.000 1.310 0.205 0.885 0.967 2.273 2.045 0.000 0.000 0.000 0.489 1.925 
---
0 test2fip_consistent left_hidden
0.225 1.230 0.856 0.000 0.000 3.475 0.366 1.625 0.304 2.457 0.090 0.000 0.000 0.000 0.000 0.066 1.594 0.920 0.000 1.590 
0 test2fip_consistent right_hidden
0.751 1.397 0.113 1.668 0.000 0.354 0.000 0.907 0.629 1.744 1.241 1.396 0.000 0.287 0.123 0.216 1.460 0.112 0.013 0.014 
---
1 test2fip_inconsistent left_hidden
0.225 1.230 0.856 0.000 0.000 3.475 0.366 1.625 0.304 2.457 0.090 0.000 0.000 0.000 0.000 0.066 1.594 0.920 0.000 1.590 
1 test2fip_inconsistent right_hidden
0.649 1.941 0.821 1.205 0.000 2.940 0.011 0.282 0.331 2.682 0.810 1.263 0.000 1.087 0.000 1.034 1.282 0.821 0.000 0.637 
---
0 test2fip_consistent left_hidden
0.000 0.000 1.880 3.332 0.000 2.763 0.864 0.000 0.781 2.293 1.350 0.000 0.833 0.000 0.000 0.000 0.666 0.000 0.000 0.000 
0 test2fip_consistent right_hidden
0.000 0.000 0.006 0.141 0.000 0.648 1.775 0.095 0.425 2.934 0.408 0.000 0.008 0.937 0.000 0.000 0.299 0.000 0.347 0.000 
---
1 test2fip_inconsistent left_hidden
0.000 0.000 1.880 3.332 0.000 2.763 0.864 0.000 0.781 2.293 1.350 0.000 0.833 0.000 0.000 0.000 0.666 0.000 0.000 0.000 
1 test2fip_inconsistent right_hidden
0.000 0.000 0.421 3.122 0.000 1.357 1.891 0.134 1.482 3.529 0.749 0.000 0.425 1.815 0.000 0.000 0.097 0.000 0.367 0.000 
---
0 test2fip_consistent left_hidden
0.000 0.024 0.000 0.000 2.108 0.000 0.000 0.362 0.849 0.481 0.455 0.000 2.421 0.000 0.000 0.000 3.290 0.000 0.343 2.021 
0 test2fip_consistent right_hidden
0.000 0.195 0.000 0.006 0.000 0.606 0.000 0.208 1.601 0.000 0.101 0.000 1.082 0.999 0.000 1.187 0.247 0.000 3.096 0.000 
---
1 test2fip_inconsistent left_hidden
0.000 0.024 0.000 0.000 2.108 0.000 0.000 0.362 0.849 0.481 0.455 0.000 2.421 0.000 0.000 0.000 3.290 0.000 0.343 2.021 
1 test2fip_inconsistent right_hidden
0.000 0.694 0.000 0.000 1.015 0.212 0.000 0.191 2.970 0.000 0.000 0.000 1.632 0.125 0.000 0.644 3.007 0.000 2.727 0.000 
---
0 test2fip_consistent left_hidden
0.000 0.882 0.328 0.000 2.976 0.000 0.000 0.867 0.000 0.999 0.921 1.061 0.000 0.000 0.000 0.645 2.983 0.042 0.346 0.986 
0 test2fip_consistent right_hidden
0.092 2.215 0.000 0.000 0.577 0.000 0.053 0.666 1.193 1.635 0.087 0.795 0.886 0.735 0.000 0.646 0.818 0.000 1.104 0.000 
---
1 test2fip_inconsistent left_hidden
0.000 0.882 0.328 0.000 2.976 0.000 0.000 0.867 0.000 0.999 0.921 1.061 0.000 0.000 0.000 0.645 2.983 0.042 0.346 0.986 
1 test2fip_inconsistent right_hidden
0.000 1.775 0.000 0.000 3.496 0.000 0.000 1.665 0.807 0.967 1.018 0.820 0.429 0.000 0.000 0.622 2.575 0.025 1.004 0.000 
---
0 test2fip_consistent left_hidden
1.027 1.940 0.000 1.793 0.000 0.305 0.628 0.000 1.610 1.127 0.000 0.000 0.946 0.527 0.000 3.531 0.000 0.000 1.680 0.000 
0 test2fip_consistent right_hidden
0.450 0.146 0.000 0.087 0.914 0.911 2.631 0.000 0.000 1.889 1.220 0.000 0.854 0.002 0.000 0.615 0.396 0.000 0.150 0.000 
---
1 test2fip_inconsistent left_hidden
1.027 1.940 0.000 1.793 0.000 0.305 0.628 0.000 1.610 1.127 0.000 0.000 0.946 0.527 0.000 3.531 0.000 0.000 1.680 0.000 
1 test2fip_inconsistent right_hidden
1.354 2.162 0.000 0.046 0.931 1.011 2.477 0.000 1.175 2.554 1.247 0.000 1.936 0.272 0.000 2.627 0.286 0.000 1.596 0.000 
---
0 test2fip_consistent left_hidden
0.000 0.000 0.000 0.000 1.023 0.349 0.806 2.178 0.701 1.668 1.200 0.897 0.000 2.263 0.283 1.679 0.761 1.821 0.000 1.509 
0 test2fip_consistent right_hidden
0.000 0.782 0.000 0.835 0.000 1.974 0.000 0.798 0.866 2.074 0.082 0.000 0.000 1.727 1.404 0.522 0.000 0.015 0.000 0.163 
---
1 test2fip_inconsistent left_hidden
0.000 0.000 0.000 0.000 1.023 0.349 0.806 2.178 0.701 1.668 1.200 0.897 0.000 2.263 0.283 1.679 0.761 1.821 0.000 1.509 
1 test2fip_inconsistent right_hidden
0.000 0.643 0.000 0.549 0.981 1.496 0.886 1.834 0.755 2.497 0.894 0.067 0.000 3.209 0.745 1.575 0.000 1.476 0.000 1.571 
---
0 test2fip_consistent left_hidden
1.113 3.916 0.000 0.067 0.133 0.000 1.580 0.385 0.000 1.705 1.616 0.000 0.000 0.000 0.051 1.001 0.000 0.000 0.146 0.000 
0 test2fip_consistent right_hidden
0.017 1.090 0.000 0.756 2.320 0.000 0.061 0.460 0.000 0.063 1.815 0.000 0.000 0.001 0.000 0.925 0.000 0.017 1.972 0.000 
---
1 test2fip_inconsistent left_hidden
1.113 3.916 0.000 0.067 0.133 0.000 1.580 0.385 0.000 1.705 1.616 0.000 0.000 0.000 0.051 1.001 0.000 0.000 0.146 0.000 
1 test2fip_inconsistent right_hidden
0.983 4.024 0.000 0.433 1.591 0.000 0.798 0.634 0.000 1.459 1.790 0.000 0.000 0.000 0.000 1.497 0.000 0.000 1.786 0.000 
---
0 test2fip_consistent left_hidden
1.686 0.000 0.000 0.000 0.000 0.761 0.000 0.229 1.295 2.681 0.000 2.044 0.250 0.000 0.181 3.029 0.000 0.000 1.370 0.000 
0 test2fip_consistent right_hidden
2.126 0.000 0.000 0.000 0.000 0.347 0.022 1.943 0.298 0.020 0.060 1.623 0.810 1.234 0.000 0.195 0.000 0.952 0.440 0.000 
---
1 test2fip_inconsistent left_hidden
1.686 0.000 0.000 0.000 0.000 0.761 0.000 0.229 1.295 2.681 0.000 2.044 0.250 0.000 0.181 3.029 0.000 0.000 1.370 0.000 
1 test2fip_inconsistent right_hidden
2.367 0.000 0.000 0.000 0.000 0.163 0.742 1.728 1.656 2.619 0.000 2.553 0.660 1.210 0.000 1.859 0.000 0.783 1.117 0.000 
---
0 test2fip_consistent left_hidden
0.000 1.234 0.000 3.053 0.000 0.701 0.025 0.000 0.042 0.000 0.000 0.469 0.000 0.000 3.461 1.688 0.354 0.000 0.000 0.000 
0 test2fip_consistent right_hidden
0.000 0.961 2.130 1.493 0.000 0.016 0.000 0.908 1.750 1.149 0.017 2.025 0.000 0.000 1.068 0.190 0.000 0.232 0.000 0.000 
---
1 test2fip_inconsistent left_hidden
0.000 1.234 0.000 3.053 0.000 0.701 0.025 0.000 0.042 0.000 0.000 0.469 0.000 0.000 3.461 1.688 0.354 0.000 0.000 0.000 
1 test2fip_inconsistent right_hidden
0.000 0.681 1.916 3.658 0.000 0.000 0.000 0.000 1.100 0.329 0.000 1.668 0.000 0.000 2.736 2.444 0.000 0.078 0.000 0.000 
---
0 test2fip_consistent left_hidden
1.094 0.000 0.000 3.762 0.000 0.716 0.768 0.186 0.000 2.366 1.270 0.000 1.326 0.042 0.000 0.000 0.000 0.000 0.000 0.523 
0 test2fip_consistent right_hidden
1.477 0.729 0.000 0.314 0.009 2.370 0.353 1.138 0.000 0.259 0.153 0.000 0.000 0.220 0.000 0.000 0.000 0.000 0.251 2.221 
---
1 test2fip_inconsistent left_hidden
1.094 0.000 0.000 3.762 0.000 0.716 0.768 0.186 0.000 2.366 1.270 0.000 1.326 0.042 0.000 0.000 0.000 0.000 0.000 0.523 
1 test2fip_inconsistent right_hidden
1.887 0.469 0.000 2.778 0.000 2.586 1.851 0.991 0.000 0.720 1.748 0.000 0.260 1.225 0.000 0.000 0.000 0.000 0.758 2.531 
---
0 test2fip_consistent left_hidden
0.000 1.019 0.000 2.730 0.000 0.000 0.000 0.000 0.112 0.000 0.000 0.397 0.000 1.554 2.864 0.000 0.000 0.754 0.000 2.783 
0 test2fip_consistent right_hidden
0.000 1.565 0.000 0.539 0.000 0.000 1.185 0.209 0.159 0.000 0.000 0.050 2.665 0.064 0.803 0.262 0.067 1.376 0.000 0.920 
---
1 test2fip_inconsistent left_hidden
0.000 1.019 0.000 2.730 0.000 0.000 0.000 0.000 0.112 0.000 0.000 0.397 0.000 1.554 2.864 0.000 0.000 0.754 0.000 2.783 
1 test2fip_inconsistent right_hidden
0.000 2.222 0.000 0.994 0.000 0.000 0.821 0.000 0.199 0.000 0.000 0.000 2.231 1.446 3.034 0.027 0.482 1.057 0.000 3.245 
---
0 test2fip_consistent left_hidden
4.273 0.000 0.048 0.000 0.000 0.000 0.000 0.331 0.302 0.000 0.000 0.888 0.000 0.000 2.253 0.000 2.771 0.000 0.000 0.000 
0 test2fip_consistent right_hidden
1.810 0.000 1.247 0.000 0.000 0.000 0.018 0.000 0.152 0.000 1.386 1.307 0.874 1.016 0.364 0.000 1.118 0.345 0.000 1.917 
---
1 test2fip_inconsistent left_hidden
4.273 0.000 0.048 0.000 0.000 0.000 0.000 0.331 0.302 0.000 0.000 0.888 0.000 0.000 2.253 0.000 2.771 0.000 0.000 0.000 
1 test2fip_inconsistent right_hidden
3.773 0.000 1.027 0.000 0.000 0.000 0.000 0.000 1.702 0.000 0.729 0.861 0.711 0.528 2.785 0.000 2.164 0.227 0.000 1.303 
---
0 test2fip_consistent left_hidden
0.495 2.339 2.594 0.205 1.026 0.000 0.000 1.912 0.000 0.000 2.473 0.000 0.000 0.016 0.000 1.066 0.000 0.000 0.528 1.277 
0 test2fip_consistent right_hidden
0.000 0.203 0.032 2.038 0.922 0.306 0.000 2.102 0.000 0.219 0.000 0.000 1.445 1.873 0.000 0.000 0.000 0.000 0.076 0.294 
---
1 test2fip_inconsistent left_hidden
0.495 2.339 2.594 0.205 1.026 0.000 0.000 1.912 0.000 0.000 2.473 0.000 0.000 0.016 0.000 1.066 0.000 0.000 0.528 1.277 
1 test2fip_inconsistent right_hidden
0.000 1.694 1.622 2.231 1.823 0.129 0.000 3.124 0.000 0.210 2.174 0.000 1.027 1.526 0.000 0.544 0.000 0.000 0.000 0.000 
---
0 test2fip_consistent left_hidden
0.932 0.000 0.000 1.296 0.547 0.000 3.490 0.590 0.000 0.000 1.001 0.000 0.199 0.441 0.453 0.000 1.641 1.421 0.195 0.000 
0 test2fip_consistent right_hidden
1.301 0.317 0.000 0.590 0.160 0.000 0.131 2.028 0.618 0.000 1.341 0.996 0.008 0.120 1.069 0.825 0.778 0.141 1.144 0.000 
---
1 test2fip_inconsistent left_hidden
0.932 0.000 0.000 1.296 0.547 0.000 3.490 0.590 0.000 0.000 1.001 0.000 0.199 0.441 0.453 0.000 1.641 1.421 0.195 0.000 
1 test2fip_inconsistent right_hidden
2.176 0.112 0.000 1.925 0.569 0.000 2.274 1.576 0.380 0.000 1.254 0.484 0.480 0.561 2.089 0.448 2.276 1.113 1.727 0.000 
---
0 test2fip_consistent left_hidden
0.000 0.009 0.000 0.926 0.000 0.851 0.000 0.000 0.436 0.000 0.000 0.000 1.959 0.471 3.167 0.006 2.812 0.000 0.043 1.239 
0 test2fip_consistent right_hidden
0.000 0.743 0.565 2.223 0.000 0.334 0.000 0.358 0.884 0.209 0.000 0.000 0.137 0.513 1.635 0.000 0.105 0.177 2.407 0.097 
---
1 test2fip_inconsistent left_hidden
0.000 0.009 0.000 0.926 0.000 0.851 0.000 0.000 0.436 0.000 0.000 0.000 1.959 0.471 3.167 0.006 2.812 0.000 0.043 1.239 
1 test2fip_inconsistent right_hidden
0.000 0.388 0.393 3.251 0.380 1.492 0.000 0.316 0.782 0.095 0.000 0.000 1.605 0.585 3.100 0.000 2.046 0.103 1.953 1.134 
---
0 test2fip_consistent left_hidden
3.390 0.973 0.000 0.000 0.000 0.000 0.000 1.256 1.544 1.833 0.000 1.024 0.041 0.000 3.045 0.000 0.000 0.555 1.014 0.000 
0 test2fip_consistent right_hidden
1.169 0.063 0.839 0.000 1.890 0.000 0.000 0.883 1.268 0.103 0.088 1.212 0.000 1.628 0.099 0.000 0.496 1.229 0.451 0.000 
---
1 test2fip_inconsistent left_hidden
3.390 0.973 0.000 0.000 0.000 0.000 0.000 1.256 1.544 1.833 0.000 1.024 0.041 0.000 3.045 0.000 0.000 0.555 1.014 0.000 
1 test2fip_inconsistent right_hidden
2.666 0.121 0.742 0.000 0.971 0.000 0.000 1.256 3.245 1.547 0.000 1.118 0.000 0.846 1.421 0.038 0.467 1.235 1.542 0.000 
---
0 test2fip_consistent left_hidden
0.216 0.557 0.000 0.419 0.000 0.000 0.000 0.301 0.000 0.000 2.293 2.326 0.000 0.471 0.000 0.000 4.090 0.000 0.000 0.000 
0 test2fip_consistent right_hidden
2.452 0.288 0.000 0.000 0.000 0.000 0.000 0.000 0.000 0.036 0.000 0.000 0.000 0.671 0.000 0.000 2.513 0.555 0.043 0.042 
---
1 test2fip_inconsistent left_hidden
0.216 0.557 0.000 0.419 0.000 0.000 0.000 0.301 0.000 0.000 2.293 2.326 0.000 0.471 0.000 0.000 4.090 0.000 0.000 0.000 
1 test2fip_inconsistent right_hidden
1.591 0.634 0.000 0.000 0.000 0.000 0.000 0.998 0.000 0.857 1.390 0.716 0.000 0.999 0.000 0.000 5.114 0.378 0.000 0.000 
---
0 test2fip_consistent left_hidden
0.042 0.000 0.501 1.154 1.960 0.000 0.000 1.000 0.877 0.000 0.083 0.000 1.134 1.964 2.692 1.463 1.272 0.003 0.049 0.000 
0 test2fip_consistent right_hidden
0.431 0.000 0.005 1.421 1.845 0.613 0.000 0.101 0.150 0.204 0.802 0.000 0.000 1.533 0.034 0.936 0.024 1.431 0.000 0.006 
---
1 test2fip_inconsistent left_hidden
0.042 0.000 0.501 1.154 1.960 0.000 0.000 1.000 0.877 0.000 0.083 0.000 1.134 1.964 2.692 1.463 1.272 0.003 0.049 0.000 
1 test2fip_inconsistent right_hidden
0.667 0.000 0.000 2.606 2.509 0.544 0.000 0.114 0.835 0.192 0.620 0.000 1.906 2.570 1.772 1.371 0.941 0.930 0.000 0.386 
---
0 test2fip_consistent left_hidden
0.000 0.000 0.000 0.528 1.769 0.000 0.000 0.000 0.000 3.154 0.000 1.846 0.000 0.738 0.000 0.000 2.414 1.013 0.000 0.000 
0 test2fip_consistent right_hidden
0.000 0.000 0.000 0.000 2.203 2.683 0.000 0.000 0.000 0.316 0.000 0.000 0.610 0.018 0.000 0.000 1.163 0.000 0.695 0.000 
---
1 test2fip_inconsistent left_hidden
0.000 0.000 0.000 0.528 1.769 0.000 0.000 0.000 0.000 3.154 0.000 1.846 0.000 0.738 0.000 0.000 2.414 1.013 0.000 0.000 
1 test2fip_inconsistent right_hidden
0.000 0.000 0.000 0.695 3.228 1.965 0.000 0.000 0.000 2.419 0.000 1.103 1.113 0.123 0.000 0.000 3.362 0.484 0.000 0.000 
---
0 test2fip_consistent left_hidden
0.000 2.279 0.000 0.000 0.255 2.210 3.639 0.956 0.322 0.214 0.000 0.000 0.000 0.951 0.000 0.000 0.000 0.650 0.000 0.288 
0 test2fip_consistent right_hidden
0.558 0.099 0.000 0.000 0.000 1.199 0.584 1.086 1.473 0.622 0.000 0.000 0.000 0.464 0.439 0.000 0.000 1.653 0.008 2.375 
---
1 test2fip_inconsistent left_hidden
0.000 2.279 0.000 0.000 0.255 2.210 3.639 0.956 0.322 0.214 0.000 0.000 0.000 0.951 0.000 0.000 0.000 0.650 0.000 0.288 
1 test2fip_inconsistent right_hidden
0.559 1.671 0.000 0.000 0.516 2.690 3.147 1.462 0.844 1.169 0.000 0.000 0.000 1.039 0.000 0.000 0.000 2.180 0.000 1.536 
---
0 test2fip_consistent left_hidden
0.097 0.746 1.575 1.381 1.905 0.209 1.327 0.000 0.529 0.000 1.734 2.027 0.000 1.231 0.000 2.201 0.000 0.327 0.000 1.237 
0 test2fip_consistent right_hidden
1.989 0.663 0.893 1.921 0.182 0.000 0.330 0.779 0.003 0.000 1.483 0.075 0.000 0.329 0.000 0.061 0.000 1.335 0.000 0.000 
---
1 test2fip_inconsistent left_hidden
0.097 0.746 1.575 1.381 1.905 0.209 1.327 0.000 0.529 0.000 1.734 2.027 0.000 1.231 0.000 2.201 0.000 0.327 0.000 1.237 
1 test2fip_inconsistent right_hidden
1.416 1.143 2.061 2.710 1.242 0.000 0.914 0.422 0.164 0.000 2.810 1.393 0.000 1.004 0.000 1.780 0.000 0.707 0.000 1.209 
---
0 test2fip_consistent left_hidden
0.000 2.392 0.000 0.000 1.890 1.094 1.201 0.000 0.216 0.481 0.000 2.846 1.607 0.000 0.000 0.000 0.000 1.495 0.596 0.027 
0 test2fip_consistent right_hidden
1.012 1.422 0.000 1.005 1.426 0.135 0.164 0.000 0.000 0.559 0.249 0.218 0.014 2.726 0.000 0.022 0.000 0.000 1.003 0.000 
---
1 test2fip_inconsistent left_hidden
0.000 2.392 0.000 0.000 1.890 1.094 1.201 0.000 0.216 0.481 0.000 2.846 1.607 0.000 0.000 0.000 0.000 1.495 0.596 0.027 
1 test2fip_inconsistent right_hidden
0.950 2.814 0.000 0.392 3.241 0.187 0.874 0.000 0.578 1.149 0.176 2.048 0.488 2.258 0.000 0.000 0.000 0.535 1.320 0.000 
---
0 test2fip_consistent left_hidden
1.883 1.710 2.878 0.327 0.246 0.000 0.000 1.339 0.394 0.365 0.000 0.000 0.000 2.429 1.738 0.000 0.799 0.000 0.051 0.000 
0 test2fip_consistent right_hidden
0.453 0.035 1.150 0.007 2.083 0.069 0.000 0.023 0.324 0.948 0.100 0.000 0.000 2.484 0.236 0.000 0.000 0.847 0.321 1.257 
---
1 test2fip_inconsistent left_hidden
1.883 1.710 2.878 0.327 0.246 0.000 0.000 1.339 0.394 0.365 0.000 0.000 0.000 2.429 1.738 0.000 0.799 0.000 0.051 0.000 
1 test2fip_inconsistent right_hidden
1.716 0.359 3.079 0.776 1.849 0.000 0.000 0.511 0.397 0.692 0.000 0.000 0.000 2.835 2.456 0.000 0.710 0.562 0.000 1.010 
---
0 test2fip_consistent left_hidden
0.470 0.552 0.000 0.000 0.000 0.000 0.000 0.375 0.000 0.000 0.000 0.251 0.212 0.226 0.000 3.734 0.430 1.442 3.036 0.370 
0 test2fip_consistent right_hidden
2.673 0.000 0.000 0.042 0.000 0.905 0.028 0.876 0.000 0.800 0.308 0.169 0.076 0.082 0.000 1.117 1.763 0.122 0.227 0.780 
---
1 test2fip_inconsistent left_hidden
0.470 0.552 0.000 0.000 0.000 0.000 0.000 0.375 0.000 0.000 0.000 0.251 0.212 0.226 0.000 3.734 0.430 1.442 3.036 0.370 
1 test2fip_inconsistent right_hidden
2.670 0.000 0.000 0.000 0.000 0.606 0.000 1.031 0.000 0.480 0.000 0.000 0.264 1.316 0.000 3.754 1.303 0.363 1.856 0.950 
---
0 test2fip_consistent left_hidden
0.674 2.600 0.000 0.000 0.068 3.266 0.000 0.000 1.528 0.446 0.005 0.000 1.011 0.000 0.000 2.479 0.402 0.000 0.000 0.341 
0 test2fip_consistent right_hidden
0.000 0.357 0.035 0.000 1.039 0.190 0.091 0.031 0.147 2.064 0.000 1.202 0.000 0.000 1.754 2.301 0.145 0.365 0.000 0.188 
---
1 test2fip_inconsistent left_hidden
0.674 2.600 0.000 0.000 0.068 3.266 0.000 0.000 1.528 0.446 0.005 0.000 1.011 0.000 0.000 2.479 0.402 0.000 0.000 0.341 
1 test2fip_inconsistent right_hidden
0.000 2.358 0.000 0.000 0.891 2.353 0.000 0.000 1.725 2.670 0.000 0.872 0.000 0.000 1.577 2.610 0.000 0.438 0.000 0.215 
---
0 test2fip_consistent left_hidden
0.084 1.583 0.176 1.170 0.000 2.910 1.277 3.015 0.238 0.000 1.310 0.000 0.000 0.000 0.752 0.548 0.202 0.000 0.048 0.000 
0 test2fip_consistent right_hidden
1.168 0.014 1.408 0.000 0.000 1.230 0.091 0.595 0.638 0.000 0.172 0.618 0.000 0.000 2.752 0.000 0.142 0.004 0.000 0.807 
---
1 test2fip_inconsistent left_hidden
0.084 1.583 0.176 1.170 0.000 2.910 1.277 3.015 0.238 0.000 1.310 0.000 0.000 0.000 0.752 0.548 0.202 0.000 0.048 0.000 
1 test2fip_inconsistent right_hidden
0.760 0.832 1.284 0.000 0.000 3.036 0.858 2.280 0.210 0.000 1.887 0.205 0.000 0.000 2.828 0.017 0.397 0.000 0.000 0.887 
---
0 test2fip_consistent left_hidden
0.173 0.948 0.000 0.875 3.217 0.111 0.000 0.065 0.593 0.357 0.153 1.531 1.873 1.317 1.252 0.000 0.000 1.110 0.000 0.000 
0 test2fip_consistent right_hidden
2.666 1.389 0.000 0.000 0.179 1.343 0.011 0.000 0.000 0.000 1.202 1.339 0.079 0.050 0.295 0.000 0.000 0.601 0.000 0.000 
---
1 test2fip_inconsistent left_hidden
0.173 0.948 0.000 0.875 3.217 0.111 0.000 0.065 0.593 0.357 0.153 1.531 1.873 1.317 1.252 0.000 0.000 1.110 0.000 0.000 
1 test2fip_inconsistent right_hidden
2.350 1.923 0.000 0.540 1.803 1.426 0.000 0.000 0.000 0.000 0.857 3.137 0.465 1.209 0.818 0.000 0.000 2.407 0.349 0.000 
---
0 test2fip_consistent left_hidden
0.048 0.000 0.000 2.317 1.343 0.000 1.690 0.000 0.000 0.000 0.114 0.000 0.715 0.000 3.778 0.591 0.648 0.508 0.027 0.000 
0 test2fip_consistent right_hidden
1.043 0.000 0.288 2.029 0.199 1.672 0.323 0.000 0.000 0.000 1.472 0.000 0.873 0.000 0.319 0.005 0.057 1.911 0.134 0.000 
---
1 test2fip_inconsistent left_hidden
0.048 0.000 0.000 2.317 1.343 0.000 1.690 0.000 0.000 0.000 0.114 0.000 0.715 0.000 3.778 0.591 0.648 0.508 0.027 0.000 
1 test2fip_inconsistent right_hidden
1.043 0.000 0.089 3.903 0.977 0.953 2.344 0.000 0.000 0.000 1.176 0.000 0.671 0.000 1.526 0.680 0.878 1.664 0.002 0.000 
---
0 test2fip_consistent left_hidden
0.009 0.000 0.250 1.234 0.000 0.344 0.981 0.040 3.547 1.411 2.033 0.058 0.000 0.000 0.000 0.684 0.000 0.000 0.092 2.564 
0 test2fip_consistent right_hidden
1.545 0.082 1.440 0.138 0.008 0.008 0.021 1.550 0.269 0.651 0.000 0.000 0.441 0.000 0.401 0.593 1.112 0.000 1.877 1.041 
---
1 test2fip_inconsistent left_hidden
0.009 0.000 0.250 1.234 0.000 0.344 0.981 0.040 3.547 1.411 2.033 0.058 0.000 0.000 0.000 0.684 0.000 0.000 0.092 2.564 
1 test2fip_inconsistent right_hidden
1.564 0.000 0.934 0.960 0.000 0.000 0.000 0.914 2.859 2.020 0.000 0.000 0.367 0.000 0.000 0.905 1.145 0.000 1.868 3.062 
---
