0 test2fip_consistent 1.421 2.545 1.555 2.249 0.506 0.000 0.000 0.000 1.554 0.000 0.152 1.576 0.000 0.556 0.001 1.810 0.159 0.933 0.000 1.373 1.135 0.121 1.594 0.046 1.874 0.642 0.000 0.000 0.751 0.000 0.058 1.688 0.000 0.216 1.812 0.080 0.152 0.000 0.000 1.716 
1 test2fip_inconsistent 1.421 2.545 1.555 2.249 0.506 0.000 0.000 0.000 1.554 0.000 0.152 1.576 0.000 0.556 0.001 1.810 0.159 0.933 0.000 1.373 2.179 1.879 3.414 1.031 1.523 0.207 0.000 0.000 1.754 0.000 0.000 2.151 0.000 0.718 0.786 1.423 0.000 0.000 0.000 1.793 
0 test2fip_consistent 0.670 0.046 0.000 0.000 0.000 3.958 0.000 0.006 0.286 0.268 1.531 0.386 1.582 0.713 2.396 0.000 0.758 0.810 0.842 0.000 0.034 2.735 0.608 0.481 0.059 0.627 0.000 0.000 0.310 0.000 0.423 0.061 0.000 0.635 0.916 1.599 0.565 1.042 1.183 0.000 
1 test2fip_inconsistent 0.670 0.046 0.000 0.000 0.000 3.958 0.000 0.006 0.286 0.268 1.531 0.386 1.582 0.713 2.396 0.000 0.758 0.810 0.842 0.000 0.600 3.119 0.301 0.232 0.000 3.745 0.000 0.000 0.813 0.000 1.285 0.000 1.538 1.676 2.303 1.194 0.323 0.502 0.761 0.000 
0 test2fip_consistent 0.091 0.000 0.000 2.317 0.000 0.000 1.687 1.750 0.117 0.401 1.655 0.000 0.540 0.364 0.000 1.076 0.000 2.688 0.421 1.458 0.002 0.597 0.060 0.249 0.030 0.191 2.072 0.880 0.000 2.244 0.144 0.000 0.000 0.122 0.000 0.190 0.000 0.041 0.000 2.460 
1 test2fip_inconsistent 0.091 0.000 0.000 2.317 0.000 0.000 1.687 1.750 0.117 0.401 1.655 0.000 0.540 0.364 0.000 1.076 0.000 2.688 0.421 1.458 0.000 0.399 0.047 1.811 0.000 0.032 2.822 1.285 0.000 1.849 2.381 0.000 0.371 0.180 0.000 0.000 0.000 1.568 0.000 3.310 
0 test2fip_consistent 0.000 0.000 0.592 0.000 0.324 2.273 0.000 1.164 1.021 3.589 1.219 0.000 0.528 0.000 0.002 1.747 0.000 2.185 0.000 0.257 0.000 0.000 1.150 3.018 0.000 0.521 1.507 2.102 0.085 0.605 0.057 0.000 0.000 0.000 1.263 0.000 0.000 0.157 0.000 0.000 
1 test2fip_inconsistent 0.000 0.000 0.592 0.000 0.324 2.273 0.000 1.164 1.021 3.589 1.219 0.000 0.528 0.000 0.002 1.747 0.000 2.185 0.000 0.257 0.000 0.000 0.928 2.226 0.000 2.436 1.119 3.267 0.000 3.957 0.833 0.000 0.000 0.000 0.857 0.000 0.000 1.539 0.000 0.000 
0 test2fip_consistent 1.859 0.000 0.263 0.000 0.558 0.000 0.000 0.000 3.395 1.527 0.000 1.115 0.000 0.000 1.847 0.000 0.000 0.037 0.359 1.475 0.134 0.000 0.015 0.000 3.032 0.000 0.000 0.217 0.438 0.529 0.000 1.313 0.020 0.000 1.615 0.000 0.000 0.780 0.000 1.633 
1 test2fip_inconsistent 1.859 0.000 0.263 0.000 0.558 0.000 0.000 0.000 3.395 1.527 0.000 1.115 0.000 0.000 1.847 0.000 0.000 0.037 0.359 1.475 2.395 0.000 0.000 0.000 2.720 0.000 0.000 0.000 3.192 1.547 0.000 0.844 0.020 0.000 2.374 0.000 0.000 1.700 0.000 1.542 
0 test2fip_consistent 0.493 0.949 1.677 0.000 1.646 0.000 0.000 0.000 0.000 1.746 3.191 0.000 2.323 1.076 0.663 0.000 1.428 1.033 1.004 0.000 2.241 1.258 1.906 0.171 0.121 0.460 0.000 0.000 1.207 0.579 0.457 0.000 0.101 0.000 0.000 0.000 0.265 0.222 0.000 1.049 
1 test2fip_inconsistent 0.493 0.949 1.677 0.000 1.646 0.000 0.000 0.000 0.000 1.746 3.191 0.000 2.323 1.076 0.663 0.000 1.428 1.033 1.004 0.000 2.283 1.061 3.166 0.000 2.532 0.654 0.000 0.000 0.599 1.855 2.198 0.000 1.761 0.366 0.000 0.000 0.822 1.667 0.311 0.511 
0 test2fip_consistent 0.000 0.751 0.116 0.000 0.000 0.569 0.000 0.480 0.000 0.000 0.000 0.249 0.000 1.706 0.000 0.453 0.420 4.321 0.001 2.096 0.168 0.397 0.000 1.386 0.000 0.000 0.009 2.837 0.047 0.000 0.241 1.474 0.000 0.094 0.660 0.071 1.962 0.352 0.000 0.459 
1 test2fip_inconsistent 0.000 0.751 0.116 0.000 0.000 0.569 0.000 0.480 0.000 0.000 0.000 0.249 0.000 1.706 0.000 0.453 0.420 4.321 0.001 2.096 0.000 1.120 0.000 1.075 0.000 0.000 0.000 2.963 0.055 0.000 0.111 0.988 0.000 0.749 0.673 1.527 3.247 3.518 0.000 1.759 
0 test2fip_consistent 0.000 0.000 0.143 0.427 0.000 0.000 0.000 3.516 0.000 0.000 0.000 0.086 0.000 1.319 0.000 0.000 0.000 0.000 3.782 0.000 0.000 0.000 2.416 0.416 0.000 0.299 0.337 1.019 0.007 1.607 0.000 0.700 0.000 0.030 0.000 0.000 0.000 0.000 2.003 1.683 
1 test2fip_inconsistent 0.000 0.000 0.143 0.427 0.000 0.000 0.000 3.516 0.000 0.000 0.000 0.086 0.000 1.319 0.000 0.000 0.000 0.000 3.782 0.000 0.000 0.000 1.467 1.435 0.000 0.000 1.031 2.397 0.000 1.404 0.000 0.354 0.000 1.048 0.000 0.000 0.000 0.000 4.919 0.540 
0 test2fip_consistent 0.288 0.983 0.000 0.000 0.533 0.000 0.000 0.000 0.000 1.357 3.686 2.887 0.131 0.644 1.155 0.000 1.010 0.000 0.203 0.000 0.000 0.000 0.425 0.000 2.555 1.488 0.000 0.000 0.000 1.148 0.186 1.236 0.000 0.271 2.436 0.000 0.018 0.000 0.999 0.000 
1 test2fip_inconsistent 0.288 0.983 0.000 0.000 0.533 0.000 0.000 0.000 0.000 1.357 3.686 2.887 0.131 0.644 1.155 0.000 1.010 0.000 0.203 0.000 0.000 0.000 0.080 0.000 2.322 2.486 0.000 0.000 0.000 1.212 2.900 2.399 0.000 2.460 2.079 0.000 1.081 0.000 2.756 0.054 
0 test2fip_consistent 0.433 0.000 0.000 0.271 3.900 0.000 0.000 0.000 0.000 1.854 0.000 0.175 0.000 0.000 0.000 0.000 3.742 0.000 0.000 0.000 2.066 2.335 0.000 0.000 1.044 0.043 0.000 0.000 0.000 2.253 1.467 0.125 0.000 0.000 0.000 1.156 1.198 0.135 0.296 0.000 
1 test2fip_inconsistent 0.433 0.000 0.000 0.271 3.900 0.000 0.000 0.000 0.000 1.854 0.000 0.175 0.000 0.000 0.000 0.000 3.742 0.000 0.000 0.000 1.960 1.103 0.000 0.460 3.688 0.000 0.000 0.000 0.000 1.626 0.966 0.873 0.000 0.000 0.000 1.330 4.448 0.000 0.000 0.000 
0 test2fip_consistent 0.000 0.000 1.816 1.925 1.865 0.365 0.000 2.636 0.000 0.000 0.000 1.064 0.463 0.473 0.464 0.307 1.596 0.145 0.000 2.152 0.000 0.000 0.501 0.975 1.651 0.116 2.252 0.204 0.034 1.445 0.000 0.000 0.117 0.000 0.022 1.411 0.943 0.000 0.000 1.235 
1 test2fip_inconsistent 0.000 0.000 1.816 1.925 1.865 0.365 0.000 2.636 0.000 0.000 0.000 1.064 0.463 0.473 0.464 0.307 1.596 0.145 0.000 2.152 0.000 0.000 2.104 2.287 3.223 0.658 1.797 2.799 0.079 0.881 0.000 1.439 0.481 0.000 0.532 0.991 0.297 0.000 0.000 1.355 
0 test2fip_consistent 0.000 0.000 1.227 0.000 0.000 1.912 0.483 3.866 0.000 0.889 0.000 0.000 2.430 0.000 0.936 0.000 0.000 0.000 0.413 1.045 0.000 0.000 0.653 1.158 0.000 1.655 0.293 0.339 1.371 0.306 0.000 1.434 0.255 0.000 0.431 0.000 0.017 1.930 0.053 1.639 
1 test2fip_inconsistent 0.000 0.000 1.227 0.000 0.000 1.912 0.483 3.866 0.000 0.889 0.000 0.000 2.430 0.000 0.936 0.000 0.000 0.000 0.413 1.045 0.000 0.000 0.956 0.427 0.000 3.266 0.570 1.973 1.379 2.037 0.000 0.987 2.693 0.000 0.186 0.000 0.000 1.558 0.145 2.620 
0 test2fip_consistent 1.474 0.000 0.744 1.863 0.000 0.000 3.720 0.095 0.136 0.003 0.000 1.735 1.914 0.000 0.369 0.000 0.000 0.352 2.053 0.000 0.154 0.158 0.297 0.116 0.150 0.000 1.040 0.128 1.802 0.190 1.025 0.650 1.855 0.000 0.000 0.000 0.089 0.538 1.183 1.945 
1 test2fip_inconsistent 1.474 0.000 0.744 1.863 0.000 0.000 3.720 0.095 0.136 0.003 0.000 1.735 1.914 0.000 0.369 0.000 0.000 0.352 2.053 0.000 1.394 0.140 0.718 1.836 0.240 0.000 3.072 0.525 1.310 0.340 0.977 1.552 2.512 0.000 1.218 0.000 0.000 0.410 2.268 0.854 
0 test2fip_consistent 2.186 0.000 0.977 2.379 1.386 0.000 0.018 0.000 2.100 1.315 0.000 0.000 1.682 2.280 0.000 1.044 1.347 0.000 0.000 0.583 2.762 0.000 0.139 0.156 0.475 0.000 0.003 2.122 0.091 0.000 0.000 0.965 1.638 0.596 0.511 0.000 0.006 0.000 0.000 0.052 
1 test2fip_inconsistent 2.186 0.000 0.977 2.379 1.386 0.000 0.018 0.000 2.100 1.315 0.000 0.000 1.682 2.280 0.000 1.044 1.347 0.000 0.000 0.583 3.871 0.000 0.624 1.530 0.362 0.000 0.000 1.399 0.524 1.150 0.000 1.726 1.996 3.749 0.499 0.000 0.322 0.000 0.000 0.000 
0 test2fip_consistent 0.000 0.000 2.454 0.000 2.023 0.056 0.054 1.115 0.000 1.826 1.709 0.000 1.722 0.000 0.000 0.000 0.889 1.664 0.185 1.942 0.000 0.822 0.471 0.000 0.430 1.065 1.754 1.231 0.579 1.517 0.456 0.060 0.762 1.822 0.265 0.000 0.818 0.895 0.046 0.606 
1 test2fip_inconsistent 0.000 0.000 2.454 0.000 2.023 0.056 0.054 1.115 0.000 1.826 1.709 0.000 1.722 0.000 0.000 0.000 0.889 1.664 0.185 1.942 0.000 0.000 3.380 0.000 2.269 0.717 1.229 1.205 0.000 2.112 0.962 0.000 1.387 1.249 0.875 0.000 0.863 1.820 0.000 2.205 
0 test2fip_consistent 0.473 2.028 0.279 0.054 1.894 0.939 1.991 3.424 0.000 0.000 0.206 1.403 0.127 0.000 0.000 0.624 0.483 0.157 0.000 0.000 0.000 0.161 1.222 0.071 0.877 0.835 2.166 0.356 0.676 0.000 0.000 0.400 1.066 0.000 0.111 1.810 0.241 0.536 1.202 0.491 
1 test2fip_inconsistent 0.473 2.028 0.279 0.054 1.894 0.939 1.991 3.424 0.000 0.000 0.206 1.403 0.127 0.000 0.000 0.624 0.483 0.157 0.000 0.000 0.538 1.903 0.841 0.153 1.340 0.324 3.109 3.127 0.050 0.000 0.000 1.271 0.227 0.000 0.000 2.587 0.314 1.072 0.601 0.000 
0 test2fip_consistent 1.149 0.000 0.177 0.720 1.604 0.000 0.000 0.000 3.616 0.577 0.276 0.000 0.000 1.897 0.000 0.000 0.000 1.954 0.000 0.000 2.300 0.907 0.000 0.146 0.432 0.703 0.000 0.000 0.682 2.177 1.573 0.000 0.000 0.000 0.000 1.976 0.513 0.184 0.000 0.000 
1 test2fip_inconsistent 1.149 0.000 0.177 0.720 1.604 0.000 0.000 0.000 3.616 0.577 0.276 0.000 0.000 1.897 0.000 0.000 0.000 1.954 0.000 0.000 3.782 0.232 0.000 0.936 1.606 0.122 0.000 0.000 3.577 2.315 0.985 0.000 0.000 0.475 0.000 1.021 0.329 0.741 0.000 0.000 
0 test2fip_consistent 1.219 0.012 1.441 0.072 0.000 0.000 0.000 0.000 0.000 0.622 0.962 0.000 0.042 0.959 0.338 4.959 0.000 0.000 0.000 0.000 0.215 1.132 0.297 2.544 0.457 0.000 0.000 0.000 0.000 0.031 2.182 0.214 0.018 0.000 0.194 1.262 0.692 0.000 0.000 1.620 
1 test2fip_inconsistent 1.219 0.012 1.441 0.072 0.000 0.000 0.000 0.000 0.000 0.622 0.962 0.000 0.042 0.959 0.338 4.959 0.000 0.000 0.000 0.000 1.293 0.374 0.174 1.292 0.223 0.000 0.000 0.000 0.000 0.000 2.678 0.000 0.067 0.000 0.440 5.261 0.763 0.000 0.000 1.491 
0 test2fip_consistent 0.000 0.717 0.000 0.000 0.000 0.000 3.669 0.000 0.137 2.099 0.000 0.429 1.249 0.000 0.000 0.000 0.317 0.000 2.869 0.355 0.000 0.000 1.008 0.143 0.013 0.299 0.000 0.000 3.338 1.219 0.375 1.126 0.080 0.174 0.000 0.000 0.125 0.000 1.586 0.076 
1 test2fip_inconsistent 0.000 0.717 0.000 0.000 0.000 0.000 3.669 0.000 0.137 2.099 0.000 0.429 1.249 0.000 0.000 0.000 0.317 0.000 2.869 0.355 0.000 0.000 0.000 0.000 0.000 0.126 3.486 0.000 3.164 2.516 0.073 0.863 0.877 0.000 0.000 0.000 0.000 0.000 2.855 0.000 
0 test2fip_consistent 0.344 0.000 0.000 0.020 0.967 1.638 0.507 0.000 0.410 0.075 0.000 0.000 2.169 0.532 0.000 2.958 0.000 0.606 1.968 1.094 0.000 0.495 0.000 1.271 0.613 0.874 2.377 0.000 0.204 1.541 0.000 0.000 0.298 0.144 0.000 1.189 0.000 0.005 0.220 2.215 
1 test2fip_inconsistent 0.344 0.000 0.000 0.020 0.967 1.638 0.507 0.000 0.410 0.075 0.000 0.000 2.169 0.532 0.000 2.958 0.000 0.606 1.968 1.094 0.000 0.274 0.000 1.108 0.579 1.844 1.884 0.000 0.727 1.588 0.000 0.000 1.666 1.228 0.000 3.583 0.000 0.047 2.818 1.990 
0 test2fip_consistent 0.000 0.000 2.537 0.000 0.802 0.087 0.333 0.000 0.104 0.000 1.030 0.658 0.319 0.000 2.286 0.000 2.484 2.320 0.000 0.000 0.000 0.000 0.696 1.412 0.383 0.000 2.593 1.488 0.097 0.000 0.024 0.453 0.413 1.435 0.703 0.000 1.794 0.656 0.064 0.000 
1 test2fip_inconsistent 0.000 0.000 2.537 0.000 0.802 0.087 0.333 0.000 0.104 0.000 1.030 0.658 0.319 0.000 2.286 0.000 2.484 2.320 0.000 0.000 0.000 0.000 3.151 1.202 0.229 0.000 2.267 1.216 0.065 0.025 1.353 0.613 0.282 0.585 2.885 0.000 3.048 1.332 0.000 0.000 
0 test2fip_consistent 0.000 1.026 0.000 0.338 0.000 3.467 2.183 0.000 0.000 0.000 0.000 1.618 0.000 2.079 0.000 0.000 0.000 0.471 0.000 1.492 0.481 0.299 0.000 0.000 0.621 0.615 0.257 0.000 0.044 0.140 1.799 0.639 1.174 0.676 2.557 0.000 0.000 1.624 0.000 0.229 
1 test2fip_inconsistent 0.000 1.026 0.000 0.338 0.000 3.467 2.183 0.000 0.000 0.000 0.000 1.618 0.000 2.079 0.000 0.000 0.000 0.471 0.000 1.492 0.000 0.849 0.000 0.000 1.601 3.394 1.956 0.040 0.000 0.000 0.816 0.872 0.764 1.224 2.779 0.000 0.000 1.016 0.000 2.056 
0 test2fip_consistent 3.236 1.415 0.000 0.000 1.557 0.000 1.312 0.000 0.000 2.112 2.927 0.451 0.000 0.000 0.104 0.000 0.000 0.000 0.000 1.588 1.817 2.729 2.160 0.728 0.152 0.488 0.001 0.188 0.624 0.255 0.059 0.321 0.000 0.264 0.491 0.097 0.000 0.089 0.000 0.069 
1 test2fip_inconsistent 3.236 1.415 0.000 0.000 1.557 0.000 1.312 0.000 0.000 2.112 2.927 0.451 0.000 0.000 0.104 0.000 0.000 0.000 0.000 1.588 4.111 3.321 1.725 0.269 1.133 0.802 0.000 0.000 0.158 2.128 2.024 0.592 0.000 0.000 1.054 0.046 0.000 0.000 0.000 1.632 
0 test2fip_consistent 2.606 0.271 1.425 1.915 0.005 0.000 1.042 0.000 0.025 0.000 0.485 0.000 0.000 0.000 0.088 1.794 1.546 2.460 1.289 0.000 0.296 0.000 1.017 0.128 0.767 1.415 0.610 1.379 0.268 0.701 0.547 0.000 1.499 0.000 0.678 0.104 0.345 0.298 2.446 0.000 
1 test2fip_inconsistent 2.606 0.271 1.425 1.915 0.005 0.000 1.042 0.000 0.025 0.000 0.485 0.000 0.000 0.000 0.088 1.794 1.546 2.460 1.289 0.000 1.016 0.000 2.644 0.028 0.211 1.066 2.251 0.749 0.000 0.824 1.826 0.000 1.158 0.000 0.230 1.912 1.039 1.661 2.628 0.000 
0 test2fip_consistent 0.000 0.000 0.000 0.000 0.000 0.000 2.501 0.000 0.368 2.964 2.761 1.032 1.183 0.073 0.000 0.170 0.000 0.000 0.052 1.444 0.000 0.932 0.000 0.543 0.000 0.058 0.161 0.083 0.152 0.166 0.574 0.000 2.080 0.000 3.118 0.799 1.057 0.059 0.000 0.182 
1 test2fip_inconsistent 0.000 0.000 0.000 0.000 0.000 0.000 2.501 0.000 0.368 2.964 2.761 1.032 1.183 0.073 0.000 0.170 0.000 0.000 0.052 1.444 0.000 1.365 0.000 0.905 0.000 0.000 0.886 0.000 0.186 2.734 2.453 0.148 3.326 0.000 2.911 0.816 0.911 0.000 0.000 1.003 
0 test2fip_consistent 1.063 0.000 2.018 0.000 0.000 0.000 0.000 0.000 0.000 0.897 3.106 1.554 2.262 0.000 0.000 0.000 0.339 0.000 2.099 0.000 0.399 0.000 1.657 0.126 0.000 0.463 0.000 0.000 1.742 0.000 0.513 0.400 1.185 2.217 0.000 0.000 1.432 0.405 0.000 0.000 
1 test2fip_inconsistent 1.063 0.000 2.018 0.000 0.000 0.000 0.000 0.000 0.000 0.897 3.106 1.554 2.262 0.000 0.000 0.000 0.339 0.000 2.099 0.000 1.842 0.000 2.655 0.000 0.000 0.000 0.000 0.000 1.294 0.410 2.843 1.894 2.695 1.622 0.000 0.000 1.299 0.000 0.911 0.000 
0 test2fip_consistent 0.000 0.000 2.092 0.000 0.000 0.531 0.000 0.000 4.436 0.638 0.000 0.000 0.000 1.397 0.000 0.585 0.000 0.000 0.000 0.000 0.000 3.143 1.451 0.000 0.046 0.019 0.000 0.520 0.000 0.422 0.373 0.000 0.000 2.332 0.000 0.045 0.392 0.000 0.000 1.321 
1 test2fip_inconsistent 0.000 0.000 2.092 0.000 0.000 0.531 0.000 0.000 4.436 0.638 0.000 0.000 0.000 1.397 0.000 0.585 0.000 0.000 0.000 0.000 0.000 2.572 2.503 0.000 0.000 0.000 0.000 0.000 3.317 0.300 0.909 0.000 0.000 3.638 0.000 0.784 0.617 0.000 0.000 0.831 
0 test2fip_consistent 0.000 0.000 0.096 0.695 2.438 0.670 0.000 0.000 0.000 0.000 0.000 0.000 2.628 0.000 0.000 0.223 3.315 0.000 0.917 0.000 1.396 0.127 0.036 1.113 1.860 2.025 1.533 0.000 0.000 0.000 0.000 1.248 0.207 0.000 0.000 0.000 0.043 0.000 0.149 0.073 
1 test2fip_inconsistent 0.000 0.000 0.096 0.695 2.438 0.670 0.000 0.000 0.000 0.000 0.000 0.000 2.628 0.000 0.000 0.223 3.315 0.000 0.917 0.000 0.514 0.000 0.418 0.282 3.787 1.981 1.134 0.030 0.000 0.000 0.147 1.893 2.898 0.000 0.000 0.000 2.250 0.000 0.675 0.000 
0 test2fip_consistent 0.036 1.261 2.669 0.904 0.000 0.000 0.454 0.000 0.000 0.791 0.000 0.851 0.432 0.161 0.071 2.673 0.000 2.930 0.000 0.000 1.403 0.084 0.090 0.175 0.011 0.988 0.400 0.000 0.000 0.052 0.665 0.000 0.247 2.467 1.174 2.927 0.000 0.095 0.278 0.000 
1 test2fip_inconsistent 0.036 1.261 2.669 0.904 0.000 0.000 0.454 0.000 0.000 0.791 0.000 0.851 0.432 0.161 0.071 2.673 0.000 2.930 0.000 0.000 0.867 0.152 2.420 1.238 0.027 0.067 1.272 0.000 0.000 0.000 0.594 0.067 0.117 2.264 1.078 3.929 0.000 2.421 0.000 0.000 
0 test2fip_consistent 0.000 0.000 0.000 0.000 2.486 0.000 0.000 0.363 1.312 1.822 0.400 0.000 0.000 0.000 0.000 2.098 0.000 1.158 0.000 3.111 2.973 1.062 0.000 0.379 1.039 1.396 0.000 0.636 0.473 0.534 0.000 0.000 0.000 0.000 1.302 0.655 0.000 0.140 0.000 0.329 
1 test2fip_inconsistent 0.000 0.000 0.000 0.000 2.486 0.000 0.000 0.363 1.312 1.822 0.400 0.000 0.000 0.000 0.000 2.098 0.000 1.158 0.000 3.111 2.315 2.219 0.000 0.776 2.582 1.195 0.000 1.730 1.806 2.511 0.000 0.000 0.000 0.000 0.761 2.163 0.000 0.231 0.000 1.880 
0 test2fip_consistent 0.000 0.000 0.000 0.000 2.110 0.203 0.000 0.000 0.000 1.729 0.000 0.000 3.867 0.000 1.417 0.000 0.000 0.000 1.503 1.450 0.000 0.975 0.000 0.289 0.009 1.163 0.036 2.526 0.000 0.107 0.000 0.000 1.906 0.000 0.000 1.421 0.000 0.000 1.728 0.371 
1 test2fip_inconsistent 0.000 0.000 0.000 0.000 2.110 0.203 0.000 0.000 0.000 1.729 0.000 0.000 3.867 0.000 1.417 0.000 0.000 0.000 1.503 1.450 0.000 0.275 0.000 0.000 0.174 0.063 0.437 2.401 0.000 2.615 0.000 0.000 4.370 0.000 0.032 0.863 0.000 0.000 1.712 1.244 
0 test2fip_consistent 0.993 0.327 1.227 0.691 1.276 0.700 0.304 0.287 0.026 0.000 1.815 0.000 0.000 3.453 0.000 0.000 1.001 0.134 1.390 1.585 2.008 0.000 0.000 0.000 0.283 0.566 1.929 0.000 0.063 0.000 1.454 1.106 1.139 0.208 0.000 0.000 0.055 1.324 0.141 0.502 
1 test2fip_inconsistent 0.993 0.327 1.227 0.691 1.276 0.700 0.304 0.287 0.026 0.000 1.815 0.000 0.000 3.453 0.000 0.000 1.001 0.134 1.390 1.585 1.693 0.000 0.130 0.000 1.434 2.257 1.710 0.000 0.000 0.000 2.369 0.835 0.803 2.797 0.000 0.000 0.616 0.431 0.950 1.354 
0 test2fip_consistent 0.343 1.558 1.723 0.000 1.281 0.000 0.000 0.092 0.955 0.000 2.439 1.350 1.821 0.000 1.107 0.000 0.000 2.845 0.660 0.000 2.428 0.119 0.291 0.615 0.975 0.000 0.000 0.000 0.064 0.000 0.735 0.261 2.531 0.000 0.000 0.000 0.222 0.752 1.470 0.349 
1 test2fip_inconsistent 0.343 1.558 1.723 0.000 1.281 0.000 0.000 0.092 0.955 0.000 2.439 1.350 1.821 0.000 1.107 0.000 0.000 2.845 0.660 0.000 1.484 0.774 3.096 0.106 1.722 0.000 0.000 0.000 0.000 0.000 1.969 0.000 3.719 0.000 0.369 0.000 0.256 2.515 0.587 0.000 
0 test2fip_consistent 0.000 3.169 0.646 2.363 0.288 1.529 0.000 0.000 0.000 0.000 0.000 0.000 0.000 1.084 2.654 0.000 1.240 1.152 0.822 0.000 0.000 0.033 0.231 0.023 0.402 1.547 0.375 0.000 0.000 0.000 0.021 0.021 1.289 0.000 1.250 0.000 3.225 0.149 0.055 0.690 
1 test2fip_inconsistent 0.000 3.169 0.646 2.363 0.288 1.529 0.000 0.000 0.000 0.000 0.000 0.000 0.000 1.084 2.654 0.000 1.240 1.152 0.822 0.000 0.000 1.433 0.194 1.907 0.296 2.287 0.000 0.000 0.000 0.000 0.911 0.000 0.609 0.512 3.729 0.000 3.706 0.971 0.933 0.530 
0 test2fip_consistent 0.117 0.000 0.056 0.000 0.000 1.649 1.365 0.000 2.764 0.777 0.870 1.561 2.147 1.916 0.000 0.000 0.000 0.344 1.543 0.284 1.859 0.048 0.796 0.105 0.059 0.817 0.343 1.017 0.326 0.000 0.305 2.968 0.267 0.197 0.000 0.000 0.000 0.074 0.000 0.536 
1 test2fip_inconsistent 0.117 0.000 0.056 0.000 0.000 1.649 1.365 0.000 2.764 0.777 0.870 1.561 2.147 1.916 0.000 0.000 0.000 0.344 1.543 0.284 0.930 0.000 0.232 0.915 0.000 0.374 1.563 0.453 2.692 0.571 0.324 4.103 1.347 2.134 0.000 0.000 0.000 0.000 1.257 0.341 
0 test2fip_consistent 2.361 0.943 0.000 1.781 0.647 0.000 0.000 0.449 1.991 0.744 0.771 1.469 0.478 1.018 0.000 0.936 0.095 0.326 1.927 0.000 0.348 0.532 1.102 0.272 0.028 0.000 0.000 0.683 0.324 0.000 1.214 0.022 0.959 0.044 1.771 1.513 0.000 0.056 1.923 1.111 
1 test2fip_inconsistent 2.361 0.943 0.000 1.781 0.647 0.000 0.000 0.449 1.991 0.744 0.771 1.469 0.478 1.018 0.000 0.936 0.095 0.326 1.927 0.000 1.545 0.275 0.724 1.121 0.000 0.000 0.000 0.306 2.914 1.108 1.567 0.448 0.397 0.591 1.618 2.080 0.000 0.050 2.789 0.875 
0 test2fip_consistent 0.000 0.000 0.000 3.133 1.304 0.000 0.438 2.307 0.000 2.517 0.069 0.000 0.000 2.536 0.000 1.014 0.000 0.000 0.000 0.795 0.000 0.000 0.129 0.973 0.080 0.000 1.906 0.423 0.000 0.233 2.178 1.634 0.964 2.112 0.000 0.000 0.000 0.000 0.000 0.000 
1 test2fip_inconsistent 0.000 0.000 0.000 3.133 1.304 0.000 0.438 2.307 0.000 2.517 0.069 0.000 0.000 2.536 0.000 1.014 0.000 0.000 0.000 0.795 0.000 0.000 0.000 2.811 0.000 0.000 1.064 2.257 0.000 2.511 2.235 1.521 0.416 4.051 0.000 0.000 0.000 0.000 0.000 0.000 
0 test2fip_consistent 2.650 0.000 1.297 0.000 1.459 0.000 0.943 1.739 0.000 1.122 0.277 0.611 0.000 0.000 0.840 0.000 1.082 2.797 0.029 0.000 0.491 0.000 0.084 0.251 1.327 0.296 0.452 0.198 0.000 0.000 1.622 0.440 0.637 0.000 1.009 0.000 2.912 0.141 0.000 0.199 
1 test2fip_inconsistent 2.650 0.000 1.297 0.000 1.459 0.000 0.943 1.739 0.000 1.122 0.277 0.611 0.000 0.000 0.840 0.000 1.082 2.797 0.029 0.000 2.222 0.000 0.603 0.082 1.348 0.446 1.379 1.388 0.000 0.279 1.107 1.675 0.587 0.000 2.080 0.000 3.505 2.286 0.000 0.000 
0 test2fip_consistent 0.000 1.516 1.358 2.369 0.000 0.000 0.000 1.703 0.000 0.000 0.000 1.050 1.067 1.972 0.000 1.453 0.000 0.000 0.035 2.922 0.207 1.724 1.544 1.845 0.000 0.000 0.415 0.059 1.614 0.000 0.871 0.530 0.046 0.072 0.000 0.077 0.000 1.730 0.000 0.004 
1 test2fip_inconsistent 0.000 1.516 1.358 2.369 0.000 0.000 0.000 1.703 0.000 0.000 0.000 1.050 1.067 1.972 0.000 1.453 0.000 0.000 0.035 2.922 0.703 1.092 1.997 4.287 0.000 0.000 0.121 1.805 1.085 0.000 0.541 2.038 1.154 0.877 0.000 0.478 0.000 1.866 0.000 1.795 
0 test2fip_consistent 0.000 0.000 0.000 0.318 0.000 0.000 0.816 0.000 2.871 0.662 2.402 0.000 0.334 1.960 0.000 1.983 0.000 3.147 0.000 0.000 0.000 0.000 0.352 0.521 0.887 0.000 0.000 0.000 0.121 0.000 0.152 0.000 0.280 0.000 3.022 1.068 0.000 2.329 0.000 0.672 
1 test2fip_inconsistent 0.000 0.000 0.000 0.318 0.000 0.000 0.816 0.000 2.871 0.662 2.402 0.000 0.334 1.960 0.000 1.983 0.000 3.147 0.000 0.000 0.000 0.000 0.000 0.346 0.069 0.000 0.000 0.000 1.968 0.000 2.714 0.000 0.000 0.431 2.259 2.296 0.000 4.611 0.000 0.447 
0 test2fip_consistent 0.000 0.999 0.000 1.964 1.655 1.158 0.829 0.000 1.267 0.638 0.000 1.520 3.295 0.000 0.000 0.000 0.000 0.000 0.000 1.575 0.000 0.418 0.000 2.446 1.890 0.000 0.075 0.000 0.679 0.071 0.000 1.291 0.000 0.272 0.000 0.000 0.387 0.000 0.000 1.720 
1 test2fip_inconsistent 0.000 0.999 0.000 1.964 1.655 1.158 0.829 0.000 1.267 0.638 0.000 1.520 3.295 0.000 0.000 0.000 0.000 0.000 0.000 1.575 0.000 0.118 0.000 1.863 3.103 1.758 0.688 0.000 2.036 0.428 0.000 2.263 1.996 0.108 0.000 0.000 0.228 0.000 0.000 2.812 
0 test2fip_consistent 0.000 0.000 0.000 3.527 0.688 0.360 0.381 1.202 0.085 0.906 0.000 0.799 0.575 0.088 1.690 2.673 0.000 1.956 0.000 0.000 0.000 0.311 1.659 0.112 0.838 0.786 0.000 0.472 0.204 0.115 0.000 0.875 1.365 2.868 0.212 0.624 0.000 1.526 0.000 0.162 
1 test2fip_inconsistent 0.000 0.000 0.000 3.527 0.688 0.360 0.381 1.202 0.085 0.906 0.000 0.799 0.575 0.088 1.690 2.673 0.000 1.956 0.000 0.000 0.000 0.000 0.531 2.572 0.808 1.455 0.000 1.158 0.446 1.248 0.000 1.280 2.535 3.062 1.316 2.902 0.000 2.444 0.000 0.424 
0 test2fip_consistent 0.000 0.000 0.000 0.000 0.121 0.188 0.086 0.000 0.000 0.153 0.000 0.000 2.402 0.000 0.000 0.000 0.292 4.974 0.000 0.000 0.271 0.000 0.000 0.178 0.011 1.577 1.381 0.000 0.000 1.622 0.000 0.000 0.289 2.134 0.121 1.116 0.647 1.393 0.531 0.000 
1 test2fip_inconsistent 0.000 0.000 0.000 0.000 0.121 0.188 0.086 0.000 0.000 0.153 0.000 0.000 2.402 0.000 0.000 0.000 0.292 4.974 0.000 0.000 0.720 0.000 0.000 0.000 0.000 0.804 1.005 0.000 0.000 2.842 0.000 0.000 2.512 1.344 0.079 0.742 0.000 4.157 1.891 0.000 
0 test2fip_consistent 0.597 0.547 1.002 2.155 0.000 0.000 0.000 0.000 2.083 2.882 0.000 0.000 0.000 0.000 0.000 2.371 0.147 0.469 0.502 0.000 0.031 0.553 0.771 0.057 0.173 0.000 1.029 0.000 0.805 0.572 0.000 0.000 0.555 0.000 0.962 0.183 0.048 3.450 0.000 0.000 
1 test2fip_inconsistent 0.597 0.547 1.002 2.155 0.000 0.000 0.000 0.000 2.083 2.882 0.000 0.000 0.000 0.000 0.000 2.371 0.147 0.469 0.502 0.000 0.268 0.602 1.191 1.350 0.000 0.000 0.173 0.000 2.300 3.306 0.000 0.000 0.804 0.000 0.261 1.810 0.888 4.095 0.000 0.000 
0 test2fip_consistent 0.686 0.000 0.000 0.000 0.312 0.016 4.642 0.000 0.000 0.109 0.000 0.000 0.000 0.000 0.000 0.000 1.042 0.930 1.204 2.201 1.002 0.293 1.758 0.000 0.384 0.020 0.247 1.617 0.832 0.415 0.000 0.695 0.169 2.237 0.011 0.000 1.768 0.070 1.401 1.112 
1 test2fip_inconsistent 0.686 0.000 0.000 0.000 0.312 0.016 4.642 0.000 0.000 0.109 0.000 0.000 0.000 0.000 0.000 0.000 1.042 0.930 1.204 2.201 1.315 0.152 1.271 0.000 0.921 0.002 3.512 0.513 1.221 0.336 0.000 0.000 0.264 1.038 0.000 0.000 3.022 1.698 2.587 1.535 
0 test2fip_consistent 0.000 3.632 1.726 0.000 0.783 0.000 0.313 0.000 1.800 0.000 0.000 2.961 0.000 0.644 0.000 1.155 0.000 0.000 0.000 0.000 2.196 0.885 0.120 0.000 0.215 0.000 0.003 0.000 0.964 0.000 2.077 0.145 0.000 2.017 0.000 0.093 0.000 0.575 0.000 0.000 
1 test2fip_inconsistent 0.000 3.632 1.726 0.000 0.783 0.000 0.313 0.000 1.800 0.000 0.000 2.961 0.000 0.644 0.000 1.155 0.000 0.000 0.000 0.000 2.219 3.667 2.151 0.000 1.359 0.000 0.000 0.000 0.803 0.000 1.933 1.022 0.000 2.837 0.000 0.000 0.000 1.679 0.000 0.000 
0 test2fip_consistent 2.599 0.000 0.258 0.000 0.321 0.008 0.130 3.045 0.000 0.098 0.000 1.581 1.380 1.648 1.793 0.327 1.420 0.000 0.523 0.181 0.000 0.596 0.608 0.000 1.697 1.616 0.851 1.891 0.162 0.000 0.000 0.773 0.276 0.090 0.128 0.588 0.000 0.000 0.482 1.480 
1 test2fip_inconsistent 2.599 0.000 0.258 0.000 0.321 0.008 0.130 3.045 0.000 0.098 0.000 1.581 1.380 1.648 1.793 0.327 1.420 0.000 0.523 0.181 0.773 0.056 0.485 0.000 0.702 1.294 0.700 3.450 0.000 0.000 0.000 2.054 0.984 3.067 1.261 0.531 0.278 0.000 0.581 1.498 
0 test2fip_consistent 0.000 1.608 0.000 2.770 0.000 0.112 0.921 2.285 0.000 0.350 0.000 1.472 1.438 0.000 0.000 0.000 0.638 2.836 0.077 0.000 0.000 0.606 1.161 1.172 0.000 0.058 0.061 0.752 0.016 0.000 0.000 0.064 0.070 0.000 1.132 1.484 0.000 1.476 2.712 0.103 
1 test2fip_inconsistent 0.000 1.608 0.000 2.770 0.000 0.112 0.921 2.285 0.000 0.350 0.000 1.472 1.438 0.000 0.000 0.000 0.638 2.836 0.077 0.000 0.000 0.320 1.211 2.131 0.000 1.223 0.000 3.216 0.122 0.000 0.000 1.967 0.879 0.000 0.699 1.584 1.044 3.131 2.299 1.158 
0 test2fip_consistent 0.000 0.795 0.000 0.000 0.000 0.000 0.000 0.000 0.000 0.000 2.512 2.042 0.000 1.630 0.000 0.000 0.000 0.754 3.576 0.000 0.210 1.935 2.255 0.000 1.272 0.000 0.025 1.452 0.000 0.000 1.808 0.293 0.000 0.000 0.000 0.000 0.000 0.073 1.170 0.000 
1 test2fip_inconsistent 0.000 0.795 0.000 0.000 0.000 0.000 0.000 0.000 0.000 0.000 2.512 2.042 0.000 1.630 0.000 0.000 0.000 0.754 3.576 0.000 0.000 1.651 1.364 0.000 1.229 0.000 0.000 1.054 0.000 0.000 3.448 2.140 0.000 1.004 0.000 0.000 0.000 1.421 3.639 0.000 
0 test2fip_consistent 2.526 0.000 0.000 0.000 2.171 0.000 0.000 0.940 0.000 0.000 0.000 0.000 0.000 0.977 0.929 2.120 1.592 1.382 1.451 1.422 1.026 0.386 0.362 0.000 0.683 0.000 2.393 0.000 0.000 0.000 0.000 0.000 0.000 0.278 0.119 1.023 2.869 0.041 1.296 0.037 
1 test2fip_inconsistent 2.526 0.000 0.000 0.000 2.171 0.000 0.000 0.940 0.000 0.000 0.000 0.000 0.000 0.977 0.929 2.120 1.592 1.382 1.451 1.422 3.661 0.219 0.000 0.000 2.155 0.000 1.729 1.032 0.000 0.000 0.000 0.000 0.000 0.000 0.724 1.984 3.417 1.183 1.121 1.530 
0 test2fip_consistent 2.161 3.507 0.000 0.000 0.067 0.000 0.000 0.669 1.303 0.234 2.419 0.000 0.459 1.135 0.000 0.880 0.000 1.789 0.000 0.000 0.709 1.421 0.048 2.277 2.724 0.000 0.000 0.894 0.108 0.077 0.526 0.000 0.286 0.000 0.000 0.313 0.000 0.000 0.000 0.000 
1 test2fip_inconsistent 2.161 3.507 0.000 0.000 0.067 0.000 0.000 0.669 1.303 0.234 2.419 0.000 0.459 1.135 0.000 0.880 0.000 1.789 0.000 0.000 1.327 4.571 0.000 1.605 1.830 0.000 0.000 0.591 1.433 0.000 2.249 0.000 0.734 0.143 0.000 1.387 0.000 0.048 0.000 0.023 
0 test2fip_consistent 1.995 0.693 0.000 2.905 0.345 1.501 0.798 2.017 2.261 0.021 0.000 0.000 1.168 0.000 0.000 0.000 0.000 0.000 0.701 0.110 2.030 1.147 0.426 0.365 1.721 0.000 0.093 0.000 1.021 0.209 0.000 0.000 1.683 0.772 1.048 0.000 1.481 0.000 0.000 1.253 
1 test2fip_inconsistent 1.995 0.693 0.000 2.905 0.345 1.501 0.798 2.017 2.261 0.021 0.000 0.000 1.168 0.000 0.000 0.000 0.000 0.000 0.701 0.110 3.239 0.860 0.429 2.569 0.850 0.297 2.239 1.475 2.128 0.000 0.000 0.000 2.582 0.000 0.853 0.000 0.877 0.000 0.010 1.008 
0 test2fip_consistent 0.000 0.000 0.000 0.000 0.000 0.352 0.078 0.000 0.000 2.829 2.762 3.463 0.155 1.467 0.000 0.000 0.000 0.007 0.000 0.000 0.659 0.000 1.016 1.501 0.000 0.000 0.000 1.894 1.714 0.104 0.585 1.864 0.000 0.203 0.043 0.580 0.000 1.092 0.293 0.000 
1 test2fip_inconsistent 0.000 0.000 0.000 0.000 0.000 0.352 0.078 0.000 0.000 2.829 2.762 3.463 0.155 1.467 0.000 0.000 0.000 0.007 0.000 0.000 0.426 0.000 0.520 1.488 0.000 0.000 0.624 1.192 1.101 2.951 1.638 3.701 0.000 1.227 0.000 1.307 0.000 0.187 0.594 0.000 
0 test2fip_consistent 0.000 0.858 1.616 0.000 0.000 0.000 0.000 2.507 0.000 1.118 1.046 0.000 1.026 1.062 0.375 2.558 2.574 0.092 0.000 0.000 0.089 2.244 1.755 0.000 0.011 0.000 2.239 0.814 0.000 1.320 0.214 0.000 0.628 0.151 0.000 1.066 0.239 0.031 0.035 0.000 
1 test2fip_inconsistent 0.000 0.858 1.616 0.000 0.000 0.000 0.000 2.507 0.000 1.118 1.046 0.000 1.026 1.062 0.375 2.558 2.574 0.092 0.000 0.000 0.141 2.207 3.108 0.000 0.000 0.000 1.772 2.034 0.000 0.529 1.085 0.000 1.838 0.188 0.000 2.875 2.916 0.000 0.000 0.000 
0 test2fip_consistent 3.459 0.000 0.124 2.801 1.107 1.883 0.000 0.000 0.000 0.000 0.000 0.916 1.702 0.000 0.490 1.534 0.012 0.000 0.000 0.000 0.000 0.557 0.225 2.221 0.000 0.099 0.482 0.061 0.005 0.246 0.327 0.599 1.972 1.905 0.173 0.015 1.492 0.181 0.304 0.755 
1 test2fip_inconsistent 3.459 0.000 0.124 2.801 1.107 1.883 0.000 0.000 0.000 0.000 0.000 0.916 1.702 0.000 0.490 1.534 0.012 0.000 0.000 0.000 2.372 0.285 0.580 2.443 0.248 1.711 0.574 0.013 0.000 0.000 0.048 1.634 3.796 1.281 0.792 1.339 1.889 0.073 0.066 0.740 
0 test2fip_consistent 0.257 0.000 3.070 0.000 2.956 0.000 0.000 0.000 0.000 0.661 0.000 0.000 0.634 0.000 0.049 0.000 0.123 0.000 0.000 2.862 0.000 0.918 1.379 0.000 0.144 0.000 0.000 0.000 0.102 0.126 1.498 0.000 0.253 0.000 0.040 0.000 1.868 2.454 0.000 1.947 
1 test2fip_inconsistent 0.257 0.000 3.070 0.000 2.956 0.000 0.000 0.000 0.000 0.661 0.000 0.000 0.634 0.000 0.049 0.000 0.123 0.000 0.000 2.862 0.000 0.986 2.392 0.000 2.570 0.000 0.000 0.000 0.526 1.458 0.344 0.000 0.227 0.000 0.518 0.000 1.505 2.014 0.000 4.418 
0 test2fip_consistent 2.079 0.000 0.000 0.000 1.578 1.846 0.355 0.985 0.000 0.000 0.000 0.801 1.519 0.807 0.000 0.000 0.000 3.724 0.581 0.000 1.144 0.000 0.000 0.000 1.666 0.962 0.212 0.093 0.697 3.142 0.000 1.343 0.187 0.062 0.000 0.033 0.015 0.693 0.101 0.092 
1 test2fip_inconsistent 2.079 0.000 0.000 0.000 1.578 1.846 0.355 0.985 0.000 0.000 0.000 0.801 1.519 0.807 0.000 0.000 0.000 3.724 0.581 0.000 1.898 0.000 0.000 0.000 1.623 0.829 0.279 2.451 1.546 3.241 0.000 1.344 1.560 1.306 0.000 0.000 0.000 3.139 0.639 0.000 
0 test2fip_consistent 0.000 2.056 1.946 0.439 2.877 0.000 0.189 0.568 0.231 0.859 0.000 2.559 2.017 0.135 0.491 0.498 0.000 0.000 0.780 0.000 0.000 0.550 1.570 1.422 0.760 0.000 1.444 1.464 0.000 0.011 0.000 0.278 0.208 0.148 0.092 2.896 0.000 0.000 0.799 0.000 
1 test2fip_inconsistent 0.000 2.056 1.946 0.439 2.877 0.000 0.189 0.568 0.231 0.859 0.000 2.559 2.017 0.135 0.491 0.498 0.000 0.000 0.780 0.000 0.000 2.153 3.204 1.171 2.908 0.000 0.990 1.434 0.000 0.000 0.000 2.827 0.976 0.000 0.000 1.952 0.000 0.000 0.640 0.000 
0 test2fip_consistent 0.317 0.000 0.202 0.000 0.000 1.115 0.000 0.000 0.000 0.745 0.767 0.000 0.000 0.000 0.875 1.441 3.923 1.690 0.000 3.113 0.000 0.284 1.912 1.108 0.000 0.029 1.688 0.000 0.000 1.113 0.000 1.850 0.637 0.000 0.799 0.000 1.328 0.200 0.000 0.252 
1 test2fip_inconsistent 0.317 0.000 0.202 0.000 0.000 1.115 0.000 0.000 0.000 0.745 0.767 0.000 0.000 0.000 0.875 1.441 3.923 1.690 0.000 3.113 0.000 0.000 1.325 0.955 0.000 0.073 1.302 0.000 0.000 0.418 0.197 1.682 0.286 0.000 1.257 0.000 3.936 1.410 0.000 2.754 
0 test2fip_consistent 0.000 0.000 0.492 0.000 0.000 0.000 0.243 0.122 0.000 0.667 2.512 0.000 0.205 0.000 1.033 3.527 0.431 1.814 0.000 2.025 0.829 0.000 2.010 0.617 0.000 0.753 0.462 1.151 0.000 1.634 0.000 0.000 2.540 0.000 0.134 1.555 0.051 0.117 0.000 0.855 
1 test2fip_inconsistent 0.000 0.000 0.492 0.000 0.000 0.000 0.243 0.122 0.000 0.667 2.512 0.000 0.205 0.000 1.033 3.527 0.431 1.814 0.000 2.025 0.308 0.000 0.914 0.000 0.000 0.189 0.435 0.860 0.000 1.745 0.223 0.000 2.658 0.000 1.976 3.419 0.000 1.416 0.000 3.422 
0 test2fip_consistent 1.069 0.000 0.000 0.000 1.325 0.000 1.026 0.074 1.911 0.000 2.237 0.115 0.000 2.810 0.000 0.269 0.378 0.000 0.000 3.019 0.102 1.608 0.000 0.148 0.727 0.000 0.177 0.021 0.176 0.000 1.412 0.209 0.000 0.038 0.000 0.035 1.754 1.518 0.000 2.425 
1 test2fip_inconsistent 1.069 0.000 0.000 0.000 1.325 0.000 1.026 0.074 1.911 0.000 2.237 0.115 0.000 2.810 0.000 0.269 0.378 0.000 0.000 3.019 0.845 0.564 0.000 0.711 0.208 0.000 1.860 0.000 1.467 0.000 1.311 0.000 0.000 2.034 0.000 0.935 1.368 0.916 0.000 4.264 
0 test2fip_consistent 1.936 0.000 0.874 0.000 0.000 1.314 0.140 0.000 0.395 0.000 2.490 0.161 0.965 1.686 0.000 0.206 0.422 2.745 0.063 0.000 0.065 0.119 0.844 2.246 0.973 0.030 0.093 0.549 0.064 0.000 0.100 0.000 0.053 0.839 0.085 0.952 0.103 2.092 1.388 0.000 
1 test2fip_inconsistent 1.936 0.000 0.874 0.000 0.000 1.314 0.140 0.000 0.395 0.000 2.490 0.161 0.965 1.686 0.000 0.206 0.422 2.745 0.063 0.000 1.598 0.620 1.939 1.721 0.455 1.145 0.000 0.107 0.424 0.000 1.985 0.000 0.528 2.006 0.000 1.495 0.052 3.755 1.498 0.000 
0 test2fip_consistent 0.530 2.360 1.730 0.076 0.000 0.458 0.019 0.052 3.456 0.246 1.816 0.092 0.988 1.082 0.053 0.000 0.075 0.000 0.000 0.000 0.200 0.932 0.156 0.790 0.000 0.333 1.067 1.643 0.156 0.000 0.112 1.521 0.746 2.544 0.460 0.000 0.000 0.000 0.000 0.000 
1 test2fip_inconsistent 0.530 2.360 1.730 0.076 0.000 0.458 0.019 0.052 3.456 0.246 1.816 0.092 0.988 1.082 0.053 0.000 0.075 0.000 0.000 0.000 0.363 1.479 2.102 1.492 0.000 1.605 0.912 0.257 3.060 0.000 1.068 1.975 1.170 3.409 0.773 0.000 0.000 0.000 0.000 0.000 
0 test2fip_consistent 1.387 3.379 0.726 0.000 0.000 0.000 1.156 0.000 0.000 0.727 0.182 1.576 0.168 0.543 2.121 0.049 1.424 0.000 0.000 0.012 0.000 0.567 0.000 0.076 0.000 0.000 0.050 2.918 0.000 0.000 0.103 0.000 0.406 0.735 2.451 0.061 0.769 0.051 0.000 0.000 
1 test2fip_inconsistent 1.387 3.379 0.726 0.000 0.000 0.000 1.156 0.000 0.000 0.727 0.182 1.576 0.168 0.543 2.121 0.049 1.424 0.000 0.000 0.012 1.048 2.667 0.167 0.695 0.000 0.000 0.830 2.151 0.000 0.184 0.829 2.072 0.396 0.906 4.032 0.062 0.947 0.000 0.000 0.000 
0 test2fip_consistent 1.651 1.003 0.642 0.000 0.000 0.000 1.330 1.315 0.519 1.615 3.377 1.405 0.778 0.000 0.044 0.000 1.643 0.008 0.000 0.000 0.285 1.583 0.408 0.239 0.768 0.000 0.380 0.102 2.156 1.284 0.244 0.626 0.000 0.080 1.311 0.000 0.189 0.000 0.351 0.639 
1 test2fip_inconsistent 1.651 1.003 0.642 0.000 0.000 0.000 1.330 1.315 0.519 1.615 3.377 1.405 0.778 0.000 0.044 0.000 1.643 0.008 0.000 0.000 0.136 1.460 1.650 0.000 0.294 0.000 2.267 1.588 1.791 2.248 2.499 1.198 0.371 0.000 1.031 0.015 2.042 0.000 0.218 0.628 
0 test2fip_consistent 0.000 1.219 0.000 0.278 2.289 0.000 0.408 0.000 0.000 0.000 1.007 1.065 0.000 0.456 1.712 1.562 0.519 2.939 0.000 1.674 0.000 0.318 0.000 2.767 1.035 0.098 1.654 0.364 0.041 0.000 0.000 0.188 0.000 0.426 1.187 1.722 0.576 0.137 0.000 0.846 
1 test2fip_inconsistent 0.000 1.219 0.000 0.278 2.289 0.000 0.408 0.000 0.000 0.000 1.007 1.065 0.000 0.456 1.712 1.562 0.519 2.939 0.000 1.674 0.000 0.574 0.000 2.323 3.283 0.000 1.085 0.000 0.136 0.000 0.000 1.267 0.000 0.480 1.490 2.471 0.937 3.340 0.000 2.129 
0 test2fip_consistent 2.684 3.621 0.109 0.000 0.000 0.121 0.941 1.003 0.057 0.190 1.200 0.000 0.856 0.000 0.909 0.302 0.000 0.249 0.089 0.000 1.964 0.071 0.098 0.044 1.193 0.013 0.000 0.954 0.061 0.544 0.176 0.182 1.516 0.000 1.134 1.738 0.000 0.000 0.000 0.000 
1 test2fip_inconsistent 2.684 3.621 0.109 0.000 0.000 0.121 0.941 1.003 0.057 0.190 1.200 0.000 0.856 0.000 0.909 0.302 0.000 0.249 0.089 0.000 2.754 2.788 0.000 0.000 0.831 0.068 0.000 1.657 0.000 1.567 2.106 0.961 2.523 0.000 0.863 1.452 0.000 0.005 0.491 0.000 
0 test2fip_consistent 0.000 0.000 3.104 0.000 0.000 0.000 0.766 3.717 1.630 0.000 0.000 0.433 0.159 0.000 0.098 0.553 0.000 0.738 0.000 0.000 0.000 0.000 2.134 0.000 0.000 1.505 0.699 0.407 1.536 0.000 0.000 0.136 0.000 0.114 0.273 0.000 2.548 0.385 0.000 0.000 
1 test2fip_inconsistent 0.000 0.000 3.104 0.000 0.000 0.000 0.766 3.717 1.630 0.000 0.000 0.433 0.159 0.000 0.098 0.553 0.000 0.738 0.000 0.000 0.000 0.000 3.603 0.000 0.000 0.922 1.565 3.737 2.560 0.000 0.000 0.805 0.000 0.000 0.348 0.047 1.859 1.010 0.000 0.000 
0 test2fip_consistent 0.000 1.415 1.189 0.284 3.144 0.286 2.034 0.000 1.104 0.058 0.697 0.097 0.169 0.000 0.077 0.000 2.054 1.199 0.000 0.000 0.000 0.231 0.230 2.771 1.882 0.000 0.449 0.000 0.000 1.710 0.092 0.153 0.000 0.000 0.682 0.000 0.382 0.069 0.000 0.017 
1 test2fip_inconsistent 0.000 1.415 1.189 0.284 3.144 0.286 2.034 0.000 1.104 0.058 0.697 0.097 0.169 0.000 0.077 0.000 2.054 1.199 0.000 0.000 0.000 0.016 1.986 2.237 4.286 0.000 2.235 0.000 0.862 1.214 0.000 0.000 0.104 0.000 0.293 0.038 2.197 1.326 0.000 0.000 
0 test2fip_consistent 0.000 1.155 0.000 0.000 0.000 0.000 0.000 0.000 1.989 0.032 2.069 0.240 1.486 0.000 2.271 0.000 0.051 0.000 1.664 2.779 0.000 0.048 1.608 0.000 0.862 0.000 0.067 0.000 0.613 0.152 1.456 2.849 0.599 0.000 0.292 0.443 1.741 0.000 0.148 1.166 
1 test2fip_inconsistent 0.000 1.155 0.000 0.000 0.000 0.000 0.000 0.000 1.989 0.032 2.069 0.240 1.486 0.000 2.271 0.000 0.051 0.000 1.664 2.779 0.000 0.857 1.299 0.000 0.960 0.000 0.000 0.000 2.384 0.000 3.135 1.890 1.878 0.000 2.277 0.279 1.551 0.000 0.553 2.750 
0 test2fip_consistent 3.830 1.293 0.919 0.000 1.855 0.000 0.000 0.185 0.000 0.399 0.000 0.000 0.843 1.812 0.174 0.985 0.920 0.319 0.000 0.646 0.000 0.515 0.000 0.054 0.476 0.000 0.000 1.153 0.000 1.070 0.000 0.000 0.338 0.050 1.566 1.583 0.823 1.946 0.326 1.100 
1 test2fip_inconsistent 3.830 1.293 0.919 0.000 1.855 0.000 0.000 0.185 0.000 0.399 0.000 0.000 0.843 1.812 0.174 0.985 0.920 0.319 0.000 0.646 3.198 2.132 0.000 0.045 1.107 0.113 0.000 1.506 0.000 0.972 0.000 0.000 0.000 0.962 0.539 2.012 2.251 1.245 0.000 0.694 
0 test2fip_consistent 0.000 0.000 0.940 0.290 2.814 0.000 0.848 0.000 1.196 0.000 1.932 0.295 0.000 0.000 0.192 0.000 1.213 0.021 0.000 3.385 0.042 0.000 2.251 0.330 0.069 0.106 0.000 0.000 0.180 0.909 1.618 0.716 0.000 1.041 2.061 0.010 0.567 0.295 0.000 0.729 
1 test2fip_inconsistent 0.000 0.000 0.940 0.290 2.814 0.000 0.848 0.000 1.196 0.000 1.932 0.295 0.000 0.000 0.192 0.000 1.213 0.021 0.000 3.385 0.623 0.000 2.443 0.000 2.228 0.000 0.000 0.000 0.000 0.200 3.618 0.391 0.000 0.090 1.247 0.000 1.693 0.554 0.000 3.427 
0 test2fip_consistent 0.000 0.000 0.027 0.268 1.163 3.025 0.000 2.889 0.316 0.000 1.469 0.000 0.732 0.000 0.088 0.958 1.782 0.109 0.000 0.000 0.000 0.949 1.545 0.531 0.560 1.112 0.001 0.241 1.128 0.000 0.519 0.000 2.868 0.527 0.000 0.685 0.302 0.027 0.000 0.698 
1 test2fip_inconsistent 0.000 0.000 0.027 0.268 1.163 3.025 0.000 2.889 0.316 0.000 1.469 0.000 0.732 0.000 0.088 0.958 1.782 0.109 0.000 0.000 0.000 0.821 1.547 0.563 1.745 2.996 0.000 1.685 0.992 0.000 2.446 0.000 2.588 0.000 0.000 1.252 2.105 0.000 0.000 0.078 
0 test2fip_consistent 1.677 2.600 0.000 0.000 0.000 1.223 1.705 0.107 0.680 0.000 0.000 0.000 0.000 0.663 0.014 1.562 0.141 0.615 1.903 2.314 0.260 0.712 0.000 0.732 0.622 0.097 0.697 1.210 0.359 1.525 0.515 0.000 0.402 0.000 2.646 0.641 0.180 1.378 0.589 0.073 
1 test2fip_inconsistent 1.677 2.600 0.000 0.000 0.000 1.223 1.705 0.107 0.680 0.000 0.000 0.000 0.000 0.663 0.014 1.562 0.141 0.615 1.903 2.314 2.415 2.232 0.000 0.064 1.510 1.264 1.750 1.239 0.000 0.540 0.337 0.000 0.501 0.000 2.255 1.043 0.060 1.756 2.171 1.823 
0 test2fip_consistent 1.253 0.000 0.000 0.000 1.257 1.716 0.000 0.000 0.000 0.055 0.000 0.998 3.951 0.000 1.547 0.186 0.000 0.000 2.078 0.000 0.749 0.000 0.000 0.323 0.201 1.445 1.774 0.479 0.000 0.140 0.000 0.000 0.464 0.000 0.621 0.364 2.573 0.000 0.845 0.000 
1 test2fip_inconsistent 1.253 0.000 0.000 0.000 1.257 1.716 0.000 0.000 0.000 0.055 0.000 0.998 3.951 0.000 1.547 0.186 0.000 0.000 2.078 0.000 3.267 0.000 0.000 0.000 2.000 1.578 1.374 0.000 0.000 0.159 0.000 0.000 3.245 0.000 0.355 0.379 2.016 0.000 1.393 0.000 
0 test2fip_consistent 0.568 1.150 2.052 0.000 1.290 0.976 2.044 1.165 0.000 0.000 1.116 0.000 0.583 2.905 0.000 0.000 0.561 0.160 0.411 0.000 0.029 1.470 0.942 0.241 2.023 0.107 0.589 0.474 0.000 0.295 1.059 0.000 0.314 0.245 0.000 0.159 1.158 0.294 1.714 1.573 
1 test2fip_inconsistent 0.568 1.150 2.052 0.000 1.290 0.976 2.044 1.165 0.000 0.000 1.116 0.000 0.583 2.905 0.000 0.000 0.561 0.160 0.411 0.000 0.204 2.112 1.932 0.174 2.259 0.590 2.003 1.927 0.000 0.293 1.215 0.000 0.076 3.207 0.000 0.000 1.763 0.352 1.882 0.632 
0 test2fip_consistent 1.248 0.520 1.419 0.000 0.000 1.108 0.843 1.909 0.000 0.972 0.000 0.195 3.418 0.000 0.000 0.529 1.009 1.256 0.924 1.008 0.427 1.888 0.976 0.000 0.212 0.245 0.041 0.226 0.000 0.225 0.333 1.581 0.272 0.000 1.500 0.175 0.098 1.098 1.779 0.471 
1 test2fip_inconsistent 1.248 0.520 1.419 0.000 0.000 1.108 0.843 1.909 0.000 0.972 0.000 0.195 3.418 0.000 0.000 0.529 1.009 1.256 0.924 1.008 0.375 1.585 2.325 0.000 0.000 1.269 0.000 2.103 0.000 0.758 0.034 1.077 2.910 0.000 0.836 0.993 1.227 1.073 2.504 0.882 
0 test2fip_consistent 0.160 0.211 0.000 0.000 0.022 1.539 0.000 0.000 0.000 0.000 0.000 0.109 0.000 0.000 3.020 4.220 0.000 0.000 0.000 0.328 1.192 1.130 2.165 0.407 0.058 0.659 0.800 0.000 0.000 0.296 0.415 0.147 0.000 0.610 0.000 2.135 0.392 0.000 0.125 1.211 
1 test2fip_inconsistent 0.160 0.211 0.000 0.000 0.022 1.539 0.000 0.000 0.000 0.000 0.000 0.109 0.000 0.000 3.020 4.220 0.000 0.000 0.000 0.328 0.728 1.217 1.217 0.000 0.036 0.828 0.027 0.000 0.000 0.000 1.701 0.000 0.000 0.098 1.791 4.704 0.221 0.000 0.365 1.031 
0 test2fip_consistent 1.780 0.514 0.000 2.229 1.164 0.000 1.166 1.250 1.613 0.000 0.000 0.000 0.000 2.516 0.000 0.000 0.000 0.000 2.209 0.013 0.115 2.114 0.000 1.407 0.000 1.025 0.071 0.000 0.994 0.000 1.951 0.000 0.000 0.453 1.032 0.000 0.096 0.000 1.915 0.000 
1 test2fip_inconsistent 1.780 0.514 0.000 2.229 1.164 0.000 1.166 1.250 1.613 0.000 0.000 0.000 0.000 2.516 0.000 0.000 0.000 0.000 2.209 0.013 0.858 1.288 0.000 4.151 1.056 1.169 1.013 0.000 2.061 0.000 0.850 0.000 0.000 2.319 0.812 0.000 0.000 0.000 2.588 0.000 
0 test2fip_consistent 0.262 1.598 0.000 0.000 0.000 1.496 1.592 0.000 0.705 0.577 3.445 0.734 0.737 0.850 0.563 0.555 1.150 2.420 0.000 0.000 2.275 0.147 0.000 0.000 0.000 1.362 0.232 0.000 0.004 0.155 1.718 1.631 0.039 0.000 0.335 1.392 0.134 0.000 0.000 0.000 
1 test2fip_inconsistent 0.262 1.598 0.000 0.000 0.000 1.496 1.592 0.000 0.705 0.577 3.445 0.734 0.737 0.850 0.563 0.555 1.150 2.420 0.000 0.000 1.444 1.848 0.000 0.000 0.000 1.055 1.665 0.000 0.249 0.658 3.545 2.458 0.798 1.025 0.283 1.832 1.337 1.757 0.000 0.000 
0 test2fip_consistent 0.426 3.161 0.000 0.567 0.000 0.594 0.123 0.202 0.000 0.000 1.299 2.392 0.000 0.668 0.000 0.918 3.063 0.000 0.000 0.380 0.348 0.042 0.000 0.033 0.524 1.353 1.928 0.029 0.000 0.000 0.857 0.305 0.000 1.650 0.000 0.338 1.172 0.342 0.472 2.122 
1 test2fip_inconsistent 0.426 3.161 0.000 0.567 0.000 0.594 0.123 0.202 0.000 0.000 1.299 2.392 0.000 0.668 0.000 0.918 3.063 0.000 0.000 0.380 0.013 2.421 0.000 0.000 0.000 0.450 1.804 0.591 0.000 0.000 1.885 2.369 0.000 2.023 0.000 0.867 3.027 0.000 1.079 1.869 
0 test2fip_consistent 0.000 0.000 0.000 0.000 0.000 0.454 0.000 0.000 0.000 0.241 0.000 1.156 0.386 0.000 0.000 2.096 4.191 1.348 0.591 1.814 0.913 1.363 0.169 0.135 0.000 1.642 0.000 0.000 1.235 0.061 0.685 0.000 1.746 2.221 0.032 0.260 1.875 0.050 1.480 0.000 
1 test2fip_inconsistent 0.000 0.000 0.000 0.000 0.000 0.454 0.000 0.000 0.000 0.241 0.000 1.156 0.386 0.000 0.000 2.096 4.191 1.348 0.591 1.814 0.464 1.483 1.463 0.000 0.000 2.837 0.000 0.000 0.915 0.000 0.357 0.000 1.788 1.859 0.000 2.966 3.378 1.005 1.150 0.779 
0 test2fip_consistent 0.000 0.000 0.096 0.000 1.273 1.720 0.000 0.000 3.445 0.000 0.493 1.725 2.291 0.000 0.012 0.000 0.000 0.000 1.186 0.000 0.000 0.943 0.103 0.841 2.757 0.557 0.000 0.000 0.315 0.060 1.203 0.051 1.039 0.000 0.216 1.886 0.000 0.000 0.372 0.813 
1 test2fip_inconsistent 0.000 0.000 0.096 0.000 1.273 1.720 0.000 0.000 3.445 0.000 0.493 1.725 2.291 0.000 0.012 0.000 0.000 0.000 1.186 0.000 0.000 0.251 0.121 0.828 3.823 2.319 0.000 0.000 2.593 0.000 1.182 0.988 1.853 0.000 0.200 1.253 0.000 0.000 1.468 1.138 
0 test2fip_consistent 0.000 1.306 2.315 3.109 1.956 0.749 0.000 0.000 0.264 0.615 0.000 0.064 0.085 2.151 0.000 0.000 0.281 0.708 0.000 0.018 0.000 0.266 1.526 1.877 0.371 1.835 0.305 0.000 1.643 0.205 0.000 0.000 0.146 0.023 0.014 0.000 0.005 0.000 0.000 1.435 
1 test2fip_inconsistent 0.000 1.306 2.315 3.109 1.956 0.749 0.000 0.000 0.264 0.615 0.000 0.064 0.085 2.151 0.000 0.000 0.281 0.708 0.000 0.018 0.000 1.994 3.015 3.524 2.730 1.476 1.541 0.000 0.796 1.090 0.000 0.000 0.000 0.867 0.000 0.000 0.000 0.000 0.000 0.819 
0 test2fip_consistent 1.689 1.733 0.000 0.000 1.639 1.818 2.341 0.000 0.000 0.265 0.000 0.000 0.000 1.661 0.000 0.000 2.804 0.000 0.000 0.000 0.000 0.000 0.274 0.018 0.583 0.000 0.204 0.000 0.000 0.102 0.000 0.121 0.007 0.123 0.000 0.000 2.283 2.680 0.000 2.178 
1 test2fip_inconsistent 1.689 1.733 0.000 0.000 1.639 1.818 2.341 0.000 0.000 0.265 0.000 0.000 0.000 1.661 0.000 0.000 2.804 0.000 0.000 0.000 1.576 0.541 0.000 0.000 0.208 2.207 2.169 0.000 0.000 0.000 0.000 0.639 0.000 0.493 0.000 0.000 4.168 2.423 0.000 1.507 
0 test2fip_consistent 0.000 0.574 0.000 0.000 1.642 0.461 0.941 0.916 1.257 0.552 0.000 2.784 0.243 0.000 0.365 0.311 0.000 0.605 2.630 2.664 0.911 0.379 0.000 0.397 0.792 0.160 1.974 0.021 0.265 0.348 1.393 0.165 0.000 0.000 0.070 0.881 0.741 1.637 1.371 0.334 
1 test2fip_inconsistent 0.000 0.574 0.000 0.000 1.642 0.461 0.941 0.916 1.257 0.552 0.000 2.784 0.243 0.000 0.365 0.311 0.000 0.605 2.630 2.664 0.205 0.506 0.000 0.257 1.667 0.282 1.967 0.000 2.330 0.000 1.092 1.972 0.000 0.000 0.176 0.508 0.768 1.204 3.863 1.374 
0 test2fip_consistent 0.000 0.505 1.195 1.874 0.000 3.363 0.000 0.152 0.000 0.789 0.801 0.000 0.000 0.000 0.223 0.000 0.000 1.026 0.000 3.664 0.686 2.528 0.000 0.277 1.501 0.177 0.000 0.000 0.000 0.386 0.042 0.000 0.042 0.000 1.887 0.576 0.000 0.715 0.877 2.041 
1 test2fip_inconsistent 0.000 0.505 1.195 1.874 0.000 3.363 0.000 0.152 0.000 0.789 0.801 0.000 0.000 0.000 0.223 0.000 0.000 1.026 0.000 3.664 0.603 2.334 0.000 0.259 1.165 2.332 0.000 0.000 0.000 1.205 0.841 0.000 0.000 0.000 1.129 0.000 0.000 2.474 0.681 4.199 
0 test2fip_consistent 0.287 0.000 1.212 0.189 2.362 2.168 0.000 0.252 0.000 1.679 0.000 1.640 1.113 0.000 0.456 0.000 0.000 0.000 0.000 2.754 0.569 0.000 0.404 0.049 1.099 0.853 0.000 2.720 0.000 1.639 0.752 0.257 0.193 0.000 1.034 0.000 0.000 1.130 0.252 0.244 
1 test2fip_inconsistent 0.287 0.000 1.212 0.189 2.362 2.168 0.000 0.252 0.000 1.679 0.000 1.640 1.113 0.000 0.456 0.000 0.000 0.000 0.000 2.754 0.533 0.000 1.424 0.000 4.245 2.376 0.000 2.263 0.000 2.185 0.593 0.094 0.632 0.000 1.147 0.000 0.000 0.190 0.191 0.155 
0 test2fip_consistent 0.000 0.000 1.750 0.000 0.000 0.000 2.289 0.000 0.195 2.186 1.405 0.000 2.350 0.000 0.000 0.000 2.925 0.000 0.000 0.325 0.979 0.000 0.165 0.000 2.621 0.368 0.001 0.000 0.860 0.343 1.734 0.537 2.116 0.000 0.323 0.000 0.173 0.000 0.020 0.008 
1 test2fip_inconsistent 0.000 0.000 1.750 0.000 0.000 0.000 2.289 0.000 0.195 2.186 1.405 0.000 2.350 0.000 0.000 0.000 2.925 0.000 0.000 0.325 0.727 0.000 0.931 0.000 2.240 0.000 0.000 0.000 0.582 2.213 2.695 0.058 3.093 0.000 0.677 0.000 3.171 0.000 0.000 0.000 
0 test2fip_consistent 0.104 0.000 0.000 0.288 0.000 0.000 0.988 0.000 1.395 0.293 0.000 0.000 0.001 0.000 2.212 0.000 2.094 3.301 1.385 0.000 0.140 0.000 2.419 0.000 1.798 0.000 0.101 0.000 2.509 0.110 0.000 0.000 0.068 0.000 0.116 0.000 0.730 0.962 0.523 1.200 
1 test2fip_inconsistent 0.104 0.000 0.000 0.288 0.000 0.000 0.988 0.000 1.395 0.293 0.000 0.000 0.001 0.000 2.212 0.000 2.094 3.301 1.385 0.000 0.000 0.000 1.850 0.000 1.206 0.000 1.361 0.000 3.342 0.342 0.000 0.000 0.000 0.000 2.183 0.000 3.151 2.100 0.825 1.084 
0 test2fip_consistent 0.009 0.000 0.425 0.048 0.392 0.000 0.312 0.000 0.044 0.000 0.000 0.321 3.085 2.467 0.000 0.370 0.000 3.253 0.000 0.000 1.868 0.000 0.201 0.033 0.062 0.000 0.000 0.000 0.018 0.344 0.432 1.602 1.086 0.049 0.467 1.664 0.509 1.448 0.000 0.000 
1 test2fip_inconsistent 0.009 0.000 0.425 0.048 0.392 0.000 0.312 0.000 0.044 0.000 0.000 0.321 3.085 2.467 0.000 0.370 0.000 3.253 0.000 0.000 1.636 0.000 0.738 0.000 1.878 0.000 0.000 0.000 0.000 1.191 0.766 1.043 2.815 1.694 1.512 1.987 0.066 3.061 0.000 0.000 
0 test2fip_consistent 1.686 0.000 0.062 0.006 0.680 0.000 0.000 0.841 0.000 0.000 0.000 3.440 1.957 0.000 0.000 0.899 1.628 0.015 0.000 2.172 0.026 0.574 1.220 0.012 0.379 0.000 0.000 0.031 0.299 1.518 0.000 1.199 1.433 0.000 0.000 0.067 0.000 2.721 0.000 0.130 
1 test2fip_inconsistent 1.686 0.000 0.062 0.006 0.680 0.000 0.000 0.841 0.000 0.000 0.000 3.440 1.957 0.000 0.000 0.899 1.628 0.015 0.000 2.172 1.551 0.524 1.094 0.000 2.013 0.000 0.000 0.075 0.048 1.229 0.000 1.833 3.627 0.000 0.000 0.891 1.824 2.491 0.078 1.350 
0 test2fip_consistent 4.367 0.044 0.000 0.948 0.000 2.033 0.000 0.000 0.000 0.000 0.559 0.000 0.000 0.597 0.000 0.000 1.832 0.000 1.079 0.000 1.052 0.000 0.168 0.000 0.000 0.180 1.698 1.109 0.005 0.000 1.332 1.776 0.000 2.176 0.307 0.153 0.000 0.000 1.135 0.000 
1 test2fip_inconsistent 4.367 0.044 0.000 0.948 0.000 2.033 0.000 0.000 0.000 0.000 0.559 0.000 0.000 0.597 0.000 0.000 1.832 0.000 1.079 0.000 4.230 0.000 0.478 0.410 0.000 2.309 1.315 1.039 0.000 0.000 1.420 1.016 0.000 2.188 0.000 0.411 0.000 0.000 1.826 0.000 
0 test2fip_consistent 0.000 0.313 0.000 1.495 0.000 0.000 0.000 0.345 3.560 0.104 0.354 0.000 0.000 1.906 0.000 0.000 1.514 2.056 0.138 0.980 0.000 1.826 0.498 1.296 0.000 0.000 1.428 0.185 0.550 0.047 1.402 0.000 0.054 1.364 0.000 1.054 0.467 0.463 0.195 0.127 
1 test2fip_inconsistent 0.000 0.313 0.000 1.495 0.000 0.000 0.000 0.345 3.560 0.104 0.354 0.000 0.000 1.906 0.000 0.000 1.514 2.056 0.138 0.980 0.000 1.743 0.557 1.286 0.000 0.000 0.563 0.863 3.733 0.000 1.632 0.000 0.000 2.338 0.000 0.693 2.357 0.522 0.000 0.958 
0 test2fip_consistent 1.663 2.628 2.330 3.248 0.000 0.000 0.419 0.000 0.000 0.714 0.150 0.000 0.015 0.000 0.348 0.000 0.000 0.000 0.000 1.126 1.560 0.816 0.126 0.139 0.000 0.466 1.211 0.750 0.000 0.029 0.420 0.677 0.310 0.742 2.264 0.000 0.000 0.007 2.387 0.216 
1 test2fip_inconsistent 1.663 2.628 2.330 3.248 0.000 0.000 0.419 0.000 0.000 0.714 0.150 0.000 0.015 0.000 0.348 0.000 0.000 0.000 0.000 1.126 2.883 2.121 2.101 2.314 0.000 0.313 0.600 0.580 0.000 1.349 0.611 0.763 0.860 1.742 2.303 0.000 0.000 0.000 1.744 0.896 
0 test2fip_consistent 0.000 0.000 0.000 4.501 0.000 0.000 1.694 0.013 1.271 0.000 0.000 0.838 0.199 0.059 0.000 1.135 0.000 0.000 0.049 0.842 0.000 0.829 0.638 0.365 0.070 0.697 1.156 0.000 0.000 0.130 0.000 2.483 2.304 0.000 1.086 0.566 0.065 0.532 0.092 1.518 
1 test2fip_inconsistent 0.000 0.000 0.000 4.501 0.000 0.000 1.694 0.013 1.271 0.000 0.000 0.838 0.199 0.059 0.000 1.135 0.000 0.000 0.049 0.842 0.000 0.772 0.468 3.465 0.000 0.526 1.086 0.000 0.000 0.952 0.000 2.957 1.637 0.000 0.718 1.743 0.000 0.000 0.616 2.714 
0 test2fip_consistent 0.698 1.061 0.051 2.549 0.000 0.062 0.313 3.108 0.169 0.000 0.311 1.296 1.714 0.054 0.555 1.969 0.000 0.000 1.260 0.000 0.106 0.103 0.000 0.761 0.000 0.047 1.713 0.113 1.236 0.000 0.199 2.424 1.920 0.863 0.709 0.391 0.000 0.000 0.549 0.030 
1 test2fip_inconsistent 0.698 1.061 0.051 2.549 0.000 0.062 0.313 3.108 0.169 0.000 0.311 1.296 1.714 0.054 0.555 1.969 0.000 0.000 1.260 0.000 0.000 1.526 0.000 3.138 0.000 0.000 0.866 2.056 0.547 0.000 0.765 2.667 2.629 1.372 1.681 1.563 0.000 0.000 1.326 0.000 
0 test2fip_consistent 0.011 0.000 0.472 0.000 0.396 0.265 0.051 0.000 0.000 0.000 0.656 0.000 0.000 3.083 1.781 3.820 1.285 0.000 0.311 0.000 0.863 0.183 0.000 0.371 0.047 1.597 0.083 1.756 0.261 0.196 1.540 0.000 0.000 1.320 0.037 0.314 1.817 1.409 0.827 0.000 
1 test2fip_inconsistent 0.011 0.000 0.472 0.000 0.396 0.265 0.051 0.000 0.000 0.000 0.656 0.000 0.000 3.083 1.781 3.820 1.285 0.000 0.311 0.000 0.637 0.000 0.000 0.000 0.971 1.103 0.000 1.632 0.000 0.236 1.241 0.181 0.000 3.264 0.678 3.774 2.006 1.260 1.130 0.000 
0 test2fip_consistent 0.332 0.000 0.000 0.000 0.477 0.000 3.843 0.000 0.000 0.000 0.000 0.000 0.000 0.903 1.392 0.449 2.876 0.000 0.174 0.000 2.374 0.000 0.000 0.015 1.431 0.030 0.204 0.000 0.077 0.000 0.000 0.000 0.103 0.172 2.233 0.852 1.494 0.000 0.111 1.989 
1 test2fip_inconsistent 0.332 0.000 0.000 0.000 0.477 0.000 3.843 0.000 0.000 0.000 0.000 0.000 0.000 0.903 1.392 0.449 2.876 0.000 0.174 0.000 1.500 0.000 0.000 0.000 2.169 0.000 3.584 0.000 0.000 0.000 0.000 0.000 0.000 0.000 4.144 0.468 2.888 0.000 0.000 1.087 
0 test2fip_consistent 1.709 2.744 0.000 0.568 0.000 0.329 0.000 1.962 2.764 0.986 0.000 0.000 0.000 0.000 0.000 0.633 0.547 0.000 0.824 0.000 1.839 0.935 0.045 2.161 0.000 1.595 0.000 1.854 0.279 0.685 0.000 0.000 0.000 0.013 0.000 0.011 0.000 0.000 0.040 0.084 
1 test2fip_inconsistent 1.709 2.744 0.000 0.568 0.000 0.329 0.000 1.962 2.764 0.986 0.000 0.000 0.000 0.000 0.000 0.633 0.547 0.000 0.824 0.000 2.611 2.870 0.000 0.657 0.000 1.439 0.000 3.536 2.647 1.000 0.000 0.000 0.139 0.000 0.000 0.587 0.000 0.000 0.288 0.562 
