0 test1dax_consistent left_hidden
1.156 0.496 0.013 0.257 1.559 0.346 0.000 0.383 0.187 0.202 0.000 0.000 0.000 1.221 0.562 0.766 0.759 1.386 0.554 0.000 
0 test1dax_consistent right_hidden
0.000 0.000 0.000 0.000 5.188 0.000 0.000 0.000 1.377 0.000 0.000 0.000 0.057 0.000 0.547 0.298 0.000 2.230 0.000 2.177 
---
1 test1dax_inconsistent left_hidden
1.156 0.496 0.013 0.257 1.559 0.346 0.000 0.383 0.187 0.202 0.000 0.000 0.000 1.221 0.562 0.766 0.759 1.386 0.554 0.000 
1 test1dax_inconsistent right_hidden
0.000 0.000 0.622 0.008 2.125 0.000 0.000 0.000 1.523 0.000 0.000 0.000 0.000 0.000 0.000 0.220 0.000 1.097 0.486 1.428 
---
0 test1dax_consistent left_hidden
0.341 1.295 0.000 1.289 0.466 0.520 2.023 0.000 0.278 0.000 0.000 0.000 0.048 0.243 1.001 0.275 0.000 0.000 0.749 0.000 
0 test1dax_consistent right_hidden
0.000 0.000 0.000 2.893 0.000 1.139 0.448 0.000 0.000 0.000 1.885 0.000 0.000 0.000 0.000 2.541 2.199 3.317 1.663 1.711 
---
1 test1dax_inconsistent left_hidden
0.341 1.295 0.000 1.289 0.466 0.520 2.023 0.000 0.278 0.000 0.000 0.000 0.048 0.243 1.001 0.275 0.000 0.000 0.749 0.000 
1 test1dax_inconsistent right_hidden
0.000 0.000 0.000 1.192 0.088 1.026 0.263 0.000 0.000 0.000 0.000 0.047 0.000 0.000 0.000 1.211 0.451 0.944 0.893 1.171 
---
0 test1dax_consistent left_hidden
1.474 0.000 1.942 1.237 0.096 0.000 1.021 0.000 0.188 0.272 0.585 0.000 0.683 0.000 0.000 0.341 0.000 0.262 0.000 0.397 
0 test1dax_consistent right_hidden
0.000 0.000 2.082 0.784 0.000 0.000 0.246 0.000 0.869 0.870 0.144 0.000 0.094 0.000 3.860 1.754 2.218 0.294 1.272 0.000 
---
1 test1dax_inconsistent left_hidden
1.474 0.000 1.942 1.237 0.096 0.000 1.021 0.000 0.188 0.272 0.585 0.000 0.683 0.000 0.000 0.341 0.000 0.262 0.000 0.397 
1 test1dax_inconsistent right_hidden
0.446 0.000 1.029 0.695 0.128 0.000 0.543 0.000 0.000 0.730 0.000 0.000 0.000 0.000 1.121 0.915 0.474 0.352 0.799 0.105 
---
0 test1dax_consistent left_hidden
0.468 0.000 0.000 1.376 0.000 0.000 0.623 1.209 0.000 0.744 0.000 0.000 1.027 0.810 0.000 0.000 0.000 1.055 1.825 0.735 
0 test1dax_consistent right_hidden
0.221 3.129 0.000 1.056 0.000 0.000 0.000 0.000 0.746 3.967 0.000 0.000 0.000 0.950 0.000 0.000 0.000 3.648 1.547 1.999 
---
1 test1dax_inconsistent left_hidden
0.468 0.000 0.000 1.376 0.000 0.000 0.623 1.209 0.000 0.744 0.000 0.000 1.027 0.810 0.000 0.000 0.000 1.055 1.825 0.735 
1 test1dax_inconsistent right_hidden
0.379 2.288 0.000 0.000 0.000 0.000 0.000 0.000 0.731 1.666 0.000 0.000 0.000 0.025 0.000 0.000 0.000 1.145 1.321 0.895 
---
0 test1dax_consistent left_hidden
0.762 0.535 0.939 0.000 0.797 0.000 1.913 1.396 1.156 0.962 0.085 0.604 0.591 0.016 0.378 0.316 0.000 0.137 0.604 0.000 
0 test1dax_consistent right_hidden
0.000 0.055 0.521 0.000 0.000 0.000 0.061 4.376 0.000 1.940 0.000 0.000 2.389 0.000 1.693 0.000 0.000 0.000 1.998 2.156 
---
1 test1dax_inconsistent left_hidden
0.762 0.535 0.939 0.000 0.797 0.000 1.913 1.396 1.156 0.962 0.085 0.604 0.591 0.016 0.378 0.316 0.000 0.137 0.604 0.000 
1 test1dax_inconsistent right_hidden
0.138 0.489 0.322 0.000 0.406 0.000 0.532 1.859 0.000 0.260 0.000 0.000 1.740 0.000 0.000 0.121 0.049 0.172 1.035 0.365 
---
0 test1dax_consistent left_hidden
1.532 0.000 1.449 0.000 0.000 0.392 0.553 0.000 0.000 0.000 1.644 0.745 0.000 1.275 0.530 0.000 0.000 0.000 0.361 0.000 
0 test1dax_consistent right_hidden
0.030 0.095 1.254 0.000 0.000 0.000 0.326 0.331 0.000 5.011 1.776 0.820 0.000 1.061 0.000 0.000 0.000 0.000 0.061 2.283 
---
1 test1dax_inconsistent left_hidden
1.532 0.000 1.449 0.000 0.000 0.392 0.553 0.000 0.000 0.000 1.644 0.745 0.000 1.275 0.530 0.000 0.000 0.000 0.361 0.000 
1 test1dax_inconsistent right_hidden
0.125 0.000 0.755 0.173 0.000 0.000 0.395 0.555 0.000 1.785 1.413 0.537 0.000 0.000 0.091 0.000 0.515 0.000 0.307 0.661 
---
0 test1dax_consistent left_hidden
0.556 0.000 0.041 0.091 0.000 0.055 0.237 0.019 0.770 0.814 0.306 2.784 0.000 0.000 0.000 0.000 0.077 1.287 0.000 0.278 
0 test1dax_consistent right_hidden
0.000 0.235 0.000 1.710 0.013 0.000 0.079 0.036 0.041 2.203 1.057 0.000 0.020 0.000 1.637 3.398 0.000 3.543 0.412 0.000 
---
1 test1dax_inconsistent left_hidden
0.556 0.000 0.041 0.091 0.000 0.055 0.237 0.019 0.770 0.814 0.306 2.784 0.000 0.000 0.000 0.000 0.077 1.287 0.000 0.278 
1 test1dax_inconsistent right_hidden
0.419 0.000 0.000 1.211 0.000 0.092 0.500 0.049 0.129 1.416 0.859 0.250 0.060 0.000 0.235 0.873 0.000 0.664 0.679 0.000 
---
0 test1dax_consistent left_hidden
0.000 0.001 0.000 0.128 1.548 0.000 0.000 1.167 0.000 0.000 0.719 0.557 0.032 0.000 0.000 0.305 0.401 1.860 0.000 2.025 
0 test1dax_consistent right_hidden
0.000 0.028 0.000 1.575 1.027 0.086 0.550 0.000 0.456 5.429 1.260 1.094 0.000 0.000 0.000 0.000 0.294 0.009 0.000 2.186 
---
1 test1dax_inconsistent left_hidden
0.000 0.001 0.000 0.128 1.548 0.000 0.000 1.167 0.000 0.000 0.719 0.557 0.032 0.000 0.000 0.305 0.401 1.860 0.000 2.025 
1 test1dax_inconsistent right_hidden
0.000 0.215 0.000 1.091 1.220 0.000 0.678 0.011 0.466 2.300 0.219 0.908 0.003 0.000 0.000 0.000 0.789 0.000 0.000 0.315 
---
0 test1dax_consistent left_hidden
0.261 0.000 0.684 0.000 0.706 0.152 0.167 0.496 0.000 0.008 0.000 0.000 0.713 0.386 0.039 0.000 1.475 0.016 0.533 2.207 
0 test1dax_consistent right_hidden
3.642 0.000 0.000 0.000 0.000 2.016 1.470 0.900 0.000 0.274 2.961 0.270 0.476 0.000 0.000 0.000 3.265 0.171 2.481 0.417 
---
1 test1dax_inconsistent left_hidden
0.261 0.000 0.684 0.000 0.706 0.152 0.167 0.496 0.000 0.008 0.000 0.000 0.713 0.386 0.039 0.000 1.475 0.016 0.533 2.207 
1 test1dax_inconsistent right_hidden
1.369 0.000 0.000 0.000 0.000 0.590 0.921 0.913 0.000 0.522 1.437 0.289 0.000 0.000 0.000 0.000 1.786 0.278 0.381 0.590 
---
0 test1dax_consistent left_hidden
0.482 1.158 1.640 1.179 0.638 0.282 0.000 0.000 0.000 0.899 0.000 0.589 0.241 1.075 1.198 0.000 0.207 0.285 0.000 0.898 
0 test1dax_consistent right_hidden
0.420 0.729 2.559 1.153 0.000 0.499 0.000 0.687 0.000 1.362 0.000 0.246 0.160 1.162 3.175 0.000 0.000 2.965 0.045 1.998 
---
1 test1dax_inconsistent left_hidden
0.482 1.158 1.640 1.179 0.638 0.282 0.000 0.000 0.000 0.899 0.000 0.589 0.241 1.075 1.198 0.000 0.207 0.285 0.000 0.898 
1 test1dax_inconsistent right_hidden
0.952 0.231 0.715 0.296 0.508 0.196 0.000 0.026 0.000 0.424 0.348 0.311 0.867 0.354 0.652 0.000 0.000 1.510 0.454 0.940 
---
0 test1dax_consistent left_hidden
0.309 1.812 0.000 1.328 0.425 1.194 0.000 0.745 0.433 0.000 0.403 1.016 1.177 0.000 0.002 0.000 0.739 0.000 0.000 0.000 
0 test1dax_consistent right_hidden
0.081 2.817 0.000 0.000 1.209 0.109 0.000 0.000 3.837 0.000 0.000 1.812 1.627 0.473 0.000 0.000 0.052 0.454 0.000 0.000 
---
1 test1dax_inconsistent left_hidden
0.309 1.812 0.000 1.328 0.425 1.194 0.000 0.745 0.433 0.000 0.403 1.016 1.177 0.000 0.002 0.000 0.739 0.000 0.000 0.000 
1 test1dax_inconsistent right_hidden
0.000 1.435 0.000 0.044 1.085 0.088 0.000 0.000 0.600 0.000 0.000 0.887 0.909 0.000 0.000 0.000 0.174 0.122 0.000 0.553 
---
0 test1dax_consistent left_hidden
0.000 0.000 1.633 1.062 0.363 0.042 0.000 0.019 0.000 0.000 0.080 0.322 0.791 0.051 0.000 0.250 0.893 2.187 0.532 0.189 
0 test1dax_consistent right_hidden
0.028 0.000 2.846 0.000 0.000 0.000 0.118 0.000 0.000 0.000 0.000 0.056 4.850 0.000 0.000 2.507 1.068 0.544 1.534 1.984 
---
1 test1dax_inconsistent left_hidden
0.000 0.000 1.633 1.062 0.363 0.042 0.000 0.019 0.000 0.000 0.080 0.322 0.791 0.051 0.000 0.250 0.893 2.187 0.532 0.189 
1 test1dax_inconsistent right_hidden
0.000 0.018 0.777 0.000 0.000 0.000 0.000 0.399 0.000 0.151 0.000 0.244 2.151 0.000 0.000 0.413 0.625 1.221 1.469 1.231 
---
0 test1dax_consistent left_hidden
0.538 0.435 0.166 0.923 0.827 0.058 0.205 0.000 0.309 1.078 0.000 2.337 0.434 0.299 0.631 0.000 0.283 0.696 0.845 0.161 
0 test1dax_consistent right_hidden
2.751 0.000 0.000 0.000 1.005 0.000 0.000 0.000 0.023 3.725 0.766 0.000 1.506 0.260 0.000 0.409 0.000 0.000 3.752 0.060 
---
1 test1dax_inconsistent left_hidden
0.538 0.435 0.166 0.923 0.827 0.058 0.205 0.000 0.309 1.078 0.000 2.337 0.434 0.299 0.631 0.000 0.283 0.696 0.845 0.161 
1 test1dax_inconsistent right_hidden
1.689 0.000 0.381 0.000 0.000 0.000 0.212 0.000 0.531 1.404 0.542 0.406 0.263 0.502 0.000 0.000 0.000 0.680 0.947 0.128 
---
0 test1dax_consistent left_hidden
0.000 0.000 0.000 0.000 0.517 0.000 0.688 0.000 0.000 0.908 0.146 0.330 2.260 0.609 0.019 0.398 1.707 0.000 0.167 0.000 
0 test1dax_consistent right_hidden
2.085 0.918 0.000 0.000 0.572 0.000 1.334 0.000 0.000 0.000 1.604 1.653 0.000 2.355 1.022 1.722 3.513 0.000 1.214 0.000 
---
1 test1dax_inconsistent left_hidden
0.000 0.000 0.000 0.000 0.517 0.000 0.688 0.000 0.000 0.908 0.146 0.330 2.260 0.609 0.019 0.398 1.707 0.000 0.167 0.000 
1 test1dax_inconsistent right_hidden
0.262 0.516 0.000 0.000 0.405 0.000 0.190 0.000 0.133 0.456 0.178 0.615 0.592 1.552 0.024 0.931 0.922 0.000 1.265 0.000 
---
0 test1dax_consistent left_hidden
0.141 0.000 0.000 0.000 0.117 1.993 0.000 2.325 0.360 0.000 0.000 0.000 0.765 0.000 0.000 0.000 0.595 0.000 1.395 0.106 
0 test1dax_consistent right_hidden
0.000 2.317 0.000 0.000 0.206 1.473 0.000 1.140 1.436 0.088 0.000 0.000 1.405 0.214 2.410 0.437 0.312 0.000 4.275 0.000 
---
1 test1dax_inconsistent left_hidden
0.141 0.000 0.000 0.000 0.117 1.993 0.000 2.325 0.360 0.000 0.000 0.000 0.765 0.000 0.000 0.000 0.595 0.000 1.395 0.106 
1 test1dax_inconsistent right_hidden
0.040 0.442 0.000 0.000 0.826 0.962 0.314 0.097 0.528 0.008 0.000 0.000 0.978 0.440 1.575 0.804 0.525 0.000 1.568 0.000 
---
0 test1dax_consistent left_hidden
0.197 0.000 0.505 0.671 0.000 0.985 0.366 0.691 0.000 0.325 0.150 0.000 0.619 1.313 0.155 1.112 0.169 0.242 1.059 1.780 
0 test1dax_consistent right_hidden
0.000 0.000 0.229 0.476 3.262 0.066 0.408 1.143 0.000 2.152 0.000 0.000 1.733 1.282 0.000 1.212 0.000 0.000 1.409 4.038 
---
1 test1dax_inconsistent left_hidden
0.197 0.000 0.505 0.671 0.000 0.985 0.366 0.691 0.000 0.325 0.150 0.000 0.619 1.313 0.155 1.112 0.169 0.242 1.059 1.780 
1 test1dax_inconsistent right_hidden
0.000 0.000 0.395 0.787 1.540 0.156 0.935 1.045 0.000 0.871 0.000 0.000 0.963 0.252 0.000 0.873 0.000 0.194 1.351 0.982 
---
0 test1dax_consistent left_hidden
0.000 2.035 0.000 0.000 0.021 1.454 1.164 0.000 0.550 0.190 0.502 0.000 1.107 0.000 0.224 0.000 0.000 1.540 0.000 0.000 
0 test1dax_consistent right_hidden
0.018 2.735 0.274 1.754 0.000 2.499 2.893 0.000 0.522 0.000 1.601 0.155 1.090 0.000 0.000 2.915 0.562 0.000 0.000 0.000 
---
1 test1dax_inconsistent left_hidden
0.000 2.035 0.000 0.000 0.021 1.454 1.164 0.000 0.550 0.190 0.502 0.000 1.107 0.000 0.224 0.000 0.000 1.540 0.000 0.000 
1 test1dax_inconsistent right_hidden
0.278 0.667 0.275 1.228 0.000 0.339 0.710 0.004 0.744 0.000 0.991 0.197 1.392 0.000 0.000 1.678 0.515 0.000 0.028 0.062 
---
0 test1dax_consistent left_hidden
1.780 0.894 0.971 0.000 0.000 0.000 0.413 0.370 0.000 0.000 1.046 1.368 0.050 0.147 0.857 0.836 1.620 0.000 0.903 0.000 
0 test1dax_consistent right_hidden
1.183 1.554 0.000 0.000 0.000 0.000 0.000 0.254 0.000 0.000 1.322 0.020 0.000 3.703 3.371 0.000 1.893 0.000 2.507 0.000 
---
1 test1dax_inconsistent left_hidden
1.780 0.894 0.971 0.000 0.000 0.000 0.413 0.370 0.000 0.000 1.046 1.368 0.050 0.147 0.857 0.836 1.620 0.000 0.903 0.000 
1 test1dax_inconsistent right_hidden
0.189 0.029 0.000 0.116 0.242 0.281 0.356 0.541 0.000 0.000 0.529 0.981 0.000 1.756 1.151 0.000 1.387 0.303 0.651 0.000 
---
0 test1dax_consistent left_hidden
0.710 0.411 0.666 0.695 0.016 0.562 0.731 0.000 0.349 0.312 1.499 0.319 1.842 0.738 0.883 0.905 0.000 0.755 0.000 0.704 
0 test1dax_consistent right_hidden
0.416 0.716 0.000 0.000 2.926 1.585 1.683 1.040 1.966 0.165 0.900 0.520 2.553 2.760 0.210 0.000 0.000 2.273 0.000 0.000 
---
1 test1dax_inconsistent left_hidden
0.710 0.411 0.666 0.695 0.016 0.562 0.731 0.000 0.349 0.312 1.499 0.319 1.842 0.738 0.883 0.905 0.000 0.755 0.000 0.704 
1 test1dax_inconsistent right_hidden
0.589 0.263 0.000 0.000 0.830 0.867 0.424 0.680 1.219 0.282 0.857 0.347 1.544 1.004 0.006 0.062 0.000 0.629 0.000 0.056 
---
0 test1dax_consistent left_hidden
0.224 0.000 0.345 0.355 0.857 0.340 2.118 0.000 1.772 0.000 0.000 0.221 0.000 0.000 0.454 0.000 0.318 0.707 0.000 0.000 
0 test1dax_consistent right_hidden
1.391 4.226 2.221 0.508 0.000 1.132 2.025 0.000 0.828 0.000 0.000 0.000 2.505 0.038 0.466 0.000 0.295 0.000 0.680 0.000 
---
1 test1dax_inconsistent left_hidden
0.224 0.000 0.345 0.355 0.857 0.340 2.118 0.000 1.772 0.000 0.000 0.221 0.000 0.000 0.454 0.000 0.318 0.707 0.000 0.000 
1 test1dax_inconsistent right_hidden
1.224 1.404 0.475 0.324 0.000 0.337 1.608 0.000 0.537 0.000 0.000 0.000 1.292 0.262 0.000 0.000 0.000 0.000 1.005 0.000 
---
0 test1dax_consistent left_hidden
0.000 1.417 0.000 1.221 0.116 0.000 0.038 2.313 0.000 1.404 0.334 0.164 0.323 0.386 0.026 0.556 0.000 0.000 0.056 0.435 
0 test1dax_consistent right_hidden
0.000 1.222 0.000 1.466 0.104 0.000 0.000 2.295 0.831 4.248 0.037 0.018 0.035 0.000 0.540 0.000 3.133 1.515 0.000 0.000 
---
1 test1dax_inconsistent left_hidden
0.000 1.417 0.000 1.221 0.116 0.000 0.038 2.313 0.000 1.404 0.334 0.164 0.323 0.386 0.026 0.556 0.000 0.000 0.056 0.435 
1 test1dax_inconsistent right_hidden
0.496 0.192 0.000 0.277 0.748 0.277 0.782 0.694 0.569 1.399 0.377 0.093 0.058 0.000 0.442 0.314 1.899 0.311 0.000 0.000 
---
0 test1dax_consistent left_hidden
0.384 0.949 1.226 0.000 0.412 1.294 0.000 1.258 0.000 0.919 0.000 0.000 0.118 1.616 0.000 0.000 0.000 0.879 0.443 0.000 
0 test1dax_consistent right_hidden
0.000 1.053 0.000 0.000 2.736 0.000 2.949 0.000 0.000 1.551 0.000 0.008 0.000 2.102 0.000 0.000 0.907 0.209 0.011 3.273 
---
1 test1dax_inconsistent left_hidden
0.384 0.949 1.226 0.000 0.412 1.294 0.000 1.258 0.000 0.919 0.000 0.000 0.118 1.616 0.000 0.000 0.000 0.879 0.443 0.000 
1 test1dax_inconsistent right_hidden
0.441 0.385 0.000 0.000 2.018 0.067 0.755 0.161 0.116 0.562 0.000 0.525 0.000 1.578 0.035 0.000 1.073 0.302 0.000 0.746 
---
0 test1dax_consistent left_hidden
0.227 1.565 0.797 1.030 0.000 0.000 0.931 0.354 0.000 0.000 0.339 0.593 0.550 0.000 0.057 0.237 0.370 1.257 0.699 1.597 
0 test1dax_consistent right_hidden
0.000 0.000 0.000 3.427 0.000 0.000 2.419 0.039 0.000 0.000 0.036 0.000 0.000 0.000 0.000 1.316 2.542 0.743 1.059 3.054 
---
1 test1dax_inconsistent left_hidden
0.227 1.565 0.797 1.030 0.000 0.000 0.931 0.354 0.000 0.000 0.339 0.593 0.550 0.000 0.057 0.237 0.370 1.257 0.699 1.597 
1 test1dax_inconsistent right_hidden
0.045 0.764 0.077 1.419 0.000 0.000 1.303 0.126 0.000 0.000 0.197 0.000 0.000 0.000 0.224 0.006 0.456 0.297 1.290 1.094 
---
0 test1dax_consistent left_hidden
0.079 0.063 0.000 0.808 0.350 0.792 0.461 0.226 0.453 1.027 0.892 0.787 0.000 0.000 0.000 0.000 0.047 2.087 0.791 0.243 
0 test1dax_consistent right_hidden
1.359 0.000 0.000 0.000 0.050 4.580 0.000 0.112 0.000 0.000 0.000 0.000 0.000 0.000 0.000 0.038 0.000 1.790 2.767 0.000 
---
1 test1dax_inconsistent left_hidden
0.079 0.063 0.000 0.808 0.350 0.792 0.461 0.226 0.453 1.027 0.892 0.787 0.000 0.000 0.000 0.000 0.047 2.087 0.791 0.243 
1 test1dax_inconsistent right_hidden
0.161 0.011 0.000 0.172 0.171 2.599 0.164 0.000 0.000 0.372 0.000 0.000 0.000 0.000 0.000 0.000 0.000 0.661 0.395 0.000 
---
0 test1dax_consistent left_hidden
2.379 0.054 0.000 0.000 0.468 0.750 0.000 0.759 0.510 0.000 0.531 0.465 1.062 0.445 0.000 0.768 0.000 0.371 1.187 0.000 
0 test1dax_consistent right_hidden
1.697 0.016 0.000 0.000 0.320 2.792 0.000 1.729 0.787 0.821 0.000 0.000 0.000 0.000 0.000 3.795 0.000 1.860 1.193 0.000 
---
1 test1dax_inconsistent left_hidden
2.379 0.054 0.000 0.000 0.468 0.750 0.000 0.759 0.510 0.000 0.531 0.465 1.062 0.445 0.000 0.768 0.000 0.371 1.187 0.000 
1 test1dax_inconsistent right_hidden
0.816 0.190 0.000 0.000 0.000 1.715 0.000 1.140 0.372 0.000 0.000 0.000 0.000 0.107 0.000 1.285 0.000 0.132 1.233 0.000 
---
0 test1dax_consistent left_hidden
0.000 0.060 0.220 0.000 2.050 0.352 1.281 0.361 0.199 0.000 0.000 0.097 0.000 0.000 1.415 0.000 0.000 0.000 0.714 1.442 
0 test1dax_consistent right_hidden
0.000 0.589 0.000 0.196 1.274 0.000 0.000 4.233 0.000 2.332 0.034 0.418 0.695 0.000 0.000 0.000 0.000 0.051 2.466 0.000 
---
1 test1dax_inconsistent left_hidden
0.000 0.060 0.220 0.000 2.050 0.352 1.281 0.361 0.199 0.000 0.000 0.097 0.000 0.000 1.415 0.000 0.000 0.000 0.714 1.442 
1 test1dax_inconsistent right_hidden
0.000 0.724 0.000 0.455 0.231 0.058 0.000 2.278 0.000 0.000 0.139 0.636 0.870 0.000 0.000 0.147 0.000 0.016 0.503 0.270 
---
0 test1dax_consistent left_hidden
0.000 1.859 0.000 0.000 0.184 0.948 0.000 0.634 0.541 0.503 0.394 0.000 0.000 0.000 0.102 1.356 0.000 1.511 1.188 0.000 
0 test1dax_consistent right_hidden
0.000 1.750 0.129 0.928 0.019 0.246 0.000 0.000 0.000 0.722 4.075 0.000 2.974 1.283 0.612 1.233 0.665 0.893 0.172 0.000 
---
1 test1dax_inconsistent left_hidden
0.000 1.859 0.000 0.000 0.184 0.948 0.000 0.634 0.541 0.503 0.394 0.000 0.000 0.000 0.102 1.356 0.000 1.511 1.188 0.000 
1 test1dax_inconsistent right_hidden
0.031 0.054 0.108 0.243 0.096 0.585 0.000 0.000 0.000 0.730 1.448 0.000 1.025 0.239 0.791 0.825 0.524 0.836 0.170 0.200 
---
0 test1dax_consistent left_hidden
0.000 0.404 0.000 0.000 0.410 0.000 0.000 0.232 0.000 0.394 1.002 0.515 0.099 1.792 0.984 0.000 0.000 0.581 1.896 0.777 
0 test1dax_consistent right_hidden
0.000 0.358 0.000 0.000 2.482 0.000 0.000 0.002 0.598 1.278 3.531 0.080 0.000 1.903 0.000 0.000 0.000 2.693 0.128 2.022 
---
1 test1dax_inconsistent left_hidden
0.000 0.404 0.000 0.000 0.410 0.000 0.000 0.232 0.000 0.394 1.002 0.515 0.099 1.792 0.984 0.000 0.000 0.581 1.896 0.777 
1 test1dax_inconsistent right_hidden
0.085 0.614 0.000 0.000 1.690 0.000 0.000 0.158 0.399 0.186 1.068 0.540 0.006 0.374 0.000 0.000 0.000 1.704 0.580 0.477 
---
0 test1dax_consistent left_hidden
0.309 1.535 0.634 0.909 0.349 0.000 1.839 0.000 0.956 1.405 0.534 0.000 0.000 0.827 0.477 0.000 0.509 0.000 0.283 0.000 
0 test1dax_consistent right_hidden
0.055 1.126 0.888 1.025 1.640 0.081 3.312 0.000 2.871 1.151 0.221 0.957 0.314 1.367 1.845 1.429 1.121 1.330 0.805 1.925 
---
1 test1dax_inconsistent left_hidden
0.309 1.535 0.634 0.909 0.349 0.000 1.839 0.000 0.956 1.405 0.534 0.000 0.000 0.827 0.477 0.000 0.509 0.000 0.283 0.000 
1 test1dax_inconsistent right_hidden
0.175 0.415 0.000 0.520 1.062 0.000 0.783 0.000 0.762 1.062 0.090 0.578 0.710 0.607 0.973 0.351 0.744 0.570 0.331 0.787 
---
0 test1dax_consistent left_hidden
0.528 0.000 0.800 0.000 0.000 1.954 0.000 0.387 0.000 0.046 2.350 0.000 0.000 0.000 0.000 0.000 0.436 0.451 0.000 1.205 
0 test1dax_consistent right_hidden
1.218 0.000 0.085 0.000 0.334 3.217 0.000 0.000 0.000 0.000 1.041 0.450 3.167 0.000 0.000 0.480 0.000 3.952 0.000 0.273 
---
1 test1dax_inconsistent left_hidden
0.528 0.000 0.800 0.000 0.000 1.954 0.000 0.387 0.000 0.046 2.350 0.000 0.000 0.000 0.000 0.000 0.436 0.451 0.000 1.205 
1 test1dax_inconsistent right_hidden
0.794 0.193 0.119 0.000 0.086 1.938 0.000 0.000 0.000 0.000 0.141 0.946 0.530 0.000 0.000 0.795 0.000 1.337 0.000 0.829 
---
0 test1dax_consistent left_hidden
0.194 0.000 0.625 0.361 0.218 1.854 0.881 0.051 0.000 0.181 0.250 0.231 0.386 0.000 1.616 0.639 0.173 0.470 0.343 1.530 
0 test1dax_consistent right_hidden
0.000 0.568 0.000 0.000 1.006 1.767 0.008 0.000 0.000 0.000 0.000 0.926 4.335 0.000 1.653 2.164 0.295 1.192 0.621 0.071 
---
1 test1dax_inconsistent left_hidden
0.194 0.000 0.625 0.361 0.218 1.854 0.881 0.051 0.000 0.181 0.250 0.231 0.386 0.000 1.616 0.639 0.173 0.470 0.343 1.530 
1 test1dax_inconsistent right_hidden
0.087 0.019 0.317 0.698 0.726 0.262 0.000 0.387 0.000 0.225 0.000 0.970 2.416 0.000 0.220 0.566 0.121 0.818 0.000 0.459 
---
0 test1dax_consistent left_hidden
0.000 0.000 0.000 0.000 0.961 0.000 0.000 2.257 0.111 0.000 0.175 0.225 1.802 0.160 0.758 0.010 0.000 0.000 0.054 0.360 
0 test1dax_consistent right_hidden
4.283 0.000 0.000 0.000 1.352 0.986 0.000 0.174 0.689 2.819 0.000 0.000 0.314 2.624 0.000 0.027 0.000 0.000 0.000 0.000 
---
1 test1dax_inconsistent left_hidden
0.000 0.000 0.000 0.000 0.961 0.000 0.000 2.257 0.111 0.000 0.175 0.225 1.802 0.160 0.758 0.010 0.000 0.000 0.054 0.360 
1 test1dax_inconsistent right_hidden
1.061 0.185 0.000 0.013 1.331 0.272 0.000 0.607 0.405 1.408 0.000 0.000 0.000 0.886 0.000 0.396 0.000 0.000 0.039 0.000 
---
0 test1dax_consistent left_hidden
0.000 1.633 0.490 1.310 0.682 0.208 0.732 0.370 0.226 0.073 0.061 0.255 0.238 0.189 0.627 0.119 0.308 0.971 1.518 0.000 
0 test1dax_consistent right_hidden
0.000 2.655 1.758 0.000 1.311 1.101 0.047 2.924 0.000 2.381 1.937 0.000 0.000 0.000 0.000 3.190 0.000 1.569 0.805 0.000 
---
1 test1dax_inconsistent left_hidden
0.000 1.633 0.490 1.310 0.682 0.208 0.732 0.370 0.226 0.073 0.061 0.255 0.238 0.189 0.627 0.119 0.308 0.971 1.518 0.000 
1 test1dax_inconsistent right_hidden
0.000 1.314 1.395 0.069 1.257 0.094 0.204 0.827 0.000 0.957 1.085 0.010 0.000 0.000 0.000 1.106 0.020 0.132 0.207 0.150 
---
0 test1dax_consistent left_hidden
0.000 0.145 0.000 1.022 0.000 0.000 0.000 1.782 0.522 0.118 0.000 0.908 1.672 0.408 0.014 0.490 1.451 0.000 0.000 0.293 
0 test1dax_consistent right_hidden
0.000 0.831 3.008 0.235 0.000 0.000 0.000 0.506 0.000 0.000 0.000 0.983 0.000 0.000 3.224 3.275 0.067 0.000 0.000 0.000 
---
1 test1dax_inconsistent left_hidden
0.000 0.145 0.000 1.022 0.000 0.000 0.000 1.782 0.522 0.118 0.000 0.908 1.672 0.408 0.014 0.490 1.451 0.000 0.000 0.293 
1 test1dax_inconsistent right_hidden
0.000 0.202 0.871 0.713 0.000 0.000 0.364 0.949 0.458 0.000 0.227 0.007 0.000 0.300 1.326 2.144 0.399 0.000 0.053 0.305 
---
0 test1dax_consistent left_hidden
1.807 0.163 1.410 0.000 0.193 0.370 0.379 0.000 1.277 1.688 0.000 0.000 0.540 0.000 0.000 0.424 0.130 0.000 0.182 0.000 
0 test1dax_consistent right_hidden
2.182 2.695 0.975 0.000 2.635 3.788 0.000 0.000 0.006 3.970 0.000 0.000 0.000 0.000 0.000 0.000 0.000 0.000 0.000 1.085 
---
1 test1dax_inconsistent left_hidden
1.807 0.163 1.410 0.000 0.193 0.370 0.379 0.000 1.277 1.688 0.000 0.000 0.540 0.000 0.000 0.424 0.130 0.000 0.182 0.000 
1 test1dax_inconsistent right_hidden
1.587 1.352 0.000 0.000 0.791 1.204 0.066 0.000 0.000 2.366 0.000 0.000 0.000 0.000 0.000 0.091 0.000 0.000 0.148 0.747 
---
0 test1dax_consistent left_hidden
0.284 0.716 0.516 0.000 0.633 0.079 0.000 0.522 1.242 0.980 1.194 0.000 0.000 1.611 0.066 0.000 1.006 0.516 0.051 1.376 
0 test1dax_consistent right_hidden
0.000 0.095 1.907 0.000 0.086 0.000 0.000 0.000 2.261 1.822 1.740 0.000 0.000 0.000 0.000 2.595 4.535 1.871 0.000 0.737 
---
1 test1dax_inconsistent left_hidden
0.284 0.716 0.516 0.000 0.633 0.079 0.000 0.522 1.242 0.980 1.194 0.000 0.000 1.611 0.066 0.000 1.006 0.516 0.051 1.376 
1 test1dax_inconsistent right_hidden
0.000 0.358 0.494 0.000 0.000 0.000 0.000 0.000 1.606 0.991 1.493 0.296 0.000 0.191 0.000 1.349 1.322 0.469 0.000 0.000 
---
0 test1dax_consistent left_hidden
0.000 0.157 0.150 1.051 0.000 1.010 0.000 0.872 0.223 0.000 0.011 0.253 0.045 1.964 0.111 0.085 0.939 0.000 0.000 1.447 
0 test1dax_consistent right_hidden
0.000 0.818 0.267 1.056 0.000 3.476 0.000 0.356 0.000 3.745 1.764 1.396 0.344 0.769 0.137 0.309 0.000 0.224 1.051 0.892 
---
1 test1dax_inconsistent left_hidden
0.000 0.157 0.150 1.051 0.000 1.010 0.000 0.872 0.223 0.000 0.011 0.253 0.045 1.964 0.111 0.085 0.939 0.000 0.000 1.447 
1 test1dax_inconsistent right_hidden
0.000 0.624 0.727 0.498 0.000 1.218 0.000 0.507 0.000 1.033 0.717 0.219 0.748 0.028 0.577 0.766 0.000 0.730 0.867 0.027 
---
0 test1dax_consistent left_hidden
0.096 0.000 0.744 1.098 0.000 0.358 0.257 0.000 1.585 0.000 0.494 0.000 0.000 1.661 0.750 0.000 0.000 1.267 0.710 0.000 
0 test1dax_consistent right_hidden
0.000 0.000 0.553 1.868 2.802 0.943 4.483 0.822 1.342 0.000 0.000 0.000 0.000 0.759 1.256 1.006 0.000 1.717 0.000 0.000 
---
1 test1dax_inconsistent left_hidden
0.096 0.000 0.744 1.098 0.000 0.358 0.257 0.000 1.585 0.000 0.494 0.000 0.000 1.661 0.750 0.000 0.000 1.267 0.710 0.000 
1 test1dax_inconsistent right_hidden
0.000 0.000 0.633 0.631 1.199 0.000 2.312 0.000 1.348 0.000 0.000 0.000 0.000 0.087 0.093 0.357 0.000 0.266 0.152 0.000 
---
0 test1dax_consistent left_hidden
1.383 0.000 0.000 0.000 0.417 0.091 2.142 1.526 0.801 0.000 0.000 0.793 0.000 0.913 1.051 0.026 0.216 0.000 0.000 0.000 
0 test1dax_consistent right_hidden
1.007 0.188 3.441 1.809 0.962 0.000 1.907 0.000 1.042 0.000 2.651 0.118 0.000 1.611 1.812 0.000 0.000 0.000 0.000 1.242 
---
1 test1dax_inconsistent left_hidden
1.383 0.000 0.000 0.000 0.417 0.091 2.142 1.526 0.801 0.000 0.000 0.793 0.000 0.913 1.051 0.026 0.216 0.000 0.000 0.000 
1 test1dax_inconsistent right_hidden
0.756 0.000 0.718 1.090 0.420 0.000 1.464 0.030 1.085 0.000 1.180 0.310 0.000 0.839 0.532 0.000 0.016 0.000 0.081 0.198 
---
0 test1dax_consistent left_hidden
0.000 0.000 0.139 0.223 0.985 0.074 1.642 0.000 0.708 0.207 0.918 0.000 0.000 0.985 1.144 1.414 0.000 0.782 0.609 0.367 
0 test1dax_consistent right_hidden
3.061 1.765 1.546 0.756 0.312 0.000 0.037 0.000 0.000 2.154 3.612 0.000 0.000 0.189 0.339 0.041 0.000 0.000 1.864 0.000 
---
1 test1dax_inconsistent left_hidden
0.000 0.000 0.139 0.223 0.985 0.074 1.642 0.000 0.708 0.207 0.918 0.000 0.000 0.985 1.144 1.414 0.000 0.782 0.609 0.367 
1 test1dax_inconsistent right_hidden
1.030 0.358 0.000 0.643 0.496 0.082 0.339 0.234 0.000 1.455 0.895 0.000 0.000 0.700 0.906 0.313 0.000 0.000 1.230 0.000 
---
0 test1dax_consistent left_hidden
0.000 0.551 0.000 1.303 0.058 0.085 0.138 0.421 0.027 2.277 0.807 0.000 0.000 0.259 0.038 0.759 0.000 0.456 0.000 1.024 
0 test1dax_consistent right_hidden
0.000 4.359 0.000 0.023 0.164 0.763 0.588 0.553 0.069 3.663 1.554 0.139 0.000 0.156 1.356 0.000 0.560 0.008 0.000 0.011 
---
1 test1dax_inconsistent left_hidden
0.000 0.551 0.000 1.303 0.058 0.085 0.138 0.421 0.027 2.277 0.807 0.000 0.000 0.259 0.038 0.759 0.000 0.456 0.000 1.024 
1 test1dax_inconsistent right_hidden
0.000 2.301 0.000 0.101 0.122 0.000 0.000 0.505 0.331 0.934 0.295 0.000 0.282 0.365 0.943 0.000 0.000 0.026 0.191 0.278 
---
0 test1dax_consistent left_hidden
1.648 1.153 0.659 0.168 0.000 1.544 0.309 1.363 0.000 0.000 0.713 0.590 0.022 0.000 0.553 0.000 0.034 0.000 0.581 0.172 
0 test1dax_consistent right_hidden
0.937 1.086 1.410 0.000 0.000 3.432 2.229 1.839 0.000 0.000 0.000 0.267 3.320 0.016 0.000 0.000 0.397 0.000 0.000 0.000 
---
1 test1dax_inconsistent left_hidden
1.648 1.153 0.659 0.168 0.000 1.544 0.309 1.363 0.000 0.000 0.713 0.590 0.022 0.000 0.553 0.000 0.034 0.000 0.581 0.172 
1 test1dax_inconsistent right_hidden
0.342 1.036 0.617 0.000 0.072 0.681 1.628 0.790 0.302 0.000 0.000 0.767 1.167 0.426 0.000 0.000 0.617 0.316 0.113 0.000 
---
0 test1dax_consistent left_hidden
0.844 0.650 0.000 0.210 0.000 0.000 0.000 1.727 1.413 1.168 0.827 0.000 0.626 0.617 0.000 0.497 0.478 0.000 0.748 0.518 
0 test1dax_consistent right_hidden
0.000 1.027 0.667 0.894 0.000 0.000 2.270 2.126 0.977 0.000 0.118 0.893 0.683 4.450 0.000 1.092 2.501 1.500 0.000 0.166 
---
1 test1dax_inconsistent left_hidden
0.844 0.650 0.000 0.210 0.000 0.000 0.000 1.727 1.413 1.168 0.827 0.000 0.626 0.617 0.000 0.497 0.478 0.000 0.748 0.518 
1 test1dax_inconsistent right_hidden
0.000 0.177 0.578 0.441 0.000 0.006 1.177 0.629 0.979 0.000 0.708 0.024 0.417 1.129 0.000 0.571 1.235 0.494 0.000 0.325 
---
0 test1dax_consistent left_hidden
1.202 0.000 0.000 1.293 0.692 0.412 0.000 1.161 0.849 0.206 0.000 0.000 1.009 0.000 1.503 1.617 0.000 0.000 0.000 0.000 
0 test1dax_consistent right_hidden
1.037 0.000 0.000 1.501 3.674 0.000 0.000 0.000 3.043 1.312 0.589 0.000 2.113 1.539 0.000 0.000 0.000 0.000 1.076 2.059 
---
1 test1dax_inconsistent left_hidden
1.202 0.000 0.000 1.293 0.692 0.412 0.000 1.161 0.849 0.206 0.000 0.000 1.009 0.000 1.503 1.617 0.000 0.000 0.000 0.000 
1 test1dax_inconsistent right_hidden
0.395 0.000 0.000 0.862 1.403 0.000 0.063 0.000 1.965 0.000 0.431 0.000 1.332 0.172 0.000 0.000 0.000 0.000 0.650 0.526 
---
0 test1dax_consistent left_hidden
0.271 0.735 1.490 0.420 0.000 0.530 0.328 0.155 0.785 0.753 0.000 0.189 1.160 0.000 0.475 0.673 1.564 0.000 0.233 0.000 
0 test1dax_consistent right_hidden
3.254 0.000 2.536 0.038 0.000 0.000 0.908 1.716 2.423 1.017 0.282 0.000 0.055 0.000 0.484 0.000 3.499 0.189 0.000 0.000 
---
1 test1dax_inconsistent left_hidden
0.271 0.735 1.490 0.420 0.000 0.530 0.328 0.155 0.785 0.753 0.000 0.189 1.160 0.000 0.475 0.673 1.564 0.000 0.233 0.000 
1 test1dax_inconsistent right_hidden
1.038 0.000 1.277 0.314 0.000 0.000 0.036 0.623 0.429 0.000 0.745 0.141 0.173 0.224 0.282 0.000 2.269 0.000 0.119 0.000 
---
0 test1dax_consistent left_hidden
0.000 0.000 0.432 0.347 0.368 0.000 0.261 0.305 2.674 0.000 0.000 0.000 0.810 0.000 0.012 0.767 1.165 0.063 0.518 0.000 
0 test1dax_consistent right_hidden
0.000 1.573 0.000 3.027 4.082 0.000 0.000 1.372 0.007 0.000 0.000 1.735 0.205 2.649 0.503 0.083 0.000 1.316 0.000 0.000 
---
1 test1dax_inconsistent left_hidden
0.000 0.000 0.432 0.347 0.368 0.000 0.261 0.305 2.674 0.000 0.000 0.000 0.810 0.000 0.012 0.767 1.165 0.063 0.518 0.000 
1 test1dax_inconsistent right_hidden
0.000 0.302 0.060 0.651 1.803 0.176 0.000 0.877 0.907 0.000 0.000 0.250 0.286 0.987 0.312 0.000 0.000 1.220 0.000 0.000 
---
0 test1dax_consistent left_hidden
1.399 0.000 1.290 0.332 1.280 0.000 0.000 0.000 1.099 0.008 0.460 0.470 0.371 0.169 1.115 0.000 0.000 1.272 0.278 0.000 
0 test1dax_consistent right_hidden
0.186 0.000 0.533 1.325 1.022 3.630 0.000 1.091 0.031 0.000 0.000 1.182 2.151 2.291 0.537 0.000 0.000 0.269 0.000 3.026 
---
1 test1dax_inconsistent left_hidden
1.399 0.000 1.290 0.332 1.280 0.000 0.000 0.000 1.099 0.008 0.460 0.470 0.371 0.169 1.115 0.000 0.000 1.272 0.278 0.000 
1 test1dax_inconsistent right_hidden
0.499 0.000 0.592 0.183 1.054 1.226 0.000 1.043 0.281 0.000 0.000 0.891 1.153 1.414 1.029 0.000 0.000 0.000 0.000 0.846 
---
0 test1dax_consistent left_hidden
0.000 0.000 0.229 0.000 0.839 0.000 1.838 0.636 0.000 0.377 0.000 1.189 0.843 1.143 0.963 1.206 0.163 1.248 1.083 0.000 
0 test1dax_consistent right_hidden
3.169 0.020 0.283 0.791 0.225 2.873 1.192 0.966 2.168 0.112 0.000 2.491 0.054 1.481 0.185 1.214 0.112 1.475 0.000 0.000 
---
1 test1dax_inconsistent left_hidden
0.000 0.000 0.229 0.000 0.839 0.000 1.838 0.636 0.000 0.377 0.000 1.189 0.843 1.143 0.963 1.206 0.163 1.248 1.083 0.000 
1 test1dax_inconsistent right_hidden
0.752 0.338 0.140 0.602 0.447 0.947 1.272 0.608 0.513 0.000 0.265 1.551 0.293 0.654 0.609 0.920 0.000 0.193 0.145 0.000 
---
0 test1dax_consistent left_hidden
0.000 0.000 0.634 0.000 1.720 0.642 0.000 0.200 0.000 0.000 1.225 0.419 0.164 1.134 2.046 0.000 0.271 0.210 0.046 1.130 
0 test1dax_consistent right_hidden
0.000 0.000 3.396 0.000 4.027 2.700 0.000 0.304 0.000 0.000 0.000 1.413 0.000 0.000 0.041 0.000 0.981 1.241 0.000 1.983 
---
1 test1dax_inconsistent left_hidden
0.000 0.000 0.634 0.000 1.720 0.642 0.000 0.200 0.000 0.000 1.225 0.419 0.164 1.134 2.046 0.000 0.271 0.210 0.046 1.130 
1 test1dax_inconsistent right_hidden
0.000 0.000 1.161 0.000 1.094 0.908 0.000 0.599 0.000 0.000 0.390 0.834 0.000 0.000 0.000 0.000 0.473 1.225 0.000 1.753 
---
0 test1dax_consistent left_hidden
0.000 0.400 0.582 0.816 0.628 0.746 1.585 0.000 1.410 1.004 1.157 0.998 0.000 0.079 0.278 0.000 0.071 1.689 0.248 0.546 
0 test1dax_consistent right_hidden
0.000 1.110 2.494 1.028 0.034 0.000 1.326 0.000 2.953 2.016 2.805 0.790 0.000 0.000 0.191 0.000 0.017 0.000 3.135 0.000 
---
1 test1dax_inconsistent left_hidden
0.000 0.400 0.582 0.816 0.628 0.746 1.585 0.000 1.410 1.004 1.157 0.998 0.000 0.079 0.278 0.000 0.071 1.689 0.248 0.546 
1 test1dax_inconsistent right_hidden
0.000 0.908 1.566 1.003 0.284 0.000 0.959 0.000 0.855 0.550 1.065 0.565 0.000 0.000 0.927 0.000 0.015 0.341 1.873 0.000 
---
0 test1dax_consistent left_hidden
0.000 0.348 0.504 0.000 0.194 0.000 0.453 0.653 0.342 1.084 0.000 0.000 0.816 1.088 0.000 0.917 1.371 0.009 0.000 1.981 
0 test1dax_consistent right_hidden
0.000 0.000 0.000 0.000 0.000 3.862 0.000 0.175 1.009 1.323 0.000 1.655 0.000 0.000 0.000 0.381 1.726 0.813 0.000 3.463 
---
1 test1dax_inconsistent left_hidden
0.000 0.348 0.504 0.000 0.194 0.000 0.453 0.653 0.342 1.084 0.000 0.000 0.816 1.088 0.000 0.917 1.371 0.009 0.000 1.981 
1 test1dax_inconsistent right_hidden
0.184 0.000 0.000 0.000 0.000 1.192 0.000 0.419 0.888 1.373 0.000 1.045 0.127 0.000 0.000 0.350 0.000 0.213 0.000 2.205 
---
0 test1dax_consistent left_hidden
0.000 0.000 1.539 0.000 1.905 1.307 0.000 1.073 0.000 0.000 0.125 0.240 0.777 0.705 0.693 0.000 0.614 0.000 0.719 0.000 
0 test1dax_consistent right_hidden
0.000 0.000 2.707 0.000 1.788 0.000 0.106 1.040 0.000 0.000 0.000 0.622 0.035 1.323 1.519 0.000 0.876 0.000 2.996 3.049 
---
1 test1dax_inconsistent left_hidden
0.000 0.000 1.539 0.000 1.905 1.307 0.000 1.073 0.000 0.000 0.125 0.240 0.777 0.705 0.693 0.000 0.614 0.000 0.719 0.000 
1 test1dax_inconsistent right_hidden
0.000 0.000 1.417 0.000 1.443 0.000 0.264 0.521 0.000 0.000 0.478 0.000 0.209 0.387 0.247 0.000 0.806 0.011 0.828 0.871 
---
0 test1dax_consistent left_hidden
0.000 0.000 0.024 0.006 0.000 0.000 0.000 2.857 0.000 0.000 0.084 0.398 0.553 0.000 0.041 1.150 0.000 0.511 1.731 0.000 
0 test1dax_consistent right_hidden
1.061 1.491 3.331 0.728 0.486 0.000 0.000 0.000 4.746 0.000 0.000 0.000 2.015 0.000 0.000 0.000 0.000 0.000 0.000 0.000 
---
1 test1dax_inconsistent left_hidden
0.000 0.000 0.024 0.006 0.000 0.000 0.000 2.857 0.000 0.000 0.084 0.398 0.553 0.000 0.041 1.150 0.000 0.511 1.731 0.000 
1 test1dax_inconsistent right_hidden
0.889 1.508 1.367 0.593 0.740 0.000 0.000 0.000 1.331 0.000 0.000 0.000 1.105 0.000 0.000 0.000 0.285 0.000 0.000 0.000 
---
0 test1dax_consistent left_hidden
0.218 0.328 0.000 0.000 0.720 0.707 2.143 0.612 0.306 0.286 0.216 0.129 0.000 0.346 0.890 1.007 0.229 0.000 0.337 1.209 
0 test1dax_consistent right_hidden
0.000 0.712 0.000 0.000 0.838 0.000 1.524 2.008 0.127 0.000 4.607 0.000 0.000 0.000 0.000 0.273 0.288 0.000 1.729 0.000 
---
1 test1dax_inconsistent left_hidden
0.218 0.328 0.000 0.000 0.720 0.707 2.143 0.612 0.306 0.286 0.216 0.129 0.000 0.346 0.890 1.007 0.229 0.000 0.337 1.209 
1 test1dax_inconsistent right_hidden
0.000 0.338 0.000 0.000 0.445 0.049 0.020 1.727 0.000 0.000 1.569 0.000 0.000 0.336 0.326 0.905 0.084 0.005 1.220 0.438 
---
0 test1dax_consistent left_hidden
0.000 0.000 0.159 1.612 0.408 1.867 0.483 0.488 0.000 0.000 0.757 0.351 0.000 0.000 0.000 0.401 0.501 0.356 0.599 0.817 
0 test1dax_consistent right_hidden
0.000 0.000 1.178 3.101 0.000 0.000 3.936 0.000 0.000 0.468 0.000 0.151 1.028 1.076 0.000 0.000 3.194 0.000 0.017 0.817 
---
1 test1dax_inconsistent left_hidden
0.000 0.000 0.159 1.612 0.408 1.867 0.483 0.488 0.000 0.000 0.757 0.351 0.000 0.000 0.000 0.401 0.501 0.356 0.599 0.817 
1 test1dax_inconsistent right_hidden
0.000 0.031 0.858 0.864 0.190 0.000 1.108 0.000 0.000 0.000 0.106 0.114 0.245 0.590 0.000 0.129 2.658 0.000 0.373 1.057 
---
0 test1dax_consistent left_hidden
0.000 0.692 0.625 1.040 0.629 0.176 1.963 0.000 0.129 0.000 0.168 1.447 1.172 0.788 0.000 0.000 0.000 0.016 0.000 0.448 
0 test1dax_consistent right_hidden
4.459 0.000 1.737 3.346 0.000 0.000 0.286 0.000 0.000 0.000 2.420 0.086 1.184 0.601 0.000 0.000 0.000 0.000 0.000 0.515 
---
1 test1dax_inconsistent left_hidden
0.000 0.692 0.625 1.040 0.629 0.176 1.963 0.000 0.129 0.000 0.168 1.447 1.172 0.788 0.000 0.000 0.000 0.016 0.000 0.448 
1 test1dax_inconsistent right_hidden
1.561 0.000 0.163 1.258 0.000 0.000 0.811 0.256 0.152 0.000 1.566 0.370 1.016 0.000 0.000 0.000 0.000 0.230 0.000 0.874 
---
0 test1dax_consistent left_hidden
2.371 0.000 0.006 0.086 0.249 0.754 0.405 0.214 0.050 0.644 0.000 0.000 1.464 0.991 0.876 0.183 0.000 0.239 0.499 0.000 
0 test1dax_consistent right_hidden
0.000 0.000 1.532 3.851 1.774 0.303 0.000 2.656 0.000 0.000 0.000 1.925 0.022 0.000 0.000 0.000 0.000 2.874 0.000 0.000 
---
1 test1dax_inconsistent left_hidden
2.371 0.000 0.006 0.086 0.249 0.754 0.405 0.214 0.050 0.644 0.000 0.000 1.464 0.991 0.876 0.183 0.000 0.239 0.499 0.000 
1 test1dax_inconsistent right_hidden
0.000 0.474 0.918 0.654 0.569 1.069 0.061 1.162 0.053 0.000 0.000 1.321 0.410 0.000 0.089 0.000 0.298 1.311 0.000 0.000 
---
0 test1dax_consistent left_hidden
1.293 0.470 0.000 0.533 1.451 0.000 0.051 0.000 0.007 0.082 0.743 1.209 1.150 0.883 0.245 1.159 0.217 0.000 0.622 0.433 
0 test1dax_consistent right_hidden
1.442 0.000 0.000 3.567 0.584 0.000 0.000 0.000 0.011 2.012 0.000 3.083 0.420 0.000 0.687 0.000 0.000 0.000 0.000 2.333 
---
1 test1dax_inconsistent left_hidden
1.293 0.470 0.000 0.533 1.451 0.000 0.051 0.000 0.007 0.082 0.743 1.209 1.150 0.883 0.245 1.159 0.217 0.000 0.622 0.433 
1 test1dax_inconsistent right_hidden
1.357 0.000 0.000 1.381 0.757 0.000 0.083 0.099 0.000 0.592 0.028 0.590 0.782 0.098 0.945 0.088 0.383 0.000 0.290 1.905 
---
0 test1dax_consistent left_hidden
0.582 0.378 0.000 0.000 0.000 1.266 0.000 0.000 0.198 0.000 1.587 1.269 0.000 1.222 1.006 0.410 1.739 0.000 0.873 0.074 
0 test1dax_consistent right_hidden
1.417 0.001 0.000 0.000 0.000 0.000 0.000 3.231 0.000 0.000 1.885 1.432 0.000 0.509 1.681 0.326 2.403 1.197 2.671 0.000 
---
1 test1dax_inconsistent left_hidden
0.582 0.378 0.000 0.000 0.000 1.266 0.000 0.000 0.198 0.000 1.587 1.269 0.000 1.222 1.006 0.410 1.739 0.000 0.873 0.074 
1 test1dax_inconsistent right_hidden
0.287 0.325 0.000 0.000 0.000 0.385 0.000 0.955 0.000 0.000 1.016 0.855 0.000 0.568 0.476 0.598 0.676 0.286 1.891 0.044 
---
0 test1dax_consistent left_hidden
0.377 0.841 0.597 0.000 0.493 0.000 0.276 1.031 2.239 0.559 0.857 0.374 0.792 0.367 0.000 0.075 0.573 0.184 0.000 0.333 
0 test1dax_consistent right_hidden
0.381 0.150 0.000 0.000 1.593 0.000 1.443 0.839 0.932 0.635 0.042 1.037 0.000 0.477 3.395 0.949 2.235 2.309 1.768 0.962 
---
1 test1dax_inconsistent left_hidden
0.377 0.841 0.597 0.000 0.493 0.000 0.276 1.031 2.239 0.559 0.857 0.374 0.792 0.367 0.000 0.075 0.573 0.184 0.000 0.333 
1 test1dax_inconsistent right_hidden
1.100 0.531 0.000 0.000 0.425 0.000 0.751 0.444 0.748 0.189 0.479 1.034 0.300 0.511 0.933 0.727 1.002 0.456 0.528 0.821 
---
0 test1dax_consistent left_hidden
0.000 0.284 0.000 0.115 0.156 0.332 1.927 1.089 0.002 0.000 0.000 0.000 0.000 0.000 0.000 1.263 1.909 1.616 0.823 0.033 
0 test1dax_consistent right_hidden
0.000 1.499 0.245 0.096 0.610 0.000 1.835 0.680 0.663 0.000 0.000 0.000 2.359 0.035 0.000 0.094 1.101 4.850 0.681 0.000 
---
1 test1dax_inconsistent left_hidden
0.000 0.284 0.000 0.115 0.156 0.332 1.927 1.089 0.002 0.000 0.000 0.000 0.000 0.000 0.000 1.263 1.909 1.616 0.823 0.033 
1 test1dax_inconsistent right_hidden
0.098 0.641 0.629 0.452 0.535 0.023 0.733 0.089 0.553 0.015 0.000 0.000 0.329 0.032 0.044 0.492 1.053 1.885 0.781 0.000 
---
0 test1dax_consistent left_hidden
0.264 0.750 0.000 0.000 0.000 0.000 0.900 0.000 0.000 1.281 1.719 1.686 0.217 0.000 0.000 0.000 0.734 0.547 0.000 1.025 
0 test1dax_consistent right_hidden
0.828 0.000 0.169 0.000 0.000 0.000 2.656 0.000 0.000 1.555 0.355 1.599 4.799 0.000 0.005 0.000 0.000 0.000 1.930 0.666 
---
1 test1dax_inconsistent left_hidden
0.264 0.750 0.000 0.000 0.000 0.000 0.900 0.000 0.000 1.281 1.719 1.686 0.217 0.000 0.000 0.000 0.734 0.547 0.000 1.025 
1 test1dax_inconsistent right_hidden
0.725 0.115 0.179 0.000 0.000 0.000 2.052 0.000 0.000 0.257 0.000 0.130 1.418 0.000 0.382 0.000 0.049 0.000 1.367 0.628 
---
0 test1dax_consistent left_hidden
0.119 0.068 0.394 0.000 0.000 0.000 0.000 1.266 0.000 0.000 1.693 0.598 0.679 1.067 0.000 2.238 0.617 0.000 0.771 0.085 
0 test1dax_consistent right_hidden
0.000 2.954 0.533 0.000 0.000 0.374 0.000 0.023 0.014 0.000 1.803 1.020 0.000 2.996 2.594 1.911 0.000 1.412 0.020 0.608 
---
1 test1dax_inconsistent left_hidden
0.119 0.068 0.394 0.000 0.000 0.000 0.000 1.266 0.000 0.000 1.693 0.598 0.679 1.067 0.000 2.238 0.617 0.000 0.771 0.085 
1 test1dax_inconsistent right_hidden
0.197 0.754 0.000 0.000 0.158 0.117 0.000 0.053 0.400 0.000 1.446 0.178 0.170 0.593 0.716 1.216 0.062 1.223 0.230 0.302 
---
0 test1dax_consistent left_hidden
1.021 0.033 0.471 0.286 0.308 0.029 0.000 0.000 0.000 0.000 1.284 0.511 0.785 1.402 0.000 1.837 0.000 0.299 0.000 0.772 
0 test1dax_consistent right_hidden
1.026 1.230 1.839 0.000 0.318 1.033 0.134 0.539 2.754 0.000 1.220 0.648 0.000 0.000 1.838 1.663 0.000 0.794 0.000 2.217 
---
1 test1dax_inconsistent left_hidden
1.021 0.033 0.471 0.286 0.308 0.029 0.000 0.000 0.000 0.000 1.284 0.511 0.785 1.402 0.000 1.837 0.000 0.299 0.000 0.772 
1 test1dax_inconsistent right_hidden
0.431 0.768 1.428 0.000 0.181 0.803 0.281 0.395 0.449 0.451 0.229 0.487 0.000 0.337 0.389 0.290 0.000 0.532 0.000 0.090 
---
0 test1dax_consistent left_hidden
0.669 0.917 0.000 0.012 0.342 1.037 0.109 0.253 0.971 0.000 0.000 1.554 0.101 0.437 0.424 0.000 2.636 0.294 0.000 0.131 
0 test1dax_consistent right_hidden
1.335 0.351 0.000 0.391 0.701 0.000 0.239 0.000 0.077 0.000 0.000 0.000 3.982 0.497 1.517 0.017 0.000 4.200 0.000 0.031 
---
1 test1dax_inconsistent left_hidden
0.669 0.917 0.000 0.012 0.342 1.037 0.109 0.253 0.971 0.000 0.000 1.554 0.101 0.437 0.424 0.000 2.636 0.294 0.000 0.131 
1 test1dax_inconsistent right_hidden
1.256 0.830 0.000 0.742 0.606 0.017 0.005 0.328 0.495 0.000 0.103 0.000 1.108 0.505 0.058 0.549 0.000 1.577 0.000 0.000 
---
0 test1dax_consistent left_hidden
0.000 0.083 0.000 0.000 0.000 0.000 0.000 0.000 0.000 1.225 0.000 0.000 0.000 0.138 2.755 0.838 0.226 0.000 0.070 0.000 
0 test1dax_consistent right_hidden
0.000 0.000 0.000 0.000 2.732 0.000 0.000 0.000 0.000 1.061 1.247 0.000 0.000 1.781 2.669 3.123 0.000 2.464 0.000 0.000 
---
1 test1dax_inconsistent left_hidden
0.000 0.083 0.000 0.000 0.000 0.000 0.000 0.000 0.000 1.225 0.000 0.000 0.000 0.138 2.755 0.838 0.226 0.000 0.070 0.000 
1 test1dax_inconsistent right_hidden
0.000 0.495 0.000 0.000 0.901 0.000 0.000 0.000 0.000 0.192 1.077 0.061 0.000 1.040 0.316 1.915 0.000 1.088 0.000 0.000 
---
0 test1dax_consistent left_hidden
0.528 0.024 2.803 0.000 0.563 0.449 0.075 0.000 0.055 0.645 0.353 0.260 0.968 0.000 0.352 0.123 0.000 0.000 0.305 0.307 
0 test1dax_consistent right_hidden
3.065 0.000 0.088 1.349 0.000 1.635 0.000 0.000 0.000 0.134 0.000 0.000 3.005 0.000 3.260 0.195 0.000 0.000 0.000 0.000 
---
1 test1dax_inconsistent left_hidden
0.528 0.024 2.803 0.000 0.563 0.449 0.075 0.000 0.055 0.645 0.353 0.260 0.968 0.000 0.352 0.123 0.000 0.000 0.305 0.307 
1 test1dax_inconsistent right_hidden
1.692 0.000 0.490 0.394 0.052 0.000 0.128 0.000 0.000 0.376 0.045 0.000 1.824 0.000 0.867 0.656 0.000 0.000 0.064 0.000 
---
0 test1dax_consistent left_hidden
0.000 1.313 2.291 0.000 0.000 0.743 0.180 0.737 0.000 0.522 0.000 0.000 0.000 1.503 0.000 0.348 1.223 0.276 0.074 0.403 
0 test1dax_consistent right_hidden
3.802 2.431 0.384 1.341 0.000 0.432 0.209 0.322 0.000 0.000 0.000 2.086 1.423 0.800 0.000 0.317 0.000 2.099 0.027 0.193 
---
1 test1dax_inconsistent left_hidden
0.000 1.313 2.291 0.000 0.000 0.743 0.180 0.737 0.000 0.522 0.000 0.000 0.000 1.503 0.000 0.348 1.223 0.276 0.074 0.403 
1 test1dax_inconsistent right_hidden
1.703 0.311 0.760 0.189 0.000 0.037 0.686 0.814 0.114 0.000 0.000 0.861 0.922 0.058 0.517 0.373 0.279 0.512 0.000 0.379 
---
0 test1dax_consistent left_hidden
0.000 1.594 1.450 1.246 0.539 0.074 0.000 0.000 0.136 0.084 0.000 0.135 0.414 0.000 0.324 1.114 0.291 1.517 0.000 0.235 
0 test1dax_consistent right_hidden
0.384 0.000 1.116 0.000 2.862 1.180 0.000 0.000 0.000 0.148 1.337 0.000 1.844 2.590 0.598 3.059 0.000 0.155 0.000 1.576 
---
1 test1dax_inconsistent left_hidden
0.000 1.594 1.450 1.246 0.539 0.074 0.000 0.000 0.136 0.084 0.000 0.135 0.414 0.000 0.324 1.114 0.291 1.517 0.000 0.235 
1 test1dax_inconsistent right_hidden
0.551 0.430 0.961 0.000 0.530 0.375 0.000 0.000 0.000 0.592 0.897 0.000 0.543 0.693 0.580 1.162 0.000 0.809 0.003 1.037 
---
0 test1dax_consistent left_hidden
0.000 0.935 1.541 0.000 0.671 1.221 0.036 0.000 0.947 1.274 0.122 0.000 0.000 0.252 0.000 0.310 1.507 0.000 0.000 1.312 
0 test1dax_consistent right_hidden
0.000 0.836 0.925 0.897 0.000 1.548 1.802 3.884 0.586 2.003 0.486 0.434 0.000 0.915 1.078 0.000 0.799 2.666 0.000 1.257 
---
1 test1dax_inconsistent left_hidden
0.000 0.935 1.541 0.000 0.671 1.221 0.036 0.000 0.947 1.274 0.122 0.000 0.000 0.252 0.000 0.310 1.507 0.000 0.000 1.312 
1 test1dax_inconsistent right_hidden
0.019 0.495 0.116 0.776 0.000 1.013 0.856 1.454 0.317 1.220 0.000 0.125 0.000 0.468 0.431 0.000 0.789 0.804 0.000 0.052 
---
0 test1dax_consistent left_hidden
0.426 1.430 0.528 0.000 0.000 0.000 0.000 0.221 0.986 0.000 0.000 0.000 1.662 0.528 0.000 0.515 1.406 0.995 0.826 0.983 
0 test1dax_consistent right_hidden
0.641 2.133 0.000 1.436 0.000 0.315 0.100 0.000 0.000 0.262 3.695 0.000 2.215 0.000 0.484 0.000 0.000 0.000 2.534 1.770 
---
1 test1dax_inconsistent left_hidden
0.426 1.430 0.528 0.000 0.000 0.000 0.000 0.221 0.986 0.000 0.000 0.000 1.662 0.528 0.000 0.515 1.406 0.995 0.826 0.983 
1 test1dax_inconsistent right_hidden
0.419 1.340 0.000 0.329 0.000 0.683 0.000 0.000 0.000 0.748 1.032 0.000 1.280 0.064 0.000 0.000 0.457 0.054 1.793 0.479 
---
0 test1dax_consistent left_hidden
0.100 0.483 0.000 0.495 0.000 0.103 0.391 0.262 0.474 0.000 1.270 0.000 0.546 1.455 0.454 0.973 2.044 0.631 0.973 0.000 
0 test1dax_consistent right_hidden
0.000 0.000 0.471 0.000 0.747 0.202 2.533 0.000 0.348 3.121 0.050 0.000 0.000 0.716 0.000 2.844 0.000 0.000 3.062 0.000 
---
1 test1dax_inconsistent left_hidden
0.100 0.483 0.000 0.495 0.000 0.103 0.391 0.262 0.474 0.000 1.270 0.000 0.546 1.455 0.454 0.973 2.044 0.631 0.973 0.000 
1 test1dax_inconsistent right_hidden
0.000 0.214 0.000 0.699 0.025 0.539 0.468 0.000 0.491 0.861 0.364 0.000 0.000 0.000 0.000 1.832 0.000 0.389 1.104 0.000 
---
0 test1dax_consistent left_hidden
0.000 0.516 1.631 0.000 0.000 0.532 1.457 0.000 1.512 0.979 0.202 0.000 1.003 0.559 0.051 0.384 0.794 0.000 0.000 1.386 
0 test1dax_consistent right_hidden
0.511 2.137 0.101 0.908 2.314 0.122 3.109 2.670 0.465 0.373 0.000 0.000 0.090 1.307 0.000 0.334 2.103 0.000 0.000 0.978 
---
1 test1dax_inconsistent left_hidden
0.000 0.516 1.631 0.000 0.000 0.532 1.457 0.000 1.512 0.979 0.202 0.000 1.003 0.559 0.051 0.384 0.794 0.000 0.000 1.386 
1 test1dax_inconsistent right_hidden
0.172 0.403 0.798 0.546 0.501 0.262 0.799 0.951 0.191 0.703 0.416 0.000 0.401 0.696 0.000 0.792 0.980 0.195 0.000 0.837 
---
0 test1dax_consistent left_hidden
0.252 1.194 0.000 0.000 0.000 1.021 1.172 0.100 1.711 0.815 0.185 0.954 0.000 0.289 0.000 0.752 0.144 1.526 0.000 0.968 
0 test1dax_consistent right_hidden
0.049 0.000 0.000 0.000 0.000 0.000 0.256 0.000 2.727 0.000 0.442 2.421 0.770 0.000 0.000 0.050 0.000 0.000 3.682 3.273 
---
1 test1dax_inconsistent left_hidden
0.252 1.194 0.000 0.000 0.000 1.021 1.172 0.100 1.711 0.815 0.185 0.954 0.000 0.289 0.000 0.752 0.144 1.526 0.000 0.968 
1 test1dax_inconsistent right_hidden
0.181 0.000 0.000 0.000 0.038 0.296 0.000 0.000 1.391 0.000 0.147 0.843 0.280 0.000 0.000 0.000 0.000 0.000 0.827 1.809 
---
0 test1dax_consistent left_hidden
0.344 0.000 0.334 1.158 0.695 1.763 0.355 0.000 0.000 0.000 0.742 0.000 0.802 0.773 0.523 0.407 0.000 1.938 0.000 0.000 
0 test1dax_consistent right_hidden
0.096 0.000 0.000 4.493 0.000 2.531 0.587 0.000 0.000 0.000 0.000 0.000 0.296 1.065 1.155 0.000 0.000 2.318 1.016 0.000 
---
1 test1dax_inconsistent left_hidden
0.344 0.000 0.334 1.158 0.695 1.763 0.355 0.000 0.000 0.000 0.742 0.000 0.802 0.773 0.523 0.407 0.000 1.938 0.000 0.000 
1 test1dax_inconsistent right_hidden
0.556 0.000 0.000 2.422 0.007 0.614 1.250 0.000 0.050 0.000 0.399 0.000 0.584 0.000 0.774 0.000 0.000 0.690 0.930 0.000 
---
0 test1dax_consistent left_hidden
0.792 0.365 0.000 0.000 0.000 0.410 0.049 0.171 0.646 0.100 0.913 0.000 0.000 0.592 0.025 2.225 0.456 1.572 0.000 0.000 
0 test1dax_consistent right_hidden
0.000 0.000 0.100 0.000 1.709 1.696 0.000 0.635 0.000 0.000 1.448 0.318 0.426 4.111 0.000 0.021 3.227 0.000 0.000 2.540 
---
1 test1dax_inconsistent left_hidden
0.792 0.365 0.000 0.000 0.000 0.410 0.049 0.171 0.646 0.100 0.913 0.000 0.000 0.592 0.025 2.225 0.456 1.572 0.000 0.000 
1 test1dax_inconsistent right_hidden
0.000 0.153 0.339 0.000 1.504 0.861 0.129 0.307 0.272 0.000 1.127 0.000 0.026 1.258 0.061 0.930 1.592 0.000 0.000 1.064 
---
0 test1dax_consistent left_hidden
1.244 0.000 0.119 0.000 0.000 0.457 0.291 0.920 0.310 0.488 0.743 0.000 0.791 0.155 0.000 0.000 0.162 2.317 0.008 1.036 
0 test1dax_consistent right_hidden
0.748 0.000 0.000 0.000 0.000 0.000 0.543 0.000 1.240 0.000 0.000 0.000 0.000 0.000 0.000 1.725 0.000 5.275 0.000 3.242 
---
1 test1dax_inconsistent left_hidden
1.244 0.000 0.119 0.000 0.000 0.457 0.291 0.920 0.310 0.488 0.743 0.000 0.791 0.155 0.000 0.000 0.162 2.317 0.008 1.036 
1 test1dax_inconsistent right_hidden
0.824 0.000 0.000 0.000 0.111 0.000 0.412 0.000 0.152 0.000 0.000 0.000 0.000 0.000 0.148 0.000 0.000 2.663 0.000 1.286 
---
0 test1dax_consistent left_hidden
0.147 1.290 0.000 1.965 0.000 0.000 0.584 0.000 0.000 1.711 0.519 0.000 1.489 0.000 0.000 0.000 0.266 0.000 0.664 0.000 
0 test1dax_consistent right_hidden
0.342 0.000 0.421 1.329 0.000 3.024 1.210 2.414 2.111 2.939 1.222 0.000 1.421 0.000 0.000 0.000 0.000 0.000 1.669 0.000 
---
1 test1dax_inconsistent left_hidden
0.147 1.290 0.000 1.965 0.000 0.000 0.584 0.000 0.000 1.711 0.519 0.000 1.489 0.000 0.000 0.000 0.266 0.000 0.664 0.000 
1 test1dax_inconsistent right_hidden
0.483 0.000 0.901 0.278 0.002 1.023 1.087 0.572 1.190 0.942 0.677 0.000 0.002 0.000 0.000 0.000 0.000 0.000 1.482 0.000 
---
0 test1dax_consistent left_hidden
0.737 0.042 0.035 0.000 0.000 0.274 0.000 0.000 1.563 0.000 1.843 0.133 0.265 0.034 1.838 0.038 0.003 0.000 0.505 0.000 
0 test1dax_consistent right_hidden
1.255 0.000 0.000 3.330 0.000 0.000 0.000 0.832 2.845 0.723 1.996 1.894 0.322 0.664 1.249 0.000 0.973 0.000 2.944 0.387 
---
1 test1dax_inconsistent left_hidden
0.737 0.042 0.035 0.000 0.000 0.274 0.000 0.000 1.563 0.000 1.843 0.133 0.265 0.034 1.838 0.038 0.003 0.000 0.505 0.000 
1 test1dax_inconsistent right_hidden
0.364 0.040 0.044 1.325 0.000 0.000 0.000 0.099 1.666 0.920 1.532 0.613 0.293 0.465 0.267 0.000 0.616 0.000 1.091 0.251 
---
0 test1dax_consistent left_hidden
0.702 0.343 1.644 0.841 0.498 0.000 1.466 0.334 0.862 0.565 0.780 0.143 0.025 1.367 0.000 0.459 0.303 0.000 0.487 0.623 
0 test1dax_consistent right_hidden
1.110 2.417 2.114 0.000 0.000 0.000 1.944 2.336 1.501 0.000 2.534 1.870 0.000 0.249 0.000 0.000 0.371 0.000 0.000 0.000 
---
1 test1dax_inconsistent left_hidden
0.702 0.343 1.644 0.841 0.498 0.000 1.466 0.334 0.862 0.565 0.780 0.143 0.025 1.367 0.000 0.459 0.303 0.000 0.487 0.623 
1 test1dax_inconsistent right_hidden
0.120 0.388 0.278 0.268 0.000 0.000 1.612 0.935 0.955 0.153 0.490 1.462 0.000 0.000 0.103 0.001 0.565 0.000 0.000 0.207 
---
0 test1dax_consistent left_hidden
0.000 0.000 0.273 0.037 0.990 0.355 0.351 0.392 1.569 0.956 0.000 0.000 0.000 0.000 1.161 0.902 0.186 0.335 2.122 0.167 
0 test1dax_consistent right_hidden
0.000 0.000 0.634 0.000 0.167 1.355 0.005 0.028 1.420 0.036 0.000 0.000 0.000 2.064 0.733 1.426 0.000 0.000 4.904 2.034 
---
1 test1dax_inconsistent left_hidden
0.000 0.000 0.273 0.037 0.990 0.355 0.351 0.392 1.569 0.956 0.000 0.000 0.000 0.000 1.161 0.902 0.186 0.335 2.122 0.167 
1 test1dax_inconsistent right_hidden
0.000 0.000 0.000 0.000 0.204 0.653 0.294 0.358 0.247 0.226 0.095 0.000 0.000 1.479 0.000 1.728 0.471 0.000 1.549 0.756 
---
0 test1dax_consistent left_hidden
0.080 0.000 2.307 0.247 0.000 0.803 1.154 1.262 0.000 0.288 0.000 0.508 0.303 0.426 0.079 0.746 0.000 0.851 1.408 0.000 
0 test1dax_consistent right_hidden
2.337 0.356 3.673 0.190 1.618 0.032 1.845 0.303 0.000 0.000 0.042 0.000 1.729 0.000 1.134 2.596 0.000 0.000 0.497 1.563 
---
1 test1dax_inconsistent left_hidden
0.080 0.000 2.307 0.247 0.000 0.803 1.154 1.262 0.000 0.288 0.000 0.508 0.303 0.426 0.079 0.746 0.000 0.851 1.408 0.000 
1 test1dax_inconsistent right_hidden
0.212 0.215 1.013 0.420 0.575 0.202 0.734 0.487 0.071 0.000 0.000 0.437 1.009 0.000 0.732 0.849 0.000 0.041 0.537 1.240 
---
0 test1dax_consistent left_hidden
0.269 1.267 0.000 0.000 1.343 0.325 0.000 0.555 1.369 1.008 0.338 0.483 0.248 0.000 1.671 0.150 0.000 0.306 0.154 0.656 
0 test1dax_consistent right_hidden
2.367 1.569 0.000 0.000 0.000 1.222 1.956 0.144 0.000 3.702 1.649 0.078 2.826 0.000 0.379 0.000 0.007 0.000 0.000 0.000 
---
1 test1dax_inconsistent left_hidden
0.269 1.267 0.000 0.000 1.343 0.325 0.000 0.555 1.369 1.008 0.338 0.483 0.248 0.000 1.671 0.150 0.000 0.306 0.154 0.656 
1 test1dax_inconsistent right_hidden
0.683 0.631 0.000 0.000 0.234 0.000 0.888 0.000 0.006 1.609 0.302 0.000 0.849 0.000 0.969 0.136 0.000 0.101 0.128 0.034 
---
0 test1dax_consistent left_hidden
0.426 1.434 0.408 0.615 0.977 0.651 1.068 0.827 0.875 0.000 0.000 1.019 0.252 0.000 0.000 0.357 1.128 0.374 0.076 0.634 
0 test1dax_consistent right_hidden
0.000 3.369 0.000 1.331 0.000 2.677 0.000 0.435 1.888 0.000 0.000 2.634 0.000 0.007 1.183 1.042 0.111 0.542 0.000 2.080 
---
1 test1dax_inconsistent left_hidden
0.426 1.434 0.408 0.615 0.977 0.651 1.068 0.827 0.875 0.000 0.000 1.019 0.252 0.000 0.000 0.357 1.128 0.374 0.076 0.634 
1 test1dax_inconsistent right_hidden
0.000 1.197 0.000 1.016 0.500 0.820 0.000 0.780 1.028 0.222 0.000 1.771 0.000 0.299 0.357 0.581 0.065 0.786 0.000 0.422 
---
0 test1dax_consistent left_hidden
0.432 0.136 0.000 0.000 0.000 0.583 0.000 0.000 2.384 0.000 0.619 1.026 0.178 1.334 0.000 0.175 0.000 0.452 0.000 0.000 
0 test1dax_consistent right_hidden
3.960 0.075 0.000 0.000 2.762 0.420 0.000 0.000 0.000 0.000 0.000 0.000 1.425 0.000 0.415 0.506 0.000 3.664 0.000 0.000 
---
1 test1dax_inconsistent left_hidden
0.432 0.136 0.000 0.000 0.000 0.583 0.000 0.000 2.384 0.000 0.619 1.026 0.178 1.334 0.000 0.175 0.000 0.452 0.000 0.000 
1 test1dax_inconsistent right_hidden
2.012 0.000 0.000 0.069 0.566 0.513 0.000 0.000 0.486 0.164 0.000 0.277 0.181 0.000 0.238 0.000 0.000 1.308 0.000 0.000 
---
0 test1dax_consistent left_hidden
0.376 1.002 0.000 1.287 0.294 0.000 0.746 0.003 0.180 0.000 0.000 0.000 1.047 0.799 0.762 1.513 0.000 0.043 0.248 1.822 
0 test1dax_consistent right_hidden
0.002 1.502 0.000 0.910 0.000 2.052 0.026 0.000 0.000 0.875 0.000 0.000 1.965 1.319 4.898 0.000 0.000 0.000 0.000 0.000 
---
1 test1dax_inconsistent left_hidden
0.376 1.002 0.000 1.287 0.294 0.000 0.746 0.003 0.180 0.000 0.000 0.000 1.047 0.799 0.762 1.513 0.000 0.043 0.248 1.822 
1 test1dax_inconsistent right_hidden
0.481 1.460 0.000 0.000 0.000 1.011 0.000 0.395 0.000 0.168 0.000 0.000 0.979 1.179 1.213 0.000 0.000 0.000 0.040 0.243 
---
0 test1dax_consistent left_hidden
1.572 0.000 0.147 0.339 0.545 0.000 0.000 0.000 0.976 0.316 1.611 0.056 1.741 0.000 0.000 0.868 0.663 0.000 0.000 0.000 
0 test1dax_consistent right_hidden
0.000 0.000 1.108 0.181 0.073 0.495 0.000 0.017 2.387 0.273 1.364 0.045 2.684 0.458 0.000 4.372 0.000 0.905 0.000 0.000 
---
1 test1dax_inconsistent left_hidden
1.572 0.000 0.147 0.339 0.545 0.000 0.000 0.000 0.976 0.316 1.611 0.056 1.741 0.000 0.000 0.868 0.663 0.000 0.000 0.000 
1 test1dax_inconsistent right_hidden
0.412 0.000 0.248 0.471 0.026 0.090 0.620 0.000 2.032 0.790 0.062 0.000 1.478 0.094 0.041 1.363 0.000 0.555 0.154 0.000 
---
0 test1dax_consistent left_hidden
0.530 0.987 1.163 0.000 0.532 0.000 0.385 2.162 0.000 0.180 0.271 0.751 0.000 0.223 0.740 1.150 0.361 0.000 0.000 0.453 
0 test1dax_consistent right_hidden
1.732 1.243 0.039 0.000 0.168 0.000 0.909 0.263 0.000 0.265 0.000 1.971 0.000 2.514 0.000 1.873 0.000 0.000 2.043 4.283 
---
1 test1dax_inconsistent left_hidden
0.530 0.987 1.163 0.000 0.532 0.000 0.385 2.162 0.000 0.180 0.271 0.751 0.000 0.223 0.740 1.150 0.361 0.000 0.000 0.453 
1 test1dax_inconsistent right_hidden
0.650 0.431 0.000 0.264 0.875 0.000 0.628 0.767 0.000 0.307 0.324 1.085 0.000 1.011 0.000 1.275 0.000 0.000 0.341 1.473 
---
0 test1dax_consistent left_hidden
0.051 0.017 0.000 0.000 0.000 0.060 0.595 0.000 1.919 0.100 0.817 0.760 0.567 1.094 0.796 1.748 0.000 0.148 0.000 0.147 
0 test1dax_consistent right_hidden
0.000 2.703 0.000 0.000 2.085 0.000 0.659 0.057 0.834 0.734 0.000 0.033 1.316 0.683 2.633 3.604 2.408 0.000 0.000 0.230 
---
1 test1dax_inconsistent left_hidden
0.051 0.017 0.000 0.000 0.000 0.060 0.595 0.000 1.919 0.100 0.817 0.760 0.567 1.094 0.796 1.748 0.000 0.148 0.000 0.147 
1 test1dax_inconsistent right_hidden
0.000 0.548 0.000 0.352 0.404 0.000 0.448 0.220 0.556 0.400 0.285 0.365 1.254 0.021 1.783 1.274 0.368 0.051 0.055 0.302 
---
0 test1dax_consistent left_hidden
2.037 0.664 0.088 0.295 0.029 0.000 0.859 1.500 0.233 0.000 0.000 0.209 0.465 0.063 0.612 0.108 0.000 0.211 1.961 0.000 
0 test1dax_consistent right_hidden
0.000 0.000 0.000 0.000 1.176 0.000 0.000 2.273 2.958 0.673 1.322 0.000 0.000 2.559 0.000 3.027 0.923 3.873 0.256 0.000 
---
1 test1dax_inconsistent left_hidden
2.037 0.664 0.088 0.295 0.029 0.000 0.859 1.500 0.233 0.000 0.000 0.209 0.465 0.063 0.612 0.108 0.000 0.211 1.961 0.000 
1 test1dax_inconsistent right_hidden
0.151 0.000 0.000 0.000 0.391 0.000 0.000 1.674 1.032 0.156 1.062 0.000 0.000 1.407 0.175 1.112 0.093 1.252 0.000 0.000 
---
0 test1dax_consistent left_hidden
0.000 0.000 0.000 0.930 0.000 0.000 0.601 0.000 1.552 0.000 0.000 1.354 0.142 0.000 0.000 0.000 1.130 1.724 1.465 0.000 
0 test1dax_consistent right_hidden
0.000 0.000 0.000 1.953 0.000 1.285 0.247 0.319 0.000 0.000 1.062 3.884 0.748 0.000 0.000 0.000 0.000 2.172 3.655 0.000 
---
1 test1dax_inconsistent left_hidden
0.000 0.000 0.000 0.930 0.000 0.000 0.601 0.000 1.552 0.000 0.000 1.354 0.142 0.000 0.000 0.000 1.130 1.724 1.465 0.000 
1 test1dax_inconsistent right_hidden
0.000 0.000 0.000 0.593 0.003 1.063 0.071 0.246 0.291 0.000 0.055 1.128 0.968 0.000 0.000 0.000 0.118 1.930 1.465 0.000 
---
0 test1dax_consistent left_hidden
0.000 0.000 0.952 0.524 0.116 0.000 1.193 0.582 1.209 1.014 0.828 0.649 0.000 0.089 1.624 0.000 0.501 1.213 0.000 0.000 
0 test1dax_consistent right_hidden
0.000 2.091 0.091 2.459 0.000 0.182 2.368 0.000 0.000 0.000 3.002 0.119 0.000 0.119 0.328 0.000 1.169 3.160 0.000 0.737 
---
1 test1dax_inconsistent left_hidden
0.000 0.000 0.952 0.524 0.116 0.000 1.193 0.582 1.209 1.014 0.828 0.649 0.000 0.089 1.624 0.000 0.501 1.213 0.000 0.000 
1 test1dax_inconsistent right_hidden
0.000 0.918 0.628 1.734 0.497 0.086 2.047 0.374 0.000 0.000 0.620 0.000 0.000 0.000 0.414 0.000 0.323 0.885 0.000 0.000 
---
0 test1dax_consistent left_hidden
0.000 0.238 0.000 0.000 0.478 0.000 0.156 0.035 0.000 0.353 1.092 1.873 0.497 0.707 0.000 0.000 0.002 0.000 0.000 1.997 
0 test1dax_consistent right_hidden
1.095 0.024 0.000 0.687 0.000 0.000 0.000 0.000 0.000 1.841 0.099 1.967 1.096 0.000 0.628 4.160 0.000 0.000 3.628 0.047 
---
1 test1dax_inconsistent left_hidden
0.000 0.238 0.000 0.000 0.478 0.000 0.156 0.035 0.000 0.353 1.092 1.873 0.497 0.707 0.000 0.000 0.002 0.000 0.000 1.997 
1 test1dax_inconsistent right_hidden
0.502 0.103 0.000 0.868 0.000 0.000 0.027 0.066 0.000 0.118 0.000 0.725 1.217 0.000 1.100 1.502 0.000 0.000 1.269 0.476 
---
0 test1dax_consistent left_hidden
2.100 0.315 0.444 2.208 0.000 0.000 0.611 0.578 0.000 0.483 0.277 0.000 0.318 0.354 0.116 0.033 0.172 0.000 0.000 0.000 
0 test1dax_consistent right_hidden
2.380 0.000 0.000 2.777 0.000 0.000 0.000 0.079 0.000 0.376 0.000 1.348 2.154 2.861 1.254 0.000 0.182 0.000 0.000 1.881 
---
1 test1dax_inconsistent left_hidden
2.100 0.315 0.444 2.208 0.000 0.000 0.611 0.578 0.000 0.483 0.277 0.000 0.318 0.354 0.116 0.033 0.172 0.000 0.000 0.000 
1 test1dax_inconsistent right_hidden
1.059 0.000 0.000 0.619 0.000 0.000 0.034 0.000 0.000 0.229 0.000 0.288 1.686 1.200 0.498 0.007 1.100 0.000 0.000 0.838 
---
0 test1dax_consistent left_hidden
0.420 0.115 1.450 0.031 0.014 1.099 0.000 0.215 0.000 0.774 0.497 0.259 0.000 0.000 0.854 1.901 0.038 0.248 0.709 0.108 
0 test1dax_consistent right_hidden
2.006 0.336 1.735 1.159 0.000 3.884 0.000 0.000 0.000 0.000 0.773 1.473 1.741 0.000 0.000 0.273 0.000 3.249 0.030 0.000 
---
1 test1dax_inconsistent left_hidden
0.420 0.115 1.450 0.031 0.014 1.099 0.000 0.215 0.000 0.774 0.497 0.259 0.000 0.000 0.854 1.901 0.038 0.248 0.709 0.108 
1 test1dax_inconsistent right_hidden
0.676 0.371 0.297 0.374 0.052 1.184 0.000 0.000 0.000 0.325 0.430 0.071 1.034 0.000 0.000 1.074 0.000 1.867 0.444 0.255 
---
0 test1dax_consistent left_hidden
0.000 0.409 1.237 1.284 0.782 1.314 0.474 0.328 0.248 0.829 0.333 0.000 0.416 1.310 0.412 0.000 0.000 0.683 0.371 1.113 
0 test1dax_consistent right_hidden
0.110 0.855 0.000 0.637 0.000 1.626 0.669 2.840 1.195 0.000 3.648 0.000 0.361 0.928 0.000 2.124 0.000 0.581 0.000 0.000 
---
1 test1dax_inconsistent left_hidden
0.000 0.409 1.237 1.284 0.782 1.314 0.474 0.328 0.248 0.829 0.333 0.000 0.416 1.310 0.412 0.000 0.000 0.683 0.371 1.113 
1 test1dax_inconsistent right_hidden
0.507 0.905 0.000 0.000 0.000 0.573 0.803 1.530 0.745 0.000 0.690 0.000 0.803 1.104 0.000 0.655 0.000 0.931 0.000 0.000 
---
0 test1dax_consistent left_hidden
0.107 0.323 1.120 0.028 0.000 0.000 0.725 0.232 0.000 1.239 1.871 0.120 0.618 0.000 0.102 0.371 1.638 0.000 0.000 0.138 
0 test1dax_consistent right_hidden
1.536 0.247 0.000 0.000 0.000 1.337 0.000 3.067 0.000 0.220 0.256 0.000 0.952 3.895 0.038 3.091 1.216 0.000 0.000 1.506 
---
1 test1dax_inconsistent left_hidden
0.107 0.323 1.120 0.028 0.000 0.000 0.725 0.232 0.000 1.239 1.871 0.120 0.618 0.000 0.102 0.371 1.638 0.000 0.000 0.138 
1 test1dax_inconsistent right_hidden
1.064 0.431 0.000 0.000 0.240 0.633 0.000 1.632 0.000 0.000 0.452 0.000 1.615 1.318 0.000 0.721 0.216 0.000 0.000 1.002 
---
0 test1dax_consistent left_hidden
0.443 0.008 0.000 0.082 1.596 0.000 1.524 0.204 0.000 0.000 0.379 0.000 0.000 1.797 0.301 0.043 0.000 0.185 0.635 0.013 
0 test1dax_consistent right_hidden
0.000 1.125 0.287 2.185 0.000 0.000 2.619 0.243 0.136 0.000 3.987 0.831 2.886 0.221 0.000 0.716 0.000 0.000 1.253 0.000 
---
1 test1dax_inconsistent left_hidden
0.443 0.008 0.000 0.082 1.596 0.000 1.524 0.204 0.000 0.000 0.379 0.000 0.000 1.797 0.301 0.043 0.000 0.185 0.635 0.013 
1 test1dax_inconsistent right_hidden
0.000 0.700 0.531 1.154 0.223 0.020 1.509 0.000 0.196 0.000 0.942 0.394 0.922 0.983 0.000 0.427 0.000 0.000 0.353 0.005 
---
0 test1dax_consistent left_hidden
0.171 0.537 0.406 0.726 0.000 0.696 0.031 0.520 0.347 0.000 0.018 0.000 1.824 0.000 1.543 0.549 1.709 0.392 0.000 0.000 
0 test1dax_consistent right_hidden
0.000 3.076 0.362 0.000 0.430 1.359 2.268 0.704 0.180 0.169 0.048 3.787 0.991 0.000 0.961 1.278 0.789 0.000 0.000 0.000 
---
1 test1dax_inconsistent left_hidden
0.171 0.537 0.406 0.726 0.000 0.696 0.031 0.520 0.347 0.000 0.018 0.000 1.824 0.000 1.543 0.549 1.709 0.392 0.000 0.000 
1 test1dax_inconsistent right_hidden
0.000 1.024 0.169 0.000 0.009 0.749 0.700 1.385 0.261 0.119 0.000 0.980 0.290 0.000 0.000 0.611 0.837 0.135 0.000 0.166 
---
0 test1dax_consistent left_hidden
0.000 0.592 0.084 0.430 0.000 1.165 0.000 0.532 0.000 0.000 1.008 2.094 0.000 0.000 0.000 0.928 0.000 1.175 0.000 1.597 
0 test1dax_consistent right_hidden
0.000 0.045 2.537 0.000 0.000 1.908 0.162 0.357 0.000 0.000 0.000 2.416 0.000 0.000 2.373 1.227 0.600 1.792 0.924 3.288 
---
1 test1dax_inconsistent left_hidden
0.000 0.592 0.084 0.430 0.000 1.165 0.000 0.532 0.000 0.000 1.008 2.094 0.000 0.000 0.000 0.928 0.000 1.175 0.000 1.597 
1 test1dax_inconsistent right_hidden
0.000 0.757 1.378 0.000 0.000 0.755 0.000 0.606 0.000 0.000 0.000 1.351 0.000 0.000 1.007 1.226 0.759 0.545 0.329 1.049 
---
