0 test1dax_consistent 0.000 0.000 0.000 0.829 0.785 0.000 1.138 0.000 0.139 0.259 0.000 0.000 0.000 0.179 1.859 0.013 0.528 0.666 0.000 1.904 1.976 0.000 0.000 0.047 3.536 0.000 2.415 4.038 0.151 0.000 0.000 0.000 0.000 0.715 3.597 0.018 0.000 0.000 2.317 0.855 
1 test1dax_inconsistent 0.000 0.000 0.000 0.829 0.785 0.000 1.138 0.000 0.139 0.259 0.000 0.000 0.000 0.179 1.859 0.013 0.528 0.666 0.000 1.904 1.035 0.000 0.000 0.054 2.281 0.000 1.469 0.884 0.577 0.000 0.000 0.000 0.000 1.009 1.140 0.000 0.062 0.000 1.237 0.000 
0 test1dax_consistent 0.596 0.000 1.386 0.673 0.688 0.006 0.000 1.074 0.681 1.877 0.000 1.283 0.097 0.000 0.619 1.346 0.892 0.168 0.000 0.269 0.000 0.000 0.016 0.549 0.231 0.611 3.629 0.150 0.000 2.379 2.031 3.919 0.893 0.076 0.036 0.000 0.000 0.028 0.000 0.000 
1 test1dax_inconsistent 0.596 0.000 1.386 0.673 0.688 0.006 0.000 1.074 0.681 1.877 0.000 1.283 0.097 0.000 0.619 1.346 0.892 0.168 0.000 0.269 0.000 0.030 0.577 0.908 0.705 0.271 1.452 0.782 0.131 0.443 1.607 0.899 0.849 0.482 0.413 0.000 0.000 0.034 0.215 0.000 
0 test1dax_consistent 0.198 0.163 0.000 0.000 0.118 0.057 0.000 0.619 0.296 0.000 0.479 1.239 1.136 0.000 2.134 2.149 0.324 0.000 0.050 0.000 5.700 0.000 0.000 0.000 2.420 0.069 0.153 0.448 0.000 0.305 2.841 0.000 0.396 0.000 0.089 1.290 0.000 0.000 0.582 0.000 
1 test1dax_inconsistent 0.198 0.163 0.000 0.000 0.118 0.057 0.000 0.619 0.296 0.000 0.479 1.239 1.136 0.000 2.134 2.149 0.324 0.000 0.050 0.000 1.434 0.000 0.000 0.363 1.236 0.000 0.688 0.570 0.000 0.213 1.152 0.329 0.886 0.173 0.548 1.354 0.000 0.000 0.423 0.000 
0 test1dax_consistent 0.000 0.000 0.081 0.003 0.000 1.611 1.506 0.000 0.069 0.768 0.000 0.769 0.000 0.064 1.418 0.000 0.441 0.492 0.717 1.481 0.000 0.000 0.063 0.104 1.824 3.451 1.684 0.000 0.000 2.974 0.000 0.968 0.000 0.000 1.756 0.000 2.132 2.410 0.000 2.376 
1 test1dax_inconsistent 0.000 0.000 0.081 0.003 0.000 1.611 1.506 0.000 0.069 0.768 0.000 0.769 0.000 0.064 1.418 0.000 0.441 0.492 0.717 1.481 0.000 0.049 0.008 0.322 0.839 2.074 0.850 0.000 0.000 0.911 0.040 0.003 0.000 0.125 0.083 0.000 0.897 1.067 0.518 0.614 
0 test1dax_consistent 0.849 0.424 0.000 0.000 0.000 0.000 0.000 0.927 0.321 1.946 1.075 0.186 1.215 0.000 0.580 1.311 0.000 0.637 0.000 0.000 0.000 1.439 0.000 0.998 0.000 0.012 0.000 0.000 0.000 3.118 0.000 0.000 3.794 0.000 0.032 3.697 2.603 0.000 0.000 0.667 
1 test1dax_inconsistent 0.849 0.424 0.000 0.000 0.000 0.000 0.000 0.927 0.321 1.946 1.075 0.186 1.215 0.000 0.580 1.311 0.000 0.637 0.000 0.000 0.295 0.388 0.000 0.795 0.000 0.000 0.000 0.000 0.564 2.040 0.004 0.000 0.976 0.000 0.338 0.782 1.935 0.000 0.095 0.247 
0 test1dax_consistent 0.015 0.504 0.000 0.000 0.000 0.519 0.006 1.497 0.468 2.069 0.022 0.000 1.084 0.000 0.000 0.135 0.258 0.091 0.000 1.844 2.176 2.533 2.360 0.000 0.000 1.238 0.000 0.035 1.465 3.581 0.000 2.018 0.000 2.346 0.000 0.000 0.000 0.000 1.553 0.009 
1 test1dax_inconsistent 0.015 0.504 0.000 0.000 0.000 0.519 0.006 1.497 0.468 2.069 0.022 0.000 1.084 0.000 0.000 0.135 0.258 0.091 0.000 1.844 0.485 0.956 0.904 0.000 0.020 0.324 0.000 0.531 0.000 2.126 0.000 0.475 0.369 0.849 0.000 0.000 0.000 0.127 0.992 0.000 
0 test1dax_consistent 0.000 0.964 1.221 0.185 0.157 1.193 0.000 2.787 0.000 1.025 0.000 0.000 0.000 0.000 0.000 0.812 0.000 0.431 0.000 0.000 0.000 0.000 0.000 0.000 2.880 0.000 0.071 4.068 0.000 0.000 0.000 0.277 0.000 3.196 0.000 2.998 0.000 0.271 0.000 0.000 
1 test1dax_inconsistent 0.000 0.964 1.221 0.185 0.157 1.193 0.000 2.787 0.000 1.025 0.000 0.000 0.000 0.000 0.000 0.812 0.000 0.431 0.000 0.000 0.000 0.000 0.195 0.000 1.500 0.252 0.259 2.232 0.000 0.618 0.672 0.000 0.282 0.999 0.120 0.513 0.000 0.358 0.000 0.000 
0 test1dax_consistent 0.379 0.560 0.391 0.058 0.061 0.517 0.478 0.000 0.000 0.000 0.000 0.975 0.000 0.000 0.000 0.000 0.441 0.054 2.606 1.296 1.292 1.426 0.000 0.000 0.000 4.018 0.000 1.379 0.000 3.937 0.000 0.779 0.000 0.000 0.000 3.400 0.000 0.020 0.016 0.000 
1 test1dax_inconsistent 0.379 0.560 0.391 0.058 0.061 0.517 0.478 0.000 0.000 0.000 0.000 0.975 0.000 0.000 0.000 0.000 0.441 0.054 2.606 1.296 1.082 1.286 0.000 0.000 0.000 1.947 0.058 1.256 0.000 1.128 0.000 0.513 0.000 0.000 0.000 0.829 0.000 0.008 0.679 0.000 
0 test1dax_consistent 0.000 0.000 0.677 0.231 1.705 0.976 0.000 0.421 0.337 0.000 1.723 0.217 0.479 0.571 0.349 0.202 0.696 0.000 0.040 1.216 0.177 0.000 1.823 1.607 0.000 2.350 2.001 2.567 3.684 0.240 0.139 0.000 0.000 0.002 1.735 0.307 0.446 0.907 0.000 0.267 
1 test1dax_inconsistent 0.000 0.000 0.677 0.231 1.705 0.976 0.000 0.421 0.337 0.000 1.723 0.217 0.479 0.571 0.349 0.202 0.696 0.000 0.040 1.216 0.623 0.000 0.951 0.636 0.482 0.777 0.368 0.516 1.126 0.207 0.622 0.000 0.049 0.348 0.547 0.244 0.452 0.059 0.000 0.377 
0 test1dax_consistent 0.500 1.196 0.882 0.872 0.765 0.774 0.000 0.117 2.019 0.000 0.000 0.795 0.000 1.284 0.000 0.772 0.107 0.312 0.923 0.000 1.605 0.000 3.042 3.012 0.000 2.080 0.000 0.230 2.478 0.000 0.349 1.758 0.000 0.064 0.000 3.113 0.000 0.117 0.000 1.627 
1 test1dax_inconsistent 0.500 1.196 0.882 0.872 0.765 0.774 0.000 0.117 2.019 0.000 0.000 0.795 0.000 1.284 0.000 0.772 0.107 0.312 0.923 0.000 0.875 0.344 1.446 0.987 0.124 0.114 0.000 0.147 1.399 0.000 0.000 1.581 0.583 0.055 0.000 0.896 0.148 0.000 0.248 0.438 
0 test1dax_consistent 0.000 1.377 0.098 0.000 0.075 1.119 0.257 0.420 0.000 0.009 0.665 0.112 1.506 0.000 0.000 0.679 0.698 1.916 0.323 0.726 1.075 5.591 0.000 0.000 0.000 2.016 0.000 0.448 0.000 0.000 0.123 0.000 0.000 0.945 0.000 2.139 0.303 0.211 0.000 1.873 
1 test1dax_inconsistent 0.000 1.377 0.098 0.000 0.075 1.119 0.257 0.420 0.000 0.009 0.665 0.112 1.506 0.000 0.000 0.679 0.698 1.916 0.323 0.726 0.295 2.406 0.000 0.331 0.030 0.226 0.598 0.168 0.078 0.000 0.403 0.000 0.118 0.275 0.000 0.550 0.000 0.345 0.000 0.522 
0 test1dax_consistent 0.934 1.605 0.306 1.019 0.354 0.640 0.000 0.000 1.161 1.357 0.617 0.000 0.000 0.584 0.000 1.364 0.252 0.408 0.982 0.411 0.000 0.639 1.313 2.776 1.050 1.051 0.000 0.000 0.000 0.913 0.000 0.000 0.000 3.523 0.000 2.963 0.000 1.064 0.000 1.920 
1 test1dax_inconsistent 0.934 1.605 0.306 1.019 0.354 0.640 0.000 0.000 1.161 1.357 0.617 0.000 0.000 0.584 0.000 1.364 0.252 0.408 0.982 0.411 0.000 1.094 0.079 1.176 0.002 0.174 0.115 0.000 0.282 0.783 0.000 0.000 0.000 1.333 0.000 0.453 0.097 0.288 0.000 1.042 
0 test1dax_consistent 0.000 0.535 0.000 0.000 0.000 0.000 0.000 1.074 0.028 0.000 0.507 1.969 0.652 0.465 0.069 1.759 0.807 0.000 1.207 0.000 0.000 4.562 0.000 0.767 0.000 0.122 0.000 2.442 0.000 1.938 0.000 1.614 0.000 0.039 1.752 0.653 0.000 2.672 1.149 0.000 
1 test1dax_inconsistent 0.000 0.535 0.000 0.000 0.000 0.000 0.000 1.074 0.028 0.000 0.507 1.969 0.652 0.465 0.069 1.759 0.807 0.000 1.207 0.000 0.000 1.270 0.000 0.270 0.176 0.240 0.095 0.979 0.000 0.494 0.072 0.919 0.259 0.284 1.256 0.790 0.000 1.079 0.597 0.040 
0 test1dax_consistent 0.000 0.000 0.000 0.777 0.000 1.579 0.000 0.428 1.694 0.482 0.000 1.312 0.416 0.000 0.484 0.000 1.563 0.664 0.033 0.000 0.000 0.000 0.008 4.196 2.737 0.287 0.000 0.000 0.317 0.000 0.000 0.487 0.000 0.000 0.004 0.000 2.190 2.441 0.000 2.529 
1 test1dax_inconsistent 0.000 0.000 0.000 0.777 0.000 1.579 0.000 0.428 1.694 0.482 0.000 1.312 0.416 0.000 0.484 0.000 1.563 0.664 0.033 0.000 0.029 0.465 0.000 1.582 0.218 0.000 0.056 0.013 0.744 0.499 0.000 0.776 0.000 0.000 0.000 0.000 1.450 1.641 0.000 0.785 
0 test1dax_consistent 0.386 0.000 1.185 0.656 0.628 0.000 0.000 0.154 0.000 2.497 0.000 0.224 0.000 0.000 0.127 0.033 0.659 0.092 0.000 1.379 3.774 0.000 0.433 0.000 3.240 0.000 0.000 0.000 0.000 1.213 2.386 0.000 0.000 0.000 0.069 2.612 2.381 0.590 0.000 0.818 
1 test1dax_inconsistent 0.386 0.000 1.185 0.656 0.628 0.000 0.000 0.154 0.000 2.497 0.000 0.224 0.000 0.000 0.127 0.033 0.659 0.092 0.000 1.379 1.612 0.000 0.000 0.000 1.310 0.000 0.000 0.000 0.000 0.112 1.063 0.000 0.000 0.000 0.026 1.185 1.501 0.358 0.023 0.934 
0 test1dax_consistent 0.716 0.239 0.839 0.411 0.976 0.000 0.000 0.139 0.008 1.017 0.326 1.596 0.000 0.000 0.403 0.000 0.238 0.535 1.788 0.837 2.251 1.729 0.850 1.020 1.883 0.000 1.783 0.524 2.989 0.000 0.663 0.000 0.000 3.247 0.523 0.000 0.000 0.000 1.446 0.555 
1 test1dax_inconsistent 0.716 0.239 0.839 0.411 0.976 0.000 0.000 0.139 0.008 1.017 0.326 1.596 0.000 0.000 0.403 0.000 0.238 0.535 1.788 0.837 0.437 0.465 0.431 0.313 0.387 0.000 0.518 0.135 1.128 0.116 0.725 0.497 0.013 0.515 0.791 0.000 0.000 0.000 0.985 0.000 
0 test1dax_consistent 0.000 0.370 0.144 0.916 0.000 1.283 0.740 0.000 0.000 0.109 0.207 0.655 0.701 1.201 0.000 0.000 0.004 0.000 0.000 2.606 1.757 2.170 0.523 2.091 0.882 1.218 0.000 0.000 0.574 0.000 0.000 2.296 2.102 0.313 3.010 0.000 0.000 1.568 0.000 0.000 
1 test1dax_inconsistent 0.000 0.370 0.144 0.916 0.000 1.283 0.740 0.000 0.000 0.109 0.207 0.655 0.701 1.201 0.000 0.000 0.004 0.000 0.000 2.606 0.422 0.475 0.318 1.497 0.167 0.633 0.000 0.080 0.313 0.000 0.000 0.771 0.670 0.389 1.012 0.000 0.000 0.647 0.000 0.119 
0 test1dax_consistent 0.800 0.000 0.506 0.000 0.000 1.678 1.358 1.208 0.627 0.000 0.000 1.408 0.000 0.166 0.253 0.490 0.000 0.027 0.000 1.098 0.001 0.164 3.952 1.028 0.000 3.613 1.437 0.933 0.946 0.000 0.000 0.070 0.000 0.000 0.990 2.114 0.000 0.000 0.000 0.412 
1 test1dax_inconsistent 0.800 0.000 0.506 0.000 0.000 1.678 1.358 1.208 0.627 0.000 0.000 1.408 0.000 0.166 0.253 0.490 0.000 0.027 0.000 1.098 0.140 0.000 1.128 1.079 0.425 0.985 1.438 1.192 0.271 0.000 0.000 0.511 0.118 0.000 0.240 0.774 0.000 0.000 0.000 0.545 
0 test1dax_consistent 0.521 0.549 1.306 0.000 1.453 0.656 0.000 0.158 1.059 1.130 0.000 0.434 0.357 0.592 0.233 0.000 1.763 0.251 0.483 0.232 0.000 4.330 0.000 1.834 1.377 0.000 0.000 0.000 1.078 0.000 1.127 0.000 0.000 0.000 0.000 1.857 0.000 2.178 2.022 0.000 
1 test1dax_inconsistent 0.521 0.549 1.306 0.000 1.453 0.656 0.000 0.158 1.059 1.130 0.000 0.434 0.357 0.592 0.233 0.000 1.763 0.251 0.483 0.232 0.000 1.298 0.050 0.985 0.846 0.585 0.000 0.000 0.886 0.000 0.596 0.079 0.000 0.248 0.000 0.202 0.690 0.624 1.331 0.587 
0 test1dax_consistent 0.111 0.223 0.091 0.000 0.107 1.931 0.139 0.106 0.473 0.000 0.209 2.124 0.826 0.000 0.442 0.897 0.000 0.045 0.094 0.619 0.000 0.227 1.123 0.006 0.531 2.268 1.986 2.665 1.148 0.000 3.149 0.431 1.301 0.684 0.398 0.322 0.000 0.156 1.742 0.992 
1 test1dax_inconsistent 0.111 0.223 0.091 0.000 0.107 1.931 0.139 0.106 0.473 0.000 0.209 2.124 0.826 0.000 0.442 0.897 0.000 0.045 0.094 0.619 0.000 0.525 0.230 0.000 0.674 0.627 0.303 0.796 1.099 0.039 0.997 0.186 0.868 0.129 0.000 0.121 0.000 0.080 0.966 0.438 
0 test1dax_consistent 1.177 0.000 0.630 0.000 0.000 0.423 0.755 1.798 0.000 0.153 0.154 1.243 0.000 0.000 0.199 0.000 1.066 1.397 0.270 0.000 0.000 2.363 2.114 0.000 0.000 0.000 0.000 0.000 1.172 0.000 0.086 1.327 0.000 0.000 4.127 0.000 0.000 0.162 3.604 0.093 
1 test1dax_inconsistent 1.177 0.000 0.630 0.000 0.000 0.423 0.755 1.798 0.000 0.153 0.154 1.243 0.000 0.000 0.199 0.000 1.066 1.397 0.270 0.000 0.052 0.838 0.817 0.000 0.000 0.000 0.061 0.280 1.543 0.000 0.000 0.772 0.000 0.000 1.693 0.000 0.021 0.776 1.062 0.701 
0 test1dax_consistent 0.049 0.000 0.000 0.148 1.613 0.393 0.906 0.000 0.000 0.031 0.140 0.000 0.292 0.095 1.794 0.010 0.000 0.296 0.464 1.167 0.000 0.000 3.360 1.867 0.742 0.000 2.872 0.000 0.000 0.358 0.185 0.000 0.000 0.000 0.059 0.442 1.090 0.276 0.000 4.358 
1 test1dax_inconsistent 0.049 0.000 0.000 0.148 1.613 0.393 0.906 0.000 0.000 0.031 0.140 0.000 0.292 0.095 1.794 0.010 0.000 0.296 0.464 1.167 0.000 0.000 1.083 0.247 0.007 0.242 0.662 0.000 0.000 0.302 0.178 0.000 0.000 0.000 0.093 0.551 0.258 0.405 0.000 2.521 
0 test1dax_consistent 0.000 0.000 0.486 0.144 0.000 0.320 0.794 0.001 1.401 0.034 0.290 0.404 0.438 0.000 0.000 1.836 0.239 1.458 0.000 0.000 0.000 0.888 1.191 0.000 0.000 1.564 2.733 0.000 0.000 0.119 0.186 4.836 0.000 0.998 0.000 2.979 1.928 0.049 2.059 0.000 
1 test1dax_inconsistent 0.000 0.000 0.486 0.144 0.000 0.320 0.794 0.001 1.401 0.034 0.290 0.404 0.438 0.000 0.000 1.836 0.239 1.458 0.000 0.000 0.000 0.133 0.414 0.000 0.000 0.735 1.438 0.000 0.000 0.737 0.466 1.576 0.025 0.576 0.000 1.554 0.154 0.360 0.938 0.051 
0 test1dax_consistent 0.293 1.032 1.353 0.847 0.018 0.085 0.000 0.000 2.064 0.238 0.857 0.740 0.791 0.383 0.000 0.455 0.295 0.000 0.000 1.463 0.556 0.485 0.659 2.890 0.419 0.152 0.000 0.000 2.746 4.555 0.937 0.470 0.000 0.000 0.000 0.473 0.000 0.000 0.000 0.352 
1 test1dax_inconsistent 0.293 1.032 1.353 0.847 0.018 0.085 0.000 0.000 2.064 0.238 0.857 0.740 0.791 0.383 0.000 0.455 0.295 0.000 0.000 1.463 0.350 0.000 0.000 1.791 0.655 0.459 0.000 0.000 0.753 1.433 0.134 0.431 0.269 0.103 0.000 0.000 0.168 0.040 0.000 0.855 
0 test1dax_consistent 1.756 0.563 0.142 0.898 0.000 0.000 0.000 0.000 1.325 0.500 0.800 0.000 0.000 0.000 0.000 1.178 0.841 0.791 1.077 0.000 2.178 0.085 0.318 2.538 0.894 0.662 4.244 1.631 0.298 0.000 0.000 0.000 0.000 0.000 0.000 0.000 0.000 2.364 0.673 0.000 
1 test1dax_inconsistent 1.756 0.563 0.142 0.898 0.000 0.000 0.000 0.000 1.325 0.500 0.800 0.000 0.000 0.000 0.000 1.178 0.841 0.791 1.077 0.000 1.451 0.447 0.124 0.736 0.626 0.065 1.862 0.468 0.035 0.000 0.152 0.000 0.000 0.000 0.000 0.000 0.000 0.659 0.000 0.000 
0 test1dax_consistent 0.309 0.969 0.552 0.000 2.101 1.495 1.503 0.000 0.913 0.000 1.153 0.000 0.214 0.000 0.025 1.239 0.000 0.000 0.905 0.000 0.731 0.578 0.000 1.481 1.925 0.082 0.185 1.458 1.773 0.000 0.000 0.426 0.000 0.000 3.715 2.854 2.582 1.929 0.000 0.000 
1 test1dax_inconsistent 0.309 0.969 0.552 0.000 2.101 1.495 1.503 0.000 0.913 0.000 1.153 0.000 0.214 0.000 0.025 1.239 0.000 0.000 0.905 0.000 0.737 0.402 0.000 1.022 0.573 0.737 0.634 0.374 0.780 0.000 0.217 0.269 0.000 0.000 1.326 0.917 0.876 0.404 0.480 0.000 
0 test1dax_consistent 0.037 1.048 0.000 1.770 0.000 0.261 0.983 1.056 0.264 0.478 0.000 0.000 0.376 0.594 0.122 0.000 0.657 0.861 1.095 1.423 0.000 0.000 4.534 3.708 0.000 0.000 0.000 0.000 0.000 2.008 0.000 0.000 0.000 0.000 0.536 0.061 0.996 0.000 2.807 0.000 
1 test1dax_inconsistent 0.037 1.048 0.000 1.770 0.000 0.261 0.983 1.056 0.264 0.478 0.000 0.000 0.376 0.594 0.122 0.000 0.657 0.861 1.095 1.423 0.135 0.326 1.633 0.844 0.000 0.000 0.139 0.540 0.000 1.634 0.000 0.000 0.000 0.000 0.879 0.000 0.132 0.129 1.813 0.515 
0 test1dax_consistent 1.920 0.000 0.726 1.598 0.677 0.412 0.375 0.207 0.000 0.656 0.279 0.673 0.067 0.314 0.745 0.000 1.048 0.897 0.770 0.378 0.283 0.000 1.274 4.632 1.180 0.000 0.769 0.118 0.000 0.000 0.000 0.963 0.000 0.000 0.000 0.000 2.067 2.139 0.000 0.782 
1 test1dax_inconsistent 1.920 0.000 0.726 1.598 0.677 0.412 0.375 0.207 0.000 0.656 0.279 0.673 0.067 0.314 0.745 0.000 1.048 0.897 0.770 0.378 0.982 0.000 0.125 1.530 0.000 0.250 1.186 0.000 0.000 0.157 0.110 0.000 0.090 0.213 0.000 0.000 0.347 0.858 0.000 0.005 
0 test1dax_consistent 0.000 0.000 0.000 0.000 0.000 1.313 0.247 1.126 0.063 1.429 0.403 0.000 0.275 0.310 1.870 0.343 0.594 0.015 0.196 0.852 0.000 1.953 0.000 0.985 0.000 3.052 0.000 0.253 0.400 2.131 0.000 3.217 0.177 0.358 0.791 1.995 2.057 0.000 0.514 2.869 
1 test1dax_inconsistent 0.000 0.000 0.000 0.000 0.000 1.313 0.247 1.126 0.063 1.429 0.403 0.000 0.275 0.310 1.870 0.343 0.594 0.015 0.196 0.852 0.000 0.543 0.000 0.000 0.000 0.567 0.000 0.294 0.948 0.732 0.029 1.361 0.385 0.072 0.416 1.013 0.637 0.000 0.908 1.237 
0 test1dax_consistent 1.786 0.000 0.000 0.090 0.052 0.296 0.000 0.321 0.960 0.535 0.854 2.162 0.105 0.000 0.009 0.509 0.032 0.488 0.000 0.555 1.509 0.000 0.000 2.898 0.000 0.986 0.000 0.039 0.000 0.000 0.147 4.629 0.000 0.794 0.000 0.000 0.000 0.154 0.000 3.167 
1 test1dax_inconsistent 1.786 0.000 0.000 0.090 0.052 0.296 0.000 0.321 0.960 0.535 0.854 2.162 0.105 0.000 0.009 0.509 0.032 0.488 0.000 0.555 0.814 0.055 0.000 1.264 0.000 1.015 0.000 0.046 1.022 0.000 0.000 1.051 0.553 0.140 0.000 0.019 0.099 0.000 0.000 0.995 
0 test1dax_consistent 0.161 0.000 0.000 1.188 0.000 0.000 1.188 2.200 0.084 0.000 0.427 0.000 2.156 0.129 0.000 0.000 0.000 0.127 0.000 0.000 4.614 0.000 0.000 0.047 1.894 0.112 0.000 3.022 0.000 0.000 1.014 0.441 1.148 0.000 0.828 0.000 0.000 1.722 0.000 0.135 
1 test1dax_inconsistent 0.161 0.000 0.000 1.188 0.000 0.000 1.188 2.200 0.084 0.000 0.427 0.000 2.156 0.129 0.000 0.000 0.000 0.127 0.000 0.000 1.409 0.000 0.456 0.481 0.008 0.390 0.228 0.732 0.000 0.000 1.069 0.395 0.945 0.000 0.349 0.000 0.026 1.175 0.000 0.050 
0 test1dax_consistent 0.292 1.963 0.000 0.150 1.555 0.158 0.289 0.370 0.161 0.000 0.294 0.000 0.123 0.000 0.196 1.355 1.208 0.564 0.000 0.000 0.000 0.231 0.000 0.000 0.117 0.040 0.000 0.000 0.579 0.000 0.000 0.000 2.196 3.797 0.562 1.770 3.557 0.622 1.192 1.551 
1 test1dax_inconsistent 0.292 1.963 0.000 0.150 1.555 0.158 0.289 0.370 0.161 0.000 0.294 0.000 0.123 0.000 0.196 1.355 1.208 0.564 0.000 0.000 0.000 0.000 0.003 0.000 0.665 0.160 0.000 0.055 0.391 0.000 0.352 0.000 1.336 1.151 0.000 1.192 1.247 0.797 0.517 0.402 
0 test1dax_consistent 0.020 0.294 0.063 0.051 0.109 1.908 0.000 0.155 0.000 1.176 1.084 1.442 0.000 0.934 0.456 1.051 0.000 0.000 0.919 0.000 0.214 0.000 0.041 0.000 0.000 2.354 0.000 4.373 0.000 0.000 1.271 0.011 0.477 0.000 2.554 0.725 1.143 1.267 2.684 0.000 
1 test1dax_inconsistent 0.020 0.294 0.063 0.051 0.109 1.908 0.000 0.155 0.000 1.176 1.084 1.442 0.000 0.934 0.456 1.051 0.000 0.000 0.919 0.000 0.618 0.000 0.111 0.000 0.000 1.260 0.000 1.791 0.026 0.028 0.067 0.000 0.526 0.000 1.372 1.509 0.279 0.000 0.546 0.000 
0 test1dax_consistent 0.000 0.000 1.546 0.000 0.000 1.003 2.385 1.209 0.520 0.000 0.053 0.000 0.000 0.123 0.273 0.000 0.307 0.000 0.000 0.271 3.448 1.254 0.000 0.831 0.000 0.141 5.537 0.000 0.000 0.000 0.000 0.000 0.000 0.000 0.000 0.000 0.000 0.000 0.000 0.000 
1 test1dax_inconsistent 0.000 0.000 1.546 0.000 0.000 1.003 2.385 1.209 0.520 0.000 0.053 0.000 0.000 0.123 0.273 0.000 0.307 0.000 0.000 0.271 1.253 0.230 0.274 1.084 0.054 0.340 1.872 0.186 0.027 0.000 0.000 0.000 0.110 0.000 0.000 0.068 0.000 0.000 0.000 0.000 
0 test1dax_consistent 0.444 0.000 1.007 0.000 0.000 1.621 0.801 0.323 0.429 0.000 0.821 1.447 0.735 1.705 0.030 0.000 0.000 0.020 0.000 0.489 0.728 0.000 0.000 0.000 2.448 2.457 0.000 0.687 1.554 0.000 0.000 1.133 0.000 4.718 0.025 0.000 0.836 0.000 0.000 0.000 
1 test1dax_inconsistent 0.444 0.000 1.007 0.000 0.000 1.621 0.801 0.323 0.429 0.000 0.821 1.447 0.735 1.705 0.030 0.000 0.000 0.020 0.000 0.489 0.799 0.000 0.000 0.000 0.605 1.161 0.166 0.812 0.162 0.000 0.244 1.462 0.000 1.443 0.142 0.031 0.996 0.032 0.000 0.000 
0 test1dax_consistent 0.000 1.411 0.000 0.135 0.000 0.000 0.000 1.802 0.267 0.000 1.314 0.000 0.000 0.000 2.320 0.284 0.000 0.103 0.000 0.464 2.451 4.468 0.349 0.558 1.557 0.107 0.000 1.060 0.000 1.834 0.000 0.000 0.953 0.000 0.000 0.030 1.991 0.000 0.000 0.000 
1 test1dax_inconsistent 0.000 1.411 0.000 0.135 0.000 0.000 0.000 1.802 0.267 0.000 1.314 0.000 0.000 0.000 2.320 0.284 0.000 0.103 0.000 0.464 1.156 1.040 0.000 0.737 1.082 0.699 0.057 0.621 0.246 1.036 0.487 0.006 0.092 0.000 0.519 0.000 0.665 0.000 0.000 0.031 
0 test1dax_consistent 0.402 0.195 0.065 0.934 0.463 0.000 0.920 1.840 1.430 1.236 0.518 0.339 0.000 0.000 0.119 0.501 0.000 0.000 0.483 0.000 0.000 0.074 0.000 1.901 0.000 0.000 2.154 1.246 0.030 0.854 0.000 1.818 2.752 3.235 0.000 3.446 0.045 0.000 1.992 0.004 
1 test1dax_inconsistent 0.402 0.195 0.065 0.934 0.463 0.000 0.920 1.840 1.430 1.236 0.518 0.339 0.000 0.000 0.119 0.501 0.000 0.000 0.483 0.000 0.000 0.111 0.000 0.883 0.058 0.267 0.670 0.185 0.146 0.800 0.000 0.804 1.229 0.833 0.000 1.832 0.210 0.000 0.277 0.116 
0 test1dax_consistent 1.674 0.000 0.057 1.723 0.000 0.000 0.839 0.601 0.101 0.505 1.788 0.126 0.000 0.805 0.000 0.000 0.000 0.000 0.000 0.210 0.000 1.214 0.000 0.092 0.000 2.299 0.258 4.530 0.000 0.119 3.126 0.976 0.000 1.098 0.978 0.000 0.000 0.000 1.432 0.000 
1 test1dax_inconsistent 1.674 0.000 0.057 1.723 0.000 0.000 0.839 0.601 0.101 0.505 1.788 0.126 0.000 0.805 0.000 0.000 0.000 0.000 0.000 0.210 0.409 0.535 0.000 0.273 0.000 0.403 0.760 1.789 0.022 0.563 1.442 0.367 0.000 0.121 0.646 0.000 0.000 0.000 0.575 0.000 
0 test1dax_consistent 0.000 0.251 0.876 1.271 1.409 0.311 0.117 0.000 0.195 1.519 0.041 0.231 0.000 1.069 0.263 1.439 1.195 0.103 0.000 0.307 0.000 3.496 2.788 1.068 1.774 0.000 0.639 0.000 2.754 0.020 0.025 0.475 0.000 3.647 0.000 1.079 1.382 0.000 0.000 0.000 
1 test1dax_inconsistent 0.000 0.251 0.876 1.271 1.409 0.311 0.117 0.000 0.195 1.519 0.041 0.231 0.000 1.069 0.263 1.439 1.195 0.103 0.000 0.307 0.000 1.552 0.448 1.336 0.448 0.000 0.571 0.000 1.702 0.322 0.010 0.463 0.000 0.876 0.000 0.716 0.813 0.009 0.000 0.128 
0 test1dax_consistent 0.376 0.601 0.000 0.043 0.565 0.000 0.000 0.405 0.000 0.000 0.957 0.000 0.495 0.000 0.000 0.008 0.000 0.000 2.376 1.209 0.000 0.000 3.196 0.000 0.000 0.000 0.000 0.000 0.000 2.754 0.157 0.000 0.956 0.000 3.428 3.917 0.392 0.000 0.004 2.553 
1 test1dax_inconsistent 0.376 0.601 0.000 0.043 0.565 0.000 0.000 0.405 0.000 0.000 0.957 0.000 0.495 0.000 0.000 0.008 0.000 0.000 2.376 1.209 0.000 0.000 1.039 0.000 0.000 0.000 0.000 0.155 0.000 1.363 0.326 0.000 0.811 0.000 1.840 1.504 0.000 0.000 0.671 0.486 
0 test1dax_consistent 0.600 0.000 1.269 0.261 0.324 0.206 1.745 0.893 0.925 0.000 0.322 0.000 1.557 0.336 0.538 0.863 0.065 0.000 1.411 0.121 0.256 0.000 0.000 0.715 0.069 0.000 1.316 2.163 1.046 0.511 0.000 0.000 0.000 1.354 0.154 2.183 0.395 2.986 3.123 0.000 
1 test1dax_inconsistent 0.600 0.000 1.269 0.261 0.324 0.206 1.745 0.893 0.925 0.000 0.322 0.000 1.557 0.336 0.538 0.863 0.065 0.000 1.411 0.121 0.506 0.115 0.383 0.577 0.000 0.347 0.814 0.260 0.463 0.000 0.049 0.000 0.015 0.035 0.181 0.411 0.659 0.418 1.995 0.091 
0 test1dax_consistent 1.348 1.959 0.187 0.822 0.784 0.835 0.051 0.000 0.119 0.057 0.000 0.000 1.729 0.000 0.000 0.000 0.294 0.149 0.000 0.119 3.499 2.749 0.864 0.694 0.204 0.000 0.000 0.000 0.068 0.000 2.741 0.000 0.052 1.207 0.000 0.000 3.453 0.000 1.648 0.000 
1 test1dax_inconsistent 1.348 1.959 0.187 0.822 0.784 0.835 0.051 0.000 0.119 0.057 0.000 0.000 1.729 0.000 0.000 0.000 0.294 0.149 0.000 0.119 1.154 1.245 0.460 0.722 0.575 0.000 0.000 0.000 0.326 0.000 1.754 0.000 0.405 0.929 0.000 0.000 0.477 0.000 0.564 0.000 
0 test1dax_consistent 0.000 0.365 0.000 1.651 0.495 0.000 0.000 0.000 0.000 0.160 0.337 1.491 1.000 0.118 0.180 1.288 0.000 0.000 0.894 1.894 0.000 0.000 0.000 2.959 3.255 0.000 0.000 0.000 0.000 0.000 2.771 0.000 0.000 1.781 1.828 0.460 0.000 0.000 2.001 2.630 
1 test1dax_inconsistent 0.000 0.365 0.000 1.651 0.495 0.000 0.000 0.000 0.000 0.160 0.337 1.491 1.000 0.118 0.180 1.288 0.000 0.000 0.894 1.894 0.000 0.761 0.039 0.623 0.945 0.000 0.000 0.000 0.000 0.000 0.513 0.618 0.000 0.966 0.913 0.926 0.000 0.000 1.203 1.123 
0 test1dax_consistent 0.136 0.000 0.000 0.929 0.189 0.161 0.665 1.408 0.000 0.166 0.478 1.364 1.371 0.000 0.000 0.136 0.925 0.408 0.941 0.252 0.000 0.000 0.000 0.472 0.000 0.102 3.196 2.316 0.000 2.059 0.000 0.000 0.226 0.000 0.000 0.075 3.318 0.539 1.666 2.558 
1 test1dax_inconsistent 0.136 0.000 0.000 0.929 0.189 0.161 0.665 1.408 0.000 0.166 0.478 1.364 1.371 0.000 0.000 0.136 0.925 0.408 0.941 0.252 0.000 0.000 0.000 0.537 0.125 0.297 1.264 1.048 0.000 0.446 0.028 0.000 0.529 0.000 0.000 0.419 0.930 0.824 1.016 0.657 
0 test1dax_consistent 0.000 0.994 1.317 0.000 1.155 0.000 0.000 1.017 0.512 1.105 0.505 0.273 0.250 0.128 0.271 0.000 0.000 0.060 1.730 0.000 0.000 0.000 1.339 2.609 1.356 0.000 0.851 3.291 1.186 1.851 0.090 0.009 2.457 1.981 0.653 0.000 0.000 0.765 2.767 0.152 
1 test1dax_inconsistent 0.000 0.994 1.317 0.000 1.155 0.000 0.000 1.017 0.512 1.105 0.505 0.273 0.250 0.128 0.271 0.000 0.000 0.060 1.730 0.000 0.000 0.681 0.412 0.957 1.450 0.000 0.187 1.045 0.275 0.368 0.172 0.706 0.730 0.533 0.247 0.000 0.000 0.825 1.731 0.000 
0 test1dax_consistent 0.000 1.640 1.014 0.168 0.553 0.968 0.213 0.174 1.359 0.175 0.000 1.283 0.337 0.000 0.000 0.327 0.355 0.000 0.000 1.384 0.000 1.268 0.704 0.000 0.241 1.550 0.000 0.000 0.000 0.712 0.965 0.231 3.535 0.000 0.000 0.881 0.000 0.000 2.426 4.545 
1 test1dax_inconsistent 0.000 1.640 1.014 0.168 0.553 0.968 0.213 0.174 1.359 0.175 0.000 1.283 0.337 0.000 0.000 0.327 0.355 0.000 0.000 1.384 0.000 0.443 0.189 0.069 0.110 0.835 0.000 0.000 0.263 1.101 0.026 0.427 0.991 0.000 0.000 0.259 0.000 0.000 0.591 2.139 
0 test1dax_consistent 0.000 0.803 0.000 0.405 2.364 0.456 1.531 0.000 0.204 0.884 0.373 0.000 0.000 0.000 0.003 0.639 0.000 0.000 1.162 0.494 0.000 2.298 0.000 0.000 4.234 4.147 0.000 0.000 0.443 0.000 0.161 0.000 1.463 0.000 0.006 0.467 0.000 0.000 0.053 3.578 
1 test1dax_inconsistent 0.000 0.803 0.000 0.405 2.364 0.456 1.531 0.000 0.204 0.884 0.373 0.000 0.000 0.000 0.003 0.639 0.000 0.000 1.162 0.494 0.000 1.981 0.000 0.091 1.241 1.623 0.516 0.000 0.378 0.000 0.000 0.000 0.184 0.000 0.179 0.000 0.000 0.000 0.076 1.397 
0 test1dax_consistent 0.000 1.442 0.830 1.255 0.516 0.000 0.841 0.566 0.047 2.099 0.000 0.724 0.231 0.502 0.000 0.386 0.000 0.000 0.000 0.147 0.000 3.072 0.000 2.913 0.400 0.638 2.149 0.000 0.000 0.033 0.000 1.780 0.000 0.000 0.391 2.194 0.000 0.000 0.730 3.780 
1 test1dax_inconsistent 0.000 1.442 0.830 1.255 0.516 0.000 0.841 0.566 0.047 2.099 0.000 0.724 0.231 0.502 0.000 0.386 0.000 0.000 0.000 0.147 0.000 0.495 0.000 1.255 0.714 0.195 1.010 0.293 0.006 0.000 0.000 0.989 0.325 0.330 0.093 1.909 0.000 0.339 0.148 1.614 
0 test1dax_consistent 0.611 0.000 0.000 0.384 0.420 1.479 0.871 0.000 0.000 0.263 0.507 0.843 1.500 0.000 1.265 1.468 0.108 1.292 0.337 0.000 1.313 0.000 0.000 0.587 0.082 1.739 0.033 2.945 0.000 1.301 1.607 0.291 0.000 0.021 2.644 1.265 0.000 0.000 3.130 0.000 
1 test1dax_inconsistent 0.611 0.000 0.000 0.384 0.420 1.479 0.871 0.000 0.000 0.263 0.507 0.843 1.500 0.000 1.265 1.468 0.108 1.292 0.337 0.000 0.925 0.000 0.000 0.413 0.000 0.251 0.537 1.108 0.361 0.130 0.953 0.698 0.030 0.000 0.739 1.115 0.290 0.486 0.578 0.000 
0 test1dax_consistent 0.000 0.567 0.000 1.068 0.158 0.335 0.000 0.807 0.239 0.000 1.201 1.711 1.693 0.077 0.000 0.000 0.458 0.000 0.000 1.384 0.679 0.000 0.000 4.119 0.000 1.866 0.000 0.000 0.018 0.000 0.000 0.000 1.302 2.767 1.927 0.000 3.015 0.000 0.621 0.882 
1 test1dax_inconsistent 0.000 0.567 0.000 1.068 0.158 0.335 0.000 0.807 0.239 0.000 1.201 1.711 1.693 0.077 0.000 0.000 0.458 0.000 0.000 1.384 0.177 0.308 0.021 1.106 0.000 0.927 0.000 0.255 0.000 0.000 0.301 0.449 0.273 1.309 0.487 0.000 2.267 0.000 0.706 0.586 
0 test1dax_consistent 0.231 1.467 0.306 1.791 0.122 0.626 0.935 0.000 1.565 0.139 0.029 0.000 0.091 0.231 1.020 0.801 0.124 0.000 0.111 0.283 2.774 0.000 0.000 3.550 0.000 2.207 0.000 0.000 0.000 1.450 0.000 0.000 1.011 3.167 0.000 0.129 1.269 1.430 0.000 1.562 
1 test1dax_inconsistent 0.231 1.467 0.306 1.791 0.122 0.626 0.935 0.000 1.565 0.139 0.029 0.000 0.091 0.231 1.020 0.801 0.124 0.000 0.111 0.283 1.866 0.000 0.311 0.891 0.000 0.687 0.000 0.000 0.326 1.279 0.000 0.000 0.107 1.222 0.670 0.242 0.696 0.058 0.000 0.315 
0 test1dax_consistent 0.404 0.713 1.399 0.704 0.000 0.437 0.491 0.011 0.412 0.350 0.494 1.720 0.184 0.000 0.870 0.000 0.000 0.894 0.712 0.892 2.912 0.481 2.301 0.045 0.029 0.501 0.202 0.651 1.477 0.000 0.000 1.719 0.835 0.000 0.013 3.711 0.322 0.652 0.477 1.593 
1 test1dax_inconsistent 0.404 0.713 1.399 0.704 0.000 0.437 0.491 0.011 0.412 0.350 0.494 1.720 0.184 0.000 0.870 0.000 0.000 0.894 0.712 0.892 0.908 0.872 0.506 0.563 0.000 0.104 0.493 0.482 0.486 0.000 0.196 1.201 0.258 0.000 0.280 1.521 0.204 0.000 0.322 0.511 
0 test1dax_consistent 0.000 0.038 0.000 0.000 0.000 1.321 0.341 0.618 0.675 0.000 0.000 0.262 0.199 2.328 0.637 0.000 0.994 1.154 0.000 0.019 0.000 0.009 0.000 0.000 0.000 1.295 0.000 0.120 1.214 0.027 0.000 4.394 1.927 0.013 2.661 3.485 0.000 1.779 0.000 0.000 
1 test1dax_inconsistent 0.000 0.038 0.000 0.000 0.000 1.321 0.341 0.618 0.675 0.000 0.000 0.262 0.199 2.328 0.637 0.000 0.994 1.154 0.000 0.019 0.000 0.425 0.501 0.000 0.117 1.032 0.110 0.541 0.207 0.266 0.003 1.818 1.004 0.811 0.482 0.796 0.351 0.277 0.000 0.000 
0 test1dax_consistent 1.416 0.079 2.869 0.049 0.828 0.000 0.000 0.093 0.000 0.216 0.364 0.000 0.606 0.473 0.243 0.053 0.000 0.325 0.982 0.607 0.180 0.000 3.015 0.000 0.310 0.000 2.504 1.300 0.266 0.013 2.273 0.000 3.021 0.126 0.000 0.000 0.000 0.985 2.692 0.010 
1 test1dax_inconsistent 1.416 0.079 2.869 0.049 0.828 0.000 0.000 0.093 0.000 0.216 0.364 0.000 0.606 0.473 0.243 0.053 0.000 0.325 0.982 0.607 0.000 0.000 0.759 0.058 0.228 0.000 0.974 0.978 1.052 0.000 1.104 0.000 1.177 0.408 0.000 0.241 0.000 0.447 0.808 0.095 
0 test1dax_consistent 0.000 0.000 1.267 0.200 0.289 0.000 2.317 0.000 0.213 0.915 0.000 0.000 1.357 0.103 0.000 1.296 0.000 0.818 0.950 0.000 2.077 0.000 0.000 1.356 0.000 1.554 1.009 0.000 2.794 0.698 1.323 0.000 0.066 0.000 1.444 4.578 2.664 0.617 0.000 0.648 
1 test1dax_inconsistent 0.000 0.000 1.267 0.200 0.289 0.000 2.317 0.000 0.213 0.915 0.000 0.000 1.357 0.103 0.000 1.296 0.000 0.818 0.950 0.000 0.860 0.000 0.020 0.901 0.000 0.396 0.972 0.010 1.403 0.443 0.566 0.824 0.028 0.000 1.262 1.385 0.524 0.828 0.000 0.736 
0 test1dax_consistent 0.000 1.275 0.000 1.292 0.749 0.000 0.168 0.000 0.000 0.196 0.577 0.000 0.000 0.312 1.994 0.737 1.804 0.000 0.178 0.000 0.000 3.120 4.798 2.684 0.194 0.000 1.623 0.000 0.000 1.120 0.000 0.046 0.000 0.592 0.146 0.311 0.731 1.061 0.000 1.265 
1 test1dax_inconsistent 0.000 1.275 0.000 1.292 0.749 0.000 0.168 0.000 0.000 0.196 0.577 0.000 0.000 0.312 1.994 0.737 1.804 0.000 0.178 0.000 0.000 0.720 1.880 0.726 0.449 0.000 0.899 0.000 0.000 0.861 0.000 0.278 0.000 1.329 1.011 0.250 0.588 0.860 0.038 0.503 
0 test1dax_consistent 0.165 0.000 0.149 0.666 1.869 0.081 0.000 0.110 2.025 0.000 0.450 0.097 0.841 0.000 0.064 0.000 0.899 0.000 0.000 0.305 3.084 0.000 0.000 0.000 0.114 0.000 0.000 0.000 3.485 0.000 2.904 1.886 1.940 0.105 0.000 0.382 0.000 2.684 2.102 0.406 
1 test1dax_inconsistent 0.165 0.000 0.149 0.666 1.869 0.081 0.000 0.110 2.025 0.000 0.450 0.097 0.841 0.000 0.064 0.000 0.899 0.000 0.000 0.305 1.628 0.214 0.000 0.007 0.466 0.075 0.256 0.000 1.612 0.000 1.294 0.467 0.332 0.473 0.039 0.248 0.000 1.302 0.266 0.255 
0 test1dax_consistent 0.000 0.000 0.000 0.164 0.010 2.028 0.389 0.223 0.000 0.417 0.000 0.738 0.871 1.149 0.299 0.469 1.254 1.047 0.000 0.627 0.000 0.000 0.468 0.000 1.667 2.077 0.701 2.282 0.094 2.545 0.000 1.148 3.379 1.251 0.000 0.004 0.230 1.663 0.000 1.354 
1 test1dax_inconsistent 0.000 0.000 0.000 0.164 0.010 2.028 0.389 0.223 0.000 0.417 0.000 0.738 0.871 1.149 0.299 0.469 1.254 1.047 0.000 0.627 0.033 0.000 0.574 0.162 0.707 0.651 0.148 0.834 0.119 1.404 0.000 1.000 0.929 0.760 0.000 1.108 0.000 0.228 0.000 0.294 
0 test1dax_consistent 1.163 0.090 0.000 0.000 1.016 0.970 0.000 1.112 1.269 0.124 0.000 1.507 1.121 0.227 0.231 0.000 0.043 1.403 0.223 0.000 0.528 0.279 2.514 0.000 0.117 0.000 0.000 0.118 0.000 0.000 0.000 3.173 1.538 3.054 2.587 0.600 0.000 0.689 1.319 0.000 
1 test1dax_inconsistent 1.163 0.090 0.000 0.000 1.016 0.970 0.000 1.112 1.269 0.124 0.000 1.507 1.121 0.227 0.231 0.000 0.043 1.403 0.223 0.000 0.434 0.348 0.601 0.000 0.338 0.000 0.000 0.682 0.124 0.000 0.000 0.644 1.080 1.504 1.642 0.476 0.000 0.411 0.780 0.357 
0 test1dax_consistent 0.000 0.000 0.000 0.118 0.000 0.000 0.681 0.376 1.225 0.429 1.825 0.000 0.721 1.085 1.454 0.481 0.103 0.142 0.911 0.000 0.016 0.000 0.084 3.253 0.000 0.000 0.207 2.950 0.078 0.000 1.749 2.461 1.987 2.884 0.000 0.000 2.351 0.000 0.000 0.000 
1 test1dax_inconsistent 0.000 0.000 0.000 0.118 0.000 0.000 0.681 0.376 1.225 0.429 1.825 0.000 0.721 1.085 1.454 0.481 0.103 0.142 0.911 0.000 0.339 0.000 0.540 1.339 0.000 0.000 0.000 0.771 0.094 0.000 0.199 0.499 0.819 1.296 0.238 0.024 1.468 0.000 0.638 0.000 
0 test1dax_consistent 1.138 0.277 0.288 0.644 0.000 0.000 0.000 0.000 0.000 0.542 0.576 0.083 0.000 0.000 0.000 0.000 0.159 0.000 3.050 0.249 1.444 3.252 2.598 0.000 0.000 1.444 0.000 0.000 0.000 0.821 0.000 1.178 0.000 1.638 3.439 0.000 3.163 1.777 0.095 0.683 
1 test1dax_inconsistent 1.138 0.277 0.288 0.644 0.000 0.000 0.000 0.000 0.000 0.542 0.576 0.083 0.000 0.000 0.000 0.000 0.159 0.000 3.050 0.249 1.212 1.416 0.802 0.170 0.000 0.460 0.000 0.000 0.000 0.626 0.000 0.580 0.000 0.298 0.990 0.000 1.354 1.061 0.158 0.391 
0 test1dax_consistent 0.000 0.275 0.303 2.540 1.249 0.032 0.485 0.352 0.854 0.635 0.434 0.129 0.321 0.000 0.080 0.000 0.140 0.000 0.086 0.043 0.021 0.810 3.837 2.589 0.066 1.495 0.303 0.434 0.000 3.770 0.000 0.000 0.000 0.000 1.826 0.000 0.000 0.000 0.104 0.228 
1 test1dax_inconsistent 0.000 0.275 0.303 2.540 1.249 0.032 0.485 0.352 0.854 0.635 0.434 0.129 0.321 0.000 0.080 0.000 0.140 0.000 0.086 0.043 0.000 0.667 1.415 0.683 0.124 1.052 0.540 1.081 0.000 1.089 0.000 0.578 0.000 0.029 0.644 0.115 0.000 0.000 0.000 0.579 
0 test1dax_consistent 0.194 0.919 0.287 0.055 0.000 0.000 0.000 2.595 0.000 0.000 0.588 0.095 0.000 0.225 0.000 0.000 1.243 0.108 0.000 0.921 0.480 0.000 0.000 0.000 0.858 0.000 2.632 0.899 1.118 0.000 0.716 0.000 0.275 0.000 5.616 0.961 0.000 0.140 0.000 0.000 
1 test1dax_inconsistent 0.194 0.919 0.287 0.055 0.000 0.000 0.000 2.595 0.000 0.000 0.588 0.095 0.000 0.225 0.000 0.000 1.243 0.108 0.000 0.921 0.401 0.000 0.000 0.000 0.088 0.069 0.283 1.043 0.215 0.000 0.617 0.000 0.544 0.069 2.098 0.593 0.176 0.640 0.000 0.135 
0 test1dax_consistent 0.000 0.081 0.000 2.224 0.000 0.000 0.000 0.515 0.871 0.000 0.372 0.035 0.000 0.000 0.000 0.180 0.202 0.938 0.023 2.003 0.000 0.000 0.000 0.385 0.000 2.188 1.699 0.000 0.000 0.827 3.809 0.000 0.000 0.000 0.953 0.061 3.965 0.000 0.063 0.473 
1 test1dax_inconsistent 0.000 0.081 0.000 2.224 0.000 0.000 0.000 0.515 0.871 0.000 0.372 0.035 0.000 0.000 0.000 0.180 0.202 0.938 0.023 2.003 0.000 0.000 0.000 0.900 0.097 0.529 0.416 0.242 0.000 0.000 1.176 0.065 0.000 0.000 0.946 0.295 1.672 0.000 0.373 0.495 
0 test1dax_consistent 0.000 1.028 0.000 0.639 0.000 0.695 0.983 0.370 1.277 0.000 2.425 0.359 0.000 0.993 0.000 0.000 1.265 0.128 0.000 0.000 5.152 0.768 0.000 0.000 0.000 0.000 0.000 0.000 0.968 0.000 4.574 0.052 0.000 0.345 0.000 0.000 0.000 0.599 0.000 0.000 
1 test1dax_inconsistent 0.000 1.028 0.000 0.639 0.000 0.695 0.983 0.370 1.277 0.000 2.425 0.359 0.000 0.993 0.000 0.000 1.265 0.128 0.000 0.000 1.534 0.192 0.000 0.000 0.000 0.299 0.163 0.346 0.000 0.000 2.245 0.471 0.000 0.580 0.182 0.000 0.000 0.884 0.000 0.000 
0 test1dax_consistent 0.343 1.841 1.199 1.127 1.025 0.435 0.463 0.322 0.000 1.137 0.000 0.736 0.022 0.000 0.522 0.313 0.250 0.000 0.330 0.027 0.000 0.000 2.630 0.932 2.171 0.075 0.331 0.000 0.923 1.473 0.253 0.009 0.000 3.251 0.000 0.007 0.181 0.000 0.855 4.306 
1 test1dax_inconsistent 0.343 1.841 1.199 1.127 1.025 0.435 0.463 0.322 0.000 1.137 0.000 0.736 0.022 0.000 0.522 0.313 0.250 0.000 0.330 0.027 0.000 0.000 1.177 0.370 0.902 0.000 1.019 0.000 0.398 0.250 0.315 0.000 0.000 1.476 0.000 0.035 0.000 0.000 1.575 1.096 
0 test1dax_consistent 0.000 0.725 0.448 0.000 0.144 0.315 0.000 0.000 0.000 0.000 1.753 1.448 0.000 0.082 0.163 1.629 0.420 0.131 0.896 0.140 0.832 0.445 0.243 0.000 0.000 0.000 0.000 0.000 2.777 1.754 3.953 0.418 0.073 0.000 0.000 3.133 2.347 0.000 1.185 0.421 
1 test1dax_inconsistent 0.000 0.725 0.448 0.000 0.144 0.315 0.000 0.000 0.000 0.000 1.753 1.448 0.000 0.082 0.163 1.629 0.420 0.131 0.896 0.140 0.328 1.250 0.635 0.000 0.223 0.000 0.000 0.000 0.947 0.754 1.102 0.020 0.000 0.366 0.000 1.364 1.367 0.000 0.000 0.683 
0 test1dax_consistent 0.727 0.000 0.442 0.708 1.237 0.000 0.261 0.376 0.159 0.372 1.552 1.293 0.000 0.610 0.000 0.164 1.136 0.040 0.000 1.667 2.618 0.000 0.000 4.356 0.000 0.000 0.000 0.937 1.052 0.836 2.731 0.000 0.805 0.000 0.000 0.000 0.371 0.000 0.000 1.911 
1 test1dax_inconsistent 0.727 0.000 0.442 0.708 1.237 0.000 0.261 0.376 0.159 0.372 1.552 1.293 0.000 0.610 0.000 0.164 1.136 0.040 0.000 1.667 0.309 0.000 0.146 1.400 0.000 0.000 0.022 0.576 0.000 0.383 2.238 0.110 0.000 0.000 0.000 0.176 0.301 0.359 0.000 0.269 
0 test1dax_consistent 1.913 0.000 0.000 0.000 0.767 0.624 1.166 0.000 0.932 0.036 1.122 1.293 0.950 0.000 0.362 0.141 0.011 1.147 0.000 0.000 0.008 4.270 0.014 0.000 0.000 0.534 0.508 0.000 0.107 1.804 0.000 1.799 0.388 0.000 3.033 0.044 0.000 1.028 1.964 0.716 
1 test1dax_inconsistent 1.913 0.000 0.000 0.000 0.767 0.624 1.166 0.000 0.932 0.036 1.122 1.293 0.950 0.000 0.362 0.141 0.011 1.147 0.000 0.000 0.102 1.074 0.261 0.121 0.065 0.449 0.573 0.000 0.421 0.764 0.293 0.268 0.561 0.000 1.512 0.500 0.000 0.906 0.461 1.043 
0 test1dax_consistent 0.555 0.030 0.709 0.000 0.352 0.000 0.705 0.000 1.260 0.000 0.106 1.285 0.062 2.396 0.000 0.000 0.400 0.000 0.000 0.072 0.000 1.626 0.123 0.000 4.311 0.000 0.000 1.034 0.000 0.000 1.253 0.000 0.000 2.586 0.000 0.000 0.000 0.000 3.042 0.400 
1 test1dax_inconsistent 0.555 0.030 0.709 0.000 0.352 0.000 0.705 0.000 1.260 0.000 0.106 1.285 0.062 2.396 0.000 0.000 0.400 0.000 0.000 0.072 0.655 1.074 0.332 0.000 1.345 0.000 0.293 1.116 0.125 0.132 0.757 0.554 0.000 0.306 0.076 0.000 0.243 0.000 0.440 0.913 
0 test1dax_consistent 0.145 0.000 1.224 0.000 0.050 0.225 2.146 0.000 0.000 1.137 0.457 0.141 1.494 0.000 0.000 0.289 0.373 0.013 0.000 0.967 3.685 0.904 1.103 0.000 0.000 0.304 3.638 0.000 0.000 0.000 0.000 0.000 1.842 0.452 0.000 2.798 0.007 0.000 0.000 0.719 
1 test1dax_inconsistent 0.145 0.000 1.224 0.000 0.050 0.225 2.146 0.000 0.000 1.137 0.457 0.141 1.494 0.000 0.000 0.289 0.373 0.013 0.000 0.967 1.412 0.149 0.558 0.000 0.677 0.211 0.534 0.000 0.000 0.034 0.000 0.000 1.149 0.305 0.000 1.683 0.356 0.000 0.000 0.000 
0 test1dax_consistent 0.000 0.169 0.000 2.704 0.455 1.843 0.000 0.830 0.026 0.000 0.000 0.330 0.053 0.161 0.049 0.383 0.000 0.092 0.000 0.435 1.729 0.815 3.433 1.343 0.151 1.845 0.000 0.702 0.680 1.267 0.000 1.146 2.821 0.494 0.006 2.364 0.000 0.174 0.250 1.310 
1 test1dax_inconsistent 0.000 0.169 0.000 2.704 0.455 1.843 0.000 0.830 0.026 0.000 0.000 0.330 0.053 0.161 0.049 0.383 0.000 0.092 0.000 0.435 0.787 0.239 0.727 0.845 0.382 0.827 0.000 0.628 0.567 0.369 0.000 0.218 0.891 0.316 0.237 0.629 0.000 0.363 0.767 0.984 
0 test1dax_consistent 1.517 0.595 1.544 0.108 1.043 0.000 0.000 0.786 1.259 1.180 0.791 1.571 0.680 0.000 0.000 0.453 0.000 0.000 0.000 0.000 0.516 2.927 1.640 0.134 1.461 0.000 0.000 4.056 0.749 0.000 3.151 1.869 0.130 0.000 0.000 1.047 0.277 0.015 0.000 0.000 
1 test1dax_inconsistent 1.517 0.595 1.544 0.108 1.043 0.000 0.000 0.786 1.259 1.180 0.791 1.571 0.680 0.000 0.000 0.453 0.000 0.000 0.000 0.000 0.605 1.143 1.220 0.000 0.170 0.000 0.000 1.534 0.112 0.178 1.342 1.601 0.454 0.000 0.000 0.000 0.413 0.000 0.000 0.000 
0 test1dax_consistent 0.096 1.284 1.190 0.189 0.446 0.000 1.556 0.000 0.893 0.716 0.300 0.000 1.693 0.682 0.735 0.000 0.944 0.000 0.022 0.008 0.511 3.065 0.052 0.000 0.020 0.000 0.212 1.568 4.101 0.981 0.000 0.000 0.000 2.798 0.000 0.000 0.554 0.000 0.000 0.000 
1 test1dax_inconsistent 0.096 1.284 1.190 0.189 0.446 0.000 1.556 0.000 0.893 0.716 0.300 0.000 1.693 0.682 0.735 0.000 0.944 0.000 0.022 0.008 0.000 1.145 0.132 0.000 0.110 0.000 0.737 0.640 1.215 0.000 0.000 0.000 0.000 1.877 0.041 0.000 0.000 0.000 0.000 0.000 
0 test1dax_consistent 0.000 0.000 0.238 0.038 0.295 0.000 1.716 0.000 0.000 1.872 0.170 1.114 0.212 0.000 0.016 0.000 0.666 0.216 0.223 1.805 0.000 0.000 0.421 0.000 0.000 0.000 0.000 0.000 2.504 0.000 0.000 0.000 0.016 0.000 0.216 0.046 3.831 0.618 2.433 3.709 
1 test1dax_inconsistent 0.000 0.000 0.238 0.038 0.295 0.000 1.716 0.000 0.000 1.872 0.170 1.114 0.212 0.000 0.016 0.000 0.666 0.216 0.223 1.805 0.000 0.000 0.395 0.000 0.214 0.000 0.899 0.000 2.011 0.187 0.000 0.054 0.172 0.190 0.474 0.000 1.135 0.764 1.207 1.111 
0 test1dax_consistent 0.175 1.532 0.000 1.535 0.000 0.000 0.908 0.707 0.166 0.022 0.167 0.592 0.000 0.000 0.000 0.327 1.877 0.000 0.222 0.988 0.608 2.139 0.000 1.224 3.743 0.884 1.160 1.458 0.562 0.669 2.007 0.828 2.536 0.339 0.000 0.000 1.282 0.000 0.445 0.563 
1 test1dax_inconsistent 0.175 1.532 0.000 1.535 0.000 0.000 0.908 0.707 0.166 0.022 0.167 0.592 0.000 0.000 0.000 0.327 1.877 0.000 0.222 0.988 0.187 1.070 0.079 0.123 1.047 0.178 1.113 0.554 0.427 0.780 0.490 0.210 0.626 0.096 0.000 0.179 0.231 0.000 0.701 0.733 
0 test1dax_consistent 0.252 0.304 0.000 0.248 0.472 0.216 2.238 0.142 0.000 1.098 0.269 0.156 0.391 0.000 1.959 0.000 0.000 0.000 0.167 0.049 2.689 0.884 0.000 0.000 0.000 1.243 0.000 0.000 2.199 0.000 0.963 0.815 1.681 0.000 0.770 0.328 5.347 0.000 0.000 0.000 
1 test1dax_inconsistent 0.252 0.304 0.000 0.248 0.472 0.216 2.238 0.142 0.000 1.098 0.269 0.156 0.391 0.000 1.959 0.000 0.000 0.000 0.167 0.049 1.289 0.000 0.059 0.000 0.035 0.388 0.240 0.026 0.396 0.119 1.554 0.485 1.255 0.000 0.420 0.797 1.925 0.000 0.230 0.000 
0 test1dax_consistent 0.000 0.073 1.189 0.744 0.000 1.085 0.876 1.300 0.000 0.342 0.428 0.000 0.184 0.000 0.557 0.000 2.041 1.003 1.180 0.000 0.000 0.000 0.000 1.950 0.000 2.010 2.518 0.906 2.482 0.000 2.187 0.000 2.472 0.544 2.231 0.862 1.590 1.825 0.030 0.000 
1 test1dax_inconsistent 0.000 0.073 1.189 0.744 0.000 1.085 0.876 1.300 0.000 0.342 0.428 0.000 0.184 0.000 0.557 0.000 2.041 1.003 1.180 0.000 0.000 0.000 0.307 0.612 0.000 1.077 0.752 0.971 0.798 0.124 1.353 0.000 0.762 0.113 0.973 0.116 0.467 0.205 0.509 0.000 
0 test1dax_consistent 0.859 0.345 0.000 0.181 0.354 0.000 0.008 0.000 0.281 0.668 0.000 1.813 1.266 1.066 0.163 0.000 1.254 0.000 1.209 0.000 0.848 0.392 2.021 1.617 3.928 0.000 0.127 0.000 1.538 0.562 0.000 0.056 1.586 0.000 3.244 0.000 1.486 0.201 0.418 1.628 
1 test1dax_inconsistent 0.859 0.345 0.000 0.181 0.354 0.000 0.008 0.000 0.281 0.668 0.000 1.813 1.266 1.066 0.163 0.000 1.254 0.000 1.209 0.000 0.000 0.847 0.584 0.584 2.238 0.187 0.282 0.000 0.263 0.185 0.401 0.052 0.522 0.475 0.537 0.000 0.550 0.374 0.632 0.338 
0 test1dax_consistent 1.036 0.376 0.111 0.000 1.384 0.000 0.000 1.592 0.147 0.000 0.000 1.565 0.575 0.000 0.782 1.256 0.140 0.289 0.367 0.000 1.809 0.016 0.000 0.000 0.000 1.576 4.526 2.432 1.422 0.000 0.000 1.393 1.043 0.000 0.000 0.000 0.021 1.834 0.078 0.000 
1 test1dax_inconsistent 1.036 0.376 0.111 0.000 1.384 0.000 0.000 1.592 0.147 0.000 0.000 1.565 0.575 0.000 0.782 1.256 0.140 0.289 0.367 0.000 1.145 0.000 0.000 0.000 0.355 0.335 1.597 1.774 0.340 0.000 0.000 0.014 0.420 0.000 0.235 0.000 0.161 1.269 0.308 0.000 
0 test1dax_consistent 0.279 0.000 0.035 1.127 0.385 1.038 0.000 1.434 0.734 1.665 0.303 0.948 0.292 0.000 1.432 0.124 0.441 0.000 0.503 0.080 0.000 0.000 0.000 1.415 0.766 4.250 0.662 1.006 2.867 0.139 0.000 0.013 0.000 0.000 2.403 1.248 2.904 0.000 0.525 0.000 
1 test1dax_inconsistent 0.279 0.000 0.035 1.127 0.385 1.038 0.000 1.434 0.734 1.665 0.303 0.948 0.292 0.000 1.432 0.124 0.441 0.000 0.503 0.080 0.000 0.000 0.000 1.105 0.616 1.489 0.637 0.517 2.027 0.000 0.000 0.427 0.000 0.017 0.708 0.731 0.348 0.000 0.500 0.000 
0 test1dax_consistent 0.022 0.000 0.104 1.990 0.053 1.123 0.008 0.000 2.016 0.000 0.000 0.722 0.239 0.000 0.492 0.535 0.940 0.164 0.238 0.000 0.000 0.000 0.000 0.147 0.000 0.890 4.147 0.000 0.500 0.000 0.000 2.106 0.000 0.000 2.025 1.504 3.863 0.000 0.393 0.000 
1 test1dax_inconsistent 0.022 0.000 0.104 1.990 0.053 1.123 0.008 0.000 2.016 0.000 0.000 0.722 0.239 0.000 0.492 0.535 0.940 0.164 0.238 0.000 0.223 0.028 0.000 0.273 0.048 0.000 1.352 0.000 0.524 0.000 0.000 1.800 0.089 0.000 1.239 0.247 1.455 0.000 0.377 0.000 
0 test1dax_consistent 0.604 0.000 0.000 0.686 0.000 1.043 2.425 0.000 0.634 0.070 0.000 0.000 0.300 0.000 0.058 0.000 0.087 1.026 1.150 0.241 5.419 0.000 0.000 0.000 0.329 0.000 1.528 0.000 0.000 0.002 1.822 0.000 0.554 0.000 0.000 0.927 0.000 0.000 1.432 0.594 
1 test1dax_inconsistent 0.604 0.000 0.000 0.686 0.000 1.043 2.425 0.000 0.634 0.070 0.000 0.000 0.300 0.000 0.058 0.000 0.087 1.026 1.150 0.241 1.932 0.130 0.000 0.496 0.248 0.000 1.092 0.095 0.000 0.000 1.552 0.000 0.658 0.000 0.000 0.000 0.000 0.264 0.264 0.937 
0 test1dax_consistent 1.516 0.000 0.497 0.000 0.096 0.000 0.310 0.529 0.222 0.000 1.144 0.000 0.060 1.406 0.783 1.224 0.038 1.253 0.697 0.521 3.855 0.000 2.287 0.000 0.000 0.000 0.000 0.545 1.452 0.000 0.498 0.000 0.000 0.000 1.374 0.000 0.000 1.951 3.697 0.110 
1 test1dax_inconsistent 1.516 0.000 0.497 0.000 0.096 0.000 0.310 0.529 0.222 0.000 1.144 0.000 0.060 1.406 0.783 1.224 0.038 1.253 0.697 0.521 1.739 0.000 1.219 0.000 0.188 0.000 0.000 0.832 0.000 0.000 0.000 0.000 0.000 0.577 0.708 0.211 0.000 0.416 1.116 0.327 
0 test1dax_consistent 0.000 0.871 0.000 0.000 0.110 0.649 0.000 2.201 1.023 0.000 0.000 0.000 0.000 1.240 0.206 0.117 1.143 1.050 0.100 0.158 0.000 0.497 0.162 0.986 0.000 0.059 0.000 0.108 2.513 0.000 3.003 0.336 0.649 0.158 0.103 2.083 1.794 3.270 0.858 2.230 
1 test1dax_inconsistent 0.000 0.871 0.000 0.000 0.110 0.649 0.000 2.201 1.023 0.000 0.000 0.000 0.000 1.240 0.206 0.117 1.143 1.050 0.100 0.158 0.000 1.261 0.379 0.118 0.054 0.418 0.070 0.404 1.125 0.000 1.112 0.440 0.000 0.000 0.353 0.752 0.264 0.966 0.604 0.384 
0 test1dax_consistent 1.050 0.623 0.129 0.435 1.933 0.636 0.000 0.000 1.171 0.000 0.008 0.556 1.366 0.570 0.000 0.000 0.505 0.451 0.684 0.000 0.000 0.053 4.195 0.000 2.919 0.000 0.600 0.000 1.263 0.000 2.213 0.265 0.540 0.000 2.561 1.607 0.085 0.000 0.234 0.000 
1 test1dax_inconsistent 1.050 0.623 0.129 0.435 1.933 0.636 0.000 0.000 1.171 0.000 0.008 0.556 1.366 0.570 0.000 0.000 0.505 0.451 0.684 0.000 0.000 0.820 1.852 0.000 0.743 0.000 0.652 0.000 0.251 0.000 1.127 0.000 0.000 0.047 0.594 0.350 0.413 0.327 0.851 0.000 
0 test1dax_consistent 1.681 1.122 0.790 0.000 0.000 0.748 0.922 0.000 0.307 2.073 0.000 0.873 0.000 0.941 0.000 0.000 0.453 0.000 0.674 0.000 4.024 0.073 0.000 1.147 0.045 0.000 3.837 0.000 0.766 1.988 0.000 0.049 0.000 0.000 0.000 0.000 0.123 1.233 0.000 1.446 
1 test1dax_inconsistent 1.681 1.122 0.790 0.000 0.000 0.748 0.922 0.000 0.307 2.073 0.000 0.873 0.000 0.941 0.000 0.000 0.453 0.000 0.674 0.000 1.085 0.039 0.000 0.469 0.325 0.000 1.275 0.000 0.000 1.571 0.000 0.000 0.000 0.442 0.000 0.138 0.139 0.144 0.001 1.343 
0 test1dax_consistent 0.349 1.077 0.000 0.000 0.787 0.159 0.619 1.211 1.740 0.000 0.000 0.222 0.000 0.000 0.000 0.000 0.000 0.000 2.293 0.021 0.000 1.927 0.000 0.633 0.000 0.938 4.361 2.389 1.256 1.620 0.000 0.044 0.000 0.000 0.000 0.008 0.000 0.000 3.627 1.342 
1 test1dax_inconsistent 0.349 1.077 0.000 0.000 0.787 0.159 0.619 1.211 1.740 0.000 0.000 0.222 0.000 0.000 0.000 0.000 0.000 0.000 2.293 0.021 0.000 0.686 0.000 0.230 1.053 0.382 1.546 1.078 0.045 0.860 0.000 0.195 0.000 0.000 0.000 0.599 0.000 0.000 1.806 0.517 
0 test1dax_consistent 1.110 0.000 0.000 0.565 0.768 0.000 1.470 0.000 0.740 0.000 0.000 1.348 0.000 0.000 1.652 1.071 0.000 1.823 0.000 0.000 0.000 0.000 1.518 0.000 1.609 0.000 5.560 0.000 0.950 0.000 0.000 0.000 0.000 1.232 0.000 0.041 0.000 0.751 0.000 1.555 
1 test1dax_inconsistent 1.110 0.000 0.000 0.565 0.768 0.000 1.470 0.000 0.740 0.000 0.000 1.348 0.000 0.000 1.652 1.071 0.000 1.823 0.000 0.000 0.000 0.000 0.316 0.045 1.683 0.000 1.770 0.049 0.488 0.000 0.000 0.000 0.000 0.788 0.780 0.237 0.000 0.860 0.000 1.201 
0 test1dax_consistent 1.034 0.000 0.172 0.379 0.770 1.486 0.413 0.000 0.343 0.000 0.828 0.000 2.493 0.000 0.000 0.000 0.193 0.000 0.068 0.210 0.078 0.000 3.022 0.365 0.531 0.295 0.173 0.000 0.570 1.363 4.644 0.000 1.783 0.000 1.291 0.000 0.000 1.745 0.483 0.000 
1 test1dax_inconsistent 1.034 0.000 0.172 0.379 0.770 1.486 0.413 0.000 0.343 0.000 0.828 0.000 2.493 0.000 0.000 0.000 0.193 0.000 0.068 0.210 0.278 0.000 0.863 0.419 0.749 0.000 0.532 0.384 0.092 1.051 1.514 0.000 1.027 0.000 0.298 0.000 0.000 1.083 0.290 0.000 
0 test1dax_consistent 0.186 0.081 0.228 0.000 0.000 0.349 0.666 0.184 0.031 0.000 0.530 1.900 0.014 0.538 0.000 1.663 1.501 0.062 1.289 0.000 0.000 0.693 0.733 0.000 0.000 0.000 2.403 0.000 0.000 1.733 3.362 0.423 0.971 0.000 0.000 3.514 0.742 0.969 0.000 1.137 
1 test1dax_inconsistent 0.186 0.081 0.228 0.000 0.000 0.349 0.666 0.184 0.031 0.000 0.530 1.900 0.014 0.538 0.000 1.663 1.501 0.062 1.289 0.000 0.000 0.123 0.507 0.000 0.000 0.010 0.605 0.000 0.000 0.217 0.918 0.716 0.628 0.033 0.000 0.803 0.000 0.781 0.008 0.759 
0 test1dax_consistent 0.612 0.000 0.000 0.000 0.031 0.953 0.000 0.000 0.056 0.000 0.000 0.000 2.406 0.174 0.000 0.469 1.110 0.000 1.244 1.763 1.049 2.509 0.479 0.000 3.059 0.000 0.000 0.000 0.000 0.331 0.000 0.000 4.620 0.288 0.000 0.000 0.004 0.000 2.685 0.877 
1 test1dax_inconsistent 0.612 0.000 0.000 0.000 0.031 0.953 0.000 0.000 0.056 0.000 0.000 0.000 2.406 0.174 0.000 0.469 1.110 0.000 1.244 1.763 0.981 0.941 0.377 0.000 0.924 0.222 0.000 0.000 0.000 0.000 0.141 0.000 1.944 0.489 0.000 0.000 0.753 0.102 0.624 0.682 
0 test1dax_consistent 2.878 0.946 0.000 0.175 1.159 0.924 0.000 0.000 0.000 0.000 0.363 0.117 0.094 0.000 0.279 0.515 0.000 0.428 0.442 0.000 0.912 3.758 0.579 0.172 0.922 0.000 0.000 0.028 0.000 0.153 0.000 0.031 3.020 1.017 0.451 3.631 0.000 2.538 0.087 1.282 
1 test1dax_inconsistent 2.878 0.946 0.000 0.175 1.159 0.924 0.000 0.000 0.000 0.000 0.363 0.117 0.094 0.000 0.279 0.515 0.000 0.428 0.442 0.000 0.543 1.576 0.000 0.791 1.154 0.038 0.000 0.202 0.000 0.409 0.000 0.020 0.743 0.193 0.223 0.898 0.000 1.262 0.000 0.963 
0 test1dax_consistent 0.040 0.837 0.174 1.885 0.000 1.279 0.901 0.000 0.000 0.000 0.670 0.000 0.000 1.757 0.000 0.028 0.000 0.000 0.894 0.817 1.202 0.517 1.834 3.275 2.220 2.237 0.665 0.160 0.497 0.000 1.280 0.000 1.339 3.614 1.085 0.000 0.100 0.000 0.000 0.532 
1 test1dax_inconsistent 0.040 0.837 0.174 1.885 0.000 1.279 0.901 0.000 0.000 0.000 0.670 0.000 0.000 1.757 0.000 0.028 0.000 0.000 0.894 0.817 0.317 0.000 0.509 1.337 1.354 0.611 0.000 0.000 0.000 0.155 0.292 0.000 0.431 1.467 0.453 0.000 0.000 0.000 0.000 1.293 
0 test1dax_consistent 0.267 0.000 0.563 2.321 0.214 0.000 0.000 0.000 0.000 0.000 0.000 1.573 0.000 0.056 0.311 0.001 0.000 0.831 0.148 0.000 3.325 0.000 0.943 0.000 0.000 0.000 0.752 0.000 4.327 0.000 0.000 0.000 0.000 0.000 0.000 0.000 2.174 2.611 1.234 0.000 
1 test1dax_inconsistent 0.267 0.000 0.563 2.321 0.214 0.000 0.000 0.000 0.000 0.000 0.000 1.573 0.000 0.056 0.311 0.001 0.000 0.831 0.148 0.000 1.562 0.000 0.182 0.348 0.000 0.000 0.210 0.041 1.033 0.000 0.000 0.048 0.000 0.000 0.000 0.000 0.687 1.929 0.712 0.000 
0 test1dax_consistent 0.000 0.000 0.073 0.000 0.000 0.548 0.130 0.808 0.320 0.000 0.000 0.452 1.540 0.194 1.229 0.000 0.432 2.219 0.000 0.562 0.000 0.114 0.000 0.059 0.000 0.004 0.000 3.436 0.377 1.966 0.000 0.000 3.138 0.000 0.000 0.000 1.646 0.195 3.468 1.359 
1 test1dax_inconsistent 0.000 0.000 0.073 0.000 0.000 0.548 0.130 0.808 0.320 0.000 0.000 0.452 1.540 0.194 1.229 0.000 0.432 2.219 0.000 0.562 0.052 0.000 0.069 0.000 0.000 0.115 0.000 1.778 0.226 0.482 0.000 0.114 1.318 0.000 0.000 0.000 1.393 0.600 0.633 1.379 
0 test1dax_consistent 0.709 0.403 0.000 0.571 0.021 0.000 0.000 0.194 0.394 2.082 1.428 0.236 0.051 0.000 0.268 0.567 1.185 1.561 0.000 0.006 0.000 0.000 0.000 2.443 0.000 0.000 0.000 0.000 4.289 0.030 0.544 0.000 0.000 0.908 2.538 0.000 2.723 2.648 0.000 0.954 
1 test1dax_inconsistent 0.709 0.403 0.000 0.571 0.021 0.000 0.000 0.194 0.394 2.082 1.428 0.236 0.051 0.000 0.268 0.567 1.185 1.561 0.000 0.006 0.833 0.042 0.000 0.288 0.000 0.000 0.000 0.000 1.723 0.201 0.312 0.207 0.000 0.343 0.771 0.351 1.622 0.676 0.237 0.650 
0 test1dax_consistent 0.335 0.200 0.000 0.000 0.000 0.830 1.126 0.423 0.721 0.934 1.617 1.521 0.730 0.028 1.555 0.015 0.000 0.000 0.326 0.649 1.134 0.264 1.847 1.378 0.000 0.875 1.149 0.707 1.693 0.355 1.987 0.000 0.906 0.000 2.459 0.187 3.222 0.000 0.043 2.782 
1 test1dax_inconsistent 0.335 0.200 0.000 0.000 0.000 0.830 1.126 0.423 0.721 0.934 1.617 1.521 0.730 0.028 1.555 0.015 0.000 0.000 0.326 0.649 0.498 0.524 0.792 0.522 0.000 1.028 0.282 0.504 0.483 0.175 1.013 0.431 1.014 0.000 0.344 0.810 0.732 0.000 0.398 1.181 
0 test1dax_consistent 0.822 0.685 0.000 0.047 0.327 0.038 0.134 0.000 0.000 1.440 0.000 0.186 0.577 2.241 0.000 0.727 0.527 0.267 0.892 0.000 0.000 0.000 2.372 0.000 1.380 0.000 0.000 1.098 2.969 0.553 0.000 5.010 1.850 0.937 0.000 0.000 0.395 0.953 0.000 0.000 
1 test1dax_inconsistent 0.822 0.685 0.000 0.047 0.327 0.038 0.134 0.000 0.000 1.440 0.000 0.186 0.577 2.241 0.000 0.727 0.527 0.267 0.892 0.000 0.410 0.048 0.998 0.000 0.886 0.096 0.000 0.765 1.728 0.577 0.000 1.334 0.487 1.105 0.108 0.000 0.982 0.658 0.000 0.000 
0 test1dax_consistent 0.506 0.127 0.547 0.044 0.121 0.674 0.176 0.547 1.822 0.031 0.087 0.160 0.101 0.000 0.000 1.387 2.232 0.000 0.000 0.133 0.757 0.283 2.354 0.000 3.101 0.349 1.356 2.783 2.390 0.073 0.000 3.272 2.076 0.000 0.000 0.466 0.504 0.000 1.586 0.270 
1 test1dax_inconsistent 0.506 0.127 0.547 0.044 0.121 0.674 0.176 0.547 1.822 0.031 0.087 0.160 0.101 0.000 0.000 1.387 2.232 0.000 0.000 0.133 0.406 1.210 0.761 0.000 1.327 0.230 0.801 0.789 0.973 0.195 0.000 1.519 0.298 0.000 0.000 0.619 0.220 0.000 0.710 0.464 
