0 test1dax_consistent 0.000 0.000 0.190 2.000 0.643 0.000 0.000 0.000 1.345 1.748 1.754 0.019 0.507 0.000 0.000 0.114 0.000 0.000 0.358 0.000 0.000 0.000 0.000 0.000 0.000 0.000 0.000 0.000 0.956 0.896 5.737 0.000 2.269 1.075 0.000 0.838 0.000 0.035 1.144 2.073 
1 test1dax_inconsistent 0.000 0.000 0.190 2.000 0.643 0.000 0.000 0.000 1.345 1.748 1.754 0.019 0.507 0.000 0.000 0.114 0.000 0.000 0.358 0.000 0.000 0.023 0.159 0.000 0.000 0.000 0.000 0.000 0.991 0.444 1.817 0.000 1.468 0.160 0.000 0.285 0.000 0.000 0.824 1.784 
0 test1dax_consistent 0.741 1.155 0.714 1.434 0.000 0.000 1.548 0.512 0.491 1.904 0.121 0.031 0.979 1.329 0.000 0.000 0.000 0.000 0.326 0.000 2.726 0.516 3.119 2.017 0.000 0.000 1.185 0.000 0.000 2.353 0.131 3.340 1.342 0.072 0.000 0.000 1.208 0.000 0.000 2.021 
1 test1dax_inconsistent 0.741 1.155 0.714 1.434 0.000 0.000 1.548 0.512 0.491 1.904 0.121 0.031 0.979 1.329 0.000 0.000 0.000 0.000 0.326 0.000 1.566 0.600 0.847 0.182 0.000 0.000 0.342 0.000 0.000 1.337 0.082 1.353 0.129 0.713 0.521 0.000 0.299 0.000 0.000 0.578 
0 test1dax_consistent 0.000 1.325 1.286 0.395 0.923 0.866 0.454 0.012 0.673 0.000 0.110 0.000 0.000 0.000 0.255 1.062 0.356 1.241 1.315 1.066 3.204 0.489 0.435 0.458 0.788 0.266 0.507 2.922 0.000 0.811 0.000 0.000 0.000 0.000 2.275 0.754 0.000 1.756 3.728 0.193 
1 test1dax_inconsistent 0.000 1.325 1.286 0.395 0.923 0.866 0.454 0.012 0.673 0.000 0.110 0.000 0.000 0.000 0.255 1.062 0.356 1.241 1.315 1.066 0.615 0.016 0.546 0.753 0.224 0.517 0.501 0.545 0.000 0.738 0.044 0.000 0.000 0.000 1.181 0.274 0.000 1.435 1.407 0.485 
0 test1dax_consistent 0.000 0.402 1.204 0.000 1.085 0.664 0.185 0.220 0.325 0.526 1.275 0.000 0.152 0.028 0.000 0.183 2.149 0.575 0.952 0.000 0.013 1.332 3.525 0.331 0.000 0.064 0.000 0.000 4.724 0.000 0.000 0.000 2.956 0.000 0.805 0.000 0.110 0.000 0.000 0.000 
1 test1dax_inconsistent 0.000 0.402 1.204 0.000 1.085 0.664 0.185 0.220 0.325 0.526 1.275 0.000 0.152 0.028 0.000 0.183 2.149 0.575 0.952 0.000 0.208 1.765 1.214 0.612 0.007 0.062 0.000 0.000 1.798 0.186 0.000 0.000 0.871 0.000 0.000 0.000 0.000 0.000 0.000 0.000 
0 test1dax_consistent 0.000 0.346 1.096 0.133 0.486 0.000 0.433 0.140 0.717 1.653 0.692 1.020 0.000 1.508 1.720 0.091 0.859 0.417 0.989 0.016 2.268 0.000 0.092 1.271 0.967 0.000 0.000 0.000 1.798 5.210 0.000 0.123 0.523 0.002 1.686 0.000 0.000 0.686 0.000 1.161 
1 test1dax_inconsistent 0.000 0.346 1.096 0.133 0.486 0.000 0.433 0.140 0.717 1.653 0.692 1.020 0.000 1.508 1.720 0.091 0.859 0.417 0.989 0.016 0.994 0.163 0.607 0.820 0.000 0.153 0.000 0.097 1.396 1.326 0.443 0.343 0.654 0.413 0.457 0.000 0.000 0.886 0.000 0.458 
0 test1dax_consistent 0.565 0.000 1.481 0.589 2.108 0.000 0.697 0.000 1.009 0.881 0.000 0.000 0.384 0.000 0.916 0.000 0.000 0.565 0.684 0.000 1.653 0.000 3.632 0.004 0.000 0.000 0.098 0.407 3.564 0.981 0.000 0.915 0.000 0.000 2.020 0.000 3.172 0.805 0.685 0.000 
1 test1dax_inconsistent 0.565 0.000 1.481 0.589 2.108 0.000 0.697 0.000 1.009 0.881 0.000 0.000 0.384 0.000 0.916 0.000 0.000 0.565 0.684 0.000 1.026 0.000 1.228 0.000 0.618 0.000 0.792 0.235 1.210 0.370 0.000 0.496 0.057 0.038 1.129 0.000 1.048 0.000 0.000 0.000 
0 test1dax_consistent 0.835 0.000 0.884 0.000 0.321 1.866 0.028 0.000 0.546 0.215 0.000 1.975 0.101 0.941 0.037 0.042 0.000 0.924 0.330 0.605 0.000 0.663 0.685 0.000 0.000 0.000 0.000 4.755 0.000 0.000 0.000 4.423 0.000 1.876 0.078 0.000 0.000 0.000 0.000 0.000 
1 test1dax_inconsistent 0.835 0.000 0.884 0.000 0.321 1.866 0.028 0.000 0.546 0.215 0.000 1.975 0.101 0.941 0.037 0.042 0.000 0.924 0.330 0.605 0.000 0.548 0.776 0.000 0.227 0.019 0.438 0.990 0.073 0.000 0.000 2.013 0.000 1.573 0.000 0.414 0.000 0.000 0.000 0.296 
0 test1dax_consistent 0.081 0.642 0.149 0.144 0.459 1.904 0.042 0.279 0.000 0.799 1.184 0.000 0.545 1.355 1.171 0.691 0.000 0.000 0.288 0.461 3.770 0.000 0.081 2.554 1.753 1.653 0.000 1.689 0.354 0.000 0.000 0.000 0.687 0.628 0.086 2.173 0.584 0.000 0.000 0.000 
1 test1dax_inconsistent 0.081 0.642 0.149 0.144 0.459 1.904 0.042 0.279 0.000 0.799 1.184 0.000 0.545 1.355 1.171 0.691 0.000 0.000 0.288 0.461 0.899 0.000 0.196 1.248 1.297 0.883 0.000 0.770 0.000 0.522 0.012 0.004 0.041 0.864 0.000 0.382 0.000 0.000 0.096 0.019 
0 test1dax_consistent 0.000 0.680 1.303 0.000 0.689 0.000 0.388 0.000 0.721 0.717 0.000 0.000 0.000 0.000 0.039 1.687 0.847 0.254 1.740 1.213 0.000 3.917 2.166 3.238 1.481 0.000 0.000 0.000 3.207 0.000 1.874 0.000 0.000 0.905 0.000 0.000 0.000 0.000 0.770 0.524 
1 test1dax_inconsistent 0.000 0.680 1.303 0.000 0.689 0.000 0.388 0.000 0.721 0.717 0.000 0.000 0.000 0.000 0.039 1.687 0.847 0.254 1.740 1.213 0.027 1.791 0.478 1.269 1.163 0.000 0.227 0.000 0.473 0.178 1.218 0.000 0.000 0.240 0.000 1.020 0.000 0.000 1.431 0.255 
0 test1dax_consistent 1.349 0.837 0.464 0.000 0.330 1.433 0.000 0.077 0.000 1.686 0.000 0.131 0.000 0.000 1.764 0.000 0.000 0.584 1.343 0.000 1.815 1.157 0.403 0.000 0.000 1.888 0.000 0.000 0.000 2.236 0.000 2.864 0.000 0.000 0.000 1.431 0.000 0.854 0.201 4.474 
1 test1dax_inconsistent 1.349 0.837 0.464 0.000 0.330 1.433 0.000 0.077 0.000 1.686 0.000 0.131 0.000 0.000 1.764 0.000 0.000 0.584 1.343 0.000 0.181 0.841 0.837 0.397 0.000 0.919 0.000 0.000 0.000 1.574 0.000 0.600 0.000 0.000 0.375 0.043 0.000 0.311 0.000 1.548 
0 test1dax_consistent 0.000 0.000 0.225 1.153 1.440 0.081 0.840 0.000 0.000 1.627 0.001 0.029 0.000 1.526 0.071 0.178 0.183 1.894 0.000 0.000 0.000 1.839 2.113 0.000 4.036 0.000 1.547 0.000 0.857 0.057 0.863 0.010 0.000 0.704 3.841 0.000 1.248 2.215 0.000 0.000 
1 test1dax_inconsistent 0.000 0.000 0.225 1.153 1.440 0.081 0.840 0.000 0.000 1.627 0.001 0.029 0.000 1.526 0.071 0.178 0.183 1.894 0.000 0.000 0.362 0.904 0.581 0.091 0.892 0.000 0.657 0.215 0.000 0.675 0.554 0.140 0.000 0.367 1.634 0.000 0.534 0.730 0.000 0.000 
0 test1dax_consistent 0.249 0.000 0.000 0.290 0.000 0.471 0.000 0.604 1.487 0.975 0.000 0.687 1.170 1.029 1.310 1.525 0.073 0.000 0.340 0.401 1.111 0.000 1.574 1.457 0.000 2.316 1.078 0.000 0.000 1.126 0.000 1.677 1.157 0.928 2.931 1.488 3.623 0.000 0.099 0.000 
1 test1dax_inconsistent 0.249 0.000 0.000 0.290 0.000 0.471 0.000 0.604 1.487 0.975 0.000 0.687 1.170 1.029 1.310 1.525 0.073 0.000 0.340 0.401 0.685 0.000 0.446 1.225 0.000 0.848 0.633 0.019 1.040 0.643 0.000 0.340 0.654 0.474 0.656 0.204 1.396 0.000 0.148 0.000 
0 test1dax_consistent 0.000 0.044 0.000 0.000 0.000 0.744 0.033 1.105 1.029 0.000 0.000 0.132 1.012 0.000 1.117 2.476 0.590 1.147 0.000 0.135 1.238 1.573 0.660 0.000 0.000 1.473 0.000 4.361 0.113 0.333 0.506 2.806 2.054 1.071 0.001 0.012 2.077 0.026 0.000 0.000 
1 test1dax_inconsistent 0.000 0.044 0.000 0.000 0.000 0.744 0.033 1.105 1.029 0.000 0.000 0.132 1.012 0.000 1.117 2.476 0.590 1.147 0.000 0.135 0.497 0.403 0.505 0.000 0.000 0.938 0.260 1.597 0.000 0.759 0.747 0.736 0.486 0.000 0.000 0.597 0.451 0.000 0.000 0.000 
0 test1dax_consistent 0.042 0.000 0.552 1.304 0.266 0.000 0.000 1.403 0.000 2.452 0.516 0.000 1.471 0.000 0.286 0.049 0.211 0.194 0.000 0.612 1.128 0.000 0.000 0.000 2.263 0.000 0.000 0.000 0.000 0.092 0.093 1.406 0.000 1.494 0.528 1.014 3.337 0.227 4.476 0.505 
1 test1dax_inconsistent 0.042 0.000 0.552 1.304 0.266 0.000 0.000 1.403 0.000 2.452 0.516 0.000 1.471 0.000 0.286 0.049 0.211 0.194 0.000 0.612 1.079 0.000 0.000 0.000 1.033 0.000 0.000 0.079 0.000 0.538 0.710 0.816 0.000 1.020 0.903 0.516 0.745 0.515 1.257 0.916 
0 test1dax_consistent 0.019 0.160 0.953 0.000 0.396 0.000 0.000 0.614 1.351 0.000 0.000 2.122 0.303 1.338 0.000 0.000 0.995 0.000 0.000 0.470 0.000 0.751 1.625 0.000 0.585 0.000 0.000 4.402 0.003 1.519 0.000 0.000 2.977 1.854 1.085 0.000 1.538 0.000 0.000 2.059 
1 test1dax_inconsistent 0.019 0.160 0.953 0.000 0.396 0.000 0.000 0.614 1.351 0.000 0.000 2.122 0.303 1.338 0.000 0.000 0.995 0.000 0.000 0.470 0.000 0.768 0.959 0.000 0.623 0.000 0.000 1.466 0.926 0.535 0.000 0.000 1.698 0.501 0.057 0.000 0.608 0.000 0.000 0.541 
0 test1dax_consistent 0.060 0.410 0.000 0.556 0.108 0.056 0.000 0.000 0.694 0.000 1.195 0.193 0.000 0.000 0.000 0.000 2.109 0.132 1.869 0.000 2.816 0.676 0.062 0.971 0.000 0.000 0.000 0.000 0.650 0.000 0.094 1.711 1.416 0.000 4.577 0.000 0.469 0.927 0.000 2.851 
1 test1dax_inconsistent 0.060 0.410 0.000 0.556 0.108 0.056 0.000 0.000 0.694 0.000 1.195 0.193 0.000 0.000 0.000 0.000 2.109 0.132 1.869 0.000 1.018 0.467 0.030 0.876 0.000 0.000 0.000 0.000 1.011 0.000 0.120 0.646 0.045 0.000 1.486 0.000 0.314 0.879 0.000 0.996 
0 test1dax_consistent 0.211 0.000 0.000 0.046 0.000 1.113 0.000 0.000 0.967 0.541 2.967 0.552 0.367 0.000 0.000 0.220 0.000 0.717 0.765 0.072 2.269 0.204 0.948 0.000 0.000 0.872 3.529 1.205 0.048 0.659 2.004 0.034 0.136 0.006 0.000 0.000 0.000 3.648 1.003 0.000 
1 test1dax_inconsistent 0.211 0.000 0.000 0.046 0.000 1.113 0.000 0.000 0.967 0.541 2.967 0.552 0.367 0.000 0.000 0.220 0.000 0.717 0.765 0.072 0.366 0.000 0.638 0.000 0.045 0.263 1.201 1.141 0.011 0.675 0.903 0.336 0.399 0.000 0.000 0.000 0.000 1.284 0.846 0.000 
0 test1dax_consistent 0.746 0.000 0.000 0.000 0.000 1.716 0.670 1.146 0.379 0.609 0.020 0.723 0.000 0.000 0.000 0.717 1.717 0.000 0.461 0.000 0.076 4.486 1.403 0.000 0.000 0.000 0.000 2.708 1.010 0.182 1.273 2.080 0.000 0.000 0.000 2.518 0.227 0.000 0.395 0.000 
1 test1dax_inconsistent 0.746 0.000 0.000 0.000 0.000 1.716 0.670 1.146 0.379 0.609 0.020 0.723 0.000 0.000 0.000 0.717 1.717 0.000 0.461 0.000 0.000 1.478 0.235 0.000 0.000 0.123 0.000 0.779 0.313 0.450 0.248 0.562 0.000 0.000 0.000 2.088 0.242 0.170 0.000 0.352 
0 test1dax_consistent 0.000 1.182 1.160 0.315 0.000 1.843 0.826 0.000 1.393 0.000 0.000 0.000 0.235 0.000 0.000 0.492 0.000 0.458 0.000 0.449 0.063 0.052 0.000 4.791 0.000 0.000 0.000 0.000 2.856 0.000 1.582 0.000 0.000 0.000 0.000 3.032 0.000 0.000 0.359 0.000 
1 test1dax_inconsistent 0.000 1.182 1.160 0.315 0.000 1.843 0.826 0.000 1.393 0.000 0.000 0.000 0.235 0.000 0.000 0.492 0.000 0.458 0.000 0.449 0.000 0.810 0.000 2.961 0.000 0.451 0.000 0.000 0.537 0.000 0.274 0.000 0.000 0.290 0.240 0.526 0.000 0.036 0.609 0.000 
0 test1dax_consistent 0.000 0.000 2.100 0.472 0.419 0.000 0.028 0.000 0.000 0.016 1.637 0.000 0.000 0.265 1.356 0.000 1.229 0.545 0.336 0.000 0.000 0.000 0.652 3.998 0.000 0.000 0.000 0.000 0.504 0.000 0.000 0.000 0.000 1.265 5.374 0.000 0.655 3.171 0.000 0.000 
1 test1dax_inconsistent 0.000 0.000 2.100 0.472 0.419 0.000 0.028 0.000 0.000 0.016 1.637 0.000 0.000 0.265 1.356 0.000 1.229 0.545 0.336 0.000 0.000 0.000 1.328 1.227 0.000 0.000 0.000 0.000 0.564 0.000 0.000 0.040 0.074 0.311 1.769 0.000 0.000 1.262 0.000 0.000 
0 test1dax_consistent 0.000 1.743 0.301 0.691 0.000 1.085 1.502 0.000 0.000 0.000 0.561 0.000 0.483 0.805 0.257 0.229 1.064 0.000 0.251 1.232 0.000 2.409 1.505 0.000 1.436 0.184 0.000 0.770 3.599 0.000 0.000 0.600 0.991 0.000 4.020 0.731 0.000 0.694 0.297 0.051 
1 test1dax_inconsistent 0.000 1.743 0.301 0.691 0.000 1.085 1.502 0.000 0.000 0.000 0.561 0.000 0.483 0.805 0.257 0.229 1.064 0.000 0.251 1.232 0.000 1.514 0.570 0.010 0.248 0.161 0.000 0.423 1.086 0.000 0.000 0.855 0.635 0.000 1.015 0.682 0.054 0.800 0.424 0.578 
0 test1dax_consistent 0.000 0.000 0.193 0.000 1.130 1.030 0.000 0.236 1.855 0.226 0.380 0.000 1.634 0.801 1.615 0.000 0.000 1.199 0.000 0.120 0.000 0.000 0.000 0.000 0.000 3.363 0.000 0.000 4.144 0.000 0.000 0.149 1.986 0.000 0.000 0.000 0.000 2.714 0.000 0.000 
1 test1dax_inconsistent 0.000 0.000 0.193 0.000 1.130 1.030 0.000 0.236 1.855 0.226 0.380 0.000 1.634 0.801 1.615 0.000 0.000 1.199 0.000 0.120 0.000 0.001 0.000 0.000 0.043 0.866 0.000 0.000 1.398 0.102 0.037 0.789 1.132 0.000 0.487 0.000 0.000 0.746 0.094 0.000 
0 test1dax_consistent 1.511 0.787 0.000 0.508 0.770 0.224 0.679 0.000 0.840 0.000 0.922 1.011 0.488 0.000 0.000 0.000 0.504 0.414 0.000 1.820 2.694 1.351 0.049 0.351 0.000 0.000 4.731 0.000 0.000 0.000 0.000 0.000 0.269 0.000 0.152 0.703 0.451 0.000 0.000 2.356 
1 test1dax_inconsistent 1.511 0.787 0.000 0.508 0.770 0.224 0.679 0.000 0.840 0.000 0.922 1.011 0.488 0.000 0.000 0.000 0.504 0.414 0.000 1.820 1.127 1.026 0.000 0.141 0.517 0.000 1.127 0.000 0.391 0.000 0.099 0.000 0.318 0.000 0.493 0.403 0.687 0.608 0.000 1.536 
0 test1dax_consistent 0.000 0.000 0.337 0.729 1.079 0.000 0.187 0.855 0.011 0.686 0.000 0.000 0.491 0.000 0.000 2.289 0.000 0.113 0.255 1.858 0.296 3.036 0.000 0.000 0.172 2.803 0.219 0.072 0.000 0.000 1.935 3.681 0.000 0.537 0.000 2.260 0.000 0.462 0.000 0.366 
1 test1dax_inconsistent 0.000 0.000 0.337 0.729 1.079 0.000 0.187 0.855 0.011 0.686 0.000 0.000 0.491 0.000 0.000 2.289 0.000 0.113 0.255 1.858 0.596 2.122 0.000 0.000 0.176 0.688 0.343 0.612 0.000 0.000 0.548 1.009 0.000 0.511 0.000 0.775 0.000 0.664 0.000 0.090 
0 test1dax_consistent 1.380 0.850 0.170 0.652 0.000 1.139 0.000 0.225 0.000 1.959 0.414 0.019 0.321 0.000 1.176 0.226 0.557 0.116 0.220 0.000 0.000 1.061 0.000 0.421 0.000 2.613 0.000 0.000 0.000 1.579 2.036 0.000 1.238 0.000 1.316 0.000 3.046 1.894 3.549 0.000 
1 test1dax_inconsistent 1.380 0.850 0.170 0.652 0.000 1.139 0.000 0.225 0.000 1.959 0.414 0.019 0.321 0.000 1.176 0.226 0.557 0.116 0.220 0.000 0.000 0.000 0.599 0.810 0.000 0.751 0.132 0.000 0.000 0.832 1.270 0.020 0.543 0.000 0.607 0.112 1.045 0.643 1.753 0.000 
0 test1dax_consistent 0.182 1.775 0.781 0.000 1.237 0.000 1.131 1.188 0.000 0.047 0.000 0.000 0.814 0.011 0.000 0.608 0.402 0.461 0.000 0.608 0.000 2.104 0.158 0.000 1.705 0.000 4.591 0.000 0.000 0.000 0.000 0.000 3.009 0.000 0.000 0.000 0.000 0.000 0.002 2.725 
1 test1dax_inconsistent 0.182 1.775 0.781 0.000 1.237 0.000 1.131 1.188 0.000 0.047 0.000 0.000 0.814 0.011 0.000 0.608 0.402 0.461 0.000 0.608 0.000 1.984 0.047 0.000 0.000 0.050 2.091 0.000 0.000 0.000 0.000 0.000 0.979 0.000 0.000 0.000 0.000 0.160 0.000 0.754 
0 test1dax_consistent 0.000 0.296 0.786 0.000 0.885 1.365 0.000 1.668 0.814 0.000 0.953 0.704 0.000 0.175 0.583 1.217 0.000 0.000 0.000 0.485 0.000 1.092 0.000 0.000 0.000 1.012 0.000 0.287 0.000 0.000 2.994 0.006 2.728 0.056 1.379 3.491 2.443 0.000 0.000 0.000 
1 test1dax_inconsistent 0.000 0.296 0.786 0.000 0.885 1.365 0.000 1.668 0.814 0.000 0.953 0.704 0.000 0.175 0.583 1.217 0.000 0.000 0.000 0.485 0.000 1.055 0.606 0.179 0.176 0.068 0.000 0.682 0.430 0.000 0.397 0.086 0.539 0.228 1.022 1.610 1.131 0.306 0.000 0.000 
0 test1dax_consistent 0.000 1.153 0.233 0.000 0.619 0.184 0.016 0.000 0.070 1.056 2.444 1.526 0.201 0.202 0.835 0.108 0.000 0.349 0.125 0.000 1.168 0.000 0.000 0.000 0.042 0.000 0.033 0.000 3.785 0.000 0.013 0.934 0.000 2.611 0.000 0.000 0.000 4.760 2.405 0.740 
1 test1dax_inconsistent 0.000 1.153 0.233 0.000 0.619 0.184 0.016 0.000 0.070 1.056 2.444 1.526 0.201 0.202 0.835 0.108 0.000 0.349 0.125 0.000 1.059 0.000 0.000 0.000 0.781 0.212 0.167 0.000 0.918 0.000 0.457 0.164 0.000 0.771 0.000 0.000 0.000 2.189 1.021 0.269 
0 test1dax_consistent 0.000 0.063 0.462 1.684 1.239 0.359 0.394 0.000 1.417 0.000 0.899 0.000 0.000 0.000 0.495 1.626 0.746 0.000 0.214 0.365 0.000 0.000 0.000 0.000 0.000 0.000 0.000 0.177 0.093 3.580 0.914 0.458 0.000 0.935 0.000 0.744 3.146 0.000 0.628 3.557 
1 test1dax_inconsistent 0.000 0.063 0.462 1.684 1.239 0.359 0.394 0.000 1.417 0.000 0.899 0.000 0.000 0.000 0.495 1.626 0.746 0.000 0.214 0.365 0.081 0.000 0.000 0.000 0.220 0.000 0.343 0.000 0.090 0.936 0.877 0.000 0.000 0.290 0.464 0.497 2.241 0.000 0.554 0.786 
0 test1dax_consistent 1.251 0.422 0.424 0.163 1.099 0.206 0.508 1.241 0.627 0.431 0.000 0.160 0.198 0.561 0.000 0.502 2.268 0.120 0.036 0.000 0.508 0.357 0.038 1.988 0.000 0.633 0.000 3.698 0.000 0.000 0.000 1.427 0.000 4.684 0.000 0.406 0.087 1.619 0.000 0.000 
1 test1dax_inconsistent 1.251 0.422 0.424 0.163 1.099 0.206 0.508 1.241 0.627 0.431 0.000 0.160 0.198 0.561 0.000 0.502 2.268 0.120 0.036 0.000 0.369 0.755 0.335 0.270 0.107 0.634 0.000 1.060 0.000 0.000 0.000 0.769 0.000 1.709 0.000 0.000 1.078 1.160 0.000 0.000 
0 test1dax_consistent 0.621 0.408 0.438 0.729 0.616 0.795 0.610 0.000 0.000 0.440 0.470 1.451 0.437 0.000 0.792 0.000 0.493 0.000 0.000 2.432 0.000 0.000 0.000 3.114 0.904 1.637 0.000 0.000 0.000 0.758 0.733 0.000 0.796 0.000 3.697 0.000 0.000 0.000 1.800 1.193 
1 test1dax_inconsistent 0.621 0.408 0.438 0.729 0.616 0.795 0.610 0.000 0.000 0.440 0.470 1.451 0.437 0.000 0.792 0.000 0.493 0.000 0.000 2.432 0.000 0.000 0.000 0.579 0.779 1.135 0.000 0.110 0.000 0.277 0.872 0.714 0.425 0.000 0.673 0.000 0.147 0.000 0.589 0.691 
0 test1dax_consistent 1.678 0.701 1.431 0.427 0.424 0.033 0.000 0.207 0.000 1.176 0.000 0.072 0.000 1.103 1.056 0.198 1.128 0.001 0.112 0.568 1.146 0.063 3.295 0.000 4.657 0.000 0.000 0.000 0.611 0.000 0.000 0.000 0.000 0.712 2.449 2.625 1.365 0.000 0.375 0.049 
1 test1dax_inconsistent 1.678 0.701 1.431 0.427 0.424 0.033 0.000 0.207 0.000 1.176 0.000 0.072 0.000 1.103 1.056 0.198 1.128 0.001 0.112 0.568 0.908 0.393 1.485 0.000 1.282 0.000 0.000 0.161 0.654 0.907 0.000 0.000 0.000 0.388 0.925 1.517 0.001 0.000 0.841 0.246 
0 test1dax_consistent 0.000 1.276 0.256 0.000 0.663 0.000 0.395 0.062 2.257 0.619 0.145 0.814 0.175 0.704 0.051 0.000 0.456 0.023 0.118 0.687 0.000 1.149 0.000 0.000 0.006 1.893 0.000 0.000 0.000 0.000 0.000 0.034 0.000 4.716 0.000 0.000 0.000 1.035 2.016 3.695 
1 test1dax_inconsistent 0.000 1.276 0.256 0.000 0.663 0.000 0.395 0.062 2.257 0.619 0.145 0.814 0.175 0.704 0.051 0.000 0.456 0.023 0.118 0.687 0.000 0.211 0.003 0.000 0.000 0.736 0.000 0.000 0.410 0.000 0.000 0.193 0.000 1.142 0.065 0.000 0.145 1.697 1.249 1.678 
0 test1dax_consistent 0.498 0.000 1.208 0.000 0.167 0.000 0.000 0.201 0.681 0.000 0.356 0.252 0.915 0.802 0.101 2.209 1.606 0.000 0.000 0.000 0.624 1.719 2.390 0.000 0.129 0.000 0.000 0.000 0.000 0.000 2.026 2.920 4.340 0.000 0.000 1.138 0.049 1.051 0.000 0.000 
1 test1dax_inconsistent 0.498 0.000 1.208 0.000 0.167 0.000 0.000 0.201 0.681 0.000 0.356 0.252 0.915 0.802 0.101 2.209 1.606 0.000 0.000 0.000 0.000 0.369 0.492 0.000 0.312 0.000 0.000 0.000 0.000 0.000 1.094 0.906 1.917 0.000 0.096 1.428 0.526 0.070 0.000 0.137 
0 test1dax_consistent 0.000 0.572 0.307 0.000 0.000 0.130 0.534 1.372 0.306 0.000 0.676 0.457 0.000 0.281 1.117 0.975 1.350 0.000 1.911 0.000 0.482 2.420 1.423 3.741 0.000 2.871 2.189 0.084 0.000 0.000 0.126 1.463 0.000 1.387 0.000 0.000 2.329 0.214 0.901 0.000 
1 test1dax_inconsistent 0.000 0.572 0.307 0.000 0.000 0.130 0.534 1.372 0.306 0.000 0.676 0.457 0.000 0.281 1.117 0.975 1.350 0.000 1.911 0.000 0.101 0.116 0.112 1.602 0.000 1.218 1.476 0.126 0.032 0.000 0.935 1.358 0.000 0.359 0.000 0.141 0.522 0.524 0.551 0.047 
0 test1dax_consistent 1.179 0.000 0.100 0.000 0.707 0.657 0.026 0.000 0.000 0.091 0.826 0.186 0.076 1.647 0.324 1.506 0.296 1.408 0.000 0.991 1.256 0.007 0.000 2.598 0.950 3.576 0.000 0.854 0.000 0.000 0.000 3.145 0.000 0.094 0.000 2.298 2.550 0.000 0.180 0.706 
1 test1dax_inconsistent 1.179 0.000 0.100 0.000 0.707 0.657 0.026 0.000 0.000 0.091 0.826 0.186 0.076 1.647 0.324 1.506 0.296 1.408 0.000 0.991 1.105 0.302 0.000 0.455 0.381 1.456 0.000 0.139 0.000 0.000 0.241 0.950 0.000 0.923 0.000 0.602 1.090 0.293 0.503 1.099 
0 test1dax_consistent 0.048 0.120 0.954 1.368 1.120 1.188 0.000 0.126 0.366 0.000 0.000 0.615 0.314 0.230 1.977 0.000 0.000 0.000 0.221 0.000 3.179 0.000 0.000 0.000 0.000 2.508 0.000 3.442 0.949 0.000 0.000 1.807 2.328 0.000 0.000 0.000 0.909 2.089 0.000 0.000 
1 test1dax_inconsistent 0.048 0.120 0.954 1.368 1.120 1.188 0.000 0.126 0.366 0.000 0.000 0.615 0.314 0.230 1.977 0.000 0.000 0.000 0.221 0.000 0.939 0.000 0.005 0.000 0.189 1.116 0.070 0.895 0.352 0.050 0.000 0.110 1.121 0.000 0.804 0.000 0.248 0.615 0.000 0.498 
0 test1dax_consistent 0.799 0.666 1.803 0.621 1.336 1.032 0.674 0.910 0.000 0.000 1.658 0.148 0.000 0.000 0.406 0.871 0.004 0.000 0.000 0.402 0.046 0.000 1.385 0.630 1.250 1.318 0.000 5.209 0.000 2.330 0.592 0.000 2.022 0.643 0.486 0.089 0.295 1.667 0.000 0.037 
1 test1dax_inconsistent 0.799 0.666 1.803 0.621 1.336 1.032 0.674 0.910 0.000 0.000 1.658 0.148 0.000 0.000 0.406 0.871 0.004 0.000 0.000 0.402 0.285 0.322 1.104 0.160 0.051 1.261 0.000 2.054 0.050 0.282 0.000 0.000 0.663 0.943 0.777 0.473 0.390 0.663 0.000 0.014 
0 test1dax_consistent 0.000 0.046 0.126 0.000 0.236 0.000 0.000 1.150 0.000 2.224 0.000 2.317 0.079 0.000 0.000 1.717 0.000 0.000 0.000 0.553 0.080 0.136 0.000 1.233 0.018 0.000 0.000 0.979 0.000 0.000 0.000 4.141 0.397 2.782 1.407 3.821 0.000 0.000 0.799 0.012 
1 test1dax_inconsistent 0.000 0.046 0.126 0.000 0.236 0.000 0.000 1.150 0.000 2.224 0.000 2.317 0.079 0.000 0.000 1.717 0.000 0.000 0.000 0.553 0.379 0.412 0.000 0.504 0.191 0.000 0.000 1.178 0.000 0.000 0.000 1.189 0.125 0.990 0.083 1.508 0.000 0.000 0.675 0.000 
0 test1dax_consistent 1.433 2.006 1.062 0.138 0.000 0.000 0.298 0.210 0.000 0.000 0.138 0.000 0.000 0.084 0.000 1.130 0.000 1.067 0.272 1.317 0.000 2.659 0.000 0.000 0.000 0.000 2.433 0.370 1.995 0.865 2.571 0.000 0.000 0.000 0.304 3.731 0.000 2.023 0.000 0.032 
1 test1dax_inconsistent 1.433 2.006 1.062 0.138 0.000 0.000 0.298 0.210 0.000 0.000 0.138 0.000 0.000 0.084 0.000 1.130 0.000 1.067 0.272 1.317 0.000 0.539 0.036 0.680 0.000 0.000 0.819 0.903 0.028 0.527 1.163 0.000 0.000 0.604 0.000 1.518 0.000 0.352 0.000 0.060 
0 test1dax_consistent 1.581 0.712 0.203 0.735 0.917 0.113 0.093 1.411 0.866 1.563 1.790 0.552 0.368 0.436 0.141 0.237 0.000 0.000 0.000 0.000 0.668 2.434 2.673 0.053 0.000 0.000 0.000 2.632 1.925 1.778 0.000 2.335 2.720 0.000 0.890 0.000 0.000 0.000 0.000 0.000 
1 test1dax_inconsistent 1.581 0.712 0.203 0.735 0.917 0.113 0.093 1.411 0.866 1.563 1.790 0.552 0.368 0.436 0.141 0.237 0.000 0.000 0.000 0.000 0.737 0.696 0.918 0.724 0.063 0.000 0.160 0.507 0.580 1.132 0.087 1.557 0.415 0.312 0.713 0.000 0.000 0.014 0.079 0.000 
0 test1dax_consistent 0.056 0.227 0.460 0.459 0.000 2.508 0.000 0.869 0.078 0.000 1.489 0.000 0.158 1.600 0.000 1.019 0.000 0.000 0.000 0.355 0.000 0.000 2.333 2.472 1.341 4.042 0.000 0.173 2.549 0.000 1.545 0.000 0.000 2.541 0.000 0.000 0.000 0.000 1.876 0.434 
1 test1dax_inconsistent 0.056 0.227 0.460 0.459 0.000 2.508 0.000 0.869 0.078 0.000 1.489 0.000 0.158 1.600 0.000 1.019 0.000 0.000 0.000 0.355 0.000 0.161 0.446 0.881 1.051 1.268 0.000 0.362 1.657 0.000 1.580 0.000 0.193 0.873 0.234 0.000 0.000 0.363 1.241 0.160 
0 test1dax_consistent 0.000 0.000 0.128 0.000 0.000 0.000 0.000 0.000 0.652 0.733 0.414 0.678 0.016 0.000 1.794 1.178 0.000 2.234 0.867 0.475 2.517 0.840 0.429 0.000 0.661 0.000 0.000 0.000 4.860 1.617 0.000 0.153 1.588 0.000 0.528 1.240 0.000 1.697 0.000 0.000 
1 test1dax_inconsistent 0.000 0.000 0.128 0.000 0.000 0.000 0.000 0.000 0.652 0.733 0.414 0.678 0.016 0.000 1.794 1.178 0.000 2.234 0.867 0.475 0.252 0.869 0.643 0.000 0.000 0.000 0.000 0.000 1.373 1.131 0.308 0.000 1.143 0.000 0.056 0.566 0.011 1.038 0.000 0.000 
0 test1dax_consistent 0.000 0.542 1.061 1.450 2.453 0.369 0.653 0.111 0.717 0.318 0.439 0.000 0.000 1.007 0.792 0.562 0.000 0.000 0.261 0.000 0.000 2.476 0.544 3.548 1.295 2.544 0.000 0.880 0.000 0.121 0.584 0.054 0.564 0.680 1.974 3.507 0.640 0.000 0.879 0.000 
1 test1dax_inconsistent 0.000 0.542 1.061 1.450 2.453 0.369 0.653 0.111 0.717 0.318 0.439 0.000 0.000 1.007 0.792 0.562 0.000 0.000 0.261 0.000 0.000 0.755 1.160 1.219 0.329 0.918 0.000 0.412 0.000 0.474 0.201 0.150 0.550 0.939 0.914 1.129 0.542 0.000 0.553 0.121 
0 test1dax_consistent 0.921 1.440 0.408 0.963 0.036 0.000 0.490 0.000 0.000 0.685 2.062 0.000 0.000 0.414 0.175 0.000 0.000 0.409 0.000 0.972 1.235 0.089 0.406 0.000 0.792 4.210 0.000 0.000 0.000 1.180 0.107 3.063 0.273 0.969 0.000 0.000 2.075 0.086 0.952 0.546 
1 test1dax_inconsistent 0.921 1.440 0.408 0.963 0.036 0.000 0.490 0.000 0.000 0.685 2.062 0.000 0.000 0.414 0.175 0.000 0.000 0.409 0.000 0.972 1.018 0.274 0.658 0.000 0.723 1.138 0.000 0.028 0.000 0.729 0.199 0.537 0.241 0.983 0.000 0.031 0.921 0.321 0.132 1.019 
0 test1dax_consistent 1.717 0.606 0.308 0.000 0.000 0.147 2.518 0.000 0.000 0.054 0.233 0.000 0.447 0.000 0.152 0.881 0.000 0.329 0.568 0.000 1.115 0.230 3.212 4.245 0.000 0.000 0.000 0.878 0.000 0.184 1.093 0.000 0.000 0.000 0.000 0.000 0.000 0.000 1.168 3.147 
1 test1dax_inconsistent 1.717 0.606 0.308 0.000 0.000 0.147 2.518 0.000 0.000 0.054 0.233 0.000 0.447 0.000 0.152 0.881 0.000 0.329 0.568 0.000 0.258 0.830 1.356 1.458 0.000 0.047 0.479 0.933 0.000 0.355 1.264 0.081 0.000 0.000 0.000 0.196 0.041 0.000 0.000 0.772 
0 test1dax_consistent 0.000 1.118 0.000 0.000 0.000 1.672 0.000 1.297 0.000 0.941 0.789 0.000 0.288 0.670 1.782 0.011 0.461 0.089 0.019 0.000 2.188 0.000 0.000 0.000 1.259 1.720 0.000 0.238 0.000 0.805 0.128 0.000 1.219 0.681 4.010 0.000 2.318 1.491 3.332 0.000 
1 test1dax_inconsistent 0.000 1.118 0.000 0.000 0.000 1.672 0.000 1.297 0.000 0.941 0.789 0.000 0.288 0.670 1.782 0.011 0.461 0.089 0.019 0.000 0.411 0.000 0.000 0.029 0.390 1.037 0.000 0.205 0.000 1.344 0.533 0.000 0.409 0.000 1.089 0.066 1.223 0.357 1.615 0.053 
0 test1dax_consistent 0.212 1.105 0.000 0.015 0.519 0.127 0.000 0.780 0.109 1.688 0.000 0.311 0.249 0.110 0.934 0.000 1.809 1.025 0.032 1.479 0.582 0.000 0.000 0.000 0.000 0.894 0.417 0.652 1.959 0.535 0.879 0.000 0.000 2.956 3.848 0.000 0.000 3.302 2.073 0.054 
1 test1dax_inconsistent 0.212 1.105 0.000 0.015 0.519 0.127 0.000 0.780 0.109 1.688 0.000 0.311 0.249 0.110 0.934 0.000 1.809 1.025 0.032 1.479 0.633 0.000 0.000 0.000 0.000 0.000 0.241 0.299 0.294 0.391 0.417 0.000 0.000 1.854 1.029 0.000 0.436 0.708 1.538 0.630 
0 test1dax_consistent 0.000 0.326 0.582 0.000 0.000 0.972 0.000 0.032 0.753 0.031 1.441 0.214 0.000 1.021 2.709 1.381 0.462 0.102 0.389 0.000 0.982 3.142 4.719 2.023 0.000 0.452 0.000 0.000 0.000 0.000 0.000 0.780 1.093 0.875 0.388 0.978 0.000 0.782 0.341 0.000 
1 test1dax_inconsistent 0.000 0.326 0.582 0.000 0.000 0.972 0.000 0.032 0.753 0.031 1.441 0.214 0.000 1.021 2.709 1.381 0.462 0.102 0.389 0.000 0.213 0.952 1.580 1.109 0.000 0.272 0.115 0.000 0.157 0.185 0.255 0.677 0.107 0.167 0.268 0.948 0.000 1.117 0.387 0.000 
0 test1dax_consistent 0.000 0.022 0.000 0.089 2.407 0.581 0.096 0.687 2.139 0.128 0.145 0.091 0.000 0.423 0.151 0.829 0.112 0.283 0.000 0.000 0.000 1.473 0.000 0.239 0.000 0.000 0.000 0.000 1.727 3.536 0.000 3.063 2.854 0.163 0.641 0.006 0.000 3.383 0.787 0.000 
1 test1dax_inconsistent 0.000 0.022 0.000 0.089 2.407 0.581 0.096 0.687 2.139 0.128 0.145 0.091 0.000 0.423 0.151 0.829 0.112 0.283 0.000 0.000 0.000 0.733 0.063 0.065 0.000 0.000 0.000 0.023 1.644 0.749 0.000 1.074 0.697 0.595 0.677 0.082 0.000 1.731 0.356 0.000 
0 test1dax_consistent 0.000 2.236 0.493 0.362 0.427 0.412 0.927 1.379 0.248 0.000 0.000 0.586 0.000 0.000 0.000 0.000 0.153 1.402 0.000 0.003 0.000 0.000 0.626 1.380 0.147 0.000 0.865 1.119 0.158 0.540 0.000 4.473 0.000 0.407 1.452 0.000 0.000 4.159 0.000 0.810 
1 test1dax_inconsistent 0.000 2.236 0.493 0.362 0.427 0.412 0.927 1.379 0.248 0.000 0.000 0.586 0.000 0.000 0.000 0.000 0.153 1.402 0.000 0.003 0.000 0.385 0.144 1.212 0.098 0.000 0.421 0.431 0.191 0.095 0.000 1.247 0.000 0.440 0.108 0.000 0.000 2.006 0.000 0.276 
0 test1dax_consistent 1.486 0.292 0.139 0.099 1.539 1.092 0.000 1.318 0.000 0.579 0.000 1.124 0.156 0.145 0.000 0.088 0.000 0.231 0.000 1.165 0.000 1.512 0.000 0.000 0.000 2.425 3.463 0.248 0.000 2.659 1.907 2.375 0.197 0.000 0.000 1.018 0.000 0.000 0.000 2.272 
1 test1dax_inconsistent 1.486 0.292 0.139 0.099 1.539 1.092 0.000 1.318 0.000 0.579 0.000 1.124 0.156 0.145 0.000 0.088 0.000 0.231 0.000 1.165 0.000 0.967 0.000 0.000 0.413 0.469 0.981 0.286 0.000 0.790 1.234 1.188 0.340 0.091 0.000 1.338 0.048 0.000 0.264 0.489 
0 test1dax_consistent 0.014 0.810 0.801 2.173 0.067 0.106 0.129 0.054 1.388 0.348 0.983 0.347 0.000 0.000 0.000 0.580 0.415 0.000 0.595 0.637 0.487 0.000 1.833 0.224 0.000 1.950 2.562 0.129 2.764 1.934 0.000 1.228 2.512 0.000 0.000 3.351 1.422 0.102 0.000 0.000 
1 test1dax_inconsistent 0.014 0.810 0.801 2.173 0.067 0.106 0.129 0.054 1.388 0.348 0.983 0.347 0.000 0.000 0.000 0.580 0.415 0.000 0.595 0.637 0.646 0.450 1.140 0.000 0.000 0.960 0.957 0.391 0.677 1.261 0.185 0.845 0.591 0.000 0.000 0.962 0.441 0.608 0.073 0.000 
0 test1dax_consistent 0.000 0.000 0.111 0.503 0.657 0.000 0.390 0.442 0.000 0.000 0.742 0.000 0.000 0.800 2.685 0.688 0.284 1.546 0.000 0.000 0.000 0.000 0.000 0.000 0.000 0.000 3.158 1.966 0.000 4.402 0.067 0.000 0.000 3.118 0.546 0.000 0.778 0.726 0.000 0.000 
1 test1dax_inconsistent 0.000 0.000 0.111 0.503 0.657 0.000 0.390 0.442 0.000 0.000 0.742 0.000 0.000 0.800 2.685 0.688 0.284 1.546 0.000 0.000 0.194 0.000 0.000 0.052 0.441 0.000 1.887 0.014 0.000 1.932 0.111 0.000 0.000 0.817 0.879 0.027 0.850 0.906 0.000 0.000 
0 test1dax_consistent 0.784 1.263 1.176 0.000 0.000 1.461 0.370 0.000 0.372 0.000 0.000 0.000 0.000 0.415 0.797 1.043 1.093 0.000 1.172 0.497 0.000 0.000 0.000 0.000 1.895 3.897 0.000 0.000 0.000 0.000 0.000 2.335 0.000 2.675 0.000 1.537 0.858 0.000 0.000 2.055 
1 test1dax_inconsistent 0.784 1.263 1.176 0.000 0.000 1.461 0.370 0.000 0.372 0.000 0.000 0.000 0.000 0.415 0.797 1.043 1.093 0.000 1.172 0.497 0.479 0.000 0.000 0.061 1.338 0.905 0.304 0.000 0.291 0.000 0.159 1.177 0.000 0.420 0.000 0.792 0.355 0.000 0.000 1.400 
0 test1dax_consistent 0.017 0.000 0.008 0.907 0.017 0.000 1.002 2.388 0.000 0.295 0.924 0.285 0.274 0.000 0.000 0.254 0.000 1.233 0.653 0.752 2.259 0.000 0.000 1.761 0.000 2.996 0.636 0.042 0.000 2.324 0.000 0.000 1.068 0.000 0.000 1.072 1.094 4.398 0.000 0.000 
1 test1dax_inconsistent 0.017 0.000 0.008 0.907 0.017 0.000 1.002 2.388 0.000 0.295 0.924 0.285 0.274 0.000 0.000 0.254 0.000 1.233 0.653 0.752 0.219 0.000 0.018 0.188 0.000 1.065 1.128 0.266 0.000 0.464 0.000 0.125 0.715 0.000 0.000 0.823 0.579 1.643 0.063 0.232 
0 test1dax_consistent 0.350 0.038 0.393 1.201 0.406 1.327 0.110 0.948 1.058 0.618 0.792 0.000 0.013 0.053 0.067 2.125 1.099 0.000 0.000 0.000 0.000 0.271 0.000 0.000 0.000 1.476 0.372 0.016 2.256 0.457 0.000 0.000 0.000 0.000 3.069 1.235 0.000 2.587 0.000 3.694 
1 test1dax_inconsistent 0.350 0.038 0.393 1.201 0.406 1.327 0.110 0.948 1.058 0.618 0.792 0.000 0.013 0.053 0.067 2.125 1.099 0.000 0.000 0.000 0.051 0.000 0.009 0.563 0.000 1.305 0.816 0.104 1.594 0.000 0.000 0.000 0.233 0.345 0.685 0.151 0.489 0.814 0.000 0.908 
0 test1dax_consistent 0.000 0.159 0.000 0.272 0.799 1.670 0.129 1.045 0.953 0.232 0.000 0.059 0.000 0.606 0.294 1.613 0.000 0.721 1.236 0.552 0.909 0.000 0.000 3.148 0.000 3.810 0.004 0.487 1.224 0.030 0.000 0.930 0.000 0.000 1.576 1.304 2.519 0.000 1.917 0.000 
1 test1dax_inconsistent 0.000 0.159 0.000 0.272 0.799 1.670 0.129 1.045 0.953 0.232 0.000 0.059 0.000 0.606 0.294 1.613 0.000 0.721 1.236 0.552 0.430 0.000 0.000 1.580 0.119 1.404 0.081 1.421 1.231 0.422 0.000 0.369 0.000 0.108 0.096 0.146 0.601 0.022 0.492 0.000 
0 test1dax_consistent 1.566 0.025 0.556 0.000 0.000 0.736 0.000 1.742 0.799 0.000 0.859 1.564 0.285 0.919 0.000 0.000 0.000 0.000 0.537 0.000 0.000 0.000 0.275 0.000 0.000 0.000 1.721 0.000 0.000 0.000 5.175 0.128 0.000 2.749 0.044 0.000 1.611 0.000 2.182 0.000 
1 test1dax_inconsistent 1.566 0.025 0.556 0.000 0.000 0.736 0.000 1.742 0.799 0.000 0.859 1.564 0.285 0.919 0.000 0.000 0.000 0.000 0.537 0.000 0.346 0.000 0.359 0.000 0.000 0.000 0.000 0.000 0.841 0.075 1.413 0.851 0.447 1.687 0.226 0.000 1.105 0.000 1.639 0.028 
0 test1dax_consistent 0.000 0.000 1.089 0.000 0.329 0.178 0.344 1.341 0.390 0.591 0.000 0.221 0.289 0.000 0.085 2.871 0.323 0.280 0.000 0.000 0.000 0.000 0.138 1.102 2.200 1.571 0.000 0.000 0.088 2.835 0.000 3.705 0.000 0.313 0.000 3.954 0.962 0.000 1.557 0.000 
1 test1dax_inconsistent 0.000 0.000 1.089 0.000 0.329 0.178 0.344 1.341 0.390 0.591 0.000 0.221 0.289 0.000 0.085 2.871 0.323 0.280 0.000 0.000 0.000 0.000 0.960 0.897 1.294 0.763 0.000 0.313 0.588 0.844 0.000 1.318 0.000 0.060 0.000 0.999 0.069 0.000 0.488 0.000 
0 test1dax_consistent 0.011 1.297 0.000 0.000 1.035 0.000 0.513 0.008 0.000 0.182 0.715 0.624 1.647 0.791 0.000 0.946 0.306 0.969 1.554 0.541 0.000 0.000 0.597 1.576 0.000 0.000 1.187 0.000 0.000 0.000 0.982 1.384 3.966 2.124 0.016 1.097 0.665 0.184 3.459 0.000 
1 test1dax_inconsistent 0.011 1.297 0.000 0.000 1.035 0.000 0.513 0.008 0.000 0.182 0.715 0.624 1.647 0.791 0.000 0.946 0.306 0.969 1.554 0.541 0.000 0.143 0.252 0.830 0.546 0.000 0.583 0.000 0.000 0.519 0.923 0.913 0.961 0.303 0.000 0.278 0.091 0.000 1.591 0.000 
0 test1dax_consistent 0.832 0.000 0.000 0.000 0.320 1.623 0.154 0.000 0.000 1.700 1.280 0.000 1.273 0.053 0.160 0.553 0.266 1.604 0.351 0.000 4.986 0.000 0.000 0.270 1.221 0.685 0.000 0.460 0.000 0.000 0.000 0.000 0.032 0.000 0.179 1.749 0.000 4.527 0.000 0.355 
1 test1dax_inconsistent 0.832 0.000 0.000 0.000 0.320 1.623 0.154 0.000 0.000 1.700 1.280 0.000 1.273 0.053 0.160 0.553 0.266 1.604 0.351 0.000 1.946 0.000 0.000 0.000 1.502 0.637 0.000 0.067 0.000 0.000 0.000 0.000 0.000 0.000 0.524 1.506 0.000 1.428 0.000 0.000 
0 test1dax_consistent 0.000 0.502 0.000 0.569 0.000 0.079 0.103 0.000 0.000 2.214 0.000 1.030 1.155 0.000 0.052 0.000 1.740 0.355 0.614 0.000 0.000 5.081 0.000 0.986 0.000 0.041 0.000 0.000 0.000 0.146 0.000 1.553 0.140 0.000 3.446 1.270 0.750 2.516 0.000 0.000 
1 test1dax_inconsistent 0.000 0.502 0.000 0.569 0.000 0.079 0.103 0.000 0.000 2.214 0.000 1.030 1.155 0.000 0.052 0.000 1.740 0.355 0.614 0.000 0.000 1.694 0.000 0.327 0.036 0.089 0.000 0.000 0.000 0.000 0.000 1.514 0.406 0.000 1.135 0.000 0.401 1.967 0.000 0.000 
0 test1dax_consistent 0.000 1.599 0.000 0.403 0.000 0.000 0.336 0.000 0.075 0.000 0.003 0.200 1.831 0.159 0.000 0.000 1.798 0.000 0.610 0.614 1.046 0.000 0.000 0.000 1.604 0.000 0.000 0.000 1.562 0.313 0.000 1.940 5.454 0.236 0.000 1.016 0.000 0.000 0.046 0.000 
1 test1dax_inconsistent 0.000 1.599 0.000 0.403 0.000 0.000 0.336 0.000 0.075 0.000 0.003 0.200 1.831 0.159 0.000 0.000 1.798 0.000 0.610 0.614 0.287 0.200 0.024 0.093 0.515 0.046 0.251 0.000 0.531 0.000 0.000 0.948 1.290 0.347 0.000 0.966 0.000 0.000 0.200 0.000 
0 test1dax_consistent 1.199 0.315 0.881 0.000 0.316 0.000 0.352 0.000 0.052 1.754 0.000 1.287 0.000 0.000 0.043 2.163 0.212 0.477 0.606 0.071 0.000 1.373 3.023 0.000 0.004 0.000 0.000 0.000 0.000 4.139 2.138 2.153 0.000 0.421 0.000 0.308 0.000 0.000 0.029 1.689 
1 test1dax_inconsistent 1.199 0.315 0.881 0.000 0.316 0.000 0.352 0.000 0.052 1.754 0.000 1.287 0.000 0.000 0.043 2.163 0.212 0.477 0.606 0.071 0.208 0.950 0.484 0.085 0.306 0.000 0.142 0.016 0.000 1.147 0.383 1.220 0.000 0.000 0.031 0.768 0.244 0.468 0.168 0.844 
0 test1dax_consistent 0.000 0.000 0.000 0.831 0.000 0.272 0.400 1.660 0.177 0.000 0.000 1.787 0.279 0.117 0.552 0.000 1.087 0.093 0.000 2.290 0.284 0.535 1.243 0.000 0.000 3.124 3.497 0.552 2.571 0.000 0.000 0.000 0.000 0.000 0.000 0.000 2.841 0.000 0.000 0.000 
1 test1dax_inconsistent 0.000 0.000 0.000 0.831 0.000 0.272 0.400 1.660 0.177 0.000 0.000 1.787 0.279 0.117 0.552 0.000 1.087 0.093 0.000 2.290 0.000 0.177 0.090 0.000 0.000 0.817 1.540 0.000 0.471 0.500 0.000 0.000 0.000 0.000 0.001 0.200 1.323 0.112 0.000 0.000 
0 test1dax_consistent 2.310 0.000 0.000 0.288 2.042 0.000 0.035 0.915 0.000 0.648 0.000 0.000 0.000 0.299 0.308 0.031 0.435 0.000 0.000 0.137 3.094 0.000 0.000 3.130 0.000 0.000 0.000 0.175 0.000 3.670 1.046 0.000 3.029 0.033 1.754 0.000 1.035 0.000 0.588 0.095 
1 test1dax_inconsistent 2.310 0.000 0.000 0.288 2.042 0.000 0.035 0.915 0.000 0.648 0.000 0.000 0.000 0.299 0.308 0.031 0.435 0.000 0.000 0.137 1.142 0.398 0.045 2.023 0.631 0.000 0.000 0.375 0.000 0.872 0.955 0.000 1.020 0.000 0.694 0.000 0.515 0.044 0.000 0.041 
0 test1dax_consistent 0.058 0.000 0.000 0.000 0.929 0.242 0.095 0.550 0.248 0.000 1.179 0.000 0.000 1.648 0.502 0.000 2.108 0.734 0.000 1.463 0.000 0.000 0.332 0.000 2.324 0.000 2.844 0.000 2.437 0.494 0.021 3.389 0.000 1.515 0.219 0.000 1.555 2.781 0.000 0.770 
1 test1dax_inconsistent 0.058 0.000 0.000 0.000 0.929 0.242 0.095 0.550 0.248 0.000 1.179 0.000 0.000 1.648 0.502 0.000 2.108 0.734 0.000 1.463 0.000 0.000 0.000 0.000 1.076 0.138 1.724 0.256 0.839 0.040 0.473 0.911 0.000 1.103 0.737 0.000 0.635 0.864 0.000 0.253 
0 test1dax_consistent 1.867 0.499 0.000 0.203 0.310 0.151 0.536 0.523 0.590 2.385 0.000 0.187 0.000 0.000 0.000 0.053 0.084 0.301 0.000 0.475 0.259 0.000 0.322 0.349 0.224 0.000 0.000 4.420 0.195 0.444 0.756 0.000 2.383 0.000 2.975 1.462 0.000 0.000 0.000 3.560 
1 test1dax_inconsistent 1.867 0.499 0.000 0.203 0.310 0.151 0.536 0.523 0.590 2.385 0.000 0.187 0.000 0.000 0.000 0.053 0.084 0.301 0.000 0.475 0.928 0.327 0.123 0.357 0.634 0.416 0.000 1.670 0.575 0.000 0.046 0.000 0.628 0.329 0.952 0.411 0.000 0.000 0.000 1.476 
0 test1dax_consistent 0.822 0.667 1.246 0.005 1.488 0.083 0.008 0.379 0.881 0.000 0.327 0.000 0.290 0.293 1.925 0.000 0.200 1.305 0.366 0.000 0.000 1.067 0.059 0.000 0.000 2.415 1.419 0.000 1.084 0.229 0.000 0.739 1.771 3.143 3.446 1.853 0.785 0.841 0.000 0.000 
1 test1dax_inconsistent 0.822 0.667 1.246 0.005 1.488 0.083 0.008 0.379 0.881 0.000 0.327 0.000 0.290 0.293 1.925 0.000 0.200 1.305 0.366 0.000 0.446 1.025 0.044 0.000 0.692 0.706 0.391 0.145 0.000 0.184 0.000 0.397 0.348 1.095 0.493 0.410 0.000 0.102 0.000 0.000 
0 test1dax_consistent 0.000 1.541 0.573 0.263 1.077 0.999 0.000 1.199 0.100 1.085 0.293 1.326 1.047 0.000 0.000 0.261 0.092 1.302 0.000 0.000 0.008 1.164 1.813 1.072 0.000 0.061 0.876 0.000 0.000 0.000 0.230 0.058 0.755 0.249 3.516 1.710 0.000 3.853 0.000 0.597 
1 test1dax_inconsistent 0.000 1.541 0.573 0.263 1.077 0.999 0.000 1.199 0.100 1.085 0.293 1.326 1.047 0.000 0.000 0.261 0.092 1.302 0.000 0.000 0.128 0.880 0.262 0.890 0.193 0.480 0.504 0.433 0.000 0.716 0.262 0.391 0.526 0.000 0.998 0.213 0.136 0.676 0.000 0.529 
0 test1dax_consistent 0.411 0.017 1.011 0.476 0.000 1.066 0.595 0.547 1.030 0.210 0.265 0.000 0.428 0.896 0.821 0.548 1.140 1.425 0.247 1.041 1.884 0.000 0.000 0.490 1.041 0.000 4.029 0.000 0.362 0.000 1.382 0.000 0.562 0.000 0.113 1.840 0.079 2.877 0.985 0.000 
1 test1dax_inconsistent 0.411 0.017 1.011 0.476 0.000 1.066 0.595 0.547 1.030 0.210 0.265 0.000 0.428 0.896 0.821 0.548 1.140 1.425 0.247 1.041 0.221 0.138 0.000 0.607 0.425 0.632 1.152 0.000 0.851 0.000 0.056 0.374 0.738 0.188 0.547 0.279 0.284 1.979 0.812 0.000 
0 test1dax_consistent 2.175 0.000 0.000 0.233 0.000 0.048 0.823 0.650 0.000 1.160 0.559 0.145 1.081 0.000 0.413 0.183 0.000 0.000 0.529 1.276 2.498 3.014 0.000 0.000 3.626 0.000 0.147 3.245 0.000 0.418 0.000 0.332 0.000 0.734 0.488 0.000 0.377 1.204 0.000 0.000 
1 test1dax_inconsistent 2.175 0.000 0.000 0.233 0.000 0.048 0.823 0.650 0.000 1.160 0.559 0.145 1.081 0.000 0.413 0.183 0.000 0.000 0.529 1.276 0.421 0.909 0.000 0.000 1.144 0.055 0.185 0.971 0.000 0.000 0.318 0.601 0.709 0.521 0.623 0.000 0.066 0.592 0.000 0.325 
0 test1dax_consistent 1.068 0.373 0.706 0.149 0.414 0.478 1.388 0.000 1.576 0.307 0.540 0.184 0.000 0.000 1.502 0.000 0.441 0.000 0.000 0.906 3.437 1.898 3.671 0.042 0.607 1.337 1.817 0.000 1.649 0.000 0.103 1.193 0.000 0.582 0.264 0.000 0.000 0.000 0.000 0.000 
1 test1dax_inconsistent 1.068 0.373 0.706 0.149 0.414 0.478 1.388 0.000 1.576 0.307 0.540 0.184 0.000 0.000 1.502 0.000 0.441 0.000 0.000 0.906 1.144 0.336 1.046 0.639 1.103 0.862 1.499 0.000 0.388 0.000 0.000 0.521 0.000 1.084 0.498 0.000 0.000 0.000 0.000 0.000 
0 test1dax_consistent 0.621 0.072 2.260 0.000 0.923 0.194 0.884 0.300 0.064 0.000 1.146 0.000 0.028 0.000 0.000 0.000 0.000 0.261 1.378 0.988 0.000 3.496 0.781 0.623 0.752 0.000 0.559 3.178 2.856 0.000 0.012 0.000 2.121 0.000 0.000 0.000 0.000 0.000 2.934 1.635 
1 test1dax_inconsistent 0.621 0.072 2.260 0.000 0.923 0.194 0.884 0.300 0.064 0.000 1.146 0.000 0.028 0.000 0.000 0.000 0.000 0.261 1.378 0.988 0.409 1.026 0.157 0.000 1.196 0.000 0.000 2.085 0.771 0.000 0.204 0.000 0.630 0.000 0.000 0.000 0.027 0.301 0.765 0.791 
0 test1dax_consistent 0.295 0.547 0.000 2.050 2.203 0.000 0.000 0.182 0.076 0.000 0.000 0.000 0.000 0.000 0.442 0.000 1.335 0.019 0.000 0.506 0.000 3.446 2.133 0.000 2.184 0.000 0.000 0.000 3.619 0.000 0.000 1.800 0.000 0.000 1.021 2.921 0.036 0.000 0.879 0.000 
1 test1dax_inconsistent 0.295 0.547 0.000 2.050 2.203 0.000 0.000 0.182 0.076 0.000 0.000 0.000 0.000 0.000 0.442 0.000 1.335 0.019 0.000 0.506 0.000 1.302 0.524 0.000 0.485 0.000 0.000 0.000 0.720 0.000 0.000 1.416 0.000 0.000 0.321 1.850 0.000 0.002 0.627 0.000 
0 test1dax_consistent 0.736 1.068 0.365 0.567 0.685 1.367 1.799 0.406 0.639 0.051 0.000 0.456 0.789 0.044 0.000 1.228 0.250 0.871 0.040 0.138 0.000 2.657 1.626 0.000 3.643 0.000 2.901 1.684 1.165 0.000 0.000 0.000 1.244 0.000 0.000 0.924 0.282 0.000 1.013 0.000 
1 test1dax_inconsistent 0.736 1.068 0.365 0.567 0.685 1.367 1.799 0.406 0.639 0.051 0.000 0.456 0.789 0.044 0.000 1.228 0.250 0.871 0.040 0.138 0.407 0.523 0.793 0.000 0.992 1.371 0.913 0.493 0.852 0.000 0.157 0.052 0.523 0.000 0.000 0.927 0.358 0.000 0.761 0.006 
0 test1dax_consistent 0.360 0.354 1.176 0.033 0.107 1.746 0.136 0.008 0.544 0.000 0.000 0.283 0.000 0.710 1.072 1.372 1.232 0.777 0.032 0.000 0.000 1.490 2.687 0.000 0.787 2.079 2.783 0.000 0.000 0.000 0.000 1.902 0.939 0.000 1.990 1.190 1.050 0.267 3.072 0.000 
1 test1dax_inconsistent 0.360 0.354 1.176 0.033 0.107 1.746 0.136 0.008 0.544 0.000 0.000 0.283 0.000 0.710 1.072 1.372 1.232 0.777 0.032 0.000 0.028 0.869 0.888 0.000 0.658 0.569 0.911 0.000 0.433 0.000 0.000 0.895 0.845 0.000 0.260 1.425 0.221 0.498 1.129 0.040 
0 test1dax_consistent 0.712 0.000 0.434 0.000 0.000 0.000 0.075 0.000 0.215 0.000 0.054 0.000 0.000 0.000 2.559 0.000 0.630 0.334 2.345 0.186 0.000 0.000 0.000 2.404 0.236 0.000 0.000 0.995 0.000 0.000 0.000 0.780 0.000 0.000 0.014 0.000 0.000 3.366 4.525 3.143 
1 test1dax_inconsistent 0.712 0.000 0.434 0.000 0.000 0.000 0.075 0.000 0.215 0.000 0.054 0.000 0.000 0.000 2.559 0.000 0.630 0.334 2.345 0.186 0.867 0.000 0.000 0.688 0.116 0.000 0.000 0.700 0.000 0.000 0.000 0.863 0.321 0.000 0.124 0.000 0.000 1.372 1.505 1.727 
0 test1dax_consistent 0.139 0.174 1.347 1.817 0.000 0.000 0.680 1.093 0.322 0.000 0.700 0.011 0.189 0.345 1.983 0.000 0.000 0.213 0.000 0.029 0.000 2.287 1.705 3.625 0.000 3.921 0.000 0.000 0.000 2.577 0.000 0.000 1.155 1.308 1.038 0.000 0.000 0.000 0.884 0.000 
1 test1dax_inconsistent 0.139 0.174 1.347 1.817 0.000 0.000 0.680 1.093 0.322 0.000 0.700 0.011 0.189 0.345 1.983 0.000 0.000 0.213 0.000 0.029 0.062 1.244 0.428 1.212 0.000 1.656 0.000 0.000 0.000 0.558 0.000 0.000 0.654 0.837 0.600 0.000 0.000 0.000 1.182 0.066 
0 test1dax_consistent 0.016 0.263 1.660 0.008 0.000 1.068 1.080 1.924 0.000 0.000 1.602 0.000 0.000 0.246 0.272 0.000 0.000 0.000 0.927 0.535 0.000 0.000 0.000 0.000 0.000 2.938 3.023 2.573 0.000 0.000 2.715 0.000 1.342 3.137 0.000 0.000 0.000 0.000 0.705 0.597 
1 test1dax_inconsistent 0.016 0.263 1.660 0.008 0.000 1.068 1.080 1.924 0.000 0.000 1.602 0.000 0.000 0.246 0.272 0.000 0.000 0.000 0.927 0.535 0.070 0.000 0.393 0.000 0.000 0.357 1.313 0.576 0.000 0.000 0.914 0.000 1.005 1.465 0.148 0.000 0.000 0.000 0.130 1.333 
0 test1dax_consistent 0.000 0.473 0.067 0.679 0.086 0.000 0.693 0.000 0.199 0.774 0.084 0.018 0.000 0.000 0.306 0.566 0.417 0.000 2.978 0.177 4.081 4.451 0.340 0.000 0.000 1.695 0.000 0.000 0.039 0.000 0.000 0.203 0.000 0.100 0.000 0.000 0.052 0.000 2.920 0.000 
1 test1dax_inconsistent 0.000 0.473 0.067 0.679 0.086 0.000 0.693 0.000 0.199 0.774 0.084 0.018 0.000 0.000 0.306 0.566 0.417 0.000 2.978 0.177 1.404 2.230 0.542 0.000 0.000 1.689 0.000 0.000 0.000 0.000 0.000 0.000 0.000 0.955 0.000 0.000 0.143 0.000 0.761 0.000 
0 test1dax_consistent 0.000 0.000 0.000 1.104 0.116 0.000 0.000 2.381 0.000 0.598 0.222 1.244 0.000 0.000 0.000 0.534 0.141 0.000 1.612 0.135 0.000 0.000 0.000 2.481 0.000 1.158 0.000 0.000 0.000 3.386 0.000 5.128 0.000 0.000 0.028 0.000 0.000 0.918 0.000 0.399 
1 test1dax_inconsistent 0.000 0.000 0.000 1.104 0.116 0.000 0.000 2.381 0.000 0.598 0.222 1.244 0.000 0.000 0.000 0.534 0.141 0.000 1.612 0.135 0.216 0.000 0.093 0.615 0.000 0.150 0.000 0.480 0.000 2.559 0.000 1.560 0.000 0.000 0.000 0.239 0.000 0.169 0.000 0.298 
0 test1dax_consistent 0.368 0.210 0.000 0.000 0.000 0.039 1.015 0.000 1.136 0.023 0.000 0.845 0.351 0.193 2.023 0.515 0.627 0.000 1.747 0.035 0.738 3.988 1.851 0.000 0.000 0.000 0.074 0.188 0.000 0.000 1.081 5.247 0.000 0.000 0.263 0.000 0.129 0.000 0.851 0.000 
1 test1dax_inconsistent 0.368 0.210 0.000 0.000 0.000 0.039 1.015 0.000 1.136 0.023 0.000 0.845 0.351 0.193 2.023 0.515 0.627 0.000 1.747 0.035 0.321 2.355 0.848 0.000 0.000 0.000 0.000 0.000 0.000 0.000 0.196 1.501 0.000 0.000 0.293 0.341 0.000 0.005 0.859 0.085 
0 test1dax_consistent 0.452 0.000 0.942 0.000 0.038 0.000 0.302 0.000 1.082 0.000 1.544 0.045 0.000 2.370 0.345 0.882 0.162 0.328 0.000 0.000 0.000 0.000 0.478 0.000 2.935 4.989 0.409 0.725 0.658 0.000 0.696 0.000 0.069 0.000 0.780 2.637 0.000 0.000 0.000 0.000 
1 test1dax_inconsistent 0.452 0.000 0.942 0.000 0.038 0.000 0.302 0.000 1.082 0.000 1.544 0.045 0.000 2.370 0.345 0.882 0.162 0.328 0.000 0.000 0.000 0.000 0.555 0.000 1.683 1.540 0.517 0.166 0.331 0.000 0.000 0.000 0.655 0.168 0.456 0.907 0.000 0.000 0.141 0.000 
0 test1dax_consistent 1.157 0.600 0.000 0.035 0.000 0.460 0.241 0.727 0.000 0.850 0.000 0.088 0.468 1.355 0.000 2.045 0.272 0.558 1.115 0.000 2.506 0.000 0.000 0.000 0.000 0.000 0.000 0.000 0.000 1.363 0.069 0.000 0.000 2.962 2.545 0.130 0.000 0.084 3.908 0.000 
1 test1dax_inconsistent 1.157 0.600 0.000 0.035 0.000 0.460 0.241 0.727 0.000 0.850 0.000 0.088 0.468 1.355 0.000 2.045 0.272 0.558 1.115 0.000 1.533 0.000 0.000 0.000 0.000 0.215 0.740 0.221 0.022 0.926 0.172 0.325 0.000 1.695 0.425 0.000 0.000 0.000 1.099 0.000 
0 test1dax_consistent 0.625 0.070 0.000 0.359 1.482 0.000 1.052 0.000 0.400 0.043 0.407 0.660 0.000 1.892 0.000 0.230 1.359 0.463 0.000 0.885 0.423 0.000 0.000 0.672 0.233 0.000 0.016 0.701 0.000 0.025 0.778 4.480 2.782 0.717 0.565 0.000 0.755 2.131 1.152 1.281 
1 test1dax_inconsistent 0.625 0.070 0.000 0.359 1.482 0.000 1.052 0.000 0.400 0.043 0.407 0.660 0.000 1.892 0.000 0.230 1.359 0.463 0.000 0.885 0.747 0.000 0.098 0.232 0.000 0.000 0.412 0.848 0.000 0.503 0.929 1.083 1.237 0.063 0.241 0.225 0.548 0.832 0.500 0.068 
0 test1dax_consistent 0.000 0.555 0.000 0.270 0.000 0.000 0.000 0.732 0.000 1.147 0.000 2.238 0.000 0.000 0.232 1.878 0.000 1.201 0.042 0.261 0.000 0.000 0.000 0.122 0.000 2.398 1.065 0.320 1.397 0.000 0.000 1.087 0.000 0.000 2.606 5.508 0.418 0.000 0.098 0.000 
1 test1dax_inconsistent 0.000 0.555 0.000 0.270 0.000 0.000 0.000 0.732 0.000 1.147 0.000 2.238 0.000 0.000 0.232 1.878 0.000 1.201 0.042 0.261 0.000 0.000 0.000 0.801 0.000 0.595 0.000 0.838 0.000 0.206 0.000 0.332 0.000 0.000 2.307 1.992 0.313 0.164 0.000 0.000 
0 test1dax_consistent 0.000 2.321 0.000 0.000 0.067 0.765 0.000 0.563 0.514 0.706 0.218 1.412 0.107 0.000 0.363 0.855 2.019 0.000 0.000 0.926 0.000 0.000 0.000 0.000 0.000 0.000 2.638 0.000 1.489 5.198 1.731 2.866 0.000 0.000 0.000 0.015 1.191 0.000 1.256 0.611 
1 test1dax_inconsistent 0.000 2.321 0.000 0.000 0.067 0.765 0.000 0.563 0.514 0.706 0.218 1.412 0.107 0.000 0.363 0.855 2.019 0.000 0.000 0.926 0.000 0.000 0.000 0.000 0.000 0.000 1.334 0.000 1.085 1.580 0.969 1.231 0.000 0.000 0.000 0.582 0.885 0.000 0.128 0.898 
0 test1dax_consistent 0.591 0.609 0.975 0.000 0.000 0.000 0.757 1.391 1.545 0.255 0.202 0.387 1.715 0.215 0.000 0.025 0.000 0.317 0.219 0.000 3.554 0.000 2.213 0.540 0.000 0.000 0.000 0.062 1.329 3.085 0.027 0.540 3.227 0.000 0.119 0.000 0.000 0.000 1.747 0.000 
1 test1dax_inconsistent 0.591 0.609 0.975 0.000 0.000 0.000 0.757 1.391 1.545 0.255 0.202 0.387 1.715 0.215 0.000 0.025 0.000 0.317 0.219 0.000 1.696 0.264 0.594 0.000 0.000 0.000 0.000 0.000 0.099 1.067 0.076 0.758 0.903 0.000 0.184 0.000 0.610 0.939 0.853 0.000 
0 test1dax_consistent 0.000 0.121 0.000 0.274 1.319 0.137 0.117 0.000 0.000 1.091 0.176 0.074 0.000 2.445 0.000 0.000 1.578 0.000 0.494 0.926 0.181 0.743 0.000 3.080 2.586 0.311 1.754 0.000 0.000 0.097 0.000 0.000 0.000 0.897 0.000 0.000 0.000 3.048 2.720 3.506 
1 test1dax_inconsistent 0.000 0.121 0.000 0.274 1.319 0.137 0.117 0.000 0.000 1.091 0.176 0.074 0.000 2.445 0.000 0.000 1.578 0.000 0.494 0.926 0.000 1.338 0.000 1.206 1.694 0.041 0.593 0.000 0.092 0.104 0.148 0.000 0.000 0.229 0.000 0.000 0.000 1.106 0.957 1.044 
0 test1dax_consistent 0.000 0.000 0.990 0.000 0.000 0.491 0.318 0.000 2.068 0.455 0.020 0.906 0.000 0.758 0.793 0.287 1.493 0.011 0.664 0.000 1.464 0.000 2.109 0.029 0.000 3.695 1.967 0.000 3.236 0.844 0.000 0.000 1.326 0.148 2.675 0.449 0.853 0.000 0.000 0.000 
1 test1dax_inconsistent 0.000 0.000 0.990 0.000 0.000 0.491 0.318 0.000 2.068 0.455 0.020 0.906 0.000 0.758 0.793 0.287 1.493 0.011 0.664 0.000 0.409 0.000 0.695 0.000 0.467 1.318 1.014 0.000 0.880 0.000 0.000 0.093 0.410 1.213 1.633 0.000 0.236 0.000 0.213 0.000 
0 test1dax_consistent 1.588 1.349 1.134 0.897 0.000 0.152 0.000 0.000 1.103 0.000 0.321 0.000 0.000 0.000 0.047 0.000 0.845 0.446 1.691 0.000 2.065 2.091 0.000 1.869 0.000 2.932 0.000 0.000 0.049 0.000 0.000 0.000 0.000 0.000 0.000 0.000 0.064 0.114 3.553 3.311 
1 test1dax_inconsistent 1.588 1.349 1.134 0.897 0.000 0.152 0.000 0.000 1.103 0.000 0.321 0.000 0.000 0.000 0.047 0.000 0.845 0.446 1.691 0.000 0.565 0.331 0.018 1.827 0.060 1.116 0.000 0.000 0.092 0.012 0.000 0.000 0.000 0.000 0.000 0.000 0.195 0.290 1.890 1.043 
0 test1dax_consistent 0.000 0.000 2.335 1.189 0.000 1.563 0.558 0.000 0.132 0.158 0.000 0.000 0.000 0.000 0.770 1.010 0.345 0.699 1.103 0.646 0.834 0.000 0.000 0.000 0.619 4.030 0.000 0.258 0.000 0.820 0.000 0.000 0.000 0.916 2.303 0.289 0.000 0.000 0.000 4.467 
1 test1dax_inconsistent 0.000 0.000 2.335 1.189 0.000 1.563 0.558 0.000 0.132 0.158 0.000 0.000 0.000 0.000 0.770 1.010 0.345 0.699 1.103 0.646 0.919 0.000 0.330 0.051 0.000 1.898 0.000 0.131 0.000 0.033 0.000 0.149 0.000 0.360 0.625 0.863 0.079 0.349 0.000 1.618 
0 test1dax_consistent 0.000 0.900 0.294 0.000 0.549 0.790 2.098 0.000 0.000 0.000 1.590 0.000 1.052 0.000 0.521 0.403 0.000 0.317 0.000 0.172 0.499 0.000 4.582 0.000 0.048 0.000 0.000 0.000 0.000 0.000 0.763 0.000 1.973 0.000 0.020 3.326 0.000 1.607 0.000 1.296 
1 test1dax_inconsistent 0.000 0.900 0.294 0.000 0.549 0.790 2.098 0.000 0.000 0.000 1.590 0.000 1.052 0.000 0.521 0.403 0.000 0.317 0.000 0.172 0.503 0.000 0.968 0.000 0.642 0.038 0.000 0.526 0.000 0.000 0.743 0.463 1.205 0.000 0.033 1.238 0.000 0.861 0.026 0.936 
0 test1dax_consistent 0.402 0.000 0.367 0.804 1.289 0.064 0.106 0.442 0.000 0.000 1.273 2.673 0.090 0.000 0.000 0.000 0.000 0.000 0.000 1.039 0.000 0.000 0.000 0.000 0.000 1.063 0.000 1.126 0.000 0.000 0.000 3.388 0.080 0.047 0.000 0.000 0.000 5.902 0.000 0.594 
1 test1dax_inconsistent 0.402 0.000 0.367 0.804 1.289 0.064 0.106 0.442 0.000 0.000 1.273 2.673 0.090 0.000 0.000 0.000 0.000 0.000 0.000 1.039 0.000 0.000 0.000 0.000 0.000 0.634 0.000 0.000 0.000 0.000 0.197 1.580 0.033 0.124 0.000 0.000 0.000 2.233 0.000 0.639 
0 test1dax_consistent 0.058 0.000 0.000 0.000 1.978 0.863 1.114 1.518 0.192 0.000 0.000 0.005 0.052 1.238 0.085 0.000 1.756 0.000 0.000 0.092 0.000 1.595 0.000 1.548 3.725 0.000 4.047 2.008 0.664 0.000 0.963 0.049 1.199 0.119 0.000 1.677 0.000 1.750 0.000 0.048 
1 test1dax_inconsistent 0.058 0.000 0.000 0.000 1.978 0.863 1.114 1.518 0.192 0.000 0.000 0.005 0.052 1.238 0.085 0.000 1.756 0.000 0.000 0.092 0.000 0.337 0.000 0.444 2.136 0.421 1.085 0.638 0.822 0.000 0.579 0.243 0.710 0.629 0.537 0.695 0.010 0.362 0.000 0.443 
0 test1dax_consistent 0.360 0.000 0.000 0.000 0.194 1.443 0.000 0.000 0.040 0.805 0.826 0.071 1.022 0.340 1.762 0.610 1.002 0.000 0.000 1.371 2.140 0.000 0.000 0.000 0.032 1.991 0.000 0.000 0.000 1.386 0.000 0.956 0.000 0.000 2.920 0.077 4.503 0.000 0.000 0.000 
1 test1dax_inconsistent 0.360 0.000 0.000 0.000 0.194 1.443 0.000 0.000 0.040 0.805 0.826 0.071 1.022 0.340 1.762 0.610 1.002 0.000 0.000 1.371 1.060 0.000 0.000 0.011 0.783 0.000 0.000 0.000 0.017 0.727 0.075 0.699 0.000 0.248 1.303 0.456 1.563 0.000 0.079 0.539 
0 test1dax_consistent 0.000 0.000 0.000 2.309 0.000 1.127 0.000 1.565 0.473 0.285 0.000 0.255 0.679 0.816 0.457 0.038 0.601 0.745 0.898 0.185 1.003 0.000 0.000 0.000 2.967 1.533 0.949 2.489 0.000 0.119 0.000 0.521 3.131 4.500 0.000 0.000 0.000 0.384 0.000 0.000 
1 test1dax_inconsistent 0.000 0.000 0.000 2.309 0.000 1.127 0.000 1.565 0.473 0.285 0.000 0.255 0.679 0.816 0.457 0.038 0.601 0.745 0.898 0.185 0.951 0.000 0.000 1.020 1.060 0.558 0.464 0.474 0.000 0.000 0.000 0.000 0.854 2.016 0.000 0.000 0.046 0.150 0.000 0.000 
0 test1dax_consistent 0.000 0.018 0.000 0.085 0.594 0.248 1.162 0.000 0.156 0.845 0.000 1.348 2.253 0.000 1.164 0.000 0.869 0.000 0.681 0.000 0.000 3.237 0.000 1.483 0.000 0.000 0.000 0.000 0.000 2.384 0.000 0.000 0.000 0.000 0.000 0.000 4.795 2.283 0.000 0.000 
1 test1dax_inconsistent 0.000 0.018 0.000 0.085 0.594 0.248 1.162 0.000 0.156 0.845 0.000 1.348 2.253 0.000 1.164 0.000 0.869 0.000 0.681 0.000 0.000 1.440 0.009 0.970 0.000 0.000 0.639 0.000 0.000 0.291 0.000 0.365 0.000 0.000 0.123 0.000 1.819 0.898 0.000 0.816 
