0 test1dax_consistent left_hidden
0.057 0.580 0.633 1.507 0.000 0.854 1.224 1.568 0.220 0.242 0.341 0.515 0.189 0.000 0.171 1.248 0.000 0.089 0.498 0.000 
0 test1dax_consistent right_hidden
0.000 2.485 0.000 1.665 0.000 0.341 0.000 0.000 4.690 0.006 1.774 0.000 0.364 0.000 0.244 0.000 0.000 0.025 1.590 0.000 
---
1 test1dax_inconsistent left_hidden
0.057 0.580 0.633 1.507 0.000 0.854 1.224 1.568 0.220 0.242 0.341 0.515 0.189 0.000 0.171 1.248 0.000 0.089 0.498 0.000 
1 test1dax_inconsistent right_hidden
0.346 1.064 0.000 0.000 0.036 0.668 0.000 0.000 1.344 0.242 1.866 0.000 0.741 0.000 0.044 0.311 0.000 0.092 0.461 0.000 
---
0 test1dax_consistent left_hidden
1.607 0.000 0.606 0.192 0.694 1.447 0.051 0.000 0.318 0.163 0.382 0.000 1.283 0.145 1.572 0.000 0.000 0.671 0.583 0.230 
0 test1dax_consistent right_hidden
0.574 0.000 1.391 1.052 1.734 0.000 0.000 0.725 2.263 1.324 3.744 3.038 0.000 0.245 0.111 0.000 0.970 0.080 0.000 1.382 
---
1 test1dax_inconsistent left_hidden
1.607 0.000 0.606 0.192 0.694 1.447 0.051 0.000 0.318 0.163 0.382 0.000 1.283 0.145 1.572 0.000 0.000 0.671 0.583 0.230 
1 test1dax_inconsistent right_hidden
0.620 0.000 1.295 0.686 0.519 0.083 0.000 0.251 0.260 0.284 1.095 1.408 0.000 0.723 0.584 0.000 0.918 0.223 0.000 0.460 
---
0 test1dax_consistent left_hidden
0.000 0.000 1.061 0.718 0.215 0.000 1.555 0.000 0.000 0.237 0.726 0.149 1.100 0.048 0.874 1.069 1.366 0.798 0.000 0.000 
0 test1dax_consistent right_hidden
3.189 0.000 0.418 0.000 0.000 0.000 3.341 0.000 0.000 2.457 2.142 0.000 0.000 0.000 0.104 0.046 1.835 2.521 0.000 0.000 
---
1 test1dax_inconsistent left_hidden
0.000 0.000 1.061 0.718 0.215 0.000 1.555 0.000 0.000 0.237 0.726 0.149 1.100 0.048 0.874 1.069 1.366 0.798 0.000 0.000 
1 test1dax_inconsistent right_hidden
1.064 0.000 0.064 0.000 0.000 0.091 1.324 0.000 0.000 0.326 0.537 0.000 0.401 0.000 0.194 0.133 2.034 1.205 0.000 0.000 
---
0 test1dax_consistent left_hidden
0.000 1.748 0.138 0.407 1.308 0.553 0.607 0.511 0.000 0.363 0.745 0.212 0.000 0.105 0.859 0.000 0.000 0.111 0.000 1.503 
0 test1dax_consistent right_hidden
0.000 0.000 0.486 0.000 2.738 0.600 2.146 1.455 1.386 2.761 0.000 1.154 1.079 0.000 2.994 0.000 0.000 1.343 0.000 1.892 
---
1 test1dax_inconsistent left_hidden
0.000 1.748 0.138 0.407 1.308 0.553 0.607 0.511 0.000 0.363 0.745 0.212 0.000 0.105 0.859 0.000 0.000 0.111 0.000 1.503 
1 test1dax_inconsistent right_hidden
0.000 1.140 0.000 0.000 0.816 0.727 0.979 0.358 0.000 0.973 0.104 0.607 0.626 0.000 1.205 0.000 0.036 0.568 0.000 0.638 
---
0 test1dax_consistent left_hidden
0.000 0.729 0.000 0.416 0.463 0.000 0.000 0.851 0.486 0.369 0.808 1.655 0.943 1.822 0.110 0.000 0.611 0.862 0.580 0.897 
0 test1dax_consistent right_hidden
0.000 1.054 0.000 1.595 1.712 0.000 0.000 0.000 0.006 0.000 0.000 3.791 0.000 1.478 1.224 1.360 1.755 0.038 2.581 0.000 
---
1 test1dax_inconsistent left_hidden
0.000 0.729 0.000 0.416 0.463 0.000 0.000 0.851 0.486 0.369 0.808 1.655 0.943 1.822 0.110 0.000 0.611 0.862 0.580 0.897 
1 test1dax_inconsistent right_hidden
0.006 1.005 0.000 0.334 0.000 0.000 0.000 0.000 0.000 0.587 0.337 1.137 0.021 1.035 0.113 0.685 1.045 0.000 0.981 0.000 
---
0 test1dax_consistent left_hidden
1.143 0.318 0.545 0.205 2.244 0.492 0.268 0.000 0.313 0.000 0.080 0.000 0.000 1.289 1.143 0.637 0.000 0.000 1.043 0.000 
0 test1dax_consistent right_hidden
3.383 0.100 1.963 0.000 0.120 0.000 2.730 0.000 0.098 0.626 0.000 0.000 3.632 1.070 0.443 0.000 0.169 0.650 0.360 0.000 
---
1 test1dax_inconsistent left_hidden
1.143 0.318 0.545 0.205 2.244 0.492 0.268 0.000 0.313 0.000 0.080 0.000 0.000 1.289 1.143 0.637 0.000 0.000 1.043 0.000 
1 test1dax_inconsistent right_hidden
1.338 0.180 1.604 0.000 0.000 0.000 0.661 0.000 0.147 0.256 0.000 0.197 1.171 0.000 0.469 0.000 0.161 0.000 0.997 0.000 
---
0 test1dax_consistent left_hidden
1.854 0.000 0.894 0.336 0.000 0.283 0.916 0.406 0.948 0.035 0.000 0.000 0.886 1.376 0.000 0.017 0.000 0.000 0.925 0.000 
0 test1dax_consistent right_hidden
0.387 1.010 1.355 0.241 0.000 0.000 3.932 1.700 0.103 0.384 0.000 0.000 1.484 0.834 3.642 0.000 0.348 0.000 0.000 0.000 
---
1 test1dax_inconsistent left_hidden
1.854 0.000 0.894 0.336 0.000 0.283 0.916 0.406 0.948 0.035 0.000 0.000 0.886 1.376 0.000 0.017 0.000 0.000 0.925 0.000 
1 test1dax_inconsistent right_hidden
0.178 0.499 1.064 0.488 0.114 0.547 1.039 1.608 0.144 0.000 0.000 0.000 0.598 0.672 1.137 0.000 0.399 0.000 0.122 0.000 
---
0 test1dax_consistent left_hidden
0.412 0.135 0.416 0.957 0.000 0.000 0.262 0.994 1.632 0.432 0.000 0.187 0.415 0.274 0.262 0.674 0.141 1.744 1.159 0.000 
0 test1dax_consistent right_hidden
0.000 0.005 0.000 0.082 0.000 0.000 3.283 1.423 2.123 0.241 2.919 3.094 1.760 1.283 0.000 0.759 0.000 0.037 1.514 0.000 
---
1 test1dax_inconsistent left_hidden
0.412 0.135 0.416 0.957 0.000 0.000 0.262 0.994 1.632 0.432 0.000 0.187 0.415 0.274 0.262 0.674 0.141 1.744 1.159 0.000 
1 test1dax_inconsistent right_hidden
0.000 0.489 0.000 0.135 0.000 0.000 1.445 0.733 0.954 0.315 1.028 0.856 0.281 0.787 0.004 1.255 0.000 0.761 0.124 0.000 
---
0 test1dax_consistent left_hidden
0.698 0.000 0.430 0.037 0.595 0.957 0.340 0.000 0.000 0.439 0.411 1.826 0.026 1.982 0.517 0.510 0.000 0.000 0.000 0.041 
0 test1dax_consistent right_hidden
0.000 0.000 0.000 0.240 1.112 0.000 0.000 0.015 0.000 1.418 0.014 1.619 0.211 5.478 0.000 0.000 0.797 0.000 0.000 0.000 
---
1 test1dax_inconsistent left_hidden
0.698 0.000 0.430 0.037 0.595 0.957 0.340 0.000 0.000 0.439 0.411 1.826 0.026 1.982 0.517 0.510 0.000 0.000 0.000 0.041 
1 test1dax_inconsistent right_hidden
0.000 0.000 0.053 0.328 0.837 0.000 0.156 0.000 0.059 1.306 0.185 1.928 0.492 1.598 0.289 0.355 0.000 0.000 0.000 0.093 
---
0 test1dax_consistent left_hidden
0.896 1.006 0.603 0.222 0.000 0.381 0.085 0.203 0.623 2.487 0.000 0.000 0.000 0.000 1.317 0.345 0.383 1.161 0.422 0.204 
0 test1dax_consistent right_hidden
2.386 0.000 2.290 2.309 1.268 0.201 0.000 3.447 0.000 1.230 0.000 0.000 0.000 0.000 2.860 0.000 0.000 0.000 0.790 0.000 
---
1 test1dax_inconsistent left_hidden
0.896 1.006 0.603 0.222 0.000 0.381 0.085 0.203 0.623 2.487 0.000 0.000 0.000 0.000 1.317 0.345 0.383 1.161 0.422 0.204 
1 test1dax_inconsistent right_hidden
1.020 0.347 0.453 0.907 0.151 0.440 0.009 0.894 0.061 1.101 0.185 0.000 0.000 0.000 1.791 0.000 0.000 0.000 0.032 0.000 
---
0 test1dax_consistent left_hidden
1.933 0.301 0.000 0.000 0.314 0.581 0.952 0.000 0.000 0.000 0.684 0.984 0.000 2.085 0.291 0.000 0.502 0.602 0.684 0.361 
0 test1dax_consistent right_hidden
4.568 0.000 0.085 0.000 0.369 0.000 0.800 0.000 0.000 0.000 0.687 0.000 0.000 0.000 0.000 0.000 2.077 2.774 0.700 0.000 
---
1 test1dax_inconsistent left_hidden
1.933 0.301 0.000 0.000 0.314 0.581 0.952 0.000 0.000 0.000 0.684 0.984 0.000 2.085 0.291 0.000 0.502 0.602 0.684 0.361 
1 test1dax_inconsistent right_hidden
2.004 0.333 0.026 0.288 0.675 0.000 0.036 0.000 0.000 0.000 0.178 0.230 0.000 0.330 0.058 0.000 0.972 0.505 0.083 0.380 
---
0 test1dax_consistent left_hidden
0.000 0.374 0.141 0.598 0.066 0.909 0.884 0.062 0.689 1.149 0.000 2.042 1.284 0.000 0.000 0.537 0.527 0.000 0.731 0.000 
0 test1dax_consistent right_hidden
0.184 0.210 2.399 2.414 1.678 0.000 2.946 0.296 0.226 0.052 0.447 0.903 0.016 2.394 0.724 0.000 0.000 1.719 1.724 0.000 
---
1 test1dax_inconsistent left_hidden
0.000 0.374 0.141 0.598 0.066 0.909 0.884 0.062 0.689 1.149 0.000 2.042 1.284 0.000 0.000 0.537 0.527 0.000 0.731 0.000 
1 test1dax_inconsistent right_hidden
0.198 0.336 0.277 1.586 0.561 0.624 0.650 0.160 0.247 0.440 0.469 0.807 0.000 0.422 0.406 0.009 0.000 0.528 1.275 0.431 
---
0 test1dax_consistent left_hidden
0.730 0.083 0.000 0.013 1.593 0.000 0.000 0.000 1.269 0.000 0.768 0.000 0.089 0.393 1.522 1.480 0.606 0.000 0.000 0.252 
0 test1dax_consistent right_hidden
1.830 0.046 0.000 2.632 0.000 1.883 2.760 1.088 3.098 0.000 0.000 1.505 2.250 1.498 1.272 0.161 0.000 0.000 0.000 0.983 
---
1 test1dax_inconsistent left_hidden
0.730 0.083 0.000 0.013 1.593 0.000 0.000 0.000 1.269 0.000 0.768 0.000 0.089 0.393 1.522 1.480 0.606 0.000 0.000 0.252 
1 test1dax_inconsistent right_hidden
1.616 0.000 0.000 0.853 0.115 0.768 0.956 0.218 0.931 0.000 0.244 0.728 0.957 1.062 0.267 0.246 0.000 0.206 0.069 0.047 
---
0 test1dax_consistent left_hidden
0.144 0.693 1.390 0.414 0.221 0.000 0.376 0.196 1.691 0.436 0.902 0.000 0.545 0.882 0.430 0.000 0.792 0.074 0.758 0.441 
0 test1dax_consistent right_hidden
0.000 0.000 0.000 1.348 0.000 0.000 1.211 0.000 0.329 0.026 0.701 0.000 1.552 3.350 0.000 0.000 0.000 0.000 0.000 4.706 
---
1 test1dax_inconsistent left_hidden
0.144 0.693 1.390 0.414 0.221 0.000 0.376 0.196 1.691 0.436 0.902 0.000 0.545 0.882 0.430 0.000 0.792 0.074 0.758 0.441 
1 test1dax_inconsistent right_hidden
0.000 0.056 0.000 0.293 0.000 0.316 1.310 0.000 0.279 0.328 0.000 0.000 1.549 1.598 0.000 0.231 0.000 0.000 0.000 1.569 
---
0 test1dax_consistent left_hidden
0.913 0.000 0.000 1.722 0.000 0.000 0.000 0.044 0.007 0.701 2.111 0.000 0.000 0.000 0.612 1.490 0.437 0.197 1.283 0.000 
0 test1dax_consistent right_hidden
1.611 0.000 0.000 0.000 0.000 0.000 1.725 0.000 0.000 1.572 2.112 0.000 1.552 0.251 0.278 1.965 0.671 4.590 1.687 0.000 
---
1 test1dax_inconsistent left_hidden
0.913 0.000 0.000 1.722 0.000 0.000 0.000 0.044 0.007 0.701 2.111 0.000 0.000 0.000 0.612 1.490 0.437 0.197 1.283 0.000 
1 test1dax_inconsistent right_hidden
0.462 0.000 0.000 0.391 0.004 0.000 1.300 0.000 0.000 0.935 0.493 0.487 0.084 0.649 0.811 1.064 0.103 1.386 0.997 0.000 
---
0 test1dax_consistent left_hidden
0.327 1.803 0.000 1.202 0.000 0.032 0.572 0.000 0.000 0.191 0.478 0.785 0.105 1.643 0.542 0.134 1.134 0.524 0.000 0.343 
0 test1dax_consistent right_hidden
0.009 0.000 0.994 3.891 0.000 0.000 0.453 0.000 0.000 0.551 3.215 0.000 0.919 0.698 3.106 0.000 0.362 0.000 0.000 0.000 
---
1 test1dax_inconsistent left_hidden
0.327 1.803 0.000 1.202 0.000 0.032 0.572 0.000 0.000 0.191 0.478 0.785 0.105 1.643 0.542 0.134 1.134 0.524 0.000 0.343 
1 test1dax_inconsistent right_hidden
0.245 0.018 0.000 1.611 0.000 0.000 0.680 0.000 0.000 1.146 0.937 0.000 0.554 0.422 0.777 0.034 0.690 0.023 0.000 0.471 
---
0 test1dax_consistent left_hidden
0.747 1.315 0.991 1.546 0.957 0.805 0.327 0.683 0.067 1.028 0.175 0.492 0.384 0.431 0.000 0.562 1.261 0.046 0.000 0.465 
0 test1dax_consistent right_hidden
2.897 0.166 0.240 1.830 0.000 2.941 0.000 0.059 0.000 0.559 0.000 2.391 1.855 0.000 0.000 0.063 2.079 0.994 0.000 1.196 
---
1 test1dax_inconsistent left_hidden
0.747 1.315 0.991 1.546 0.957 0.805 0.327 0.683 0.067 1.028 0.175 0.492 0.384 0.431 0.000 0.562 1.261 0.046 0.000 0.465 
1 test1dax_inconsistent right_hidden
0.812 0.000 0.327 0.300 0.000 0.746 0.041 0.232 0.381 1.022 0.000 0.527 0.915 0.000 0.000 0.069 1.332 0.171 0.026 0.679 
---
0 test1dax_consistent left_hidden
0.000 0.343 0.733 1.120 0.000 0.027 0.000 0.000 0.000 1.230 0.000 0.000 1.784 0.291 0.360 0.306 0.368 1.609 0.000 0.000 
0 test1dax_consistent right_hidden
0.000 0.000 4.007 3.710 0.000 0.042 0.000 0.000 0.000 1.190 0.000 0.156 0.000 0.999 0.000 0.747 1.492 0.000 0.221 0.000 
---
1 test1dax_inconsistent left_hidden
0.000 0.343 0.733 1.120 0.000 0.027 0.000 0.000 0.000 1.230 0.000 0.000 1.784 0.291 0.360 0.306 0.368 1.609 0.000 0.000 
1 test1dax_inconsistent right_hidden
0.000 0.334 1.739 0.721 0.000 0.000 0.370 0.031 0.112 0.804 0.028 0.517 0.242 1.166 0.000 0.556 0.000 0.296 0.000 0.000 
---
0 test1dax_consistent left_hidden
0.000 0.712 0.000 1.267 1.073 0.000 0.353 0.437 0.313 0.043 0.249 1.106 1.736 1.029 1.310 0.000 0.000 0.015 1.114 0.000 
0 test1dax_consistent right_hidden
4.011 0.076 2.765 0.418 1.503 0.000 0.608 0.000 0.000 0.000 0.000 0.000 3.028 1.186 0.540 0.000 0.195 0.473 0.504 0.278 
---
1 test1dax_inconsistent left_hidden
0.000 0.712 0.000 1.267 1.073 0.000 0.353 0.437 0.313 0.043 0.249 1.106 1.736 1.029 1.310 0.000 0.000 0.015 1.114 0.000 
1 test1dax_inconsistent right_hidden
1.474 0.063 0.878 0.575 0.125 0.148 1.011 0.000 0.000 0.000 0.000 0.538 0.988 0.795 0.593 0.332 0.512 0.000 1.038 0.294 
---
0 test1dax_consistent left_hidden
0.000 1.018 0.343 1.000 1.147 0.447 0.570 0.725 0.000 0.575 1.585 1.601 0.763 0.000 0.888 0.001 0.000 0.555 0.266 0.867 
0 test1dax_consistent right_hidden
0.687 1.418 0.000 0.570 0.000 0.631 5.251 1.191 0.459 0.000 1.828 1.656 0.000 0.000 0.824 0.000 0.130 0.000 1.788 0.016 
---
1 test1dax_inconsistent left_hidden
0.000 1.018 0.343 1.000 1.147 0.447 0.570 0.725 0.000 0.575 1.585 1.601 0.763 0.000 0.888 0.001 0.000 0.555 0.266 0.867 
1 test1dax_inconsistent right_hidden
0.619 0.331 0.000 0.477 0.400 0.584 1.491 1.474 0.594 0.000 1.069 1.297 0.000 0.015 0.000 0.000 0.570 0.000 0.659 0.772 
---
0 test1dax_consistent left_hidden
0.000 0.000 0.468 1.577 0.000 0.000 0.845 0.000 0.000 0.034 1.176 0.541 0.000 0.000 0.000 2.161 1.510 0.000 0.549 0.000 
0 test1dax_consistent right_hidden
0.204 0.000 1.111 0.735 1.625 0.000 0.000 0.000 0.037 0.000 0.855 2.258 1.110 2.125 1.455 0.901 0.884 0.000 5.300 0.000 
---
1 test1dax_inconsistent left_hidden
0.000 0.000 0.468 1.577 0.000 0.000 0.845 0.000 0.000 0.034 1.176 0.541 0.000 0.000 0.000 2.161 1.510 0.000 0.549 0.000 
1 test1dax_inconsistent right_hidden
0.526 0.365 1.392 0.666 0.366 0.000 0.076 0.000 0.558 0.000 0.222 1.022 0.603 0.274 0.823 0.026 0.142 0.000 1.648 0.042 
---
0 test1dax_consistent left_hidden
0.529 0.000 0.000 0.512 0.000 0.223 0.255 0.200 0.622 0.078 2.368 0.277 0.000 0.567 1.092 0.096 0.000 0.000 0.283 0.955 
0 test1dax_consistent right_hidden
0.000 0.000 0.000 1.194 0.898 0.000 0.000 0.513 1.576 0.179 0.039 1.811 0.000 4.723 0.000 3.466 0.000 0.263 0.878 0.000 
---
1 test1dax_inconsistent left_hidden
0.529 0.000 0.000 0.512 0.000 0.223 0.255 0.200 0.622 0.078 2.368 0.277 0.000 0.567 1.092 0.096 0.000 0.000 0.283 0.955 
1 test1dax_inconsistent right_hidden
0.130 0.000 0.000 0.020 0.573 0.385 0.104 0.507 0.140 1.003 0.711 0.734 0.000 1.552 0.000 1.607 0.442 0.000 0.920 0.033 
---
0 test1dax_consistent left_hidden
0.114 0.000 1.816 1.301 0.050 0.000 0.126 0.747 0.437 0.039 0.273 0.000 0.964 0.000 1.372 0.878 0.062 0.240 0.000 0.010 
0 test1dax_consistent right_hidden
1.649 0.000 1.620 0.118 0.005 2.045 0.000 1.589 0.000 0.206 0.000 2.786 4.524 0.000 0.482 0.477 0.067 0.452 0.000 1.244 
---
1 test1dax_inconsistent left_hidden
0.114 0.000 1.816 1.301 0.050 0.000 0.126 0.747 0.437 0.039 0.273 0.000 0.964 0.000 1.372 0.878 0.062 0.240 0.000 0.010 
1 test1dax_inconsistent right_hidden
1.115 0.000 0.000 0.549 0.000 0.707 0.000 0.845 0.000 0.225 0.000 1.809 1.385 0.000 0.757 0.884 0.196 0.899 0.000 0.574 
---
0 test1dax_consistent left_hidden
0.776 0.000 0.000 0.652 0.465 0.896 0.550 0.000 0.000 0.456 1.309 0.000 0.000 0.975 0.000 0.534 0.567 1.375 0.466 1.613 
0 test1dax_consistent right_hidden
0.000 0.000 0.000 0.057 1.295 0.530 1.369 0.058 1.012 0.000 0.495 0.000 0.000 5.129 0.000 0.507 0.000 0.606 0.411 2.142 
---
1 test1dax_inconsistent left_hidden
0.776 0.000 0.000 0.652 0.465 0.896 0.550 0.000 0.000 0.456 1.309 0.000 0.000 0.975 0.000 0.534 0.567 1.375 0.466 1.613 
1 test1dax_inconsistent right_hidden
0.000 0.000 0.000 0.365 0.531 0.762 0.203 0.000 0.147 0.000 0.958 0.000 0.000 2.027 0.054 0.183 0.014 0.824 0.668 0.602 
---
0 test1dax_consistent left_hidden
0.000 0.576 0.000 0.355 1.057 0.551 0.000 2.000 0.000 0.000 0.000 0.383 1.180 0.409 0.000 0.000 0.000 0.689 1.354 0.000 
0 test1dax_consistent right_hidden
0.000 3.735 2.662 0.000 2.228 0.000 0.000 3.696 0.000 0.000 0.005 0.000 0.329 0.000 0.000 1.259 1.652 0.000 0.331 0.000 
---
1 test1dax_inconsistent left_hidden
0.000 0.576 0.000 0.355 1.057 0.551 0.000 2.000 0.000 0.000 0.000 0.383 1.180 0.409 0.000 0.000 0.000 0.689 1.354 0.000 
1 test1dax_inconsistent right_hidden
0.000 1.916 0.869 0.017 1.255 0.000 0.000 1.077 0.000 0.000 0.228 0.000 0.564 0.000 0.000 0.000 0.601 0.000 0.804 0.000 
---
0 test1dax_consistent left_hidden
1.067 0.227 0.503 0.000 0.219 0.500 0.964 0.623 0.515 0.012 0.186 1.067 1.636 1.023 0.583 0.083 0.552 0.245 0.000 0.783 
0 test1dax_consistent right_hidden
0.583 0.178 2.105 0.411 0.000 0.053 0.154 0.820 0.104 4.015 1.282 1.046 0.635 2.496 1.259 0.000 1.265 1.899 0.000 0.000 
---
1 test1dax_inconsistent left_hidden
1.067 0.227 0.503 0.000 0.219 0.500 0.964 0.623 0.515 0.012 0.186 1.067 1.636 1.023 0.583 0.083 0.552 0.245 0.000 0.783 
1 test1dax_inconsistent right_hidden
0.437 0.285 0.876 0.571 0.040 0.099 0.513 0.723 0.810 1.173 0.577 0.217 0.141 0.747 0.664 0.051 0.000 1.048 0.000 0.000 
---
0 test1dax_consistent left_hidden
0.750 0.117 0.183 1.451 0.151 0.000 0.995 0.023 0.325 0.361 0.616 0.000 0.051 1.820 0.864 1.219 0.000 0.000 0.000 1.021 
0 test1dax_consistent right_hidden
0.000 0.000 0.466 1.243 0.000 0.000 0.243 0.006 1.239 2.491 0.000 0.000 1.865 4.979 1.956 0.000 0.731 0.402 0.000 0.163 
---
1 test1dax_inconsistent left_hidden
0.750 0.117 0.183 1.451 0.151 0.000 0.995 0.023 0.325 0.361 0.616 0.000 0.051 1.820 0.864 1.219 0.000 0.000 0.000 1.021 
1 test1dax_inconsistent right_hidden
0.500 0.000 0.324 0.332 0.197 0.000 0.660 0.000 0.513 0.990 0.055 0.253 1.120 1.708 0.464 0.000 0.000 0.514 0.000 1.102 
---
0 test1dax_consistent left_hidden
0.000 1.342 1.122 0.200 0.153 0.000 0.000 0.169 0.396 0.946 0.000 0.000 1.024 1.555 1.042 0.329 0.000 0.970 0.000 0.000 
0 test1dax_consistent right_hidden
2.670 1.915 2.143 1.255 0.000 0.000 1.524 0.066 1.101 0.000 0.000 0.000 1.034 0.053 0.000 0.866 0.000 0.000 2.476 2.956 
---
1 test1dax_inconsistent left_hidden
0.000 1.342 1.122 0.200 0.153 0.000 0.000 0.169 0.396 0.946 0.000 0.000 1.024 1.555 1.042 0.329 0.000 0.970 0.000 0.000 
1 test1dax_inconsistent right_hidden
0.584 0.621 0.438 0.386 0.000 0.320 1.137 0.399 0.447 0.000 0.000 0.000 0.852 0.000 0.000 0.483 0.000 0.678 0.722 1.567 
---
0 test1dax_consistent left_hidden
1.201 0.108 2.007 0.263 0.000 0.036 0.309 0.970 0.785 0.964 0.658 0.407 0.000 0.699 0.047 0.018 0.010 0.000 0.674 1.896 
0 test1dax_consistent right_hidden
1.173 0.000 0.505 0.031 0.000 0.583 0.000 3.440 1.625 3.508 1.516 3.027 0.000 0.000 0.489 0.098 0.000 0.000 0.054 2.195 
---
1 test1dax_inconsistent left_hidden
1.201 0.108 2.007 0.263 0.000 0.036 0.309 0.970 0.785 0.964 0.658 0.407 0.000 0.699 0.047 0.018 0.010 0.000 0.674 1.896 
1 test1dax_inconsistent right_hidden
0.082 0.000 0.923 0.224 0.000 0.894 0.507 1.259 0.498 1.352 0.000 1.185 0.000 0.888 0.000 0.284 0.000 0.000 0.548 0.475 
---
0 test1dax_consistent left_hidden
0.201 0.000 0.206 1.126 0.000 1.970 0.000 0.018 1.189 0.316 0.000 0.610 0.000 0.148 0.752 0.000 0.249 1.753 0.000 0.645 
0 test1dax_consistent right_hidden
0.000 0.000 0.000 0.087 1.839 2.292 0.280 0.000 3.571 1.850 0.013 0.784 0.029 0.391 2.096 0.000 0.000 2.960 1.658 0.000 
---
1 test1dax_inconsistent left_hidden
0.201 0.000 0.206 1.126 0.000 1.970 0.000 0.018 1.189 0.316 0.000 0.610 0.000 0.148 0.752 0.000 0.249 1.753 0.000 0.645 
1 test1dax_inconsistent right_hidden
0.000 0.000 0.000 0.558 0.662 0.748 0.000 0.000 1.321 0.990 0.000 1.156 0.000 0.071 0.487 0.000 0.141 1.587 1.168 0.013 
---
0 test1dax_consistent left_hidden
1.159 0.000 0.759 0.000 0.094 0.000 0.647 0.000 0.000 0.000 0.000 0.000 0.196 0.000 0.000 0.319 0.336 1.563 1.789 1.797 
0 test1dax_consistent right_hidden
1.257 0.000 3.001 0.000 0.640 0.067 0.789 0.000 0.136 0.000 0.000 0.000 0.000 1.507 5.055 0.152 0.152 0.685 0.827 0.000 
---
1 test1dax_inconsistent left_hidden
1.159 0.000 0.759 0.000 0.094 0.000 0.647 0.000 0.000 0.000 0.000 0.000 0.196 0.000 0.000 0.319 0.336 1.563 1.789 1.797 
1 test1dax_inconsistent right_hidden
0.752 0.106 0.364 0.064 0.022 0.045 0.905 0.000 0.000 0.000 0.000 0.027 0.000 0.199 2.029 0.270 0.397 0.000 1.483 0.351 
---
0 test1dax_consistent left_hidden
0.400 0.604 0.000 0.000 0.543 0.665 1.240 1.051 1.438 0.742 0.707 1.689 0.142 1.093 0.000 0.193 0.000 0.610 0.424 0.000 
0 test1dax_consistent right_hidden
1.799 1.078 0.000 0.000 0.047 1.904 2.303 1.998 2.271 1.521 2.874 0.422 0.264 0.136 0.000 0.000 0.081 1.186 0.210 2.895 
---
1 test1dax_inconsistent left_hidden
0.400 0.604 0.000 0.000 0.543 0.665 1.240 1.051 1.438 0.742 0.707 1.689 0.142 1.093 0.000 0.193 0.000 0.610 0.424 0.000 
1 test1dax_inconsistent right_hidden
0.976 0.160 0.000 0.000 0.162 0.769 0.860 0.746 1.582 0.606 0.558 0.411 0.581 0.924 0.000 0.000 0.000 0.221 0.338 1.311 
---
0 test1dax_consistent left_hidden
0.000 1.139 1.781 0.000 0.000 0.997 0.000 1.255 0.000 0.329 0.000 0.011 0.479 1.143 0.000 0.310 0.000 1.804 0.209 0.337 
0 test1dax_consistent right_hidden
2.230 0.066 0.080 0.345 3.671 0.112 0.000 2.074 0.000 0.246 0.944 0.000 2.897 1.857 2.048 0.217 0.000 1.531 0.000 1.191 
---
1 test1dax_inconsistent left_hidden
0.000 1.139 1.781 0.000 0.000 0.997 0.000 1.255 0.000 0.329 0.000 0.011 0.479 1.143 0.000 0.310 0.000 1.804 0.209 0.337 
1 test1dax_inconsistent right_hidden
0.660 0.143 0.603 0.086 1.228 0.094 0.000 1.458 0.000 0.406 0.648 0.000 0.889 0.934 0.755 0.204 0.000 1.026 0.000 0.369 
---
0 test1dax_consistent left_hidden
0.000 1.745 1.468 0.000 0.318 0.000 1.327 1.119 0.000 0.000 0.000 0.000 0.000 0.857 0.000 1.006 1.163 0.715 0.000 0.066 
0 test1dax_consistent right_hidden
0.000 3.136 0.130 0.000 0.000 0.087 2.449 3.705 1.775 0.000 0.579 0.000 0.000 1.012 0.000 0.102 1.283 0.773 0.000 2.832 
---
1 test1dax_inconsistent left_hidden
0.000 1.745 1.468 0.000 0.318 0.000 1.327 1.119 0.000 0.000 0.000 0.000 0.000 0.857 0.000 1.006 1.163 0.715 0.000 0.066 
1 test1dax_inconsistent right_hidden
0.000 1.914 0.484 0.076 0.000 0.000 0.991 0.967 0.467 0.000 0.000 0.000 0.000 0.289 0.012 0.311 1.468 0.466 0.000 0.626 
---
0 test1dax_consistent left_hidden
0.063 1.468 0.000 0.000 1.252 1.075 0.029 0.000 0.088 0.000 0.120 0.000 1.202 0.102 0.270 1.308 0.956 0.944 1.034 0.000 
0 test1dax_consistent right_hidden
0.145 2.445 0.615 1.839 1.816 0.121 0.000 3.404 0.000 0.000 1.795 0.000 0.000 2.771 0.000 1.111 0.161 0.098 1.993 0.000 
---
1 test1dax_inconsistent left_hidden
0.063 1.468 0.000 0.000 1.252 1.075 0.029 0.000 0.088 0.000 0.120 0.000 1.202 0.102 0.270 1.308 0.956 0.944 1.034 0.000 
1 test1dax_inconsistent right_hidden
0.411 1.329 0.239 0.404 0.417 0.466 0.000 1.271 0.000 0.000 1.004 0.000 0.334 0.964 0.091 1.642 0.002 0.115 0.298 0.000 
---
0 test1dax_consistent left_hidden
2.044 0.287 1.125 0.630 1.084 0.000 0.616 0.023 0.000 0.808 0.000 0.000 0.000 1.141 0.959 0.666 0.299 0.385 1.025 0.203 
0 test1dax_consistent right_hidden
0.679 0.311 0.076 1.965 2.953 0.000 2.599 1.054 0.000 0.956 2.879 0.000 0.000 2.023 1.719 0.392 0.000 0.000 1.100 0.000 
---
1 test1dax_inconsistent left_hidden
2.044 0.287 1.125 0.630 1.084 0.000 0.616 0.023 0.000 0.808 0.000 0.000 0.000 1.141 0.959 0.666 0.299 0.385 1.025 0.203 
1 test1dax_inconsistent right_hidden
1.056 0.083 0.275 1.016 0.904 0.000 0.611 0.016 0.192 0.363 1.284 0.001 0.000 0.481 1.540 0.113 0.000 0.512 0.398 0.247 
---
0 test1dax_consistent left_hidden
0.967 0.833 0.000 1.330 0.000 0.000 1.191 0.000 0.000 1.430 0.062 0.554 1.269 0.926 0.000 0.798 0.000 0.307 0.000 0.775 
0 test1dax_consistent right_hidden
0.000 0.000 0.000 0.052 2.116 0.000 0.040 0.000 0.000 0.157 0.408 0.000 2.185 0.000 4.095 0.610 0.000 0.069 0.000 4.009 
---
1 test1dax_inconsistent left_hidden
0.967 0.833 0.000 1.330 0.000 0.000 1.191 0.000 0.000 1.430 0.062 0.554 1.269 0.926 0.000 0.798 0.000 0.307 0.000 0.775 
1 test1dax_inconsistent right_hidden
0.000 0.000 0.000 0.997 1.618 0.000 0.466 0.038 0.000 0.488 0.907 0.020 1.130 0.104 1.654 0.416 0.000 0.402 0.000 0.957 
---
0 test1dax_consistent left_hidden
0.947 0.188 0.091 0.331 0.000 0.000 1.462 0.341 0.129 1.760 0.089 0.090 0.361 1.223 0.915 0.000 1.086 1.199 0.000 0.000 
0 test1dax_consistent right_hidden
0.270 0.000 0.673 5.772 0.000 0.000 0.873 0.000 0.000 0.212 0.986 0.000 0.740 0.000 0.771 0.000 0.000 0.046 0.000 0.000 
---
1 test1dax_inconsistent left_hidden
0.947 0.188 0.091 0.331 0.000 0.000 1.462 0.341 0.129 1.760 0.089 0.090 0.361 1.223 0.915 0.000 1.086 1.199 0.000 0.000 
1 test1dax_inconsistent right_hidden
0.813 0.000 0.692 1.909 0.000 0.000 0.865 0.120 0.000 0.491 0.000 0.000 1.133 0.048 0.271 0.248 0.000 0.000 0.000 0.000 
---
0 test1dax_consistent left_hidden
0.607 1.014 0.528 1.150 1.938 1.312 0.000 0.465 0.000 0.178 0.000 0.693 0.000 0.022 0.633 0.551 0.000 0.463 0.387 0.174 
0 test1dax_consistent right_hidden
1.566 0.652 0.000 2.370 0.050 1.690 0.000 3.765 0.000 0.000 0.000 0.561 0.000 0.000 3.379 0.540 0.000 0.429 0.625 1.700 
---
1 test1dax_inconsistent left_hidden
0.607 1.014 0.528 1.150 1.938 1.312 0.000 0.465 0.000 0.178 0.000 0.693 0.000 0.022 0.633 0.551 0.000 0.463 0.387 0.174 
1 test1dax_inconsistent right_hidden
0.188 0.614 0.000 0.577 0.993 0.158 0.000 1.465 0.000 0.000 0.000 0.400 0.000 0.000 1.433 0.193 0.000 0.000 0.538 0.487 
---
0 test1dax_consistent left_hidden
0.000 1.855 0.199 0.112 0.595 0.002 1.896 0.012 0.000 0.282 0.125 0.007 1.037 0.219 0.463 0.000 0.054 0.664 0.148 0.000 
0 test1dax_consistent right_hidden
0.000 0.008 0.000 0.000 0.704 2.831 1.164 0.000 2.176 0.000 0.059 2.478 1.467 0.460 3.878 0.000 1.119 0.157 0.166 0.000 
---
1 test1dax_inconsistent left_hidden
0.000 1.855 0.199 0.112 0.595 0.002 1.896 0.012 0.000 0.282 0.125 0.007 1.037 0.219 0.463 0.000 0.054 0.664 0.148 0.000 
1 test1dax_inconsistent right_hidden
0.070 0.000 0.264 0.000 0.967 1.472 1.512 0.032 0.312 0.051 0.000 0.560 0.920 0.367 0.526 0.000 0.728 0.419 0.151 0.000 
---
0 test1dax_consistent left_hidden
0.779 0.000 0.278 0.896 0.000 0.000 0.602 0.000 0.000 0.974 0.000 1.114 0.929 1.474 0.247 0.196 1.878 0.000 0.000 0.538 
0 test1dax_consistent right_hidden
0.068 0.000 0.668 1.946 0.000 1.894 0.357 0.000 3.734 0.000 0.000 2.868 0.000 0.774 2.210 2.365 1.009 0.000 0.818 0.025 
---
1 test1dax_inconsistent left_hidden
0.779 0.000 0.278 0.896 0.000 0.000 0.602 0.000 0.000 0.974 0.000 1.114 0.929 1.474 0.247 0.196 1.878 0.000 0.000 0.538 
1 test1dax_inconsistent right_hidden
0.606 0.000 0.714 0.629 0.229 0.356 0.410 0.000 1.100 0.000 0.000 1.123 0.399 0.600 1.504 0.382 0.583 0.000 0.054 0.599 
---
0 test1dax_consistent left_hidden
0.000 0.525 0.434 0.239 0.000 0.549 0.205 0.455 0.000 0.432 0.968 0.760 0.844 0.000 0.850 0.450 1.382 1.428 0.000 1.094 
0 test1dax_consistent right_hidden
0.379 0.000 2.095 0.000 0.000 0.000 0.000 0.123 0.000 1.214 0.000 4.088 0.000 0.000 2.428 0.000 0.010 3.134 0.000 0.052 
---
1 test1dax_inconsistent left_hidden
0.000 0.525 0.434 0.239 0.000 0.549 0.205 0.455 0.000 0.432 0.968 0.760 0.844 0.000 0.850 0.450 1.382 1.428 0.000 1.094 
1 test1dax_inconsistent right_hidden
0.917 0.939 1.564 0.000 0.000 0.000 0.000 0.295 0.000 1.326 0.000 1.177 0.000 0.000 0.836 0.316 0.068 1.210 0.000 0.349 
---
0 test1dax_consistent left_hidden
0.554 1.087 0.910 0.000 1.216 0.450 0.838 0.000 0.000 0.323 1.500 0.000 0.000 0.510 1.857 0.000 0.000 0.154 0.647 0.894 
0 test1dax_consistent right_hidden
0.000 2.496 2.759 2.355 2.959 0.061 0.110 0.000 0.141 0.012 2.010 1.526 0.000 0.083 1.384 0.000 0.000 2.582 0.878 0.196 
---
1 test1dax_inconsistent left_hidden
0.554 1.087 0.910 0.000 1.216 0.450 0.838 0.000 0.000 0.323 1.500 0.000 0.000 0.510 1.857 0.000 0.000 0.154 0.647 0.894 
1 test1dax_inconsistent right_hidden
0.473 1.363 0.410 0.785 0.874 0.000 0.560 0.259 0.409 0.738 0.387 0.104 0.000 0.146 0.876 0.000 0.000 1.631 0.836 0.481 
---
0 test1dax_consistent left_hidden
0.000 0.139 0.189 0.289 1.084 0.084 2.577 0.421 0.275 0.626 1.243 0.000 0.000 0.986 0.000 0.190 0.825 0.137 0.290 0.000 
0 test1dax_consistent right_hidden
0.333 0.339 0.338 0.442 0.961 3.278 0.794 0.018 0.003 0.667 2.078 2.382 0.000 2.567 0.000 2.623 1.252 0.551 0.240 0.000 
---
1 test1dax_inconsistent left_hidden
0.000 0.139 0.189 0.289 1.084 0.084 2.577 0.421 0.275 0.626 1.243 0.000 0.000 0.986 0.000 0.190 0.825 0.137 0.290 0.000 
1 test1dax_inconsistent right_hidden
0.000 0.037 0.714 0.646 1.127 1.067 0.377 0.159 0.323 0.368 0.435 0.807 0.137 0.924 0.143 0.578 0.681 0.454 0.000 0.000 
---
0 test1dax_consistent left_hidden
0.128 0.000 0.000 0.938 0.000 0.000 0.000 0.000 0.818 1.261 0.011 1.577 1.820 0.000 0.000 1.552 0.000 0.678 0.000 0.000 
0 test1dax_consistent right_hidden
0.018 1.873 0.000 5.071 0.000 0.950 0.000 0.000 3.543 0.948 0.006 1.602 1.475 0.000 0.000 0.910 0.000 0.022 0.000 0.000 
---
1 test1dax_inconsistent left_hidden
0.128 0.000 0.000 0.938 0.000 0.000 0.000 0.000 0.818 1.261 0.011 1.577 1.820 0.000 0.000 1.552 0.000 0.678 0.000 0.000 
1 test1dax_inconsistent right_hidden
0.000 0.690 0.000 1.262 0.000 1.190 0.000 0.000 1.964 0.406 0.352 0.156 0.494 0.000 0.000 0.604 0.000 0.517 0.000 0.000 
---
0 test1dax_consistent left_hidden
1.233 0.243 0.684 1.777 0.279 0.486 0.876 0.550 1.243 0.159 1.686 0.000 0.265 0.056 0.000 0.279 0.000 0.000 0.000 0.000 
0 test1dax_consistent right_hidden
0.557 4.063 0.731 2.835 0.000 0.000 0.107 0.000 0.222 3.492 0.000 0.000 0.760 0.000 0.350 0.000 3.061 1.022 0.074 0.000 
---
1 test1dax_inconsistent left_hidden
1.233 0.243 0.684 1.777 0.279 0.486 0.876 0.550 1.243 0.159 1.686 0.000 0.265 0.056 0.000 0.279 0.000 0.000 0.000 0.000 
1 test1dax_inconsistent right_hidden
0.740 1.761 0.629 0.898 0.000 0.000 0.444 0.000 0.694 1.504 0.000 0.077 0.069 0.000 1.010 0.058 0.508 0.499 0.003 0.000 
---
0 test1dax_consistent left_hidden
1.403 1.031 0.207 1.308 0.341 0.227 0.000 0.471 0.895 0.420 1.455 0.155 0.000 0.000 0.443 0.000 0.788 1.399 0.116 0.000 
0 test1dax_consistent right_hidden
2.934 0.066 1.127 0.000 0.022 0.000 0.000 2.509 3.198 0.932 0.116 0.057 0.000 0.000 0.397 0.000 0.464 0.086 0.595 3.131 
---
1 test1dax_inconsistent left_hidden
1.403 1.031 0.207 1.308 0.341 0.227 0.000 0.471 0.895 0.420 1.455 0.155 0.000 0.000 0.443 0.000 0.788 1.399 0.116 0.000 
1 test1dax_inconsistent right_hidden
0.375 0.672 0.667 0.476 0.038 0.168 0.049 0.415 1.296 1.049 0.588 0.323 0.000 0.000 0.950 0.000 0.318 0.000 0.831 0.962 
---
0 test1dax_consistent left_hidden
0.000 1.765 0.955 0.800 0.331 0.447 1.685 0.338 0.814 0.790 0.000 0.344 0.427 0.534 0.000 0.033 0.000 1.550 0.000 0.000 
0 test1dax_consistent right_hidden
0.000 1.850 0.737 1.509 0.000 0.100 3.532 0.440 0.513 0.178 0.000 0.000 0.000 0.000 0.000 0.797 2.122 4.298 0.000 0.000 
---
1 test1dax_inconsistent left_hidden
0.000 1.765 0.955 0.800 0.331 0.447 1.685 0.338 0.814 0.790 0.000 0.344 0.427 0.534 0.000 0.033 0.000 1.550 0.000 0.000 
1 test1dax_inconsistent right_hidden
0.000 0.026 0.055 0.090 0.703 0.162 1.747 0.201 1.090 0.363 0.541 0.086 0.000 0.159 0.000 0.826 1.061 1.184 0.340 0.000 
---
0 test1dax_consistent left_hidden
1.118 0.000 0.159 0.766 1.713 1.145 1.326 0.229 0.067 0.085 0.377 0.000 0.000 1.610 0.000 0.253 0.000 0.586 0.883 0.000 
0 test1dax_consistent right_hidden
0.000 1.452 0.562 1.132 0.111 0.000 0.000 0.000 0.571 0.000 3.436 0.155 0.008 0.000 3.617 0.058 0.000 0.163 3.664 0.000 
---
1 test1dax_inconsistent left_hidden
1.118 0.000 0.159 0.766 1.713 1.145 1.326 0.229 0.067 0.085 0.377 0.000 0.000 1.610 0.000 0.253 0.000 0.586 0.883 0.000 
1 test1dax_inconsistent right_hidden
0.000 0.218 0.576 0.823 0.384 0.000 0.000 0.000 0.654 0.518 0.946 0.000 0.000 0.197 0.899 0.180 0.000 0.901 1.767 0.000 
---
0 test1dax_consistent left_hidden
0.746 0.000 1.201 0.855 0.029 0.212 1.023 2.345 0.092 0.000 0.735 0.899 0.824 0.000 0.000 0.676 0.188 0.000 0.903 0.367 
0 test1dax_consistent right_hidden
0.266 0.062 1.374 3.547 0.000 4.028 0.000 0.065 0.000 0.145 0.355 1.810 0.119 0.000 0.000 0.000 0.000 0.000 0.660 0.581 
---
1 test1dax_inconsistent left_hidden
0.746 0.000 1.201 0.855 0.029 0.212 1.023 2.345 0.092 0.000 0.735 0.899 0.824 0.000 0.000 0.676 0.188 0.000 0.903 0.367 
1 test1dax_inconsistent right_hidden
0.552 0.000 0.000 0.546 0.455 1.841 0.263 0.123 0.284 0.533 0.482 0.680 0.000 0.000 0.141 0.079 0.099 0.000 0.246 0.773 
---
0 test1dax_consistent left_hidden
0.767 0.000 0.547 1.173 0.437 0.519 0.000 0.000 0.018 2.328 0.000 0.000 0.000 0.000 0.000 0.000 0.000 0.770 0.299 0.910 
0 test1dax_consistent right_hidden
0.000 0.000 2.344 1.712 1.191 1.430 1.567 0.000 0.000 0.984 0.529 0.000 0.000 0.000 0.291 1.783 3.000 3.596 0.005 0.061 
---
1 test1dax_inconsistent left_hidden
0.767 0.000 0.547 1.173 0.437 0.519 0.000 0.000 0.018 2.328 0.000 0.000 0.000 0.000 0.000 0.000 0.000 0.770 0.299 0.910 
1 test1dax_inconsistent right_hidden
0.058 0.000 0.742 0.269 0.461 0.174 0.300 0.018 0.000 0.725 0.444 0.000 0.000 0.000 0.000 1.089 1.680 1.368 0.082 0.093 
---
0 test1dax_consistent left_hidden
1.824 1.831 0.000 0.828 0.458 0.744 0.000 0.410 0.000 0.000 0.085 0.000 0.087 0.000 0.075 0.073 0.157 0.760 1.718 0.199 
0 test1dax_consistent right_hidden
5.494 0.000 2.519 0.000 1.620 0.096 0.000 0.000 0.000 0.000 0.000 0.010 0.000 0.000 0.424 0.062 0.000 1.843 1.481 0.000 
---
1 test1dax_inconsistent left_hidden
1.824 1.831 0.000 0.828 0.458 0.744 0.000 0.410 0.000 0.000 0.085 0.000 0.087 0.000 0.075 0.073 0.157 0.760 1.718 0.199 
1 test1dax_inconsistent right_hidden
1.663 0.513 1.034 0.037 1.563 0.239 0.557 0.000 0.137 0.000 0.506 0.000 0.000 0.000 0.058 0.158 0.000 1.274 0.000 0.000 
---
0 test1dax_consistent left_hidden
0.617 0.000 1.409 0.000 0.077 0.000 1.200 1.181 0.000 0.172 0.557 0.053 0.323 0.000 2.054 1.488 0.000 0.331 0.000 0.000 
0 test1dax_consistent right_hidden
2.320 0.000 2.094 0.235 0.000 2.377 0.017 3.298 0.221 2.026 0.000 0.000 1.350 0.000 0.000 0.850 0.000 1.540 0.000 2.149 
---
1 test1dax_inconsistent left_hidden
0.617 0.000 1.409 0.000 0.077 0.000 1.200 1.181 0.000 0.172 0.557 0.053 0.323 0.000 2.054 1.488 0.000 0.331 0.000 0.000 
1 test1dax_inconsistent right_hidden
1.168 0.000 1.199 0.481 0.000 0.633 0.636 0.756 0.179 1.088 0.000 0.087 0.847 0.154 0.382 0.353 0.000 0.408 0.358 0.986 
---
0 test1dax_consistent left_hidden
2.225 0.000 0.239 0.000 0.000 0.000 0.214 0.000 0.000 0.362 0.000 0.000 0.413 0.411 1.622 0.643 0.000 0.098 1.780 0.000 
0 test1dax_consistent right_hidden
0.000 0.000 0.000 0.000 0.697 0.051 0.843 0.000 0.000 0.355 0.000 2.754 2.489 3.227 0.000 3.282 2.075 0.000 0.000 0.000 
---
1 test1dax_inconsistent left_hidden
2.225 0.000 0.239 0.000 0.000 0.000 0.214 0.000 0.000 0.362 0.000 0.000 0.413 0.411 1.622 0.643 0.000 0.098 1.780 0.000 
1 test1dax_inconsistent right_hidden
0.192 0.000 0.000 0.000 0.249 0.000 0.863 0.109 0.000 0.441 0.000 0.694 1.281 0.733 0.189 1.911 0.684 0.000 0.000 0.000 
---
0 test1dax_consistent left_hidden
0.000 0.898 0.000 0.000 0.119 1.216 0.285 0.500 0.554 0.987 0.571 1.110 1.303 0.387 0.000 1.486 0.090 0.000 0.673 0.512 
0 test1dax_consistent right_hidden
0.000 0.000 1.743 0.000 0.076 0.115 2.574 2.488 0.365 2.589 0.382 0.517 0.301 0.958 1.236 0.604 1.363 1.650 2.502 1.145 
---
1 test1dax_inconsistent left_hidden
0.000 0.898 0.000 0.000 0.119 1.216 0.285 0.500 0.554 0.987 0.571 1.110 1.303 0.387 0.000 1.486 0.090 0.000 0.673 0.512 
1 test1dax_inconsistent right_hidden
0.000 0.072 0.083 0.000 0.132 0.468 0.800 0.873 0.105 0.661 0.001 0.101 0.060 1.257 0.282 0.778 0.543 0.535 0.499 1.098 
---
0 test1dax_consistent left_hidden
0.000 0.415 0.000 0.000 0.091 0.000 1.427 1.061 0.188 0.000 1.189 0.533 1.287 0.896 0.000 0.641 0.479 0.191 0.698 1.522 
0 test1dax_consistent right_hidden
0.000 0.000 0.155 0.000 0.000 1.826 1.941 2.702 1.001 0.000 0.015 0.361 0.000 3.101 0.000 1.198 0.716 1.539 3.223 1.055 
---
1 test1dax_inconsistent left_hidden
0.000 0.415 0.000 0.000 0.091 0.000 1.427 1.061 0.188 0.000 1.189 0.533 1.287 0.896 0.000 0.641 0.479 0.191 0.698 1.522 
1 test1dax_inconsistent right_hidden
0.000 0.000 0.388 0.183 0.000 0.600 1.171 1.355 0.320 0.000 0.241 0.009 0.239 0.759 0.000 0.649 1.199 1.015 0.639 0.003 
---
0 test1dax_consistent left_hidden
0.000 0.000 0.203 1.138 1.702 0.987 1.429 0.037 0.117 0.000 1.109 0.844 0.516 0.000 0.044 0.812 1.575 0.000 0.159 0.000 
0 test1dax_consistent right_hidden
0.000 0.000 0.000 1.086 0.939 0.457 0.000 0.000 2.601 0.000 2.438 1.005 1.415 2.825 2.199 0.000 2.004 0.000 0.000 2.739 
---
1 test1dax_inconsistent left_hidden
0.000 0.000 0.203 1.138 1.702 0.987 1.429 0.037 0.117 0.000 1.109 0.844 0.516 0.000 0.044 0.812 1.575 0.000 0.159 0.000 
1 test1dax_inconsistent right_hidden
0.188 0.000 0.034 1.095 0.782 0.568 0.015 0.000 0.792 0.000 0.615 0.615 0.505 0.843 0.580 0.638 0.378 0.000 0.031 1.098 
---
0 test1dax_consistent left_hidden
0.000 1.360 0.000 0.916 2.172 0.076 0.000 0.803 0.000 0.626 0.293 0.000 0.000 0.237 0.058 1.227 0.408 0.063 0.549 0.471 
0 test1dax_consistent right_hidden
0.000 3.094 0.000 0.249 3.139 0.010 0.000 0.022 0.082 1.651 2.113 0.000 0.000 0.000 2.057 0.122 0.684 2.345 0.000 3.347 
---
1 test1dax_inconsistent left_hidden
0.000 1.360 0.000 0.916 2.172 0.076 0.000 0.803 0.000 0.626 0.293 0.000 0.000 0.237 0.058 1.227 0.408 0.063 0.549 0.471 
1 test1dax_inconsistent right_hidden
0.000 0.495 0.000 0.195 1.128 0.228 0.000 0.799 0.324 0.903 1.059 0.000 0.010 0.000 0.608 0.502 0.034 0.852 0.000 2.012 
---
0 test1dax_consistent left_hidden
1.030 0.864 0.000 0.768 0.663 0.000 0.535 0.000 0.224 2.045 0.305 0.000 0.000 0.000 0.958 0.000 0.134 0.000 1.580 0.433 
0 test1dax_consistent right_hidden
1.520 0.577 0.731 1.951 1.360 0.000 0.428 0.000 0.000 1.865 0.000 0.000 0.000 0.000 3.078 0.656 0.255 0.000 0.000 3.929 
---
1 test1dax_inconsistent left_hidden
1.030 0.864 0.000 0.768 0.663 0.000 0.535 0.000 0.224 2.045 0.305 0.000 0.000 0.000 0.958 0.000 0.134 0.000 1.580 0.433 
1 test1dax_inconsistent right_hidden
0.692 0.634 0.759 0.130 0.027 0.000 0.251 0.000 0.519 0.722 0.231 0.079 0.000 0.000 1.361 0.000 0.000 0.000 0.485 1.090 
---
0 test1dax_consistent left_hidden
0.789 0.000 0.000 0.000 0.000 1.299 0.053 0.762 1.027 2.550 0.534 0.697 0.151 0.000 0.244 0.000 0.000 0.347 0.945 0.000 
0 test1dax_consistent right_hidden
2.755 0.000 1.028 0.000 0.000 0.552 1.307 0.000 1.201 0.000 4.168 1.369 0.000 1.249 2.795 0.000 0.000 0.000 0.000 1.678 
---
1 test1dax_inconsistent left_hidden
0.789 0.000 0.000 0.000 0.000 1.299 0.053 0.762 1.027 2.550 0.534 0.697 0.151 0.000 0.244 0.000 0.000 0.347 0.945 0.000 
1 test1dax_inconsistent right_hidden
0.835 0.000 0.369 0.000 0.000 1.169 0.273 0.000 1.287 0.000 1.354 1.025 0.000 0.681 0.843 0.000 0.000 0.000 0.000 0.909 
---
0 test1dax_consistent left_hidden
0.000 0.000 0.000 1.860 0.261 0.235 0.099 0.000 0.535 1.309 0.215 0.000 0.000 0.000 0.001 0.359 2.071 0.000 0.000 0.000 
0 test1dax_consistent right_hidden
0.141 3.585 1.430 0.000 0.000 1.185 2.586 0.215 0.496 0.000 0.060 0.000 0.000 0.320 0.000 4.133 1.045 0.272 0.000 0.000 
---
1 test1dax_inconsistent left_hidden
0.000 0.000 0.000 1.860 0.261 0.235 0.099 0.000 0.535 1.309 0.215 0.000 0.000 0.000 0.001 0.359 2.071 0.000 0.000 0.000 
1 test1dax_inconsistent right_hidden
0.199 0.715 0.447 0.522 0.000 0.748 1.916 0.585 0.824 0.188 0.000 0.000 0.000 0.207 0.000 1.036 0.296 0.649 0.000 0.000 
---
0 test1dax_consistent left_hidden
0.000 2.080 0.387 0.218 0.000 0.258 0.153 0.373 0.043 0.000 0.000 0.000 0.793 1.245 0.000 0.000 1.408 0.000 0.520 0.000 
0 test1dax_consistent right_hidden
0.000 2.481 1.947 0.000 0.000 1.661 0.000 0.072 2.686 1.902 0.000 0.000 0.306 0.044 2.701 1.923 0.086 0.000 3.097 1.102 
---
1 test1dax_inconsistent left_hidden
0.000 2.080 0.387 0.218 0.000 0.258 0.153 0.373 0.043 0.000 0.000 0.000 0.793 1.245 0.000 0.000 1.408 0.000 0.520 0.000 
1 test1dax_inconsistent right_hidden
0.000 0.517 0.684 0.286 0.000 1.427 0.000 0.000 0.713 1.563 0.308 0.176 0.329 0.516 0.949 0.758 0.246 0.000 0.786 0.264 
---
0 test1dax_consistent left_hidden
0.000 0.000 0.000 0.616 0.107 0.000 0.269 0.443 2.618 0.660 0.214 1.183 0.064 0.498 0.000 0.000 0.890 0.000 0.000 0.113 
0 test1dax_consistent right_hidden
0.000 2.053 0.000 3.567 0.000 0.000 0.000 0.000 4.901 0.000 0.000 0.000 0.026 0.886 0.000 0.000 0.000 0.000 0.455 0.000 
---
1 test1dax_inconsistent left_hidden
0.000 0.000 0.000 0.616 0.107 0.000 0.269 0.443 2.618 0.660 0.214 1.183 0.064 0.498 0.000 0.000 0.890 0.000 0.000 0.113 
1 test1dax_inconsistent right_hidden
0.000 1.794 0.000 1.124 0.056 0.000 0.553 0.000 1.387 0.057 0.000 0.154 0.000 0.101 0.000 0.048 0.000 0.008 0.604 0.250 
---
0 test1dax_consistent left_hidden
1.681 0.329 0.610 0.000 1.039 0.335 0.000 1.478 0.333 0.000 1.851 0.000 0.000 0.203 0.000 0.082 0.000 0.000 0.000 0.329 
0 test1dax_consistent right_hidden
0.458 0.000 0.000 0.000 2.549 0.918 2.151 0.992 2.033 0.000 0.000 0.456 0.739 0.515 0.000 2.149 3.058 0.000 2.978 0.000 
---
1 test1dax_inconsistent left_hidden
1.681 0.329 0.610 0.000 1.039 0.335 0.000 1.478 0.333 0.000 1.851 0.000 0.000 0.203 0.000 0.082 0.000 0.000 0.000 0.329 
1 test1dax_inconsistent right_hidden
0.622 0.000 0.093 0.064 1.839 0.365 0.373 0.502 0.705 0.000 0.000 0.625 0.117 0.573 0.000 0.599 0.702 0.000 1.195 0.000 
---
0 test1dax_consistent left_hidden
0.935 0.277 0.000 0.417 0.000 0.275 1.396 0.000 0.385 0.980 0.000 0.098 0.156 0.000 0.000 0.000 2.748 0.000 0.000 0.129 
0 test1dax_consistent right_hidden
0.038 0.350 0.497 0.000 0.721 3.194 0.000 0.000 0.750 0.267 0.000 0.630 0.000 3.777 2.845 2.362 1.470 0.000 0.000 0.000 
---
1 test1dax_inconsistent left_hidden
0.935 0.277 0.000 0.417 0.000 0.275 1.396 0.000 0.385 0.980 0.000 0.098 0.156 0.000 0.000 0.000 2.748 0.000 0.000 0.129 
1 test1dax_inconsistent right_hidden
0.392 0.189 0.383 0.641 0.092 0.469 0.108 0.000 1.195 0.144 0.000 0.544 0.000 1.448 0.827 1.652 0.754 0.000 0.000 0.000 
---
0 test1dax_consistent left_hidden
1.219 0.000 0.424 2.362 0.000 1.228 0.000 1.496 0.232 0.160 0.434 0.284 0.069 0.114 0.000 0.000 0.000 0.000 0.000 0.490 
0 test1dax_consistent right_hidden
0.982 0.033 2.237 4.354 0.000 2.107 0.661 0.196 0.029 0.459 0.490 3.631 0.000 0.809 0.000 0.000 0.000 0.000 0.000 0.000 
---
1 test1dax_inconsistent left_hidden
1.219 0.000 0.424 2.362 0.000 1.228 0.000 1.496 0.232 0.160 0.434 0.284 0.069 0.114 0.000 0.000 0.000 0.000 0.000 0.490 
1 test1dax_inconsistent right_hidden
0.000 0.313 1.221 1.525 0.000 1.358 0.234 0.635 0.000 1.001 0.356 1.066 0.390 0.000 0.000 0.072 0.000 0.000 0.000 0.000 
---
0 test1dax_consistent left_hidden
0.640 0.389 0.000 1.783 0.825 0.000 0.202 1.471 0.338 0.000 0.000 1.124 0.000 0.000 1.051 0.000 1.093 0.000 0.938 0.000 
0 test1dax_consistent right_hidden
0.000 0.977 0.000 0.294 1.135 1.911 0.877 1.798 3.871 0.507 1.043 1.326 1.178 0.708 0.735 2.659 0.472 0.715 0.636 0.000 
---
1 test1dax_inconsistent left_hidden
0.640 0.389 0.000 1.783 0.825 0.000 0.202 1.471 0.338 0.000 0.000 1.124 0.000 0.000 1.051 0.000 1.093 0.000 0.938 0.000 
1 test1dax_inconsistent right_hidden
0.025 0.113 0.005 0.552 0.462 0.710 0.389 0.555 1.329 0.387 0.276 0.221 0.501 0.161 0.554 0.779 0.795 0.292 0.800 0.000 
---
0 test1dax_consistent left_hidden
0.533 0.000 1.212 0.135 0.112 0.286 0.000 0.000 1.279 1.090 0.652 0.000 0.000 0.007 1.097 0.891 0.955 0.044 1.704 0.499 
0 test1dax_consistent right_hidden
0.000 0.885 2.373 1.732 1.668 0.000 0.000 0.462 1.075 2.065 1.399 2.952 0.000 0.015 0.000 0.000 0.143 2.639 1.491 1.882 
---
1 test1dax_inconsistent left_hidden
0.533 0.000 1.212 0.135 0.112 0.286 0.000 0.000 1.279 1.090 0.652 0.000 0.000 0.007 1.097 0.891 0.955 0.044 1.704 0.499 
1 test1dax_inconsistent right_hidden
0.000 0.580 0.789 0.268 0.539 0.000 0.000 0.676 0.932 0.371 0.563 1.204 0.276 0.026 0.000 0.672 0.304 1.138 1.060 1.252 
---
0 test1dax_consistent left_hidden
1.029 0.000 1.573 0.729 1.662 0.269 0.000 0.468 1.099 0.231 0.807 0.000 0.000 0.000 0.511 0.000 0.000 0.000 0.208 0.974 
0 test1dax_consistent right_hidden
0.000 0.000 0.994 1.255 0.424 3.582 0.000 0.610 0.111 2.431 1.955 0.000 0.000 1.262 1.415 0.000 2.085 0.000 0.000 2.354 
---
1 test1dax_inconsistent left_hidden
1.029 0.000 1.573 0.729 1.662 0.269 0.000 0.468 1.099 0.231 0.807 0.000 0.000 0.000 0.511 0.000 0.000 0.000 0.208 0.974 
1 test1dax_inconsistent right_hidden
0.379 0.000 0.737 0.413 0.550 1.730 0.000 0.166 0.738 0.428 0.610 0.000 0.000 0.010 0.811 0.000 1.027 0.000 0.000 0.414 
---
0 test1dax_consistent left_hidden
0.493 0.928 0.452 0.643 0.000 0.142 0.000 0.000 0.757 0.000 0.199 0.683 0.309 0.356 1.833 0.000 0.000 1.551 0.819 0.350 
0 test1dax_consistent right_hidden
2.298 0.950 0.046 1.271 4.502 1.975 0.000 0.880 0.000 0.000 0.000 0.000 0.000 2.491 2.213 0.000 0.000 0.179 0.445 0.004 
---
1 test1dax_inconsistent left_hidden
0.493 0.928 0.452 0.643 0.000 0.142 0.000 0.000 0.757 0.000 0.199 0.683 0.309 0.356 1.833 0.000 0.000 1.551 0.819 0.350 
1 test1dax_inconsistent right_hidden
1.331 0.118 0.578 1.132 1.647 1.149 0.000 0.129 0.000 0.000 0.000 0.000 0.079 0.647 0.306 0.000 0.155 0.166 0.611 0.653 
---
0 test1dax_consistent left_hidden
0.000 2.161 1.361 0.279 0.000 1.025 0.916 0.125 0.880 0.376 0.422 0.794 0.280 0.000 0.249 0.030 0.037 0.000 0.268 0.468 
0 test1dax_consistent right_hidden
0.068 0.089 0.080 0.000 0.968 0.271 2.019 0.238 0.467 4.142 0.000 0.494 0.000 1.741 0.000 0.000 1.595 0.033 0.998 3.035 
---
1 test1dax_inconsistent left_hidden
0.000 2.161 1.361 0.279 0.000 1.025 0.916 0.125 0.880 0.376 0.422 0.794 0.280 0.000 0.249 0.030 0.037 0.000 0.268 0.468 
1 test1dax_inconsistent right_hidden
0.058 0.010 0.729 0.129 0.013 0.713 0.810 0.000 0.000 1.155 0.000 0.000 0.000 0.545 0.000 0.288 1.132 0.000 0.449 1.195 
---
0 test1dax_consistent left_hidden
0.040 0.157 0.221 0.770 0.587 0.858 0.000 1.243 1.683 0.561 0.593 0.893 0.031 1.071 0.000 0.000 0.000 0.706 0.270 0.703 
0 test1dax_consistent right_hidden
0.000 0.000 0.000 0.025 0.553 0.000 1.000 2.238 0.000 1.876 0.520 1.579 4.146 0.876 0.000 1.607 1.509 0.000 0.106 0.065 
---
1 test1dax_inconsistent left_hidden
0.040 0.157 0.221 0.770 0.587 0.858 0.000 1.243 1.683 0.561 0.593 0.893 0.031 1.071 0.000 0.000 0.000 0.706 0.270 0.703 
1 test1dax_inconsistent right_hidden
0.000 0.000 0.000 0.000 0.000 0.216 0.151 0.800 0.000 1.504 0.318 0.405 1.285 0.010 0.000 0.063 1.212 0.385 0.361 0.471 
---
0 test1dax_consistent left_hidden
0.000 2.074 0.742 2.272 0.238 0.900 0.000 0.000 0.000 0.264 0.000 0.616 0.000 0.000 0.000 0.000 0.279 1.125 0.242 0.173 
0 test1dax_consistent right_hidden
0.022 0.000 1.500 2.831 0.000 1.865 0.000 2.480 0.000 2.967 2.677 0.546 0.000 0.000 1.105 0.000 0.016 0.553 0.000 0.000 
---
1 test1dax_inconsistent left_hidden
0.000 2.074 0.742 2.272 0.238 0.900 0.000 0.000 0.000 0.264 0.000 0.616 0.000 0.000 0.000 0.000 0.279 1.125 0.242 0.173 
1 test1dax_inconsistent right_hidden
0.393 0.000 0.256 1.756 0.225 0.778 0.000 0.975 0.000 0.654 0.305 0.257 0.000 0.077 0.054 0.000 0.270 0.645 0.000 0.478 
---
0 test1dax_consistent left_hidden
0.337 1.388 0.000 0.000 0.000 0.000 1.197 0.613 0.296 0.156 0.593 0.091 0.475 2.229 0.590 0.097 0.153 1.714 0.062 0.000 
0 test1dax_consistent right_hidden
1.379 2.291 0.132 1.361 0.667 1.900 1.462 0.008 2.614 0.000 0.000 0.000 0.000 0.592 1.540 3.922 0.000 1.971 0.000 1.240 
---
1 test1dax_inconsistent left_hidden
0.337 1.388 0.000 0.000 0.000 0.000 1.197 0.613 0.296 0.156 0.593 0.091 0.475 2.229 0.590 0.097 0.153 1.714 0.062 0.000 
1 test1dax_inconsistent right_hidden
0.367 0.768 0.305 1.100 0.049 0.876 0.506 0.459 0.828 0.054 0.000 0.000 0.000 1.063 0.494 1.417 0.000 1.066 0.000 1.026 
---
0 test1dax_consistent left_hidden
0.040 0.025 0.000 0.063 0.000 0.000 0.000 1.230 0.000 0.074 0.744 1.340 0.642 0.715 0.434 0.000 0.000 0.362 1.258 1.887 
0 test1dax_consistent right_hidden
1.484 0.035 3.554 0.000 0.000 0.000 0.158 2.641 0.000 0.000 0.000 0.000 0.696 0.047 4.345 0.000 0.000 0.000 1.910 0.000 
---
1 test1dax_inconsistent left_hidden
0.040 0.025 0.000 0.063 0.000 0.000 0.000 1.230 0.000 0.074 0.744 1.340 0.642 0.715 0.434 0.000 0.000 0.362 1.258 1.887 
1 test1dax_inconsistent right_hidden
0.236 0.000 1.986 0.000 0.000 0.000 0.332 0.753 0.080 0.000 0.000 0.000 1.178 0.313 1.452 0.000 0.000 0.000 0.943 0.000 
---
0 test1dax_consistent left_hidden
0.426 0.832 1.086 0.000 0.000 1.059 0.999 0.000 0.000 0.000 1.380 1.463 0.000 0.103 0.000 0.536 0.011 0.245 0.916 0.000 
0 test1dax_consistent right_hidden
0.000 0.123 2.658 0.000 3.020 3.513 0.046 1.108 0.000 0.000 0.000 0.996 0.000 0.075 2.051 0.050 1.289 0.977 0.000 0.000 
---
1 test1dax_inconsistent left_hidden
0.426 0.832 1.086 0.000 0.000 1.059 0.999 0.000 0.000 0.000 1.380 1.463 0.000 0.103 0.000 0.536 0.011 0.245 0.916 0.000 
1 test1dax_inconsistent right_hidden
0.304 0.000 1.376 0.000 0.338 0.804 0.425 0.010 0.000 0.134 0.361 0.497 0.000 0.484 1.407 0.314 0.884 0.885 0.023 0.000 
---
0 test1dax_consistent left_hidden
0.901 0.844 0.191 0.000 0.000 0.686 0.494 1.148 0.000 0.432 0.808 0.992 1.321 0.010 1.320 0.323 0.000 0.236 0.000 0.000 
0 test1dax_consistent right_hidden
0.317 0.000 0.187 3.801 0.000 0.000 0.000 2.163 0.000 0.079 0.495 1.004 0.021 0.000 0.000 4.187 1.535 0.000 0.000 0.358 
---
1 test1dax_inconsistent left_hidden
0.901 0.844 0.191 0.000 0.000 0.686 0.494 1.148 0.000 0.432 0.808 0.992 1.321 0.010 1.320 0.323 0.000 0.236 0.000 0.000 
1 test1dax_inconsistent right_hidden
0.461 0.361 0.526 0.974 0.000 0.000 0.469 0.207 0.372 0.000 0.270 1.253 0.282 0.000 0.000 2.140 0.172 0.000 0.196 0.232 
---
0 test1dax_consistent left_hidden
0.680 0.000 0.372 0.000 0.000 0.290 0.000 1.401 0.000 1.333 0.000 0.000 0.780 0.000 0.000 1.680 0.000 0.933 1.250 0.199 
0 test1dax_consistent right_hidden
0.000 0.000 0.000 0.000 0.000 0.000 5.651 0.995 0.000 2.688 0.850 0.000 0.000 0.000 0.000 1.200 1.403 0.090 0.000 0.000 
---
1 test1dax_inconsistent left_hidden
0.680 0.000 0.372 0.000 0.000 0.290 0.000 1.401 0.000 1.333 0.000 0.000 0.780 0.000 0.000 1.680 0.000 0.933 1.250 0.199 
1 test1dax_inconsistent right_hidden
0.000 0.000 0.239 0.171 0.000 0.064 1.641 0.513 0.000 1.749 0.728 0.000 0.000 0.000 0.400 1.611 0.029 0.263 0.000 0.000 
---
0 test1dax_consistent left_hidden
0.044 0.237 0.060 0.144 0.010 0.165 0.195 0.475 0.113 0.002 1.791 0.000 0.000 1.781 2.144 0.104 0.000 0.516 0.000 0.965 
0 test1dax_consistent right_hidden
0.000 0.000 0.847 0.000 0.000 1.197 4.076 1.101 0.421 0.159 1.131 0.000 0.000 2.878 0.949 0.000 0.966 0.078 2.337 0.084 
---
1 test1dax_inconsistent left_hidden
0.044 0.237 0.060 0.144 0.010 0.165 0.195 0.475 0.113 0.002 1.791 0.000 0.000 1.781 2.144 0.104 0.000 0.516 0.000 0.965 
1 test1dax_inconsistent right_hidden
0.000 0.000 0.626 0.000 0.000 0.833 1.707 0.762 0.747 0.374 0.574 0.068 0.406 0.522 0.468 0.000 0.368 0.488 0.437 0.133 
---
0 test1dax_consistent left_hidden
1.384 0.000 0.554 0.000 0.000 0.000 0.053 1.119 0.529 1.383 0.000 0.000 1.462 0.000 0.206 1.538 1.377 0.000 0.126 0.077 
0 test1dax_consistent right_hidden
2.722 0.000 3.094 0.000 2.086 0.000 1.368 1.072 0.000 0.077 0.000 0.000 0.636 0.000 0.842 3.053 2.203 0.182 0.000 0.000 
---
1 test1dax_inconsistent left_hidden
1.384 0.000 0.554 0.000 0.000 0.000 0.053 1.119 0.529 1.383 0.000 0.000 1.462 0.000 0.206 1.538 1.377 0.000 0.126 0.077 
1 test1dax_inconsistent right_hidden
1.742 0.000 0.959 0.022 1.211 0.423 1.066 1.071 0.000 0.400 0.000 0.000 0.820 0.025 0.318 0.462 0.507 0.503 0.000 0.000 
---
0 test1dax_consistent left_hidden
1.399 0.000 0.009 0.270 0.000 0.034 0.993 0.209 1.395 0.328 0.419 0.000 0.000 1.218 1.376 0.313 0.117 0.617 0.000 1.655 
0 test1dax_consistent right_hidden
0.050 0.000 0.464 0.298 0.000 0.000 1.601 0.000 1.395 2.432 0.000 0.000 1.557 3.323 0.065 2.492 2.446 1.910 0.000 0.677 
---
1 test1dax_inconsistent left_hidden
1.399 0.000 0.009 0.270 0.000 0.034 0.993 0.209 1.395 0.328 0.419 0.000 0.000 1.218 1.376 0.313 0.117 0.617 0.000 1.655 
1 test1dax_inconsistent right_hidden
0.502 0.000 0.661 0.391 0.209 0.000 0.917 0.000 1.415 1.767 0.318 0.000 1.133 1.095 0.333 0.667 0.486 0.305 0.000 1.051 
---
0 test1dax_consistent left_hidden
1.144 0.000 1.896 0.000 0.569 1.732 0.000 0.106 1.042 0.000 0.104 1.309 0.000 0.254 0.221 1.295 0.000 0.000 0.002 0.000 
0 test1dax_consistent right_hidden
0.000 0.576 0.102 0.000 0.000 0.000 0.768 0.000 0.000 3.437 0.087 0.201 1.556 3.165 0.000 2.565 1.898 0.000 0.000 0.000 
---
1 test1dax_inconsistent left_hidden
1.144 0.000 1.896 0.000 0.569 1.732 0.000 0.106 1.042 0.000 0.104 1.309 0.000 0.254 0.221 1.295 0.000 0.000 0.002 0.000 
1 test1dax_inconsistent right_hidden
0.049 1.074 0.049 0.000 0.000 0.047 0.000 0.000 0.144 0.965 0.053 0.837 0.564 1.852 0.017 0.561 0.212 0.092 0.000 0.000 
---
0 test1dax_consistent left_hidden
0.000 0.000 0.000 0.000 0.245 0.000 0.000 0.000 1.251 0.000 0.264 0.216 1.198 0.103 0.132 0.252 0.000 0.894 1.553 2.223 
0 test1dax_consistent right_hidden
0.000 0.000 0.000 0.000 0.777 1.060 0.000 1.761 1.210 0.000 0.000 2.904 3.989 1.961 0.000 2.546 1.406 0.038 0.102 0.546 
---
1 test1dax_inconsistent left_hidden
0.000 0.000 0.000 0.000 0.245 0.000 0.000 0.000 1.251 0.000 0.264 0.216 1.198 0.103 0.132 0.252 0.000 0.894 1.553 2.223 
1 test1dax_inconsistent right_hidden
0.000 0.000 0.000 0.000 0.143 0.370 0.000 0.300 0.549 0.000 0.535 0.895 1.831 0.848 0.000 0.502 1.379 0.288 0.433 0.237 
---
0 test1dax_consistent left_hidden
0.000 0.000 1.018 0.182 0.000 0.000 1.366 0.000 0.704 0.000 0.428 0.000 1.775 0.000 0.000 1.131 0.007 0.000 1.766 0.679 
0 test1dax_consistent right_hidden
1.270 0.000 0.000 1.491 0.000 0.147 0.000 2.618 0.934 0.000 0.382 0.000 3.138 0.000 0.429 0.364 0.022 2.850 2.721 0.371 
---
1 test1dax_inconsistent left_hidden
0.000 0.000 1.018 0.182 0.000 0.000 1.366 0.000 0.704 0.000 0.428 0.000 1.775 0.000 0.000 1.131 0.007 0.000 1.766 0.679 
1 test1dax_inconsistent right_hidden
0.107 0.000 0.181 1.141 0.000 0.000 0.000 0.911 0.820 0.000 0.411 0.000 2.252 0.000 0.000 0.306 0.233 0.953 0.431 0.139 
---
0 test1dax_consistent left_hidden
0.000 1.497 0.126 0.165 0.635 0.000 0.000 1.061 0.254 0.000 0.000 1.678 0.564 0.721 0.000 0.505 0.000 1.260 0.000 1.506 
0 test1dax_consistent right_hidden
0.713 1.612 0.000 0.162 0.935 0.000 0.000 2.605 0.730 0.207 0.000 0.000 1.466 0.435 0.000 0.000 0.000 1.094 4.543 3.035 
---
1 test1dax_inconsistent left_hidden
0.000 1.497 0.126 0.165 0.635 0.000 0.000 1.061 0.254 0.000 0.000 1.678 0.564 0.721 0.000 0.505 0.000 1.260 0.000 1.506 
1 test1dax_inconsistent right_hidden
0.371 0.871 0.000 0.005 1.410 0.264 0.000 0.918 0.313 0.078 0.399 0.000 1.476 0.579 0.000 0.266 0.000 0.079 1.300 1.529 
---
0 test1dax_consistent left_hidden
1.812 1.641 0.000 0.516 0.000 0.438 0.000 0.239 0.000 0.759 0.000 0.000 1.226 0.313 0.854 0.763 0.310 0.000 0.000 0.000 
0 test1dax_consistent right_hidden
2.796 0.000 0.945 3.816 0.000 2.331 0.000 0.234 0.000 0.081 0.000 0.000 0.118 0.587 0.000 2.402 2.735 0.780 0.000 0.000 
---
1 test1dax_inconsistent left_hidden
1.812 1.641 0.000 0.516 0.000 0.438 0.000 0.239 0.000 0.759 0.000 0.000 1.226 0.313 0.854 0.763 0.310 0.000 0.000 0.000 
1 test1dax_inconsistent right_hidden
0.427 0.000 0.299 1.541 0.000 1.254 0.000 0.515 0.000 0.174 0.000 0.000 0.401 0.899 0.454 0.546 0.816 0.581 0.000 0.000 
---
0 test1dax_consistent left_hidden
0.000 0.093 1.471 0.000 0.000 0.127 0.343 0.000 0.000 0.000 0.019 0.000 0.018 0.000 0.374 0.641 2.202 0.853 0.000 1.936 
0 test1dax_consistent right_hidden
0.000 0.733 0.013 0.000 0.000 1.494 0.000 0.000 0.756 0.000 0.993 0.000 0.000 0.000 2.419 3.939 2.746 2.225 0.000 0.028 
---
1 test1dax_inconsistent left_hidden
0.000 0.093 1.471 0.000 0.000 0.127 0.343 0.000 0.000 0.000 0.019 0.000 0.018 0.000 0.374 0.641 2.202 0.853 0.000 1.936 
1 test1dax_inconsistent right_hidden
0.000 0.996 0.000 0.009 0.000 0.315 0.000 0.000 0.401 0.000 0.579 0.000 0.000 0.000 1.357 1.218 1.497 0.303 0.037 0.281 
---
0 test1dax_consistent left_hidden
0.409 0.408 1.491 0.000 0.223 1.137 0.577 0.000 0.582 0.316 0.000 0.557 0.000 0.400 0.272 0.134 0.000 2.063 0.218 1.596 
0 test1dax_consistent right_hidden
0.002 0.000 0.085 0.000 0.000 0.193 1.964 0.000 2.702 3.245 0.000 1.735 0.000 0.000 1.141 0.000 0.000 1.988 2.169 1.655 
---
1 test1dax_inconsistent left_hidden
0.409 0.408 1.491 0.000 0.223 1.137 0.577 0.000 0.582 0.316 0.000 0.557 0.000 0.400 0.272 0.134 0.000 2.063 0.218 1.596 
1 test1dax_inconsistent right_hidden
0.000 0.000 0.000 0.160 0.000 1.075 0.307 0.000 0.562 1.034 0.463 0.176 0.011 0.185 0.004 0.185 0.062 0.752 1.538 0.086 
---
0 test1dax_consistent left_hidden
0.357 1.268 0.089 0.000 1.847 0.762 0.512 0.171 0.000 0.099 0.066 1.522 0.000 0.074 0.000 0.151 0.355 0.088 1.112 0.118 
0 test1dax_consistent right_hidden
2.290 0.000 0.000 1.758 0.001 0.546 0.000 3.082 2.764 0.000 1.165 1.610 0.000 0.380 0.000 0.313 3.468 0.000 0.500 0.332 
---
1 test1dax_inconsistent left_hidden
0.357 1.268 0.089 0.000 1.847 0.762 0.512 0.171 0.000 0.099 0.066 1.522 0.000 0.074 0.000 0.151 0.355 0.088 1.112 0.118 
1 test1dax_inconsistent right_hidden
1.677 0.551 0.000 0.515 0.458 0.000 0.000 1.470 0.658 0.000 1.004 0.724 0.000 0.822 0.000 0.502 0.864 0.151 0.120 0.621 
---
0 test1dax_consistent left_hidden
1.769 0.000 0.842 0.000 1.388 0.000 0.000 0.000 0.135 0.000 1.324 0.947 0.180 0.000 0.082 0.221 1.451 0.000 0.472 0.172 
0 test1dax_consistent right_hidden
5.135 0.232 2.955 1.440 0.360 0.000 0.000 0.000 0.625 1.074 0.018 0.000 0.000 0.918 0.346 0.012 0.000 0.000 0.031 0.288 
---
1 test1dax_inconsistent left_hidden
1.769 0.000 0.842 0.000 1.388 0.000 0.000 0.000 0.135 0.000 1.324 0.947 0.180 0.000 0.082 0.221 1.451 0.000 0.472 0.172 
1 test1dax_inconsistent right_hidden
1.323 0.607 1.575 0.248 1.158 0.093 0.000 0.000 0.438 0.301 0.000 0.407 0.000 0.876 0.388 0.199 0.146 0.140 0.410 0.838 
---
0 test1dax_consistent left_hidden
0.000 0.086 0.526 0.318 2.015 0.995 0.000 0.447 0.748 0.000 1.280 0.875 0.240 0.472 1.191 0.315 0.449 0.000 0.000 0.000 
0 test1dax_consistent right_hidden
0.000 0.000 0.630 0.000 0.055 0.000 0.000 0.004 3.447 0.833 4.341 1.595 2.618 1.174 0.484 1.468 0.138 0.000 0.000 0.000 
---
1 test1dax_inconsistent left_hidden
0.000 0.086 0.526 0.318 2.015 0.995 0.000 0.447 0.748 0.000 1.280 0.875 0.240 0.472 1.191 0.315 0.449 0.000 0.000 0.000 
1 test1dax_inconsistent right_hidden
0.000 0.492 0.790 0.122 0.000 0.000 0.000 0.218 2.350 0.252 1.128 0.850 1.005 0.587 0.127 0.613 0.661 0.000 0.000 0.000 
---
0 test1dax_consistent left_hidden
0.234 1.086 0.000 1.003 0.453 2.105 0.000 0.354 0.000 1.106 0.364 1.414 0.000 1.401 0.219 0.000 0.000 0.000 0.000 0.000 
0 test1dax_consistent right_hidden
1.080 0.533 0.279 0.000 0.403 0.045 0.000 0.000 0.000 0.071 2.201 4.164 0.014 0.000 0.000 0.000 4.276 0.000 1.116 0.000 
---
1 test1dax_inconsistent left_hidden
0.234 1.086 0.000 1.003 0.453 2.105 0.000 0.354 0.000 1.106 0.364 1.414 0.000 1.401 0.219 0.000 0.000 0.000 0.000 0.000 
1 test1dax_inconsistent right_hidden
0.892 0.531 0.840 0.000 0.825 0.000 0.405 0.000 0.000 0.657 0.127 2.270 0.214 0.000 0.000 0.000 1.217 0.000 0.485 0.000 
---
0 test1dax_consistent left_hidden
0.177 0.586 1.330 0.000 0.508 0.853 0.491 0.216 0.431 0.534 1.302 0.433 0.639 0.862 0.000 0.396 1.540 0.034 0.926 0.000 
0 test1dax_consistent right_hidden
1.314 0.000 1.219 0.003 0.471 0.382 0.000 0.113 0.000 1.248 2.230 0.281 0.000 4.244 0.000 0.000 2.068 2.217 0.000 0.000 
---
1 test1dax_inconsistent left_hidden
0.177 0.586 1.330 0.000 0.508 0.853 0.491 0.216 0.431 0.534 1.302 0.433 0.639 0.862 0.000 0.396 1.540 0.034 0.926 0.000 
1 test1dax_inconsistent right_hidden
0.876 0.000 0.324 0.072 0.067 0.580 0.000 0.085 0.000 0.060 1.785 0.401 0.047 1.273 0.000 0.000 1.323 1.140 0.000 0.000 
---
0 test1dax_consistent left_hidden
0.000 0.170 0.000 1.094 0.553 0.083 0.000 0.015 0.803 0.039 0.157 0.659 1.506 0.000 0.483 0.306 0.000 2.477 0.271 0.083 
0 test1dax_consistent right_hidden
0.884 2.832 0.000 0.285 0.000 0.000 0.017 0.000 0.956 0.942 0.000 0.000 0.320 0.000 3.844 3.161 0.000 0.147 0.000 0.000 
---
1 test1dax_inconsistent left_hidden
0.000 0.170 0.000 1.094 0.553 0.083 0.000 0.015 0.803 0.039 0.157 0.659 1.506 0.000 0.483 0.306 0.000 2.477 0.271 0.083 
1 test1dax_inconsistent right_hidden
0.000 0.998 0.000 0.413 0.383 0.392 0.567 0.000 0.188 0.000 0.021 0.426 0.284 0.000 2.092 0.539 0.000 0.713 0.014 0.000 
---
0 test1dax_consistent left_hidden
0.597 0.000 0.287 0.725 0.543 0.351 0.065 0.371 0.711 0.069 0.575 0.000 0.312 0.723 1.898 0.000 1.400 0.000 0.184 1.336 
0 test1dax_consistent right_hidden
0.066 0.000 1.727 0.704 0.000 0.000 3.421 0.000 0.000 3.839 0.032 0.000 2.066 0.003 0.000 0.000 3.226 0.979 0.088 0.000 
---
1 test1dax_inconsistent left_hidden
0.597 0.000 0.287 0.725 0.543 0.351 0.065 0.371 0.711 0.069 0.575 0.000 0.312 0.723 1.898 0.000 1.400 0.000 0.184 1.336 
1 test1dax_inconsistent right_hidden
0.328 0.312 0.281 0.000 0.000 0.085 1.478 0.000 0.000 1.090 0.443 0.000 0.600 0.000 0.000 0.000 1.950 0.006 0.515 0.260 
---
0 test1dax_consistent left_hidden
0.072 0.079 0.941 0.077 0.000 0.062 2.105 1.138 0.471 0.309 0.000 0.000 0.000 0.266 0.800 0.057 1.076 0.000 0.130 0.357 
0 test1dax_consistent right_hidden
1.479 0.286 0.080 2.202 0.936 0.094 0.000 3.899 2.189 0.000 1.006 0.072 0.000 0.000 3.435 0.000 0.047 0.000 0.000 0.000 
---
1 test1dax_inconsistent left_hidden
0.072 0.079 0.941 0.077 0.000 0.062 2.105 1.138 0.471 0.309 0.000 0.000 0.000 0.266 0.800 0.057 1.076 0.000 0.130 0.357 
1 test1dax_inconsistent right_hidden
0.824 0.000 0.000 0.605 0.489 0.238 0.113 1.048 1.312 0.205 1.308 0.000 0.000 0.047 1.186 0.000 0.424 0.000 0.194 0.000 
---
0 test1dax_consistent left_hidden
0.000 0.000 0.967 0.000 0.000 1.122 0.299 1.182 0.437 0.853 0.319 0.282 0.226 0.295 2.189 0.619 0.282 0.115 0.031 0.000 
0 test1dax_consistent right_hidden
0.048 0.000 0.206 0.000 0.180 0.688 1.768 0.847 3.235 0.804 3.480 0.797 0.000 0.190 0.065 3.847 0.720 0.000 0.000 0.521 
---
1 test1dax_inconsistent left_hidden
0.000 0.000 0.967 0.000 0.000 1.122 0.299 1.182 0.437 0.853 0.319 0.282 0.226 0.295 2.189 0.619 0.282 0.115 0.031 0.000 
1 test1dax_inconsistent right_hidden
0.000 0.000 0.211 0.000 0.354 0.954 1.012 0.056 1.258 0.451 1.291 0.436 0.000 0.858 0.733 1.629 0.269 0.000 0.000 0.068 
---
0 test1dax_consistent left_hidden
0.162 0.482 1.377 0.000 1.630 0.313 1.160 0.792 0.000 0.442 2.259 0.000 0.000 0.100 0.086 0.000 0.318 0.386 0.000 0.029 
0 test1dax_consistent right_hidden
1.771 0.000 2.640 0.000 3.479 0.071 0.000 0.378 0.000 0.497 4.121 0.000 0.000 0.000 0.000 1.991 0.000 0.075 0.000 0.000 
---
1 test1dax_inconsistent left_hidden
0.162 0.482 1.377 0.000 1.630 0.313 1.160 0.792 0.000 0.442 2.259 0.000 0.000 0.100 0.086 0.000 0.318 0.386 0.000 0.029 
1 test1dax_inconsistent right_hidden
1.263 0.272 0.939 0.000 2.392 0.648 0.000 0.126 0.329 0.538 0.922 0.161 0.010 0.272 0.000 0.341 0.106 0.566 0.121 0.000 
---
0 test1dax_consistent left_hidden
0.000 2.176 0.442 0.878 0.000 0.056 0.000 0.000 0.265 0.044 1.617 0.000 0.365 0.235 0.000 0.000 0.372 0.000 1.318 0.000 
0 test1dax_consistent right_hidden
0.000 0.619 0.000 2.087 0.000 0.000 0.255 0.114 0.581 0.185 0.357 0.000 0.000 4.330 2.687 0.662 2.938 0.051 0.000 0.000 
---
1 test1dax_inconsistent left_hidden
0.000 2.176 0.442 0.878 0.000 0.056 0.000 0.000 0.265 0.044 1.617 0.000 0.365 0.235 0.000 0.000 0.372 0.000 1.318 0.000 
1 test1dax_inconsistent right_hidden
0.217 0.995 0.000 1.046 0.000 0.000 0.156 0.174 0.675 0.291 0.030 0.243 0.000 0.848 1.369 0.000 1.373 0.168 0.000 0.000 
---
0 test1dax_consistent left_hidden
0.000 0.000 0.000 1.544 1.149 0.430 0.209 0.488 0.059 0.664 0.298 1.520 0.383 0.159 0.000 1.401 1.234 0.515 0.000 0.000 
0 test1dax_consistent right_hidden
0.000 0.000 0.000 0.824 0.346 0.000 1.868 0.000 0.901 0.887 0.911 3.099 3.136 0.944 0.000 0.000 0.000 3.366 3.212 0.000 
---
1 test1dax_inconsistent left_hidden
0.000 0.000 0.000 1.544 1.149 0.430 0.209 0.488 0.059 0.664 0.298 1.520 0.383 0.159 0.000 1.401 1.234 0.515 0.000 0.000 
1 test1dax_inconsistent right_hidden
0.309 0.000 0.000 0.825 0.472 0.000 0.491 0.000 0.886 1.113 0.354 1.611 0.757 0.687 0.016 0.169 0.639 0.936 1.098 0.000 
---
