0 test2fip_consistent left_hidden
0.335 0.000 3.014 0.022 0.166 0.000 0.858 2.962 0.025 1.258 0.824 0.156 0.000 0.269 0.859 2.418 0.000 0.000 0.000 0.189 
0 test2fip_consistent right_hidden
1.518 0.000 0.141 0.000 0.182 0.062 0.098 0.399 0.639 2.277 2.371 0.191 0.000 0.000 0.113 0.615 0.000 0.000 0.017 0.640 
---
1 test2fip_inconsistent left_hidden
0.335 0.000 3.014 0.022 0.166 0.000 0.858 2.962 0.025 1.258 0.824 0.156 0.000 0.269 0.859 2.418 0.000 0.000 0.000 0.189 
1 test2fip_inconsistent right_hidden
1.542 0.000 1.633 0.000 0.084 0.000 0.376 2.608 0.490 2.023 3.270 0.396 0.000 0.072 0.052 2.596 0.000 0.000 0.000 0.867 
---
0 test2fip_consistent left_hidden
0.733 0.000 2.238 0.000 0.000 1.096 0.000 0.000 0.000 1.417 0.000 2.340 0.607 0.000 1.271 0.000 0.386 2.949 0.176 1.526 
0 test2fip_consistent right_hidden
1.406 0.082 0.109 0.000 0.000 0.080 0.971 0.000 0.000 1.729 0.000 0.218 0.068 0.197 0.000 0.006 0.009 1.137 0.000 2.584 
---
1 test2fip_inconsistent left_hidden
0.733 0.000 2.238 0.000 0.000 1.096 0.000 0.000 0.000 1.417 0.000 2.340 0.607 0.000 1.271 0.000 0.386 2.949 0.176 1.526 
1 test2fip_inconsistent right_hidden
0.901 0.000 1.752 0.000 0.000 0.060 0.776 0.000 0.000 1.952 0.000 1.451 1.373 0.000 1.461 0.000 0.000 3.049 0.829 3.347 
---
0 test2fip_consistent left_hidden
0.233 0.000 0.096 0.000 2.255 1.820 0.000 1.468 0.000 0.000 0.027 2.811 1.223 0.472 1.035 0.000 0.835 0.422 0.457 0.816 
0 test2fip_consistent right_hidden
1.567 0.000 0.681 0.000 1.411 0.075 1.556 0.475 0.000 0.013 0.073 0.075 1.404 0.878 1.315 0.000 0.043 0.682 1.515 0.090 
---
1 test2fip_inconsistent left_hidden
0.233 0.000 0.096 0.000 2.255 1.820 0.000 1.468 0.000 0.000 0.027 2.811 1.223 0.472 1.035 0.000 0.835 0.422 0.457 0.816 
1 test2fip_inconsistent right_hidden
1.127 0.000 0.593 0.000 1.961 1.375 1.213 1.883 0.000 0.000 0.082 2.260 1.991 1.052 1.086 0.000 1.100 1.082 2.506 1.317 
---
0 test2fip_consistent left_hidden
0.550 0.000 2.300 0.000 0.000 1.402 0.000 3.505 0.000 0.068 1.092 0.000 0.826 0.000 0.270 1.096 2.229 0.266 0.444 0.000 
0 test2fip_consistent right_hidden
0.000 0.000 0.000 0.000 0.000 0.068 0.252 1.285 0.266 1.916 0.000 0.000 0.095 0.000 0.601 1.106 0.336 0.152 2.669 0.480 
---
1 test2fip_inconsistent left_hidden
0.550 0.000 2.300 0.000 0.000 1.402 0.000 3.505 0.000 0.068 1.092 0.000 0.826 0.000 0.270 1.096 2.229 0.266 0.444 0.000 
1 test2fip_inconsistent right_hidden
0.000 0.000 2.077 0.000 0.000 0.002 0.000 3.891 0.000 1.610 0.944 0.000 0.824 0.000 1.085 0.843 1.851 0.764 2.691 0.000 
---
0 test2fip_consistent left_hidden
0.000 1.366 0.000 1.602 0.000 0.000 1.053 1.385 2.310 0.000 0.000 1.872 0.000 2.508 0.591 0.262 0.000 0.000 0.000 1.375 
0 test2fip_consistent right_hidden
0.000 0.100 0.177 0.042 0.157 0.008 0.000 2.050 0.281 0.714 0.000 1.428 0.000 0.678 0.016 0.046 0.000 0.683 2.044 1.068 
---
1 test2fip_inconsistent left_hidden
0.000 1.366 0.000 1.602 0.000 0.000 1.053 1.385 2.310 0.000 0.000 1.872 0.000 2.508 0.591 0.262 0.000 0.000 0.000 1.375 
1 test2fip_inconsistent right_hidden
0.000 1.137 1.052 1.377 0.742 0.000 0.005 2.442 2.573 0.373 0.000 2.601 0.000 2.000 0.408 0.005 0.000 0.454 1.793 2.129 
---
0 test2fip_consistent left_hidden
0.000 0.125 0.000 0.000 0.053 0.000 0.000 2.486 1.825 0.862 0.000 0.040 0.000 0.000 0.029 0.000 1.509 2.437 2.188 1.853 
0 test2fip_consistent right_hidden
0.816 0.000 0.000 0.000 0.845 1.386 0.000 1.430 0.097 0.881 1.372 0.000 0.000 0.000 0.674 1.457 0.137 1.246 0.302 1.201 
---
1 test2fip_inconsistent left_hidden
0.000 0.125 0.000 0.000 0.053 0.000 0.000 2.486 1.825 0.862 0.000 0.040 0.000 0.000 0.029 0.000 1.509 2.437 2.188 1.853 
1 test2fip_inconsistent right_hidden
0.569 0.000 0.000 0.000 0.831 1.252 0.000 2.973 1.623 1.074 1.168 0.000 0.000 0.000 0.741 0.610 2.065 2.644 0.885 1.840 
---
0 test2fip_consistent left_hidden
0.872 0.000 0.000 0.000 2.898 0.018 0.406 0.000 0.241 0.360 0.000 0.095 2.423 2.991 0.903 0.000 0.000 0.000 0.712 0.760 
0 test2fip_consistent right_hidden
2.113 0.000 0.000 0.000 0.014 0.000 1.796 0.020 0.551 0.550 0.000 1.561 0.655 1.312 0.048 0.000 0.975 0.050 0.000 1.441 
---
1 test2fip_inconsistent left_hidden
0.872 0.000 0.000 0.000 2.898 0.018 0.406 0.000 0.241 0.360 0.000 0.095 2.423 2.991 0.903 0.000 0.000 0.000 0.712 0.760 
1 test2fip_inconsistent right_hidden
1.839 0.000 0.000 0.000 1.854 0.000 1.664 0.000 1.139 1.326 0.000 1.110 3.022 3.068 0.075 0.000 0.652 0.000 0.000 1.485 
---
0 test2fip_consistent left_hidden
0.000 0.000 0.000 1.600 0.000 0.000 0.284 0.306 1.161 0.370 4.184 0.314 2.725 0.000 0.000 0.543 0.000 0.000 0.000 0.000 
0 test2fip_consistent right_hidden
0.000 0.000 0.694 0.025 0.735 0.371 0.002 1.070 0.148 1.277 1.644 0.297 0.000 0.000 1.674 0.359 2.046 0.117 0.493 0.000 
---
1 test2fip_inconsistent left_hidden
0.000 0.000 0.000 1.600 0.000 0.000 0.284 0.306 1.161 0.370 4.184 0.314 2.725 0.000 0.000 0.543 0.000 0.000 0.000 0.000 
1 test2fip_inconsistent right_hidden
0.000 0.000 0.430 0.772 0.336 0.386 0.388 1.967 0.877 1.676 3.712 0.637 2.558 0.000 1.596 0.983 1.332 0.000 0.597 0.000 
---
0 test2fip_consistent left_hidden
2.728 1.879 0.644 2.211 0.428 0.000 0.000 0.000 3.201 0.000 0.303 0.000 0.109 0.000 0.833 0.000 0.410 0.000 0.000 0.694 
0 test2fip_consistent right_hidden
0.184 0.524 0.728 0.329 0.183 1.138 0.912 1.679 1.525 0.000 1.020 0.000 0.296 0.000 0.148 0.000 0.000 0.067 2.228 0.028 
---
1 test2fip_inconsistent left_hidden
2.728 1.879 0.644 2.211 0.428 0.000 0.000 0.000 3.201 0.000 0.303 0.000 0.109 0.000 0.833 0.000 0.410 0.000 0.000 0.694 
1 test2fip_inconsistent right_hidden
1.075 2.001 1.353 1.646 1.148 0.491 0.420 1.628 3.871 0.000 0.621 0.000 0.323 0.000 0.899 0.000 0.000 0.000 1.711 0.600 
---
0 test2fip_consistent left_hidden
0.000 2.123 0.813 0.000 1.754 1.100 0.357 0.000 0.395 2.450 0.000 1.892 0.000 0.000 0.473 1.784 1.165 0.000 0.443 0.000 
0 test2fip_consistent right_hidden
0.000 1.174 0.555 1.500 0.012 0.000 0.978 0.069 0.950 3.148 0.000 0.173 0.012 0.000 0.051 0.875 0.081 0.000 0.000 0.000 
---
1 test2fip_inconsistent left_hidden
0.000 2.123 0.813 0.000 1.754 1.100 0.357 0.000 0.395 2.450 0.000 1.892 0.000 0.000 0.473 1.784 1.165 0.000 0.443 0.000 
1 test2fip_inconsistent right_hidden
0.000 2.791 0.294 1.030 1.771 0.000 0.562 0.000 0.751 4.124 0.000 2.137 0.000 0.000 0.041 2.098 1.243 0.000 0.000 0.000 
---
0 test2fip_consistent left_hidden
0.710 1.546 0.863 0.002 2.353 0.059 0.238 0.000 0.350 2.363 1.096 0.147 1.004 0.491 2.144 0.000 0.354 0.000 1.533 0.000 
0 test2fip_consistent right_hidden
0.633 0.056 0.621 1.441 0.249 0.000 2.281 0.000 0.000 1.074 0.499 0.023 0.000 0.514 0.000 0.000 0.000 0.000 2.328 0.000 
---
1 test2fip_inconsistent left_hidden
0.710 1.546 0.863 0.002 2.353 0.059 0.238 0.000 0.350 2.363 1.096 0.147 1.004 0.491 2.144 0.000 0.354 0.000 1.533 0.000 
1 test2fip_inconsistent right_hidden
0.195 1.554 1.861 0.955 2.232 0.000 1.937 0.000 0.000 3.007 0.155 0.000 0.668 0.984 0.837 0.000 0.000 0.000 2.358 0.111 
---
0 test2fip_consistent left_hidden
0.000 0.000 3.158 1.736 0.000 0.000 0.000 1.872 0.000 0.983 1.310 0.252 0.875 0.000 0.924 0.000 0.000 0.000 2.109 1.176 
0 test2fip_consistent right_hidden
0.000 0.000 0.097 0.949 0.000 0.194 0.000 0.025 0.000 0.074 0.090 0.000 1.123 0.000 0.102 0.000 0.028 0.113 3.620 0.088 
---
1 test2fip_inconsistent left_hidden
0.000 0.000 3.158 1.736 0.000 0.000 0.000 1.872 0.000 0.983 1.310 0.252 0.875 0.000 0.924 0.000 0.000 0.000 2.109 1.176 
1 test2fip_inconsistent right_hidden
0.000 0.000 2.619 1.646 0.000 0.000 0.000 2.154 0.000 0.374 0.000 0.006 0.995 0.000 0.915 0.000 0.000 0.000 4.728 0.820 
---
0 test2fip_consistent left_hidden
1.493 2.302 0.000 0.000 0.153 0.000 0.000 0.039 0.000 0.149 0.000 2.763 3.491 0.000 0.000 1.269 0.000 0.958 0.000 0.000 
0 test2fip_consistent right_hidden
0.312 0.338 1.483 0.000 1.021 0.000 0.000 0.039 0.000 0.708 0.045 0.665 0.208 0.000 0.068 0.014 1.242 2.647 1.766 0.250 
---
1 test2fip_inconsistent left_hidden
1.493 2.302 0.000 0.000 0.153 0.000 0.000 0.039 0.000 0.149 0.000 2.763 3.491 0.000 0.000 1.269 0.000 0.958 0.000 0.000 
1 test2fip_inconsistent right_hidden
1.600 2.558 0.614 0.000 1.140 0.000 0.000 0.015 0.000 0.469 0.756 1.685 1.693 0.000 0.000 1.543 0.998 3.852 0.934 0.019 
---
0 test2fip_consistent left_hidden
0.000 3.508 0.000 0.000 0.986 0.000 1.033 0.515 1.041 0.000 0.838 0.000 0.000 1.076 0.000 0.000 2.892 0.000 0.144 0.000 
0 test2fip_consistent right_hidden
0.000 0.203 1.844 0.000 0.000 0.000 3.297 0.813 0.000 0.000 0.000 0.000 1.004 0.000 0.000 0.036 0.949 0.000 0.000 0.000 
---
1 test2fip_inconsistent left_hidden
0.000 3.508 0.000 0.000 0.986 0.000 1.033 0.515 1.041 0.000 0.838 0.000 0.000 1.076 0.000 0.000 2.892 0.000 0.144 0.000 
1 test2fip_inconsistent right_hidden
0.000 3.202 1.094 0.000 0.000 0.000 3.856 0.177 0.000 0.000 0.013 0.000 0.817 0.115 0.000 0.000 3.114 0.000 0.000 0.000 
---
0 test2fip_consistent left_hidden
0.000 0.000 0.945 0.000 0.000 1.169 0.254 0.273 0.000 0.078 0.104 0.000 0.227 2.019 3.009 0.000 3.075 0.000 0.040 0.000 
0 test2fip_consistent right_hidden
0.000 0.000 0.943 0.744 2.169 0.000 0.000 0.165 0.000 0.768 0.126 0.000 0.421 1.357 0.298 0.000 0.552 1.920 0.038 0.413 
---
1 test2fip_inconsistent left_hidden
0.000 0.000 0.945 0.000 0.000 1.169 0.254 0.273 0.000 0.078 0.104 0.000 0.227 2.019 3.009 0.000 3.075 0.000 0.040 0.000 
1 test2fip_inconsistent right_hidden
0.000 0.000 0.400 0.151 2.189 0.000 0.000 0.000 0.000 0.165 0.231 0.000 0.607 3.666 2.377 0.000 2.327 1.289 0.000 0.280 
---
0 test2fip_consistent left_hidden
0.000 2.575 1.398 0.000 0.816 0.000 0.000 0.637 2.949 0.000 0.000 1.661 0.000 0.000 2.550 0.000 0.000 0.700 1.141 0.000 
0 test2fip_consistent right_hidden
1.976 0.144 0.000 1.257 1.810 1.577 0.000 0.000 1.691 0.000 0.364 0.000 0.000 0.000 0.171 0.083 0.000 0.302 0.655 0.112 
---
1 test2fip_inconsistent left_hidden
0.000 2.575 1.398 0.000 0.816 0.000 0.000 0.637 2.949 0.000 0.000 1.661 0.000 0.000 2.550 0.000 0.000 0.700 1.141 0.000 
1 test2fip_inconsistent right_hidden
1.462 1.540 0.000 1.149 2.200 1.304 0.000 0.000 3.234 0.000 0.013 1.510 0.000 0.000 2.144 0.000 0.000 0.144 1.965 0.000 
---
0 test2fip_consistent left_hidden
0.232 0.000 0.266 0.208 0.000 0.000 0.000 0.000 0.183 2.326 0.000 0.000 1.865 0.000 0.000 0.000 3.135 3.107 0.000 0.363 
0 test2fip_consistent right_hidden
1.372 0.000 0.453 0.053 0.023 0.168 0.000 0.000 0.499 0.252 0.619 1.476 0.178 0.000 0.000 0.000 0.345 1.203 0.000 2.540 
---
1 test2fip_inconsistent left_hidden
0.232 0.000 0.266 0.208 0.000 0.000 0.000 0.000 0.183 2.326 0.000 0.000 1.865 0.000 0.000 0.000 3.135 3.107 0.000 0.363 
1 test2fip_inconsistent right_hidden
1.446 0.368 0.614 0.000 0.000 0.000 0.000 0.000 0.240 1.414 0.435 0.897 2.354 0.000 0.000 0.000 2.755 2.389 0.000 3.428 
---
0 test2fip_consistent left_hidden
0.000 0.000 0.000 0.000 3.710 0.000 0.000 0.024 1.302 0.000 0.817 0.000 0.029 0.590 1.762 2.316 0.986 0.382 1.315 0.000 
0 test2fip_consistent right_hidden
0.220 0.101 1.334 0.169 0.085 0.480 0.012 1.911 0.000 0.056 1.396 0.000 0.043 0.604 0.640 0.000 0.053 2.035 1.170 0.000 
---
1 test2fip_inconsistent left_hidden
0.000 0.000 0.000 0.000 3.710 0.000 0.000 0.024 1.302 0.000 0.817 0.000 0.029 0.590 1.762 2.316 0.986 0.382 1.315 0.000 
1 test2fip_inconsistent right_hidden
0.000 1.464 1.688 0.059 1.609 0.000 0.000 1.473 1.674 0.000 2.020 0.000 0.000 1.992 1.713 1.061 0.000 1.695 2.094 0.000 
---
0 test2fip_consistent left_hidden
0.935 0.000 0.017 1.471 1.938 0.290 2.452 0.160 1.178 2.312 0.000 0.000 0.549 0.000 0.752 0.000 0.000 0.000 2.593 0.474 
0 test2fip_consistent right_hidden
0.114 0.063 1.036 0.857 0.240 0.062 0.171 0.575 2.054 0.083 0.000 0.000 0.603 0.000 0.111 2.007 0.000 0.249 1.838 0.264 
---
1 test2fip_inconsistent left_hidden
0.935 0.000 0.017 1.471 1.938 0.290 2.452 0.160 1.178 2.312 0.000 0.000 0.549 0.000 0.752 0.000 0.000 0.000 2.593 0.474 
1 test2fip_inconsistent right_hidden
1.149 0.000 0.459 0.656 1.870 0.132 2.359 0.506 2.640 0.540 0.000 0.000 0.000 0.000 0.298 1.264 0.000 0.000 3.505 0.047 
---
0 test2fip_consistent left_hidden
0.000 0.178 0.000 0.000 0.285 0.000 0.000 1.808 1.387 0.000 2.448 1.629 0.251 1.555 0.628 0.000 2.873 0.836 0.000 0.670 
0 test2fip_consistent right_hidden
0.000 0.395 0.000 0.000 0.104 0.006 0.000 0.579 2.449 0.120 0.028 0.554 0.606 0.730 2.598 0.000 0.587 0.632 0.850 0.352 
---
1 test2fip_inconsistent left_hidden
0.000 0.178 0.000 0.000 0.285 0.000 0.000 1.808 1.387 0.000 2.448 1.629 0.251 1.555 0.628 0.000 2.873 0.836 0.000 0.670 
1 test2fip_inconsistent right_hidden
0.000 0.068 0.000 0.000 0.234 0.000 0.000 0.317 2.838 0.000 2.634 0.852 0.362 1.273 2.479 0.000 2.845 1.583 0.488 0.060 
---
0 test2fip_consistent left_hidden
0.000 0.622 0.000 0.533 0.000 0.678 0.000 3.920 2.082 0.000 1.296 0.000 0.000 0.476 0.000 1.219 0.223 0.786 1.248 0.000 
0 test2fip_consistent right_hidden
0.000 1.251 0.000 1.035 0.000 0.618 1.002 0.116 0.138 0.000 1.071 0.083 0.000 0.621 0.722 1.740 0.020 0.898 2.162 0.002 
---
1 test2fip_inconsistent left_hidden
0.000 0.622 0.000 0.533 0.000 0.678 0.000 3.920 2.082 0.000 1.296 0.000 0.000 0.476 0.000 1.219 0.223 0.786 1.248 0.000 
1 test2fip_inconsistent right_hidden
0.000 1.538 0.000 1.448 0.000 1.079 0.839 2.994 1.728 0.000 2.062 0.142 0.000 0.789 0.462 1.576 0.000 1.302 2.787 0.009 
---
0 test2fip_consistent left_hidden
0.000 0.000 1.076 0.091 0.000 0.276 0.000 0.184 1.272 3.120 0.000 2.570 0.000 0.575 0.000 0.000 1.072 0.000 0.648 2.166 
0 test2fip_consistent right_hidden
0.000 1.329 0.976 0.097 0.178 0.380 0.000 0.011 0.626 0.130 1.528 1.031 0.030 0.000 1.843 0.658 0.000 1.355 0.387 0.559 
---
1 test2fip_inconsistent left_hidden
0.000 0.000 1.076 0.091 0.000 0.276 0.000 0.184 1.272 3.120 0.000 2.570 0.000 0.575 0.000 0.000 1.072 0.000 0.648 2.166 
1 test2fip_inconsistent right_hidden
0.000 0.941 1.220 0.000 0.000 0.557 0.000 0.000 1.814 2.748 1.415 2.775 0.000 0.000 1.931 0.444 0.000 0.821 0.988 2.398 
---
0 test2fip_consistent left_hidden
0.527 0.000 1.246 0.000 0.000 0.000 0.110 0.000 1.096 1.224 0.728 0.000 2.169 0.000 0.000 3.410 0.557 0.000 2.579 0.000 
0 test2fip_consistent right_hidden
0.134 1.622 0.255 0.261 0.161 0.142 1.220 2.147 0.919 0.430 0.000 0.000 0.942 0.000 0.000 0.606 0.127 1.108 0.427 0.921 
---
1 test2fip_inconsistent left_hidden
0.527 0.000 1.246 0.000 0.000 0.000 0.110 0.000 1.096 1.224 0.728 0.000 2.169 0.000 0.000 3.410 0.557 0.000 2.579 0.000 
1 test2fip_inconsistent right_hidden
0.181 1.542 1.821 0.466 0.048 0.143 1.013 1.628 1.536 0.916 0.000 0.000 2.290 0.000 0.000 2.438 0.866 0.854 2.029 0.845 
---
0 test2fip_consistent left_hidden
1.196 2.529 0.839 1.568 0.066 0.000 0.000 0.000 0.000 3.550 1.349 0.143 0.000 0.000 0.165 0.000 0.850 0.000 0.844 0.000 
0 test2fip_consistent right_hidden
0.000 0.352 1.984 0.608 0.277 0.000 0.000 0.649 0.437 0.260 1.617 0.000 0.000 0.077 1.567 0.000 1.156 0.000 0.163 1.976 
---
1 test2fip_inconsistent left_hidden
1.196 2.529 0.839 1.568 0.066 0.000 0.000 0.000 0.000 3.550 1.349 0.143 0.000 0.000 0.165 0.000 0.850 0.000 0.844 0.000 
1 test2fip_inconsistent right_hidden
1.286 2.323 2.719 1.740 0.230 0.000 0.000 0.715 0.180 1.803 2.258 0.000 0.000 0.000 1.580 0.000 2.471 0.000 1.843 1.285 
---
0 test2fip_consistent left_hidden
1.259 0.000 0.113 1.608 0.000 1.324 0.000 0.027 1.596 0.625 0.881 0.510 1.060 0.545 0.000 3.743 0.000 0.000 0.989 1.278 
0 test2fip_consistent right_hidden
0.046 0.372 0.641 1.126 0.000 0.158 1.861 0.018 0.084 0.469 0.395 1.284 0.193 2.319 0.781 0.413 0.438 0.000 0.000 0.568 
---
1 test2fip_inconsistent left_hidden
1.259 0.000 0.113 1.608 0.000 1.324 0.000 0.027 1.596 0.625 0.881 0.510 1.060 0.545 0.000 3.743 0.000 0.000 0.989 1.278 
1 test2fip_inconsistent right_hidden
0.908 0.000 0.993 2.057 0.000 0.667 1.980 0.000 1.106 0.017 1.908 0.830 0.000 2.049 0.481 3.329 0.269 0.000 0.134 1.713 
---
0 test2fip_consistent left_hidden
0.406 0.000 0.297 0.022 2.171 2.631 0.871 0.085 0.000 0.000 0.000 1.270 1.271 0.000 0.000 0.000 2.493 1.184 0.952 0.000 
0 test2fip_consistent right_hidden
0.029 0.000 0.071 0.646 0.552 0.085 0.889 0.000 0.261 0.232 1.045 1.149 0.956 0.000 0.000 0.000 1.334 0.063 2.763 0.630 
---
1 test2fip_inconsistent left_hidden
0.406 0.000 0.297 0.022 2.171 2.631 0.871 0.085 0.000 0.000 0.000 1.270 1.271 0.000 0.000 0.000 2.493 1.184 0.952 0.000 
1 test2fip_inconsistent right_hidden
0.565 0.000 0.079 0.112 1.663 2.124 1.968 0.000 0.000 0.110 0.544 1.403 1.196 0.000 0.000 0.000 3.055 0.662 3.108 0.383 
---
0 test2fip_consistent left_hidden
0.000 0.031 0.000 0.000 0.148 3.938 0.000 0.000 1.124 2.354 0.051 0.000 0.000 0.000 1.193 0.148 0.297 0.483 0.470 0.000 
0 test2fip_consistent right_hidden
0.000 0.068 0.075 1.110 0.420 0.265 0.284 0.000 1.059 1.812 0.991 0.000 0.633 0.065 0.698 0.000 2.303 0.015 0.069 0.000 
---
1 test2fip_inconsistent left_hidden
0.000 0.031 0.000 0.000 0.148 3.938 0.000 0.000 1.124 2.354 0.051 0.000 0.000 0.000 1.193 0.148 0.297 0.483 0.470 0.000 
1 test2fip_inconsistent right_hidden
0.000 0.000 0.000 0.628 1.558 3.459 0.009 0.000 0.982 3.167 1.543 0.000 0.485 0.000 0.568 0.000 2.418 0.968 0.147 0.000 
---
0 test2fip_consistent left_hidden
0.044 2.286 1.007 0.986 0.342 0.066 0.493 0.000 0.000 0.549 0.000 1.176 2.719 0.000 0.769 0.951 0.236 1.821 1.668 0.387 
0 test2fip_consistent right_hidden
0.837 0.249 0.102 0.122 0.948 1.230 0.000 0.000 0.391 0.147 0.000 1.998 0.494 1.776 1.376 0.150 0.447 0.744 0.271 0.000 
---
1 test2fip_inconsistent left_hidden
0.044 2.286 1.007 0.986 0.342 0.066 0.493 0.000 0.000 0.549 0.000 1.176 2.719 0.000 0.769 0.951 0.236 1.821 1.668 0.387 
1 test2fip_inconsistent right_hidden
0.881 1.688 1.072 0.002 0.512 0.851 0.000 0.000 0.000 1.681 0.000 2.845 2.203 1.546 2.838 1.343 0.471 1.065 1.076 0.000 
---
0 test2fip_consistent left_hidden
0.270 2.767 0.000 0.687 0.000 0.773 1.303 3.380 0.474 0.231 0.000 0.697 0.016 0.000 0.521 0.000 0.000 0.000 1.635 0.000 
0 test2fip_consistent right_hidden
1.787 1.183 0.243 1.010 0.570 0.151 0.197 0.391 1.132 0.409 2.027 0.000 0.000 0.000 0.505 0.000 0.000 0.000 1.682 0.000 
---
1 test2fip_inconsistent left_hidden
0.270 2.767 0.000 0.687 0.000 0.773 1.303 3.380 0.474 0.231 0.000 0.697 0.016 0.000 0.521 0.000 0.000 0.000 1.635 0.000 
1 test2fip_inconsistent right_hidden
1.301 3.728 0.000 1.374 0.282 1.102 1.341 2.515 0.749 0.000 1.492 0.000 0.213 0.000 0.229 0.000 0.000 0.000 1.881 0.000 
---
0 test2fip_consistent left_hidden
0.451 1.344 0.000 0.000 0.000 0.143 0.000 0.013 1.501 0.000 1.690 0.000 2.087 0.825 0.000 0.814 2.255 2.584 0.000 0.000 
0 test2fip_consistent right_hidden
0.866 0.300 0.000 0.000 0.000 0.704 2.547 0.041 0.034 0.527 0.606 0.000 0.309 0.000 0.000 1.664 0.916 1.656 0.000 0.906 
---
1 test2fip_inconsistent left_hidden
0.451 1.344 0.000 0.000 0.000 0.143 0.000 0.013 1.501 0.000 1.690 0.000 2.087 0.825 0.000 0.814 2.255 2.584 0.000 0.000 
1 test2fip_inconsistent right_hidden
0.986 1.842 0.000 0.000 0.000 0.746 2.140 0.000 1.401 0.005 1.326 0.000 2.286 0.239 0.000 1.308 1.712 2.842 0.000 0.629 
---
0 test2fip_consistent left_hidden
0.570 3.228 1.848 0.381 0.000 0.010 0.000 1.569 0.000 0.000 1.040 1.572 0.000 0.313 0.325 1.638 0.096 0.000 1.714 0.000 
0 test2fip_consistent right_hidden
0.480 1.319 0.092 1.547 0.279 0.000 0.097 0.105 0.000 0.439 2.226 1.832 0.000 0.696 0.630 0.396 0.000 0.000 0.942 0.000 
---
1 test2fip_inconsistent left_hidden
0.570 3.228 1.848 0.381 0.000 0.010 0.000 1.569 0.000 0.000 1.040 1.572 0.000 0.313 0.325 1.638 0.096 0.000 1.714 0.000 
1 test2fip_inconsistent right_hidden
0.000 2.690 1.542 1.536 0.586 0.000 0.000 2.418 0.000 0.201 2.492 1.441 0.000 0.999 1.519 1.108 0.000 0.000 2.150 0.000 
---
0 test2fip_consistent left_hidden
0.000 0.000 1.354 0.000 0.000 0.326 0.000 1.811 0.705 0.000 0.351 0.000 0.000 1.102 0.000 1.014 1.422 0.000 0.180 4.259 
0 test2fip_consistent right_hidden
0.000 0.000 0.130 0.000 1.066 1.540 0.130 1.831 0.036 0.000 1.636 0.429 0.000 2.315 0.235 0.000 0.696 0.000 0.961 0.806 
---
1 test2fip_inconsistent left_hidden
0.000 0.000 1.354 0.000 0.000 0.326 0.000 1.811 0.705 0.000 0.351 0.000 0.000 1.102 0.000 1.014 1.422 0.000 0.180 4.259 
1 test2fip_inconsistent right_hidden
0.000 0.000 1.822 0.000 0.242 1.283 0.000 2.215 0.965 0.000 1.019 0.000 0.000 3.596 0.019 0.000 2.270 0.000 0.507 3.218 
---
0 test2fip_consistent left_hidden
0.527 0.984 0.534 0.000 0.000 0.000 2.165 0.000 0.886 0.000 0.000 0.000 0.047 1.308 1.293 0.000 1.447 2.962 1.810 0.827 
0 test2fip_consistent right_hidden
2.248 0.694 2.021 0.000 1.535 0.000 0.000 0.245 0.399 0.000 0.283 0.000 0.036 0.599 0.581 0.000 0.827 0.771 0.088 0.000 
---
1 test2fip_inconsistent left_hidden
0.527 0.984 0.534 0.000 0.000 0.000 2.165 0.000 0.886 0.000 0.000 0.000 0.047 1.308 1.293 0.000 1.447 2.962 1.810 0.827 
1 test2fip_inconsistent right_hidden
2.422 0.698 2.256 0.667 1.026 0.000 2.311 0.000 0.877 0.488 0.181 0.000 0.018 0.474 1.386 0.000 1.745 2.415 1.631 0.347 
---
0 test2fip_consistent left_hidden
0.000 1.576 0.000 1.413 0.427 0.000 0.279 1.539 0.000 2.450 1.261 0.000 0.000 0.000 1.553 0.094 1.080 1.177 0.081 2.357 
0 test2fip_consistent right_hidden
0.000 0.377 0.000 0.941 0.066 0.000 0.180 2.718 0.000 0.596 0.385 0.000 2.023 0.000 0.110 0.326 1.050 0.066 0.000 1.581 
---
1 test2fip_inconsistent left_hidden
0.000 1.576 0.000 1.413 0.427 0.000 0.279 1.539 0.000 2.450 1.261 0.000 0.000 0.000 1.553 0.094 1.080 1.177 0.081 2.357 
1 test2fip_inconsistent right_hidden
0.009 1.258 0.000 1.521 0.120 0.000 0.144 2.939 0.000 2.378 0.044 0.000 1.592 0.024 1.847 0.305 1.724 1.456 0.000 2.794 
---
0 test2fip_consistent left_hidden
2.003 1.354 0.000 0.673 0.000 2.139 0.611 1.500 1.574 0.926 0.000 0.547 0.000 2.850 0.000 0.000 0.000 0.000 1.252 0.000 
0 test2fip_consistent right_hidden
0.148 0.100 0.480 0.000 0.000 0.000 0.000 0.041 3.062 0.000 0.188 0.314 1.339 0.151 0.000 1.297 0.000 1.257 0.267 0.033 
---
1 test2fip_inconsistent left_hidden
2.003 1.354 0.000 0.673 0.000 2.139 0.611 1.500 1.574 0.926 0.000 0.547 0.000 2.850 0.000 0.000 0.000 0.000 1.252 0.000 
1 test2fip_inconsistent right_hidden
1.563 0.428 0.415 0.000 0.744 1.073 0.000 0.517 4.315 0.078 0.127 1.425 1.069 2.190 0.000 0.682 0.000 0.820 0.232 0.000 
---
0 test2fip_consistent left_hidden
0.000 0.000 1.628 0.000 0.489 0.000 0.371 0.000 0.605 1.255 0.013 0.000 1.979 2.724 0.000 2.797 0.000 0.423 0.329 1.195 
0 test2fip_consistent right_hidden
0.000 0.155 0.582 1.030 0.069 0.894 0.699 1.177 0.262 0.098 1.375 0.000 0.076 0.662 0.000 0.919 0.000 0.167 2.462 1.309 
---
1 test2fip_inconsistent left_hidden
0.000 0.000 1.628 0.000 0.489 0.000 0.371 0.000 0.605 1.255 0.013 0.000 1.979 2.724 0.000 2.797 0.000 0.423 0.329 1.195 
1 test2fip_inconsistent right_hidden
0.000 0.344 1.851 0.803 0.000 0.314 1.499 0.934 1.406 0.000 1.243 0.000 1.083 2.454 0.000 2.801 0.089 0.828 2.194 0.761 
---
0 test2fip_consistent left_hidden
0.144 0.081 0.000 0.861 0.000 0.000 0.000 0.181 1.663 0.000 0.404 0.149 0.000 3.545 3.087 0.000 0.409 1.365 0.000 0.687 
0 test2fip_consistent right_hidden
0.000 1.164 1.055 0.804 0.000 0.273 0.461 1.620 1.000 0.573 0.000 0.105 0.301 0.120 0.000 0.000 1.943 0.808 1.495 0.455 
---
1 test2fip_inconsistent left_hidden
0.144 0.081 0.000 0.861 0.000 0.000 0.000 0.181 1.663 0.000 0.404 0.149 0.000 3.545 3.087 0.000 0.409 1.365 0.000 0.687 
1 test2fip_inconsistent right_hidden
0.000 0.949 0.803 2.587 0.000 0.122 0.385 2.870 1.903 0.224 0.000 1.177 0.016 2.655 0.525 0.000 1.488 0.766 1.302 0.147 
---
0 test2fip_consistent left_hidden
0.000 0.490 0.000 2.124 2.485 0.000 2.752 0.000 0.052 2.670 0.407 0.940 0.000 0.000 0.947 0.000 0.256 0.407 0.000 0.070 
0 test2fip_consistent right_hidden
0.123 0.705 0.339 0.196 2.270 0.174 0.245 0.156 1.567 0.749 0.028 0.250 0.406 0.000 0.193 0.000 1.365 0.661 1.377 0.389 
---
1 test2fip_inconsistent left_hidden
0.000 0.490 0.000 2.124 2.485 0.000 2.752 0.000 0.052 2.670 0.407 0.940 0.000 0.000 0.947 0.000 0.256 0.407 0.000 0.070 
1 test2fip_inconsistent right_hidden
0.000 1.494 0.022 0.647 3.542 0.266 2.436 0.618 1.258 2.043 0.371 0.953 0.205 0.000 1.634 0.000 1.381 0.386 0.918 0.415 
---
0 test2fip_consistent left_hidden
0.255 2.602 0.000 0.000 0.760 1.323 0.000 3.221 0.000 0.000 0.000 0.000 0.000 0.051 0.543 0.064 1.231 0.000 0.454 2.662 
0 test2fip_consistent right_hidden
0.123 0.179 0.000 0.000 0.803 1.069 0.000 0.045 0.000 0.000 0.000 1.390 2.315 0.452 0.000 1.905 0.535 0.017 0.803 0.243 
---
1 test2fip_inconsistent left_hidden
0.255 2.602 0.000 0.000 0.760 1.323 0.000 3.221 0.000 0.000 0.000 0.000 0.000 0.051 0.543 0.064 1.231 0.000 0.454 2.662 
1 test2fip_inconsistent right_hidden
0.000 2.052 0.000 0.000 1.618 0.719 0.000 1.914 0.000 0.000 0.000 2.112 1.759 0.462 0.000 1.888 1.138 0.000 1.429 2.084 
---
0 test2fip_consistent left_hidden
0.928 0.000 3.338 0.000 0.000 0.970 1.740 1.386 0.000 2.268 0.357 0.000 0.000 0.000 0.000 0.964 0.000 0.338 1.218 0.975 
0 test2fip_consistent right_hidden
0.985 0.134 0.316 0.000 0.308 0.169 0.154 1.355 0.925 1.663 1.862 0.318 1.620 1.011 0.000 0.000 0.000 0.306 0.528 0.200 
---
1 test2fip_inconsistent left_hidden
0.928 0.000 3.338 0.000 0.000 0.970 1.740 1.386 0.000 2.268 0.357 0.000 0.000 0.000 0.000 0.964 0.000 0.338 1.218 0.975 
1 test2fip_inconsistent right_hidden
2.052 0.209 2.825 0.000 0.141 1.506 1.500 2.249 1.296 2.566 1.374 0.000 1.338 0.459 0.000 0.000 0.000 0.181 0.508 1.500 
---
0 test2fip_consistent left_hidden
0.260 1.547 0.000 0.355 1.187 2.449 0.000 0.061 0.000 0.939 0.052 2.265 0.351 0.000 0.000 0.000 0.000 0.000 2.264 1.540 
0 test2fip_consistent right_hidden
1.442 0.783 0.402 0.118 2.155 0.072 0.000 0.205 0.000 0.378 1.454 0.161 1.551 0.377 0.035 0.000 0.404 0.000 0.011 1.276 
---
1 test2fip_inconsistent left_hidden
0.260 1.547 0.000 0.355 1.187 2.449 0.000 0.061 0.000 0.939 0.052 2.265 0.351 0.000 0.000 0.000 0.000 0.000 2.264 1.540 
1 test2fip_inconsistent right_hidden
1.283 1.320 0.339 0.670 2.961 1.798 0.000 0.135 0.000 1.214 0.691 1.850 1.805 0.000 0.068 0.000 0.000 0.000 1.619 1.529 
---
0 test2fip_consistent left_hidden
2.780 0.000 2.033 0.000 0.000 0.000 0.551 1.752 1.680 0.000 1.254 1.101 0.227 0.669 0.963 1.900 0.000 0.000 0.000 0.000 
0 test2fip_consistent right_hidden
0.606 0.000 2.311 0.515 0.000 0.000 0.062 0.191 1.551 2.023 0.086 1.304 0.852 0.030 0.761 0.333 0.000 0.571 0.000 0.000 
---
1 test2fip_inconsistent left_hidden
2.780 0.000 2.033 0.000 0.000 0.000 0.551 1.752 1.680 0.000 1.254 1.101 0.227 0.669 0.963 1.900 0.000 0.000 0.000 0.000 
1 test2fip_inconsistent right_hidden
3.044 0.000 2.299 0.000 0.000 0.000 0.000 1.973 2.858 1.697 0.156 2.247 1.027 0.795 0.780 1.854 0.000 0.117 0.000 0.000 
---
0 test2fip_consistent left_hidden
1.266 0.000 0.000 0.872 0.000 1.288 0.347 1.587 0.277 0.000 0.000 0.000 0.000 4.015 2.876 0.915 0.000 0.000 0.156 0.000 
0 test2fip_consistent right_hidden
0.000 0.000 0.000 0.939 0.000 0.387 2.665 1.463 0.069 0.000 0.887 0.084 0.000 0.324 0.178 0.010 2.072 0.000 0.000 0.000 
---
1 test2fip_inconsistent left_hidden
1.266 0.000 0.000 0.872 0.000 1.288 0.347 1.587 0.277 0.000 0.000 0.000 0.000 4.015 2.876 0.915 0.000 0.000 0.156 0.000 
1 test2fip_inconsistent right_hidden
0.000 0.000 0.000 0.588 0.000 2.022 3.170 2.954 0.000 0.000 0.305 0.000 0.000 3.462 0.796 0.000 0.903 0.000 0.000 0.000 
---
0 test2fip_consistent left_hidden
0.000 0.000 0.000 0.035 1.309 0.000 0.691 1.535 0.264 2.581 0.000 2.885 1.753 0.000 0.000 0.000 2.440 0.000 0.000 0.000 
0 test2fip_consistent right_hidden
0.702 0.000 0.510 0.634 0.139 0.000 1.195 0.016 0.687 0.666 0.000 0.000 0.148 2.367 0.000 0.000 2.174 0.088 0.713 0.000 
---
1 test2fip_inconsistent left_hidden
0.000 0.000 0.000 0.035 1.309 0.000 0.691 1.535 0.264 2.581 0.000 2.885 1.753 0.000 0.000 0.000 2.440 0.000 0.000 0.000 
1 test2fip_inconsistent right_hidden
0.539 0.000 0.468 0.486 0.000 0.000 0.922 2.177 1.405 2.604 0.000 1.798 0.910 1.834 0.000 0.000 3.380 0.290 0.693 0.000 
---
0 test2fip_consistent left_hidden
0.000 1.504 0.000 2.984 2.612 0.000 0.000 1.774 0.000 1.266 0.000 1.553 0.000 0.000 0.000 0.890 0.000 0.000 0.000 2.025 
0 test2fip_consistent right_hidden
0.000 0.000 0.030 1.084 1.000 2.124 0.337 0.712 0.000 0.566 0.000 1.182 0.162 0.400 0.000 0.000 0.000 0.000 2.641 0.267 
---
1 test2fip_inconsistent left_hidden
0.000 1.504 0.000 2.984 2.612 0.000 0.000 1.774 0.000 1.266 0.000 1.553 0.000 0.000 0.000 0.890 0.000 0.000 0.000 2.025 
1 test2fip_inconsistent right_hidden
0.000 1.532 0.000 2.520 1.515 1.312 0.325 2.331 0.000 1.627 0.000 2.684 0.000 0.155 0.000 0.000 0.000 0.000 2.392 1.731 
---
0 test2fip_consistent left_hidden
0.000 2.301 0.000 1.875 0.000 1.183 0.000 0.000 0.560 0.000 0.000 0.436 3.333 0.685 1.057 0.000 0.000 0.035 0.233 0.234 
0 test2fip_consistent right_hidden
0.000 0.172 0.000 2.109 0.000 0.394 0.000 0.057 1.213 0.000 0.820 0.063 1.206 1.739 0.492 0.000 0.000 0.093 0.774 1.347 
---
1 test2fip_inconsistent left_hidden
0.000 2.301 0.000 1.875 0.000 1.183 0.000 0.000 0.560 0.000 0.000 0.436 3.333 0.685 1.057 0.000 0.000 0.035 0.233 0.234 
1 test2fip_inconsistent right_hidden
0.011 2.992 0.000 2.675 0.000 0.997 0.000 0.000 1.138 0.000 0.531 0.494 2.538 1.322 1.485 0.000 0.000 0.003 0.437 1.947 
---
0 test2fip_consistent left_hidden
0.000 2.634 1.071 0.498 2.193 0.000 0.000 0.000 1.138 0.000 0.000 0.480 3.816 0.000 0.000 0.000 0.000 0.479 0.959 0.033 
0 test2fip_consistent right_hidden
1.376 0.000 2.365 0.560 0.056 0.000 0.000 0.000 1.649 0.073 0.000 0.206 2.179 0.000 0.000 0.000 0.000 0.448 0.217 0.000 
---
1 test2fip_inconsistent left_hidden
0.000 2.634 1.071 0.498 2.193 0.000 0.000 0.000 1.138 0.000 0.000 0.480 3.816 0.000 0.000 0.000 0.000 0.479 0.959 0.033 
1 test2fip_inconsistent right_hidden
0.760 1.818 1.724 0.232 1.686 0.000 0.000 0.000 1.764 0.000 0.199 0.757 4.689 0.000 0.000 0.000 0.000 0.000 0.759 0.919 
---
0 test2fip_consistent left_hidden
0.000 0.770 0.288 0.432 0.000 0.278 0.000 4.156 2.012 0.000 0.000 0.000 0.711 0.000 0.171 0.718 0.000 1.847 0.025 0.000 
0 test2fip_consistent right_hidden
0.036 0.591 1.254 0.107 0.000 0.475 0.000 0.224 1.463 0.000 0.153 0.806 1.181 0.051 2.501 0.105 0.039 0.093 0.995 0.043 
---
1 test2fip_inconsistent left_hidden
0.000 0.770 0.288 0.432 0.000 0.278 0.000 4.156 2.012 0.000 0.000 0.000 0.711 0.000 0.171 0.718 0.000 1.847 0.025 0.000 
1 test2fip_inconsistent right_hidden
0.000 0.082 1.041 0.959 0.000 0.232 0.000 2.498 2.559 0.000 0.517 0.494 2.263 0.000 1.995 0.000 0.000 2.237 0.718 0.000 
---
0 test2fip_consistent left_hidden
0.000 0.104 1.121 1.560 0.000 0.000 3.370 0.233 1.336 0.000 1.040 0.920 0.000 0.000 0.206 0.000 0.000 2.715 0.000 2.293 
0 test2fip_consistent right_hidden
0.000 1.883 0.292 2.378 0.000 0.555 0.085 0.000 0.758 2.522 0.132 0.000 0.000 0.000 0.000 0.032 0.000 0.375 0.000 0.019 
---
1 test2fip_inconsistent left_hidden
0.000 0.104 1.121 1.560 0.000 0.000 3.370 0.233 1.336 0.000 1.040 0.920 0.000 0.000 0.206 0.000 0.000 2.715 0.000 2.293 
1 test2fip_inconsistent right_hidden
0.000 1.986 2.664 2.769 0.000 1.657 2.157 0.000 2.036 2.073 0.730 0.371 0.000 0.000 0.000 0.000 0.000 0.122 0.000 1.431 
---
0 test2fip_consistent left_hidden
0.000 0.000 0.918 0.000 0.336 2.674 0.208 3.384 0.598 0.020 0.311 0.000 2.645 0.000 0.000 0.000 0.229 0.000 1.485 0.000 
0 test2fip_consistent right_hidden
0.000 0.000 0.000 1.833 1.118 0.097 0.814 0.161 1.798 0.612 0.000 0.000 1.778 0.000 0.347 0.000 0.483 0.374 1.747 1.331 
---
1 test2fip_inconsistent left_hidden
0.000 0.000 0.918 0.000 0.336 2.674 0.208 3.384 0.598 0.020 0.311 0.000 2.645 0.000 0.000 0.000 0.229 0.000 1.485 0.000 
1 test2fip_inconsistent right_hidden
0.000 0.000 0.000 0.485 1.708 2.441 1.278 1.764 1.290 0.414 0.295 0.000 2.382 0.000 0.510 0.000 0.847 0.686 3.728 0.764 
---
0 test2fip_consistent left_hidden
0.000 0.000 0.559 0.000 0.000 0.000 2.521 1.592 0.000 2.015 0.000 0.306 2.085 1.223 0.000 0.075 2.454 0.000 0.762 0.628 
0 test2fip_consistent right_hidden
0.556 0.230 0.079 0.000 0.069 0.000 0.173 2.392 0.000 1.775 0.000 0.009 1.173 0.642 1.264 0.399 0.148 1.327 0.096 0.000 
---
1 test2fip_inconsistent left_hidden
0.000 0.000 0.559 0.000 0.000 0.000 2.521 1.592 0.000 2.015 0.000 0.306 2.085 1.223 0.000 0.075 2.454 0.000 0.762 0.628 
1 test2fip_inconsistent right_hidden
0.252 0.000 0.196 0.000 0.000 0.000 2.421 2.353 0.000 2.836 0.041 0.202 2.642 1.327 1.924 0.197 1.348 1.032 0.742 0.069 
---
0 test2fip_consistent left_hidden
0.899 0.000 0.000 0.374 0.000 1.378 0.000 0.984 0.103 0.000 1.400 0.713 0.071 2.290 0.059 0.000 0.302 0.496 0.000 3.903 
0 test2fip_consistent right_hidden
0.000 2.016 0.046 1.401 0.000 0.173 0.016 0.000 2.478 0.000 0.117 0.042 0.015 2.081 0.089 0.000 0.003 0.596 0.000 0.848 
---
1 test2fip_inconsistent left_hidden
0.899 0.000 0.000 0.374 0.000 1.378 0.000 0.984 0.103 0.000 1.400 0.713 0.071 2.290 0.059 0.000 0.302 0.496 0.000 3.903 
1 test2fip_inconsistent right_hidden
0.000 0.928 0.000 0.968 0.000 1.941 0.000 0.000 1.789 0.000 1.020 0.160 0.000 3.482 0.035 0.000 0.459 0.343 0.000 4.218 
---
0 test2fip_consistent left_hidden
0.566 0.436 1.414 0.000 0.000 0.000 0.000 0.061 0.000 2.184 2.334 0.000 2.464 0.082 0.000 1.886 0.548 1.036 0.000 0.737 
0 test2fip_consistent right_hidden
0.020 1.514 0.000 0.000 0.000 0.000 0.000 0.092 0.000 0.174 0.150 0.000 0.000 0.000 0.000 0.973 0.000 3.572 0.000 0.000 
---
1 test2fip_inconsistent left_hidden
0.566 0.436 1.414 0.000 0.000 0.000 0.000 0.061 0.000 2.184 2.334 0.000 2.464 0.082 0.000 1.886 0.548 1.036 0.000 0.737 
1 test2fip_inconsistent right_hidden
0.000 0.337 1.426 0.000 0.000 0.000 0.000 0.000 0.000 0.995 1.198 0.000 2.522 0.000 0.000 1.300 0.000 3.841 0.000 0.427 
---
0 test2fip_consistent left_hidden
0.000 0.000 2.068 0.038 0.000 0.000 0.000 0.000 4.681 0.037 0.000 0.089 0.196 1.744 0.122 0.000 0.099 0.000 0.000 0.027 
0 test2fip_consistent right_hidden
0.000 0.000 0.239 0.000 0.691 0.508 1.828 0.077 1.147 0.520 2.626 0.252 0.000 0.000 1.005 0.000 1.430 1.474 0.000 0.512 
---
1 test2fip_inconsistent left_hidden
0.000 0.000 2.068 0.038 0.000 0.000 0.000 0.000 4.681 0.037 0.000 0.089 0.196 1.744 0.122 0.000 0.099 0.000 0.000 0.027 
1 test2fip_inconsistent right_hidden
0.000 0.000 1.949 0.000 1.529 0.626 1.608 0.000 3.167 0.872 1.887 2.123 0.000 0.000 0.711 0.000 3.217 1.201 0.000 0.407 
---
0 test2fip_consistent left_hidden
0.176 0.000 0.000 2.272 0.868 1.848 0.000 1.163 0.000 0.354 0.679 0.000 0.000 0.000 0.000 0.000 0.311 1.465 3.402 2.392 
0 test2fip_consistent right_hidden
1.811 0.563 0.379 0.436 0.149 0.142 0.000 0.035 0.000 0.000 0.110 0.315 0.575 0.000 0.775 1.158 2.380 0.868 1.270 0.331 
---
1 test2fip_inconsistent left_hidden
0.176 0.000 0.000 2.272 0.868 1.848 0.000 1.163 0.000 0.354 0.679 0.000 0.000 0.000 0.000 0.000 0.311 1.465 3.402 2.392 
1 test2fip_inconsistent right_hidden
1.122 0.238 0.263 2.273 0.543 0.948 0.000 0.743 0.000 0.000 0.688 0.000 1.048 0.000 0.430 0.875 2.827 1.387 3.924 1.685 
---
0 test2fip_consistent left_hidden
0.000 0.000 0.000 0.000 0.000 0.000 0.865 0.074 0.137 0.000 2.227 0.058 0.603 0.258 0.000 1.906 4.388 0.889 0.000 0.000 
0 test2fip_consistent right_hidden
0.000 0.000 0.000 0.077 0.000 0.000 1.329 0.000 0.529 1.877 1.401 0.479 1.907 0.000 0.000 0.578 1.455 0.359 1.347 0.373 
---
1 test2fip_inconsistent left_hidden
0.000 0.000 0.000 0.000 0.000 0.000 0.865 0.074 0.137 0.000 2.227 0.058 0.603 0.258 0.000 1.906 4.388 0.889 0.000 0.000 
1 test2fip_inconsistent right_hidden
0.000 0.000 0.000 0.000 0.000 0.000 1.243 0.000 0.269 1.531 1.008 0.067 2.207 0.042 0.000 0.000 4.879 0.281 0.000 0.450 
---
0 test2fip_consistent left_hidden
0.000 0.022 2.550 0.000 3.166 0.000 0.000 0.000 0.706 0.000 0.140 0.926 0.000 1.259 0.271 2.219 0.000 0.799 0.455 0.000 
0 test2fip_consistent right_hidden
0.000 1.545 0.190 0.203 0.396 0.000 0.000 0.000 0.801 0.764 0.889 0.315 1.288 0.052 0.100 1.835 0.906 1.179 1.189 0.000 
---
1 test2fip_inconsistent left_hidden
0.000 0.022 2.550 0.000 3.166 0.000 0.000 0.000 0.706 0.000 0.140 0.926 0.000 1.259 0.271 2.219 0.000 0.799 0.455 0.000 
1 test2fip_inconsistent right_hidden
0.000 1.560 2.863 0.310 2.063 0.000 0.000 0.000 2.238 0.142 0.248 0.720 1.435 0.547 0.031 2.677 0.565 1.690 1.067 0.000 
---
0 test2fip_consistent left_hidden
0.000 2.222 0.724 0.000 0.000 0.000 0.516 0.000 0.483 1.317 2.244 0.001 0.000 1.176 0.000 0.000 1.319 2.504 0.000 1.685 
0 test2fip_consistent right_hidden
0.000 0.893 0.000 0.028 0.000 0.015 0.526 0.000 2.919 0.887 0.000 0.000 0.612 1.721 1.257 0.041 0.000 0.104 0.000 1.380 
---
1 test2fip_inconsistent left_hidden
0.000 2.222 0.724 0.000 0.000 0.000 0.516 0.000 0.483 1.317 2.244 0.001 0.000 1.176 0.000 0.000 1.319 2.504 0.000 1.685 
1 test2fip_inconsistent right_hidden
0.000 2.408 0.000 1.157 0.000 0.000 0.095 0.000 1.801 2.417 0.205 0.000 0.000 2.568 0.718 0.000 0.677 2.210 0.000 2.603 
---
0 test2fip_consistent left_hidden
0.000 0.375 0.439 0.000 0.000 0.881 1.528 0.000 1.024 2.771 2.230 0.000 0.427 0.000 0.000 0.000 1.374 0.000 2.595 0.000 
0 test2fip_consistent right_hidden
0.863 0.140 0.000 0.265 0.357 0.172 0.141 1.926 0.963 1.481 1.844 0.399 0.020 0.475 0.000 0.000 0.000 1.478 0.114 0.464 
---
1 test2fip_inconsistent left_hidden
0.000 0.375 0.439 0.000 0.000 0.881 1.528 0.000 1.024 2.771 2.230 0.000 0.427 0.000 0.000 0.000 1.374 0.000 2.595 0.000 
1 test2fip_inconsistent right_hidden
0.670 0.849 0.000 0.000 0.000 1.364 1.402 1.309 0.682 3.898 2.800 0.000 0.000 0.000 0.000 0.000 0.494 1.349 1.694 0.000 
---
0 test2fip_consistent left_hidden
0.110 0.000 1.897 0.000 0.539 0.616 0.000 0.741 0.000 0.000 1.720 1.039 0.134 1.372 0.000 0.501 4.014 0.000 0.000 0.000 
0 test2fip_consistent right_hidden
0.960 0.000 0.000 0.000 0.000 0.030 0.005 0.000 0.016 0.000 1.757 0.134 0.721 0.159 0.000 0.116 2.029 2.895 0.205 0.000 
---
1 test2fip_inconsistent left_hidden
0.110 0.000 1.897 0.000 0.539 0.616 0.000 0.741 0.000 0.000 1.720 1.039 0.134 1.372 0.000 0.501 4.014 0.000 0.000 0.000 
1 test2fip_inconsistent right_hidden
0.914 0.000 2.575 0.000 0.000 0.300 0.000 0.000 0.000 0.000 3.084 0.848 0.229 0.220 0.000 0.261 4.198 2.489 0.772 0.000 
---
0 test2fip_consistent left_hidden
2.173 0.000 0.051 0.000 0.000 1.882 0.000 0.000 2.912 0.000 1.036 0.000 0.076 0.000 0.031 1.785 0.000 2.280 0.000 0.031 
0 test2fip_consistent right_hidden
1.269 0.000 1.447 0.000 0.000 0.002 1.392 0.000 0.617 0.000 1.125 1.551 0.474 0.085 0.028 1.256 1.328 0.123 0.000 0.000 
---
1 test2fip_inconsistent left_hidden
2.173 0.000 0.051 0.000 0.000 1.882 0.000 0.000 2.912 0.000 1.036 0.000 0.076 0.000 0.031 1.785 0.000 2.280 0.000 0.031 
1 test2fip_inconsistent right_hidden
2.979 0.000 1.067 0.000 0.000 0.000 1.028 0.000 1.159 0.000 1.348 0.688 2.061 0.000 0.000 2.965 0.724 1.288 0.000 0.000 
---
0 test2fip_consistent left_hidden
1.467 2.824 0.000 0.000 1.481 1.089 0.000 0.000 0.744 2.337 0.000 0.031 0.873 0.000 0.000 1.714 0.000 0.815 2.020 0.306 
0 test2fip_consistent right_hidden
1.367 1.377 0.536 1.342 1.157 0.452 0.112 0.000 0.477 0.743 0.000 0.000 0.081 0.302 0.000 0.141 0.070 0.081 1.079 1.961 
---
1 test2fip_inconsistent left_hidden
1.467 2.824 0.000 0.000 1.481 1.089 0.000 0.000 0.744 2.337 0.000 0.031 0.873 0.000 0.000 1.714 0.000 0.815 2.020 0.306 
1 test2fip_inconsistent right_hidden
2.008 2.763 0.731 0.554 1.913 2.009 0.000 0.000 0.958 1.016 0.000 0.000 1.571 0.000 0.000 1.401 0.000 0.665 1.219 1.675 
---
0 test2fip_consistent left_hidden
0.377 0.000 0.000 0.623 3.141 0.000 0.000 0.783 0.400 1.789 0.077 0.000 1.602 0.000 1.345 1.797 1.367 0.056 0.123 0.000 
0 test2fip_consistent right_hidden
0.941 0.000 0.000 0.000 0.448 1.021 0.981 0.164 2.642 0.782 0.000 0.000 1.019 0.000 0.041 1.134 0.102 0.912 1.983 0.000 
---
1 test2fip_inconsistent left_hidden
0.377 0.000 0.000 0.623 3.141 0.000 0.000 0.783 0.400 1.789 0.077 0.000 1.602 0.000 1.345 1.797 1.367 0.056 0.123 0.000 
1 test2fip_inconsistent right_hidden
2.717 0.000 0.000 0.000 2.834 0.815 0.157 1.161 2.390 2.631 0.104 0.000 1.407 0.000 1.028 1.335 0.319 0.938 1.784 0.000 
---
0 test2fip_consistent left_hidden
0.000 2.899 1.307 0.110 0.000 0.313 0.000 0.383 0.019 0.643 0.000 2.286 2.193 0.000 0.000 0.000 1.207 1.078 0.000 0.000 
0 test2fip_consistent right_hidden
0.292 0.646 0.111 1.376 0.000 0.000 0.000 1.306 0.000 0.000 0.053 2.751 0.137 0.033 0.000 1.276 0.024 0.000 1.429 0.000 
---
1 test2fip_inconsistent left_hidden
0.000 2.899 1.307 0.110 0.000 0.313 0.000 0.383 0.019 0.643 0.000 2.286 2.193 0.000 0.000 0.000 1.207 1.078 0.000 0.000 
1 test2fip_inconsistent right_hidden
0.000 2.620 1.530 1.107 0.000 0.000 0.000 1.119 0.000 0.415 0.000 4.067 1.864 0.000 0.000 1.189 1.210 0.000 1.078 0.000 
---
0 test2fip_consistent left_hidden
0.000 0.000 0.000 0.158 1.689 1.601 0.061 3.597 0.746 0.208 0.000 0.128 0.000 1.959 0.000 0.000 0.000 1.913 0.374 0.000 
0 test2fip_consistent right_hidden
0.000 0.449 0.000 0.217 0.958 0.048 1.735 1.534 0.197 0.069 0.000 3.114 0.000 0.607 0.000 0.077 0.000 0.227 0.124 0.000 
---
1 test2fip_inconsistent left_hidden
0.000 0.000 0.000 0.158 1.689 1.601 0.061 3.597 0.746 0.208 0.000 0.128 0.000 1.959 0.000 0.000 0.000 1.913 0.374 0.000 
1 test2fip_inconsistent right_hidden
0.000 0.000 0.000 0.034 2.723 1.342 2.126 4.007 0.795 0.000 0.000 2.051 0.000 1.205 0.000 0.000 0.000 1.532 0.595 0.000 
---
0 test2fip_consistent left_hidden
0.088 0.000 0.000 0.000 1.126 0.033 2.072 0.668 2.124 0.000 0.908 0.351 1.449 0.491 3.181 1.118 1.788 0.222 0.000 0.000 
0 test2fip_consistent right_hidden
0.000 0.000 0.013 0.873 0.011 0.873 0.079 0.613 0.566 1.183 0.000 1.641 0.104 0.000 1.520 1.370 0.794 1.106 0.375 0.000 
---
1 test2fip_inconsistent left_hidden
0.088 0.000 0.000 0.000 1.126 0.033 2.072 0.668 2.124 0.000 0.908 0.351 1.449 0.491 3.181 1.118 1.788 0.222 0.000 0.000 
1 test2fip_inconsistent right_hidden
0.000 0.000 0.000 0.823 0.672 0.558 1.024 0.539 2.612 0.916 0.524 1.413 1.381 0.000 2.820 1.487 2.986 0.679 0.395 0.000 
---
0 test2fip_consistent left_hidden
0.731 0.000 1.924 1.402 1.886 0.330 0.000 0.000 0.000 0.000 0.000 0.000 1.008 0.426 2.707 0.000 0.085 3.268 0.000 0.098 
0 test2fip_consistent right_hidden
2.850 0.000 0.024 1.669 0.032 0.294 0.000 0.084 0.000 0.000 0.000 0.000 0.025 0.481 0.438 0.000 0.812 0.000 1.204 1.820 
---
1 test2fip_inconsistent left_hidden
0.731 0.000 1.924 1.402 1.886 0.330 0.000 0.000 0.000 0.000 0.000 0.000 1.008 0.426 2.707 0.000 0.085 3.268 0.000 0.098 
1 test2fip_inconsistent right_hidden
2.885 0.081 0.794 3.486 1.059 0.790 0.000 0.000 0.000 0.000 0.000 0.000 0.589 1.176 1.150 0.000 0.645 2.576 0.875 1.474 
---
0 test2fip_consistent left_hidden
2.628 0.000 0.193 0.000 4.003 0.464 0.511 0.000 0.000 1.154 0.000 1.533 0.966 0.000 0.000 0.000 0.471 0.000 0.030 0.050 
0 test2fip_consistent right_hidden
0.526 0.000 1.008 0.000 0.834 2.635 2.295 0.000 0.000 0.210 0.000 0.547 0.000 0.000 0.786 0.000 0.027 0.000 0.000 1.098 
---
1 test2fip_inconsistent left_hidden
2.628 0.000 0.193 0.000 4.003 0.464 0.511 0.000 0.000 1.154 0.000 1.533 0.966 0.000 0.000 0.000 0.471 0.000 0.030 0.050 
1 test2fip_inconsistent right_hidden
2.812 0.000 1.186 0.000 3.618 2.074 3.472 0.000 0.000 0.154 0.000 0.175 0.000 0.000 0.136 0.000 0.000 0.000 0.073 0.747 
---
0 test2fip_consistent left_hidden
0.110 1.202 2.422 0.765 0.000 1.401 1.952 1.320 0.000 0.000 1.130 1.376 0.387 0.998 0.000 0.000 0.000 1.924 0.000 0.000 
0 test2fip_consistent right_hidden
2.353 0.000 1.223 1.063 1.180 0.136 1.000 0.577 0.000 0.000 1.318 0.309 0.144 0.164 0.741 0.229 0.000 0.695 0.034 1.331 
---
1 test2fip_inconsistent left_hidden
0.110 1.202 2.422 0.765 0.000 1.401 1.952 1.320 0.000 0.000 1.130 1.376 0.387 0.998 0.000 0.000 0.000 1.924 0.000 0.000 
1 test2fip_inconsistent right_hidden
1.659 0.000 2.871 1.083 1.181 1.280 2.777 0.343 0.000 0.000 0.948 0.752 0.116 0.762 0.530 0.000 0.000 3.022 0.000 0.690 
---
0 test2fip_consistent left_hidden
0.000 0.550 3.124 0.459 2.911 2.154 0.000 0.040 0.058 1.388 0.000 0.980 0.000 0.574 0.000 0.000 0.000 1.542 0.099 0.000 
0 test2fip_consistent right_hidden
0.000 0.736 0.000 3.074 0.171 0.000 0.000 0.049 0.000 1.415 0.000 0.000 0.000 1.397 0.051 0.662 0.000 0.410 0.026 0.000 
---
1 test2fip_inconsistent left_hidden
0.000 0.550 3.124 0.459 2.911 2.154 0.000 0.040 0.058 1.388 0.000 0.980 0.000 0.574 0.000 0.000 0.000 1.542 0.099 0.000 
1 test2fip_inconsistent right_hidden
0.000 1.305 2.494 3.053 2.081 1.488 0.000 0.000 0.000 2.015 0.000 0.000 0.000 1.415 0.000 0.281 0.000 2.073 0.000 0.000 
---
0 test2fip_consistent left_hidden
0.136 2.899 0.000 0.000 0.396 0.000 0.000 1.865 0.015 2.248 0.280 0.013 0.000 0.000 2.607 0.301 0.000 0.000 0.095 0.000 
0 test2fip_consistent right_hidden
0.000 1.114 0.128 0.000 1.605 0.539 0.000 0.031 0.654 1.295 2.621 0.000 0.000 0.000 0.279 0.970 0.011 0.679 0.490 0.000 
---
1 test2fip_inconsistent left_hidden
0.136 2.899 0.000 0.000 0.396 0.000 0.000 1.865 0.015 2.248 0.280 0.013 0.000 0.000 2.607 0.301 0.000 0.000 0.095 0.000 
1 test2fip_inconsistent right_hidden
0.000 3.605 0.000 0.000 1.117 0.000 0.000 1.425 0.000 2.593 2.018 0.000 0.000 0.000 0.748 0.801 0.000 0.336 0.601 0.000 
---
0 test2fip_consistent left_hidden
0.068 0.000 0.000 1.514 0.873 2.425 0.704 0.465 1.881 0.000 0.000 0.039 0.100 1.118 2.931 0.000 3.054 0.000 0.000 1.013 
0 test2fip_consistent right_hidden
0.104 0.000 0.029 0.530 0.000 0.048 1.411 2.362 0.395 0.000 0.104 1.186 1.484 1.464 1.431 0.525 0.285 0.000 0.086 1.010 
---
1 test2fip_inconsistent left_hidden
0.068 0.000 0.000 1.514 0.873 2.425 0.704 0.465 1.881 0.000 0.000 0.039 0.100 1.118 2.931 0.000 3.054 0.000 0.000 1.013 
1 test2fip_inconsistent right_hidden
0.000 0.000 0.000 0.854 0.000 0.017 1.009 2.401 0.226 0.000 0.163 0.743 0.958 2.929 2.303 0.188 3.762 0.000 0.000 0.872 
---
0 test2fip_consistent left_hidden
3.565 0.112 0.403 0.000 0.000 0.000 2.158 0.000 0.968 0.000 0.158 0.122 0.000 0.116 0.673 0.000 0.576 0.000 0.107 2.881 
0 test2fip_consistent right_hidden
0.165 0.061 2.025 0.000 0.000 0.000 2.845 0.000 0.684 0.019 0.865 0.046 0.000 0.199 0.214 0.000 0.005 0.026 0.005 0.135 
---
1 test2fip_inconsistent left_hidden
3.565 0.112 0.403 0.000 0.000 0.000 2.158 0.000 0.968 0.000 0.158 0.122 0.000 0.116 0.673 0.000 0.576 0.000 0.107 2.881 
1 test2fip_inconsistent right_hidden
2.105 0.000 2.344 0.000 0.000 0.000 4.228 0.000 0.324 0.000 0.740 0.000 0.000 0.000 0.698 0.000 0.196 0.000 0.000 2.798 
---
0 test2fip_consistent left_hidden
1.997 0.015 0.034 0.837 0.000 0.102 0.196 0.667 1.872 0.000 0.256 0.000 0.000 0.821 0.000 4.356 0.346 0.000 0.000 0.533 
0 test2fip_consistent right_hidden
0.138 0.000 1.976 0.334 0.000 0.044 0.000 0.655 0.289 0.218 0.333 0.146 2.587 0.692 0.000 1.406 0.195 1.084 0.000 0.024 
---
1 test2fip_inconsistent left_hidden
1.997 0.015 0.034 0.837 0.000 0.102 0.196 0.667 1.872 0.000 0.256 0.000 0.000 0.821 0.000 4.356 0.346 0.000 0.000 0.533 
1 test2fip_inconsistent right_hidden
0.194 0.000 1.517 0.771 0.000 0.000 0.000 0.542 3.005 0.000 0.327 0.528 1.987 2.118 0.000 3.374 1.298 0.779 0.000 0.000 
---
0 test2fip_consistent left_hidden
1.741 0.175 0.938 0.383 0.000 0.000 0.000 0.190 0.000 0.000 0.006 0.185 2.541 0.000 0.000 1.866 3.034 0.000 0.000 2.087 
0 test2fip_consistent right_hidden
0.147 0.798 0.000 0.061 2.806 0.000 0.000 0.000 0.000 0.363 1.762 0.000 1.345 0.000 0.000 0.056 1.233 0.000 0.000 0.169 
---
1 test2fip_inconsistent left_hidden
1.741 0.175 0.938 0.383 0.000 0.000 0.000 0.190 0.000 0.000 0.006 0.185 2.541 0.000 0.000 1.866 3.034 0.000 0.000 2.087 
1 test2fip_inconsistent right_hidden
1.568 0.609 0.000 0.075 2.326 0.000 0.000 0.000 0.000 0.018 1.623 0.000 2.739 0.000 0.000 1.006 3.542 0.000 0.000 1.968 
---
0 test2fip_consistent left_hidden
1.110 0.860 2.959 1.769 0.000 0.000 0.000 0.000 0.000 0.970 2.808 0.000 0.335 0.672 0.000 0.000 0.000 0.000 2.259 0.000 
0 test2fip_consistent right_hidden
0.004 0.627 0.247 0.853 0.482 0.000 1.040 0.000 0.863 1.994 0.198 0.000 1.889 0.653 0.000 0.000 0.000 1.586 1.379 0.000 
---
1 test2fip_inconsistent left_hidden
1.110 0.860 2.959 1.769 0.000 0.000 0.000 0.000 0.000 0.970 2.808 0.000 0.335 0.672 0.000 0.000 0.000 0.000 2.259 0.000 
1 test2fip_inconsistent right_hidden
1.197 2.059 2.237 2.320 0.054 0.000 0.820 0.000 0.967 1.231 1.878 0.000 2.332 2.013 0.000 0.000 0.000 1.176 2.489 0.000 
---
0 test2fip_consistent left_hidden
2.007 1.957 0.432 0.000 0.735 0.505 2.649 0.000 0.000 0.090 0.000 0.000 0.436 0.000 0.171 0.812 0.000 3.334 0.018 0.000 
0 test2fip_consistent right_hidden
1.538 1.304 0.685 0.984 0.388 1.951 0.245 0.000 0.000 0.053 0.921 0.000 0.682 1.172 1.190 0.548 0.000 0.130 0.233 0.118 
---
1 test2fip_inconsistent left_hidden
2.007 1.957 0.432 0.000 0.735 0.505 2.649 0.000 0.000 0.090 0.000 0.000 0.436 0.000 0.171 0.812 0.000 3.334 0.018 0.000 
1 test2fip_inconsistent right_hidden
2.496 3.343 0.459 0.637 1.003 1.456 2.278 0.000 0.000 0.000 0.864 0.000 1.363 0.492 0.696 1.321 0.000 1.918 0.000 0.000 
---
0 test2fip_consistent left_hidden
2.124 0.000 0.000 1.233 0.000 1.660 1.193 0.348 0.763 0.000 0.000 0.205 2.773 0.693 0.139 0.459 0.000 1.081 1.772 0.376 
0 test2fip_consistent right_hidden
0.125 0.000 0.003 0.481 1.241 0.022 0.783 0.970 0.000 0.000 0.000 0.000 1.233 0.311 2.472 0.044 0.389 0.362 1.538 0.556 
---
1 test2fip_inconsistent left_hidden
2.124 0.000 0.000 1.233 0.000 1.660 1.193 0.348 0.763 0.000 0.000 0.205 2.773 0.693 0.139 0.459 0.000 1.081 1.772 0.376 
1 test2fip_inconsistent right_hidden
1.684 0.000 0.944 1.594 0.036 1.652 1.331 0.623 0.000 0.000 0.000 0.196 2.043 0.424 2.128 0.000 0.341 1.200 1.962 0.387 
---
0 test2fip_consistent left_hidden
0.000 0.300 0.000 2.973 0.000 0.000 2.236 1.119 0.116 0.000 0.241 0.000 0.280 0.426 0.000 0.508 0.855 1.523 2.464 0.051 
0 test2fip_consistent right_hidden
0.000 0.034 0.000 0.246 0.000 0.000 0.452 0.035 0.000 0.610 0.107 0.000 0.163 0.000 0.000 2.652 0.014 0.590 2.389 1.093 
---
1 test2fip_inconsistent left_hidden
0.000 0.300 0.000 2.973 0.000 0.000 2.236 1.119 0.116 0.000 0.241 0.000 0.280 0.426 0.000 0.508 0.855 1.523 2.464 0.051 
1 test2fip_inconsistent right_hidden
0.000 0.000 0.000 3.059 0.000 0.000 1.307 1.205 0.000 0.634 0.000 0.000 0.000 0.000 0.000 1.885 0.000 0.502 4.002 0.891 
---
0 test2fip_consistent left_hidden
0.000 0.000 0.000 0.125 0.000 0.000 0.022 0.137 1.639 0.000 0.000 0.000 0.013 0.000 0.000 0.000 0.000 4.764 0.869 0.099 
0 test2fip_consistent right_hidden
0.000 0.000 0.082 0.000 0.000 0.000 0.182 0.006 0.000 0.005 1.252 0.000 0.725 2.605 1.589 0.000 0.161 1.375 0.000 1.298 
---
1 test2fip_inconsistent left_hidden
0.000 0.000 0.000 0.125 0.000 0.000 0.022 0.137 1.639 0.000 0.000 0.000 0.013 0.000 0.000 0.000 0.000 4.764 0.869 0.099 
1 test2fip_inconsistent right_hidden
0.000 0.000 0.000 0.000 0.010 0.000 0.060 0.034 0.000 0.000 1.259 0.000 0.306 2.267 1.126 0.000 0.108 4.927 0.465 0.945 
---
0 test2fip_consistent left_hidden
0.000 0.058 0.349 2.659 0.069 2.311 0.000 1.781 0.223 0.000 0.809 1.026 0.000 0.975 0.000 0.000 0.000 0.000 2.468 1.525 
0 test2fip_consistent right_hidden
1.647 0.476 1.160 0.000 0.000 1.084 0.872 0.213 0.016 0.000 1.854 2.249 0.000 0.767 0.502 0.000 0.000 0.000 0.399 0.124 
---
1 test2fip_inconsistent left_hidden
0.000 0.058 0.349 2.659 0.069 2.311 0.000 1.781 0.223 0.000 0.809 1.026 0.000 0.975 0.000 0.000 0.000 0.000 2.468 1.525 
1 test2fip_inconsistent right_hidden
1.401 0.342 1.076 1.871 0.000 2.470 0.481 1.402 0.949 0.000 2.160 2.530 0.000 0.168 0.126 0.451 0.000 0.000 2.277 1.542 
---
0 test2fip_consistent left_hidden
0.000 0.069 0.000 0.136 0.000 1.319 0.000 0.507 0.945 1.340 0.429 1.068 0.310 0.372 0.000 0.771 4.377 0.171 0.000 0.000 
0 test2fip_consistent right_hidden
2.060 0.619 0.000 0.574 0.000 0.293 0.000 0.426 0.017 0.065 0.620 0.812 0.624 1.125 0.000 1.999 0.097 1.383 0.126 1.203 
---
1 test2fip_inconsistent left_hidden
0.000 0.069 0.000 0.136 0.000 1.319 0.000 0.507 0.945 1.340 0.429 1.068 0.310 0.372 0.000 0.771 4.377 0.171 0.000 0.000 
1 test2fip_inconsistent right_hidden
1.317 0.654 0.000 0.412 0.000 0.864 0.000 1.207 0.918 0.493 1.121 2.299 1.325 1.390 0.000 2.477 2.732 1.362 0.000 1.127 
---
0 test2fip_consistent left_hidden
0.703 0.000 0.000 0.368 0.000 0.604 0.000 1.030 0.000 0.000 2.003 0.045 1.256 2.256 1.340 0.862 0.118 2.522 1.170 0.000 
0 test2fip_consistent right_hidden
1.083 0.000 0.885 0.061 1.210 0.178 0.000 0.063 0.905 0.931 0.402 0.654 0.263 0.107 2.734 0.541 0.050 0.218 0.886 0.419 
---
1 test2fip_inconsistent left_hidden
0.703 0.000 0.000 0.368 0.000 0.604 0.000 1.030 0.000 0.000 2.003 0.045 1.256 2.256 1.340 0.862 0.118 2.522 1.170 0.000 
1 test2fip_inconsistent right_hidden
1.270 0.004 0.674 0.000 1.483 0.671 0.000 1.172 0.763 0.965 1.309 0.582 0.619 1.970 3.825 1.528 0.000 2.337 0.435 0.224 
---
0 test2fip_consistent left_hidden
0.687 0.661 0.000 1.179 0.000 0.000 0.332 0.710 0.009 0.054 0.594 0.379 0.000 0.000 0.000 0.000 4.402 2.519 0.000 1.359 
0 test2fip_consistent right_hidden
1.238 0.661 0.692 1.190 0.000 0.000 2.145 0.000 1.020 0.015 0.000 1.818 0.013 0.000 0.000 1.338 1.110 0.209 0.000 0.000 
---
1 test2fip_inconsistent left_hidden
0.687 0.661 0.000 1.179 0.000 0.000 0.332 0.710 0.009 0.054 0.594 0.379 0.000 0.000 0.000 0.000 4.402 2.519 0.000 1.359 
1 test2fip_inconsistent right_hidden
1.581 1.760 0.349 2.176 0.000 0.000 1.555 0.000 0.996 0.428 0.000 1.506 0.063 0.000 0.000 0.837 4.025 1.769 0.000 0.000 
---
0 test2fip_consistent left_hidden
0.064 1.595 0.000 0.413 0.000 0.000 2.628 1.759 0.600 0.000 0.000 1.302 0.000 0.170 2.701 0.381 1.039 1.352 1.252 0.174 
0 test2fip_consistent right_hidden
0.290 1.176 0.000 0.869 1.733 0.028 0.388 0.006 1.176 2.468 0.200 0.917 0.000 0.027 0.534 0.527 0.059 0.308 0.217 0.138 
---
1 test2fip_inconsistent left_hidden
0.064 1.595 0.000 0.413 0.000 0.000 2.628 1.759 0.600 0.000 0.000 1.302 0.000 0.170 2.701 0.381 1.039 1.352 1.252 0.174 
1 test2fip_inconsistent right_hidden
0.031 2.297 0.000 0.852 1.256 0.000 2.686 1.611 1.636 2.124 0.000 1.736 0.776 0.029 2.348 0.242 0.365 1.082 0.567 0.189 
---
0 test2fip_consistent left_hidden
0.000 0.511 0.000 0.000 0.000 0.000 1.953 0.301 0.000 0.000 0.000 0.000 1.544 0.000 3.566 0.000 0.008 0.000 2.511 1.860 
0 test2fip_consistent right_hidden
0.008 0.000 0.000 0.296 2.348 0.000 0.317 0.000 0.000 0.000 0.000 0.000 0.401 0.000 0.000 0.000 2.737 0.000 0.191 0.934 
---
1 test2fip_inconsistent left_hidden
0.000 0.511 0.000 0.000 0.000 0.000 1.953 0.301 0.000 0.000 0.000 0.000 1.544 0.000 3.566 0.000 0.008 0.000 2.511 1.860 
1 test2fip_inconsistent right_hidden
0.576 0.083 0.000 0.159 1.762 0.000 0.869 0.000 0.000 0.000 0.000 0.000 2.493 0.000 1.340 0.000 2.602 0.000 2.790 2.437 
---
0 test2fip_consistent left_hidden
1.052 1.284 0.000 0.472 1.322 0.000 0.000 0.000 0.857 0.000 1.031 0.078 3.792 1.664 0.000 2.179 0.831 0.000 0.000 0.240 
0 test2fip_consistent right_hidden
0.446 0.380 0.000 1.319 0.752 0.670 0.000 0.000 2.438 0.000 0.149 1.402 1.248 0.813 0.000 0.222 1.291 0.000 0.080 0.017 
---
1 test2fip_inconsistent left_hidden
1.052 1.284 0.000 0.472 1.322 0.000 0.000 0.000 0.857 0.000 1.031 0.078 3.792 1.664 0.000 2.179 0.831 0.000 0.000 0.240 
1 test2fip_inconsistent right_hidden
0.907 0.974 0.000 0.408 2.741 0.000 0.000 0.000 2.108 0.000 0.300 0.879 3.285 0.470 0.000 1.608 2.080 0.000 0.000 0.000 
---
0 test2fip_consistent left_hidden
0.000 0.583 1.175 0.982 0.321 1.246 0.000 0.220 0.073 0.651 1.790 0.000 1.383 3.112 0.620 0.000 2.154 0.000 0.000 0.345 
0 test2fip_consistent right_hidden
0.536 0.107 0.457 1.252 1.033 0.000 0.000 0.602 0.550 0.158 0.169 0.000 2.007 0.245 2.024 0.000 0.061 1.245 0.000 0.913 
---
1 test2fip_inconsistent left_hidden
0.000 0.583 1.175 0.982 0.321 1.246 0.000 0.220 0.073 0.651 1.790 0.000 1.383 3.112 0.620 0.000 2.154 0.000 0.000 0.345 
1 test2fip_inconsistent right_hidden
0.266 1.122 0.957 1.222 0.949 0.526 0.000 0.036 0.383 0.417 0.840 0.000 2.839 2.963 2.171 0.000 0.930 0.971 0.000 1.060 
---
0 test2fip_consistent left_hidden
0.494 0.000 1.509 1.591 0.808 0.000 3.830 1.457 0.000 1.351 0.000 0.143 0.000 0.188 0.138 0.000 0.000 0.840 1.288 1.894 
0 test2fip_consistent right_hidden
0.000 0.052 0.163 0.189 1.331 0.086 2.161 1.720 0.000 0.113 0.000 0.154 0.340 2.051 0.000 0.032 0.000 0.543 1.220 0.158 
---
1 test2fip_inconsistent left_hidden
0.494 0.000 1.509 1.591 0.808 0.000 3.830 1.457 0.000 1.351 0.000 0.143 0.000 0.188 0.138 0.000 0.000 0.840 1.288 1.894 
1 test2fip_inconsistent right_hidden
0.000 0.000 2.272 1.841 1.640 0.000 4.251 2.495 0.000 0.867 0.000 0.113 0.000 1.428 0.026 0.045 0.000 0.344 1.584 1.136 
---
0 test2fip_consistent left_hidden
0.385 0.000 0.000 0.516 2.322 0.000 1.576 0.000 1.179 0.000 0.677 0.000 0.175 1.472 0.310 0.117 0.000 3.744 0.618 0.000 
0 test2fip_consistent right_hidden
2.118 0.428 0.000 0.151 1.307 0.000 2.045 0.000 0.000 0.000 0.000 0.000 1.745 0.054 1.295 0.000 0.094 0.000 1.213 0.000 
---
1 test2fip_inconsistent left_hidden
0.385 0.000 0.000 0.516 2.322 0.000 1.576 0.000 1.179 0.000 0.677 0.000 0.175 1.472 0.310 0.117 0.000 3.744 0.618 0.000 
1 test2fip_inconsistent right_hidden
1.555 0.374 0.000 0.010 2.906 0.000 2.057 0.000 0.000 0.000 0.000 0.033 1.522 0.891 1.415 0.000 0.000 3.319 0.863 0.000 
---
0 test2fip_consistent left_hidden
0.000 1.474 0.000 0.000 0.231 0.119 0.000 0.000 0.000 0.000 0.394 2.278 0.838 3.828 0.708 2.155 0.000 0.383 0.160 0.000 
0 test2fip_consistent right_hidden
0.077 0.474 1.830 0.000 0.000 0.000 0.000 0.000 0.000 0.000 0.009 0.226 2.254 1.920 0.000 0.310 0.000 0.619 0.152 0.674 
---
1 test2fip_inconsistent left_hidden
0.000 1.474 0.000 0.000 0.231 0.119 0.000 0.000 0.000 0.000 0.394 2.278 0.838 3.828 0.708 2.155 0.000 0.383 0.160 0.000 
1 test2fip_inconsistent right_hidden
0.000 2.125 1.841 0.000 0.000 0.489 0.000 0.000 0.000 0.000 0.000 2.731 1.964 3.702 0.000 0.951 0.000 0.722 0.701 0.647 
---
0 test2fip_consistent left_hidden
0.000 0.794 0.187 0.000 0.000 0.645 0.000 2.032 0.033 0.000 0.000 0.000 0.333 0.000 1.117 3.570 1.588 0.000 0.026 2.364 
0 test2fip_consistent right_hidden
0.000 0.582 0.965 0.000 0.000 2.701 0.000 0.818 1.042 0.000 0.000 0.000 0.325 0.586 0.000 2.087 0.005 0.000 0.000 0.060 
---
1 test2fip_inconsistent left_hidden
0.000 0.794 0.187 0.000 0.000 0.645 0.000 2.032 0.033 0.000 0.000 0.000 0.333 0.000 1.117 3.570 1.588 0.000 0.026 2.364 
1 test2fip_inconsistent right_hidden
0.000 1.041 0.514 0.000 0.000 2.119 0.000 1.504 1.148 0.000 0.000 0.000 1.336 0.076 0.000 4.133 0.601 0.000 0.000 2.343 
---
0 test2fip_consistent left_hidden
0.239 0.000 0.004 0.000 0.653 0.000 1.217 2.850 1.200 0.000 0.000 1.208 0.000 0.000 0.000 0.000 0.000 3.726 0.000 0.000 
0 test2fip_consistent right_hidden
0.549 0.154 0.085 0.767 2.416 0.085 0.028 1.068 0.000 0.000 0.000 0.092 0.000 0.507 0.000 0.000 0.000 0.887 2.459 0.000 
---
1 test2fip_inconsistent left_hidden
0.239 0.000 0.004 0.000 0.653 0.000 1.217 2.850 1.200 0.000 0.000 1.208 0.000 0.000 0.000 0.000 0.000 3.726 0.000 0.000 
1 test2fip_inconsistent right_hidden
0.198 0.192 0.000 0.435 2.378 0.000 0.218 3.733 0.000 0.000 0.000 0.000 0.000 0.411 0.000 0.000 0.000 3.769 1.933 0.000 
---
0 test2fip_consistent left_hidden
2.166 0.000 1.837 0.000 1.508 0.000 0.000 2.816 0.412 2.186 1.036 0.432 0.000 0.000 0.000 0.000 0.264 1.777 0.314 0.504 
0 test2fip_consistent right_hidden
1.892 1.842 0.462 0.001 0.995 0.000 0.000 1.743 0.584 0.121 0.081 0.000 0.000 0.244 0.000 0.000 1.263 0.149 0.064 0.879 
---
1 test2fip_inconsistent left_hidden
2.166 0.000 1.837 0.000 1.508 0.000 0.000 2.816 0.412 2.186 1.036 0.432 0.000 0.000 0.000 0.000 0.264 1.777 0.314 0.504 
1 test2fip_inconsistent right_hidden
2.291 1.422 1.739 0.000 1.009 0.000 0.000 3.495 0.934 1.636 0.481 0.000 0.000 0.000 0.000 0.000 0.665 1.886 0.000 1.345 
---
0 test2fip_consistent left_hidden
1.629 0.000 0.725 0.000 0.654 0.450 0.000 1.506 2.229 2.750 0.000 0.000 0.029 0.000 0.007 0.135 2.205 0.000 0.000 1.917 
0 test2fip_consistent right_hidden
0.000 0.000 1.395 0.000 0.673 1.167 0.000 2.529 0.034 0.099 0.000 0.007 1.057 0.072 1.841 0.000 0.578 0.048 0.006 0.000 
---
1 test2fip_inconsistent left_hidden
1.629 0.000 0.725 0.000 0.654 0.450 0.000 1.506 2.229 2.750 0.000 0.000 0.029 0.000 0.007 0.135 2.205 0.000 0.000 1.917 
1 test2fip_inconsistent right_hidden
1.188 0.000 1.257 0.000 1.633 1.805 0.000 3.641 1.638 1.719 0.000 0.000 1.117 0.000 1.547 0.000 1.304 0.995 0.000 1.688 
---
0 test2fip_consistent left_hidden
0.471 0.000 0.000 0.454 3.077 2.009 0.000 0.000 0.000 2.318 0.000 2.840 0.949 0.000 0.905 0.000 0.000 0.031 0.000 0.000 
0 test2fip_consistent right_hidden
1.662 0.000 0.078 1.851 0.000 0.065 0.000 0.000 0.512 2.897 0.000 0.000 0.355 0.039 0.000 0.797 0.000 0.000 0.000 0.000 
---
1 test2fip_inconsistent left_hidden
0.471 0.000 0.000 0.454 3.077 2.009 0.000 0.000 0.000 2.318 0.000 2.840 0.949 0.000 0.905 0.000 0.000 0.031 0.000 0.000 
1 test2fip_inconsistent right_hidden
1.825 0.000 0.000 1.788 1.632 0.847 0.000 0.000 0.200 4.152 0.000 2.419 1.129 0.000 0.000 1.637 0.000 0.000 0.000 0.000 
---
0 test2fip_consistent left_hidden
1.213 4.325 1.981 0.136 0.000 2.579 0.000 1.282 0.000 0.000 0.335 0.342 0.000 0.000 0.829 0.337 0.000 0.011 0.000 0.461 
0 test2fip_consistent right_hidden
0.059 0.693 1.698 0.469 0.150 1.068 0.000 0.011 1.440 0.905 0.019 0.179 2.221 0.003 0.366 0.472 0.000 0.032 0.000 2.197 
---
1 test2fip_inconsistent left_hidden
1.213 4.325 1.981 0.136 0.000 2.579 0.000 1.282 0.000 0.000 0.335 0.342 0.000 0.000 0.829 0.337 0.000 0.011 0.000 0.461 
1 test2fip_inconsistent right_hidden
0.000 3.299 1.590 1.322 0.146 3.238 0.000 0.000 0.371 0.417 0.000 0.478 1.325 0.000 0.528 0.000 0.000 0.000 0.000 2.058 
---
0 test2fip_consistent left_hidden
0.000 3.440 0.000 0.101 2.527 0.000 0.000 0.028 0.000 0.381 0.000 1.446 0.000 0.405 0.000 0.038 0.000 0.000 2.351 0.183 
0 test2fip_consistent right_hidden
0.000 0.701 0.000 1.316 1.273 2.175 0.021 0.046 0.011 2.459 0.000 0.012 0.464 0.000 0.415 0.924 0.000 0.166 0.628 0.000 
---
1 test2fip_inconsistent left_hidden
0.000 3.440 0.000 0.101 2.527 0.000 0.000 0.028 0.000 0.381 0.000 1.446 0.000 0.405 0.000 0.038 0.000 0.000 2.351 0.183 
1 test2fip_inconsistent right_hidden
0.000 3.657 0.000 1.307 3.160 1.541 0.000 0.000 0.000 2.281 0.000 1.017 0.959 0.267 0.235 0.394 0.000 0.099 1.401 0.000 
---
0 test2fip_consistent left_hidden
0.577 2.831 0.000 1.826 0.000 0.000 0.000 0.000 0.221 0.000 0.000 0.000 0.052 0.000 2.398 0.000 0.956 2.417 0.000 0.344 
0 test2fip_consistent right_hidden
2.520 1.063 0.000 0.048 0.498 0.905 0.720 0.087 1.565 0.143 0.000 0.073 0.646 0.000 0.506 0.000 0.913 0.094 0.816 0.000 
---
1 test2fip_inconsistent left_hidden
0.577 2.831 0.000 1.826 0.000 0.000 0.000 0.000 0.221 0.000 0.000 0.000 0.052 0.000 2.398 0.000 0.956 2.417 0.000 0.344 
1 test2fip_inconsistent right_hidden
2.280 3.092 0.000 1.968 0.131 0.479 0.002 0.000 1.452 0.029 0.000 0.000 0.723 0.000 1.962 0.000 1.249 2.060 0.615 0.000 
---
0 test2fip_consistent left_hidden
0.000 0.000 0.000 2.508 1.194 0.000 0.385 0.964 2.252 0.000 1.248 0.520 0.516 0.000 1.596 0.000 0.000 2.577 0.400 1.385 
0 test2fip_consistent right_hidden
1.572 0.000 1.140 0.797 1.764 0.000 0.000 0.057 0.000 0.000 0.103 0.000 0.000 0.000 0.188 2.191 0.000 1.256 0.584 0.154 
---
1 test2fip_inconsistent left_hidden
0.000 0.000 0.000 2.508 1.194 0.000 0.385 0.964 2.252 0.000 1.248 0.520 0.516 0.000 1.596 0.000 0.000 2.577 0.400 1.385 
1 test2fip_inconsistent right_hidden
1.027 0.000 0.658 3.091 2.351 0.000 0.398 0.946 1.241 0.000 1.537 0.553 0.000 0.089 1.115 1.692 0.000 2.604 0.335 0.165 
---
