0 test1dax_consistent left_hidden
1.010 0.000 0.000 1.120 0.756 0.000 0.026 0.000 0.466 0.000 0.318 0.000 0.246 0.000 1.150 1.074 1.736 1.488 0.000 0.458 
0 test1dax_consistent right_hidden
0.000 0.038 4.126 1.448 0.000 0.000 0.000 0.506 2.951 0.000 3.321 0.000 0.961 0.000 0.000 0.000 0.590 0.000 0.000 1.169 
---
1 test1dax_inconsistent left_hidden
1.010 0.000 0.000 1.120 0.756 0.000 0.026 0.000 0.466 0.000 0.318 0.000 0.246 0.000 1.150 1.074 1.736 1.488 0.000 0.458 
1 test1dax_inconsistent right_hidden
0.010 0.103 1.025 1.050 0.000 0.112 0.000 0.285 0.542 0.000 0.043 0.000 0.000 0.000 0.427 0.034 0.369 0.115 0.083 0.000 
---
0 test1dax_consistent left_hidden
0.189 0.000 0.000 0.252 0.455 0.000 0.000 0.654 0.000 1.290 0.111 0.024 1.567 1.552 0.000 0.881 0.746 0.059 0.000 0.016 
0 test1dax_consistent right_hidden
0.000 1.956 0.000 2.777 0.000 2.531 1.120 0.241 0.000 0.266 0.000 0.000 3.108 5.111 0.028 1.075 0.000 0.003 0.000 0.000 
---
1 test1dax_inconsistent left_hidden
0.189 0.000 0.000 0.252 0.455 0.000 0.000 0.654 0.000 1.290 0.111 0.024 1.567 1.552 0.000 0.881 0.746 0.059 0.000 0.016 
1 test1dax_inconsistent right_hidden
0.000 0.649 0.000 1.381 1.095 0.435 0.000 0.254 0.000 0.300 0.000 0.000 0.465 1.823 0.092 0.000 0.103 0.000 0.000 0.045 
---
0 test1dax_consistent left_hidden
0.000 1.175 0.000 0.728 0.000 1.550 0.000 1.818 0.292 0.959 0.477 0.000 0.106 0.428 0.000 0.666 0.123 0.023 0.000 0.024 
0 test1dax_consistent right_hidden
2.998 2.843 0.000 0.000 0.000 0.000 0.000 0.000 0.000 0.543 1.355 3.697 0.000 1.467 1.774 0.000 0.000 0.000 0.843 0.000 
---
1 test1dax_inconsistent left_hidden
0.000 1.175 0.000 0.728 0.000 1.550 0.000 1.818 0.292 0.959 0.477 0.000 0.106 0.428 0.000 0.666 0.123 0.023 0.000 0.024 
1 test1dax_inconsistent right_hidden
0.388 0.000 0.000 0.000 0.000 0.000 0.000 0.000 0.000 0.000 0.273 1.295 0.000 0.860 0.272 0.475 0.032 0.467 0.000 0.000 
---
0 test1dax_consistent left_hidden
0.000 0.000 0.717 0.000 0.632 0.162 0.083 1.975 0.565 0.039 0.390 0.000 1.458 0.089 0.832 0.445 0.328 1.163 0.000 0.085 
0 test1dax_consistent right_hidden
0.000 0.000 0.000 3.935 3.842 0.000 1.638 2.143 0.000 0.000 1.654 0.000 0.352 0.000 1.910 0.000 0.021 0.000 0.886 0.000 
---
1 test1dax_inconsistent left_hidden
0.000 0.000 0.717 0.000 0.632 0.162 0.083 1.975 0.565 0.039 0.390 0.000 1.458 0.089 0.832 0.445 0.328 1.163 0.000 0.085 
1 test1dax_inconsistent right_hidden
0.154 0.000 0.425 0.917 1.460 0.300 0.663 0.000 0.000 0.000 0.134 0.103 0.182 0.000 0.000 0.681 0.000 0.232 0.425 0.043 
---
0 test1dax_consistent left_hidden
0.000 0.000 0.000 1.000 1.448 0.000 0.000 0.189 1.177 0.046 0.695 1.186 0.711 0.651 0.095 0.017 0.426 1.248 0.000 0.000 
0 test1dax_consistent right_hidden
0.000 0.000 6.030 0.000 0.656 0.389 0.000 3.124 0.492 0.000 1.073 0.000 0.000 1.639 0.000 0.000 0.904 1.403 0.000 0.000 
---
1 test1dax_inconsistent left_hidden
0.000 0.000 0.000 1.000 1.448 0.000 0.000 0.189 1.177 0.046 0.695 1.186 0.711 0.651 0.095 0.017 0.426 1.248 0.000 0.000 
1 test1dax_inconsistent right_hidden
0.059 0.000 1.669 0.470 0.061 0.429 0.000 1.449 0.874 0.000 0.541 0.000 0.000 0.000 0.000 0.012 1.039 1.117 0.000 0.000 
---
0 test1dax_consistent left_hidden
0.136 0.280 0.579 0.000 1.150 0.000 1.744 1.497 0.000 0.000 0.723 0.000 0.107 0.914 0.213 0.000 1.210 0.000 0.000 0.000 
0 test1dax_consistent right_hidden
0.939 0.799 2.296 0.274 0.000 0.000 2.961 0.000 0.000 0.000 3.452 3.773 0.000 1.526 0.387 0.561 0.000 0.990 0.000 1.956 
---
1 test1dax_inconsistent left_hidden
0.136 0.280 0.579 0.000 1.150 0.000 1.744 1.497 0.000 0.000 0.723 0.000 0.107 0.914 0.213 0.000 1.210 0.000 0.000 0.000 
1 test1dax_inconsistent right_hidden
1.318 0.933 1.434 0.640 0.104 0.000 0.207 0.000 0.000 0.000 0.747 0.772 0.000 0.726 0.268 0.000 0.545 0.300 0.000 0.528 
---
0 test1dax_consistent left_hidden
0.128 0.763 0.572 0.218 0.000 0.142 1.273 0.092 0.854 0.000 0.191 1.707 0.000 0.000 0.822 0.577 0.338 0.179 0.095 0.020 
0 test1dax_consistent right_hidden
1.479 1.168 0.707 0.000 0.000 4.322 0.923 0.000 0.879 0.000 0.000 0.000 0.000 0.000 0.000 2.791 0.000 0.000 3.408 0.000 
---
1 test1dax_inconsistent left_hidden
0.128 0.763 0.572 0.218 0.000 0.142 1.273 0.092 0.854 0.000 0.191 1.707 0.000 0.000 0.822 0.577 0.338 0.179 0.095 0.020 
1 test1dax_inconsistent right_hidden
1.608 0.274 0.907 0.000 0.000 0.854 0.000 0.000 0.975 0.000 0.084 0.000 0.000 0.000 0.036 0.535 0.157 0.267 1.468 0.000 
---
0 test1dax_consistent left_hidden
0.496 0.522 0.000 0.000 0.910 0.000 0.168 2.058 1.105 0.134 1.257 0.262 0.205 0.000 0.146 0.000 0.000 0.000 0.125 0.665 
0 test1dax_consistent right_hidden
0.000 1.577 0.000 0.000 0.000 4.117 0.000 0.000 1.325 3.166 0.173 0.000 0.000 2.628 3.768 0.000 0.000 0.000 2.068 1.163 
---
1 test1dax_inconsistent left_hidden
0.496 0.522 0.000 0.000 0.910 0.000 0.168 2.058 1.105 0.134 1.257 0.262 0.205 0.000 0.146 0.000 0.000 0.000 0.125 0.665 
1 test1dax_inconsistent right_hidden
0.000 0.000 0.000 0.000 0.000 1.007 0.000 0.207 1.044 1.387 0.725 0.000 0.000 1.505 0.679 0.274 0.000 0.000 0.995 0.000 
---
0 test1dax_consistent left_hidden
0.000 0.525 1.485 0.000 1.446 0.092 0.000 0.000 0.000 0.000 0.263 0.000 0.000 0.000 0.000 0.077 0.060 0.005 2.207 0.443 
0 test1dax_consistent right_hidden
0.000 0.000 0.000 0.000 1.515 0.264 3.473 0.000 0.000 1.379 0.000 0.000 0.000 2.326 0.000 0.000 0.000 2.361 0.000 3.965 
---
1 test1dax_inconsistent left_hidden
0.000 0.525 1.485 0.000 1.446 0.092 0.000 0.000 0.000 0.000 0.263 0.000 0.000 0.000 0.000 0.077 0.060 0.005 2.207 0.443 
1 test1dax_inconsistent right_hidden
0.000 0.000 0.000 0.000 0.117 0.201 0.726 0.000 0.000 1.933 0.100 0.000 0.000 0.881 0.000 0.000 0.000 0.739 0.000 0.653 
---
0 test1dax_consistent left_hidden
0.193 0.333 0.000 0.417 0.000 1.058 0.000 0.851 0.000 0.000 0.000 0.000 0.000 0.000 0.652 0.025 2.543 0.291 0.570 0.000 
0 test1dax_consistent right_hidden
2.920 0.000 1.380 0.000 0.000 0.182 3.180 0.984 0.000 0.145 0.000 1.118 3.410 0.000 0.411 0.937 0.819 0.000 2.336 2.132 
---
1 test1dax_inconsistent left_hidden
0.193 0.333 0.000 0.417 0.000 1.058 0.000 0.851 0.000 0.000 0.000 0.000 0.000 0.000 0.652 0.025 2.543 0.291 0.570 0.000 
1 test1dax_inconsistent right_hidden
1.670 0.186 0.273 0.062 0.058 0.350 0.506 0.663 0.000 0.088 0.000 0.626 0.516 0.000 0.000 0.760 0.470 0.397 0.201 0.118 
---
0 test1dax_consistent left_hidden
0.000 1.324 0.368 0.000 1.937 0.000 0.907 0.000 0.071 0.029 0.445 0.242 0.541 0.507 1.472 0.000 0.000 0.000 0.000 0.000 
0 test1dax_consistent right_hidden
2.050 1.186 0.000 1.833 0.000 0.000 1.918 0.000 0.798 0.000 0.000 2.745 0.000 2.156 0.000 0.000 0.000 1.848 2.472 0.000 
---
1 test1dax_inconsistent left_hidden
0.000 1.324 0.368 0.000 1.937 0.000 0.907 0.000 0.071 0.029 0.445 0.242 0.541 0.507 1.472 0.000 0.000 0.000 0.000 0.000 
1 test1dax_inconsistent right_hidden
0.000 0.198 0.000 0.148 0.000 0.000 0.414 0.000 0.053 0.000 0.000 0.683 0.000 1.053 0.597 0.000 0.083 0.000 0.509 0.131 
---
0 test1dax_consistent left_hidden
0.000 0.105 1.723 0.505 1.351 0.000 0.000 0.000 0.626 0.016 0.000 0.948 0.905 0.205 0.223 0.000 1.273 0.117 0.188 0.000 
0 test1dax_consistent right_hidden
0.957 0.000 0.000 1.313 0.000 1.509 0.000 0.000 0.000 0.000 0.000 0.000 5.888 3.014 0.358 0.000 0.000 0.000 0.000 1.438 
---
1 test1dax_inconsistent left_hidden
0.000 0.105 1.723 0.505 1.351 0.000 0.000 0.000 0.626 0.016 0.000 0.948 0.905 0.205 0.223 0.000 1.273 0.117 0.188 0.000 
1 test1dax_inconsistent right_hidden
0.000 0.000 0.060 0.720 0.000 0.000 0.000 0.013 0.439 0.000 0.000 0.000 1.148 0.749 1.324 0.000 0.056 0.000 0.000 0.440 
---
0 test1dax_consistent left_hidden
0.147 0.000 0.563 0.808 0.368 0.900 0.897 0.963 0.000 0.000 0.028 1.089 2.013 0.254 0.000 1.129 0.143 0.000 0.000 0.000 
0 test1dax_consistent right_hidden
0.000 2.701 0.000 0.691 1.583 0.000 1.482 0.919 0.000 0.125 0.000 0.394 0.587 2.400 0.000 0.000 1.798 0.804 2.540 3.771 
---
1 test1dax_inconsistent left_hidden
0.147 0.000 0.563 0.808 0.368 0.900 0.897 0.963 0.000 0.000 0.028 1.089 2.013 0.254 0.000 1.129 0.143 0.000 0.000 0.000 
1 test1dax_inconsistent right_hidden
0.188 0.601 0.000 0.665 0.987 0.621 0.060 0.000 0.000 0.000 0.456 0.000 0.481 0.395 0.000 0.000 1.011 0.236 0.674 0.490 
---
0 test1dax_consistent left_hidden
0.000 0.000 0.001 0.000 0.408 0.067 0.010 0.000 0.865 0.035 1.229 0.000 0.000 0.000 0.000 2.652 0.009 0.000 0.000 0.000 
0 test1dax_consistent right_hidden
0.000 0.000 2.757 0.000 0.529 2.881 1.966 3.210 0.902 0.000 5.229 0.000 0.000 0.000 0.521 0.000 0.000 0.880 0.000 0.766 
---
1 test1dax_inconsistent left_hidden
0.000 0.000 0.001 0.000 0.408 0.067 0.010 0.000 0.865 0.035 1.229 0.000 0.000 0.000 0.000 2.652 0.009 0.000 0.000 0.000 
1 test1dax_inconsistent right_hidden
0.000 0.000 0.802 0.000 0.225 1.136 1.621 0.824 0.000 0.000 1.225 0.000 0.000 0.000 0.001 0.368 0.000 0.370 0.000 0.105 
---
0 test1dax_consistent left_hidden
0.000 0.000 0.000 1.505 1.469 0.599 0.000 0.378 0.000 0.002 0.000 0.912 1.805 0.000 0.000 0.000 0.755 1.204 0.041 0.453 
0 test1dax_consistent right_hidden
3.310 0.000 0.000 0.326 0.000 0.000 0.404 0.854 0.000 0.000 0.000 0.000 0.000 0.000 0.000 3.642 1.172 4.451 0.000 0.047 
---
1 test1dax_inconsistent left_hidden
0.000 0.000 0.000 1.505 1.469 0.599 0.000 0.378 0.000 0.002 0.000 0.912 1.805 0.000 0.000 0.000 0.755 1.204 0.041 0.453 
1 test1dax_inconsistent right_hidden
0.367 0.000 0.000 0.159 0.000 0.000 0.000 0.000 0.000 0.000 0.396 0.461 0.000 0.000 0.000 0.447 0.378 1.824 0.000 0.065 
---
0 test1dax_consistent left_hidden
0.000 0.029 0.000 0.000 0.000 0.000 1.236 0.460 0.000 0.431 0.100 0.000 0.000 0.000 1.549 0.255 2.642 0.932 0.000 0.000 
0 test1dax_consistent right_hidden
0.000 0.525 0.000 0.000 0.000 0.000 2.137 3.874 0.000 3.624 0.000 0.112 0.000 3.928 0.000 1.272 3.433 0.000 0.823 0.000 
---
1 test1dax_inconsistent left_hidden
0.000 0.029 0.000 0.000 0.000 0.000 1.236 0.460 0.000 0.431 0.100 0.000 0.000 0.000 1.549 0.255 2.642 0.932 0.000 0.000 
1 test1dax_inconsistent right_hidden
0.000 0.191 0.000 0.163 0.007 0.000 0.530 1.308 0.000 1.157 0.000 0.000 0.000 0.977 0.000 0.789 1.093 0.000 1.179 0.000 
---
0 test1dax_consistent left_hidden
0.278 0.144 0.684 0.823 0.132 1.140 0.055 0.000 0.063 0.387 1.024 1.710 0.000 0.000 0.179 0.000 0.003 0.678 0.921 1.159 
0 test1dax_consistent right_hidden
0.000 0.000 0.067 0.000 0.000 0.537 2.883 0.000 0.000 0.942 2.599 0.000 0.000 3.627 0.000 0.000 0.000 4.084 0.000 0.000 
---
1 test1dax_inconsistent left_hidden
0.278 0.144 0.684 0.823 0.132 1.140 0.055 0.000 0.063 0.387 1.024 1.710 0.000 0.000 0.179 0.000 0.003 0.678 0.921 1.159 
1 test1dax_inconsistent right_hidden
0.000 0.108 0.143 0.334 0.398 0.696 0.979 0.291 0.000 0.650 1.209 0.000 0.000 0.735 0.000 0.100 0.352 0.321 0.174 0.000 
---
0 test1dax_consistent left_hidden
1.001 1.617 1.042 0.000 1.553 0.298 0.000 0.006 0.000 0.000 0.000 0.003 1.172 0.033 0.000 0.794 0.000 0.000 0.000 0.000 
0 test1dax_consistent right_hidden
2.627 0.000 3.606 1.844 0.349 2.861 0.000 0.000 0.000 3.167 0.000 2.409 1.867 0.000 0.000 0.000 0.000 0.000 0.000 0.000 
---
1 test1dax_inconsistent left_hidden
1.001 1.617 1.042 0.000 1.553 0.298 0.000 0.006 0.000 0.000 0.000 0.003 1.172 0.033 0.000 0.794 0.000 0.000 0.000 0.000 
1 test1dax_inconsistent right_hidden
0.339 0.000 0.904 0.355 0.000 1.694 0.000 0.000 0.209 0.921 0.000 0.375 0.000 0.000 0.000 0.117 0.000 0.000 0.725 0.000 
---
0 test1dax_consistent left_hidden
0.000 1.608 0.043 0.170 0.423 0.000 0.084 0.000 1.308 0.000 0.000 0.225 1.881 0.849 0.709 0.912 0.000 0.000 0.271 1.330 
0 test1dax_consistent right_hidden
2.814 0.228 0.000 0.098 4.819 0.000 0.000 0.000 3.663 0.000 0.000 0.000 0.000 0.166 0.000 0.012 0.000 0.000 0.000 2.338 
---
1 test1dax_inconsistent left_hidden
0.000 1.608 0.043 0.170 0.423 0.000 0.084 0.000 1.308 0.000 0.000 0.225 1.881 0.849 0.709 0.912 0.000 0.000 0.271 1.330 
1 test1dax_inconsistent right_hidden
2.013 0.000 0.365 0.083 1.904 0.000 0.076 0.000 0.510 0.000 0.000 0.000 0.107 0.568 0.000 0.199 0.000 0.127 0.175 0.553 
---
0 test1dax_consistent left_hidden
0.252 0.000 0.000 2.085 0.000 0.000 0.000 0.000 0.000 0.606 0.000 0.000 0.602 0.943 0.169 0.000 0.000 0.481 0.000 1.560 
0 test1dax_consistent right_hidden
1.725 0.000 0.000 0.057 0.962 0.000 0.000 2.800 0.000 2.742 0.000 5.101 0.000 1.036 0.624 0.777 0.000 2.191 0.000 0.000 
---
1 test1dax_inconsistent left_hidden
0.252 0.000 0.000 2.085 0.000 0.000 0.000 0.000 0.000 0.606 0.000 0.000 0.602 0.943 0.169 0.000 0.000 0.481 0.000 1.560 
1 test1dax_inconsistent right_hidden
0.381 0.000 0.000 0.000 0.821 0.000 0.000 1.287 0.010 0.567 0.000 0.952 0.308 1.000 0.923 0.704 0.000 0.207 0.000 0.000 
---
0 test1dax_consistent left_hidden
0.388 0.779 0.093 0.538 0.000 0.000 0.442 0.351 1.360 1.460 1.836 0.135 0.221 0.129 0.361 0.050 0.000 0.117 0.000 0.147 
0 test1dax_consistent right_hidden
2.351 1.691 0.000 0.872 0.000 0.000 2.564 0.429 4.370 0.000 0.000 0.303 0.000 0.164 0.000 0.000 1.196 0.766 0.000 3.044 
---
1 test1dax_inconsistent left_hidden
0.388 0.779 0.093 0.538 0.000 0.000 0.442 0.351 1.360 1.460 1.836 0.135 0.221 0.129 0.361 0.050 0.000 0.117 0.000 0.147 
1 test1dax_inconsistent right_hidden
0.000 1.014 0.000 0.681 0.042 0.019 2.044 0.460 0.388 0.000 0.000 0.000 0.466 0.370 0.090 0.000 0.172 0.482 0.000 0.252 
---
0 test1dax_consistent left_hidden
0.128 1.168 0.000 0.000 0.000 0.000 0.000 0.000 1.355 0.544 0.792 0.661 0.000 1.086 0.020 0.000 0.535 0.000 0.879 0.000 
0 test1dax_consistent right_hidden
0.000 0.000 0.028 1.943 3.615 0.000 0.000 0.000 1.549 0.108 0.000 2.129 3.878 0.000 0.000 0.000 2.171 0.000 2.730 0.000 
---
1 test1dax_inconsistent left_hidden
0.128 1.168 0.000 0.000 0.000 0.000 0.000 0.000 1.355 0.544 0.792 0.661 0.000 1.086 0.020 0.000 0.535 0.000 0.879 0.000 
1 test1dax_inconsistent right_hidden
0.000 0.298 0.231 0.484 1.901 0.000 0.171 0.000 0.793 0.646 0.000 0.750 0.298 0.000 0.000 0.000 0.918 0.000 1.531 0.000 
---
0 test1dax_consistent left_hidden
1.254 0.000 1.702 0.310 0.000 0.394 0.000 0.793 1.041 0.000 0.564 1.964 0.709 0.000 0.055 0.023 0.000 0.000 0.493 0.026 
0 test1dax_consistent right_hidden
0.000 1.092 0.000 0.014 3.005 0.000 0.000 0.058 0.246 0.000 1.257 0.000 4.346 0.000 0.000 1.566 0.000 2.006 2.252 2.456 
---
1 test1dax_inconsistent left_hidden
1.254 0.000 1.702 0.310 0.000 0.394 0.000 0.793 1.041 0.000 0.564 1.964 0.709 0.000 0.055 0.023 0.000 0.000 0.493 0.026 
1 test1dax_inconsistent right_hidden
0.641 0.548 0.232 0.139 0.428 0.141 0.138 0.132 0.000 0.000 0.788 0.165 0.879 0.000 0.000 0.000 0.000 0.000 1.149 0.135 
---
0 test1dax_consistent left_hidden
1.135 0.000 1.728 0.562 0.000 0.700 1.463 0.000 0.000 0.514 0.159 0.859 0.000 1.103 0.326 0.031 0.000 0.602 0.723 0.000 
0 test1dax_consistent right_hidden
0.000 1.717 4.293 0.000 2.749 0.000 0.000 0.000 0.000 3.237 0.000 1.765 0.000 1.342 0.476 0.041 2.442 0.000 0.228 0.000 
---
1 test1dax_inconsistent left_hidden
1.135 0.000 1.728 0.562 0.000 0.700 1.463 0.000 0.000 0.514 0.159 0.859 0.000 1.103 0.326 0.031 0.000 0.602 0.723 0.000 
1 test1dax_inconsistent right_hidden
0.000 0.327 1.014 0.137 0.087 0.000 0.000 0.000 0.000 0.576 0.006 1.119 0.046 1.632 0.280 0.099 0.689 0.209 0.000 0.000 
---
0 test1dax_consistent left_hidden
0.000 0.000 0.818 0.000 1.897 0.154 1.274 0.000 0.005 0.000 0.019 1.544 0.135 0.256 1.050 0.713 0.000 0.000 0.000 0.000 
0 test1dax_consistent right_hidden
0.000 2.320 1.208 0.000 0.120 2.073 0.147 6.611 0.000 0.000 0.213 0.964 0.000 0.000 0.000 0.379 0.000 0.000 0.000 0.000 
---
1 test1dax_inconsistent left_hidden
0.000 0.000 0.818 0.000 1.897 0.154 1.274 0.000 0.005 0.000 0.019 1.544 0.135 0.256 1.050 0.713 0.000 0.000 0.000 0.000 
1 test1dax_inconsistent right_hidden
0.263 1.103 0.000 0.000 0.676 0.838 0.000 1.726 0.000 0.000 0.067 1.122 0.000 0.000 0.000 0.239 0.079 0.000 0.000 0.000 
---
0 test1dax_consistent left_hidden
1.167 0.171 0.000 0.000 0.045 0.385 0.994 0.000 1.269 0.504 0.000 1.037 0.886 1.007 0.637 0.000 0.414 0.203 0.644 0.945 
0 test1dax_consistent right_hidden
0.000 2.805 4.555 1.778 0.025 0.839 2.626 0.000 0.000 2.880 0.000 0.065 0.392 0.000 0.907 0.000 0.740 0.000 0.000 1.405 
---
1 test1dax_inconsistent left_hidden
1.167 0.171 0.000 0.000 0.045 0.385 0.994 0.000 1.269 0.504 0.000 1.037 0.886 1.007 0.637 0.000 0.414 0.203 0.644 0.945 
1 test1dax_inconsistent right_hidden
0.475 1.631 0.697 0.605 0.529 0.603 0.189 0.000 0.355 1.186 0.294 0.059 0.592 0.080 0.477 0.000 0.000 0.000 0.000 0.005 
---
0 test1dax_consistent left_hidden
0.000 0.000 2.152 0.000 0.493 1.053 0.013 0.985 0.174 0.000 0.312 0.000 0.000 0.000 0.582 1.037 0.000 0.712 0.000 1.020 
0 test1dax_consistent right_hidden
0.477 0.000 0.000 0.000 0.000 0.000 0.000 1.605 0.000 0.000 7.719 0.000 0.000 0.000 0.000 0.000 0.000 0.000 0.000 1.613 
---
1 test1dax_inconsistent left_hidden
0.000 0.000 2.152 0.000 0.493 1.053 0.013 0.985 0.174 0.000 0.312 0.000 0.000 0.000 0.582 1.037 0.000 0.712 0.000 1.020 
1 test1dax_inconsistent right_hidden
0.414 0.000 0.212 0.000 0.000 0.000 0.197 1.533 0.071 0.000 1.815 0.415 0.000 0.000 0.000 0.255 0.000 0.000 0.000 1.127 
---
0 test1dax_consistent left_hidden
0.520 0.000 0.166 0.367 0.170 0.000 0.330 1.575 0.467 1.331 0.000 0.502 0.911 0.024 0.219 1.450 0.956 0.000 0.136 0.000 
0 test1dax_consistent right_hidden
0.000 0.000 0.000 0.000 3.115 0.000 0.000 0.000 0.000 0.000 0.666 0.000 2.964 0.000 3.405 0.000 2.826 0.000 0.330 2.173 
---
1 test1dax_inconsistent left_hidden
0.520 0.000 0.166 0.367 0.170 0.000 0.330 1.575 0.467 1.331 0.000 0.502 0.911 0.024 0.219 1.450 0.956 0.000 0.136 0.000 
1 test1dax_inconsistent right_hidden
0.219 0.039 0.000 0.687 1.284 0.000 0.416 0.000 0.000 0.478 0.157 0.264 0.000 0.257 1.271 0.064 0.343 0.325 0.353 0.139 
---
0 test1dax_consistent left_hidden
0.800 0.000 0.000 0.198 0.409 0.000 1.094 0.054 0.207 0.000 0.499 0.000 0.024 0.000 1.805 0.673 0.899 0.485 0.000 0.000 
0 test1dax_consistent right_hidden
4.472 0.000 0.000 0.000 0.000 0.000 0.000 0.000 3.983 0.000 1.365 0.000 0.000 1.959 0.000 1.454 0.827 0.000 0.000 0.000 
---
1 test1dax_inconsistent left_hidden
0.800 0.000 0.000 0.198 0.409 0.000 1.094 0.054 0.207 0.000 0.499 0.000 0.024 0.000 1.805 0.673 0.899 0.485 0.000 0.000 
1 test1dax_inconsistent right_hidden
0.470 0.274 0.000 0.000 0.275 0.000 0.000 0.000 0.965 0.000 0.847 0.413 0.000 1.108 0.000 0.813 0.000 0.431 0.000 0.000 
---
0 test1dax_consistent left_hidden
0.000 1.080 0.000 0.000 0.025 0.438 1.047 0.000 0.000 0.000 0.000 0.000 1.659 0.792 0.492 0.572 0.000 0.694 0.000 0.000 
0 test1dax_consistent right_hidden
0.240 0.000 0.000 0.144 0.000 1.210 3.378 1.861 0.000 0.000 0.000 0.160 0.000 1.945 0.000 3.830 3.074 0.000 0.016 0.000 
---
1 test1dax_inconsistent left_hidden
0.000 1.080 0.000 0.000 0.025 0.438 1.047 0.000 0.000 0.000 0.000 0.000 1.659 0.792 0.492 0.572 0.000 0.694 0.000 0.000 
1 test1dax_inconsistent right_hidden
0.310 0.000 0.000 0.468 0.058 0.880 0.303 0.521 0.257 0.000 0.000 0.454 0.236 0.678 0.000 0.851 0.753 0.131 0.000 0.253 
---
0 test1dax_consistent left_hidden
0.259 1.159 1.440 1.286 0.000 0.676 0.000 0.000 0.000 0.276 1.007 0.129 0.970 0.026 1.164 0.000 0.719 0.141 0.026 0.000 
0 test1dax_consistent right_hidden
0.000 0.290 0.000 4.850 2.998 0.234 1.725 0.000 0.000 0.000 0.538 2.597 0.000 0.000 0.000 0.000 1.758 0.572 1.599 1.140 
---
1 test1dax_inconsistent left_hidden
0.259 1.159 1.440 1.286 0.000 0.676 0.000 0.000 0.000 0.276 1.007 0.129 0.970 0.026 1.164 0.000 0.719 0.141 0.026 0.000 
1 test1dax_inconsistent right_hidden
0.259 0.456 0.281 0.789 1.104 0.000 0.451 0.000 0.000 0.000 0.511 1.172 0.096 0.000 0.268 0.000 1.341 0.617 0.035 0.000 
---
0 test1dax_consistent left_hidden
0.693 0.504 0.000 1.170 0.000 1.009 0.243 0.129 0.000 0.881 0.000 0.000 1.506 0.893 0.308 0.000 0.084 1.417 0.000 0.374 
0 test1dax_consistent right_hidden
0.059 1.992 1.043 3.036 2.936 1.463 0.000 1.186 0.000 1.021 1.784 3.454 0.450 0.000 0.000 0.000 1.291 0.000 1.296 0.293 
---
1 test1dax_inconsistent left_hidden
0.693 0.504 0.000 1.170 0.000 1.009 0.243 0.129 0.000 0.881 0.000 0.000 1.506 0.893 0.308 0.000 0.084 1.417 0.000 0.374 
1 test1dax_inconsistent right_hidden
0.091 0.873 0.042 0.000 0.600 0.179 0.000 0.632 0.019 0.804 0.070 0.706 0.485 0.000 0.000 0.000 0.675 0.062 0.463 0.000 
---
0 test1dax_consistent left_hidden
0.000 0.000 1.874 0.000 0.000 0.698 0.000 0.000 0.013 0.000 0.119 0.000 0.000 1.740 0.000 0.000 1.048 0.968 0.000 0.000 
0 test1dax_consistent right_hidden
0.471 0.000 0.000 0.000 0.028 1.035 0.000 0.000 1.587 0.784 0.076 0.000 0.000 0.021 1.175 3.438 0.000 0.089 0.000 5.722 
---
1 test1dax_inconsistent left_hidden
0.000 0.000 1.874 0.000 0.000 0.698 0.000 0.000 0.013 0.000 0.119 0.000 0.000 1.740 0.000 0.000 1.048 0.968 0.000 0.000 
1 test1dax_inconsistent right_hidden
0.415 0.000 0.212 0.000 0.000 0.669 0.000 0.000 1.781 0.141 0.101 0.000 0.000 0.611 0.000 1.823 0.138 0.000 0.000 0.595 
---
0 test1dax_consistent left_hidden
0.000 0.131 0.000 0.000 0.000 0.038 0.695 0.000 0.000 0.464 1.649 0.000 2.184 0.005 0.000 1.606 0.000 0.538 0.999 0.199 
0 test1dax_consistent right_hidden
0.000 0.080 0.000 0.000 1.631 0.000 1.232 0.795 0.000 0.000 4.851 0.000 0.745 1.941 3.675 0.946 0.000 1.387 0.000 3.715 
---
1 test1dax_inconsistent left_hidden
0.000 0.131 0.000 0.000 0.000 0.038 0.695 0.000 0.000 0.464 1.649 0.000 2.184 0.005 0.000 1.606 0.000 0.538 0.999 0.199 
1 test1dax_inconsistent right_hidden
0.000 0.065 0.000 0.000 1.144 0.000 0.856 0.370 0.000 0.000 1.459 0.000 0.398 0.472 1.602 0.592 0.000 0.000 0.000 1.182 
---
0 test1dax_consistent left_hidden
1.412 0.000 0.152 1.447 0.000 0.860 0.000 0.049 0.000 0.694 0.000 0.114 1.294 1.441 0.525 0.000 0.000 0.124 0.262 0.000 
0 test1dax_consistent right_hidden
0.000 0.000 2.225 1.142 0.000 1.753 0.000 0.045 0.182 1.930 0.000 1.228 0.000 0.725 2.202 0.564 3.023 0.000 1.843 4.331 
---
1 test1dax_inconsistent left_hidden
1.412 0.000 0.152 1.447 0.000 0.860 0.000 0.049 0.000 0.694 0.000 0.114 1.294 1.441 0.525 0.000 0.000 0.124 0.262 0.000 
1 test1dax_inconsistent right_hidden
0.045 0.010 0.310 0.922 0.000 0.167 0.232 0.000 0.000 0.082 0.335 0.472 0.165 0.000 0.278 0.196 1.571 0.000 0.734 0.947 
---
0 test1dax_consistent left_hidden
0.088 2.288 0.000 0.000 1.483 0.000 0.172 0.168 0.000 0.292 0.006 0.000 1.218 0.000 0.681 0.037 0.174 0.247 0.196 0.000 
0 test1dax_consistent right_hidden
4.025 1.449 0.000 1.298 3.314 3.064 0.000 0.000 0.000 0.000 1.552 2.003 0.917 0.000 0.000 0.000 0.000 0.885 2.146 0.000 
---
1 test1dax_inconsistent left_hidden
0.088 2.288 0.000 0.000 1.483 0.000 0.172 0.168 0.000 0.292 0.006 0.000 1.218 0.000 0.681 0.037 0.174 0.247 0.196 0.000 
1 test1dax_inconsistent right_hidden
1.113 0.000 0.000 0.000 1.037 1.303 0.000 0.000 0.256 0.499 0.771 0.223 0.386 0.000 0.000 0.000 0.000 0.000 0.773 0.000 
---
0 test1dax_consistent left_hidden
0.000 1.117 0.406 0.438 0.296 1.206 0.448 0.000 1.169 0.000 0.202 0.902 0.775 0.713 0.000 0.705 0.771 0.995 0.177 0.000 
0 test1dax_consistent right_hidden
0.074 0.000 0.000 4.138 0.000 0.000 0.000 0.000 0.000 0.000 0.000 3.744 0.000 0.000 3.618 1.360 0.325 2.439 2.773 0.000 
---
1 test1dax_inconsistent left_hidden
0.000 1.117 0.406 0.438 0.296 1.206 0.448 0.000 1.169 0.000 0.202 0.902 0.775 0.713 0.000 0.705 0.771 0.995 0.177 0.000 
1 test1dax_inconsistent right_hidden
0.000 0.000 0.025 0.786 0.000 0.299 0.000 0.000 0.000 0.440 0.000 0.955 0.350 0.000 1.423 0.733 0.759 0.548 1.570 0.000 
---
0 test1dax_consistent left_hidden
0.000 0.000 0.259 0.361 0.000 1.193 1.056 0.000 1.390 0.000 0.000 0.000 0.632 0.212 0.550 0.345 1.287 0.334 0.000 1.099 
0 test1dax_consistent right_hidden
0.059 0.976 0.546 0.422 0.000 0.000 2.335 0.000 0.000 0.381 1.757 2.093 2.012 1.744 3.012 1.580 0.009 1.874 0.363 3.642 
---
1 test1dax_inconsistent left_hidden
0.000 0.000 0.259 0.361 0.000 1.193 1.056 0.000 1.390 0.000 0.000 0.000 0.632 0.212 0.550 0.345 1.287 0.334 0.000 1.099 
1 test1dax_inconsistent right_hidden
0.099 0.169 0.628 0.005 0.000 0.772 1.359 0.000 0.707 0.294 0.683 0.541 0.000 0.920 0.539 1.094 0.000 0.309 0.486 0.792 
---
0 test1dax_consistent left_hidden
0.574 0.000 0.000 0.000 0.036 0.270 0.081 0.686 0.000 0.000 0.001 0.000 1.213 0.070 0.000 0.000 0.000 0.309 1.538 2.231 
0 test1dax_consistent right_hidden
2.458 0.000 1.576 0.000 0.000 1.215 3.445 1.149 0.653 0.000 0.000 0.000 0.000 0.000 0.000 2.826 1.698 1.120 5.573 0.000 
---
1 test1dax_inconsistent left_hidden
0.574 0.000 0.000 0.000 0.036 0.270 0.081 0.686 0.000 0.000 0.001 0.000 1.213 0.070 0.000 0.000 0.000 0.309 1.538 2.231 
1 test1dax_inconsistent right_hidden
1.803 0.000 0.410 0.152 0.000 0.913 0.720 0.000 0.000 0.092 0.004 0.000 0.150 0.000 0.082 1.239 1.269 0.800 1.676 0.000 
---
0 test1dax_consistent left_hidden
0.000 0.000 1.067 0.907 0.000 0.000 0.000 0.000 0.000 0.000 1.047 0.000 0.094 1.210 0.066 0.756 1.878 0.187 0.000 0.247 
0 test1dax_consistent right_hidden
0.000 0.000 0.639 0.240 0.000 0.000 0.000 0.000 4.948 0.000 4.423 0.000 0.047 0.000 0.000 3.066 0.900 4.396 0.000 0.000 
---
1 test1dax_inconsistent left_hidden
0.000 0.000 1.067 0.907 0.000 0.000 0.000 0.000 0.000 0.000 1.047 0.000 0.094 1.210 0.066 0.756 1.878 0.187 0.000 0.247 
1 test1dax_inconsistent right_hidden
0.000 0.000 0.805 0.000 0.000 0.000 1.337 0.000 1.436 0.000 1.448 0.102 0.064 0.000 0.013 0.947 0.000 1.754 0.000 0.000 
---
0 test1dax_consistent left_hidden
0.949 0.000 1.516 0.000 0.201 0.508 0.201 1.319 0.000 0.000 0.685 0.665 0.269 0.265 1.276 0.000 0.000 0.418 0.255 0.000 
0 test1dax_consistent right_hidden
0.060 0.000 0.000 0.000 0.000 0.000 3.275 0.000 0.027 0.000 4.741 0.000 0.000 0.000 0.742 0.000 1.158 3.781 0.000 0.000 
---
1 test1dax_inconsistent left_hidden
0.949 0.000 1.516 0.000 0.201 0.508 0.201 1.319 0.000 0.000 0.685 0.665 0.269 0.265 1.276 0.000 0.000 0.418 0.255 0.000 
1 test1dax_inconsistent right_hidden
0.537 0.410 0.281 0.000 0.000 0.131 0.588 0.066 0.006 0.000 0.160 0.164 0.009 0.000 0.815 0.000 0.351 1.407 0.024 0.000 
---
0 test1dax_consistent left_hidden
0.000 1.707 1.570 1.080 0.000 0.227 0.076 0.140 0.000 0.000 1.314 0.850 0.000 0.000 0.086 0.000 0.000 0.834 0.305 0.036 
0 test1dax_consistent right_hidden
0.000 0.000 1.877 0.801 0.191 1.846 3.747 0.037 0.000 0.000 3.249 0.753 0.000 2.043 0.331 0.000 0.000 0.000 0.000 0.000 
---
1 test1dax_inconsistent left_hidden
0.000 1.707 1.570 1.080 0.000 0.227 0.076 0.140 0.000 0.000 1.314 0.850 0.000 0.000 0.086 0.000 0.000 0.834 0.305 0.036 
1 test1dax_inconsistent right_hidden
0.000 0.000 0.000 0.000 0.099 0.909 1.200 0.122 0.000 0.000 0.156 0.000 0.000 0.283 0.797 0.000 0.432 0.000 0.000 0.766 
---
0 test1dax_consistent left_hidden
0.000 0.332 0.000 0.175 0.000 0.000 2.132 0.000 0.000 0.000 0.000 1.935 0.000 0.000 1.001 0.000 1.429 0.000 0.000 0.000 
0 test1dax_consistent right_hidden
0.000 1.980 3.260 0.000 0.292 0.000 2.391 0.000 3.422 0.000 0.000 0.644 2.023 0.000 2.892 0.000 0.000 2.826 0.000 0.000 
---
1 test1dax_inconsistent left_hidden
0.000 0.332 0.000 0.175 0.000 0.000 2.132 0.000 0.000 0.000 0.000 1.935 0.000 0.000 1.001 0.000 1.429 0.000 0.000 0.000 
1 test1dax_inconsistent right_hidden
0.000 1.152 1.045 0.274 0.617 0.000 0.716 0.219 0.615 0.304 0.000 0.029 0.389 0.000 1.238 0.072 0.544 0.012 0.000 0.000 
---
0 test1dax_consistent left_hidden
0.000 0.094 0.000 1.480 0.000 0.000 0.332 0.000 1.251 0.000 0.046 0.667 0.000 0.000 1.344 0.000 0.341 0.181 1.493 0.000 
0 test1dax_consistent right_hidden
0.702 2.014 3.472 0.024 0.817 3.168 1.653 0.000 0.000 0.000 1.060 3.140 0.000 0.546 0.000 0.000 1.329 0.153 0.000 1.619 
---
1 test1dax_inconsistent left_hidden
0.000 0.094 0.000 1.480 0.000 0.000 0.332 0.000 1.251 0.000 0.046 0.667 0.000 0.000 1.344 0.000 0.341 0.181 1.493 0.000 
1 test1dax_inconsistent right_hidden
0.227 0.000 1.021 0.201 0.626 0.172 0.039 0.000 0.002 0.000 0.584 0.755 0.094 0.704 0.000 0.000 0.556 0.331 0.000 0.486 
---
0 test1dax_consistent left_hidden
0.444 0.000 0.000 0.388 1.949 0.000 0.075 1.010 0.253 0.000 0.090 0.876 0.066 0.192 0.355 0.609 0.259 0.942 0.431 0.000 
0 test1dax_consistent right_hidden
1.251 3.267 2.287 0.000 0.564 0.000 1.397 0.000 1.043 0.000 0.000 0.000 2.747 0.000 2.592 0.000 0.000 3.180 3.104 0.000 
---
1 test1dax_inconsistent left_hidden
0.444 0.000 0.000 0.388 1.949 0.000 0.075 1.010 0.253 0.000 0.090 0.876 0.066 0.192 0.355 0.609 0.259 0.942 0.431 0.000 
1 test1dax_inconsistent right_hidden
0.382 0.122 0.972 0.000 0.000 0.000 0.678 0.000 0.448 0.000 0.000 0.000 1.331 0.000 0.987 0.229 0.967 1.617 0.538 0.234 
---
0 test1dax_consistent left_hidden
0.018 0.000 0.000 0.320 1.651 0.629 0.000 0.000 1.034 0.000 0.151 0.000 0.000 1.353 0.906 0.000 0.354 0.000 1.585 0.408 
0 test1dax_consistent right_hidden
0.000 3.903 0.000 4.191 3.332 0.000 0.000 0.951 0.903 2.096 0.000 0.000 0.000 2.426 0.000 0.000 0.464 1.052 0.000 0.000 
---
1 test1dax_inconsistent left_hidden
0.018 0.000 0.000 0.320 1.651 0.629 0.000 0.000 1.034 0.000 0.151 0.000 0.000 1.353 0.906 0.000 0.354 0.000 1.585 0.408 
1 test1dax_inconsistent right_hidden
0.275 1.190 0.000 1.029 1.956 0.000 0.000 0.000 0.000 1.005 0.000 0.000 0.000 0.025 0.000 0.113 0.049 0.000 0.135 0.000 
---
0 test1dax_consistent left_hidden
0.000 1.621 0.653 0.034 0.000 0.389 0.793 1.523 0.000 0.000 0.586 0.000 0.081 0.000 0.228 0.000 0.000 1.659 0.113 0.351 
0 test1dax_consistent right_hidden
0.000 0.000 2.040 0.000 0.000 0.000 1.362 0.000 0.000 0.000 1.922 0.000 2.925 1.130 0.059 0.000 2.843 4.993 0.582 0.000 
---
1 test1dax_inconsistent left_hidden
0.000 1.621 0.653 0.034 0.000 0.389 0.793 1.523 0.000 0.000 0.586 0.000 0.081 0.000 0.228 0.000 0.000 1.659 0.113 0.351 
1 test1dax_inconsistent right_hidden
0.000 0.000 1.074 0.311 0.033 0.000 0.381 0.000 0.000 0.000 1.224 0.000 0.754 0.297 0.000 0.000 0.840 1.017 0.585 0.200 
---
0 test1dax_consistent left_hidden
1.356 0.000 1.497 1.217 0.000 0.000 0.202 1.132 0.000 0.000 0.000 0.000 0.000 0.068 0.183 1.843 0.000 0.000 0.421 0.027 
0 test1dax_consistent right_hidden
6.458 0.000 1.184 0.000 0.000 0.000 0.482 0.000 0.000 0.000 1.389 0.020 0.000 0.029 0.000 1.037 0.000 0.000 2.372 3.158 
---
1 test1dax_inconsistent left_hidden
1.356 0.000 1.497 1.217 0.000 0.000 0.202 1.132 0.000 0.000 0.000 0.000 0.000 0.068 0.183 1.843 0.000 0.000 0.421 0.027 
1 test1dax_inconsistent right_hidden
1.409 0.203 0.740 0.342 0.000 0.000 0.171 0.000 0.000 0.234 1.137 0.144 0.099 0.000 0.000 0.494 0.386 0.000 0.400 0.778 
---
0 test1dax_consistent left_hidden
1.794 0.530 0.141 0.151 0.694 0.379 0.398 0.000 0.000 0.055 0.000 0.111 0.328 0.654 0.857 0.035 0.412 0.631 0.224 0.000 
0 test1dax_consistent right_hidden
1.637 0.593 0.610 0.920 3.375 0.000 0.000 0.000 0.126 0.000 0.000 0.767 0.000 0.393 5.066 0.000 0.000 0.000 2.686 0.000 
---
1 test1dax_inconsistent left_hidden
1.794 0.530 0.141 0.151 0.694 0.379 0.398 0.000 0.000 0.055 0.000 0.111 0.328 0.654 0.857 0.035 0.412 0.631 0.224 0.000 
1 test1dax_inconsistent right_hidden
0.932 0.100 0.000 0.767 0.650 0.468 0.000 0.000 0.239 0.000 0.000 0.747 0.000 0.220 1.511 0.000 0.153 0.000 0.706 0.000 
---
0 test1dax_consistent left_hidden
1.147 0.521 0.000 0.000 0.000 0.000 1.394 0.892 0.000 0.338 0.174 0.219 0.105 0.000 1.028 1.979 0.000 0.000 0.022 0.702 
0 test1dax_consistent right_hidden
0.000 1.998 0.000 0.000 0.000 0.000 4.924 0.000 0.000 2.167 1.045 0.893 0.594 0.000 2.463 3.179 0.002 0.000 0.901 0.626 
---
1 test1dax_inconsistent left_hidden
1.147 0.521 0.000 0.000 0.000 0.000 1.394 0.892 0.000 0.338 0.174 0.219 0.105 0.000 1.028 1.979 0.000 0.000 0.022 0.702 
1 test1dax_inconsistent right_hidden
0.191 0.000 0.000 0.000 0.000 0.000 1.541 0.000 0.363 0.265 0.773 0.000 0.579 0.000 0.992 0.530 0.002 0.000 1.040 0.015 
---
0 test1dax_consistent left_hidden
0.151 0.063 0.129 0.000 0.253 0.000 0.000 0.000 0.178 0.000 0.075 1.198 0.000 0.000 1.014 0.373 0.533 2.642 0.000 0.000 
0 test1dax_consistent right_hidden
1.364 0.000 0.000 0.308 0.980 0.000 2.249 0.000 3.943 0.000 0.179 0.467 0.000 2.674 3.279 0.092 0.000 0.000 0.000 0.000 
---
1 test1dax_inconsistent left_hidden
0.151 0.063 0.129 0.000 0.253 0.000 0.000 0.000 0.178 0.000 0.075 1.198 0.000 0.000 1.014 0.373 0.533 2.642 0.000 0.000 
1 test1dax_inconsistent right_hidden
0.899 0.000 0.000 0.000 0.119 0.000 0.814 0.000 1.585 0.000 0.130 0.738 0.000 0.892 0.034 0.182 0.161 0.256 0.000 0.000 
---
0 test1dax_consistent left_hidden
0.015 0.329 0.000 0.657 0.000 0.000 1.597 1.179 0.136 0.182 0.000 0.286 0.000 0.000 0.082 1.852 0.187 0.923 0.002 0.311 
0 test1dax_consistent right_hidden
0.000 0.269 0.743 0.000 1.522 1.685 0.000 0.000 0.000 2.959 1.009 1.606 1.864 0.000 0.000 0.554 2.629 0.000 0.000 3.794 
---
1 test1dax_inconsistent left_hidden
0.015 0.329 0.000 0.657 0.000 0.000 1.597 1.179 0.136 0.182 0.000 0.286 0.000 0.000 0.082 1.852 0.187 0.923 0.002 0.311 
1 test1dax_inconsistent right_hidden
0.000 0.329 0.000 0.016 0.716 0.663 0.737 0.000 0.000 0.469 0.633 0.000 0.917 0.000 0.029 0.783 0.446 0.000 0.000 0.163 
---
0 test1dax_consistent left_hidden
0.000 0.751 0.000 0.000 0.870 0.000 0.321 0.000 0.155 0.278 0.000 0.856 1.395 1.297 1.135 0.430 1.125 0.000 0.000 0.471 
0 test1dax_consistent right_hidden
0.000 0.681 0.000 2.500 0.816 0.000 0.000 0.677 0.000 5.368 0.000 0.944 0.000 0.000 0.000 2.016 0.000 0.000 0.000 0.952 
---
1 test1dax_inconsistent left_hidden
0.000 0.751 0.000 0.000 0.870 0.000 0.321 0.000 0.155 0.278 0.000 0.856 1.395 1.297 1.135 0.430 1.125 0.000 0.000 0.471 
1 test1dax_inconsistent right_hidden
0.000 0.507 0.000 0.344 1.130 0.016 0.000 0.285 0.058 1.160 0.000 0.000 0.000 0.000 0.000 0.943 0.000 0.069 0.000 0.966 
---
0 test1dax_consistent left_hidden
1.769 0.069 1.566 0.000 0.000 0.654 0.000 0.205 0.000 0.197 0.721 0.000 0.186 0.708 1.942 0.000 0.000 0.429 0.000 0.000 
0 test1dax_consistent right_hidden
0.228 6.195 2.621 0.000 1.497 1.227 0.000 0.000 0.000 2.188 2.154 0.622 0.087 0.000 1.037 0.000 0.000 0.000 0.513 1.922 
---
1 test1dax_inconsistent left_hidden
1.769 0.069 1.566 0.000 0.000 0.654 0.000 0.205 0.000 0.197 0.721 0.000 0.186 0.708 1.942 0.000 0.000 0.429 0.000 0.000 
1 test1dax_inconsistent right_hidden
0.405 1.274 0.804 0.000 0.884 0.701 0.296 0.000 0.000 1.204 0.509 0.894 0.161 0.240 0.121 0.000 0.000 0.000 0.000 1.316 
---
0 test1dax_consistent left_hidden
0.000 0.000 0.768 2.000 0.000 0.000 0.000 0.325 2.429 0.294 0.355 0.000 0.000 0.000 0.000 0.000 0.006 0.000 0.000 0.000 
0 test1dax_consistent right_hidden
0.000 0.909 0.027 0.000 4.042 0.000 4.304 0.000 0.000 0.177 2.500 0.000 0.000 2.711 0.000 0.000 0.000 0.000 0.000 0.000 
---
1 test1dax_inconsistent left_hidden
0.000 0.000 0.768 2.000 0.000 0.000 0.000 0.325 2.429 0.294 0.355 0.000 0.000 0.000 0.000 0.000 0.006 0.000 0.000 0.000 
1 test1dax_inconsistent right_hidden
0.240 0.074 0.196 0.000 1.353 0.000 0.461 0.000 0.000 0.775 2.264 0.028 0.000 0.115 0.081 0.282 0.000 0.000 0.000 0.000 
---
0 test1dax_consistent left_hidden
2.649 0.000 0.000 0.000 0.000 1.395 0.000 0.000 0.000 0.000 0.000 0.000 0.000 0.000 0.000 0.000 0.000 0.000 0.776 0.100 
0 test1dax_consistent right_hidden
2.906 0.000 0.854 0.000 1.121 3.708 0.000 1.535 0.112 0.000 0.000 1.054 6.442 0.895 0.000 0.000 0.000 0.000 0.000 0.000 
---
1 test1dax_inconsistent left_hidden
2.649 0.000 0.000 0.000 0.000 1.395 0.000 0.000 0.000 0.000 0.000 0.000 0.000 0.000 0.000 0.000 0.000 0.000 0.776 0.100 
1 test1dax_inconsistent right_hidden
0.473 0.000 1.044 0.000 0.631 1.801 0.000 0.000 0.070 0.028 0.000 0.818 1.471 0.614 0.000 0.000 0.728 0.238 0.000 0.022 
---
0 test1dax_consistent left_hidden
0.666 0.509 0.000 0.000 0.286 0.000 1.363 0.000 1.619 0.000 0.000 0.646 0.000 0.503 0.077 0.000 0.000 1.297 0.417 1.819 
0 test1dax_consistent right_hidden
0.000 0.864 0.000 0.000 0.000 3.139 0.000 0.000 0.039 2.026 0.441 0.000 0.000 3.755 0.000 0.000 0.000 3.096 0.024 4.978 
---
1 test1dax_inconsistent left_hidden
0.666 0.509 0.000 0.000 0.286 0.000 1.363 0.000 1.619 0.000 0.000 0.646 0.000 0.503 0.077 0.000 0.000 1.297 0.417 1.819 
1 test1dax_inconsistent right_hidden
0.240 0.000 0.000 0.000 0.000 1.304 0.032 0.000 0.492 0.000 0.743 0.013 0.000 2.007 0.000 0.000 0.033 0.000 0.000 1.364 
---
0 test1dax_consistent left_hidden
0.579 0.896 1.781 0.113 0.383 1.773 0.249 0.106 0.000 0.000 0.051 0.000 0.000 1.231 0.000 0.000 0.231 0.000 0.344 0.000 
0 test1dax_consistent right_hidden
0.000 3.140 4.368 0.000 0.000 1.333 0.000 0.000 0.000 0.890 0.000 1.195 0.000 1.405 0.000 0.000 0.000 0.000 0.000 0.000 
---
1 test1dax_inconsistent left_hidden
0.579 0.896 1.781 0.113 0.383 1.773 0.249 0.106 0.000 0.000 0.051 0.000 0.000 1.231 0.000 0.000 0.231 0.000 0.344 0.000 
1 test1dax_inconsistent right_hidden
0.000 1.026 0.080 0.030 0.454 0.679 0.348 0.069 0.000 0.000 0.221 0.449 0.000 0.839 0.035 0.000 0.000 0.000 0.000 0.000 
---
0 test1dax_consistent left_hidden
0.000 0.939 0.000 0.000 0.588 0.838 0.124 0.000 0.225 0.000 0.000 1.474 0.422 0.000 0.562 0.510 1.296 0.209 0.045 0.858 
0 test1dax_consistent right_hidden
0.000 0.000 0.000 0.000 0.118 0.000 3.504 0.000 3.924 2.353 0.000 0.000 0.000 2.769 0.592 0.000 0.621 3.966 0.000 0.000 
---
1 test1dax_inconsistent left_hidden
0.000 0.939 0.000 0.000 0.588 0.838 0.124 0.000 0.225 0.000 0.000 1.474 0.422 0.000 0.562 0.510 1.296 0.209 0.045 0.858 
1 test1dax_inconsistent right_hidden
0.000 0.000 0.000 0.000 0.137 0.651 1.268 0.539 0.583 1.705 0.000 0.128 0.000 0.337 0.283 0.000 0.000 1.085 0.041 0.297 
---
0 test1dax_consistent left_hidden
0.798 1.192 0.000 0.000 0.000 0.000 0.000 1.507 0.000 0.096 0.000 0.000 2.214 0.149 0.000 0.000 0.000 0.000 0.000 0.025 
0 test1dax_consistent right_hidden
5.798 0.000 2.588 0.448 0.000 2.245 0.000 1.057 0.000 0.159 0.000 0.000 2.276 0.000 0.000 0.000 0.000 0.000 0.040 0.000 
---
1 test1dax_inconsistent left_hidden
0.798 1.192 0.000 0.000 0.000 0.000 0.000 1.507 0.000 0.096 0.000 0.000 2.214 0.149 0.000 0.000 0.000 0.000 0.000 0.025 
1 test1dax_inconsistent right_hidden
2.195 0.000 0.592 1.322 0.000 0.000 0.000 0.000 0.000 0.524 0.000 0.000 0.685 0.000 0.019 0.000 0.000 0.000 0.066 0.128 
---
0 test1dax_consistent left_hidden
1.141 0.000 0.000 0.250 0.658 0.000 0.832 0.000 0.000 0.789 0.000 0.000 0.242 0.101 0.422 1.450 0.000 1.646 0.000 0.921 
0 test1dax_consistent right_hidden
0.000 3.809 0.000 0.000 0.960 0.053 3.585 0.618 0.067 0.000 0.000 1.117 3.540 0.486 2.006 1.340 0.199 0.000 0.628 0.105 
---
1 test1dax_inconsistent left_hidden
1.141 0.000 0.000 0.250 0.658 0.000 0.832 0.000 0.000 0.789 0.000 0.000 0.242 0.101 0.422 1.450 0.000 1.646 0.000 0.921 
1 test1dax_inconsistent right_hidden
0.000 0.885 0.000 0.000 1.180 0.000 1.115 0.000 0.000 0.000 0.000 0.497 0.888 0.465 0.245 0.021 0.480 0.183 0.730 0.000 
---
0 test1dax_consistent left_hidden
0.775 0.038 0.000 0.000 0.409 0.903 0.000 0.657 0.453 1.200 0.000 0.327 0.014 0.556 0.380 0.188 0.674 0.534 1.121 0.325 
0 test1dax_consistent right_hidden
0.000 0.846 0.000 1.053 3.056 2.091 2.192 0.000 0.184 0.783 0.000 0.000 0.000 0.403 0.296 0.000 0.000 0.000 4.596 1.326 
---
1 test1dax_inconsistent left_hidden
0.775 0.038 0.000 0.000 0.409 0.903 0.000 0.657 0.453 1.200 0.000 0.327 0.014 0.556 0.380 0.188 0.674 0.534 1.121 0.325 
1 test1dax_inconsistent right_hidden
0.713 0.728 0.000 0.468 1.103 0.129 0.414 0.155 0.390 0.037 0.625 0.000 0.000 0.000 0.000 0.000 0.000 0.000 0.697 0.000 
---
0 test1dax_consistent left_hidden
0.297 0.486 0.103 0.213 0.035 1.027 1.450 0.000 0.000 1.689 0.897 0.000 1.311 0.123 0.000 0.178 0.208 0.029 0.763 0.384 
0 test1dax_consistent right_hidden
3.129 0.982 0.627 1.767 0.000 0.000 0.000 0.000 0.554 1.412 1.689 0.000 0.000 1.426 2.689 0.000 0.000 0.000 2.168 3.038 
---
1 test1dax_inconsistent left_hidden
0.297 0.486 0.103 0.213 0.035 1.027 1.450 0.000 0.000 1.689 0.897 0.000 1.311 0.123 0.000 0.178 0.208 0.029 0.763 0.384 
1 test1dax_inconsistent right_hidden
0.935 0.094 0.335 0.587 0.000 0.203 0.424 0.064 0.021 0.000 0.602 0.000 0.000 0.296 0.854 0.000 0.000 0.006 0.717 0.000 
---
0 test1dax_consistent left_hidden
0.633 1.175 0.077 1.350 0.000 0.270 0.095 0.163 0.000 0.618 0.474 0.281 0.405 0.179 0.385 0.836 1.181 0.607 0.296 0.000 
0 test1dax_consistent right_hidden
1.051 0.647 0.891 0.000 0.000 4.175 0.000 0.855 1.017 0.958 0.000 2.911 0.000 0.000 1.350 1.421 0.000 0.000 0.971 0.690 
---
1 test1dax_inconsistent left_hidden
0.633 1.175 0.077 1.350 0.000 0.270 0.095 0.163 0.000 0.618 0.474 0.281 0.405 0.179 0.385 0.836 1.181 0.607 0.296 0.000 
1 test1dax_inconsistent right_hidden
0.160 0.000 0.000 0.393 0.000 0.365 0.000 0.625 0.000 0.414 0.000 0.672 0.000 0.000 0.591 0.407 0.000 0.000 0.552 0.366 
---
0 test1dax_consistent left_hidden
0.000 1.494 0.000 0.488 0.116 0.029 0.332 0.129 0.000 0.000 0.789 0.000 0.648 0.037 0.870 0.000 0.570 0.222 1.667 0.603 
0 test1dax_consistent right_hidden
0.847 0.353 0.000 1.014 0.413 3.427 0.780 0.000 0.000 0.000 0.528 0.000 0.000 2.812 0.000 0.374 0.000 1.533 0.241 4.599 
---
1 test1dax_inconsistent left_hidden
0.000 1.494 0.000 0.488 0.116 0.029 0.332 0.129 0.000 0.000 0.789 0.000 0.648 0.037 0.870 0.000 0.570 0.222 1.667 0.603 
1 test1dax_inconsistent right_hidden
0.786 0.000 0.000 1.320 0.019 0.612 0.879 0.085 0.000 0.000 0.423 0.000 0.428 0.634 0.000 0.000 0.000 0.747 0.021 0.857 
---
0 test1dax_consistent left_hidden
0.000 0.553 0.640 0.199 0.000 0.000 1.406 0.992 0.000 0.930 0.042 1.386 0.861 0.000 0.620 0.338 0.000 0.000 0.000 0.000 
0 test1dax_consistent right_hidden
0.000 0.000 1.962 4.154 1.413 0.000 2.894 0.039 0.000 0.000 0.162 2.394 0.000 5.022 2.317 0.000 0.000 0.000 0.000 0.000 
---
1 test1dax_inconsistent left_hidden
0.000 0.553 0.640 0.199 0.000 0.000 1.406 0.992 0.000 0.930 0.042 1.386 0.861 0.000 0.620 0.338 0.000 0.000 0.000 0.000 
1 test1dax_inconsistent right_hidden
0.000 0.091 0.164 1.329 0.604 0.097 0.402 0.817 0.356 0.452 0.090 0.826 0.373 2.336 0.162 0.000 0.000 0.000 0.145 0.000 
---
0 test1dax_consistent left_hidden
1.128 0.000 0.374 0.796 0.000 1.441 0.799 0.000 0.000 0.000 0.116 1.284 0.000 1.016 0.000 0.000 0.000 0.000 0.000 0.000 
0 test1dax_consistent right_hidden
0.870 0.000 0.000 0.342 0.000 0.876 0.000 3.965 0.000 0.000 3.662 0.000 1.047 3.858 1.924 0.000 0.000 0.226 0.000 0.000 
---
1 test1dax_inconsistent left_hidden
1.128 0.000 0.374 0.796 0.000 1.441 0.799 0.000 0.000 0.000 0.116 1.284 0.000 1.016 0.000 0.000 0.000 0.000 0.000 0.000 
1 test1dax_inconsistent right_hidden
0.188 0.000 0.014 0.428 0.000 0.983 0.269 1.275 0.000 0.000 0.471 0.000 0.793 0.448 0.900 0.000 0.000 0.330 0.228 0.000 
---
0 test1dax_consistent left_hidden
1.273 0.000 0.000 0.326 1.110 0.338 0.196 0.933 0.625 1.695 0.000 0.190 0.989 0.233 0.000 1.110 0.142 0.000 0.733 0.000 
0 test1dax_consistent right_hidden
0.000 0.781 0.000 4.236 0.000 3.686 0.000 0.000 0.000 1.030 0.000 0.000 2.409 0.851 0.000 0.000 0.049 0.072 2.052 0.000 
---
1 test1dax_inconsistent left_hidden
1.273 0.000 0.000 0.326 1.110 0.338 0.196 0.933 0.625 1.695 0.000 0.190 0.989 0.233 0.000 1.110 0.142 0.000 0.733 0.000 
1 test1dax_inconsistent right_hidden
0.000 0.000 0.000 0.813 0.101 2.038 0.028 0.000 0.000 0.000 0.000 0.000 0.000 1.127 0.000 0.756 0.296 0.000 0.443 0.000 
---
0 test1dax_consistent left_hidden
0.621 0.000 0.460 0.715 0.926 0.000 1.906 0.299 0.000 0.000 1.058 1.103 0.025 0.406 0.000 0.104 0.000 1.058 1.068 0.519 
0 test1dax_consistent right_hidden
1.054 0.000 0.000 2.011 0.000 0.000 0.100 0.000 6.391 0.000 0.162 3.359 2.385 0.000 2.627 0.000 0.000 0.204 0.000 0.000 
---
1 test1dax_inconsistent left_hidden
0.621 0.000 0.460 0.715 0.926 0.000 1.906 0.299 0.000 0.000 1.058 1.103 0.025 0.406 0.000 0.104 0.000 1.058 1.068 0.519 
1 test1dax_inconsistent right_hidden
0.062 0.000 0.040 1.479 0.000 0.074 0.004 0.000 1.500 0.000 0.000 0.449 1.062 0.000 1.914 0.000 0.000 0.163 0.100 0.000 
---
0 test1dax_consistent left_hidden
0.000 0.013 0.000 0.000 0.249 0.267 1.882 0.181 0.300 0.000 0.187 0.449 0.015 1.640 0.000 0.031 0.000 1.168 0.000 1.262 
0 test1dax_consistent right_hidden
0.053 0.000 0.000 0.000 0.000 3.494 0.514 0.078 0.000 0.000 0.010 0.000 4.900 0.000 0.000 0.000 0.000 2.430 2.547 0.457 
---
1 test1dax_inconsistent left_hidden
0.000 0.013 0.000 0.000 0.249 0.267 1.882 0.181 0.300 0.000 0.187 0.449 0.015 1.640 0.000 0.031 0.000 1.168 0.000 1.262 
1 test1dax_inconsistent right_hidden
0.162 0.134 0.110 0.000 0.000 0.461 0.233 0.031 0.220 0.272 0.838 0.000 1.410 0.000 0.000 0.000 0.006 0.630 0.893 0.000 
---
0 test1dax_consistent left_hidden
0.000 0.660 1.028 0.000 1.418 0.000 0.013 0.000 0.226 0.938 0.192 0.580 0.750 0.758 0.000 0.071 1.554 0.000 1.113 0.000 
0 test1dax_consistent right_hidden
2.251 1.302 2.161 0.000 0.049 0.000 0.000 1.300 1.027 0.000 3.842 4.414 2.326 0.467 0.000 0.000 1.915 1.620 0.000 0.000 
---
1 test1dax_inconsistent left_hidden
0.000 0.660 1.028 0.000 1.418 0.000 0.013 0.000 0.226 0.938 0.192 0.580 0.750 0.758 0.000 0.071 1.554 0.000 1.113 0.000 
1 test1dax_inconsistent right_hidden
0.693 0.000 0.633 0.000 0.244 0.000 0.000 0.786 0.788 0.000 0.931 1.272 1.694 0.660 0.015 0.000 0.382 0.000 0.574 0.000 
---
0 test1dax_consistent left_hidden
0.000 0.000 0.472 0.000 0.000 0.000 0.000 0.038 0.000 0.705 0.000 0.000 0.000 0.206 1.342 1.018 0.000 0.142 0.871 2.246 
0 test1dax_consistent right_hidden
0.000 0.000 1.633 0.000 2.050 1.209 1.182 0.000 0.000 0.669 0.000 3.738 5.250 0.000 0.000 0.000 1.775 0.000 1.266 0.000 
---
1 test1dax_inconsistent left_hidden
0.000 0.000 0.472 0.000 0.000 0.000 0.000 0.038 0.000 0.705 0.000 0.000 0.000 0.206 1.342 1.018 0.000 0.142 0.871 2.246 
1 test1dax_inconsistent right_hidden
0.352 0.000 0.130 0.000 0.000 0.000 0.533 0.694 0.389 0.000 0.068 0.795 1.639 0.093 0.000 0.000 1.062 0.014 0.846 0.258 
---
0 test1dax_consistent left_hidden
0.786 0.215 1.604 0.000 0.086 0.389 0.000 0.404 0.000 0.000 2.464 0.000 0.000 0.000 0.000 0.075 0.000 0.276 2.096 0.000 
0 test1dax_consistent right_hidden
3.571 0.511 0.693 0.062 0.000 4.566 0.000 0.000 0.000 0.000 0.000 0.000 0.000 0.000 0.000 2.755 1.218 1.588 0.000 3.227 
---
1 test1dax_inconsistent left_hidden
0.786 0.215 1.604 0.000 0.086 0.389 0.000 0.404 0.000 0.000 2.464 0.000 0.000 0.000 0.000 0.075 0.000 0.276 2.096 0.000 
1 test1dax_inconsistent right_hidden
1.946 0.215 0.000 0.105 0.081 0.552 0.000 0.000 0.010 0.000 0.000 0.000 0.041 0.000 0.010 0.429 0.660 0.454 0.261 1.153 
---
0 test1dax_consistent left_hidden
0.000 0.720 0.000 1.426 0.570 0.000 0.086 0.000 0.300 0.543 0.087 1.306 1.185 0.412 0.000 1.038 0.849 0.000 1.047 0.000 
0 test1dax_consistent right_hidden
0.625 1.670 0.000 3.244 1.691 0.000 0.000 0.093 0.000 3.946 0.000 1.672 0.982 0.000 0.000 5.104 0.000 0.000 0.541 0.000 
---
1 test1dax_inconsistent left_hidden
0.000 0.720 0.000 1.426 0.570 0.000 0.086 0.000 0.300 0.543 0.087 1.306 1.185 0.412 0.000 1.038 0.849 0.000 1.047 0.000 
1 test1dax_inconsistent right_hidden
0.000 0.285 0.000 0.354 0.669 0.000 0.000 0.377 0.000 0.662 0.000 0.000 0.853 0.000 0.000 2.200 0.000 0.000 0.044 0.024 
---
0 test1dax_consistent left_hidden
0.305 0.678 1.033 0.893 0.000 0.029 0.382 0.967 0.000 0.546 0.000 0.000 0.003 0.000 1.590 0.000 0.261 0.581 0.000 0.496 
0 test1dax_consistent right_hidden
0.000 0.000 2.744 0.370 0.000 0.000 0.000 0.000 3.077 5.220 0.000 0.000 1.493 0.000 0.000 0.000 0.120 2.173 0.000 0.311 
---
1 test1dax_inconsistent left_hidden
0.305 0.678 1.033 0.893 0.000 0.029 0.382 0.967 0.000 0.546 0.000 0.000 0.003 0.000 1.590 0.000 0.261 0.581 0.000 0.496 
1 test1dax_inconsistent right_hidden
0.473 0.000 0.828 0.737 0.050 0.000 0.000 0.371 1.310 0.814 0.048 0.000 1.496 0.000 0.000 0.000 0.526 0.974 0.465 0.000 
---
0 test1dax_consistent left_hidden
0.000 0.000 0.000 0.966 0.000 0.000 0.000 0.000 0.000 0.183 0.665 0.039 1.570 0.000 2.868 0.000 0.000 0.000 0.000 0.000 
0 test1dax_consistent right_hidden
0.815 0.000 0.043 0.000 0.000 0.000 0.000 1.683 6.205 0.115 1.365 0.001 0.228 0.000 0.000 0.000 0.000 3.618 0.000 0.000 
---
1 test1dax_inconsistent left_hidden
0.000 0.000 0.000 0.966 0.000 0.000 0.000 0.000 0.000 0.183 0.665 0.039 1.570 0.000 2.868 0.000 0.000 0.000 0.000 0.000 
1 test1dax_inconsistent right_hidden
0.920 0.000 0.262 0.314 0.000 0.000 0.000 0.000 1.825 0.479 0.671 0.191 0.234 0.000 0.000 0.035 0.000 0.233 0.113 0.452 
---
0 test1dax_consistent left_hidden
0.000 0.138 0.000 1.027 0.000 0.236 0.000 1.012 0.092 0.764 0.000 0.000 1.402 0.265 0.000 0.396 1.720 0.000 0.354 1.097 
0 test1dax_consistent right_hidden
0.101 0.000 0.000 0.000 0.000 0.429 0.000 2.562 1.191 0.214 0.000 0.322 0.000 0.000 0.000 0.000 0.000 4.530 2.882 0.903 
---
1 test1dax_inconsistent left_hidden
0.000 0.138 0.000 1.027 0.000 0.236 0.000 1.012 0.092 0.764 0.000 0.000 1.402 0.265 0.000 0.396 1.720 0.000 0.354 1.097 
1 test1dax_inconsistent right_hidden
0.000 0.000 0.324 0.000 0.000 0.000 0.000 0.194 0.000 0.000 0.000 0.444 0.044 0.032 0.000 0.492 0.000 1.376 0.000 0.000 
---
0 test1dax_consistent left_hidden
0.583 0.000 0.874 0.000 0.000 1.443 0.000 0.000 0.015 0.764 1.054 0.000 0.220 1.494 0.000 0.052 0.000 1.335 0.000 1.564 
0 test1dax_consistent right_hidden
2.590 0.000 0.000 1.324 0.000 2.809 0.000 0.000 0.021 0.262 0.000 0.000 4.928 0.000 0.000 0.000 0.000 0.000 1.829 2.273 
---
1 test1dax_inconsistent left_hidden
0.583 0.000 0.874 0.000 0.000 1.443 0.000 0.000 0.015 0.764 1.054 0.000 0.220 1.494 0.000 0.052 0.000 1.335 0.000 1.564 
1 test1dax_inconsistent right_hidden
0.572 0.000 0.000 0.332 0.000 0.398 0.000 0.000 0.120 0.313 0.000 0.000 1.457 0.493 0.118 0.000 0.000 0.000 0.230 1.884 
---
0 test1dax_consistent left_hidden
0.000 0.014 0.000 1.560 0.000 0.041 1.000 1.416 0.872 1.664 0.578 0.000 1.213 0.112 0.000 0.000 0.000 0.000 0.000 0.063 
0 test1dax_consistent right_hidden
0.000 1.563 0.000 6.725 0.000 0.000 0.000 0.261 0.000 1.378 0.000 0.000 0.924 0.000 0.000 0.000 0.000 3.371 0.000 0.000 
---
1 test1dax_inconsistent left_hidden
0.000 0.014 0.000 1.560 0.000 0.041 1.000 1.416 0.872 1.664 0.578 0.000 1.213 0.112 0.000 0.000 0.000 0.000 0.000 0.063 
1 test1dax_inconsistent right_hidden
0.000 0.486 0.000 1.589 0.000 0.299 0.000 0.644 0.000 0.793 0.000 0.000 0.459 0.112 0.000 0.000 0.000 1.657 0.000 0.000 
---
0 test1dax_consistent left_hidden
0.526 1.013 0.010 0.000 2.309 0.000 0.000 0.633 0.656 0.000 0.000 0.000 0.146 0.090 0.192 0.227 1.008 0.000 0.000 0.093 
0 test1dax_consistent right_hidden
3.639 1.628 3.130 0.000 0.000 0.000 0.000 0.000 3.021 0.000 0.000 0.000 1.779 0.000 1.627 2.132 0.103 0.000 0.000 0.000 
---
1 test1dax_inconsistent left_hidden
0.526 1.013 0.010 0.000 2.309 0.000 0.000 0.633 0.656 0.000 0.000 0.000 0.146 0.090 0.192 0.227 1.008 0.000 0.000 0.093 
1 test1dax_inconsistent right_hidden
0.725 0.000 0.732 0.000 0.284 0.000 0.167 0.097 0.945 0.020 0.438 0.000 1.173 0.000 0.559 0.357 0.025 0.000 0.000 0.000 
---
0 test1dax_consistent left_hidden
0.000 0.481 1.535 1.262 1.294 1.328 0.000 0.932 1.075 1.182 0.165 0.570 0.253 0.000 0.000 0.000 0.000 0.437 0.000 0.000 
0 test1dax_consistent right_hidden
0.000 3.889 0.000 1.291 4.273 2.519 0.000 0.000 0.000 0.000 0.000 0.000 0.000 0.000 0.000 0.000 0.000 0.000 0.000 0.000 
---
1 test1dax_inconsistent left_hidden
0.000 0.481 1.535 1.262 1.294 1.328 0.000 0.932 1.075 1.182 0.165 0.570 0.253 0.000 0.000 0.000 0.000 0.437 0.000 0.000 
1 test1dax_inconsistent right_hidden
0.000 0.668 0.210 0.912 0.000 1.818 0.000 0.024 0.000 0.000 0.000 0.141 0.000 0.000 0.261 0.000 0.000 0.000 0.144 0.143 
---
0 test1dax_consistent left_hidden
0.000 0.105 0.000 0.000 1.222 1.045 0.000 0.000 0.383 1.475 1.249 0.360 0.000 0.837 0.000 0.000 0.568 0.000 0.397 0.590 
0 test1dax_consistent right_hidden
0.000 0.000 3.417 0.000 0.000 0.546 4.562 0.000 2.056 0.000 1.287 0.974 0.000 0.000 0.877 0.000 1.333 0.245 1.881 0.000 
---
1 test1dax_inconsistent left_hidden
0.000 0.105 0.000 0.000 1.222 1.045 0.000 0.000 0.383 1.475 1.249 0.360 0.000 0.837 0.000 0.000 0.568 0.000 0.397 0.590 
1 test1dax_inconsistent right_hidden
0.000 0.000 0.877 0.000 0.208 0.096 1.188 0.000 0.706 0.000 0.466 0.378 0.000 0.382 0.415 0.000 0.000 0.293 1.852 0.133 
---
0 test1dax_consistent left_hidden
0.310 0.584 0.000 0.000 0.115 0.431 0.153 0.201 1.957 0.000 0.000 0.000 1.330 0.754 0.000 0.788 1.606 0.000 0.709 0.000 
0 test1dax_consistent right_hidden
0.000 0.563 0.000 4.563 0.008 0.000 0.000 1.659 0.000 0.701 4.150 0.000 0.180 3.523 0.000 1.131 0.000 0.000 0.000 0.000 
---
1 test1dax_inconsistent left_hidden
0.310 0.584 0.000 0.000 0.115 0.431 0.153 0.201 1.957 0.000 0.000 0.000 1.330 0.754 0.000 0.788 1.606 0.000 0.709 0.000 
1 test1dax_inconsistent right_hidden
0.085 0.275 0.000 0.782 0.143 0.179 0.000 1.374 0.000 0.000 1.418 0.000 0.077 0.386 0.000 0.438 0.486 0.000 0.000 0.000 
---
0 test1dax_consistent left_hidden
0.904 0.000 0.000 0.000 0.560 1.149 0.000 0.000 0.000 0.779 0.000 0.000 0.000 0.000 0.000 0.140 0.000 2.542 0.707 0.000 
0 test1dax_consistent right_hidden
0.000 0.000 0.000 2.205 0.000 1.956 0.000 2.662 0.000 1.656 1.168 1.031 0.000 0.000 3.353 3.435 0.236 2.396 2.745 0.000 
---
1 test1dax_inconsistent left_hidden
0.904 0.000 0.000 0.000 0.560 1.149 0.000 0.000 0.000 0.779 0.000 0.000 0.000 0.000 0.000 0.140 0.000 2.542 0.707 0.000 
1 test1dax_inconsistent right_hidden
0.020 0.000 0.329 0.663 0.000 0.169 0.000 0.908 0.000 0.326 0.834 0.030 0.000 0.000 1.040 1.310 0.049 0.924 0.308 0.514 
---
0 test1dax_consistent left_hidden
0.000 0.000 0.614 0.000 0.290 0.948 0.000 0.721 0.505 1.859 0.000 0.000 0.598 0.000 0.000 1.603 0.000 1.991 0.000 0.000 
0 test1dax_consistent right_hidden
0.000 0.561 2.826 0.000 2.378 0.864 3.487 2.115 1.221 0.037 0.000 1.821 1.409 1.155 0.000 0.000 0.000 0.000 0.000 0.000 
---
1 test1dax_inconsistent left_hidden
0.000 0.000 0.614 0.000 0.290 0.948 0.000 0.721 0.505 1.859 0.000 0.000 0.598 0.000 0.000 1.603 0.000 1.991 0.000 0.000 
1 test1dax_inconsistent right_hidden
0.000 0.149 1.674 0.007 0.000 0.159 0.757 1.100 0.355 0.277 0.000 0.127 0.000 0.747 0.000 0.000 0.000 0.687 0.000 0.000 
---
0 test1dax_consistent left_hidden
0.341 1.470 1.208 0.000 0.104 0.074 0.115 0.000 0.183 1.374 0.000 0.000 0.000 0.000 0.000 0.510 0.000 0.881 0.845 1.173 
0 test1dax_consistent right_hidden
0.378 0.340 5.773 0.000 1.172 4.185 0.000 0.000 0.180 0.000 0.000 0.679 0.000 0.000 0.000 0.376 0.257 0.000 0.000 0.000 
---
1 test1dax_inconsistent left_hidden
0.341 1.470 1.208 0.000 0.104 0.074 0.115 0.000 0.183 1.374 0.000 0.000 0.000 0.000 0.000 0.510 0.000 0.881 0.845 1.173 
1 test1dax_inconsistent right_hidden
0.899 0.000 1.433 0.026 0.200 1.063 0.000 0.000 0.613 0.000 0.000 0.408 0.000 0.000 0.000 0.090 0.666 0.407 0.410 0.000 
---
0 test1dax_consistent left_hidden
0.665 0.000 0.532 0.000 0.681 0.123 0.072 0.239 0.880 0.208 0.000 0.000 1.298 0.000 1.436 1.191 1.236 0.000 0.000 0.935 
0 test1dax_consistent right_hidden
0.000 0.000 2.033 0.000 0.061 0.408 0.000 3.912 0.702 0.580 1.515 0.789 0.000 1.863 0.000 2.457 0.000 3.716 0.388 0.145 
---
1 test1dax_inconsistent left_hidden
0.665 0.000 0.532 0.000 0.681 0.123 0.072 0.239 0.880 0.208 0.000 0.000 1.298 0.000 1.436 1.191 1.236 0.000 0.000 0.935 
1 test1dax_inconsistent right_hidden
0.000 0.182 0.233 0.000 0.293 0.565 0.000 1.381 0.000 0.788 0.579 0.429 0.146 0.205 0.703 0.405 0.509 1.045 0.000 0.341 
---
0 test1dax_consistent left_hidden
0.000 0.000 0.000 0.193 0.182 0.068 1.682 0.000 0.117 0.431 0.226 0.000 0.433 1.490 0.000 1.354 0.163 0.000 1.236 0.000 
0 test1dax_consistent right_hidden
0.766 0.000 0.000 0.000 0.000 0.000 0.000 0.000 0.000 0.137 2.772 0.000 3.024 1.967 0.267 0.000 4.211 3.589 1.271 0.000 
---
1 test1dax_inconsistent left_hidden
0.000 0.000 0.000 0.193 0.182 0.068 1.682 0.000 0.117 0.431 0.226 0.000 0.433 1.490 0.000 1.354 0.163 0.000 1.236 0.000 
1 test1dax_inconsistent right_hidden
0.251 0.000 0.000 0.130 0.000 0.161 0.016 0.000 0.000 0.252 1.694 0.014 0.751 0.546 0.179 0.726 1.128 0.481 0.000 0.015 
---
0 test1dax_consistent left_hidden
0.975 0.167 0.552 0.000 0.937 0.000 1.182 0.000 0.000 0.000 0.000 1.761 0.821 0.000 0.664 0.000 0.983 0.142 0.701 0.000 
0 test1dax_consistent right_hidden
0.971 0.000 1.544 2.141 0.217 0.000 0.000 3.298 0.000 0.000 0.421 4.827 0.000 0.000 2.042 0.000 0.157 0.000 0.000 0.000 
---
1 test1dax_inconsistent left_hidden
0.975 0.167 0.552 0.000 0.937 0.000 1.182 0.000 0.000 0.000 0.000 1.761 0.821 0.000 0.664 0.000 0.983 0.142 0.701 0.000 
1 test1dax_inconsistent right_hidden
1.135 0.000 0.000 0.107 0.351 0.000 0.000 0.715 0.000 0.000 0.707 1.185 0.000 0.000 0.114 0.000 0.000 0.000 0.000 0.000 
---
0 test1dax_consistent left_hidden
0.611 0.000 0.000 0.000 0.045 0.000 2.065 0.000 0.000 0.000 1.078 0.309 0.000 0.000 0.692 0.889 0.684 0.000 0.800 1.401 
0 test1dax_consistent right_hidden
0.000 0.000 0.000 0.000 0.000 0.104 3.611 0.325 0.000 0.000 3.154 0.024 0.000 0.000 0.000 0.000 3.908 0.000 0.000 2.755 
---
1 test1dax_inconsistent left_hidden
0.611 0.000 0.000 0.000 0.045 0.000 2.065 0.000 0.000 0.000 1.078 0.309 0.000 0.000 0.692 0.889 0.684 0.000 0.800 1.401 
1 test1dax_inconsistent right_hidden
0.000 0.405 0.000 0.000 0.000 0.140 1.297 0.269 0.000 0.000 1.948 0.000 0.000 0.000 0.105 0.000 1.096 0.000 0.000 0.000 
---
0 test1dax_consistent left_hidden
0.598 2.027 0.369 0.000 0.000 1.042 0.541 0.000 0.000 0.000 0.000 0.712 0.314 1.200 0.185 1.110 0.000 0.000 0.229 0.469 
0 test1dax_consistent right_hidden
0.000 0.000 0.316 0.000 0.294 2.504 1.926 0.000 0.000 0.000 1.668 0.000 5.001 4.400 0.000 2.602 0.000 0.000 1.942 0.000 
---
1 test1dax_inconsistent left_hidden
0.598 2.027 0.369 0.000 0.000 1.042 0.541 0.000 0.000 0.000 0.000 0.712 0.314 1.200 0.185 1.110 0.000 0.000 0.229 0.469 
1 test1dax_inconsistent right_hidden
0.037 0.653 0.218 0.000 0.000 0.962 0.000 0.000 0.000 0.000 0.917 0.000 1.517 1.170 0.135 0.281 0.000 0.114 0.130 0.000 
---
0 test1dax_consistent left_hidden
0.096 0.862 0.000 0.409 1.239 0.208 0.047 1.194 0.000 0.969 0.000 0.755 0.000 2.021 1.129 0.000 0.000 0.000 0.000 0.587 
0 test1dax_consistent right_hidden
0.000 0.000 0.000 0.000 0.000 2.293 0.795 0.269 2.864 3.728 0.000 0.000 1.979 2.650 1.538 0.000 0.000 3.090 0.000 0.000 
---
1 test1dax_inconsistent left_hidden
0.096 0.862 0.000 0.409 1.239 0.208 0.047 1.194 0.000 0.969 0.000 0.755 0.000 2.021 1.129 0.000 0.000 0.000 0.000 0.587 
1 test1dax_inconsistent right_hidden
0.024 0.128 0.000 0.000 0.000 0.835 0.604 0.503 0.804 0.627 0.000 0.070 0.449 0.245 0.697 0.000 0.354 1.171 0.000 0.052 
---
0 test1dax_consistent left_hidden
0.693 0.061 0.000 0.000 0.000 0.062 1.211 0.610 2.006 0.647 0.027 0.000 0.000 0.000 1.220 0.000 0.000 0.152 0.079 0.733 
0 test1dax_consistent right_hidden
0.000 0.000 2.473 0.000 0.000 1.929 1.473 0.000 2.124 0.000 0.000 0.000 0.000 2.984 2.991 0.000 0.571 2.189 0.000 0.359 
---
1 test1dax_inconsistent left_hidden
0.693 0.061 0.000 0.000 0.000 0.062 1.211 0.610 2.006 0.647 0.027 0.000 0.000 0.000 1.220 0.000 0.000 0.152 0.079 0.733 
1 test1dax_inconsistent right_hidden
0.803 0.211 0.414 0.000 0.000 0.743 0.150 0.000 0.461 0.222 0.000 0.000 0.107 0.384 0.188 0.019 0.000 0.785 0.355 0.259 
---
0 test1dax_consistent left_hidden
0.022 0.000 0.026 2.163 0.000 0.887 0.000 0.195 1.072 0.000 0.898 0.000 0.405 0.404 0.000 0.000 1.239 0.007 0.443 0.181 
0 test1dax_consistent right_hidden
3.597 1.350 0.636 2.106 0.000 0.000 0.000 0.305 3.024 0.000 2.165 2.198 0.147 0.000 0.000 2.879 0.000 2.173 0.000 1.435 
---
1 test1dax_inconsistent left_hidden
0.022 0.000 0.026 2.163 0.000 0.887 0.000 0.195 1.072 0.000 0.898 0.000 0.405 0.404 0.000 0.000 1.239 0.007 0.443 0.181 
1 test1dax_inconsistent right_hidden
1.048 0.008 0.362 0.232 0.000 0.491 0.000 0.000 0.217 0.000 0.645 1.157 0.411 0.000 0.494 0.845 0.000 0.372 0.000 0.571 
---
0 test1dax_consistent left_hidden
0.000 0.288 0.000 0.000 0.000 1.313 0.001 2.315 0.042 0.113 0.000 0.291 0.142 0.598 0.633 0.000 0.000 0.249 0.004 2.206 
0 test1dax_consistent right_hidden
0.911 4.270 2.081 0.000 0.000 0.018 0.000 0.000 0.000 4.039 0.766 0.000 0.000 2.510 0.000 0.000 0.000 0.000 0.000 0.691 
---
1 test1dax_inconsistent left_hidden
0.000 0.288 0.000 0.000 0.000 1.313 0.001 2.315 0.042 0.113 0.000 0.291 0.142 0.598 0.633 0.000 0.000 0.249 0.004 2.206 
1 test1dax_inconsistent right_hidden
1.087 0.587 0.273 0.000 0.000 0.000 0.000 0.203 0.252 0.580 0.791 0.000 0.000 0.795 0.025 0.000 0.000 0.000 0.244 0.115 
---
0 test1dax_consistent left_hidden
0.000 0.033 0.000 0.510 1.364 0.610 0.738 0.392 0.000 0.258 0.000 0.000 2.037 0.000 0.000 0.000 0.000 0.167 1.124 0.000 
0 test1dax_consistent right_hidden
0.000 0.000 1.809 0.000 0.000 2.429 0.000 5.906 0.000 0.000 0.416 0.000 0.000 0.000 0.000 0.000 0.000 0.000 0.000 3.024 
---
1 test1dax_inconsistent left_hidden
0.000 0.033 0.000 0.510 1.364 0.610 0.738 0.392 0.000 0.258 0.000 0.000 2.037 0.000 0.000 0.000 0.000 0.167 1.124 0.000 
1 test1dax_inconsistent right_hidden
0.000 0.000 0.892 0.053 0.216 0.000 0.000 1.479 0.000 0.000 0.000 0.453 0.087 0.000 0.000 0.000 0.000 0.000 0.000 1.147 
---
0 test1dax_consistent left_hidden
0.000 0.000 1.026 1.420 0.000 0.122 1.638 0.000 0.164 0.102 0.000 0.000 0.031 0.098 1.192 0.141 0.000 0.000 0.000 1.418 
0 test1dax_consistent right_hidden
0.000 1.568 2.481 0.000 0.000 0.442 0.879 0.000 0.000 2.896 0.391 0.000 0.000 0.102 0.362 6.169 0.000 0.000 0.000 0.987 
---
1 test1dax_inconsistent left_hidden
0.000 0.000 1.026 1.420 0.000 0.122 1.638 0.000 0.164 0.102 0.000 0.000 0.031 0.098 1.192 0.141 0.000 0.000 0.000 1.418 
1 test1dax_inconsistent right_hidden
0.363 0.000 0.387 0.146 0.000 0.422 0.000 0.000 0.104 1.650 0.256 0.000 0.201 0.293 1.027 1.440 0.034 0.000 0.000 0.399 
---
0 test1dax_consistent left_hidden
0.000 0.232 1.034 0.350 0.899 0.104 0.000 0.000 0.891 0.532 0.000 0.834 0.170 0.250 0.000 0.907 0.981 1.474 0.297 0.792 
0 test1dax_consistent right_hidden
0.000 0.000 0.131 0.000 0.000 0.000 0.000 0.000 0.162 0.000 0.000 2.481 0.284 4.108 0.000 3.472 0.000 2.368 1.761 0.000 
---
1 test1dax_inconsistent left_hidden
0.000 0.232 1.034 0.350 0.899 0.104 0.000 0.000 0.891 0.532 0.000 0.834 0.170 0.250 0.000 0.907 0.981 1.474 0.297 0.792 
1 test1dax_inconsistent right_hidden
0.000 0.014 0.106 0.000 0.354 0.000 0.000 0.000 0.000 0.100 0.000 1.119 0.625 1.400 0.028 0.156 0.000 0.000 0.813 0.114 
---
0 test1dax_consistent left_hidden
0.000 0.132 0.286 1.868 0.608 0.390 0.000 0.120 0.707 0.608 1.035 0.826 0.605 0.000 0.465 0.000 0.027 0.000 1.193 0.000 
0 test1dax_consistent right_hidden
0.000 0.000 0.000 2.333 0.073 3.943 0.000 0.000 0.030 0.531 0.000 0.178 1.522 2.899 3.319 0.000 0.000 2.935 0.000 2.337 
---
1 test1dax_inconsistent left_hidden
0.000 0.132 0.286 1.868 0.608 0.390 0.000 0.120 0.707 0.608 1.035 0.826 0.605 0.000 0.465 0.000 0.027 0.000 1.193 0.000 
1 test1dax_inconsistent right_hidden
0.000 0.000 0.000 0.290 0.493 1.230 0.020 0.000 0.000 0.056 0.576 0.390 0.173 0.966 1.187 0.000 0.923 0.434 0.000 0.442 
---
0 test1dax_consistent left_hidden
1.254 0.035 0.244 0.000 0.000 0.000 0.000 0.487 1.992 0.231 0.000 0.000 0.784 1.485 0.535 0.000 0.395 0.000 0.024 0.467 
0 test1dax_consistent right_hidden
0.000 5.263 4.150 2.832 0.000 1.661 0.000 0.000 0.000 1.475 0.000 0.000 0.000 0.000 0.581 0.022 1.044 0.000 0.000 0.000 
---
1 test1dax_inconsistent left_hidden
1.254 0.035 0.244 0.000 0.000 0.000 0.000 0.487 1.992 0.231 0.000 0.000 0.784 1.485 0.535 0.000 0.395 0.000 0.024 0.467 
1 test1dax_inconsistent right_hidden
0.000 1.277 2.381 0.000 0.000 0.789 0.000 0.000 0.000 1.002 0.000 0.000 0.084 0.098 0.901 0.176 0.525 0.000 0.000 0.000 
---
