0 test2fip_consistent 5.322 0.000 0.000 0.025 0.000 0.000 0.000 0.000 0.592 0.000 0.000 0.000 0.000 0.000 0.000 3.163 0.138 0.000 0.000 0.872 0.000 0.000 0.785 0.000 1.465 1.252 0.000 0.000 0.112 1.255 0.000 0.064 0.635 0.000 0.279 0.000 1.605 1.087 2.658 2.089 
1 test2fip_inconsistent 5.322 0.000 0.000 0.025 0.000 0.000 0.000 0.000 0.592 0.000 0.000 0.000 0.000 0.000 0.000 3.163 0.138 0.000 0.000 0.872 1.126 0.000 0.572 0.000 0.684 0.000 0.000 0.000 5.430 0.668 0.000 0.122 0.296 0.000 0.000 0.000 1.485 0.000 1.666 1.715 
0 test2fip_consistent 2.072 0.841 0.538 0.000 1.636 2.369 0.124 0.000 0.000 0.000 0.838 1.505 1.130 1.216 2.027 0.465 0.000 0.609 1.043 0.000 3.302 0.056 0.054 0.469 0.000 0.000 0.314 0.439 0.000 0.000 0.070 0.120 0.493 0.000 0.109 0.042 0.445 1.139 0.525 0.001 
1 test2fip_inconsistent 2.072 0.841 0.538 0.000 1.636 2.369 0.124 0.000 0.000 0.000 0.838 1.505 1.130 1.216 2.027 0.465 0.000 0.609 1.043 0.000 3.935 1.619 1.278 0.000 0.364 2.814 0.389 0.212 0.000 0.000 0.225 1.665 2.050 0.042 1.839 1.568 0.000 0.505 1.722 0.000 
0 test2fip_consistent 0.808 0.000 0.353 1.173 0.000 2.538 0.000 0.000 0.428 0.361 1.668 0.286 0.000 0.000 0.778 1.311 1.996 0.000 2.084 2.813 0.611 0.670 0.000 0.168 0.000 1.458 0.000 0.052 1.017 0.000 1.918 1.571 0.257 0.000 0.885 0.144 0.202 0.317 1.530 0.000 
1 test2fip_inconsistent 0.808 0.000 0.353 1.173 0.000 2.538 0.000 0.000 0.428 0.361 1.668 0.286 0.000 0.000 0.778 1.311 1.996 0.000 2.084 2.813 0.826 0.358 0.018 1.682 0.000 3.559 0.000 0.000 0.659 0.000 2.647 1.151 0.000 0.000 1.751 2.051 2.311 0.000 1.140 2.630 
0 test2fip_consistent 0.000 0.888 4.585 0.000 0.000 0.000 0.000 0.141 3.404 0.000 0.533 1.392 0.000 0.000 0.000 0.000 0.088 1.466 0.630 0.000 0.000 0.940 0.791 3.470 0.433 0.000 0.051 1.831 0.693 0.000 0.376 0.226 0.000 0.000 0.000 0.147 0.052 0.173 0.121 0.037 
1 test2fip_inconsistent 0.000 0.888 4.585 0.000 0.000 0.000 0.000 0.141 3.404 0.000 0.533 1.392 0.000 0.000 0.000 0.000 0.088 1.466 0.630 0.000 0.000 1.409 3.044 1.821 0.635 0.000 0.000 2.008 3.268 0.000 2.765 1.247 0.000 0.000 0.000 0.017 0.000 1.918 0.510 0.000 
0 test2fip_consistent 0.000 0.975 0.000 0.000 1.806 1.370 1.675 0.558 0.000 0.000 0.832 0.000 3.037 2.707 2.635 0.044 0.000 0.000 0.000 0.222 1.623 1.616 0.000 0.000 0.239 0.000 0.000 0.010 0.000 0.000 0.126 1.599 0.000 1.585 0.266 0.000 0.000 0.000 2.531 0.000 
1 test2fip_inconsistent 0.000 0.975 0.000 0.000 1.806 1.370 1.675 0.558 0.000 0.000 0.832 0.000 3.037 2.707 2.635 0.044 0.000 0.000 0.000 0.222 0.000 2.769 0.000 0.000 1.080 1.191 0.403 1.605 0.000 0.000 0.025 0.000 2.736 3.348 1.335 0.000 0.000 0.000 1.200 0.000 
0 test2fip_consistent 0.000 1.837 0.000 0.847 0.000 0.000 0.000 3.815 1.047 0.000 0.480 0.000 2.300 1.526 0.560 1.324 2.027 0.151 0.000 0.000 0.000 1.497 0.000 0.063 0.420 0.150 0.000 0.042 3.460 0.141 0.494 0.005 0.000 0.000 0.007 0.000 0.000 0.031 0.060 0.195 
1 test2fip_inconsistent 0.000 1.837 0.000 0.847 0.000 0.000 0.000 3.815 1.047 0.000 0.480 0.000 2.300 1.526 0.560 1.324 2.027 0.151 0.000 0.000 0.000 2.797 0.000 0.000 0.521 0.000 0.000 2.913 3.847 0.137 1.793 0.000 1.549 1.397 0.872 0.000 1.002 0.000 0.089 0.021 
0 test2fip_consistent 0.000 0.000 0.000 0.870 0.000 0.681 0.000 0.060 0.385 2.500 0.165 1.122 0.000 3.033 0.000 0.618 3.783 0.000 0.000 0.307 1.252 0.000 0.000 0.201 0.238 0.000 0.008 1.763 1.693 0.000 0.000 0.750 0.000 0.565 0.673 0.120 0.049 0.000 0.000 0.619 
1 test2fip_inconsistent 0.000 0.000 0.000 0.870 0.000 0.681 0.000 0.060 0.385 2.500 0.165 1.122 0.000 3.033 0.000 0.618 3.783 0.000 0.000 0.307 0.329 0.000 0.000 1.888 0.000 0.445 0.000 0.393 1.577 1.997 0.000 2.021 0.000 2.573 0.000 1.185 3.435 0.000 0.000 0.650 
0 test2fip_consistent 0.659 0.000 4.463 0.000 0.000 0.482 0.681 0.000 0.459 0.856 0.000 3.266 0.000 0.000 2.138 0.216 0.031 0.000 0.089 0.000 1.059 2.293 0.752 0.000 0.000 0.000 0.194 1.421 1.261 0.239 0.612 0.960 0.000 0.000 0.029 0.761 0.000 0.000 2.497 0.000 
1 test2fip_inconsistent 0.659 0.000 4.463 0.000 0.000 0.482 0.681 0.000 0.459 0.856 0.000 3.266 0.000 0.000 2.138 0.216 0.031 0.000 0.089 0.000 0.767 1.615 4.291 0.000 0.000 0.071 0.789 0.193 2.081 0.143 0.030 3.501 0.000 0.000 1.719 1.650 0.000 0.000 1.018 0.000 
0 test2fip_consistent 2.426 0.000 2.585 0.000 1.522 0.030 0.000 0.000 0.903 0.000 0.448 0.000 1.967 0.000 0.903 0.490 0.577 1.409 0.000 3.045 0.967 0.001 2.387 0.000 0.000 0.000 0.000 0.000 1.282 0.000 0.000 2.488 0.000 0.012 0.016 0.877 0.401 0.280 0.582 0.000 
1 test2fip_inconsistent 2.426 0.000 2.585 0.000 1.522 0.030 0.000 0.000 0.903 0.000 0.448 0.000 1.967 0.000 0.903 0.490 0.577 1.409 0.000 3.045 2.706 0.000 3.892 0.000 1.203 0.000 0.000 0.000 1.288 0.000 0.000 1.872 0.000 0.000 1.317 0.962 2.157 0.034 0.528 2.552 
0 test2fip_consistent 0.000 0.000 0.000 0.051 1.040 2.388 0.000 2.976 0.000 0.000 1.128 1.835 1.435 0.000 1.367 2.230 0.000 0.000 2.171 0.000 0.000 0.000 1.118 0.995 0.000 0.662 0.162 0.000 2.690 0.000 0.956 0.612 0.529 1.596 0.496 0.000 0.000 0.000 0.000 0.000 
1 test2fip_inconsistent 0.000 0.000 0.000 0.051 1.040 2.388 0.000 2.976 0.000 0.000 1.128 1.835 1.435 0.000 1.367 2.230 0.000 0.000 2.171 0.000 0.000 0.000 1.327 0.702 0.182 1.899 0.000 1.953 1.817 0.000 0.945 2.681 3.006 0.000 0.687 1.622 0.000 0.000 2.222 0.000 
0 test2fip_consistent 0.000 0.000 0.000 4.747 0.353 0.000 0.000 1.192 0.000 3.179 0.000 0.000 0.586 1.074 2.004 0.095 0.000 0.000 0.419 0.000 0.000 0.137 0.000 0.624 0.060 0.000 3.036 0.171 0.000 0.000 0.451 0.000 0.000 0.000 1.324 2.615 0.000 0.825 0.628 0.000 
1 test2fip_inconsistent 0.000 0.000 0.000 4.747 0.353 0.000 0.000 1.192 0.000 3.179 0.000 0.000 0.586 1.074 2.004 0.095 0.000 0.000 0.419 0.000 0.000 0.044 0.000 3.254 1.159 0.000 1.662 0.000 1.411 1.784 0.090 0.000 0.000 1.391 3.807 2.555 0.000 0.191 0.768 0.000 
0 test2fip_consistent 0.489 0.014 2.548 0.062 0.039 3.251 0.580 1.532 0.000 0.332 1.690 0.000 3.710 0.000 0.000 0.607 0.000 0.000 0.000 0.000 1.061 0.014 0.000 1.346 0.914 0.000 0.000 0.000 0.000 0.000 0.087 0.000 0.468 0.000 3.097 0.496 0.000 0.739 0.000 2.310 
1 test2fip_inconsistent 0.489 0.014 2.548 0.062 0.039 3.251 0.580 1.532 0.000 0.332 1.690 0.000 3.710 0.000 0.000 0.607 0.000 0.000 0.000 0.000 0.506 0.022 0.277 4.036 0.425 1.988 0.000 1.041 0.000 0.000 0.000 0.000 3.260 0.000 1.816 0.240 0.000 0.000 0.000 1.703 
0 test2fip_consistent 0.000 0.000 0.042 0.000 0.000 0.000 0.000 0.000 1.451 0.000 0.000 0.263 0.000 2.687 1.703 1.357 4.007 0.469 0.335 1.400 0.000 1.608 1.273 0.950 0.000 0.008 0.203 0.075 0.572 2.081 0.000 0.000 1.833 0.000 1.152 1.193 0.351 0.000 0.000 0.144 
1 test2fip_inconsistent 0.000 0.000 0.042 0.000 0.000 0.000 0.000 0.000 1.451 0.000 0.000 0.263 0.000 2.687 1.703 1.357 4.007 0.469 0.335 1.400 0.000 0.585 1.327 0.308 0.000 0.000 0.000 0.000 0.920 1.779 0.000 0.000 1.103 0.035 1.994 1.009 4.813 0.000 0.039 2.192 
0 test2fip_consistent 0.000 3.642 1.948 0.416 0.000 0.944 0.000 0.000 0.000 1.477 0.000 0.000 1.408 1.691 0.000 0.000 1.746 2.786 1.331 2.044 0.000 0.000 0.166 0.027 0.000 0.000 0.000 0.545 2.112 1.413 0.000 0.000 0.389 0.000 0.165 2.114 0.619 0.061 2.758 0.307 
1 test2fip_inconsistent 0.000 3.642 1.948 0.416 0.000 0.944 0.000 0.000 0.000 1.477 0.000 0.000 1.408 1.691 0.000 0.000 1.746 2.786 1.331 2.044 0.000 3.108 0.630 0.829 0.000 0.000 0.000 0.091 1.535 3.006 0.000 0.000 0.000 1.169 0.211 0.779 1.273 1.860 2.918 1.306 
0 test2fip_consistent 0.000 1.601 0.443 1.373 2.423 0.000 0.000 1.196 0.641 0.914 0.036 2.055 0.476 0.000 0.000 1.854 0.000 3.273 0.674 1.313 0.316 0.573 0.068 0.192 0.000 0.000 0.000 0.340 0.791 0.435 0.508 0.031 1.105 0.000 2.379 0.000 0.402 0.245 0.013 0.752 
1 test2fip_inconsistent 0.000 1.601 0.443 1.373 2.423 0.000 0.000 1.196 0.641 0.914 0.036 2.055 0.476 0.000 0.000 1.854 0.000 3.273 0.674 1.313 0.091 1.564 0.000 0.724 0.994 0.000 0.000 2.034 1.416 1.199 0.000 1.574 0.447 0.000 1.174 0.680 0.000 2.960 0.632 0.870 
0 test2fip_consistent 0.000 0.000 3.964 0.912 0.000 1.744 0.000 0.000 0.000 0.000 0.000 0.645 1.939 2.493 0.134 0.000 0.863 1.184 0.298 0.000 0.427 0.000 0.998 0.000 0.000 1.508 0.000 0.145 0.000 0.000 0.062 0.000 0.000 0.108 3.625 0.000 0.000 0.931 0.002 0.286 
1 test2fip_inconsistent 0.000 0.000 3.964 0.912 0.000 1.744 0.000 0.000 0.000 0.000 0.000 0.645 1.939 2.493 0.134 0.000 0.863 1.184 0.298 0.000 0.000 0.000 3.664 0.000 0.000 2.435 0.000 0.757 0.000 0.000 0.000 1.219 0.200 3.526 3.215 0.000 0.000 1.947 0.000 0.000 
0 test2fip_consistent 0.782 0.000 2.361 0.000 0.000 0.062 0.256 1.361 1.080 0.166 3.578 0.803 0.000 0.000 3.069 1.967 0.196 1.667 0.000 0.000 0.047 0.000 0.585 0.000 0.000 1.462 0.948 2.345 1.362 0.473 0.292 0.097 0.000 0.000 1.432 0.940 0.993 0.949 0.000 0.000 
1 test2fip_inconsistent 0.782 0.000 2.361 0.000 0.000 0.062 0.256 1.361 1.080 0.166 3.578 0.803 0.000 0.000 3.069 1.967 0.196 1.667 0.000 0.000 0.885 0.000 2.237 0.000 0.000 0.763 0.174 3.446 0.910 0.115 3.887 0.660 0.000 0.000 3.126 0.414 0.486 1.134 0.000 0.674 
0 test2fip_consistent 4.170 0.000 1.170 2.131 0.200 0.000 0.660 0.000 0.000 0.000 0.000 0.000 0.000 1.435 2.843 0.000 0.000 0.204 1.838 0.000 0.772 0.300 0.000 0.018 0.000 0.136 0.000 0.000 0.785 0.000 3.281 0.000 0.000 0.715 2.263 0.000 1.019 0.000 0.144 0.000 
1 test2fip_inconsistent 4.170 0.000 1.170 2.131 0.200 0.000 0.660 0.000 0.000 0.000 0.000 0.000 0.000 1.435 2.843 0.000 0.000 0.204 1.838 0.000 4.212 0.167 0.000 1.700 0.000 0.000 0.039 0.000 0.542 0.000 1.466 0.000 0.000 0.457 4.212 0.000 0.876 0.000 2.059 0.000 
0 test2fip_consistent 0.000 2.050 0.011 2.635 0.000 2.782 1.338 0.000 0.000 1.585 0.000 0.000 0.451 0.858 0.000 0.466 1.743 2.808 0.512 0.000 0.000 1.789 0.000 0.514 0.000 0.000 0.598 0.000 0.000 0.000 1.008 0.000 0.031 0.000 0.000 3.119 0.000 0.000 0.209 0.000 
1 test2fip_inconsistent 0.000 2.050 0.011 2.635 0.000 2.782 1.338 0.000 0.000 1.585 0.000 0.000 0.451 0.858 0.000 0.466 1.743 2.808 0.512 0.000 1.171 2.717 0.000 0.328 0.000 1.250 2.095 0.000 0.000 1.196 3.021 0.000 0.904 0.000 0.000 2.370 1.665 1.873 0.000 0.000 
0 test2fip_consistent 0.000 0.000 2.909 0.000 1.921 0.554 0.000 0.000 2.808 0.000 0.000 0.202 3.334 0.000 0.000 0.321 0.000 0.486 0.054 0.000 1.803 0.000 1.927 0.000 0.000 1.092 0.000 0.000 2.123 0.000 0.000 0.936 0.129 2.953 0.694 1.194 0.000 1.136 0.000 0.000 
1 test2fip_inconsistent 0.000 0.000 2.909 0.000 1.921 0.554 0.000 0.000 2.808 0.000 0.000 0.202 3.334 0.000 0.000 0.321 0.000 0.486 0.054 0.000 0.895 0.000 4.729 0.000 0.258 1.023 0.000 0.000 3.936 0.000 0.000 0.780 3.318 1.568 0.000 0.000 0.000 0.873 0.000 0.000 
0 test2fip_consistent 0.180 0.000 2.212 0.078 0.000 0.385 0.873 0.791 0.281 0.321 0.000 3.446 2.512 0.184 0.000 0.867 1.096 0.966 1.798 0.000 1.047 0.115 0.000 0.049 0.000 2.506 0.000 0.000 0.000 0.000 1.137 0.651 1.264 0.000 0.000 1.556 1.807 0.134 0.000 0.000 
1 test2fip_inconsistent 0.180 0.000 2.212 0.078 0.000 0.385 0.873 0.791 0.281 0.321 0.000 3.446 2.512 0.184 0.000 0.867 1.096 0.966 1.798 0.000 0.848 0.000 2.240 0.752 0.000 1.746 0.000 0.621 0.000 0.000 0.202 3.759 2.501 0.000 0.000 1.534 2.313 1.304 0.000 0.000 
0 test2fip_consistent 0.279 0.000 0.000 0.060 0.000 0.424 0.443 0.000 0.946 0.440 2.529 2.553 0.000 1.889 0.000 0.555 0.000 1.392 0.000 3.707 0.380 0.000 0.164 0.788 2.123 0.033 0.783 0.000 0.164 3.051 0.587 0.000 0.000 0.102 0.057 0.706 0.000 0.861 0.000 0.000 
1 test2fip_inconsistent 0.279 0.000 0.000 0.060 0.000 0.424 0.443 0.000 0.946 0.440 2.529 2.553 0.000 1.889 0.000 0.555 0.000 1.392 0.000 3.707 0.881 0.000 0.000 0.000 0.845 0.000 0.309 0.000 0.488 3.512 2.353 0.844 0.000 1.993 0.000 0.234 0.000 2.949 0.000 3.449 
0 test2fip_consistent 0.557 0.000 0.016 0.000 0.000 1.938 0.000 0.000 0.000 0.000 0.000 0.227 4.046 3.387 1.211 0.132 0.000 0.000 1.375 0.000 1.296 0.000 0.634 1.456 0.000 0.010 0.000 0.064 0.000 0.000 0.998 3.108 0.196 2.084 0.902 0.847 0.000 0.122 0.000 0.000 
1 test2fip_inconsistent 0.557 0.000 0.016 0.000 0.000 1.938 0.000 0.000 0.000 0.000 0.000 0.227 4.046 3.387 1.211 0.132 0.000 0.000 1.375 0.000 0.964 0.000 0.558 0.781 0.000 0.000 0.000 0.814 0.000 0.000 0.000 2.269 3.851 4.378 1.308 1.621 0.000 0.110 0.341 0.000 
0 test2fip_consistent 0.000 2.398 0.446 0.820 3.532 0.000 0.000 1.042 1.424 0.510 0.000 0.320 0.000 1.566 0.834 0.292 0.000 0.074 2.581 0.000 0.000 0.163 1.083 0.000 0.261 0.000 0.000 2.060 0.000 1.694 0.114 1.761 0.000 0.000 0.138 0.000 0.000 0.000 1.692 0.000 
1 test2fip_inconsistent 0.000 2.398 0.446 0.820 3.532 0.000 0.000 1.042 1.424 0.510 0.000 0.320 0.000 1.566 0.834 0.292 0.000 0.074 2.581 0.000 0.000 2.809 0.854 0.000 2.715 0.000 0.000 2.361 0.237 1.713 0.000 0.396 0.000 2.604 0.000 0.000 0.000 0.000 4.314 0.000 
0 test2fip_consistent 0.000 0.000 0.000 0.000 0.366 0.011 0.000 3.556 3.010 0.000 1.888 1.075 0.352 0.000 0.000 0.873 0.825 0.000 0.761 3.090 0.000 0.000 0.000 0.855 0.686 1.254 0.000 0.498 0.000 0.000 0.000 2.341 0.000 0.000 0.008 1.346 0.000 0.000 1.398 0.000 
1 test2fip_inconsistent 0.000 0.000 0.000 0.000 0.366 0.011 0.000 3.556 3.010 0.000 1.888 1.075 0.352 0.000 0.000 0.873 0.825 0.000 0.761 3.090 0.000 0.671 0.000 0.237 2.442 0.306 0.000 3.761 0.623 0.000 1.646 1.409 0.000 0.000 0.000 0.720 0.000 0.000 0.244 1.641 
0 test2fip_consistent 0.000 0.038 1.324 0.063 0.983 0.061 0.000 0.000 0.933 6.076 0.000 0.000 0.000 0.432 0.031 0.000 0.162 1.839 0.000 0.000 0.000 0.338 0.455 2.167 0.084 0.000 0.287 0.000 0.132 0.101 0.032 0.014 0.404 2.768 0.301 0.000 0.308 0.000 0.000 1.275 
1 test2fip_inconsistent 0.000 0.038 1.324 0.063 0.983 0.061 0.000 0.000 0.933 6.076 0.000 0.000 0.000 0.432 0.031 0.000 0.162 1.839 0.000 0.000 0.000 0.480 0.403 1.453 0.416 0.000 0.000 0.000 0.000 4.387 0.000 0.000 0.481 4.063 0.306 0.911 1.337 1.622 0.000 0.484 
0 test2fip_consistent 0.000 0.000 2.460 0.000 1.529 0.133 1.113 4.019 0.000 0.000 0.312 1.029 0.000 0.000 0.000 2.097 0.000 0.886 0.002 1.973 0.000 1.960 0.000 0.000 0.000 0.000 0.000 0.700 3.665 1.908 0.142 0.405 0.000 0.000 0.008 0.131 0.682 0.000 0.000 0.368 
1 test2fip_inconsistent 0.000 0.000 2.460 0.000 1.529 0.133 1.113 4.019 0.000 0.000 0.312 1.029 0.000 0.000 0.000 2.097 0.000 0.886 0.002 1.973 0.000 0.193 2.761 0.000 0.000 0.000 0.000 4.786 2.987 1.148 0.057 0.287 0.000 0.000 0.000 0.130 0.664 0.000 0.000 1.869 
0 test2fip_consistent 0.000 1.672 0.963 4.141 0.146 2.862 0.776 0.000 0.000 0.493 0.000 0.280 0.178 0.000 0.000 0.782 0.000 0.000 2.511 2.020 1.226 1.504 0.000 0.000 1.128 0.071 0.517 0.013 0.000 0.000 0.000 2.002 0.045 1.883 0.438 0.819 1.256 0.000 0.000 0.000 
1 test2fip_inconsistent 0.000 1.672 0.963 4.141 0.146 2.862 0.776 0.000 0.000 0.493 0.000 0.280 0.178 0.000 0.000 0.782 0.000 0.000 2.511 2.020 1.086 2.462 0.200 3.748 0.954 3.377 2.108 0.000 0.000 0.000 0.000 0.615 0.000 1.236 0.000 1.248 0.481 0.000 0.000 0.235 
0 test2fip_consistent 0.000 0.039 0.889 0.000 0.000 0.000 0.000 0.000 1.830 0.436 0.000 0.000 2.316 0.000 1.197 2.416 1.127 3.518 0.000 2.425 0.000 0.000 0.060 1.439 0.076 1.197 0.000 0.000 0.000 0.989 0.217 0.000 2.641 0.830 0.059 0.000 0.000 1.649 0.000 0.344 
1 test2fip_inconsistent 0.000 0.039 0.889 0.000 0.000 0.000 0.000 0.000 1.830 0.436 0.000 0.000 2.316 0.000 1.197 2.416 1.127 3.518 0.000 2.425 0.000 0.000 0.889 0.000 0.000 0.063 0.000 0.000 0.000 1.344 1.631 0.000 2.543 0.289 2.053 2.392 0.271 4.345 0.000 1.319 
0 test2fip_consistent 0.358 0.000 0.992 0.000 0.752 0.000 1.509 1.652 0.000 0.000 1.922 0.000 0.000 0.311 0.000 0.000 0.489 1.656 0.161 5.102 0.000 0.000 0.000 0.000 1.699 0.000 0.000 1.256 0.087 0.000 0.871 0.034 0.000 0.223 0.000 0.000 1.631 0.000 3.052 1.556 
1 test2fip_inconsistent 0.358 0.000 0.992 0.000 0.752 0.000 1.509 1.652 0.000 0.000 1.922 0.000 0.000 0.311 0.000 0.000 0.489 1.656 0.161 5.102 0.000 0.000 2.468 0.000 0.140 0.000 0.729 1.527 0.126 0.000 2.477 1.802 0.000 0.000 0.000 0.000 1.143 1.599 2.500 4.522 
0 test2fip_consistent 0.341 0.000 0.000 0.210 0.000 1.379 3.283 0.000 1.809 0.000 0.267 0.000 0.000 0.184 0.000 3.124 0.000 0.026 2.192 1.706 0.456 0.017 0.000 0.050 0.000 0.648 0.070 1.284 0.000 0.000 3.080 0.473 0.000 0.000 1.238 0.047 0.000 0.000 0.159 0.000 
1 test2fip_inconsistent 0.341 0.000 0.000 0.210 0.000 1.379 3.283 0.000 1.809 0.000 0.267 0.000 0.000 0.184 0.000 3.124 0.000 0.026 2.192 1.706 0.000 0.000 0.976 0.000 0.000 0.932 2.500 1.090 1.252 0.000 4.299 0.281 0.000 0.000 0.044 3.078 0.000 0.000 1.166 0.755 
0 test2fip_consistent 0.450 0.000 0.663 2.025 2.828 0.169 0.000 3.273 0.868 0.000 1.018 0.000 0.000 0.426 0.000 0.000 1.786 1.073 1.064 0.736 1.169 0.000 1.730 0.000 0.507 1.135 0.000 0.213 0.062 0.000 0.000 1.148 0.000 0.163 1.651 0.000 0.013 0.000 0.000 1.282 
1 test2fip_inconsistent 0.450 0.000 0.663 2.025 2.828 0.169 0.000 3.273 0.868 0.000 1.018 0.000 0.000 0.426 0.000 0.000 1.786 1.073 1.064 0.736 0.904 0.000 1.937 1.340 3.058 0.092 0.000 3.154 0.591 0.000 2.185 1.033 0.000 0.000 1.159 0.000 1.555 0.000 0.516 0.898 
0 test2fip_consistent 4.319 1.674 1.941 0.598 0.636 0.000 0.316 0.000 0.000 0.000 0.000 1.937 0.000 0.000 2.378 0.291 0.257 0.000 0.000 0.977 1.082 0.181 0.310 0.000 0.000 3.147 0.152 0.590 0.000 0.359 0.000 1.555 0.397 0.058 0.842 0.000 0.000 0.060 1.739 0.000 
1 test2fip_inconsistent 4.319 1.674 1.941 0.598 0.636 0.000 0.316 0.000 0.000 0.000 0.000 1.937 0.000 0.000 2.378 0.291 0.257 0.000 0.000 0.977 5.083 1.980 0.336 0.000 0.000 1.651 0.696 0.093 0.000 0.000 0.000 2.661 0.356 0.000 2.989 0.000 0.000 0.000 1.047 0.000 
0 test2fip_consistent 0.000 2.966 3.123 2.604 0.000 0.000 2.179 0.000 0.034 0.000 0.000 0.000 0.480 1.814 0.116 1.779 0.556 0.000 0.000 0.857 0.000 1.173 1.086 0.000 0.042 2.587 0.015 0.000 0.487 0.000 0.000 0.000 2.751 0.000 0.000 0.000 1.250 0.003 0.000 0.000 
1 test2fip_inconsistent 0.000 2.966 3.123 2.604 0.000 0.000 2.179 0.000 0.034 0.000 0.000 0.000 0.480 1.814 0.116 1.779 0.556 0.000 0.000 0.857 0.000 4.016 3.080 3.167 0.000 2.196 1.018 0.000 0.167 0.000 0.000 0.000 0.797 0.354 0.000 0.976 0.630 0.000 0.000 0.063 
0 test2fip_consistent 0.000 0.000 0.548 0.672 0.000 1.750 0.000 2.727 0.000 0.391 0.000 2.668 1.582 0.971 1.490 0.000 1.544 0.000 0.556 0.000 0.000 0.000 0.046 0.877 0.000 0.000 2.802 0.672 0.000 2.578 0.000 0.000 0.435 0.971 0.792 0.000 1.340 0.000 0.000 0.062 
1 test2fip_inconsistent 0.000 0.000 0.548 0.672 0.000 1.750 0.000 2.727 0.000 0.391 0.000 2.668 1.582 0.971 1.490 0.000 1.544 0.000 0.556 0.000 0.000 0.000 1.056 1.407 0.000 0.414 0.808 3.185 0.000 1.747 0.000 0.754 1.609 1.248 3.046 0.000 3.301 0.000 0.197 0.023 
0 test2fip_consistent 0.591 1.083 3.150 1.833 0.793 0.000 0.000 0.051 0.131 0.304 0.000 0.828 1.150 1.626 2.149 0.152 0.000 0.000 0.000 0.225 1.754 0.000 1.601 0.303 1.439 0.000 1.902 0.080 0.977 0.234 0.000 0.135 0.000 0.000 0.573 0.000 0.000 0.000 0.000 1.731 
1 test2fip_inconsistent 0.591 1.083 3.150 1.833 0.793 0.000 0.000 0.051 0.131 0.304 0.000 0.828 1.150 1.626 2.149 0.152 0.000 0.000 0.000 0.225 1.156 1.496 4.723 1.270 1.147 0.000 1.456 0.000 0.000 1.459 0.000 1.568 0.000 0.627 2.856 0.000 0.000 0.000 0.000 1.334 
0 test2fip_consistent 0.143 0.000 0.033 0.291 0.000 0.000 0.000 0.000 0.000 0.000 5.740 2.035 0.489 0.179 0.128 0.000 0.000 0.000 0.000 0.261 0.000 0.000 3.424 0.000 0.000 0.000 0.000 0.000 0.927 1.315 0.000 1.562 0.000 0.000 2.161 0.000 0.000 1.275 0.000 0.575 
1 test2fip_inconsistent 0.143 0.000 0.033 0.291 0.000 0.000 0.000 0.000 0.000 0.000 5.740 2.035 0.489 0.179 0.128 0.000 0.000 0.000 0.000 0.261 0.000 0.000 2.102 0.020 0.000 0.000 0.000 0.000 0.000 0.059 3.074 4.203 1.866 0.000 1.520 0.000 0.000 0.996 0.000 0.614 
0 test2fip_consistent 2.658 0.444 0.000 1.931 0.000 0.000 1.652 0.830 0.484 0.000 0.266 1.244 3.847 0.000 0.954 0.040 0.000 2.557 0.000 0.000 0.000 0.727 0.000 0.000 0.000 0.688 2.519 0.101 0.000 0.077 1.959 0.123 0.171 0.000 0.000 1.578 0.000 1.275 0.960 0.000 
1 test2fip_inconsistent 2.658 0.444 0.000 1.931 0.000 0.000 1.652 0.830 0.484 0.000 0.266 1.244 3.847 0.000 0.954 0.040 0.000 2.557 0.000 0.000 3.153 1.324 0.000 0.000 0.000 0.412 2.370 1.474 0.000 0.000 2.079 0.843 3.186 0.000 0.000 1.006 0.000 2.753 0.705 0.000 
0 test2fip_consistent 0.000 0.000 4.276 0.000 0.000 1.714 0.257 1.072 0.000 0.000 0.068 0.000 2.767 1.230 0.000 2.409 0.000 1.165 0.000 0.000 3.024 0.000 0.374 0.000 0.428 0.020 0.000 0.811 0.014 0.000 0.399 0.113 0.045 0.471 0.000 1.293 0.000 1.195 0.479 1.371 
1 test2fip_inconsistent 0.000 0.000 4.276 0.000 0.000 1.714 0.257 1.072 0.000 0.000 0.068 0.000 2.767 1.230 0.000 2.409 0.000 1.165 0.000 0.000 2.169 0.000 3.207 0.000 0.847 0.120 0.000 0.576 0.000 0.000 0.049 2.327 2.098 1.852 0.000 3.582 0.000 0.609 0.189 0.000 
0 test2fip_consistent 1.033 0.000 0.000 2.822 0.000 0.144 0.615 0.923 0.000 2.011 0.000 1.620 0.565 0.000 0.635 0.000 2.437 2.457 0.000 1.320 1.835 0.000 0.000 0.484 2.688 0.000 1.169 1.136 0.000 0.140 0.067 0.000 1.083 0.000 0.000 0.000 0.000 0.018 0.707 0.036 
1 test2fip_inconsistent 1.033 0.000 0.000 2.822 0.000 0.144 0.615 0.923 0.000 2.011 0.000 1.620 0.565 0.000 0.635 0.000 2.437 2.457 0.000 1.320 3.179 0.000 0.000 2.090 1.807 0.163 1.540 1.752 0.000 2.212 0.000 1.575 1.999 0.000 0.000 0.000 2.242 1.075 0.000 0.000 
0 test2fip_consistent 0.000 0.000 1.064 2.529 2.084 0.092 0.000 0.732 0.000 2.214 2.375 0.000 0.662 0.000 1.850 0.850 0.000 0.618 0.000 0.369 1.843 0.153 0.212 1.268 0.000 1.359 0.000 0.000 0.064 1.589 0.162 0.000 0.177 0.336 0.000 2.154 0.000 0.051 0.000 0.000 
1 test2fip_inconsistent 0.000 0.000 1.064 2.529 2.084 0.092 0.000 0.732 0.000 2.214 2.375 0.000 0.662 0.000 1.850 0.850 0.000 0.618 0.000 0.369 0.642 0.444 1.748 3.139 2.151 1.154 0.000 1.465 0.000 2.649 1.514 0.175 1.085 1.573 0.692 2.223 0.000 1.084 0.000 0.000 
0 test2fip_consistent 0.000 2.554 0.000 1.381 0.196 0.000 0.484 1.035 3.572 0.000 0.000 0.393 0.000 0.000 0.000 0.000 3.559 0.000 2.080 0.000 2.073 0.506 0.000 0.000 2.520 0.000 0.968 0.000 0.000 1.772 0.000 0.000 1.450 0.000 0.000 0.000 0.978 0.000 0.000 0.000 
1 test2fip_inconsistent 0.000 2.554 0.000 1.381 0.196 0.000 0.484 1.035 3.572 0.000 0.000 0.393 0.000 0.000 0.000 0.000 3.559 0.000 2.080 0.000 0.847 2.223 0.000 1.154 1.631 0.000 0.000 0.000 3.821 0.861 0.000 0.000 1.026 0.000 0.000 0.000 3.894 0.000 0.328 0.000 
0 test2fip_consistent 0.000 0.000 0.000 4.159 0.000 0.000 0.000 2.390 0.196 1.678 0.574 0.000 0.664 2.027 0.000 0.295 0.000 0.193 0.000 0.000 0.000 0.000 0.531 0.000 0.000 0.000 0.000 0.269 0.017 0.000 1.018 0.919 1.560 0.000 0.000 0.000 3.823 0.089 0.000 0.000 
1 test2fip_inconsistent 0.000 0.000 0.000 4.159 0.000 0.000 0.000 2.390 0.196 1.678 0.574 0.000 0.664 2.027 0.000 0.295 0.000 0.193 0.000 0.000 0.000 0.000 0.701 2.700 0.000 0.000 0.000 1.951 0.000 1.787 2.708 0.128 2.852 2.741 0.000 0.000 2.738 0.000 0.000 0.000 
0 test2fip_consistent 0.000 0.505 0.000 0.803 0.000 2.088 0.000 2.153 0.180 0.000 0.000 3.549 0.000 0.041 0.000 1.809 0.000 0.429 0.943 2.635 0.000 1.721 0.261 0.000 0.000 1.229 2.142 0.906 1.750 0.000 0.000 0.000 0.966 0.664 0.000 0.892 0.875 1.733 0.000 0.000 
1 test2fip_inconsistent 0.000 0.505 0.000 0.803 0.000 2.088 0.000 2.153 0.180 0.000 0.000 3.549 0.000 0.041 0.000 1.809 0.000 0.429 0.943 2.635 0.000 1.834 0.000 0.787 0.000 3.282 1.390 0.441 1.441 0.000 0.000 2.086 0.269 0.000 0.187 1.417 0.000 1.999 0.807 2.678 
0 test2fip_consistent 0.000 0.515 0.000 0.000 0.000 0.000 1.764 1.077 0.000 0.253 0.000 3.096 0.000 0.000 0.000 0.525 0.890 3.040 1.915 2.438 0.132 0.000 0.000 0.000 0.000 0.000 0.000 2.410 0.000 0.000 0.000 0.000 0.000 0.000 0.825 0.000 2.372 0.000 0.000 1.345 
1 test2fip_inconsistent 0.000 0.515 0.000 0.000 0.000 0.000 1.764 1.077 0.000 0.253 0.000 3.096 0.000 0.000 0.000 0.525 0.890 3.040 1.915 2.438 0.000 0.000 0.000 0.000 0.000 0.000 1.386 2.245 0.000 0.000 0.000 3.134 0.000 0.000 0.571 0.398 2.435 2.843 0.965 1.756 
0 test2fip_consistent 0.000 0.000 0.000 0.000 0.000 1.358 1.561 0.000 0.000 0.063 0.000 2.790 0.000 1.816 0.879 0.000 0.571 2.350 2.785 0.000 0.022 0.000 0.000 0.000 0.000 0.446 0.000 0.000 0.292 0.313 0.000 0.000 0.000 1.663 2.270 0.000 3.164 0.000 0.485 0.000 
1 test2fip_inconsistent 0.000 0.000 0.000 0.000 0.000 1.358 1.561 0.000 0.000 0.063 0.000 2.790 0.000 1.816 0.879 0.000 0.571 2.350 2.785 0.000 0.000 0.000 0.000 0.000 0.000 2.452 1.061 0.000 1.134 0.638 0.000 3.215 0.000 0.821 1.936 0.000 3.521 1.830 2.679 0.000 
0 test2fip_consistent 1.009 0.341 0.000 1.311 3.496 0.000 0.951 3.632 0.000 0.044 0.000 1.186 1.140 0.000 0.000 0.915 2.949 0.747 1.277 0.481 0.211 0.000 0.000 0.137 1.037 0.184 0.330 0.000 2.034 0.482 1.854 0.717 0.756 0.000 0.000 0.000 0.186 2.538 0.000 0.236 
1 test2fip_inconsistent 1.009 0.341 0.000 1.311 3.496 0.000 0.951 3.632 0.000 0.044 0.000 1.186 1.140 0.000 0.000 0.915 2.949 0.747 1.277 0.481 1.559 0.030 0.000 0.172 3.584 0.000 0.132 3.085 1.277 0.324 0.876 0.804 1.268 0.000 0.000 0.276 2.716 2.452 0.000 1.437 
0 test2fip_consistent 0.053 0.179 0.000 0.000 0.776 3.265 2.033 0.000 3.736 0.083 0.000 0.074 0.000 0.000 0.000 0.000 0.018 0.000 1.577 0.000 0.088 3.111 0.000 0.000 1.503 0.781 0.125 0.329 0.565 0.016 0.000 0.000 0.251 0.000 0.000 0.000 2.519 0.000 0.000 0.126 
1 test2fip_inconsistent 0.053 0.179 0.000 0.000 0.776 3.265 2.033 0.000 3.736 0.083 0.000 0.074 0.000 0.000 0.000 0.000 0.018 0.000 1.577 0.000 0.179 2.411 0.000 0.000 2.399 4.182 1.724 0.000 3.918 0.000 0.034 0.000 0.000 0.000 0.000 0.661 1.062 0.000 0.000 0.000 
0 test2fip_consistent 0.000 1.447 0.000 0.000 0.000 0.000 0.000 0.000 1.528 0.000 0.000 0.889 0.000 0.000 5.520 1.055 0.000 0.172 1.066 0.000 0.000 0.000 0.000 0.366 2.469 0.000 0.000 0.000 0.608 0.755 0.000 0.017 0.000 0.000 0.000 1.911 0.000 1.930 0.000 0.000 
1 test2fip_inconsistent 0.000 1.447 0.000 0.000 0.000 0.000 0.000 0.000 1.528 0.000 0.000 0.889 0.000 0.000 5.520 1.055 0.000 0.172 1.066 0.000 0.000 2.277 0.000 0.221 0.791 0.000 0.000 0.000 0.754 0.000 0.036 1.502 0.000 0.000 3.804 3.124 0.000 1.565 0.584 0.000 
0 test2fip_consistent 0.098 0.283 0.559 0.000 0.000 0.000 0.000 1.860 0.218 4.282 0.000 3.302 0.053 0.000 0.000 0.000 2.346 0.000 0.000 0.108 1.234 1.387 0.745 0.795 1.887 1.148 0.000 0.511 1.045 1.256 0.018 0.000 0.209 0.000 0.000 0.000 0.214 0.000 3.199 0.000 
1 test2fip_inconsistent 0.098 0.283 0.559 0.000 0.000 0.000 0.000 1.860 0.218 4.282 0.000 3.302 0.053 0.000 0.000 0.000 2.346 0.000 0.000 0.108 0.000 2.289 1.356 0.841 1.464 0.885 0.000 3.720 0.931 3.613 0.000 0.155 0.810 0.000 0.000 0.000 2.598 0.000 2.051 0.000 
0 test2fip_consistent 1.193 3.560 0.000 0.000 1.955 0.000 0.470 0.000 0.000 0.000 1.844 1.186 0.000 0.000 1.973 0.000 0.741 1.942 0.000 0.000 0.000 0.169 0.598 0.000 0.816 0.000 0.000 0.000 1.202 0.000 1.318 0.000 1.159 2.553 0.224 0.000 0.082 1.902 0.000 0.000 
1 test2fip_inconsistent 1.193 3.560 0.000 0.000 1.955 0.000 0.470 0.000 0.000 0.000 1.844 1.186 0.000 0.000 1.973 0.000 0.741 1.942 0.000 0.000 0.463 3.748 1.173 0.000 1.531 0.075 0.010 0.000 1.076 0.000 2.449 0.000 0.000 0.954 1.499 0.000 0.118 4.085 0.000 0.000 
0 test2fip_consistent 0.000 0.113 0.169 2.026 0.000 0.000 0.000 0.000 3.186 0.433 2.222 2.370 0.000 0.000 0.000 0.000 0.000 2.592 0.000 0.000 0.000 1.077 0.000 2.409 0.249 0.000 0.000 0.000 0.367 0.000 0.000 0.436 0.000 2.700 1.335 0.913 0.000 0.000 0.000 0.440 
1 test2fip_inconsistent 0.000 0.113 0.169 2.026 0.000 0.000 0.000 0.000 3.186 0.433 2.222 2.370 0.000 0.000 0.000 0.000 0.000 2.592 0.000 0.000 0.000 0.580 0.000 3.620 0.328 0.000 0.000 0.000 3.133 0.000 0.379 1.085 0.000 0.667 1.078 0.750 0.000 3.269 0.000 0.012 
0 test2fip_consistent 1.057 0.426 0.000 0.000 0.000 0.000 0.000 2.080 0.000 0.464 0.775 3.986 0.000 0.000 0.000 3.664 0.000 0.213 0.000 0.364 0.000 1.915 0.000 0.000 0.000 1.437 0.000 0.000 0.000 0.000 0.000 0.000 0.000 0.250 1.994 1.768 0.000 0.668 0.555 0.000 
1 test2fip_inconsistent 1.057 0.426 0.000 0.000 0.000 0.000 0.000 2.080 0.000 0.464 0.775 3.986 0.000 0.000 0.000 3.664 0.000 0.213 0.000 0.364 0.000 0.087 0.000 0.000 0.000 0.000 0.000 1.302 0.000 0.000 0.000 2.587 0.000 0.000 1.251 4.130 0.924 0.614 0.000 0.000 
0 test2fip_consistent 1.419 0.000 1.832 0.000 3.124 0.848 0.000 3.661 0.000 0.553 0.000 0.077 0.261 0.611 0.534 0.325 0.000 0.000 0.000 1.724 0.000 0.877 0.000 0.000 0.431 0.007 0.000 0.234 0.323 1.766 0.000 0.000 0.000 0.000 0.000 0.000 2.835 0.952 1.367 0.000 
1 test2fip_inconsistent 1.419 0.000 1.832 0.000 3.124 0.848 0.000 3.661 0.000 0.553 0.000 0.077 0.261 0.611 0.534 0.325 0.000 0.000 0.000 1.724 0.645 1.696 0.835 0.000 3.706 0.000 0.000 1.392 0.914 3.592 0.000 0.000 0.000 0.000 0.000 0.000 1.399 0.917 0.794 0.830 
0 test2fip_consistent 1.069 0.000 2.482 0.631 0.000 2.000 0.659 3.356 0.000 0.000 0.000 0.986 0.930 0.524 0.445 0.000 2.762 0.462 0.000 0.517 0.000 0.000 0.000 0.000 0.063 0.000 1.019 1.784 0.000 0.000 0.000 0.000 1.621 0.000 2.843 0.000 0.000 1.163 0.000 1.462 
1 test2fip_inconsistent 1.069 0.000 2.482 0.631 0.000 2.000 0.659 3.356 0.000 0.000 0.000 0.986 0.930 0.524 0.445 0.000 2.762 0.462 0.000 0.517 1.387 0.000 2.068 0.000 0.146 1.461 0.054 4.099 0.000 0.000 0.000 0.710 0.845 0.000 1.965 0.000 2.788 0.597 0.000 1.475 
0 test2fip_consistent 0.481 0.000 0.324 0.000 0.000 2.150 0.375 0.000 0.000 1.461 3.259 0.686 0.000 0.000 0.015 2.025 2.167 0.000 1.683 0.304 0.843 0.000 1.837 0.280 0.000 0.524 1.009 1.462 0.045 0.136 0.505 0.061 0.000 0.715 2.354 0.324 0.747 0.000 0.000 0.859 
1 test2fip_inconsistent 0.481 0.000 0.324 0.000 0.000 2.150 0.375 0.000 0.000 1.461 3.259 0.686 0.000 0.000 0.015 2.025 2.167 0.000 1.683 0.304 0.000 0.000 2.114 0.000 0.000 1.828 1.796 0.438 0.000 2.539 3.541 1.020 0.000 0.395 1.650 0.949 2.075 0.000 1.490 1.401 
0 test2fip_consistent 1.649 2.108 1.664 0.929 1.149 0.000 0.000 0.000 0.000 3.195 0.000 1.636 1.679 0.795 0.909 0.000 0.847 0.091 0.000 0.000 0.021 0.619 2.442 0.000 0.000 1.326 0.000 0.231 0.910 1.305 0.000 0.657 0.194 2.307 0.000 0.000 0.000 0.343 0.000 0.000 
1 test2fip_inconsistent 1.649 2.108 1.664 0.929 1.149 0.000 0.000 0.000 0.000 3.195 0.000 1.636 1.679 0.795 0.909 0.000 0.847 0.091 0.000 0.000 1.662 0.000 2.648 0.000 2.311 0.289 0.000 0.266 0.299 4.673 0.018 2.504 0.704 1.442 0.444 0.000 0.175 0.238 0.026 0.000 
0 test2fip_consistent 0.820 1.071 1.651 0.000 0.000 0.000 0.043 0.000 0.000 3.749 0.000 0.000 0.000 2.484 1.382 0.000 0.000 0.000 1.617 1.289 0.465 2.691 1.077 0.000 0.000 0.000 0.000 0.000 3.586 0.000 0.063 0.000 0.000 0.154 0.036 0.000 0.250 0.097 0.257 1.015 
1 test2fip_inconsistent 0.820 1.071 1.651 0.000 0.000 0.000 0.043 0.000 0.000 3.749 0.000 0.000 0.000 2.484 1.382 0.000 0.000 0.000 1.617 1.289 2.023 2.896 2.267 0.000 0.000 0.000 0.000 0.000 1.824 2.586 0.000 0.000 0.000 2.086 0.241 0.000 0.384 0.099 2.751 2.373 
0 test2fip_consistent 0.000 0.006 0.090 0.031 0.000 0.000 0.169 0.766 0.000 0.627 4.117 0.000 0.023 0.691 1.802 0.000 3.129 0.000 0.000 0.435 0.002 0.724 0.000 0.000 0.000 0.158 0.159 0.559 0.000 0.515 0.091 0.000 0.000 0.000 0.000 0.856 2.735 1.896 0.000 2.038 
1 test2fip_inconsistent 0.000 0.006 0.090 0.031 0.000 0.000 0.169 0.766 0.000 0.627 4.117 0.000 0.023 0.691 1.802 0.000 3.129 0.000 0.000 0.435 0.024 0.285 0.000 0.000 0.000 0.000 0.056 2.522 0.000 2.407 3.654 0.000 0.000 0.206 0.000 0.000 3.635 1.807 0.000 2.537 
0 test2fip_consistent 0.652 0.012 0.000 0.000 0.387 0.119 0.000 0.002 0.000 3.306 0.000 0.041 4.586 0.000 0.860 0.000 0.000 2.135 0.000 0.057 0.455 0.000 0.538 2.333 0.000 0.049 1.201 0.963 0.012 0.069 0.000 1.500 0.383 0.786 0.060 0.000 0.000 1.061 0.750 1.851 
1 test2fip_inconsistent 0.652 0.012 0.000 0.000 0.387 0.119 0.000 0.002 0.000 3.306 0.000 0.041 4.586 0.000 0.860 0.000 0.000 2.135 0.000 0.057 0.143 0.000 0.187 0.624 0.000 0.000 0.928 0.964 0.000 3.043 0.000 0.958 2.907 0.000 0.695 0.202 1.144 3.263 0.461 1.664 
0 test2fip_consistent 0.000 3.105 0.000 0.000 0.000 0.083 0.000 0.000 0.018 0.000 0.000 2.015 0.000 0.000 0.663 0.943 2.087 3.579 0.000 0.000 0.000 0.000 1.466 0.000 0.000 1.765 0.000 0.000 0.000 0.134 0.923 0.000 0.026 0.669 0.730 1.958 0.000 0.000 2.207 0.000 
1 test2fip_inconsistent 0.000 3.105 0.000 0.000 0.000 0.083 0.000 0.000 0.018 0.000 0.000 2.015 0.000 0.000 0.663 0.943 2.087 3.579 0.000 0.000 0.000 3.119 1.101 0.000 0.000 1.310 0.000 0.000 0.000 0.000 0.213 1.616 0.000 0.930 0.424 1.789 0.272 2.969 0.679 0.000 
0 test2fip_consistent 0.000 0.000 0.143 1.618 0.024 0.000 0.000 0.000 0.169 0.401 0.000 0.136 0.000 0.000 2.105 0.000 0.005 3.896 1.952 0.874 0.000 0.025 1.691 0.651 1.452 1.773 0.000 1.577 0.000 0.000 0.000 0.000 0.000 0.000 0.000 0.000 1.939 0.000 2.469 0.000 
1 test2fip_inconsistent 0.000 0.000 0.143 1.618 0.024 0.000 0.000 0.000 0.169 0.401 0.000 0.136 0.000 0.000 2.105 0.000 0.005 3.896 1.952 0.874 0.000 0.000 1.407 2.604 0.286 0.281 0.000 0.882 0.000 0.003 0.635 0.651 0.000 0.000 1.597 0.000 1.550 2.234 4.309 0.581 
0 test2fip_consistent 1.598 0.000 0.146 0.000 0.000 1.238 0.000 0.190 0.003 1.190 1.993 0.971 1.873 0.000 0.556 1.201 2.460 0.265 2.870 0.731 0.706 0.000 1.465 1.144 1.720 0.215 1.077 0.000 1.619 0.047 0.599 0.110 1.384 0.433 0.305 0.013 0.204 0.000 0.261 0.220 
1 test2fip_inconsistent 1.598 0.000 0.146 0.000 0.000 1.238 0.000 0.190 0.003 1.190 1.993 0.971 1.873 0.000 0.556 1.201 2.460 0.265 2.870 0.731 2.649 0.000 0.929 1.143 0.892 2.471 0.375 0.000 1.926 0.593 0.786 1.034 3.049 0.153 0.594 0.589 1.987 0.000 3.628 0.000 
0 test2fip_consistent 0.715 0.050 0.000 3.022 0.000 0.020 0.000 0.000 0.237 1.602 3.637 1.720 0.000 0.000 0.000 0.242 0.393 0.000 0.000 2.658 0.000 0.171 0.000 0.000 0.000 0.000 0.000 0.198 0.548 0.000 0.000 1.212 0.000 1.489 0.028 2.736 1.594 0.000 0.496 0.884 
1 test2fip_inconsistent 0.715 0.050 0.000 3.022 0.000 0.020 0.000 0.000 0.237 1.602 3.637 1.720 0.000 0.000 0.000 0.242 0.393 0.000 0.000 2.658 0.000 0.189 0.000 2.978 0.000 0.000 0.000 0.517 0.627 0.000 2.257 0.493 0.000 0.000 0.000 1.280 2.796 0.000 0.000 1.204 
0 test2fip_consistent 0.244 0.710 0.000 1.644 0.000 0.884 0.000 1.085 0.000 2.951 0.781 3.337 0.276 0.138 0.000 1.243 0.000 0.000 0.000 1.635 1.362 1.174 0.615 0.000 0.707 1.931 0.000 0.000 0.000 0.182 0.000 0.519 0.859 0.175 0.000 1.312 0.000 0.000 0.107 0.000 
1 test2fip_inconsistent 0.244 0.710 0.000 1.644 0.000 0.884 0.000 1.085 0.000 2.951 0.781 3.337 0.276 0.138 0.000 1.243 0.000 0.000 0.000 1.635 0.000 1.181 0.000 1.907 0.352 0.954 0.000 1.077 0.000 2.970 0.804 2.892 0.712 1.167 0.000 2.025 0.258 0.000 0.000 0.000 
0 test2fip_consistent 0.000 0.896 0.000 1.312 0.000 0.000 3.508 0.188 0.000 2.701 0.000 0.000 0.913 0.228 1.121 0.000 0.311 0.000 0.000 2.864 0.247 0.000 1.149 0.798 0.161 0.000 0.769 1.718 1.388 0.066 0.000 0.106 1.516 0.704 0.524 0.887 1.490 0.000 1.215 0.000 
1 test2fip_inconsistent 0.000 0.896 0.000 1.312 0.000 0.000 3.508 0.188 0.000 2.701 0.000 0.000 0.913 0.228 1.121 0.000 0.311 0.000 0.000 2.864 0.000 1.294 0.332 0.443 0.000 0.000 4.398 0.932 1.072 2.196 0.000 0.000 2.591 0.451 0.280 0.516 1.124 0.000 0.767 0.306 
0 test2fip_consistent 0.000 0.547 2.971 0.000 2.101 2.212 0.555 0.000 2.565 0.000 1.112 0.353 0.834 0.000 0.000 0.000 0.000 2.937 0.000 0.393 0.000 1.441 2.187 0.000 0.731 0.857 0.749 0.000 0.765 0.118 0.175 0.578 0.000 1.343 0.400 1.358 0.363 0.067 1.242 1.204 
1 test2fip_inconsistent 0.000 0.547 2.971 0.000 2.101 2.212 0.555 0.000 2.565 0.000 1.112 0.353 0.834 0.000 0.000 0.000 0.000 2.937 0.000 0.393 0.000 0.000 3.327 0.000 0.555 3.726 0.450 0.000 2.751 0.000 1.766 0.317 0.080 0.775 1.211 0.290 0.000 2.375 0.610 0.402 
0 test2fip_consistent 0.000 2.074 3.753 1.793 0.000 1.986 0.000 2.001 0.000 0.328 0.034 0.753 2.102 0.609 0.000 0.223 0.000 0.688 0.082 0.254 0.000 0.000 0.369 0.165 0.000 0.863 0.000 0.768 0.746 0.397 0.049 0.000 0.801 1.606 0.091 2.922 0.000 1.199 1.341 0.000 
1 test2fip_inconsistent 0.000 2.074 3.753 1.793 0.000 1.986 0.000 2.001 0.000 0.328 0.034 0.753 2.102 0.609 0.000 0.223 0.000 0.688 0.082 0.254 0.000 2.466 2.729 1.602 0.000 2.802 0.000 0.649 0.054 0.483 0.000 0.000 2.679 2.258 0.000 2.157 0.000 0.755 0.621 0.000 
0 test2fip_consistent 0.000 0.004 0.000 0.000 0.000 0.553 0.000 2.081 2.027 0.093 0.156 0.682 0.000 0.000 1.247 0.214 3.306 2.213 1.794 3.363 0.000 0.246 2.217 1.821 0.068 0.000 0.008 1.745 0.182 0.000 2.454 0.000 0.000 0.000 0.000 0.000 0.065 0.000 1.632 0.000 
1 test2fip_inconsistent 0.000 0.004 0.000 0.000 0.000 0.553 0.000 2.081 2.027 0.093 0.156 0.682 0.000 0.000 1.247 0.214 3.306 2.213 1.794 3.363 0.000 0.000 1.141 1.206 0.146 0.000 0.047 2.117 0.457 0.000 2.156 0.959 0.160 0.000 0.000 0.000 1.136 0.547 3.744 3.454 
0 test2fip_consistent 0.627 2.970 0.000 2.481 0.749 0.757 0.000 3.702 0.000 0.000 0.000 0.000 0.000 0.702 0.000 1.644 0.207 0.000 0.000 0.000 2.784 0.099 0.010 0.096 1.166 0.000 1.939 0.031 0.585 0.000 0.000 0.004 0.000 0.000 0.000 1.384 0.871 0.000 0.011 0.000 
1 test2fip_inconsistent 0.627 2.970 0.000 2.481 0.749 0.757 0.000 3.702 0.000 0.000 0.000 0.000 0.000 0.702 0.000 1.644 0.207 0.000 0.000 0.000 2.706 3.928 0.000 1.622 0.000 0.509 1.065 3.281 0.000 0.000 0.000 0.000 0.000 0.000 0.000 1.545 0.790 0.000 0.000 0.000 
0 test2fip_consistent 0.000 1.012 3.787 1.558 0.415 1.441 1.329 0.000 0.000 0.000 0.062 0.000 1.266 0.170 1.809 0.542 1.478 1.674 0.000 0.000 0.000 0.341 0.078 0.820 1.622 0.632 0.893 1.846 0.531 0.801 0.885 0.249 0.032 0.095 0.280 1.114 1.777 0.243 0.000 0.000 
1 test2fip_inconsistent 0.000 1.012 3.787 1.558 0.415 1.441 1.329 0.000 0.000 0.000 0.062 0.000 1.266 0.170 1.809 0.542 1.478 1.674 0.000 0.000 0.000 1.398 3.332 1.948 1.051 1.548 1.144 0.179 0.536 0.449 0.717 0.000 1.673 0.000 1.696 1.706 3.134 1.279 0.000 0.000 
0 test2fip_consistent 0.570 2.553 0.000 0.000 1.193 1.535 0.000 0.000 0.512 0.000 0.000 0.000 0.000 3.009 1.143 2.246 2.892 1.210 0.368 1.131 1.351 0.015 1.513 0.000 0.000 0.000 0.172 0.000 0.517 0.000 0.000 0.534 0.768 0.000 0.210 0.183 1.826 2.171 0.262 0.177 
1 test2fip_inconsistent 0.570 2.553 0.000 0.000 1.193 1.535 0.000 0.000 0.512 0.000 0.000 0.000 0.000 3.009 1.143 2.246 2.892 1.210 0.368 1.131 1.344 1.312 1.475 0.000 2.236 2.431 0.000 0.000 0.101 0.000 0.000 0.381 0.000 1.005 0.000 2.541 2.838 2.512 0.188 1.617 
0 test2fip_consistent 0.156 3.127 0.000 0.000 1.993 0.000 3.384 1.293 0.645 0.000 0.000 0.000 0.000 0.000 0.000 0.000 0.000 0.127 2.702 1.582 3.093 0.069 0.000 0.000 2.132 0.557 0.000 0.155 1.706 0.848 0.000 1.522 0.000 0.016 0.000 0.000 0.636 0.167 0.368 1.779 
1 test2fip_inconsistent 0.156 3.127 0.000 0.000 1.993 0.000 3.384 1.293 0.645 0.000 0.000 0.000 0.000 0.000 0.000 0.000 0.000 0.127 2.702 1.582 1.765 3.247 0.000 0.000 3.705 0.419 2.620 0.964 1.710 0.532 0.000 0.188 0.000 0.000 0.000 0.000 0.000 0.375 2.685 2.365 
0 test2fip_consistent 1.829 0.294 1.177 2.536 0.198 0.000 0.000 0.000 4.052 0.000 0.000 0.000 0.731 0.000 0.000 0.000 1.188 2.217 0.700 0.415 0.074 0.772 0.091 0.104 0.551 0.135 1.689 0.000 0.966 0.000 0.463 0.000 0.000 0.000 0.007 0.000 2.675 0.000 1.983 0.012 
1 test2fip_inconsistent 1.829 0.294 1.177 2.536 0.198 0.000 0.000 0.000 4.052 0.000 0.000 0.000 0.731 0.000 0.000 0.000 1.188 2.217 0.700 0.415 1.353 0.211 1.400 2.999 0.394 1.010 1.162 0.000 4.113 0.000 0.000 0.000 0.000 0.000 0.000 0.000 2.336 0.391 2.363 1.847 
0 test2fip_consistent 1.144 0.000 0.000 1.709 0.015 0.000 0.140 0.278 2.628 0.000 0.000 1.067 0.079 1.568 2.533 2.338 0.089 0.000 1.854 0.000 0.000 0.000 0.000 0.087 0.000 0.000 1.854 0.714 0.761 0.000 2.383 0.015 0.711 0.130 0.057 0.189 0.727 2.130 1.889 0.000 
1 test2fip_inconsistent 1.144 0.000 0.000 1.709 0.015 0.000 0.140 0.278 2.628 0.000 0.000 1.067 0.079 1.568 2.533 2.338 0.089 0.000 1.854 0.000 1.403 0.000 0.000 1.234 0.000 0.009 0.555 0.000 3.497 0.000 2.152 0.000 0.971 0.631 2.229 2.132 0.648 1.644 3.250 0.000 
0 test2fip_consistent 2.468 1.573 0.243 0.000 0.000 0.000 0.631 0.000 0.703 0.000 0.028 0.000 0.000 2.576 4.211 0.000 0.411 0.295 0.425 0.000 1.423 0.000 0.000 0.422 0.000 0.000 0.000 0.000 0.127 0.000 1.816 0.000 0.000 0.115 2.234 0.000 1.108 0.145 0.027 0.000 
1 test2fip_inconsistent 2.468 1.573 0.243 0.000 0.000 0.000 0.631 0.000 0.703 0.000 0.028 0.000 0.000 2.576 4.211 0.000 0.411 0.295 0.425 0.000 2.556 1.270 0.000 0.053 0.000 0.000 2.569 0.000 1.700 0.000 0.421 0.000 0.000 2.049 3.906 0.000 2.358 0.082 1.132 0.000 
0 test2fip_consistent 1.991 0.796 0.000 0.000 0.000 0.000 0.000 3.410 0.370 0.000 0.000 0.000 0.000 0.000 3.960 0.141 0.000 0.613 2.646 0.000 0.000 1.149 0.883 0.000 1.396 0.000 0.000 0.900 0.482 0.000 0.000 3.301 0.000 0.056 0.639 0.000 1.561 0.000 1.746 0.000 
1 test2fip_inconsistent 1.991 0.796 0.000 0.000 0.000 0.000 0.000 3.410 0.370 0.000 0.000 0.000 0.000 0.000 3.960 0.141 0.000 0.613 2.646 0.000 2.045 1.108 0.071 0.000 0.892 0.000 0.000 0.922 0.330 0.000 0.000 2.109 0.000 2.934 4.272 0.662 0.761 0.000 2.683 0.000 
0 test2fip_consistent 0.005 1.932 2.541 0.284 1.105 0.405 2.187 2.159 0.000 0.259 0.027 0.000 0.000 0.103 0.000 2.830 0.000 2.163 0.000 0.023 1.359 0.000 0.365 0.000 0.878 3.272 0.951 0.277 0.000 0.832 0.000 0.000 0.000 0.133 0.000 0.569 0.008 0.856 0.000 1.370 
1 test2fip_inconsistent 0.005 1.932 2.541 0.284 1.105 0.405 2.187 2.159 0.000 0.259 0.027 0.000 0.000 0.103 0.000 2.830 0.000 2.163 0.000 0.023 0.556 1.502 1.009 0.000 0.000 3.036 0.167 2.583 0.000 0.805 0.000 0.000 0.000 0.134 0.000 2.264 0.524 3.839 0.000 0.520 
0 test2fip_consistent 0.527 4.501 0.000 0.084 1.278 1.491 0.000 0.000 1.853 0.000 1.162 0.000 0.000 0.000 2.139 0.069 0.002 0.539 0.000 0.000 0.037 2.328 0.000 0.000 0.000 0.786 0.000 0.000 0.014 0.000 0.000 0.390 3.244 0.000 0.101 1.486 0.000 0.000 0.000 0.000 
1 test2fip_inconsistent 0.527 4.501 0.000 0.084 1.278 1.491 0.000 0.000 1.853 0.000 1.162 0.000 0.000 0.000 2.139 0.069 0.002 0.539 0.000 0.000 1.691 4.904 0.000 0.191 0.000 2.737 0.000 0.000 2.594 0.135 0.151 0.000 2.862 0.000 2.492 0.000 0.000 1.278 0.000 0.000 
0 test2fip_consistent 1.140 0.000 0.157 0.000 1.226 0.202 0.000 3.338 1.549 1.055 0.000 0.000 0.000 0.000 0.000 1.821 1.449 1.411 1.598 0.000 0.970 0.000 2.324 0.000 0.059 0.338 0.065 0.311 0.106 0.000 0.000 0.638 0.000 1.517 0.000 1.394 0.481 0.060 0.917 1.683 
1 test2fip_inconsistent 1.140 0.000 0.157 0.000 1.226 0.202 0.000 3.338 1.549 1.055 0.000 0.000 0.000 0.000 0.000 1.821 1.449 1.411 1.598 0.000 1.115 0.000 2.049 0.000 0.366 0.352 0.000 1.094 0.574 0.000 0.000 0.000 0.000 0.992 0.000 3.101 0.000 2.295 4.353 0.253 
0 test2fip_consistent 0.000 4.286 0.836 1.610 1.257 1.125 0.806 0.000 1.201 0.094 0.804 1.302 0.683 0.658 0.000 0.976 1.281 0.052 0.000 0.000 0.021 0.000 0.000 0.089 0.140 1.120 0.000 2.049 0.351 2.230 0.000 1.221 1.012 0.956 0.000 0.000 0.028 0.000 1.557 0.000 
1 test2fip_inconsistent 0.000 4.286 0.836 1.610 1.257 1.125 0.806 0.000 1.201 0.094 0.804 1.302 0.683 0.658 0.000 0.976 1.281 0.052 0.000 0.000 0.071 2.659 0.000 2.552 0.595 3.210 0.000 2.081 1.117 0.822 0.000 2.654 2.246 1.614 0.000 0.000 0.679 0.000 0.094 0.000 
0 test2fip_consistent 0.000 1.710 0.000 0.656 0.300 1.874 0.000 2.686 0.000 0.000 0.196 0.000 1.403 0.243 0.000 0.000 2.801 2.143 1.848 0.000 0.000 1.383 1.987 1.681 0.898 0.742 0.000 0.158 0.000 0.000 2.341 0.000 1.014 0.625 0.000 0.000 0.303 0.161 0.003 0.246 
1 test2fip_inconsistent 0.000 1.710 0.000 0.656 0.300 1.874 0.000 2.686 0.000 0.000 0.196 0.000 1.403 0.243 0.000 0.000 2.801 2.143 1.848 0.000 0.000 2.062 1.685 2.258 0.395 0.801 0.000 2.812 0.000 0.083 1.866 0.000 2.511 0.167 0.000 0.000 2.437 1.221 1.999 0.000 
0 test2fip_consistent 0.000 4.080 0.000 0.056 0.000 0.422 0.000 0.000 0.000 0.000 0.000 0.000 3.839 2.673 0.000 0.000 0.000 1.636 0.105 0.060 1.387 0.000 0.000 0.036 0.379 0.000 0.000 1.384 2.872 0.000 0.000 0.215 1.186 1.974 0.000 1.438 0.000 0.651 0.293 0.000 
1 test2fip_inconsistent 0.000 4.080 0.000 0.056 0.000 0.422 0.000 0.000 0.000 0.000 0.000 0.000 3.839 2.673 0.000 0.000 0.000 1.636 0.105 0.060 0.711 0.235 0.000 0.000 0.000 0.000 0.000 0.278 2.055 0.000 0.000 0.183 5.770 1.227 0.000 1.204 0.000 0.633 0.246 0.000 
0 test2fip_consistent 0.000 0.007 0.000 1.306 0.192 0.241 3.556 0.000 0.183 0.653 0.000 0.000 0.000 0.200 0.000 0.000 2.361 0.293 3.786 1.719 0.180 0.183 0.130 0.205 2.176 0.306 0.301 1.375 0.666 0.662 0.000 0.169 1.337 0.163 1.200 0.979 0.638 0.997 0.529 1.276 
1 test2fip_inconsistent 0.000 0.007 0.000 1.306 0.192 0.241 3.556 0.000 0.183 0.653 0.000 0.000 0.000 0.200 0.000 0.000 2.361 0.293 3.786 1.719 0.000 0.000 0.000 2.427 2.036 0.000 2.510 0.342 0.010 0.625 0.045 0.000 0.966 0.579 0.679 0.253 1.657 0.464 3.744 2.993 
0 test2fip_consistent 1.140 3.277 0.000 0.050 0.000 0.000 4.453 0.000 0.000 0.186 0.000 0.620 0.000 0.000 0.000 0.396 2.314 0.000 0.000 0.156 0.000 0.914 1.763 0.444 1.059 0.000 0.777 0.000 0.157 1.062 0.000 0.842 1.446 0.000 1.030 2.034 0.000 0.600 0.000 1.704 
1 test2fip_inconsistent 1.140 3.277 0.000 0.050 0.000 0.000 4.453 0.000 0.000 0.186 0.000 0.620 0.000 0.000 0.000 0.396 2.314 0.000 0.000 0.156 0.000 1.800 1.381 0.498 0.463 0.000 5.243 0.000 0.620 1.014 0.000 0.853 0.192 0.000 0.020 2.734 0.450 0.000 0.000 1.308 
0 test2fip_consistent 2.162 0.850 2.902 1.097 0.000 0.000 0.191 0.000 0.152 0.000 0.977 0.730 0.000 0.000 0.000 2.978 0.250 0.695 0.351 2.881 1.014 0.812 0.000 2.646 0.007 0.000 0.036 1.579 1.719 0.395 0.000 0.000 0.000 0.132 0.000 0.724 0.022 0.000 0.657 0.652 
1 test2fip_inconsistent 2.162 0.850 2.902 1.097 0.000 0.000 0.191 0.000 0.152 0.000 0.977 0.730 0.000 0.000 0.000 2.978 0.250 0.695 0.351 2.881 0.977 0.000 2.237 2.197 0.000 0.000 0.000 1.319 1.080 0.000 0.121 0.068 0.000 1.682 0.000 2.302 0.031 0.377 1.989 3.849 
0 test2fip_consistent 0.558 0.000 2.950 1.002 0.000 0.000 0.000 2.689 0.000 0.527 0.000 0.000 0.038 0.529 0.000 0.086 2.189 0.000 2.686 1.598 0.000 0.109 1.107 1.497 0.000 0.877 0.000 0.087 0.000 0.000 0.694 0.000 1.154 1.585 0.000 0.000 1.568 2.587 0.184 0.103 
1 test2fip_inconsistent 0.558 0.000 2.950 1.002 0.000 0.000 0.000 2.689 0.000 0.527 0.000 0.000 0.038 0.529 0.000 0.086 2.189 0.000 2.686 1.598 0.056 0.000 2.788 1.844 0.000 0.000 0.000 2.859 0.000 0.000 0.424 0.000 0.722 2.006 0.000 0.000 1.574 2.197 3.130 2.398 
0 test2fip_consistent 0.000 0.000 0.000 1.375 2.275 1.237 0.000 3.334 1.743 1.861 1.618 0.000 0.023 0.826 1.644 0.000 2.032 0.000 0.000 0.000 0.016 0.000 1.497 0.058 0.188 0.166 0.193 0.552 0.098 1.603 0.000 0.000 0.000 0.044 2.349 0.000 0.853 0.000 0.706 0.000 
1 test2fip_inconsistent 0.000 0.000 0.000 1.375 2.275 1.237 0.000 3.334 1.743 1.861 1.618 0.000 0.023 0.826 1.644 0.000 2.032 0.000 0.000 0.000 0.000 0.000 0.385 0.430 2.460 1.732 0.000 1.883 2.850 1.900 2.158 0.000 0.000 1.938 2.970 0.000 2.284 0.000 0.000 0.000 
0 test2fip_consistent 0.000 0.172 1.925 0.049 2.472 1.361 0.000 4.116 0.649 1.187 0.186 0.000 1.967 0.000 0.000 0.000 0.000 0.013 0.330 0.709 0.811 0.580 0.120 0.000 0.280 0.000 0.000 1.826 3.103 0.041 0.742 0.000 0.097 0.000 0.000 0.000 0.000 0.379 1.720 0.792 
1 test2fip_inconsistent 0.000 0.172 1.925 0.049 2.472 1.361 0.000 4.116 0.649 1.187 0.186 0.000 1.967 0.000 0.000 0.000 0.000 0.013 0.330 0.709 0.201 0.000 2.646 0.000 3.013 0.361 0.000 3.905 2.258 1.339 0.867 0.000 1.777 0.052 0.000 0.000 0.000 0.000 1.259 0.000 
0 test2fip_consistent 0.000 0.000 0.000 0.000 0.602 3.166 0.000 2.034 0.000 1.400 0.000 1.389 0.000 0.000 0.000 0.000 3.752 0.000 1.085 0.000 0.825 0.000 0.000 0.000 0.000 0.094 3.274 0.000 0.164 0.662 0.000 0.111 0.880 0.000 0.000 0.118 0.755 0.076 0.994 0.000 
1 test2fip_inconsistent 0.000 0.000 0.000 0.000 0.602 3.166 0.000 2.034 0.000 1.400 0.000 1.389 0.000 0.000 0.000 0.000 3.752 0.000 1.085 0.000 0.364 0.000 0.000 0.000 0.444 2.674 0.931 1.228 0.000 2.378 0.000 2.080 0.492 0.000 0.000 0.000 3.161 0.127 1.810 0.000 
0 test2fip_consistent 0.283 0.000 0.000 0.603 0.308 0.000 2.369 2.436 0.000 0.000 0.000 3.250 3.079 1.243 0.753 0.000 0.000 0.417 0.000 0.000 1.683 0.000 0.582 0.000 2.539 0.000 1.416 0.000 0.000 0.840 0.752 0.000 0.783 0.892 0.079 0.000 0.000 0.000 0.656 0.000 
1 test2fip_inconsistent 0.283 0.000 0.000 0.603 0.308 0.000 2.369 2.436 0.000 0.000 0.000 3.250 3.079 1.243 0.753 0.000 0.000 0.417 0.000 0.000 0.000 0.000 0.520 0.000 1.890 0.000 3.225 0.000 0.000 0.000 0.603 3.493 3.034 0.919 0.000 0.094 0.000 0.335 0.000 0.000 
0 test2fip_consistent 0.019 2.227 0.000 0.000 2.297 0.661 2.112 0.000 0.000 0.000 0.000 0.000 4.148 0.762 0.000 0.000 0.000 0.000 0.000 0.401 1.387 2.119 0.000 1.760 1.278 1.175 0.000 0.000 0.300 2.160 0.000 0.000 0.323 0.070 0.566 0.005 0.000 0.088 0.000 0.196 
1 test2fip_inconsistent 0.019 2.227 0.000 0.000 2.297 0.661 2.112 0.000 0.000 0.000 0.000 0.000 4.148 0.762 0.000 0.000 0.000 0.000 0.000 0.401 0.782 1.537 0.000 0.650 3.724 1.764 1.455 0.000 0.139 1.795 0.000 0.000 3.940 2.046 0.602 0.000 0.000 0.000 0.000 0.391 
0 test2fip_consistent 0.182 0.000 0.042 0.000 0.000 0.000 0.000 0.000 2.077 1.777 0.000 2.362 0.000 0.000 0.000 0.000 3.168 3.383 1.898 0.621 0.344 0.000 0.000 0.000 0.105 0.000 2.717 0.000 0.049 0.276 0.649 1.405 0.319 0.536 0.000 0.029 0.000 2.364 0.556 0.505 
1 test2fip_inconsistent 0.182 0.000 0.042 0.000 0.000 0.000 0.000 0.000 2.077 1.777 0.000 2.362 0.000 0.000 0.000 0.000 3.168 3.383 1.898 0.621 0.266 0.000 0.000 0.000 0.964 0.000 1.995 0.000 2.036 2.117 0.000 1.393 0.203 0.000 0.000 0.000 3.069 3.734 1.766 0.162 
0 test2fip_consistent 0.403 0.314 0.000 0.000 0.000 3.135 0.000 0.000 0.000 2.678 0.543 1.758 0.173 0.000 0.000 0.432 0.000 1.199 0.967 3.339 0.247 1.614 0.000 0.000 0.000 0.000 0.000 0.000 0.000 1.525 0.000 0.167 1.194 0.113 0.000 0.000 1.499 0.682 2.564 0.839 
1 test2fip_inconsistent 0.403 0.314 0.000 0.000 0.000 3.135 0.000 0.000 0.000 2.678 0.543 1.758 0.173 0.000 0.000 0.432 0.000 1.199 0.967 3.339 1.200 1.549 0.000 0.000 0.000 2.268 0.000 0.000 0.000 1.939 0.000 2.331 0.733 0.205 0.000 0.000 1.154 1.704 3.261 3.631 
0 test2fip_consistent 2.604 0.000 0.334 0.460 0.563 1.680 0.000 0.000 0.000 5.021 0.939 1.132 0.000 0.674 1.451 0.000 0.000 0.000 0.000 0.429 0.523 0.000 0.079 0.000 2.156 0.017 0.262 0.000 1.435 0.325 1.618 0.000 0.000 0.539 0.539 0.956 0.000 0.000 0.000 1.652 
1 test2fip_inconsistent 2.604 0.000 0.334 0.460 0.563 1.680 0.000 0.000 0.000 5.021 0.939 1.132 0.000 0.674 1.451 0.000 0.000 0.000 0.000 0.429 3.228 0.000 0.000 0.000 1.364 1.513 0.000 0.000 0.587 4.446 0.565 0.000 0.000 0.000 0.247 0.681 0.000 0.000 0.000 1.208 
0 test2fip_consistent 2.471 1.337 0.287 1.383 0.969 1.126 0.000 1.906 1.504 0.000 0.000 0.000 0.000 2.597 0.000 2.590 0.000 1.600 1.337 0.000 0.215 0.037 1.016 0.327 0.181 0.319 0.000 2.394 1.837 0.000 0.000 0.000 0.123 0.246 0.027 0.802 0.123 0.000 2.061 0.000 
1 test2fip_inconsistent 2.471 1.337 0.287 1.383 0.969 1.126 0.000 1.906 1.504 0.000 0.000 0.000 0.000 2.597 0.000 2.590 0.000 1.600 1.337 0.000 1.367 1.695 0.878 1.116 0.000 0.623 0.000 2.843 2.728 0.000 0.000 0.000 0.021 2.832 0.000 3.670 0.000 0.000 0.000 0.000 
0 test2fip_consistent 2.828 1.427 0.200 0.000 0.000 0.000 0.000 0.000 0.398 0.000 0.000 3.856 0.000 0.000 0.000 0.000 2.202 2.338 0.000 0.000 2.251 1.721 2.018 0.640 0.000 0.000 0.000 0.000 0.816 0.908 0.034 0.044 0.909 0.000 0.000 0.135 0.103 0.046 0.000 1.790 
1 test2fip_inconsistent 2.828 1.427 0.200 0.000 0.000 0.000 0.000 0.000 0.398 0.000 0.000 3.856 0.000 0.000 0.000 0.000 2.202 2.338 0.000 0.000 3.880 2.260 1.696 1.163 0.000 0.000 0.040 0.000 0.996 0.875 0.000 2.852 0.028 0.000 0.000 0.000 2.866 1.285 0.000 0.302 
0 test2fip_consistent 0.000 0.000 0.000 0.275 0.000 0.085 0.000 2.771 0.145 0.085 0.752 0.416 0.000 0.069 1.662 1.942 3.555 0.003 2.577 0.058 0.462 0.000 0.000 0.571 0.380 1.424 0.198 0.971 0.000 0.000 0.081 0.932 0.000 2.652 0.077 0.047 0.229 1.722 0.429 0.849 
1 test2fip_inconsistent 0.000 0.000 0.000 0.275 0.000 0.085 0.000 2.771 0.145 0.085 0.752 0.416 0.000 0.069 1.662 1.942 3.555 0.003 2.577 0.058 0.000 0.000 0.000 0.748 0.000 0.700 0.077 4.016 0.000 0.825 0.000 0.573 0.000 1.237 1.812 0.254 4.196 0.659 0.306 1.231 
0 test2fip_consistent 0.000 1.320 1.156 1.569 0.000 2.380 0.000 0.000 0.000 0.000 0.000 0.000 0.652 2.485 0.243 0.000 0.000 3.612 0.377 0.746 0.000 2.813 2.270 0.000 0.000 0.194 0.000 0.004 0.003 0.000 0.000 0.059 1.497 0.000 0.000 0.022 0.000 0.000 0.862 1.524 
1 test2fip_inconsistent 0.000 1.320 1.156 1.569 0.000 2.380 0.000 0.000 0.000 0.000 0.000 0.000 0.652 2.485 0.243 0.000 0.000 3.612 0.377 0.746 0.000 2.499 1.416 0.000 0.000 3.706 0.000 0.000 0.000 0.000 0.000 0.000 0.806 1.996 0.581 0.000 0.000 3.126 0.362 2.384 
0 test2fip_consistent 1.758 4.504 0.221 0.442 0.000 0.000 0.000 0.837 0.833 0.000 0.000 2.253 0.352 0.000 0.000 0.000 0.000 0.295 0.702 0.000 0.000 0.943 0.090 1.775 1.869 0.332 2.752 0.000 0.079 0.000 1.530 0.000 0.421 0.000 0.000 0.000 0.874 0.111 0.712 0.000 
1 test2fip_inconsistent 1.758 4.504 0.221 0.442 0.000 0.000 0.000 0.837 0.833 0.000 0.000 2.253 0.352 0.000 0.000 0.000 0.000 0.295 0.702 0.000 1.919 5.021 0.000 2.742 1.581 0.000 1.452 0.000 1.053 0.000 1.209 1.617 0.303 0.000 0.000 0.000 0.588 0.000 0.713 0.000 
