0 test2fip_consistent left_hidden
1.422 1.713 0.000 3.459 2.215 0.725 0.000 2.091 2.999 1.290 0.000 0.000 0.000 0.000 0.346 0.000 0.000 0.498 0.000 0.000 
0 test2fip_consistent right_hidden
0.000 0.149 0.000 0.000 1.106 0.138 2.454 0.474 1.415 0.000 0.000 0.000 0.000 0.664 1.058 0.000 0.000 1.693 0.000 0.000 
---
1 test2fip_inconsistent left_hidden
1.422 1.713 0.000 3.459 2.215 0.725 0.000 2.091 2.999 1.290 0.000 0.000 0.000 0.000 0.346 0.000 0.000 0.498 0.000 0.000 
1 test2fip_inconsistent right_hidden
1.767 0.405 0.000 2.126 1.832 0.800 1.236 1.901 4.059 1.859 0.000 0.000 0.000 0.964 0.880 0.000 0.000 1.132 0.000 0.000 
---
0 test2fip_consistent left_hidden
0.000 0.000 1.328 0.720 0.890 0.567 0.000 2.611 0.000 0.057 0.579 2.727 0.000 0.000 3.938 0.000 0.136 0.000 0.000 0.000 
0 test2fip_consistent right_hidden
1.482 0.000 0.000 0.000 1.151 1.128 1.895 0.835 0.700 1.157 0.606 0.646 1.088 0.747 0.139 0.378 0.243 0.000 0.000 0.000 
---
1 test2fip_inconsistent left_hidden
0.000 0.000 1.328 0.720 0.890 0.567 0.000 2.611 0.000 0.057 0.579 2.727 0.000 0.000 3.938 0.000 0.136 0.000 0.000 0.000 
1 test2fip_inconsistent right_hidden
1.205 0.000 0.408 0.851 2.005 1.826 1.602 1.980 0.318 0.759 0.947 2.927 0.660 0.957 3.366 0.000 0.034 0.000 0.000 0.000 
---
0 test2fip_consistent left_hidden
2.848 0.809 1.106 1.596 0.624 0.257 0.000 1.811 0.000 1.216 0.080 1.013 1.568 0.340 2.146 0.000 0.184 1.687 0.000 0.099 
0 test2fip_consistent right_hidden
0.985 0.000 0.000 0.210 1.730 0.026 0.035 0.611 0.043 0.619 2.826 0.000 0.137 0.000 0.342 0.783 0.000 0.337 0.000 0.087 
---
1 test2fip_inconsistent left_hidden
2.848 0.809 1.106 1.596 0.624 0.257 0.000 1.811 0.000 1.216 0.080 1.013 1.568 0.340 2.146 0.000 0.184 1.687 0.000 0.099 
1 test2fip_inconsistent right_hidden
3.476 0.000 1.913 0.455 1.233 0.000 0.000 2.048 0.000 1.710 2.354 0.560 2.578 0.000 1.804 0.118 0.000 0.219 0.000 0.000 
---
0 test2fip_consistent left_hidden
0.297 2.066 0.000 0.000 0.000 2.020 0.000 0.000 0.158 0.955 0.143 0.000 1.080 0.000 0.000 0.000 2.442 1.707 4.691 0.000 
0 test2fip_consistent right_hidden
0.000 2.040 0.000 2.021 0.810 0.111 0.000 0.000 0.000 1.308 1.926 0.000 0.000 0.000 0.000 0.000 0.000 0.829 0.000 0.000 
---
1 test2fip_inconsistent left_hidden
0.297 2.066 0.000 0.000 0.000 2.020 0.000 0.000 0.158 0.955 0.143 0.000 1.080 0.000 0.000 0.000 2.442 1.707 4.691 0.000 
1 test2fip_inconsistent right_hidden
0.000 3.217 0.000 2.765 0.534 1.227 0.000 0.000 0.000 2.606 0.919 0.000 0.450 0.000 0.000 0.000 0.000 1.589 3.101 0.940 
---
0 test2fip_consistent left_hidden
0.000 4.272 0.043 0.000 0.386 0.000 0.000 0.055 0.000 0.066 0.031 2.551 0.000 0.000 0.000 0.000 0.000 0.041 0.684 3.050 
0 test2fip_consistent right_hidden
0.000 0.443 0.069 0.000 0.021 0.880 1.916 0.000 0.000 0.098 3.590 1.271 0.000 0.000 0.957 0.200 0.000 1.586 0.096 0.523 
---
1 test2fip_inconsistent left_hidden
0.000 4.272 0.043 0.000 0.386 0.000 0.000 0.055 0.000 0.066 0.031 2.551 0.000 0.000 0.000 0.000 0.000 0.041 0.684 3.050 
1 test2fip_inconsistent right_hidden
0.000 3.699 0.007 0.000 0.000 0.239 0.911 0.000 0.000 0.000 3.055 2.416 0.000 0.000 0.000 0.000 0.000 1.709 0.000 3.999 
---
0 test2fip_consistent left_hidden
0.000 0.000 0.545 0.000 0.000 0.164 1.861 0.000 0.000 0.016 4.757 0.000 0.000 3.012 0.499 0.199 0.874 0.000 0.000 0.000 
0 test2fip_consistent right_hidden
0.000 0.223 0.000 0.252 0.299 0.987 0.000 3.528 0.000 0.265 1.638 0.014 0.000 0.058 0.000 0.000 0.161 0.000 0.000 0.036 
---
1 test2fip_inconsistent left_hidden
0.000 0.000 0.545 0.000 0.000 0.164 1.861 0.000 0.000 0.016 4.757 0.000 0.000 3.012 0.499 0.199 0.874 0.000 0.000 0.000 
1 test2fip_inconsistent right_hidden
0.000 0.000 0.015 0.130 0.000 1.926 0.000 2.149 0.000 0.000 5.016 0.006 0.000 1.492 0.966 1.136 2.371 0.000 0.000 0.000 
---
0 test2fip_consistent left_hidden
2.196 0.000 0.000 0.691 4.057 0.000 0.592 0.183 1.523 2.067 0.650 0.000 0.000 1.107 0.000 1.463 0.000 0.000 0.000 1.025 
0 test2fip_consistent right_hidden
0.196 0.000 0.000 0.000 0.970 0.000 0.433 2.919 0.156 0.825 0.000 1.566 0.000 0.567 0.000 0.000 0.000 0.000 0.289 1.265 
---
1 test2fip_inconsistent left_hidden
2.196 0.000 0.000 0.691 4.057 0.000 0.592 0.183 1.523 2.067 0.650 0.000 0.000 1.107 0.000 1.463 0.000 0.000 0.000 1.025 
1 test2fip_inconsistent right_hidden
1.615 0.000 0.000 0.312 4.061 0.000 2.338 1.532 1.095 0.938 0.000 0.778 0.128 2.715 0.000 0.015 0.000 0.000 0.000 1.547 
---
0 test2fip_consistent left_hidden
0.888 1.380 2.164 0.000 0.000 0.000 0.000 0.757 0.861 1.182 0.000 0.000 1.637 3.111 1.439 0.000 0.474 1.119 2.616 0.000 
0 test2fip_consistent right_hidden
0.000 0.000 0.032 1.713 1.409 0.000 0.000 0.000 1.763 0.000 0.000 0.000 0.890 1.166 0.612 0.000 0.000 0.000 0.832 0.000 
---
1 test2fip_inconsistent left_hidden
0.888 1.380 2.164 0.000 0.000 0.000 0.000 0.757 0.861 1.182 0.000 0.000 1.637 3.111 1.439 0.000 0.474 1.119 2.616 0.000 
1 test2fip_inconsistent right_hidden
1.379 0.713 1.478 1.444 0.105 0.000 0.000 0.442 1.765 0.784 0.000 0.000 0.761 3.091 1.658 0.000 0.411 1.145 2.773 0.000 
---
0 test2fip_consistent left_hidden
2.808 0.623 0.453 1.637 0.000 0.000 1.113 0.000 0.139 0.000 1.756 1.858 0.000 1.336 0.924 0.153 0.000 0.427 0.668 2.160 
0 test2fip_consistent right_hidden
1.554 0.894 0.053 0.859 0.000 0.000 0.000 0.000 0.134 0.000 0.000 0.132 0.229 0.525 1.057 3.481 0.000 0.000 0.011 0.000 
---
1 test2fip_inconsistent left_hidden
2.808 0.623 0.453 1.637 0.000 0.000 1.113 0.000 0.139 0.000 1.756 1.858 0.000 1.336 0.924 0.153 0.000 0.427 0.668 2.160 
1 test2fip_inconsistent right_hidden
3.777 0.749 0.584 1.849 0.000 0.000 0.000 0.000 0.000 0.000 1.713 0.938 1.658 1.686 1.147 2.481 0.000 0.096 0.489 2.123 
---
0 test2fip_consistent left_hidden
1.058 0.000 0.000 0.000 0.000 0.000 0.000 3.348 0.000 2.219 2.006 0.000 0.000 0.192 2.740 0.000 0.000 0.000 0.294 0.000 
0 test2fip_consistent right_hidden
0.068 0.000 1.196 0.000 0.000 2.537 0.000 2.753 0.000 0.000 0.000 0.000 0.547 0.000 0.022 0.000 0.307 0.000 0.001 0.000 
---
1 test2fip_inconsistent left_hidden
1.058 0.000 0.000 0.000 0.000 0.000 0.000 3.348 0.000 2.219 2.006 0.000 0.000 0.192 2.740 0.000 0.000 0.000 0.294 0.000 
1 test2fip_inconsistent right_hidden
1.105 0.000 0.378 0.000 0.000 1.865 0.000 4.674 0.000 0.735 1.200 0.000 0.000 0.072 3.102 0.000 0.000 0.000 0.000 0.000 
---
0 test2fip_consistent left_hidden
0.148 0.000 0.124 1.811 0.606 1.870 0.000 0.000 2.023 3.220 0.000 0.510 0.000 0.000 0.522 0.000 0.000 2.961 0.000 0.000 
0 test2fip_consistent right_hidden
0.000 0.725 1.088 0.000 0.000 0.000 0.000 0.026 3.406 0.104 0.000 0.000 0.000 0.000 0.000 0.000 0.505 0.368 1.513 0.000 
---
1 test2fip_inconsistent left_hidden
0.148 0.000 0.124 1.811 0.606 1.870 0.000 0.000 2.023 3.220 0.000 0.510 0.000 0.000 0.522 0.000 0.000 2.961 0.000 0.000 
1 test2fip_inconsistent right_hidden
0.000 0.603 0.130 1.720 0.206 1.226 0.000 0.000 3.787 2.921 0.000 0.000 0.000 0.000 1.633 0.000 0.000 2.853 1.168 0.000 
---
0 test2fip_consistent left_hidden
0.000 0.000 0.000 0.000 0.395 2.826 0.000 0.063 0.000 0.000 0.000 3.361 2.288 2.658 0.000 0.000 0.000 0.000 2.497 2.791 
0 test2fip_consistent right_hidden
1.235 0.096 0.000 0.000 1.974 0.836 0.029 0.019 0.000 0.000 0.000 0.000 0.143 0.000 2.259 1.287 0.403 1.153 1.750 0.541 
---
1 test2fip_inconsistent left_hidden
0.000 0.000 0.000 0.000 0.395 2.826 0.000 0.063 0.000 0.000 0.000 3.361 2.288 2.658 0.000 0.000 0.000 0.000 2.497 2.791 
1 test2fip_inconsistent right_hidden
0.882 0.000 0.000 0.000 1.444 2.238 0.000 0.000 0.000 0.000 0.000 3.156 1.012 2.548 1.808 0.301 0.000 0.000 0.931 2.230 
---
0 test2fip_consistent left_hidden
0.083 3.432 3.818 0.000 0.166 0.000 0.000 0.000 0.000 0.783 0.000 0.000 0.000 0.199 0.183 2.772 0.000 0.000 0.569 0.590 
0 test2fip_consistent right_hidden
0.000 0.000 0.000 0.166 1.579 0.000 1.491 0.000 0.025 0.000 1.000 0.000 0.040 2.162 1.872 1.243 0.000 0.000 0.156 1.922 
---
1 test2fip_inconsistent left_hidden
0.083 3.432 3.818 0.000 0.166 0.000 0.000 0.000 0.000 0.783 0.000 0.000 0.000 0.199 0.183 2.772 0.000 0.000 0.569 0.590 
1 test2fip_inconsistent right_hidden
0.000 3.926 1.750 0.000 2.138 0.000 1.355 0.000 0.000 0.348 0.671 0.000 0.129 1.948 1.222 3.176 0.000 0.000 0.548 0.306 
---
0 test2fip_consistent left_hidden
0.000 0.000 0.041 0.000 0.000 0.000 0.905 0.000 1.592 1.632 0.000 1.963 0.000 2.897 1.121 0.000 0.786 0.000 3.993 0.000 
0 test2fip_consistent right_hidden
1.907 0.377 0.100 0.000 0.000 0.000 0.000 0.000 0.688 0.000 0.000 2.888 0.000 0.308 0.000 0.000 0.000 0.113 1.522 0.000 
---
1 test2fip_inconsistent left_hidden
0.000 0.000 0.041 0.000 0.000 0.000 0.905 0.000 1.592 1.632 0.000 1.963 0.000 2.897 1.121 0.000 0.786 0.000 3.993 0.000 
1 test2fip_inconsistent right_hidden
1.495 0.000 0.000 0.000 0.000 0.090 0.000 0.000 1.683 2.861 0.000 3.246 0.000 1.882 0.606 0.000 1.214 0.000 3.200 0.000 
---
0 test2fip_consistent left_hidden
0.818 3.395 0.000 0.000 0.000 3.544 0.000 1.402 1.824 0.000 0.000 1.632 0.230 0.725 0.000 0.000 0.435 0.000 0.000 0.000 
0 test2fip_consistent right_hidden
1.226 0.089 0.000 0.000 0.806 0.000 0.431 1.835 0.024 0.000 0.659 0.375 0.000 0.000 0.827 1.461 2.379 1.662 0.005 0.302 
---
1 test2fip_inconsistent left_hidden
0.818 3.395 0.000 0.000 0.000 3.544 0.000 1.402 1.824 0.000 0.000 1.632 0.230 0.725 0.000 0.000 0.435 0.000 0.000 0.000 
1 test2fip_inconsistent right_hidden
2.115 3.078 0.000 0.000 0.170 2.871 0.299 1.530 1.505 0.000 0.438 1.085 0.000 0.000 0.821 0.890 2.817 1.194 0.000 0.000 
---
0 test2fip_consistent left_hidden
2.667 0.000 0.000 0.000 0.000 0.000 4.247 0.556 0.000 0.561 0.194 0.000 0.000 0.500 2.174 0.000 0.000 0.748 0.759 0.000 
0 test2fip_consistent right_hidden
0.320 0.387 0.534 1.613 0.029 0.000 1.955 0.000 0.000 0.601 0.820 0.275 0.000 2.702 0.186 0.000 0.000 0.000 0.000 0.002 
---
1 test2fip_inconsistent left_hidden
2.667 0.000 0.000 0.000 0.000 0.000 4.247 0.556 0.000 0.561 0.194 0.000 0.000 0.500 2.174 0.000 0.000 0.748 0.759 0.000 
1 test2fip_inconsistent right_hidden
1.098 0.355 0.000 0.734 0.000 0.000 4.401 0.000 0.000 0.602 0.513 0.293 0.000 3.042 2.797 0.000 0.000 0.000 2.147 0.000 
---
0 test2fip_consistent left_hidden
2.653 0.613 0.000 0.000 0.482 0.142 0.000 0.000 0.000 2.988 0.000 2.036 0.000 0.000 2.149 0.000 0.654 0.711 0.000 0.342 
0 test2fip_consistent right_hidden
0.961 0.007 1.189 1.144 1.924 1.641 0.000 0.000 0.706 1.647 0.000 0.000 0.000 0.961 0.077 0.000 0.140 0.176 0.070 0.000 
---
1 test2fip_inconsistent left_hidden
2.653 0.613 0.000 0.000 0.482 0.142 0.000 0.000 0.000 2.988 0.000 2.036 0.000 0.000 2.149 0.000 0.654 0.711 0.000 0.342 
1 test2fip_inconsistent right_hidden
2.988 1.057 0.000 0.865 0.628 1.430 0.000 0.000 0.558 4.199 0.000 1.977 0.000 0.473 1.956 0.000 0.214 0.205 0.000 0.000 
---
0 test2fip_consistent left_hidden
0.000 0.000 0.000 4.162 2.093 0.667 0.000 0.144 0.000 0.664 0.000 0.000 0.817 0.000 3.091 0.000 2.100 0.000 0.300 0.000 
0 test2fip_consistent right_hidden
0.000 0.000 0.000 1.055 0.000 2.450 0.000 0.190 0.000 1.808 0.000 0.000 1.727 0.533 0.393 0.000 0.352 1.836 0.082 0.000 
---
1 test2fip_inconsistent left_hidden
0.000 0.000 0.000 4.162 2.093 0.667 0.000 0.144 0.000 0.664 0.000 0.000 0.817 0.000 3.091 0.000 2.100 0.000 0.300 0.000 
1 test2fip_inconsistent right_hidden
0.000 0.000 0.000 4.713 0.095 1.657 0.000 0.000 0.000 1.102 0.000 0.000 1.692 0.244 2.657 0.000 1.640 1.519 0.482 0.000 
---
0 test2fip_consistent left_hidden
0.000 0.000 0.000 0.103 2.563 0.000 0.179 0.082 0.000 4.104 2.453 2.595 0.000 0.000 0.000 0.000 0.000 0.029 0.000 0.000 
0 test2fip_consistent right_hidden
0.000 0.000 0.269 0.249 0.453 0.000 2.043 1.796 1.105 0.531 0.553 0.913 0.000 1.793 0.000 0.000 0.157 2.043 0.005 0.000 
---
1 test2fip_inconsistent left_hidden
0.000 0.000 0.000 0.103 2.563 0.000 0.179 0.082 0.000 4.104 2.453 2.595 0.000 0.000 0.000 0.000 0.000 0.029 0.000 0.000 
1 test2fip_inconsistent right_hidden
0.000 0.000 0.352 0.000 2.867 0.000 1.484 2.124 0.133 3.744 2.475 1.742 0.000 0.000 0.000 0.039 1.250 1.352 0.000 0.000 
---
0 test2fip_consistent left_hidden
0.197 1.605 0.000 0.000 2.684 0.000 2.022 1.499 0.000 0.185 1.896 0.000 0.000 0.516 2.392 0.000 0.000 1.432 1.085 0.000 
0 test2fip_consistent right_hidden
0.000 0.000 0.000 0.000 0.814 0.000 0.000 1.957 0.000 0.000 1.105 0.000 0.000 0.000 0.585 2.798 0.349 1.116 0.000 1.104 
---
1 test2fip_inconsistent left_hidden
0.197 1.605 0.000 0.000 2.684 0.000 2.022 1.499 0.000 0.185 1.896 0.000 0.000 0.516 2.392 0.000 0.000 1.432 1.085 0.000 
1 test2fip_inconsistent right_hidden
0.000 1.858 0.000 0.000 2.532 0.000 1.096 2.791 0.000 0.310 2.627 0.000 0.000 0.000 2.984 2.210 0.000 0.122 1.265 0.717 
---
0 test2fip_consistent left_hidden
0.000 0.255 1.161 0.000 0.839 0.842 0.000 1.376 1.789 2.283 0.251 0.900 0.000 0.000 0.000 3.619 0.161 0.000 2.547 0.000 
0 test2fip_consistent right_hidden
0.000 0.186 2.837 0.000 0.000 0.000 0.878 0.846 1.154 0.690 0.000 1.383 0.000 0.000 0.971 0.130 0.960 1.361 0.386 0.000 
---
1 test2fip_inconsistent left_hidden
0.000 0.255 1.161 0.000 0.839 0.842 0.000 1.376 1.789 2.283 0.251 0.900 0.000 0.000 0.000 3.619 0.161 0.000 2.547 0.000 
1 test2fip_inconsistent right_hidden
0.000 0.000 2.157 0.000 0.000 0.000 0.576 1.116 2.234 3.107 0.000 1.196 0.000 0.000 0.000 2.844 0.640 0.748 3.496 0.000 
---
0 test2fip_consistent left_hidden
0.000 0.000 1.920 0.279 1.071 2.049 0.000 0.000 0.000 1.390 0.580 0.932 0.412 1.405 0.403 0.000 0.000 1.364 4.323 0.000 
0 test2fip_consistent right_hidden
0.000 0.000 0.090 1.337 3.084 0.000 0.000 0.679 0.000 0.000 0.031 1.026 0.000 0.000 0.000 0.000 0.506 0.000 1.528 0.000 
---
1 test2fip_inconsistent left_hidden
0.000 0.000 1.920 0.279 1.071 2.049 0.000 0.000 0.000 1.390 0.580 0.932 0.412 1.405 0.403 0.000 0.000 1.364 4.323 0.000 
1 test2fip_inconsistent right_hidden
0.000 0.000 2.204 0.518 2.190 0.079 0.000 0.000 0.000 0.000 0.000 2.103 0.000 0.000 0.000 0.000 0.330 0.000 5.105 0.000 
---
0 test2fip_consistent left_hidden
0.997 0.527 0.000 2.648 0.000 3.215 0.000 1.759 0.305 0.000 1.083 0.000 0.000 0.000 0.000 1.588 0.391 0.000 1.784 0.269 
0 test2fip_consistent right_hidden
0.631 0.000 0.051 1.012 1.232 0.060 0.053 2.062 1.482 0.000 0.184 2.542 0.000 0.000 0.000 0.596 0.000 0.008 0.000 0.045 
---
1 test2fip_inconsistent left_hidden
0.997 0.527 0.000 2.648 0.000 3.215 0.000 1.759 0.305 0.000 1.083 0.000 0.000 0.000 0.000 1.588 0.391 0.000 1.784 0.269 
1 test2fip_inconsistent right_hidden
1.812 0.000 0.001 2.592 0.000 1.477 0.000 3.324 1.251 0.000 2.302 1.930 0.000 0.000 0.000 0.727 0.206 0.000 2.276 0.000 
---
0 test2fip_consistent left_hidden
0.000 0.000 0.212 1.299 0.000 0.004 0.000 0.000 1.773 0.000 0.000 0.000 0.000 0.000 0.000 0.154 0.000 6.140 0.029 0.025 
0 test2fip_consistent right_hidden
0.000 0.000 3.183 0.816 0.000 0.835 0.000 0.000 0.139 2.249 0.129 0.000 0.000 0.000 0.051 0.000 0.000 1.058 0.000 0.105 
---
1 test2fip_inconsistent left_hidden
0.000 0.000 0.212 1.299 0.000 0.004 0.000 0.000 1.773 0.000 0.000 0.000 0.000 0.000 0.000 0.154 0.000 6.140 0.029 0.025 
1 test2fip_inconsistent right_hidden
0.000 0.000 2.627 0.139 0.000 2.596 0.000 0.000 2.100 1.469 0.000 0.000 0.000 0.000 0.000 0.000 0.000 4.653 1.242 0.820 
---
0 test2fip_consistent left_hidden
0.739 0.042 0.000 0.000 0.364 2.868 0.132 0.000 0.000 0.000 0.670 2.914 1.102 2.570 0.000 0.318 0.922 2.263 0.000 0.000 
0 test2fip_consistent right_hidden
0.505 0.000 2.194 0.000 0.408 0.217 1.544 0.000 0.897 0.342 1.711 0.000 0.340 0.800 0.000 1.435 0.000 0.274 0.000 1.547 
---
1 test2fip_inconsistent left_hidden
0.739 0.042 0.000 0.000 0.364 2.868 0.132 0.000 0.000 0.000 0.670 2.914 1.102 2.570 0.000 0.318 0.922 2.263 0.000 0.000 
1 test2fip_inconsistent right_hidden
2.050 0.000 3.087 0.000 0.395 2.313 1.170 0.000 0.530 0.325 1.106 1.885 0.291 3.171 0.000 0.559 0.000 2.222 0.000 1.538 
---
0 test2fip_consistent left_hidden
3.159 1.445 0.000 0.000 0.000 0.000 0.000 3.257 0.000 0.000 0.001 0.000 0.155 0.310 0.000 2.723 2.108 0.000 0.000 0.028 
0 test2fip_consistent right_hidden
0.068 0.000 0.068 0.000 2.233 0.000 0.000 0.502 0.004 2.537 0.529 0.000 1.067 0.259 0.474 1.456 0.261 0.250 0.000 0.000 
---
1 test2fip_inconsistent left_hidden
3.159 1.445 0.000 0.000 0.000 0.000 0.000 3.257 0.000 0.000 0.001 0.000 0.155 0.310 0.000 2.723 2.108 0.000 0.000 0.028 
1 test2fip_inconsistent right_hidden
3.473 0.000 0.000 0.000 1.469 0.000 0.000 2.897 0.000 1.731 0.517 0.000 1.117 0.069 0.362 3.370 0.639 0.000 0.000 0.000 
---
0 test2fip_consistent left_hidden
0.000 0.000 3.062 0.000 0.000 0.000 3.404 1.336 0.000 0.000 0.000 0.940 0.000 2.066 0.000 1.309 0.000 0.000 0.822 2.008 
0 test2fip_consistent right_hidden
0.000 0.000 1.509 0.000 0.300 0.000 0.064 0.000 0.000 0.000 0.000 0.000 0.000 0.817 0.000 0.488 0.477 2.358 2.464 1.240 
---
1 test2fip_inconsistent left_hidden
0.000 0.000 3.062 0.000 0.000 0.000 3.404 1.336 0.000 0.000 0.000 0.940 0.000 2.066 0.000 1.309 0.000 0.000 0.822 2.008 
1 test2fip_inconsistent right_hidden
0.000 0.000 3.529 0.000 0.291 0.000 2.826 1.574 0.000 0.000 0.000 1.122 0.000 2.053 0.000 1.693 0.303 0.904 2.987 2.106 
---
0 test2fip_consistent left_hidden
0.000 0.000 0.000 0.000 0.314 0.000 0.000 0.000 0.000 0.000 3.564 0.000 1.677 0.065 3.680 0.270 0.262 1.630 0.000 0.366 
0 test2fip_consistent right_hidden
0.433 0.846 0.000 0.000 0.000 0.600 2.418 0.035 0.000 0.000 1.259 0.000 0.378 1.185 0.000 0.912 0.000 1.391 0.000 2.221 
---
1 test2fip_inconsistent left_hidden
0.000 0.000 0.000 0.000 0.314 0.000 0.000 0.000 0.000 0.000 3.564 0.000 1.677 0.065 3.680 0.270 0.262 1.630 0.000 0.366 
1 test2fip_inconsistent right_hidden
0.000 0.416 0.000 0.000 0.000 0.358 0.454 0.000 0.000 0.000 4.704 0.000 1.666 0.854 2.410 0.800 0.151 2.272 0.000 1.307 
---
0 test2fip_consistent left_hidden
0.006 1.882 0.000 0.173 1.179 3.165 0.042 0.000 0.000 0.021 1.162 0.277 2.345 0.000 3.093 2.288 0.267 1.385 0.000 0.000 
0 test2fip_consistent right_hidden
0.151 1.337 0.000 0.192 0.321 0.000 1.359 0.000 0.000 0.322 0.901 1.103 0.000 0.000 0.345 2.182 1.644 1.554 0.952 0.000 
---
1 test2fip_inconsistent left_hidden
0.006 1.882 0.000 0.173 1.179 3.165 0.042 0.000 0.000 0.021 1.162 0.277 2.345 0.000 3.093 2.288 0.267 1.385 0.000 0.000 
1 test2fip_inconsistent right_hidden
0.372 1.327 0.000 0.204 1.378 2.368 1.182 0.000 1.004 0.305 1.583 0.790 1.867 0.000 2.586 1.534 1.025 2.984 1.085 0.000 
---
0 test2fip_consistent left_hidden
2.353 1.791 0.000 0.000 0.277 0.000 0.000 2.170 0.000 0.465 0.000 0.000 1.496 1.690 0.000 3.194 1.384 0.368 0.000 2.252 
0 test2fip_consistent right_hidden
0.035 0.471 0.422 0.000 0.147 1.297 1.344 0.051 0.987 1.239 0.000 0.125 0.000 0.127 0.000 0.076 0.585 0.648 1.561 1.437 
---
1 test2fip_inconsistent left_hidden
2.353 1.791 0.000 0.000 0.277 0.000 0.000 2.170 0.000 0.465 0.000 0.000 1.496 1.690 0.000 3.194 1.384 0.368 0.000 2.252 
1 test2fip_inconsistent right_hidden
2.120 2.562 0.000 0.000 0.607 0.836 0.309 2.450 1.569 0.988 0.000 0.000 0.131 0.558 0.000 2.417 0.871 0.636 1.176 2.166 
---
0 test2fip_consistent left_hidden
2.440 1.969 2.355 2.021 0.000 0.000 0.179 0.000 0.000 0.081 0.859 0.631 0.000 2.709 0.432 0.000 1.946 0.000 1.518 0.000 
0 test2fip_consistent right_hidden
0.679 0.814 0.754 1.424 1.311 0.000 1.966 0.000 0.000 1.192 0.000 0.644 0.000 0.000 0.000 0.000 0.164 0.749 0.012 1.602 
---
1 test2fip_inconsistent left_hidden
2.440 1.969 2.355 2.021 0.000 0.000 0.179 0.000 0.000 0.081 0.859 0.631 0.000 2.709 0.432 0.000 1.946 0.000 1.518 0.000 
1 test2fip_inconsistent right_hidden
1.582 4.034 3.055 2.130 0.743 0.000 1.087 0.000 0.000 0.173 0.417 1.425 0.000 1.199 0.287 0.000 1.581 0.000 0.954 1.184 
---
0 test2fip_consistent left_hidden
0.000 0.435 2.724 0.532 0.000 0.166 0.851 1.972 1.039 1.780 0.105 0.000 0.000 0.000 0.000 0.661 0.349 0.000 3.151 0.712 
0 test2fip_consistent right_hidden
0.000 2.485 0.392 0.145 1.160 0.010 0.066 0.955 1.179 1.132 0.363 1.284 0.295 0.632 0.061 0.455 1.090 0.000 0.112 0.324 
---
1 test2fip_inconsistent left_hidden
0.000 0.435 2.724 0.532 0.000 0.166 0.851 1.972 1.039 1.780 0.105 0.000 0.000 0.000 0.000 0.661 0.349 0.000 3.151 0.712 
1 test2fip_inconsistent right_hidden
0.000 2.419 2.879 0.330 0.678 0.005 1.174 2.418 1.077 2.084 1.091 0.349 0.351 0.253 0.000 1.571 1.394 0.000 3.219 0.799 
---
0 test2fip_consistent left_hidden
0.000 0.066 0.000 0.204 0.000 0.249 0.354 0.851 0.000 0.000 0.000 2.542 0.017 1.648 2.985 0.368 0.851 0.000 4.050 0.000 
0 test2fip_consistent right_hidden
1.633 0.000 0.000 0.000 1.891 1.774 0.966 0.000 1.329 0.110 0.467 0.609 0.000 0.000 1.342 0.000 0.135 0.000 0.000 0.000 
---
1 test2fip_inconsistent left_hidden
0.000 0.066 0.000 0.204 0.000 0.249 0.354 0.851 0.000 0.000 0.000 2.542 0.017 1.648 2.985 0.368 0.851 0.000 4.050 0.000 
1 test2fip_inconsistent right_hidden
0.120 0.000 0.000 0.000 1.575 1.479 0.387 0.000 0.998 0.073 0.669 1.728 0.000 2.216 3.002 0.000 1.327 0.000 3.457 0.000 
---
0 test2fip_consistent left_hidden
1.218 3.482 0.606 0.000 0.000 0.000 0.719 0.000 0.000 3.250 1.588 0.000 1.199 0.232 0.000 0.000 0.321 0.000 0.070 0.934 
0 test2fip_consistent right_hidden
0.143 1.255 0.117 1.286 1.011 0.000 0.000 0.000 0.000 0.013 2.055 1.891 0.013 0.000 0.926 0.465 0.000 0.000 1.146 0.768 
---
1 test2fip_inconsistent left_hidden
1.218 3.482 0.606 0.000 0.000 0.000 0.719 0.000 0.000 3.250 1.588 0.000 1.199 0.232 0.000 0.000 0.321 0.000 0.070 0.934 
1 test2fip_inconsistent right_hidden
1.066 3.808 1.122 0.000 0.658 0.000 0.000 0.000 0.000 2.662 2.816 1.364 1.899 0.000 0.000 0.000 0.000 0.000 1.024 1.904 
---
0 test2fip_consistent left_hidden
0.000 0.373 0.381 1.024 0.000 0.000 1.865 0.000 1.846 0.000 0.827 0.000 0.000 0.011 0.776 0.000 0.706 2.264 3.183 2.268 
0 test2fip_consistent right_hidden
0.000 0.701 1.963 0.000 0.000 0.000 0.006 1.974 0.000 0.000 0.470 0.098 0.340 0.376 0.020 0.345 0.173 1.544 0.096 1.417 
---
1 test2fip_inconsistent left_hidden
0.000 0.373 0.381 1.024 0.000 0.000 1.865 0.000 1.846 0.000 0.827 0.000 0.000 0.011 0.776 0.000 0.706 2.264 3.183 2.268 
1 test2fip_inconsistent right_hidden
0.000 0.421 1.843 0.000 0.154 0.000 2.035 1.480 0.814 0.000 0.311 0.000 0.235 0.807 0.122 0.252 1.052 2.632 3.292 3.457 
---
0 test2fip_consistent left_hidden
0.000 0.000 1.118 0.160 1.493 2.356 0.616 0.000 1.847 0.897 0.000 1.843 0.454 3.402 1.080 0.000 0.000 0.000 0.000 2.260 
0 test2fip_consistent right_hidden
0.365 0.000 0.000 0.216 0.710 0.000 0.000 0.666 1.085 0.637 1.024 3.528 0.000 0.000 0.000 0.000 0.512 0.000 0.000 0.000 
---
1 test2fip_inconsistent left_hidden
0.000 0.000 1.118 0.160 1.493 2.356 0.616 0.000 1.847 0.897 0.000 1.843 0.454 3.402 1.080 0.000 0.000 0.000 0.000 2.260 
1 test2fip_inconsistent right_hidden
0.652 0.000 0.120 0.113 1.540 2.254 0.000 0.000 1.866 0.000 0.040 4.266 0.000 2.678 1.422 0.000 0.000 0.000 0.000 0.000 
---
0 test2fip_consistent left_hidden
3.633 0.000 0.910 0.000 0.000 0.000 0.204 3.396 3.448 0.000 0.000 0.000 0.000 0.000 0.000 0.382 0.031 0.081 0.000 0.067 
0 test2fip_consistent right_hidden
0.445 1.155 1.144 1.128 0.960 1.237 1.354 1.360 0.344 0.000 0.000 1.688 0.364 0.000 0.000 0.000 0.664 0.813 0.828 0.971 
---
1 test2fip_inconsistent left_hidden
3.633 0.000 0.910 0.000 0.000 0.000 0.204 3.396 3.448 0.000 0.000 0.000 0.000 0.000 0.000 0.382 0.031 0.081 0.000 0.067 
1 test2fip_inconsistent right_hidden
3.970 0.870 0.826 0.100 0.926 1.920 0.416 2.409 2.864 0.000 0.000 0.855 0.000 0.000 0.000 0.000 0.274 0.103 0.651 1.266 
---
0 test2fip_consistent left_hidden
4.444 0.515 0.000 0.000 0.558 0.000 0.000 0.547 0.250 0.000 1.133 0.628 0.208 0.159 0.890 0.092 1.522 0.000 1.805 2.098 
0 test2fip_consistent right_hidden
0.614 0.000 0.000 0.000 0.463 1.528 1.092 0.089 2.512 0.000 1.043 0.000 0.269 0.000 0.919 1.142 0.108 0.000 0.016 0.168 
---
1 test2fip_inconsistent left_hidden
4.444 0.515 0.000 0.000 0.558 0.000 0.000 0.547 0.250 0.000 1.133 0.628 0.208 0.159 0.890 0.092 1.522 0.000 1.805 2.098 
1 test2fip_inconsistent right_hidden
4.799 0.000 0.000 0.000 1.189 0.780 0.407 0.316 1.749 0.000 2.113 0.000 0.114 0.000 2.191 0.477 0.522 0.000 0.615 1.729 
---
0 test2fip_consistent left_hidden
0.000 0.585 1.070 0.000 1.063 0.000 1.961 0.000 0.568 2.903 0.000 0.000 2.069 2.390 0.000 0.572 0.412 0.000 0.255 0.306 
0 test2fip_consistent right_hidden
0.840 2.457 0.000 0.000 0.000 0.000 1.498 0.000 0.000 0.000 0.072 0.668 0.732 0.000 0.000 0.000 0.694 0.000 1.778 1.679 
---
1 test2fip_inconsistent left_hidden
0.000 0.585 1.070 0.000 1.063 0.000 1.961 0.000 0.568 2.903 0.000 0.000 2.069 2.390 0.000 0.572 0.412 0.000 0.255 0.306 
1 test2fip_inconsistent right_hidden
0.000 2.909 0.301 0.000 0.799 0.000 1.924 0.000 0.000 3.094 0.000 0.403 2.439 2.404 0.000 0.000 0.289 0.000 1.741 1.445 
---
0 test2fip_consistent left_hidden
1.791 0.000 0.000 1.632 1.590 0.000 1.587 0.000 2.147 0.000 0.000 2.011 0.000 0.000 0.652 1.769 1.293 0.000 0.000 1.008 
0 test2fip_consistent right_hidden
0.552 0.000 0.000 0.956 0.099 0.026 0.062 0.506 2.379 0.133 0.736 0.000 0.000 0.000 0.636 0.142 1.438 0.136 0.000 1.702 
---
1 test2fip_inconsistent left_hidden
1.791 0.000 0.000 1.632 1.590 0.000 1.587 0.000 2.147 0.000 0.000 2.011 0.000 0.000 0.652 1.769 1.293 0.000 0.000 1.008 
1 test2fip_inconsistent right_hidden
2.588 0.000 0.000 1.177 0.951 0.000 2.649 1.815 2.671 0.000 0.133 2.034 0.000 0.000 0.645 1.551 1.373 0.000 0.000 1.448 
---
0 test2fip_consistent left_hidden
0.000 0.000 0.000 1.894 0.529 0.000 0.000 2.109 2.022 2.383 2.808 0.000 0.000 0.451 2.229 1.857 0.000 0.015 0.514 0.000 
0 test2fip_consistent right_hidden
0.000 0.000 0.000 0.000 0.000 0.000 1.573 0.426 0.000 0.960 0.256 0.000 0.661 3.742 1.669 1.252 0.000 0.000 0.063 0.000 
---
1 test2fip_inconsistent left_hidden
0.000 0.000 0.000 1.894 0.529 0.000 0.000 2.109 2.022 2.383 2.808 0.000 0.000 0.451 2.229 1.857 0.000 0.015 0.514 0.000 
1 test2fip_inconsistent right_hidden
0.000 0.000 0.000 1.367 0.000 0.025 1.484 1.276 2.114 2.368 2.927 0.000 0.691 2.256 3.366 2.003 0.000 0.000 0.387 0.000 
---
0 test2fip_consistent left_hidden
0.000 1.564 0.000 0.000 0.000 0.000 0.000 0.000 0.000 0.361 0.000 1.541 3.946 0.124 0.000 3.484 0.194 0.000 0.000 0.000 
0 test2fip_consistent right_hidden
0.337 1.635 1.044 0.081 0.000 0.000 0.000 0.000 0.000 0.037 0.026 1.374 0.238 2.825 0.000 0.933 0.000 0.000 0.817 0.000 
---
1 test2fip_inconsistent left_hidden
0.000 1.564 0.000 0.000 0.000 0.000 0.000 0.000 0.000 0.361 0.000 1.541 3.946 0.124 0.000 3.484 0.194 0.000 0.000 0.000 
1 test2fip_inconsistent right_hidden
0.952 3.027 0.470 0.000 0.000 0.000 0.000 0.000 0.000 0.184 0.000 2.353 3.473 2.165 0.000 3.766 0.000 0.000 0.570 0.000 
---
0 test2fip_consistent left_hidden
0.730 0.223 0.136 0.008 1.852 0.000 0.000 0.000 2.519 2.402 1.859 1.542 0.918 2.814 0.000 0.000 1.561 0.000 1.578 0.000 
0 test2fip_consistent right_hidden
0.814 2.284 0.789 0.020 0.390 1.937 0.000 0.004 1.271 0.083 1.304 0.003 0.038 0.820 0.669 0.000 0.445 0.000 0.264 0.703 
---
1 test2fip_inconsistent left_hidden
0.730 0.223 0.136 0.008 1.852 0.000 0.000 0.000 2.519 2.402 1.859 1.542 0.918 2.814 0.000 0.000 1.561 0.000 1.578 0.000 
1 test2fip_inconsistent right_hidden
0.629 1.206 0.426 0.000 1.648 1.362 0.000 1.100 3.026 1.885 2.393 1.818 0.000 2.226 0.000 0.000 2.317 0.000 1.691 0.494 
---
0 test2fip_consistent left_hidden
2.170 0.000 0.027 0.966 0.713 0.000 0.000 1.324 0.000 0.000 0.771 0.000 0.000 0.000 0.546 0.000 2.811 1.734 3.310 2.500 
0 test2fip_consistent right_hidden
0.561 0.000 1.656 0.000 0.986 0.000 0.974 0.000 0.000 0.000 0.316 1.923 0.000 0.361 1.613 0.000 0.214 1.506 0.563 1.773 
---
1 test2fip_inconsistent left_hidden
2.170 0.000 0.027 0.966 0.713 0.000 0.000 1.324 0.000 0.000 0.771 0.000 0.000 0.000 0.546 0.000 2.811 1.734 3.310 2.500 
1 test2fip_inconsistent right_hidden
3.982 0.000 1.081 0.000 0.217 0.000 0.355 0.138 0.000 0.000 2.023 1.582 0.000 0.446 1.509 0.000 1.321 0.762 2.614 3.410 
---
0 test2fip_consistent left_hidden
0.036 1.841 0.000 0.212 0.000 0.000 0.021 0.000 0.000 0.000 2.681 0.995 0.000 0.102 0.000 3.251 0.087 0.732 2.429 1.683 
0 test2fip_consistent right_hidden
0.000 2.295 0.000 0.352 0.229 1.133 0.000 0.000 0.000 0.000 0.007 0.063 0.000 1.199 2.003 1.658 0.834 0.492 0.000 0.027 
---
1 test2fip_inconsistent left_hidden
0.036 1.841 0.000 0.212 0.000 0.000 0.021 0.000 0.000 0.000 2.681 0.995 0.000 0.102 0.000 3.251 0.087 0.732 2.429 1.683 
1 test2fip_inconsistent right_hidden
0.000 2.429 0.000 0.000 0.000 0.000 0.000 0.000 0.000 0.000 2.478 0.107 0.000 1.047 0.696 4.692 0.095 0.976 2.305 0.677 
---
0 test2fip_consistent left_hidden
1.578 0.850 0.892 0.000 1.222 0.000 0.000 0.000 0.000 0.000 0.909 5.157 0.000 0.395 0.000 0.000 0.785 0.000 0.172 0.000 
0 test2fip_consistent right_hidden
1.327 0.075 0.055 1.757 1.531 0.000 0.000 0.009 1.203 0.000 0.043 0.054 0.886 2.054 0.000 0.415 1.088 0.018 1.156 0.000 
---
1 test2fip_inconsistent left_hidden
1.578 0.850 0.892 0.000 1.222 0.000 0.000 0.000 0.000 0.000 0.909 5.157 0.000 0.395 0.000 0.000 0.785 0.000 0.172 0.000 
1 test2fip_inconsistent right_hidden
2.310 0.000 0.000 0.523 2.165 0.000 0.000 0.000 0.474 0.000 1.060 4.393 0.691 2.455 0.000 0.371 0.250 0.000 1.014 0.000 
---
0 test2fip_consistent left_hidden
0.962 1.105 0.859 1.842 2.427 0.000 0.000 1.174 1.730 0.000 2.133 0.000 0.995 0.000 0.000 2.258 0.000 0.000 0.070 0.001 
0 test2fip_consistent right_hidden
0.000 0.000 0.720 0.508 0.258 0.000 0.000 2.144 1.350 0.000 0.000 0.838 0.134 1.484 0.005 1.882 0.000 0.000 0.000 0.293 
---
1 test2fip_inconsistent left_hidden
0.962 1.105 0.859 1.842 2.427 0.000 0.000 1.174 1.730 0.000 2.133 0.000 0.995 0.000 0.000 2.258 0.000 0.000 0.070 0.001 
1 test2fip_inconsistent right_hidden
0.592 0.000 0.982 2.544 2.195 0.000 0.103 2.486 0.601 0.000 1.889 1.036 0.097 0.308 0.000 3.469 0.000 0.000 0.886 0.000 
---
0 test2fip_consistent left_hidden
0.000 0.434 0.000 0.821 1.781 0.522 0.134 0.000 2.616 2.182 0.000 2.305 0.000 1.757 0.665 0.000 0.000 0.000 0.981 3.559 
0 test2fip_consistent right_hidden
0.000 0.765 0.000 0.000 0.000 1.199 1.484 0.000 0.562 0.000 1.150 0.194 0.000 1.051 1.619 0.000 1.720 1.292 0.038 0.968 
---
1 test2fip_inconsistent left_hidden
0.000 0.434 0.000 0.821 1.781 0.522 0.134 0.000 2.616 2.182 0.000 2.305 0.000 1.757 0.665 0.000 0.000 0.000 0.981 3.559 
1 test2fip_inconsistent right_hidden
0.000 1.166 0.000 0.316 0.895 0.845 1.115 0.000 2.546 2.351 0.884 2.324 0.000 1.684 1.495 0.000 1.299 1.533 1.236 2.815 
---
0 test2fip_consistent left_hidden
0.000 1.252 0.114 0.339 2.213 0.000 0.000 0.000 1.248 1.011 0.391 3.521 1.235 0.000 0.000 1.269 0.000 0.000 1.629 0.589 
0 test2fip_consistent right_hidden
0.074 1.212 0.888 0.239 0.032 1.316 0.000 1.484 2.287 0.404 0.586 0.089 0.000 0.000 0.056 1.455 0.000 0.000 0.118 0.606 
---
1 test2fip_inconsistent left_hidden
0.000 1.252 0.114 0.339 2.213 0.000 0.000 0.000 1.248 1.011 0.391 3.521 1.235 0.000 0.000 1.269 0.000 0.000 1.629 0.589 
1 test2fip_inconsistent right_hidden
1.057 1.341 0.582 0.087 1.618 1.029 0.000 1.435 1.593 2.154 0.949 3.371 0.171 0.000 0.000 2.477 0.000 0.000 2.321 0.281 
---
0 test2fip_consistent left_hidden
1.219 3.207 3.269 0.000 0.185 0.001 0.362 0.000 0.193 0.000 0.000 0.000 1.645 0.000 0.000 1.514 1.640 1.226 0.000 0.000 
0 test2fip_consistent right_hidden
0.170 0.000 2.364 0.000 0.000 2.126 2.264 0.438 0.000 0.521 0.202 0.049 0.000 0.003 0.000 0.000 1.182 0.111 0.000 0.000 
---
1 test2fip_inconsistent left_hidden
1.219 3.207 3.269 0.000 0.185 0.001 0.362 0.000 0.193 0.000 0.000 0.000 1.645 0.000 0.000 1.514 1.640 1.226 0.000 0.000 
1 test2fip_inconsistent right_hidden
1.542 1.651 4.485 0.000 0.000 1.488 0.708 0.182 0.099 0.449 0.528 0.000 0.000 0.000 1.881 1.032 2.616 0.151 0.000 0.000 
---
0 test2fip_consistent left_hidden
0.000 0.883 0.000 0.412 0.000 0.000 0.000 0.104 0.728 2.145 2.519 3.244 2.915 1.507 0.000 0.000 0.000 0.000 0.633 0.000 
0 test2fip_consistent right_hidden
0.000 0.082 0.000 0.000 0.000 0.601 0.000 0.000 1.669 1.061 0.000 0.000 1.219 0.082 0.599 0.000 0.434 0.000 1.849 2.046 
---
1 test2fip_inconsistent left_hidden
0.000 0.883 0.000 0.412 0.000 0.000 0.000 0.104 0.728 2.145 2.519 3.244 2.915 1.507 0.000 0.000 0.000 0.000 0.633 0.000 
1 test2fip_inconsistent right_hidden
0.000 1.465 0.000 0.000 0.000 0.000 0.000 0.000 2.181 2.245 1.420 2.815 3.554 0.878 1.304 0.000 0.000 0.000 1.222 1.604 
---
0 test2fip_consistent left_hidden
0.592 0.796 0.943 0.000 0.000 0.535 0.000 1.235 2.628 1.370 0.859 3.055 0.811 0.088 0.958 0.000 0.000 2.553 1.407 0.000 
0 test2fip_consistent right_hidden
1.735 0.159 0.213 0.000 0.724 0.983 0.484 0.949 0.515 0.398 0.851 0.185 1.858 1.397 1.168 0.000 0.000 0.141 0.319 0.000 
---
1 test2fip_inconsistent left_hidden
0.592 0.796 0.943 0.000 0.000 0.535 0.000 1.235 2.628 1.370 0.859 3.055 0.811 0.088 0.958 0.000 0.000 2.553 1.407 0.000 
1 test2fip_inconsistent right_hidden
1.189 0.702 1.384 0.000 0.100 1.735 0.042 2.087 2.205 0.067 2.211 1.971 1.832 0.892 0.744 0.000 0.000 2.420 1.580 0.000 
---
0 test2fip_consistent left_hidden
1.776 0.074 0.445 1.850 0.000 1.495 1.652 0.000 0.000 0.000 1.053 1.618 1.622 0.001 1.590 0.000 0.000 0.810 0.000 0.113 
0 test2fip_consistent right_hidden
1.279 0.052 1.326 0.000 0.585 0.924 0.726 0.000 0.970 0.000 0.000 0.196 0.000 0.021 1.743 1.572 0.000 0.000 1.129 0.000 
---
1 test2fip_inconsistent left_hidden
1.776 0.074 0.445 1.850 0.000 1.495 1.652 0.000 0.000 0.000 1.053 1.618 1.622 0.001 1.590 0.000 0.000 0.810 0.000 0.113 
1 test2fip_inconsistent right_hidden
2.851 0.774 1.140 1.789 0.305 1.695 2.457 0.000 0.507 0.000 1.906 1.213 1.720 0.000 2.649 0.953 0.000 0.000 0.912 0.000 
---
0 test2fip_consistent left_hidden
0.358 0.000 0.649 1.457 0.000 1.211 2.661 1.941 0.356 0.303 0.000 0.000 0.000 0.004 0.000 1.777 3.046 1.276 1.056 0.000 
0 test2fip_consistent right_hidden
2.150 0.886 0.257 1.282 0.000 0.000 0.000 0.000 0.976 0.000 0.059 0.000 0.739 0.529 0.339 0.267 1.623 0.037 1.850 0.305 
---
1 test2fip_inconsistent left_hidden
0.358 0.000 0.649 1.457 0.000 1.211 2.661 1.941 0.356 0.303 0.000 0.000 0.000 0.004 0.000 1.777 3.046 1.276 1.056 0.000 
1 test2fip_inconsistent right_hidden
1.425 0.000 0.619 2.777 0.000 0.000 2.889 2.431 0.206 0.000 0.000 0.000 0.000 0.229 0.000 1.906 3.406 0.925 2.142 0.000 
---
0 test2fip_consistent left_hidden
0.000 3.579 0.287 0.000 0.000 0.931 0.000 0.701 0.000 0.502 1.490 1.752 0.000 1.741 0.000 0.000 2.148 2.102 0.359 0.000 
0 test2fip_consistent right_hidden
0.000 0.029 0.672 0.000 0.918 0.788 1.309 1.067 0.000 1.771 0.000 0.000 0.000 0.000 0.000 0.000 1.966 0.000 1.276 1.315 
---
1 test2fip_inconsistent left_hidden
0.000 3.579 0.287 0.000 0.000 0.931 0.000 0.701 0.000 0.502 1.490 1.752 0.000 1.741 0.000 0.000 2.148 2.102 0.359 0.000 
1 test2fip_inconsistent right_hidden
0.000 3.341 0.662 0.000 0.358 1.306 1.083 0.955 0.000 2.261 1.204 0.000 0.000 1.434 0.000 0.000 2.878 2.701 0.692 0.703 
---
0 test2fip_consistent left_hidden
0.036 0.506 0.000 0.048 0.586 3.581 0.000 0.000 0.000 3.141 0.000 0.445 0.000 3.421 0.000 2.601 0.016 0.000 0.000 0.000 
0 test2fip_consistent right_hidden
1.380 0.618 0.000 0.127 1.146 0.010 0.000 0.542 1.968 0.195 0.343 0.119 1.343 2.010 0.035 0.701 0.029 0.000 0.085 0.000 
---
1 test2fip_inconsistent left_hidden
0.036 0.506 0.000 0.048 0.586 3.581 0.000 0.000 0.000 3.141 0.000 0.445 0.000 3.421 0.000 2.601 0.016 0.000 0.000 0.000 
1 test2fip_inconsistent right_hidden
1.852 0.657 0.000 0.027 1.677 2.324 0.000 0.000 1.267 2.905 0.000 0.553 0.552 3.173 0.000 1.466 2.178 0.000 0.000 0.000 
---
0 test2fip_consistent left_hidden
2.409 0.719 0.000 0.000 0.000 0.000 0.000 0.045 0.000 0.000 0.000 2.152 0.723 0.485 0.000 1.169 0.000 3.900 0.000 1.718 
0 test2fip_consistent right_hidden
0.000 0.000 0.620 0.455 0.003 0.428 0.000 1.737 1.168 0.000 0.000 0.064 0.742 2.709 0.000 0.471 0.000 1.109 0.508 0.153 
---
1 test2fip_inconsistent left_hidden
2.409 0.719 0.000 0.000 0.000 0.000 0.000 0.045 0.000 0.000 0.000 2.152 0.723 0.485 0.000 1.169 0.000 3.900 0.000 1.718 
1 test2fip_inconsistent right_hidden
3.057 0.662 0.134 0.665 0.000 0.000 0.000 1.270 0.952 0.000 0.000 1.309 0.327 2.283 0.000 0.655 0.000 4.402 0.181 0.219 
---
0 test2fip_consistent left_hidden
0.000 1.258 0.000 0.000 0.287 0.000 0.075 0.000 0.000 1.379 0.000 1.813 1.559 0.000 0.580 0.000 4.333 2.171 0.221 1.297 
0 test2fip_consistent right_hidden
1.005 0.000 0.000 0.003 0.000 0.000 0.000 0.000 0.000 0.197 1.022 0.141 0.155 0.000 2.944 0.949 2.349 0.000 0.169 0.089 
---
1 test2fip_inconsistent left_hidden
0.000 1.258 0.000 0.000 0.287 0.000 0.075 0.000 0.000 1.379 0.000 1.813 1.559 0.000 0.580 0.000 4.333 2.171 0.221 1.297 
1 test2fip_inconsistent right_hidden
0.426 0.000 0.000 0.000 0.000 0.000 0.000 0.000 0.000 2.714 0.443 1.549 3.269 0.000 1.855 0.781 4.987 0.513 0.147 1.050 
---
0 test2fip_consistent left_hidden
0.060 0.709 1.615 0.000 1.582 0.030 1.266 0.000 1.491 3.945 2.173 0.000 0.000 0.000 0.000 0.000 0.000 2.420 0.424 0.000 
0 test2fip_consistent right_hidden
0.000 1.192 0.000 0.008 1.268 0.000 0.000 0.000 0.000 1.357 0.109 0.000 0.000 0.011 0.000 0.000 2.855 2.165 0.120 0.281 
---
1 test2fip_inconsistent left_hidden
0.060 0.709 1.615 0.000 1.582 0.030 1.266 0.000 1.491 3.945 2.173 0.000 0.000 0.000 0.000 0.000 0.000 2.420 0.424 0.000 
1 test2fip_inconsistent right_hidden
0.000 2.207 2.336 0.110 1.621 0.000 1.500 0.000 0.000 3.118 2.772 0.000 0.000 0.000 0.000 0.000 1.118 2.905 0.510 0.000 
---
0 test2fip_consistent left_hidden
0.000 0.000 0.000 0.000 0.000 0.000 1.492 1.981 0.969 4.511 0.444 0.000 2.642 0.000 0.000 0.378 0.573 0.000 0.000 0.000 
0 test2fip_consistent right_hidden
0.168 0.000 0.000 0.000 0.000 0.004 1.266 1.433 1.184 0.000 0.580 1.135 0.000 0.000 0.458 0.427 0.941 0.709 0.000 2.540 
---
1 test2fip_inconsistent left_hidden
0.000 0.000 0.000 0.000 0.000 0.000 1.492 1.981 0.969 4.511 0.444 0.000 2.642 0.000 0.000 0.378 0.573 0.000 0.000 0.000 
1 test2fip_inconsistent right_hidden
0.000 0.000 0.000 0.000 0.000 0.000 3.699 1.432 1.062 2.592 1.064 0.519 2.362 0.000 0.000 0.688 1.089 1.304 0.045 1.705 
---
0 test2fip_consistent left_hidden
3.518 0.000 0.842 0.142 0.200 0.000 2.153 0.287 0.647 2.902 0.000 0.000 0.000 1.180 0.000 0.711 0.000 0.000 1.926 0.000 
0 test2fip_consistent right_hidden
0.026 0.000 1.522 0.000 0.000 0.000 0.095 1.769 0.086 1.495 0.000 0.000 0.000 0.000 0.120 2.821 0.410 0.207 0.244 0.000 
---
1 test2fip_inconsistent left_hidden
3.518 0.000 0.842 0.142 0.200 0.000 2.153 0.287 0.647 2.902 0.000 0.000 0.000 1.180 0.000 0.711 0.000 0.000 1.926 0.000 
1 test2fip_inconsistent right_hidden
1.566 0.000 0.897 0.232 0.000 0.000 2.903 1.410 1.366 3.692 0.000 0.000 0.000 1.704 0.000 2.195 1.056 0.087 0.790 0.000 
---
0 test2fip_consistent left_hidden
0.000 0.403 0.903 0.288 0.000 0.000 0.000 0.022 3.079 1.121 0.000 1.210 0.000 0.021 3.668 0.000 0.157 0.000 0.122 0.000 
0 test2fip_consistent right_hidden
0.000 0.000 1.194 0.000 0.000 0.000 0.000 0.429 0.913 0.000 0.000 3.127 0.000 0.023 0.646 0.000 0.076 1.056 0.048 1.115 
---
1 test2fip_inconsistent left_hidden
0.000 0.403 0.903 0.288 0.000 0.000 0.000 0.022 3.079 1.121 0.000 1.210 0.000 0.021 3.668 0.000 0.157 0.000 0.122 0.000 
1 test2fip_inconsistent right_hidden
0.000 1.262 1.707 0.000 0.000 0.000 0.000 0.238 2.463 0.000 0.000 3.247 0.000 0.000 4.478 0.000 0.000 0.856 0.000 0.426 
---
0 test2fip_consistent left_hidden
0.248 0.000 0.000 0.000 1.953 1.000 2.382 1.117 0.213 0.674 0.000 2.221 2.188 2.056 0.000 0.000 0.000 0.000 0.994 0.311 
0 test2fip_consistent right_hidden
0.324 0.887 0.816 0.000 0.793 0.408 0.020 1.898 0.730 1.124 1.877 0.401 0.447 1.412 0.329 0.000 0.000 0.000 0.621 0.151 
---
1 test2fip_inconsistent left_hidden
0.248 0.000 0.000 0.000 1.953 1.000 2.382 1.117 0.213 0.674 0.000 2.221 2.188 2.056 0.000 0.000 0.000 0.000 0.994 0.311 
1 test2fip_inconsistent right_hidden
0.013 0.422 0.284 0.000 2.376 1.601 2.734 2.341 0.458 0.829 0.511 3.012 0.783 3.073 0.032 0.000 0.000 0.000 0.132 0.095 
---
0 test2fip_consistent left_hidden
0.000 0.000 2.723 0.000 1.365 0.000 1.905 0.000 0.000 2.484 0.074 3.645 2.784 0.000 0.000 0.000 0.652 1.417 0.000 0.000 
0 test2fip_consistent right_hidden
0.000 0.003 0.089 0.983 1.209 0.000 2.101 0.197 1.352 0.000 0.000 0.036 0.211 0.000 0.000 0.000 1.959 1.116 0.000 0.810 
---
1 test2fip_inconsistent left_hidden
0.000 0.000 2.723 0.000 1.365 0.000 1.905 0.000 0.000 2.484 0.074 3.645 2.784 0.000 0.000 0.000 0.652 1.417 0.000 0.000 
1 test2fip_inconsistent right_hidden
0.000 0.000 1.312 0.648 1.937 0.000 2.397 0.000 1.231 0.240 0.000 3.206 2.321 0.000 0.000 0.000 1.581 2.364 0.000 0.689 
---
0 test2fip_consistent left_hidden
3.444 0.000 0.000 0.000 0.000 3.602 0.171 0.000 0.000 0.000 0.000 0.000 1.744 0.000 0.000 0.000 1.866 2.888 0.000 0.122 
0 test2fip_consistent right_hidden
1.164 0.000 0.000 0.000 0.000 0.526 1.310 0.045 0.515 0.101 0.052 0.032 2.987 0.000 0.000 1.936 0.451 0.186 0.140 0.881 
---
1 test2fip_inconsistent left_hidden
3.444 0.000 0.000 0.000 0.000 3.602 0.171 0.000 0.000 0.000 0.000 0.000 1.744 0.000 0.000 0.000 1.866 2.888 0.000 0.122 
1 test2fip_inconsistent right_hidden
2.283 0.000 0.000 0.000 0.000 4.380 1.163 0.000 0.442 0.000 0.000 0.000 2.597 0.000 0.000 1.309 2.094 1.935 0.000 0.000 
---
0 test2fip_consistent left_hidden
2.145 1.558 0.328 0.000 1.391 2.483 1.698 0.000 0.677 0.000 0.951 1.066 0.000 2.832 0.000 0.237 1.511 2.041 0.000 0.000 
0 test2fip_consistent right_hidden
1.199 0.000 0.278 1.525 2.149 0.331 0.076 0.121 0.000 1.111 0.000 0.408 0.000 0.504 0.000 0.276 0.077 0.000 1.097 0.000 
---
1 test2fip_inconsistent left_hidden
2.145 1.558 0.328 0.000 1.391 2.483 1.698 0.000 0.677 0.000 0.951 1.066 0.000 2.832 0.000 0.237 1.511 2.041 0.000 0.000 
1 test2fip_inconsistent right_hidden
2.192 1.187 0.301 0.131 3.096 2.120 1.123 0.493 0.494 0.886 0.000 1.538 0.000 2.595 0.000 0.049 0.983 1.947 0.102 0.000 
---
0 test2fip_consistent left_hidden
0.383 3.343 1.707 5.041 0.000 0.000 0.000 0.000 0.000 0.000 0.000 0.000 0.000 0.495 0.897 0.000 1.775 0.000 0.000 0.000 
0 test2fip_consistent right_hidden
0.000 1.404 0.000 0.000 0.000 2.417 0.000 0.000 2.025 0.457 0.000 0.000 0.380 1.894 0.000 0.000 0.000 0.000 0.000 0.000 
---
1 test2fip_inconsistent left_hidden
0.383 3.343 1.707 5.041 0.000 0.000 0.000 0.000 0.000 0.000 0.000 0.000 0.000 0.495 0.897 0.000 1.775 0.000 0.000 0.000 
1 test2fip_inconsistent right_hidden
0.000 2.859 0.000 4.058 0.000 2.985 0.000 0.000 0.513 0.570 0.000 0.000 0.276 1.193 0.000 0.000 0.000 0.000 0.000 0.000 
---
0 test2fip_consistent left_hidden
1.755 0.000 1.641 0.000 0.794 0.000 0.891 0.000 0.000 2.043 0.000 1.876 0.000 0.785 0.000 0.463 2.827 0.000 0.639 0.025 
0 test2fip_consistent right_hidden
0.000 0.000 0.256 1.359 1.543 0.000 0.000 0.000 0.000 0.320 0.000 0.000 0.000 1.845 0.000 1.456 1.876 0.000 0.946 0.000 
---
1 test2fip_inconsistent left_hidden
1.755 0.000 1.641 0.000 0.794 0.000 0.891 0.000 0.000 2.043 0.000 1.876 0.000 0.785 0.000 0.463 2.827 0.000 0.639 0.025 
1 test2fip_inconsistent right_hidden
0.477 0.000 0.000 0.373 1.630 0.000 0.000 0.000 0.000 2.243 0.000 2.887 0.000 2.051 0.000 1.291 3.708 0.000 2.281 0.000 
---
0 test2fip_consistent left_hidden
0.252 0.000 0.000 2.163 0.000 2.477 0.152 0.000 3.345 0.150 3.413 0.059 0.000 0.000 1.991 0.000 0.000 0.000 0.000 0.888 
0 test2fip_consistent right_hidden
0.000 0.000 1.026 0.000 1.409 0.754 1.293 0.000 1.670 2.817 0.607 0.310 0.000 0.000 0.000 0.000 0.000 0.000 0.979 0.447 
---
1 test2fip_inconsistent left_hidden
0.252 0.000 0.000 2.163 0.000 2.477 0.152 0.000 3.345 0.150 3.413 0.059 0.000 0.000 1.991 0.000 0.000 0.000 0.000 0.888 
1 test2fip_inconsistent right_hidden
0.000 0.000 0.505 1.381 0.234 3.463 0.644 0.000 4.525 1.804 1.861 0.099 0.000 0.000 0.123 0.000 0.000 0.000 0.385 2.126 
---
0 test2fip_consistent left_hidden
0.000 1.229 0.084 0.000 0.000 1.616 0.939 1.847 0.340 0.700 0.000 0.000 0.000 4.443 0.000 2.973 0.635 0.000 0.095 0.000 
0 test2fip_consistent right_hidden
1.624 0.011 0.000 0.000 0.000 0.000 0.021 0.326 0.449 1.254 2.137 0.000 0.000 0.992 0.006 0.105 1.842 0.000 0.500 0.000 
---
1 test2fip_inconsistent left_hidden
0.000 1.229 0.084 0.000 0.000 1.616 0.939 1.847 0.340 0.700 0.000 0.000 0.000 4.443 0.000 2.973 0.635 0.000 0.095 0.000 
1 test2fip_inconsistent right_hidden
1.160 0.921 0.959 0.000 0.000 0.000 0.408 1.378 0.931 3.133 0.809 0.000 0.000 4.345 0.000 1.637 1.488 0.000 0.800 0.000 
---
0 test2fip_consistent left_hidden
0.000 0.214 1.452 0.000 0.000 0.735 0.084 3.238 0.014 0.427 0.000 0.000 0.000 0.000 2.773 0.127 0.010 1.397 0.000 3.579 
0 test2fip_consistent right_hidden
0.000 1.352 1.598 0.000 0.000 0.183 0.929 1.001 0.000 0.431 0.557 0.656 1.858 2.047 0.615 0.000 0.083 0.000 0.000 0.152 
---
1 test2fip_inconsistent left_hidden
0.000 0.214 1.452 0.000 0.000 0.735 0.084 3.238 0.014 0.427 0.000 0.000 0.000 0.000 2.773 0.127 0.010 1.397 0.000 3.579 
1 test2fip_inconsistent right_hidden
0.000 1.029 1.047 0.000 0.000 0.275 1.048 3.751 0.000 1.163 1.350 1.710 1.511 0.836 2.396 0.091 0.000 1.696 0.000 2.956 
---
0 test2fip_consistent left_hidden
0.000 0.293 1.032 2.766 0.175 1.949 0.000 1.652 0.000 1.268 1.425 0.602 0.000 0.000 0.236 0.000 0.000 3.470 0.000 0.000 
0 test2fip_consistent right_hidden
0.000 0.382 0.330 1.723 1.570 0.000 0.836 0.654 0.011 0.065 0.000 0.752 1.745 0.005 1.950 0.023 0.000 0.637 0.000 0.000 
---
1 test2fip_inconsistent left_hidden
0.000 0.293 1.032 2.766 0.175 1.949 0.000 1.652 0.000 1.268 1.425 0.602 0.000 0.000 0.236 0.000 0.000 3.470 0.000 0.000 
1 test2fip_inconsistent right_hidden
0.000 0.144 0.080 3.111 0.906 2.020 0.706 1.509 0.282 0.659 1.156 1.623 0.965 0.005 1.351 0.000 0.000 3.961 0.000 0.000 
---
0 test2fip_consistent left_hidden
0.000 0.834 0.400 1.899 0.852 0.000 0.037 0.076 0.000 0.197 4.418 0.000 0.000 0.092 0.000 0.000 1.642 0.000 1.760 0.000 
0 test2fip_consistent right_hidden
0.132 0.000 0.000 2.332 0.000 0.000 2.091 0.000 0.180 0.000 0.204 1.007 0.000 1.169 0.000 0.044 0.200 1.227 0.359 0.142 
---
1 test2fip_inconsistent left_hidden
0.000 0.834 0.400 1.899 0.852 0.000 0.037 0.076 0.000 0.197 4.418 0.000 0.000 0.092 0.000 0.000 1.642 0.000 1.760 0.000 
1 test2fip_inconsistent right_hidden
0.010 0.000 0.000 2.654 0.010 0.000 2.083 0.000 0.000 0.000 3.637 0.755 0.000 0.413 0.000 0.000 3.631 0.907 1.376 0.000 
---
0 test2fip_consistent left_hidden
3.073 0.648 0.000 0.000 3.589 2.195 0.000 0.000 0.000 0.000 0.000 0.000 0.000 0.000 0.463 3.183 0.477 0.822 0.000 0.000 
0 test2fip_consistent right_hidden
0.119 0.855 0.000 0.000 0.132 0.044 0.000 0.026 2.483 0.000 0.000 1.012 0.000 0.000 0.228 1.843 1.332 1.231 0.000 0.959 
---
1 test2fip_inconsistent left_hidden
3.073 0.648 0.000 0.000 3.589 2.195 0.000 0.000 0.000 0.000 0.000 0.000 0.000 0.000 0.463 3.183 0.477 0.822 0.000 0.000 
1 test2fip_inconsistent right_hidden
2.648 0.439 0.000 0.000 2.149 1.771 0.000 0.000 1.669 0.000 0.000 0.367 0.000 0.000 0.743 3.472 2.127 2.535 0.000 0.730 
---
0 test2fip_consistent left_hidden
2.115 0.459 0.000 0.000 2.214 0.650 0.000 0.000 0.000 0.000 1.044 0.000 0.000 1.107 3.504 2.507 0.000 0.358 0.000 0.000 
0 test2fip_consistent right_hidden
1.883 0.900 0.023 0.000 1.576 0.095 0.402 0.046 2.259 0.000 0.127 1.626 0.000 0.115 0.156 0.441 0.000 0.000 0.000 0.000 
---
1 test2fip_inconsistent left_hidden
2.115 0.459 0.000 0.000 2.214 0.650 0.000 0.000 0.000 0.000 1.044 0.000 0.000 1.107 3.504 2.507 0.000 0.358 0.000 0.000 
1 test2fip_inconsistent right_hidden
2.583 2.667 0.225 0.000 3.361 0.588 0.675 0.081 1.485 0.000 1.837 0.771 0.000 2.696 1.913 1.038 0.000 0.000 0.000 0.000 
---
0 test2fip_consistent left_hidden
0.571 0.000 1.591 0.000 1.393 0.281 0.029 0.000 0.000 0.000 0.433 1.111 2.241 1.620 4.148 2.674 0.000 0.000 0.417 0.632 
0 test2fip_consistent right_hidden
1.323 0.120 0.879 0.000 1.410 2.774 0.033 0.490 0.000 0.000 0.000 1.260 0.098 0.922 0.881 0.019 0.000 0.000 0.000 0.061 
---
1 test2fip_inconsistent left_hidden
0.571 0.000 1.591 0.000 1.393 0.281 0.029 0.000 0.000 0.000 0.433 1.111 2.241 1.620 4.148 2.674 0.000 0.000 0.417 0.632 
1 test2fip_inconsistent right_hidden
0.469 0.351 1.758 0.000 1.650 2.375 0.000 0.000 0.724 0.000 0.000 1.468 1.557 1.462 4.606 1.275 0.000 0.000 0.766 0.000 
---
0 test2fip_consistent left_hidden
0.000 0.000 1.363 1.248 1.423 0.130 0.000 0.000 2.608 0.000 1.959 0.000 3.650 0.814 0.000 0.000 0.000 1.887 0.000 0.144 
0 test2fip_consistent right_hidden
0.000 0.000 1.355 1.351 0.017 1.307 0.000 1.727 1.483 0.000 0.754 1.122 0.000 1.354 1.345 0.000 0.236 0.216 0.000 0.723 
---
1 test2fip_inconsistent left_hidden
0.000 0.000 1.363 1.248 1.423 0.130 0.000 0.000 2.608 0.000 1.959 0.000 3.650 0.814 0.000 0.000 0.000 1.887 0.000 0.144 
1 test2fip_inconsistent right_hidden
0.000 0.000 1.372 2.560 1.309 1.383 0.000 1.434 2.963 0.000 1.619 1.053 2.904 1.313 0.098 0.000 0.572 2.347 0.000 0.908 
---
0 test2fip_consistent left_hidden
0.496 1.129 0.284 0.000 0.000 1.608 1.584 0.000 0.271 0.000 0.641 1.837 0.000 0.000 1.652 0.147 0.978 0.672 2.268 3.443 
0 test2fip_consistent right_hidden
0.290 0.000 0.000 0.238 0.114 0.230 0.082 0.000 0.077 2.090 1.803 0.810 0.503 0.000 2.238 0.000 0.322 0.000 0.000 0.143 
---
1 test2fip_inconsistent left_hidden
0.496 1.129 0.284 0.000 0.000 1.608 1.584 0.000 0.271 0.000 0.641 1.837 0.000 0.000 1.652 0.147 0.978 0.672 2.268 3.443 
1 test2fip_inconsistent right_hidden
0.061 0.497 0.071 0.126 0.000 1.807 0.323 0.000 1.352 1.127 1.603 1.790 0.000 0.000 3.515 0.000 0.878 0.458 2.169 2.539 
---
0 test2fip_consistent left_hidden
0.000 0.000 0.000 2.416 0.111 0.000 0.000 0.000 2.926 4.021 0.265 0.000 0.000 0.000 0.000 0.000 0.000 2.536 2.341 0.000 
0 test2fip_consistent right_hidden
1.593 3.134 0.000 0.000 0.274 0.000 0.000 0.000 0.820 0.643 0.060 0.000 0.907 0.000 1.719 1.048 2.069 0.482 0.000 0.000 
---
1 test2fip_inconsistent left_hidden
0.000 0.000 0.000 2.416 0.111 0.000 0.000 0.000 2.926 4.021 0.265 0.000 0.000 0.000 0.000 0.000 0.000 2.536 2.341 0.000 
1 test2fip_inconsistent right_hidden
0.557 2.573 0.000 0.277 1.073 0.000 0.000 0.000 3.708 3.695 0.612 0.000 0.456 0.000 1.557 0.949 0.851 1.525 1.410 0.000 
---
0 test2fip_consistent left_hidden
0.000 0.115 1.407 1.362 2.715 0.439 1.447 0.067 2.871 0.000 0.212 0.000 1.796 0.000 0.000 0.000 1.937 1.424 0.000 0.000 
0 test2fip_consistent right_hidden
2.216 2.440 0.283 1.254 0.836 0.128 0.445 0.081 0.608 0.413 1.809 0.000 0.000 0.000 0.000 0.000 0.000 0.829 0.000 0.000 
---
1 test2fip_inconsistent left_hidden
0.000 0.115 1.407 1.362 2.715 0.439 1.447 0.067 2.871 0.000 0.212 0.000 1.796 0.000 0.000 0.000 1.937 1.424 0.000 0.000 
1 test2fip_inconsistent right_hidden
0.939 1.618 1.971 2.571 2.126 0.350 1.585 0.000 3.053 0.214 1.479 0.000 0.000 0.000 0.085 0.000 1.312 2.893 0.000 0.000 
---
0 test2fip_consistent left_hidden
2.416 0.000 1.637 0.000 4.022 0.632 0.000 0.685 0.000 0.000 0.000 0.000 0.000 0.896 0.000 2.180 0.043 2.797 0.000 0.000 
0 test2fip_consistent right_hidden
0.000 0.000 0.623 0.000 1.240 0.000 0.000 1.059 0.865 2.807 0.000 0.105 0.002 0.053 0.087 0.000 0.000 0.957 0.000 0.954 
---
1 test2fip_inconsistent left_hidden
2.416 0.000 1.637 0.000 4.022 0.632 0.000 0.685 0.000 0.000 0.000 0.000 0.000 0.896 0.000 2.180 0.043 2.797 0.000 0.000 
1 test2fip_inconsistent right_hidden
2.348 0.000 0.749 0.000 3.915 0.000 0.000 0.862 0.000 2.103 0.000 0.026 0.000 0.031 0.406 0.937 0.586 2.852 0.000 1.624 
---
0 test2fip_consistent left_hidden
0.000 1.024 0.000 0.000 5.632 0.334 0.000 0.126 0.000 0.000 0.000 1.998 0.260 0.000 0.000 0.227 0.000 0.021 0.000 0.000 
0 test2fip_consistent right_hidden
0.000 1.610 0.000 0.110 0.432 1.279 0.058 1.146 0.041 0.185 2.101 0.077 0.120 0.000 0.000 0.492 0.217 0.406 1.672 0.000 
---
1 test2fip_inconsistent left_hidden
0.000 1.024 0.000 0.000 5.632 0.334 0.000 0.126 0.000 0.000 0.000 1.998 0.260 0.000 0.000 0.227 0.000 0.021 0.000 0.000 
1 test2fip_inconsistent right_hidden
0.000 2.519 0.000 0.000 5.203 0.427 0.029 0.809 0.000 0.020 3.060 0.109 0.330 0.000 0.000 1.464 0.000 0.232 0.000 0.000 
---
0 test2fip_consistent left_hidden
0.081 2.264 0.212 2.061 0.000 0.000 0.000 0.544 0.230 0.000 0.000 0.000 3.475 0.000 2.145 0.875 0.729 0.876 1.042 3.140 
0 test2fip_consistent right_hidden
0.091 0.000 2.117 0.708 0.000 0.000 0.104 1.395 0.000 0.000 1.386 1.094 0.000 0.000 0.000 0.107 0.057 2.317 0.019 0.000 
---
1 test2fip_inconsistent left_hidden
0.081 2.264 0.212 2.061 0.000 0.000 0.000 0.544 0.230 0.000 0.000 0.000 3.475 0.000 2.145 0.875 0.729 0.876 1.042 3.140 
1 test2fip_inconsistent right_hidden
0.000 0.924 2.041 2.551 0.000 0.000 0.000 0.676 0.000 0.000 0.351 0.117 2.461 0.000 0.000 0.134 1.137 4.051 0.897 1.430 
---
0 test2fip_consistent left_hidden
0.908 4.565 1.481 0.000 0.000 0.725 0.000 0.000 0.000 0.000 1.124 0.000 0.000 2.771 1.120 0.000 0.000 0.000 0.000 0.000 
0 test2fip_consistent right_hidden
1.550 0.341 1.554 0.000 1.809 0.437 0.000 0.000 0.000 1.150 0.341 0.000 0.000 0.000 0.834 0.000 0.000 1.731 0.000 0.000 
---
1 test2fip_inconsistent left_hidden
0.908 4.565 1.481 0.000 0.000 0.725 0.000 0.000 0.000 0.000 1.124 0.000 0.000 2.771 1.120 0.000 0.000 0.000 0.000 0.000 
1 test2fip_inconsistent right_hidden
1.801 3.669 2.034 0.000 0.603 1.147 0.000 0.000 0.000 0.000 1.247 0.000 0.000 1.918 2.274 0.000 0.000 1.110 0.000 0.000 
---
0 test2fip_consistent left_hidden
3.017 0.000 0.000 0.000 0.707 0.000 2.031 3.491 0.000 0.032 2.334 1.107 0.000 1.179 0.000 0.000 1.757 0.009 0.000 0.061 
0 test2fip_consistent right_hidden
0.053 0.000 0.610 0.000 0.000 0.000 2.180 0.705 0.000 0.003 0.068 0.052 0.846 2.126 0.000 0.631 0.000 0.349 0.000 2.001 
---
1 test2fip_inconsistent left_hidden
3.017 0.000 0.000 0.000 0.707 0.000 2.031 3.491 0.000 0.032 2.334 1.107 0.000 1.179 0.000 0.000 1.757 0.009 0.000 0.061 
1 test2fip_inconsistent right_hidden
1.869 0.000 0.239 0.000 0.026 0.000 3.197 2.962 0.000 0.000 2.840 0.959 0.017 2.106 0.000 1.128 1.826 0.317 0.000 1.351 
---
0 test2fip_consistent left_hidden
2.433 0.053 0.000 0.000 0.000 0.018 4.643 0.000 0.000 0.000 0.465 0.000 0.000 0.128 0.000 0.000 0.000 0.960 0.000 3.969 
0 test2fip_consistent right_hidden
0.973 0.000 0.000 0.000 0.000 0.000 0.386 0.000 0.107 0.000 0.762 0.205 0.000 0.000 0.000 0.000 3.872 0.673 0.060 0.500 
---
1 test2fip_inconsistent left_hidden
2.433 0.053 0.000 0.000 0.000 0.018 4.643 0.000 0.000 0.000 0.465 0.000 0.000 0.128 0.000 0.000 0.000 0.960 0.000 3.969 
1 test2fip_inconsistent right_hidden
3.435 0.000 0.000 0.000 0.000 0.000 2.735 0.000 0.000 0.000 0.561 0.000 0.256 0.000 0.000 0.000 2.737 1.754 0.078 3.462 
---
0 test2fip_consistent left_hidden
0.000 0.000 3.476 0.000 0.000 0.000 0.000 0.000 0.000 0.000 0.000 0.000 4.659 0.000 1.023 0.000 1.056 0.000 0.000 0.000 
0 test2fip_consistent right_hidden
0.000 0.000 1.264 0.000 0.266 1.419 2.094 0.457 0.000 0.000 0.000 2.307 0.774 0.000 2.016 0.257 0.000 1.285 0.233 0.031 
---
1 test2fip_inconsistent left_hidden
0.000 0.000 3.476 0.000 0.000 0.000 0.000 0.000 0.000 0.000 0.000 0.000 4.659 0.000 1.023 0.000 1.056 0.000 0.000 0.000 
1 test2fip_inconsistent right_hidden
0.000 0.000 5.052 0.000 0.500 0.849 0.557 0.843 0.000 0.070 0.000 1.677 3.315 0.000 1.871 0.000 0.681 1.104 0.813 0.000 
---
0 test2fip_consistent left_hidden
1.323 0.000 0.118 0.000 0.000 0.000 1.131 0.000 0.000 0.000 0.266 0.861 1.921 1.593 0.685 2.847 2.406 2.627 0.000 1.539 
0 test2fip_consistent right_hidden
1.917 0.080 2.702 0.000 0.000 0.000 0.000 0.093 0.736 0.000 0.586 0.220 0.000 0.168 0.108 0.875 0.232 1.310 0.069 0.000 
---
1 test2fip_inconsistent left_hidden
1.323 0.000 0.118 0.000 0.000 0.000 1.131 0.000 0.000 0.000 0.266 0.861 1.921 1.593 0.685 2.847 2.406 2.627 0.000 1.539 
1 test2fip_inconsistent right_hidden
2.099 0.000 2.087 0.000 0.000 0.000 0.501 0.000 0.649 0.000 0.000 1.994 0.013 0.646 1.514 1.513 3.010 2.772 0.000 2.272 
---
0 test2fip_consistent left_hidden
0.000 0.000 0.000 2.009 0.542 1.317 0.000 0.808 0.288 1.310 0.000 1.931 0.360 0.000 0.448 0.640 2.165 0.000 2.099 0.000 
0 test2fip_consistent right_hidden
1.780 0.000 0.211 1.426 0.425 0.000 0.191 0.000 0.210 0.744 0.652 0.000 1.937 0.744 0.098 0.549 2.289 0.000 0.000 0.000 
---
1 test2fip_inconsistent left_hidden
0.000 0.000 0.000 2.009 0.542 1.317 0.000 0.808 0.288 1.310 0.000 1.931 0.360 0.000 0.448 0.640 2.165 0.000 2.099 0.000 
1 test2fip_inconsistent right_hidden
0.585 0.023 0.365 3.060 1.861 1.591 0.000 0.000 0.558 1.362 0.508 1.710 1.376 0.445 0.581 0.000 3.831 0.000 1.863 0.000 
---
0 test2fip_consistent left_hidden
2.045 0.000 0.948 0.000 0.000 0.000 0.000 0.000 0.000 1.606 2.428 0.475 0.000 0.000 0.000 1.500 4.488 0.740 0.000 0.000 
0 test2fip_consistent right_hidden
0.051 0.740 1.251 1.028 0.000 0.000 0.840 0.150 0.000 0.354 0.150 0.000 0.000 0.000 1.012 0.031 1.218 0.423 2.083 2.084 
---
1 test2fip_inconsistent left_hidden
2.045 0.000 0.948 0.000 0.000 0.000 0.000 0.000 0.000 1.606 2.428 0.475 0.000 0.000 0.000 1.500 4.488 0.740 0.000 0.000 
1 test2fip_inconsistent right_hidden
2.622 0.121 0.000 0.444 0.000 0.000 0.007 0.040 0.000 1.033 1.693 1.078 0.000 0.000 1.003 0.557 4.035 0.000 1.338 1.726 
---
0 test2fip_consistent left_hidden
0.993 1.798 0.063 0.027 0.000 0.000 1.137 0.000 0.435 0.000 0.167 1.901 1.845 0.793 1.180 1.146 0.499 0.000 0.000 4.380 
0 test2fip_consistent right_hidden
0.045 1.878 0.770 0.087 0.000 1.509 0.000 0.000 0.071 0.000 0.000 2.747 0.000 1.514 0.000 0.072 0.000 0.011 0.000 0.572 
---
1 test2fip_inconsistent left_hidden
0.993 1.798 0.063 0.027 0.000 0.000 1.137 0.000 0.435 0.000 0.167 1.901 1.845 0.793 1.180 1.146 0.499 0.000 0.000 4.380 
1 test2fip_inconsistent right_hidden
0.952 1.716 1.111 0.000 0.000 1.346 0.000 0.000 0.591 0.000 1.383 3.081 0.254 2.831 0.890 1.240 0.000 0.000 0.000 3.993 
---
0 test2fip_consistent left_hidden
0.000 0.000 0.000 0.534 0.314 0.406 0.000 0.000 4.593 0.183 3.821 0.000 0.710 0.727 0.000 0.000 0.000 0.000 1.725 0.000 
0 test2fip_consistent right_hidden
0.000 0.000 0.000 1.252 1.136 0.451 0.012 0.000 1.075 1.671 0.243 0.089 1.361 1.366 0.000 2.238 0.056 0.526 0.170 0.000 
---
1 test2fip_inconsistent left_hidden
0.000 0.000 0.000 0.534 0.314 0.406 0.000 0.000 4.593 0.183 3.821 0.000 0.710 0.727 0.000 0.000 0.000 0.000 1.725 0.000 
1 test2fip_inconsistent right_hidden
0.000 0.000 0.000 0.987 1.102 1.646 0.000 0.000 3.429 1.424 3.880 0.000 1.434 2.107 0.000 0.932 0.000 0.451 1.011 0.000 
---
0 test2fip_consistent left_hidden
0.000 1.289 0.000 0.000 0.000 0.000 0.194 0.000 0.000 1.734 2.081 0.000 0.675 3.536 0.000 2.296 0.350 1.719 0.018 1.673 
0 test2fip_consistent right_hidden
0.000 1.216 0.768 0.432 0.961 0.848 0.415 0.641 0.041 0.000 0.366 0.311 1.936 0.968 1.072 0.532 0.688 0.000 0.619 0.000 
---
1 test2fip_inconsistent left_hidden
0.000 1.289 0.000 0.000 0.000 0.000 0.194 0.000 0.000 1.734 2.081 0.000 0.675 3.536 0.000 2.296 0.350 1.719 0.018 1.673 
1 test2fip_inconsistent right_hidden
0.000 1.634 0.428 0.308 0.426 0.675 0.188 0.248 1.103 0.452 1.672 0.679 1.422 3.663 0.522 2.183 0.386 1.503 0.485 1.216 
---
0 test2fip_consistent left_hidden
2.605 0.937 0.450 0.000 0.246 0.028 0.000 2.145 0.833 1.275 1.626 0.000 0.097 0.262 0.116 0.000 0.000 0.440 2.194 2.001 
0 test2fip_consistent right_hidden
1.052 0.164 2.141 0.000 1.395 0.000 0.237 0.128 0.000 0.506 0.629 0.000 0.457 2.047 0.002 0.307 0.082 0.224 0.423 0.330 
---
1 test2fip_inconsistent left_hidden
2.605 0.937 0.450 0.000 0.246 0.028 0.000 2.145 0.833 1.275 1.626 0.000 0.097 0.262 0.116 0.000 0.000 0.440 2.194 2.001 
1 test2fip_inconsistent right_hidden
3.116 1.621 2.312 0.000 1.009 0.032 0.000 0.831 0.927 1.856 1.640 0.000 0.313 1.460 0.000 0.224 0.000 0.271 1.892 2.451 
---
0 test2fip_consistent left_hidden
0.000 0.000 0.000 0.000 0.064 0.415 2.122 0.029 0.000 0.307 0.058 0.000 4.145 0.000 2.834 0.000 0.000 0.324 0.930 0.872 
0 test2fip_consistent right_hidden
0.000 0.349 0.000 1.985 1.117 0.964 0.000 0.000 0.000 1.286 0.111 0.586 0.064 1.741 0.361 0.000 0.000 0.000 1.399 1.897 
---
1 test2fip_inconsistent left_hidden
0.000 0.000 0.000 0.000 0.064 0.415 2.122 0.029 0.000 0.307 0.058 0.000 4.145 0.000 2.834 0.000 0.000 0.324 0.930 0.872 
1 test2fip_inconsistent right_hidden
0.000 0.056 0.000 1.585 0.990 0.000 1.646 0.000 0.000 0.765 0.000 0.000 3.404 1.747 1.500 0.000 0.000 0.140 2.951 2.749 
---
0 test2fip_consistent left_hidden
0.000 1.936 2.450 0.061 0.000 1.034 0.415 0.000 0.000 0.338 3.484 0.000 0.346 0.000 1.010 0.000 2.501 2.242 0.297 0.000 
0 test2fip_consistent right_hidden
0.000 0.922 0.655 0.000 0.076 0.000 0.083 2.660 1.350 0.034 0.000 0.000 0.000 0.099 0.440 0.000 0.360 1.770 0.000 0.000 
---
1 test2fip_inconsistent left_hidden
0.000 1.936 2.450 0.061 0.000 1.034 0.415 0.000 0.000 0.338 3.484 0.000 0.346 0.000 1.010 0.000 2.501 2.242 0.297 0.000 
1 test2fip_inconsistent right_hidden
0.000 2.206 1.640 0.000 0.000 1.601 0.000 2.550 0.482 0.017 2.715 0.000 0.156 0.000 1.806 0.000 1.695 3.138 0.000 0.000 
---
0 test2fip_consistent left_hidden
2.219 1.965 2.467 0.000 0.000 0.597 0.000 0.000 0.778 0.000 0.000 0.000 1.351 1.447 0.391 0.000 0.000 0.000 0.000 2.905 
0 test2fip_consistent right_hidden
0.273 1.862 1.118 0.000 0.000 0.000 0.172 2.716 0.000 0.007 0.000 0.008 0.000 0.127 1.978 0.000 0.000 0.000 0.000 0.226 
---
1 test2fip_inconsistent left_hidden
2.219 1.965 2.467 0.000 0.000 0.597 0.000 0.000 0.778 0.000 0.000 0.000 1.351 1.447 0.391 0.000 0.000 0.000 0.000 2.905 
1 test2fip_inconsistent right_hidden
2.995 3.044 2.900 0.000 0.000 0.000 0.000 1.969 0.000 0.000 0.000 0.000 0.000 1.376 1.904 0.000 0.000 0.000 0.000 3.115 
---
0 test2fip_consistent left_hidden
0.920 0.000 0.000 0.000 1.388 0.589 0.000 0.158 1.550 1.598 0.000 4.431 0.249 0.000 0.000 0.000 1.119 0.000 0.000 0.000 
0 test2fip_consistent right_hidden
1.515 1.090 1.126 0.000 0.087 1.180 0.115 0.796 0.526 0.849 2.836 0.412 0.815 0.000 1.035 0.000 0.254 0.189 0.000 0.000 
---
1 test2fip_inconsistent left_hidden
0.920 0.000 0.000 0.000 1.388 0.589 0.000 0.158 1.550 1.598 0.000 4.431 0.249 0.000 0.000 0.000 1.119 0.000 0.000 0.000 
1 test2fip_inconsistent right_hidden
2.397 0.707 1.059 0.000 1.210 1.070 0.000 2.497 0.143 1.130 1.538 3.024 2.823 0.000 0.779 0.000 1.344 0.000 0.104 0.000 
---
0 test2fip_consistent left_hidden
0.046 0.555 0.000 0.000 0.787 0.000 3.844 1.662 0.000 0.950 0.043 0.000 0.000 4.016 0.000 1.168 0.000 0.000 0.041 0.000 
0 test2fip_consistent right_hidden
0.000 1.637 0.000 0.000 0.000 0.000 1.641 2.231 0.000 1.036 0.000 0.000 0.065 0.000 0.000 1.731 0.000 0.000 2.033 0.000 
---
1 test2fip_inconsistent left_hidden
0.046 0.555 0.000 0.000 0.787 0.000 3.844 1.662 0.000 0.950 0.043 0.000 0.000 4.016 0.000 1.168 0.000 0.000 0.041 0.000 
1 test2fip_inconsistent right_hidden
0.000 0.888 0.000 0.000 0.000 0.000 4.161 1.573 0.000 2.025 0.000 0.000 0.000 3.644 0.000 2.609 0.090 0.000 0.350 0.000 
---
0 test2fip_consistent left_hidden
1.768 0.000 0.000 0.000 0.000 0.000 2.397 0.000 1.265 0.012 1.213 0.000 2.872 0.069 0.324 0.444 0.000 1.832 1.957 0.420 
0 test2fip_consistent right_hidden
0.409 0.000 0.000 0.000 0.000 0.000 0.043 1.607 0.270 0.707 0.393 0.000 0.329 1.694 1.925 1.381 0.000 0.881 0.434 1.386 
---
1 test2fip_inconsistent left_hidden
1.768 0.000 0.000 0.000 0.000 0.000 2.397 0.000 1.265 0.012 1.213 0.000 2.872 0.069 0.324 0.444 0.000 1.832 1.957 0.420 
1 test2fip_inconsistent right_hidden
0.718 0.000 0.000 0.000 0.000 0.000 2.302 1.066 0.914 0.000 2.475 0.000 3.106 1.493 0.894 1.862 0.000 2.878 1.218 1.488 
---
