0 test2fip_consistent left_hidden
0.000 0.000 0.000 0.883 0.682 1.519 1.611 0.000 0.324 3.294 0.000 0.000 0.000 3.670 2.121 0.000 1.034 0.224 0.000 1.631 
0 test2fip_consistent right_hidden
1.745 0.103 0.000 0.497 0.072 0.000 1.767 0.000 0.000 1.457 0.000 2.474 0.000 0.378 0.011 0.000 0.000 1.470 0.000 0.924 
---
1 test2fip_inconsistent left_hidden
0.000 0.000 0.000 0.883 0.682 1.519 1.611 0.000 0.324 3.294 0.000 0.000 0.000 3.670 2.121 0.000 1.034 0.224 0.000 1.631 
1 test2fip_inconsistent right_hidden
0.583 0.218 0.000 1.844 2.300 0.607 2.309 0.000 0.821 3.461 0.015 0.796 0.288 3.264 2.380 0.000 0.869 0.474 0.000 1.291 
---
0 test2fip_consistent left_hidden
0.000 0.000 1.303 3.336 1.343 0.102 1.237 0.000 1.355 0.324 0.000 0.000 0.000 2.751 0.000 0.000 0.080 0.000 0.026 1.388 
0 test2fip_consistent right_hidden
0.311 0.000 0.000 1.407 3.222 0.000 1.343 2.107 0.057 0.151 1.600 0.000 0.208 0.000 0.000 0.000 1.188 0.000 1.282 0.000 
---
1 test2fip_inconsistent left_hidden
0.000 0.000 1.303 3.336 1.343 0.102 1.237 0.000 1.355 0.324 0.000 0.000 0.000 2.751 0.000 0.000 0.080 0.000 0.026 1.388 
1 test2fip_inconsistent right_hidden
0.779 0.000 0.941 4.990 2.844 0.000 1.997 0.965 0.604 1.393 1.644 0.000 0.000 2.142 0.000 0.000 0.143 0.000 0.000 1.002 
---
0 test2fip_consistent left_hidden
0.000 0.202 0.000 3.732 0.000 3.509 0.000 0.000 0.156 0.000 0.000 0.000 0.000 0.872 0.000 0.273 0.000 0.071 3.237 0.000 
0 test2fip_consistent right_hidden
0.000 2.147 0.000 0.000 0.000 0.483 0.000 0.000 0.230 0.773 0.000 0.000 2.800 0.000 0.216 0.000 2.828 0.000 0.000 0.000 
---
1 test2fip_inconsistent left_hidden
0.000 0.202 0.000 3.732 0.000 3.509 0.000 0.000 0.156 0.000 0.000 0.000 0.000 0.872 0.000 0.273 0.000 0.071 3.237 0.000 
1 test2fip_inconsistent right_hidden
0.000 0.595 0.000 2.889 0.000 4.269 0.000 0.000 0.455 0.636 0.000 0.000 2.123 0.000 0.000 0.134 0.886 0.000 0.000 0.000 
---
0 test2fip_consistent left_hidden
0.000 0.000 0.224 0.000 3.477 0.017 0.000 1.280 0.000 0.593 0.027 0.000 0.000 4.970 1.784 0.027 0.000 0.000 0.414 0.000 
0 test2fip_consistent right_hidden
0.851 0.304 1.415 0.000 0.000 0.000 0.000 0.000 0.000 2.240 1.361 0.699 0.000 0.000 2.409 0.000 0.000 0.000 2.262 0.622 
---
1 test2fip_inconsistent left_hidden
0.000 0.000 0.224 0.000 3.477 0.017 0.000 1.280 0.000 0.593 0.027 0.000 0.000 4.970 1.784 0.027 0.000 0.000 0.414 0.000 
1 test2fip_inconsistent right_hidden
0.184 0.149 1.099 0.000 1.706 0.000 0.000 1.691 0.005 1.771 0.567 0.000 0.000 4.126 3.878 0.000 0.000 0.000 1.423 0.000 
---
0 test2fip_consistent left_hidden
0.000 0.000 0.667 0.083 0.000 1.691 1.094 0.000 0.000 0.000 4.331 1.079 2.141 1.086 0.722 0.000 1.662 0.000 0.447 1.325 
0 test2fip_consistent right_hidden
0.259 0.000 0.386 1.666 0.000 0.117 0.077 0.046 0.000 0.000 1.383 0.059 0.000 1.787 1.243 0.000 0.000 0.000 2.569 1.660 
---
1 test2fip_inconsistent left_hidden
0.000 0.000 0.667 0.083 0.000 1.691 1.094 0.000 0.000 0.000 4.331 1.079 2.141 1.086 0.722 0.000 1.662 0.000 0.447 1.325 
1 test2fip_inconsistent right_hidden
0.454 0.000 2.443 1.179 0.000 0.770 1.691 0.000 0.000 0.000 3.984 1.909 0.564 2.368 1.471 0.000 1.824 0.191 1.484 1.734 
---
0 test2fip_consistent left_hidden
0.034 3.099 1.426 0.000 0.000 0.000 0.000 0.000 0.000 0.000 0.000 3.191 0.000 0.766 1.644 1.212 0.000 0.000 1.867 0.562 
0 test2fip_consistent right_hidden
0.000 0.000 0.000 0.000 0.000 0.006 0.041 0.000 0.686 0.000 0.740 0.669 0.000 0.793 0.000 0.000 0.000 2.715 2.864 2.622 
---
1 test2fip_inconsistent left_hidden
0.034 3.099 1.426 0.000 0.000 0.000 0.000 0.000 0.000 0.000 0.000 3.191 0.000 0.766 1.644 1.212 0.000 0.000 1.867 0.562 
1 test2fip_inconsistent right_hidden
0.000 2.008 0.000 0.000 0.000 0.000 0.000 0.000 1.347 0.000 0.550 4.238 0.000 1.266 0.959 0.000 0.000 2.196 1.883 2.572 
---
0 test2fip_consistent left_hidden
0.896 0.000 0.021 0.000 3.229 2.096 0.000 0.000 0.000 0.000 0.000 1.607 0.000 0.000 2.574 2.197 0.000 0.442 1.197 1.698 
0 test2fip_consistent right_hidden
0.571 2.053 0.647 0.000 0.094 0.000 0.000 0.000 0.515 0.000 1.432 0.000 0.847 0.000 0.630 0.000 0.114 1.662 0.000 0.000 
---
1 test2fip_inconsistent left_hidden
0.896 0.000 0.021 0.000 3.229 2.096 0.000 0.000 0.000 0.000 0.000 1.607 0.000 0.000 2.574 2.197 0.000 0.442 1.197 1.698 
1 test2fip_inconsistent right_hidden
0.099 1.071 0.000 0.000 1.661 2.836 0.000 0.000 0.085 0.000 1.187 1.318 0.000 0.000 2.678 0.901 0.000 1.349 0.957 0.331 
---
0 test2fip_consistent left_hidden
0.000 2.794 1.273 0.351 0.000 0.000 2.132 0.240 0.000 2.039 0.000 0.609 0.293 0.000 1.375 0.000 0.667 0.670 0.000 2.694 
0 test2fip_consistent right_hidden
0.000 3.325 0.003 0.032 0.628 0.000 0.000 0.000 0.000 0.000 0.000 0.039 1.954 0.000 1.803 0.000 0.278 0.000 0.323 0.548 
---
1 test2fip_inconsistent left_hidden
0.000 2.794 1.273 0.351 0.000 0.000 2.132 0.240 0.000 2.039 0.000 0.609 0.293 0.000 1.375 0.000 0.667 0.670 0.000 2.694 
1 test2fip_inconsistent right_hidden
0.000 4.450 0.831 0.813 0.044 0.000 1.851 0.000 0.000 2.573 0.000 1.759 1.754 0.000 2.653 0.000 0.000 2.167 0.000 2.397 
---
0 test2fip_consistent left_hidden
2.686 0.520 0.000 1.395 0.000 0.433 0.000 0.603 0.856 3.371 0.570 0.000 2.091 0.947 0.000 0.000 0.000 0.000 0.000 2.935 
0 test2fip_consistent right_hidden
0.000 0.000 0.000 1.504 1.008 0.000 0.000 0.184 0.000 2.785 1.308 0.000 0.000 1.905 0.000 1.076 0.000 0.000 0.000 0.000 
---
1 test2fip_inconsistent left_hidden
2.686 0.520 0.000 1.395 0.000 0.433 0.000 0.603 0.856 3.371 0.570 0.000 2.091 0.947 0.000 0.000 0.000 0.000 0.000 2.935 
1 test2fip_inconsistent right_hidden
2.241 0.000 0.000 2.399 0.416 1.104 0.000 1.405 0.000 3.804 1.430 0.000 0.309 0.155 0.000 0.000 0.000 0.000 0.000 2.905 
---
0 test2fip_consistent left_hidden
0.000 1.460 3.843 0.000 0.209 0.000 1.001 0.950 0.000 0.000 0.510 0.000 0.000 0.000 1.761 0.033 2.189 1.877 0.000 0.000 
0 test2fip_consistent right_hidden
0.000 3.006 0.000 0.000 0.047 0.000 0.000 0.000 1.909 0.000 0.500 1.813 0.000 0.000 0.721 2.257 0.667 0.618 0.638 0.000 
---
1 test2fip_inconsistent left_hidden
0.000 1.460 3.843 0.000 0.209 0.000 1.001 0.950 0.000 0.000 0.510 0.000 0.000 0.000 1.761 0.033 2.189 1.877 0.000 0.000 
1 test2fip_inconsistent right_hidden
0.000 3.538 3.060 0.000 0.000 0.000 0.000 0.000 1.914 0.000 1.486 0.969 0.671 0.292 2.277 0.000 2.577 0.867 0.248 0.000 
---
0 test2fip_consistent left_hidden
0.466 0.000 0.383 0.302 0.000 0.000 0.762 0.000 0.278 2.971 0.000 3.086 0.008 0.411 2.310 1.885 0.000 1.493 0.000 0.000 
0 test2fip_consistent right_hidden
0.000 0.000 0.064 2.493 0.000 0.860 0.000 0.000 1.097 0.175 0.000 0.650 1.542 0.000 2.116 0.119 2.137 0.354 0.000 0.000 
---
1 test2fip_inconsistent left_hidden
0.466 0.000 0.383 0.302 0.000 0.000 0.762 0.000 0.278 2.971 0.000 3.086 0.008 0.411 2.310 1.885 0.000 1.493 0.000 0.000 
1 test2fip_inconsistent right_hidden
0.000 0.000 0.070 1.453 0.000 0.000 0.047 0.000 0.470 4.091 0.000 3.327 1.077 0.000 4.051 1.894 1.366 0.061 0.000 0.000 
---
0 test2fip_consistent left_hidden
0.000 1.078 2.540 0.309 1.857 0.000 0.000 0.000 0.487 0.000 0.000 1.705 0.000 0.173 0.000 0.000 3.550 1.525 3.537 0.000 
0 test2fip_consistent right_hidden
0.000 0.000 2.379 0.174 0.000 0.000 3.084 0.000 0.000 0.000 0.000 0.841 0.020 2.964 0.000 0.000 0.000 0.518 0.470 0.000 
---
1 test2fip_inconsistent left_hidden
0.000 1.078 2.540 0.309 1.857 0.000 0.000 0.000 0.487 0.000 0.000 1.705 0.000 0.173 0.000 0.000 3.550 1.525 3.537 0.000 
1 test2fip_inconsistent right_hidden
0.000 0.000 2.363 0.816 0.963 0.000 1.912 0.000 0.000 0.000 0.000 1.419 0.000 3.558 0.000 0.000 2.565 2.246 3.802 0.000 
---
0 test2fip_consistent left_hidden
0.000 0.000 2.603 0.000 0.000 0.000 0.000 0.000 0.052 0.000 0.000 4.118 0.000 2.662 1.141 1.345 0.000 0.000 0.000 0.666 
0 test2fip_consistent right_hidden
3.215 0.000 1.742 0.021 0.347 0.704 0.016 0.000 0.082 1.810 0.245 0.000 0.000 0.855 0.000 0.000 0.000 0.000 0.000 0.000 
---
1 test2fip_inconsistent left_hidden
0.000 0.000 2.603 0.000 0.000 0.000 0.000 0.000 0.052 0.000 0.000 4.118 0.000 2.662 1.141 1.345 0.000 0.000 0.000 0.666 
1 test2fip_inconsistent right_hidden
2.783 0.127 2.792 0.000 0.078 0.798 0.000 0.000 0.055 1.600 0.000 4.159 0.000 2.904 0.519 1.232 0.000 0.050 0.000 0.000 
---
0 test2fip_consistent left_hidden
2.501 0.000 0.153 4.445 0.000 0.000 0.000 0.000 0.000 0.629 0.000 0.000 2.190 0.061 0.000 0.787 0.000 0.970 3.105 0.000 
0 test2fip_consistent right_hidden
0.000 0.000 2.444 0.000 0.000 0.000 0.000 0.000 0.331 0.000 0.000 0.000 0.000 0.009 0.000 2.599 0.975 1.083 3.068 0.000 
---
1 test2fip_inconsistent left_hidden
2.501 0.000 0.153 4.445 0.000 0.000 0.000 0.000 0.000 0.629 0.000 0.000 2.190 0.061 0.000 0.787 0.000 0.970 3.105 0.000 
1 test2fip_inconsistent right_hidden
0.000 0.000 1.006 2.705 0.000 0.000 0.000 0.000 0.000 0.000 0.000 0.000 1.862 0.000 0.000 1.669 0.159 0.995 5.338 0.000 
---
0 test2fip_consistent left_hidden
0.000 0.000 0.000 0.000 1.161 1.901 0.000 0.084 0.000 0.000 0.000 0.000 1.080 0.000 0.164 2.752 1.252 0.893 3.887 0.333 
0 test2fip_consistent right_hidden
0.000 0.158 0.015 0.037 2.504 1.508 0.048 0.421 1.184 0.000 0.000 0.000 0.000 0.024 0.000 0.212 1.859 0.108 0.020 1.167 
---
1 test2fip_inconsistent left_hidden
0.000 0.000 0.000 0.000 1.161 1.901 0.000 0.084 0.000 0.000 0.000 0.000 1.080 0.000 0.164 2.752 1.252 0.893 3.887 0.333 
1 test2fip_inconsistent right_hidden
0.000 0.000 0.000 0.000 0.886 0.796 0.000 0.597 0.043 0.000 0.000 0.000 0.000 0.000 0.215 2.215 4.044 1.760 3.571 0.793 
---
0 test2fip_consistent left_hidden
0.763 1.763 0.000 0.000 0.000 1.716 1.081 0.000 0.567 0.749 0.560 0.000 0.000 0.000 2.218 1.870 2.174 0.468 2.677 0.197 
0 test2fip_consistent right_hidden
0.203 0.150 0.000 0.000 2.496 0.000 1.147 1.078 1.280 0.329 1.868 0.865 0.000 0.000 0.000 0.000 0.103 0.000 0.840 0.004 
---
1 test2fip_inconsistent left_hidden
0.763 1.763 0.000 0.000 0.000 1.716 1.081 0.000 0.567 0.749 0.560 0.000 0.000 0.000 2.218 1.870 2.174 0.468 2.677 0.197 
1 test2fip_inconsistent right_hidden
1.301 2.738 0.000 0.000 1.631 0.871 2.648 0.761 2.229 0.694 1.709 0.000 0.000 0.000 0.568 0.000 3.248 0.980 1.452 0.000 
---
0 test2fip_consistent left_hidden
0.030 0.248 2.684 0.000 0.000 1.058 0.087 0.334 1.729 0.000 0.000 0.000 0.739 0.000 3.814 0.750 0.474 0.000 0.000 1.907 
0 test2fip_consistent right_hidden
0.825 0.000 0.000 0.000 0.000 0.366 3.387 0.056 0.100 0.268 0.000 0.000 0.339 0.000 1.578 0.000 1.671 0.000 0.713 0.403 
---
1 test2fip_inconsistent left_hidden
0.030 0.248 2.684 0.000 0.000 1.058 0.087 0.334 1.729 0.000 0.000 0.000 0.739 0.000 3.814 0.750 0.474 0.000 0.000 1.907 
1 test2fip_inconsistent right_hidden
0.117 0.000 1.460 0.000 0.000 2.492 1.809 0.434 1.609 1.074 0.000 0.000 2.075 0.000 4.438 0.580 1.598 0.000 0.000 2.072 
---
0 test2fip_consistent left_hidden
0.000 0.000 0.000 1.240 0.000 0.000 1.292 0.000 0.819 0.000 0.000 0.000 1.033 0.000 1.297 0.000 4.208 0.826 0.758 2.612 
0 test2fip_consistent right_hidden
1.163 0.201 0.000 2.174 0.000 0.000 0.000 0.000 1.596 0.000 1.648 0.000 0.000 1.753 0.876 0.000 0.081 0.000 0.385 1.677 
---
1 test2fip_inconsistent left_hidden
0.000 0.000 0.000 1.240 0.000 0.000 1.292 0.000 0.819 0.000 0.000 0.000 1.033 0.000 1.297 0.000 4.208 0.826 0.758 2.612 
1 test2fip_inconsistent right_hidden
0.601 0.734 3.482 1.495 0.000 0.000 0.000 0.000 0.929 0.000 0.967 0.000 0.000 1.623 2.264 0.000 3.451 0.470 1.144 2.815 
---
0 test2fip_consistent left_hidden
0.695 0.000 0.584 0.000 1.042 0.000 0.000 0.000 0.006 0.000 0.731 3.072 1.129 0.300 1.243 2.038 3.766 0.000 0.000 0.161 
0 test2fip_consistent right_hidden
1.729 0.000 0.000 0.617 0.000 2.002 0.000 0.000 1.123 0.000 2.144 0.000 0.048 0.000 0.533 1.146 0.000 1.762 0.000 0.000 
---
1 test2fip_inconsistent left_hidden
0.695 0.000 0.584 0.000 1.042 0.000 0.000 0.000 0.006 0.000 0.731 3.072 1.129 0.300 1.243 2.038 3.766 0.000 0.000 0.161 
1 test2fip_inconsistent right_hidden
0.000 0.000 0.939 0.000 0.484 1.771 0.000 0.000 1.714 0.050 1.364 2.296 1.912 0.000 0.315 3.126 2.233 0.589 0.000 0.000 
---
0 test2fip_consistent left_hidden
0.000 0.000 0.000 1.193 0.000 0.940 0.000 1.526 3.987 0.000 0.148 0.262 0.000 1.621 1.148 0.000 2.965 0.000 0.000 0.665 
0 test2fip_consistent right_hidden
0.352 0.000 0.000 0.354 0.000 2.816 0.000 0.000 0.673 0.000 0.000 1.658 1.318 0.634 0.899 0.420 0.138 1.952 0.000 0.830 
---
1 test2fip_inconsistent left_hidden
0.000 0.000 0.000 1.193 0.000 0.940 0.000 1.526 3.987 0.000 0.148 0.262 0.000 1.621 1.148 0.000 2.965 0.000 0.000 0.665 
1 test2fip_inconsistent right_hidden
0.000 0.000 0.000 1.995 0.000 1.668 0.000 1.025 4.125 0.000 0.000 1.873 0.873 1.974 3.246 0.171 1.809 1.471 0.000 1.129 
---
0 test2fip_consistent left_hidden
1.985 0.000 2.551 0.583 0.000 0.260 0.224 0.184 1.926 0.117 1.218 1.762 0.000 0.000 2.196 2.998 0.012 0.920 0.000 0.453 
0 test2fip_consistent right_hidden
0.000 0.000 0.067 1.110 1.323 1.006 0.000 0.510 0.538 0.000 0.311 0.039 0.000 2.458 0.228 0.312 0.000 0.000 0.000 0.000 
---
1 test2fip_inconsistent left_hidden
1.985 0.000 2.551 0.583 0.000 0.260 0.224 0.184 1.926 0.117 1.218 1.762 0.000 0.000 2.196 2.998 0.012 0.920 0.000 0.453 
1 test2fip_inconsistent right_hidden
0.514 0.000 2.129 1.145 0.849 0.018 0.000 0.406 2.112 0.000 0.904 1.076 0.000 0.000 3.032 2.519 0.000 0.000 0.000 0.000 
---
0 test2fip_consistent left_hidden
1.224 0.000 0.000 2.308 0.000 0.853 0.000 0.774 0.882 0.000 1.950 3.080 0.000 1.678 1.211 0.290 1.874 0.071 0.000 0.000 
0 test2fip_consistent right_hidden
2.752 0.039 0.000 0.126 0.000 0.051 0.000 1.765 1.450 0.513 0.025 0.428 2.000 0.036 0.001 0.653 0.265 0.000 1.550 0.000 
---
1 test2fip_inconsistent left_hidden
1.224 0.000 0.000 2.308 0.000 0.853 0.000 0.774 0.882 0.000 1.950 3.080 0.000 1.678 1.211 0.290 1.874 0.071 0.000 0.000 
1 test2fip_inconsistent right_hidden
3.494 0.000 0.000 2.859 0.000 0.123 0.000 1.591 1.079 0.663 0.819 3.160 0.481 0.546 2.379 0.125 2.053 0.000 1.189 0.000 
---
0 test2fip_consistent left_hidden
1.080 1.609 0.000 0.695 2.142 1.164 0.000 0.021 0.000 2.777 0.151 2.735 2.189 0.000 0.405 0.436 2.415 1.206 0.588 0.000 
0 test2fip_consistent right_hidden
0.000 0.021 0.750 0.000 0.000 0.298 2.214 0.000 0.073 0.064 0.000 0.844 1.657 0.000 0.000 2.039 0.000 0.000 0.000 0.000 
---
1 test2fip_inconsistent left_hidden
1.080 1.609 0.000 0.695 2.142 1.164 0.000 0.021 0.000 2.777 0.151 2.735 2.189 0.000 0.405 0.436 2.415 1.206 0.588 0.000 
1 test2fip_inconsistent right_hidden
0.053 1.520 0.013 0.000 0.224 0.474 1.208 0.000 0.000 2.616 0.019 3.311 1.281 0.000 0.000 1.523 3.352 0.000 0.000 0.000 
---
0 test2fip_consistent left_hidden
0.820 0.000 0.000 2.096 0.314 0.203 0.297 0.000 0.000 2.271 1.193 0.401 2.855 0.000 3.135 2.076 0.000 1.690 0.000 0.000 
0 test2fip_consistent right_hidden
0.071 0.000 0.000 2.181 0.000 1.311 0.355 1.702 0.584 0.000 0.000 0.000 0.000 0.122 0.000 1.555 0.000 0.837 0.245 0.690 
---
1 test2fip_inconsistent left_hidden
0.820 0.000 0.000 2.096 0.314 0.203 0.297 0.000 0.000 2.271 1.193 0.401 2.855 0.000 3.135 2.076 0.000 1.690 0.000 0.000 
1 test2fip_inconsistent right_hidden
2.037 0.000 0.000 1.736 0.000 0.000 0.803 1.448 0.252 0.000 0.165 0.222 1.955 0.000 2.445 2.070 0.000 3.154 0.028 0.000 
---
0 test2fip_consistent left_hidden
0.959 0.000 0.000 0.000 0.000 0.000 0.696 2.155 0.000 0.228 0.000 2.366 2.230 0.000 0.000 0.000 0.000 0.000 3.091 3.459 
0 test2fip_consistent right_hidden
0.000 0.000 0.000 0.000 1.011 0.000 2.002 1.519 0.000 1.694 0.000 0.000 0.000 0.000 3.109 0.000 0.000 1.547 0.000 1.714 
---
1 test2fip_inconsistent left_hidden
0.959 0.000 0.000 0.000 0.000 0.000 0.696 2.155 0.000 0.228 0.000 2.366 2.230 0.000 0.000 0.000 0.000 0.000 3.091 3.459 
1 test2fip_inconsistent right_hidden
0.000 0.000 0.000 0.000 1.204 0.000 0.687 0.930 0.000 0.975 0.000 1.198 1.326 0.000 2.976 0.000 0.000 0.000 2.765 4.260 
---
0 test2fip_consistent left_hidden
1.187 0.000 1.814 1.235 0.000 2.241 4.916 0.000 0.000 0.000 0.523 0.124 0.000 0.640 0.000 0.000 0.051 0.000 0.676 0.706 
0 test2fip_consistent right_hidden
0.038 0.000 0.000 1.255 0.000 0.000 0.070 0.950 0.000 0.611 0.000 0.691 0.000 0.000 0.000 3.471 0.000 0.000 0.681 1.421 
---
1 test2fip_inconsistent left_hidden
1.187 0.000 1.814 1.235 0.000 2.241 4.916 0.000 0.000 0.000 0.523 0.124 0.000 0.640 0.000 0.000 0.051 0.000 0.676 0.706 
1 test2fip_inconsistent right_hidden
1.729 0.000 0.000 1.904 0.000 1.994 3.345 0.000 0.000 0.285 0.000 0.935 0.000 0.030 0.000 2.002 1.290 0.000 1.415 2.747 
---
0 test2fip_consistent left_hidden
0.025 0.493 0.044 0.000 0.000 0.000 1.441 0.011 0.000 0.000 2.169 0.000 0.000 0.000 0.000 0.000 5.329 0.000 0.000 1.165 
0 test2fip_consistent right_hidden
0.211 0.000 1.334 0.000 0.308 0.821 0.000 1.163 0.868 1.336 0.000 0.000 0.000 0.000 3.214 0.000 1.484 1.457 0.000 0.000 
---
1 test2fip_inconsistent left_hidden
0.025 0.493 0.044 0.000 0.000 0.000 1.441 0.011 0.000 0.000 2.169 0.000 0.000 0.000 0.000 0.000 5.329 0.000 0.000 1.165 
1 test2fip_inconsistent right_hidden
0.000 0.508 0.857 0.000 0.135 0.161 0.073 0.054 0.177 0.899 0.000 0.000 0.000 0.000 1.439 0.000 6.457 1.352 0.000 1.570 
---
0 test2fip_consistent left_hidden
1.364 0.000 1.152 2.659 0.487 1.102 2.112 0.299 0.000 0.000 0.133 0.000 0.027 0.027 1.196 2.292 0.000 1.376 0.000 2.343 
0 test2fip_consistent right_hidden
0.000 0.000 1.529 0.832 0.000 0.000 0.253 2.036 0.000 1.864 0.023 1.575 0.000 1.328 0.000 0.000 2.056 0.000 0.000 0.461 
---
1 test2fip_inconsistent left_hidden
1.364 0.000 1.152 2.659 0.487 1.102 2.112 0.299 0.000 0.000 0.133 0.000 0.027 0.027 1.196 2.292 0.000 1.376 0.000 2.343 
1 test2fip_inconsistent right_hidden
1.844 0.000 0.776 3.210 0.642 0.686 0.487 1.211 0.000 1.526 0.143 0.886 0.000 0.165 0.000 1.302 2.036 1.255 0.000 1.769 
---
0 test2fip_consistent left_hidden
0.000 0.000 0.155 0.000 0.000 0.000 1.811 2.276 0.000 0.000 0.000 0.000 0.000 5.483 0.000 1.129 0.000 0.000 0.347 0.933 
0 test2fip_consistent right_hidden
0.000 0.000 1.382 0.000 0.288 1.013 0.302 0.000 0.793 0.000 2.036 0.000 0.000 1.205 2.909 0.007 0.078 0.000 0.183 1.028 
---
1 test2fip_inconsistent left_hidden
0.000 0.000 0.155 0.000 0.000 0.000 1.811 2.276 0.000 0.000 0.000 0.000 0.000 5.483 0.000 1.129 0.000 0.000 0.347 0.933 
1 test2fip_inconsistent right_hidden
0.000 0.000 0.564 0.000 0.285 0.962 0.191 0.000 0.151 0.000 1.494 0.000 0.000 5.638 1.006 0.000 0.000 0.000 1.372 1.428 
---
0 test2fip_consistent left_hidden
0.000 0.000 2.492 0.000 0.000 1.691 0.000 1.349 0.000 0.468 0.000 0.222 4.128 1.307 0.000 0.000 0.352 0.000 0.614 1.384 
0 test2fip_consistent right_hidden
0.000 2.686 1.332 0.000 0.000 0.000 0.000 1.601 0.004 0.430 1.565 0.000 0.865 0.000 0.000 0.000 0.000 0.127 0.000 0.612 
---
1 test2fip_inconsistent left_hidden
0.000 0.000 2.492 0.000 0.000 1.691 0.000 1.349 0.000 0.468 0.000 0.222 4.128 1.307 0.000 0.000 0.352 0.000 0.614 1.384 
1 test2fip_inconsistent right_hidden
0.000 2.094 1.023 0.000 1.379 2.206 0.000 2.892 0.078 0.789 0.638 0.000 4.298 0.559 0.000 0.000 0.000 1.263 0.000 0.358 
---
0 test2fip_consistent left_hidden
2.287 0.000 0.000 0.417 0.809 0.763 1.357 0.774 2.020 2.920 2.055 0.584 0.809 0.289 0.635 0.000 0.854 0.564 0.000 0.000 
0 test2fip_consistent right_hidden
1.665 0.326 0.000 0.307 1.216 0.000 0.000 0.078 1.024 0.243 0.000 2.161 0.000 0.701 1.665 0.283 0.074 0.000 2.427 0.000 
---
1 test2fip_inconsistent left_hidden
2.287 0.000 0.000 0.417 0.809 0.763 1.357 0.774 2.020 2.920 2.055 0.584 0.809 0.289 0.635 0.000 0.854 0.564 0.000 0.000 
1 test2fip_inconsistent right_hidden
4.014 0.396 0.000 0.965 1.910 0.000 0.794 0.801 2.160 3.158 1.933 1.914 0.000 0.096 0.375 0.000 0.963 0.000 1.878 0.000 
---
0 test2fip_consistent left_hidden
0.000 0.000 0.000 0.399 0.726 0.000 2.718 1.878 3.369 1.191 0.000 0.225 0.377 0.000 1.861 1.836 0.000 0.000 0.455 0.398 
0 test2fip_consistent right_hidden
0.000 0.000 0.000 3.402 0.260 0.000 0.000 0.250 0.000 0.131 0.000 1.394 2.315 0.000 1.213 0.793 0.455 0.000 0.000 0.879 
---
1 test2fip_inconsistent left_hidden
0.000 0.000 0.000 0.399 0.726 0.000 2.718 1.878 3.369 1.191 0.000 0.225 0.377 0.000 1.861 1.836 0.000 0.000 0.455 0.398 
1 test2fip_inconsistent right_hidden
0.000 0.000 0.000 3.668 1.574 0.000 2.093 2.840 3.132 0.000 0.000 0.090 2.317 0.000 0.000 1.398 0.675 0.000 0.000 1.111 
---
0 test2fip_consistent left_hidden
1.198 0.361 0.018 0.000 0.620 0.000 1.475 0.000 2.684 0.280 0.000 3.916 1.256 0.940 0.000 0.000 1.039 0.494 0.000 0.510 
0 test2fip_consistent right_hidden
0.339 2.434 0.000 0.000 0.000 0.000 0.000 0.000 1.610 2.684 0.000 1.493 0.078 0.000 0.907 0.017 0.000 0.000 0.843 0.000 
---
1 test2fip_inconsistent left_hidden
1.198 0.361 0.018 0.000 0.620 0.000 1.475 0.000 2.684 0.280 0.000 3.916 1.256 0.940 0.000 0.000 1.039 0.494 0.000 0.510 
1 test2fip_inconsistent right_hidden
0.321 0.657 0.000 0.000 0.969 0.000 0.191 0.000 3.904 1.339 0.000 4.727 1.698 0.871 0.073 0.000 0.000 0.000 0.000 0.000 
---
0 test2fip_consistent left_hidden
1.186 0.000 0.140 0.000 0.000 0.558 0.053 0.000 0.240 3.191 1.539 0.000 0.000 1.327 1.351 1.305 3.636 1.688 1.505 0.000 
0 test2fip_consistent right_hidden
0.000 1.705 2.045 3.360 0.000 0.000 1.058 0.865 0.000 0.374 0.000 0.832 0.000 0.278 0.000 1.093 0.000 0.055 0.550 0.000 
---
1 test2fip_inconsistent left_hidden
1.186 0.000 0.140 0.000 0.000 0.558 0.053 0.000 0.240 3.191 1.539 0.000 0.000 1.327 1.351 1.305 3.636 1.688 1.505 0.000 
1 test2fip_inconsistent right_hidden
0.000 0.971 1.376 2.955 0.000 0.000 0.639 0.000 0.000 5.068 0.000 0.130 0.000 0.380 0.000 1.493 2.051 0.078 2.198 0.000 
---
0 test2fip_consistent left_hidden
0.000 0.000 2.434 0.000 1.650 0.000 0.174 1.725 0.000 0.000 0.000 0.352 0.000 0.189 1.164 0.794 0.032 1.379 0.000 5.331 
0 test2fip_consistent right_hidden
1.740 0.039 0.048 0.000 0.918 0.000 1.108 0.153 0.000 0.000 0.000 0.038 0.000 0.777 1.172 3.467 0.000 1.848 0.000 0.831 
---
1 test2fip_inconsistent left_hidden
0.000 0.000 2.434 0.000 1.650 0.000 0.174 1.725 0.000 0.000 0.000 0.352 0.000 0.189 1.164 0.794 0.032 1.379 0.000 5.331 
1 test2fip_inconsistent right_hidden
2.052 0.000 0.445 0.000 2.332 0.016 1.080 2.124 0.000 0.000 0.000 0.152 0.000 0.798 0.000 2.522 0.000 0.752 0.000 5.270 
---
0 test2fip_consistent left_hidden
3.585 1.877 0.786 0.010 0.000 0.027 2.207 0.000 1.619 0.000 0.000 0.543 0.404 1.492 0.000 0.000 0.095 1.382 0.027 1.582 
0 test2fip_consistent right_hidden
0.000 0.033 0.000 0.000 0.000 0.084 0.000 0.000 0.072 0.000 0.052 3.021 0.000 2.049 0.000 0.000 0.000 1.637 0.000 0.000 
---
1 test2fip_inconsistent left_hidden
3.585 1.877 0.786 0.010 0.000 0.027 2.207 0.000 1.619 0.000 0.000 0.543 0.404 1.492 0.000 0.000 0.095 1.382 0.027 1.582 
1 test2fip_inconsistent right_hidden
3.262 0.454 1.126 0.000 0.000 0.127 0.830 0.000 1.490 0.000 0.000 1.998 0.560 3.414 0.000 0.000 0.000 1.273 0.000 0.376 
---
0 test2fip_consistent left_hidden
0.823 1.381 0.302 0.000 2.166 2.553 0.868 0.000 0.306 0.010 0.184 0.000 0.000 1.176 0.000 1.208 0.437 4.494 0.000 1.044 
0 test2fip_consistent right_hidden
0.000 0.354 1.137 0.000 0.358 0.172 0.004 0.010 0.000 0.000 1.109 1.885 0.858 0.000 1.124 0.518 0.000 0.449 0.000 0.126 
---
1 test2fip_inconsistent left_hidden
0.823 1.381 0.302 0.000 2.166 2.553 0.868 0.000 0.306 0.010 0.184 0.000 0.000 1.176 0.000 1.208 0.437 4.494 0.000 1.044 
1 test2fip_inconsistent right_hidden
0.319 1.780 0.276 0.000 0.951 3.491 0.060 0.000 0.000 0.000 0.914 0.781 0.000 0.000 1.048 0.418 0.000 4.146 0.000 0.847 
---
0 test2fip_consistent left_hidden
1.299 1.110 0.000 0.000 0.012 3.756 0.000 1.336 2.500 0.000 0.000 0.000 1.861 0.000 3.031 0.395 0.000 0.000 1.845 0.000 
0 test2fip_consistent right_hidden
0.597 0.000 0.118 0.000 0.053 1.581 3.122 3.173 0.000 0.249 0.493 0.000 0.000 0.000 0.000 0.000 0.000 1.540 0.088 0.000 
---
1 test2fip_inconsistent left_hidden
1.299 1.110 0.000 0.000 0.012 3.756 0.000 1.336 2.500 0.000 0.000 0.000 1.861 0.000 3.031 0.395 0.000 0.000 1.845 0.000 
1 test2fip_inconsistent right_hidden
0.561 0.000 0.050 0.000 0.000 1.953 1.546 4.439 1.840 0.000 0.458 0.000 0.000 0.000 3.975 0.000 0.000 0.922 0.670 0.000 
---
0 test2fip_consistent left_hidden
2.192 0.000 0.302 0.000 2.280 0.676 1.869 0.000 0.121 0.000 0.000 3.788 0.199 2.584 0.000 0.474 0.000 0.000 0.000 0.000 
0 test2fip_consistent right_hidden
0.006 0.000 1.855 0.000 0.323 0.034 0.000 0.000 0.000 0.000 0.000 1.131 1.658 0.140 0.239 1.258 0.423 0.000 0.467 2.268 
---
1 test2fip_inconsistent left_hidden
2.192 0.000 0.302 0.000 2.280 0.676 1.869 0.000 0.121 0.000 0.000 3.788 0.199 2.584 0.000 0.474 0.000 0.000 0.000 0.000 
1 test2fip_inconsistent right_hidden
1.964 0.000 1.155 0.000 2.411 0.012 0.993 0.000 0.000 0.000 0.000 4.230 0.631 2.634 0.000 1.209 0.000 0.000 0.190 1.384 
---
0 test2fip_consistent left_hidden
0.000 0.000 1.945 0.000 1.310 1.274 0.991 0.233 2.651 0.000 3.990 1.020 0.000 0.000 0.000 0.000 0.800 0.000 0.000 0.919 
0 test2fip_consistent right_hidden
0.440 0.118 2.839 0.000 0.000 0.824 0.000 0.000 0.000 1.481 1.328 0.839 0.000 2.188 0.000 0.000 0.000 0.905 0.000 0.000 
---
1 test2fip_inconsistent left_hidden
0.000 0.000 1.945 0.000 1.310 1.274 0.991 0.233 2.651 0.000 3.990 1.020 0.000 0.000 0.000 0.000 0.800 0.000 0.000 0.919 
1 test2fip_inconsistent right_hidden
1.783 0.012 1.467 0.000 1.155 1.799 2.163 0.000 1.101 0.481 4.938 0.357 0.000 1.538 0.000 0.000 0.000 0.000 0.000 1.940 
---
0 test2fip_consistent left_hidden
1.629 4.117 0.000 0.573 0.000 0.718 1.556 0.000 2.373 2.177 0.000 0.650 0.000 1.464 1.188 0.000 0.000 0.000 0.000 0.314 
0 test2fip_consistent right_hidden
1.553 3.595 0.000 0.000 1.355 0.156 0.177 0.000 0.113 0.131 0.000 0.000 0.000 0.606 0.000 0.000 0.000 0.000 1.324 0.000 
---
1 test2fip_inconsistent left_hidden
1.629 4.117 0.000 0.573 0.000 0.718 1.556 0.000 2.373 2.177 0.000 0.650 0.000 1.464 1.188 0.000 0.000 0.000 0.000 0.314 
1 test2fip_inconsistent right_hidden
1.511 6.007 0.000 0.060 0.341 1.025 2.562 0.000 2.074 2.742 0.000 0.000 0.000 0.808 0.000 0.000 0.000 0.000 0.701 0.000 
---
0 test2fip_consistent left_hidden
0.015 2.910 1.381 0.000 0.000 1.629 2.683 0.218 0.000 2.533 0.000 0.278 0.000 0.009 2.686 1.296 0.000 1.527 0.000 0.000 
0 test2fip_consistent right_hidden
0.003 3.580 0.729 0.000 0.000 0.000 1.001 0.000 0.000 0.477 0.000 2.403 0.000 0.000 0.193 0.256 0.000 0.022 0.000 0.071 
---
1 test2fip_inconsistent left_hidden
0.015 2.910 1.381 0.000 0.000 1.629 2.683 0.218 0.000 2.533 0.000 0.278 0.000 0.009 2.686 1.296 0.000 1.527 0.000 0.000 
1 test2fip_inconsistent right_hidden
0.000 4.586 0.370 0.000 0.000 0.838 0.221 0.000 0.000 3.818 0.000 1.194 0.000 0.000 3.484 1.406 0.000 0.210 0.000 0.000 
---
0 test2fip_consistent left_hidden
1.273 0.204 0.000 0.663 1.448 0.000 0.000 1.390 0.000 2.783 0.280 0.000 2.412 0.000 3.589 0.000 0.779 0.168 0.446 0.000 
0 test2fip_consistent right_hidden
0.892 1.101 0.000 0.163 3.181 0.562 0.271 0.032 0.000 1.272 0.340 0.493 1.257 0.036 0.110 0.000 0.038 0.000 0.000 0.000 
---
1 test2fip_inconsistent left_hidden
1.273 0.204 0.000 0.663 1.448 0.000 0.000 1.390 0.000 2.783 0.280 0.000 2.412 0.000 3.589 0.000 0.779 0.168 0.446 0.000 
1 test2fip_inconsistent right_hidden
3.016 0.727 0.000 0.150 3.605 0.000 0.000 1.596 0.000 1.470 0.630 0.000 3.389 0.000 3.769 0.000 0.901 0.000 0.000 0.000 
---
0 test2fip_consistent left_hidden
2.566 0.000 2.788 1.393 0.000 0.000 0.000 0.000 1.653 0.740 2.146 0.949 0.000 0.487 0.000 0.571 0.889 2.444 0.000 0.000 
0 test2fip_consistent right_hidden
1.751 0.000 0.134 3.151 0.000 0.000 0.000 0.094 0.366 0.000 1.254 1.243 0.675 1.076 0.565 0.082 0.000 0.000 0.000 0.597 
---
1 test2fip_inconsistent left_hidden
2.566 0.000 2.788 1.393 0.000 0.000 0.000 0.000 1.653 0.740 2.146 0.949 0.000 0.487 0.000 0.571 0.889 2.444 0.000 0.000 
1 test2fip_inconsistent right_hidden
4.358 0.000 0.608 1.356 0.000 0.000 0.000 0.000 1.051 2.309 2.928 1.613 0.000 0.763 0.000 1.412 0.000 1.060 0.000 0.000 
---
0 test2fip_consistent left_hidden
0.000 0.000 0.000 0.584 0.000 0.074 0.717 0.000 1.317 0.446 1.800 0.000 0.000 2.264 1.732 1.607 0.918 1.610 0.018 3.769 
0 test2fip_consistent right_hidden
1.575 0.000 0.000 2.123 0.145 3.136 0.785 0.000 1.120 0.000 0.000 1.009 0.000 0.181 0.070 0.206 0.000 0.431 0.072 0.000 
---
1 test2fip_inconsistent left_hidden
0.000 0.000 0.000 0.584 0.000 0.074 0.717 0.000 1.317 0.446 1.800 0.000 0.000 2.264 1.732 1.607 0.918 1.610 0.018 3.769 
1 test2fip_inconsistent right_hidden
0.905 0.000 0.000 2.909 0.983 2.144 0.000 0.000 1.620 0.291 0.962 0.499 0.000 2.258 1.168 1.129 0.000 1.110 0.000 2.925 
---
0 test2fip_consistent left_hidden
0.000 4.558 1.544 0.000 0.000 0.000 0.000 1.826 2.073 0.000 0.975 0.000 0.000 0.000 0.000 0.000 0.000 0.000 0.000 0.469 
0 test2fip_consistent right_hidden
1.647 0.000 0.047 2.281 0.000 0.000 0.000 1.197 0.170 2.664 2.339 0.000 0.000 0.000 0.060 0.000 0.000 0.000 0.000 0.000 
---
1 test2fip_inconsistent left_hidden
0.000 4.558 1.544 0.000 0.000 0.000 0.000 1.826 2.073 0.000 0.975 0.000 0.000 0.000 0.000 0.000 0.000 0.000 0.000 0.469 
1 test2fip_inconsistent right_hidden
1.332 2.333 0.000 1.203 0.000 0.000 0.000 2.710 3.241 0.001 3.198 0.000 0.000 0.000 0.000 0.000 0.000 0.000 0.000 1.744 
---
0 test2fip_consistent left_hidden
0.000 0.000 3.113 0.000 1.665 0.000 0.000 0.000 0.000 1.882 0.600 4.165 0.312 0.000 2.310 0.000 1.612 0.372 0.000 0.000 
0 test2fip_consistent right_hidden
1.338 0.000 1.639 0.000 0.000 0.000 0.000 0.000 2.174 0.177 1.293 0.204 1.634 0.000 0.000 0.000 0.000 2.836 0.000 0.000 
---
1 test2fip_inconsistent left_hidden
0.000 0.000 3.113 0.000 1.665 0.000 0.000 0.000 0.000 1.882 0.600 4.165 0.312 0.000 2.310 0.000 1.612 0.372 0.000 0.000 
1 test2fip_inconsistent right_hidden
0.543 0.000 4.377 0.000 0.402 0.000 0.000 0.000 1.430 0.439 1.191 4.403 0.468 0.000 0.595 0.000 0.000 1.996 0.000 0.000 
---
0 test2fip_consistent left_hidden
3.096 0.193 0.000 0.819 0.004 0.000 0.000 0.000 1.317 0.000 0.000 4.150 0.034 1.039 2.053 0.000 1.048 0.000 0.000 0.523 
0 test2fip_consistent right_hidden
1.614 0.294 0.044 0.164 0.000 0.060 0.000 0.000 2.589 0.000 0.382 1.014 0.812 1.902 0.505 0.842 0.000 0.000 0.000 0.222 
---
1 test2fip_inconsistent left_hidden
3.096 0.193 0.000 0.819 0.004 0.000 0.000 0.000 1.317 0.000 0.000 4.150 0.034 1.039 2.053 0.000 1.048 0.000 0.000 0.523 
1 test2fip_inconsistent right_hidden
2.793 0.400 0.000 1.245 0.000 0.033 0.000 0.000 1.420 0.000 0.000 5.729 0.510 2.056 1.456 0.000 0.090 0.000 0.000 1.490 
---
0 test2fip_consistent left_hidden
2.295 1.098 0.000 2.279 4.571 0.360 0.000 0.000 0.000 0.249 0.000 0.000 0.000 0.412 1.817 0.000 0.399 0.000 0.073 0.000 
0 test2fip_consistent right_hidden
0.588 1.727 0.000 0.000 0.974 0.023 0.000 0.000 0.000 1.287 2.602 0.103 0.034 1.547 0.056 0.000 0.014 0.000 1.758 0.000 
---
1 test2fip_inconsistent left_hidden
2.295 1.098 0.000 2.279 4.571 0.360 0.000 0.000 0.000 0.249 0.000 0.000 0.000 0.412 1.817 0.000 0.399 0.000 0.073 0.000 
1 test2fip_inconsistent right_hidden
3.815 0.697 0.000 2.026 3.094 0.275 0.000 0.000 0.000 1.221 1.927 0.000 0.000 0.995 2.347 0.000 0.000 0.000 1.426 0.000 
---
0 test2fip_consistent left_hidden
0.000 1.004 2.881 2.342 0.912 0.000 2.017 0.000 0.000 3.263 0.000 1.355 2.477 0.000 0.000 0.490 0.041 0.000 0.558 0.000 
0 test2fip_consistent right_hidden
0.136 0.153 0.436 1.401 0.388 0.135 0.000 2.263 0.000 0.153 0.072 1.022 0.000 0.000 0.000 2.558 0.634 0.000 0.780 0.006 
---
1 test2fip_inconsistent left_hidden
0.000 1.004 2.881 2.342 0.912 0.000 2.017 0.000 0.000 3.263 0.000 1.355 2.477 0.000 0.000 0.490 0.041 0.000 0.558 0.000 
1 test2fip_inconsistent right_hidden
0.000 2.146 0.824 3.780 2.402 0.000 0.000 0.823 0.000 2.777 0.000 0.223 1.434 0.000 0.000 2.111 0.128 0.000 1.578 0.000 
---
0 test2fip_consistent left_hidden
1.321 0.344 0.496 0.000 3.227 0.311 0.000 0.000 0.284 0.000 3.987 0.698 0.000 0.000 0.099 2.581 0.000 0.000 0.719 0.000 
0 test2fip_consistent right_hidden
0.291 0.000 2.002 2.540 0.361 0.260 0.000 0.000 0.457 0.000 0.007 1.933 0.000 0.000 0.000 0.000 0.000 0.053 1.879 0.000 
---
1 test2fip_inconsistent left_hidden
1.321 0.344 0.496 0.000 3.227 0.311 0.000 0.000 0.284 0.000 3.987 0.698 0.000 0.000 0.099 2.581 0.000 0.000 0.719 0.000 
1 test2fip_inconsistent right_hidden
0.571 0.000 1.958 2.032 2.858 0.776 0.247 0.000 2.454 0.000 2.767 0.000 0.000 0.000 0.000 3.034 0.000 0.000 1.472 0.000 
---
0 test2fip_consistent left_hidden
0.578 0.270 0.000 3.661 0.000 0.000 0.000 1.144 0.370 0.018 0.010 0.095 1.278 0.000 2.903 0.000 0.000 0.000 3.310 0.000 
0 test2fip_consistent right_hidden
0.000 1.868 0.000 0.000 0.512 0.000 1.645 0.000 0.000 0.000 0.020 0.000 0.952 1.488 0.000 0.217 3.074 0.000 0.396 0.000 
---
1 test2fip_inconsistent left_hidden
0.578 0.270 0.000 3.661 0.000 0.000 0.000 1.144 0.370 0.018 0.010 0.095 1.278 0.000 2.903 0.000 0.000 0.000 3.310 0.000 
1 test2fip_inconsistent right_hidden
0.000 0.226 0.000 2.038 0.450 0.000 1.286 1.530 0.000 0.000 0.261 0.000 0.000 1.135 0.000 0.351 2.957 0.000 4.613 0.000 
---
0 test2fip_consistent left_hidden
0.000 0.000 0.501 2.608 0.000 0.172 0.000 0.000 1.184 0.000 0.000 0.375 0.000 0.000 3.101 0.000 0.000 0.000 3.522 1.677 
0 test2fip_consistent right_hidden
0.000 0.000 2.202 0.000 0.000 0.993 0.000 0.000 0.000 0.937 0.391 0.102 0.000 1.579 2.939 0.000 0.481 0.000 0.000 0.175 
---
1 test2fip_inconsistent left_hidden
0.000 0.000 0.501 2.608 0.000 0.172 0.000 0.000 1.184 0.000 0.000 0.375 0.000 0.000 3.101 0.000 0.000 0.000 3.522 1.677 
1 test2fip_inconsistent right_hidden
0.000 0.000 0.522 1.955 0.000 0.255 0.000 0.000 0.477 0.523 0.096 1.785 0.000 0.941 4.852 0.000 0.219 0.000 2.736 2.390 
---
0 test2fip_consistent left_hidden
0.220 0.325 0.000 1.241 3.603 3.243 0.000 1.540 0.719 0.000 0.000 0.000 1.116 0.000 1.799 0.000 0.959 0.000 0.000 1.504 
0 test2fip_consistent right_hidden
0.005 2.636 0.000 0.732 0.743 0.126 2.182 0.251 1.448 0.000 0.000 0.000 0.000 0.000 0.000 0.765 0.264 1.120 0.255 0.020 
---
1 test2fip_inconsistent left_hidden
0.220 0.325 0.000 1.241 3.603 3.243 0.000 1.540 0.719 0.000 0.000 0.000 1.116 0.000 1.799 0.000 0.959 0.000 0.000 1.504 
1 test2fip_inconsistent right_hidden
0.604 1.882 0.000 2.369 3.702 2.820 1.285 2.241 2.249 0.000 0.000 0.000 0.087 0.000 0.664 0.127 1.503 1.394 0.000 0.412 
---
0 test2fip_consistent left_hidden
1.709 1.700 0.000 0.947 2.099 0.253 0.000 2.749 0.589 2.610 0.000 0.000 0.000 1.739 0.000 1.215 1.150 0.064 0.000 0.000 
0 test2fip_consistent right_hidden
0.025 0.106 0.699 0.020 0.000 1.773 0.000 1.072 0.129 2.505 0.238 0.000 0.729 0.000 0.000 0.535 0.000 2.887 0.000 0.000 
---
1 test2fip_inconsistent left_hidden
1.709 1.700 0.000 0.947 2.099 0.253 0.000 2.749 0.589 2.610 0.000 0.000 0.000 1.739 0.000 1.215 1.150 0.064 0.000 0.000 
1 test2fip_inconsistent right_hidden
2.077 1.998 0.525 0.063 2.671 1.744 0.000 2.478 1.465 4.233 0.063 0.000 0.936 0.749 0.000 0.694 0.000 1.503 0.000 0.000 
---
0 test2fip_consistent left_hidden
0.083 0.000 2.049 0.000 0.354 2.534 0.000 1.801 0.000 0.670 0.000 3.857 0.000 0.000 1.160 0.179 0.000 0.467 1.712 0.000 
0 test2fip_consistent right_hidden
0.000 0.000 0.000 2.719 0.069 0.000 0.000 0.254 1.127 2.035 1.446 0.338 0.026 0.000 0.000 0.511 0.865 1.319 0.796 0.000 
---
1 test2fip_inconsistent left_hidden
0.083 0.000 2.049 0.000 0.354 2.534 0.000 1.801 0.000 0.670 0.000 3.857 0.000 0.000 1.160 0.179 0.000 0.467 1.712 0.000 
1 test2fip_inconsistent right_hidden
0.000 0.000 1.197 2.208 1.367 2.138 0.000 2.191 1.323 0.990 1.052 4.091 0.000 0.000 0.597 0.000 0.000 0.000 0.819 0.000 
---
0 test2fip_consistent left_hidden
0.000 1.034 3.145 0.000 1.395 1.610 0.000 0.000 0.000 1.544 0.000 0.000 0.000 0.015 1.042 1.961 0.873 2.864 0.000 0.000 
0 test2fip_consistent right_hidden
1.072 0.000 1.223 0.000 0.130 0.012 0.000 0.000 0.896 0.794 0.000 2.154 0.000 0.000 2.631 0.000 0.295 0.281 0.000 1.076 
---
1 test2fip_inconsistent left_hidden
0.000 1.034 3.145 0.000 1.395 1.610 0.000 0.000 0.000 1.544 0.000 0.000 0.000 0.015 1.042 1.961 0.873 2.864 0.000 0.000 
1 test2fip_inconsistent right_hidden
0.033 0.000 4.951 0.000 1.403 1.537 0.000 0.000 0.730 1.440 0.000 1.555 0.000 0.000 2.013 0.322 0.000 2.724 0.000 0.508 
---
0 test2fip_consistent left_hidden
0.178 3.180 0.000 0.000 2.800 2.154 2.372 0.000 0.000 0.000 2.738 0.000 0.000 0.000 0.000 0.000 0.000 0.074 0.000 0.000 
0 test2fip_consistent right_hidden
1.670 0.000 0.308 0.000 1.870 0.000 0.000 0.000 1.322 0.000 0.000 0.000 0.130 0.000 0.000 1.703 0.000 1.128 0.000 0.000 
---
1 test2fip_inconsistent left_hidden
0.178 3.180 0.000 0.000 2.800 2.154 2.372 0.000 0.000 0.000 2.738 0.000 0.000 0.000 0.000 0.000 0.000 0.074 0.000 0.000 
1 test2fip_inconsistent right_hidden
1.349 2.691 0.814 0.000 2.497 2.332 2.749 0.000 0.000 0.000 0.000 0.000 0.000 0.000 0.000 1.252 0.000 0.486 0.000 0.000 
---
0 test2fip_consistent left_hidden
0.496 0.000 0.467 1.428 0.000 0.220 2.312 0.000 3.043 0.000 1.139 0.595 1.826 0.000 0.220 0.971 0.000 0.000 2.104 0.166 
0 test2fip_consistent right_hidden
0.000 0.000 0.081 0.118 0.002 0.529 0.122 0.013 0.000 0.000 0.548 3.031 0.684 0.000 0.581 1.259 0.000 1.618 0.204 0.429 
---
1 test2fip_inconsistent left_hidden
0.496 0.000 0.467 1.428 0.000 0.220 2.312 0.000 3.043 0.000 1.139 0.595 1.826 0.000 0.220 0.971 0.000 0.000 2.104 0.166 
1 test2fip_inconsistent right_hidden
0.000 0.000 0.467 2.040 0.000 0.229 2.362 0.000 3.358 0.000 1.682 3.212 1.621 0.000 0.122 1.270 0.000 0.000 1.559 0.085 
---
0 test2fip_consistent left_hidden
0.102 0.838 1.555 3.004 0.000 2.920 0.000 0.000 0.000 0.175 0.000 1.253 2.127 0.269 0.000 0.026 1.568 0.237 1.230 0.000 
0 test2fip_consistent right_hidden
0.000 0.681 1.422 1.079 1.743 0.000 0.000 0.343 1.728 0.930 0.531 2.673 0.903 0.803 0.000 0.000 0.000 0.000 0.000 0.000 
---
1 test2fip_inconsistent left_hidden
0.102 0.838 1.555 3.004 0.000 2.920 0.000 0.000 0.000 0.175 0.000 1.253 2.127 0.269 0.000 0.026 1.568 0.237 1.230 0.000 
1 test2fip_inconsistent right_hidden
0.000 1.229 1.430 3.720 1.414 3.281 0.000 0.000 1.033 0.408 1.100 1.620 3.219 0.007 0.000 0.000 0.950 0.000 1.692 0.000 
---
0 test2fip_consistent left_hidden
0.000 0.483 1.399 0.000 0.000 1.455 0.000 3.303 0.000 1.444 0.000 1.289 0.000 0.858 1.542 2.010 1.212 0.000 0.000 0.000 
0 test2fip_consistent right_hidden
0.000 0.002 0.000 2.161 0.000 2.666 0.000 0.000 0.000 0.000 0.000 0.607 0.000 0.126 1.679 0.158 0.008 0.000 0.000 0.000 
---
1 test2fip_inconsistent left_hidden
0.000 0.483 1.399 0.000 0.000 1.455 0.000 3.303 0.000 1.444 0.000 1.289 0.000 0.858 1.542 2.010 1.212 0.000 0.000 0.000 
1 test2fip_inconsistent right_hidden
0.000 1.092 0.000 1.314 0.000 2.152 0.000 3.097 0.000 1.364 0.000 0.266 0.000 1.179 4.088 0.534 1.574 0.000 0.000 0.000 
---
0 test2fip_consistent left_hidden
0.852 0.409 0.160 0.000 0.430 0.000 0.000 0.345 0.831 2.350 0.638 1.254 0.000 3.841 1.601 0.000 1.409 0.981 1.893 2.130 
0 test2fip_consistent right_hidden
0.000 0.000 1.278 0.000 0.000 0.000 2.359 2.810 0.000 0.591 0.000 0.291 0.000 0.000 1.926 0.000 0.000 0.607 0.000 0.000 
---
1 test2fip_inconsistent left_hidden
0.852 0.409 0.160 0.000 0.430 0.000 0.000 0.345 0.831 2.350 0.638 1.254 0.000 3.841 1.601 0.000 1.409 0.981 1.893 2.130 
1 test2fip_inconsistent right_hidden
0.234 0.000 0.257 0.000 0.000 0.000 1.102 1.999 0.000 2.792 0.000 0.000 0.000 3.304 1.546 0.000 0.000 2.406 2.008 1.227 
---
0 test2fip_consistent left_hidden
0.376 1.482 0.348 0.000 0.000 2.002 0.000 0.000 0.515 0.000 0.000 1.229 0.000 0.000 1.684 0.000 5.117 0.000 0.000 0.000 
0 test2fip_consistent right_hidden
1.918 1.752 0.000 2.331 0.000 0.000 0.000 1.972 1.531 0.000 0.348 2.053 0.008 0.000 0.000 0.701 0.000 0.000 0.076 0.000 
---
1 test2fip_inconsistent left_hidden
0.376 1.482 0.348 0.000 0.000 2.002 0.000 0.000 0.515 0.000 0.000 1.229 0.000 0.000 1.684 0.000 5.117 0.000 0.000 0.000 
1 test2fip_inconsistent right_hidden
1.724 3.269 0.045 1.192 0.000 2.917 0.000 1.387 1.069 0.000 0.000 2.340 0.000 0.000 0.818 0.121 2.624 0.155 0.000 0.000 
---
0 test2fip_consistent left_hidden
0.443 0.378 1.363 0.951 0.000 0.000 0.000 0.000 2.493 0.157 1.363 2.135 0.083 0.975 0.970 0.332 0.000 1.450 0.605 3.045 
0 test2fip_consistent right_hidden
0.029 1.190 0.000 0.000 0.144 0.478 0.116 0.000 0.000 2.085 1.358 1.071 0.005 0.134 0.000 0.000 0.000 0.000 2.955 0.000 
---
1 test2fip_inconsistent left_hidden
0.443 0.378 1.363 0.951 0.000 0.000 0.000 0.000 2.493 0.157 1.363 2.135 0.083 0.975 0.970 0.332 0.000 1.450 0.605 3.045 
1 test2fip_inconsistent right_hidden
0.000 0.263 0.892 0.348 0.979 0.959 0.000 0.000 2.339 0.645 0.766 2.865 0.000 0.888 0.000 0.156 0.000 1.183 2.379 2.782 
---
0 test2fip_consistent left_hidden
0.000 0.000 1.627 0.000 0.000 0.000 0.000 1.667 0.000 0.000 1.307 0.000 0.000 0.063 1.987 0.723 4.946 0.000 0.000 1.456 
0 test2fip_consistent right_hidden
0.000 0.751 0.000 0.000 0.959 0.000 0.000 2.831 0.000 0.000 0.167 1.616 0.000 0.000 0.000 0.167 0.000 1.015 0.000 2.901 
---
1 test2fip_inconsistent left_hidden
0.000 0.000 1.627 0.000 0.000 0.000 0.000 1.667 0.000 0.000 1.307 0.000 0.000 0.063 1.987 0.723 4.946 0.000 0.000 1.456 
1 test2fip_inconsistent right_hidden
0.000 0.725 0.784 0.000 0.149 0.000 0.000 1.506 0.000 0.000 3.325 1.224 0.000 0.000 1.667 1.622 3.082 0.000 0.000 3.307 
---
0 test2fip_consistent left_hidden
0.000 0.000 0.000 0.000 3.981 1.473 0.776 2.146 0.384 0.840 1.625 1.961 1.240 0.000 0.000 0.104 0.000 0.000 0.000 0.000 
0 test2fip_consistent right_hidden
2.079 0.000 0.010 0.000 1.596 1.502 1.623 0.000 2.786 0.000 0.000 0.736 0.590 0.000 0.007 0.000 1.841 0.000 0.000 0.000 
---
1 test2fip_inconsistent left_hidden
0.000 0.000 0.000 0.000 3.981 1.473 0.776 2.146 0.384 0.840 1.625 1.961 1.240 0.000 0.000 0.104 0.000 0.000 0.000 0.000 
1 test2fip_inconsistent right_hidden
0.524 0.000 0.029 0.000 3.651 0.184 2.688 0.437 0.543 0.000 1.842 2.365 3.713 0.000 0.000 0.000 0.323 0.000 0.000 0.000 
---
0 test2fip_consistent left_hidden
0.000 0.397 0.025 3.973 0.000 0.000 0.029 0.000 0.091 0.000 0.334 0.000 1.063 0.000 0.000 0.000 0.000 0.000 4.229 0.000 
0 test2fip_consistent right_hidden
1.165 0.000 0.795 0.000 0.000 0.000 0.000 0.000 0.000 0.000 0.000 0.000 0.000 1.143 0.000 3.706 1.852 0.000 2.729 0.000 
---
1 test2fip_inconsistent left_hidden
0.000 0.397 0.025 3.973 0.000 0.000 0.029 0.000 0.091 0.000 0.334 0.000 1.063 0.000 0.000 0.000 0.000 0.000 4.229 0.000 
1 test2fip_inconsistent right_hidden
0.000 0.000 0.368 2.749 0.000 0.000 0.000 0.000 0.000 0.000 0.000 0.000 0.479 0.000 0.000 2.451 1.242 0.000 6.456 0.000 
---
0 test2fip_consistent left_hidden
0.000 0.000 0.134 0.000 1.502 0.000 2.120 0.884 0.000 0.002 0.000 0.000 2.812 0.000 0.000 2.983 1.466 1.572 0.251 2.601 
0 test2fip_consistent right_hidden
1.606 0.000 0.000 2.900 0.165 0.000 0.055 0.247 0.025 0.857 0.000 0.000 0.563 0.005 0.000 0.924 0.000 0.091 0.776 0.766 
---
1 test2fip_inconsistent left_hidden
0.000 0.000 0.134 0.000 1.502 0.000 2.120 0.884 0.000 0.002 0.000 0.000 2.812 0.000 0.000 2.983 1.466 1.572 0.251 2.601 
1 test2fip_inconsistent right_hidden
0.000 0.000 0.000 1.731 2.402 0.000 1.925 1.928 0.000 0.139 0.000 0.000 0.654 0.000 0.000 2.828 0.786 0.727 0.489 3.488 
---
0 test2fip_consistent left_hidden
1.966 0.908 0.485 0.000 0.000 0.000 0.000 1.694 0.000 3.689 1.913 1.028 0.000 0.000 0.000 0.973 0.542 0.193 1.955 1.166 
0 test2fip_consistent right_hidden
3.497 0.139 0.118 0.000 0.000 0.000 0.045 0.000 2.361 0.022 0.048 0.000 0.000 0.000 0.000 0.450 0.985 0.000 0.108 0.462 
---
1 test2fip_inconsistent left_hidden
1.966 0.908 0.485 0.000 0.000 0.000 0.000 1.694 0.000 3.689 1.913 1.028 0.000 0.000 0.000 0.973 0.542 0.193 1.955 1.166 
1 test2fip_inconsistent right_hidden
4.506 1.130 0.000 0.000 0.000 0.000 0.383 1.409 0.000 3.068 1.149 0.000 0.000 0.571 0.000 0.000 0.238 0.000 2.635 0.853 
---
0 test2fip_consistent left_hidden
0.000 0.503 0.000 0.729 0.000 0.000 0.000 2.268 0.141 0.000 0.000 0.150 0.000 0.000 1.517 0.000 2.679 0.485 4.036 2.870 
0 test2fip_consistent right_hidden
0.092 0.527 0.000 0.000 0.000 2.820 0.000 2.691 0.032 0.000 0.000 0.000 0.000 2.336 0.000 0.000 0.000 0.000 0.057 0.000 
---
1 test2fip_inconsistent left_hidden
0.000 0.503 0.000 0.729 0.000 0.000 0.000 2.268 0.141 0.000 0.000 0.150 0.000 0.000 1.517 0.000 2.679 0.485 4.036 2.870 
1 test2fip_inconsistent right_hidden
0.132 0.000 0.000 0.000 0.000 1.916 0.000 4.008 0.000 0.000 0.000 0.000 0.000 0.000 0.000 0.000 1.965 0.000 4.162 0.379 
---
0 test2fip_consistent left_hidden
1.113 2.116 0.000 0.000 1.359 0.000 2.737 0.531 0.679 0.066 1.411 2.559 0.270 0.000 1.465 0.000 0.000 0.000 0.000 0.279 
0 test2fip_consistent right_hidden
0.000 1.690 0.584 0.684 0.000 0.954 0.000 2.269 0.000 1.041 1.124 0.000 0.000 0.000 0.000 0.000 0.000 2.549 0.000 0.000 
---
1 test2fip_inconsistent left_hidden
1.113 2.116 0.000 0.000 1.359 0.000 2.737 0.531 0.679 0.066 1.411 2.559 0.270 0.000 1.465 0.000 0.000 0.000 0.000 0.279 
1 test2fip_inconsistent right_hidden
0.865 4.279 0.259 0.480 0.367 0.000 1.817 0.522 0.000 0.576 2.516 2.062 0.000 0.000 0.177 0.000 0.000 1.056 0.000 0.000 
---
0 test2fip_consistent left_hidden
0.000 1.621 2.979 0.822 3.791 1.431 0.474 0.083 0.676 1.793 0.000 0.815 0.725 0.000 0.000 0.554 1.656 0.024 0.000 0.213 
0 test2fip_consistent right_hidden
0.000 0.994 2.138 0.210 0.203 0.077 0.046 2.213 1.293 0.000 0.347 0.409 0.318 0.000 0.742 0.000 0.074 0.000 0.000 1.405 
---
1 test2fip_inconsistent left_hidden
0.000 1.621 2.979 0.822 3.791 1.431 0.474 0.083 0.676 1.793 0.000 0.815 0.725 0.000 0.000 0.554 1.656 0.024 0.000 0.213 
1 test2fip_inconsistent right_hidden
0.000 0.493 4.330 0.000 3.296 1.726 0.951 2.309 0.484 1.878 0.000 0.524 0.250 0.000 0.000 0.000 1.587 0.000 0.000 0.904 
---
0 test2fip_consistent left_hidden
0.000 0.237 0.305 0.272 0.000 0.210 2.910 1.485 0.000 3.140 0.000 0.197 0.000 0.000 0.000 0.000 0.000 3.369 0.000 0.000 
0 test2fip_consistent right_hidden
0.000 1.093 0.920 0.630 0.000 0.005 2.259 0.992 0.000 0.094 0.000 0.093 0.000 0.000 1.471 1.170 0.000 0.000 2.467 0.310 
---
1 test2fip_inconsistent left_hidden
0.000 0.237 0.305 0.272 0.000 0.210 2.910 1.485 0.000 3.140 0.000 0.197 0.000 0.000 0.000 0.000 0.000 3.369 0.000 0.000 
1 test2fip_inconsistent right_hidden
0.000 0.688 1.769 0.578 0.000 0.815 4.529 1.345 0.000 2.578 0.000 0.935 0.000 0.000 0.634 1.031 0.000 2.690 1.552 0.000 
---
0 test2fip_consistent left_hidden
1.141 0.000 1.788 0.018 0.569 0.467 0.000 0.892 0.000 1.747 0.833 2.455 1.125 0.000 3.215 1.058 0.000 0.118 0.000 0.000 
0 test2fip_consistent right_hidden
0.000 0.000 0.085 2.040 0.907 0.287 0.000 0.725 2.115 0.286 0.404 0.397 0.818 0.000 1.003 0.545 0.000 1.010 0.326 0.969 
---
1 test2fip_inconsistent left_hidden
1.141 0.000 1.788 0.018 0.569 0.467 0.000 0.892 0.000 1.747 0.833 2.455 1.125 0.000 3.215 1.058 0.000 0.118 0.000 0.000 
1 test2fip_inconsistent right_hidden
0.685 0.000 2.596 1.105 1.249 1.434 0.000 1.125 0.251 2.647 0.000 2.670 1.851 0.000 2.241 0.639 0.879 0.957 0.195 2.027 
---
0 test2fip_consistent left_hidden
0.000 0.433 0.000 0.000 1.817 1.646 0.000 0.427 0.792 2.095 0.358 3.622 2.026 0.000 0.000 2.610 0.000 0.000 0.775 0.000 
0 test2fip_consistent right_hidden
1.319 0.772 0.367 1.994 0.847 0.610 0.000 2.794 0.760 0.000 0.490 1.016 1.273 0.000 0.296 0.000 0.000 0.725 0.104 0.000 
---
1 test2fip_inconsistent left_hidden
0.000 0.433 0.000 0.000 1.817 1.646 0.000 0.427 0.792 2.095 0.358 3.622 2.026 0.000 0.000 2.610 0.000 0.000 0.775 0.000 
1 test2fip_inconsistent right_hidden
0.979 0.467 1.048 3.435 1.591 0.996 0.000 1.770 1.363 3.805 0.289 3.035 1.680 0.000 0.000 1.879 0.000 0.524 1.033 0.000 
---
0 test2fip_consistent left_hidden
1.990 1.515 0.259 0.000 0.775 0.486 0.000 0.173 0.449 0.832 1.734 3.850 0.000 0.154 0.019 0.000 0.000 0.000 0.000 2.607 
0 test2fip_consistent right_hidden
0.000 0.000 0.476 1.097 0.109 2.380 0.000 1.406 2.143 0.433 0.000 0.000 0.297 0.958 1.454 0.000 0.011 0.000 0.000 0.813 
---
1 test2fip_inconsistent left_hidden
1.990 1.515 0.259 0.000 0.775 0.486 0.000 0.173 0.449 0.832 1.734 3.850 0.000 0.154 0.019 0.000 0.000 0.000 0.000 2.607 
1 test2fip_inconsistent right_hidden
0.562 2.478 1.644 0.507 0.779 2.180 0.000 0.905 1.735 2.330 0.132 2.431 0.000 0.520 1.331 0.000 1.427 0.000 0.000 2.568 
---
0 test2fip_consistent left_hidden
0.051 0.000 0.000 0.135 0.725 0.000 0.047 2.280 1.091 0.147 0.000 0.000 3.533 0.000 0.000 0.000 0.000 0.000 0.000 4.146 
0 test2fip_consistent right_hidden
0.000 0.274 0.000 0.000 1.570 0.000 0.000 0.000 1.138 1.654 0.000 2.585 0.000 0.000 1.383 0.000 0.000 2.266 0.000 0.361 
---
1 test2fip_inconsistent left_hidden
0.051 0.000 0.000 0.135 0.725 0.000 0.047 2.280 1.091 0.147 0.000 0.000 3.533 0.000 0.000 0.000 0.000 0.000 0.000 4.146 
1 test2fip_inconsistent right_hidden
0.000 0.000 0.000 0.000 1.176 0.000 0.000 1.277 1.691 0.564 0.000 0.000 2.705 0.000 0.000 0.000 0.000 0.960 0.000 3.381 
---
0 test2fip_consistent left_hidden
0.000 0.172 2.579 0.000 0.000 0.427 0.000 1.746 0.000 0.334 0.000 1.162 4.027 2.169 0.000 2.403 0.000 0.124 0.552 0.495 
0 test2fip_consistent right_hidden
0.000 0.000 0.000 0.000 0.000 0.706 0.000 0.363 0.652 2.002 0.000 0.000 2.241 0.000 0.042 0.161 0.000 3.122 0.416 0.000 
---
1 test2fip_inconsistent left_hidden
0.000 0.172 2.579 0.000 0.000 0.427 0.000 1.746 0.000 0.334 0.000 1.162 4.027 2.169 0.000 2.403 0.000 0.124 0.552 0.495 
1 test2fip_inconsistent right_hidden
0.000 0.000 2.864 0.000 0.000 0.000 0.000 2.871 0.000 1.444 0.000 0.000 1.250 0.912 1.239 2.391 0.000 2.205 0.000 0.000 
---
0 test2fip_consistent left_hidden
0.436 0.320 0.000 1.051 0.126 0.160 3.388 2.840 1.673 0.232 0.000 1.972 0.000 0.938 2.009 0.000 0.000 0.371 0.022 2.194 
0 test2fip_consistent right_hidden
1.067 0.676 0.000 0.320 0.156 0.612 0.401 0.000 0.000 0.000 2.711 0.000 0.000 1.589 0.067 0.000 0.000 0.005 1.570 0.000 
---
1 test2fip_inconsistent left_hidden
0.436 0.320 0.000 1.051 0.126 0.160 3.388 2.840 1.673 0.232 0.000 1.972 0.000 0.938 2.009 0.000 0.000 0.371 0.022 2.194 
1 test2fip_inconsistent right_hidden
0.729 0.360 0.000 1.277 0.000 0.000 2.651 0.000 0.048 2.147 0.527 1.488 0.000 2.503 2.315 0.000 0.000 0.375 1.156 1.054 
---
0 test2fip_consistent left_hidden
0.245 0.230 1.474 0.000 1.330 0.000 0.000 0.000 2.660 0.000 0.637 0.568 3.243 0.315 0.729 1.341 1.678 1.472 0.764 1.553 
0 test2fip_consistent right_hidden
1.285 1.688 1.327 0.000 0.512 0.000 0.677 0.000 0.000 0.000 0.000 0.185 0.513 0.000 0.114 1.941 0.000 0.000 0.027 0.945 
---
1 test2fip_inconsistent left_hidden
0.245 0.230 1.474 0.000 1.330 0.000 0.000 0.000 2.660 0.000 0.637 0.568 3.243 0.315 0.729 1.341 1.678 1.472 0.764 1.553 
1 test2fip_inconsistent right_hidden
1.089 1.064 1.012 0.000 1.154 0.000 0.231 0.000 1.843 0.000 0.000 0.278 4.369 0.000 0.607 1.759 1.167 0.834 0.543 2.266 
---
0 test2fip_consistent left_hidden
0.000 0.000 0.108 0.007 0.170 0.000 3.459 0.000 0.000 0.000 1.485 0.865 0.000 3.962 0.000 0.632 0.000 1.655 0.000 0.000 
0 test2fip_consistent right_hidden
0.000 0.000 0.000 0.000 2.834 0.000 1.672 2.637 0.000 0.000 0.000 0.000 0.000 0.192 0.000 0.562 0.000 0.000 0.057 1.670 
---
1 test2fip_inconsistent left_hidden
0.000 0.000 0.108 0.007 0.170 0.000 3.459 0.000 0.000 0.000 1.485 0.865 0.000 3.962 0.000 0.632 0.000 1.655 0.000 0.000 
1 test2fip_inconsistent right_hidden
0.000 0.000 1.806 0.000 2.416 0.000 3.067 1.617 0.000 0.000 0.000 0.000 0.000 1.507 0.000 0.744 0.000 3.100 0.000 1.006 
---
0 test2fip_consistent left_hidden
0.000 2.114 0.000 3.483 0.000 0.000 0.750 2.037 0.923 0.000 0.000 0.000 2.410 0.971 0.000 0.000 0.000 0.000 0.647 1.573 
0 test2fip_consistent right_hidden
0.000 1.915 0.000 0.346 1.396 0.005 0.000 0.280 0.000 0.000 0.000 0.000 2.918 0.000 0.000 1.869 0.000 1.520 1.751 0.000 
---
1 test2fip_inconsistent left_hidden
0.000 2.114 0.000 3.483 0.000 0.000 0.750 2.037 0.923 0.000 0.000 0.000 2.410 0.971 0.000 0.000 0.000 0.000 0.647 1.573 
1 test2fip_inconsistent right_hidden
0.000 0.173 0.000 0.987 0.418 0.000 0.000 3.533 0.603 0.000 0.000 0.000 4.120 0.000 0.000 1.841 0.000 1.655 0.637 2.993 
---
0 test2fip_consistent left_hidden
1.357 0.858 2.364 0.376 0.000 0.000 0.000 1.094 0.000 0.000 0.000 0.000 0.490 0.000 0.037 0.000 2.991 0.495 2.684 2.689 
0 test2fip_consistent right_hidden
0.000 0.066 0.762 0.751 0.000 0.000 0.000 0.498 0.000 1.749 0.000 0.103 0.632 0.000 2.217 0.000 0.000 0.000 0.000 0.444 
---
1 test2fip_inconsistent left_hidden
1.357 0.858 2.364 0.376 0.000 0.000 0.000 1.094 0.000 0.000 0.000 0.000 0.490 0.000 0.037 0.000 2.991 0.495 2.684 2.689 
1 test2fip_inconsistent right_hidden
1.411 1.767 0.565 0.162 0.000 0.000 0.000 0.118 0.000 0.446 0.000 0.039 3.010 0.000 1.249 0.000 1.920 0.000 2.870 2.565 
---
0 test2fip_consistent left_hidden
0.348 0.000 0.233 0.618 0.609 1.725 1.294 0.000 0.000 0.000 1.264 0.000 1.823 0.000 2.313 1.564 1.886 0.000 0.000 2.205 
0 test2fip_consistent right_hidden
0.251 0.000 0.552 1.583 0.000 1.992 1.620 0.000 0.092 0.000 0.000 0.228 0.000 1.994 0.000 0.217 0.456 0.000 0.000 0.000 
---
1 test2fip_inconsistent left_hidden
0.348 0.000 0.233 0.618 0.609 1.725 1.294 0.000 0.000 0.000 1.264 0.000 1.823 0.000 2.313 1.564 1.886 0.000 0.000 2.205 
1 test2fip_inconsistent right_hidden
0.469 0.000 0.558 0.000 1.960 1.618 3.402 0.000 0.000 0.000 1.647 1.136 1.508 1.780 2.182 0.626 2.237 0.000 0.000 1.436 
---
0 test2fip_consistent left_hidden
0.000 1.330 2.518 3.737 0.000 0.615 0.000 0.836 0.000 0.000 3.033 2.762 0.000 0.000 0.000 0.000 0.000 0.038 0.000 0.410 
0 test2fip_consistent right_hidden
0.000 1.429 0.029 0.000 1.703 0.000 0.000 3.648 0.000 0.000 0.000 0.000 0.000 0.000 0.000 0.000 1.509 0.000 0.000 2.576 
---
1 test2fip_inconsistent left_hidden
0.000 1.330 2.518 3.737 0.000 0.615 0.000 0.836 0.000 0.000 3.033 2.762 0.000 0.000 0.000 0.000 0.000 0.038 0.000 0.410 
1 test2fip_inconsistent right_hidden
0.000 2.568 1.106 1.707 0.000 0.600 0.000 4.387 0.000 0.000 2.906 1.163 0.000 0.000 0.000 0.000 1.247 0.000 0.000 1.887 
---
0 test2fip_consistent left_hidden
0.000 0.000 1.989 0.000 3.817 0.074 0.000 0.000 2.109 3.578 0.000 0.000 0.820 0.381 0.000 0.000 0.000 0.000 0.970 0.000 
0 test2fip_consistent right_hidden
0.000 2.421 0.000 0.000 0.000 0.000 0.000 0.000 0.000 0.000 0.000 0.000 2.329 0.000 2.032 1.727 0.000 0.000 2.087 0.000 
---
1 test2fip_inconsistent left_hidden
0.000 0.000 1.989 0.000 3.817 0.074 0.000 0.000 2.109 3.578 0.000 0.000 0.820 0.381 0.000 0.000 0.000 0.000 0.970 0.000 
1 test2fip_inconsistent right_hidden
0.000 1.591 1.814 0.000 3.238 0.000 0.000 0.000 0.000 2.296 0.000 0.000 2.892 0.000 0.000 1.296 0.000 0.000 2.689 0.000 
---
0 test2fip_consistent left_hidden
0.000 0.710 1.615 2.883 0.219 0.000 0.040 1.130 4.520 0.000 1.449 0.000 0.259 0.386 0.822 1.675 1.051 0.000 0.000 0.392 
0 test2fip_consistent right_hidden
0.000 0.000 0.000 0.812 0.000 0.000 2.464 0.119 0.958 0.000 0.020 0.096 1.530 0.000 0.000 0.000 1.091 0.000 2.114 0.000 
---
1 test2fip_inconsistent left_hidden
0.000 0.710 1.615 2.883 0.219 0.000 0.040 1.130 4.520 0.000 1.449 0.000 0.259 0.386 0.822 1.675 1.051 0.000 0.000 0.392 
1 test2fip_inconsistent right_hidden
0.000 1.011 0.000 2.716 0.000 0.000 1.987 2.334 4.778 0.000 0.412 0.000 0.000 0.716 0.000 1.225 0.126 0.000 1.362 0.000 
---
0 test2fip_consistent left_hidden
0.000 1.275 0.394 1.688 1.282 0.000 2.440 0.000 0.000 0.603 0.000 0.518 0.000 1.468 0.303 1.086 2.377 0.000 0.018 2.909 
0 test2fip_consistent right_hidden
1.893 0.000 0.000 0.000 0.000 0.000 0.631 0.000 0.000 0.000 0.000 1.696 0.000 0.000 2.968 0.000 0.000 0.000 0.143 0.937 
---
1 test2fip_inconsistent left_hidden
0.000 1.275 0.394 1.688 1.282 0.000 2.440 0.000 0.000 0.603 0.000 0.518 0.000 1.468 0.303 1.086 2.377 0.000 0.018 2.909 
1 test2fip_inconsistent right_hidden
1.622 1.095 0.003 1.343 1.742 0.000 0.180 0.000 0.000 0.000 0.000 0.564 0.000 1.146 2.641 0.520 1.578 0.180 0.144 3.695 
---
0 test2fip_consistent left_hidden
0.000 0.000 0.000 0.000 0.000 0.000 0.000 0.000 3.801 1.391 0.000 2.040 4.715 0.000 0.000 0.006 0.000 0.000 0.000 0.000 
0 test2fip_consistent right_hidden
0.001 3.140 0.000 0.000 1.418 2.168 0.000 0.000 0.000 2.040 0.000 0.000 0.810 0.000 0.000 0.456 0.000 0.000 2.153 0.000 
---
1 test2fip_inconsistent left_hidden
0.000 0.000 0.000 0.000 0.000 0.000 0.000 0.000 3.801 1.391 0.000 2.040 4.715 0.000 0.000 0.006 0.000 0.000 0.000 0.000 
1 test2fip_inconsistent right_hidden
0.228 2.110 0.000 0.000 0.000 1.014 0.000 0.000 0.000 3.330 0.000 0.000 5.029 0.000 0.000 0.141 0.000 0.000 2.015 0.000 
---
0 test2fip_consistent left_hidden
0.000 0.000 1.835 0.000 0.047 0.000 0.000 1.768 0.347 0.000 1.562 2.294 0.000 2.130 0.000 0.000 4.056 0.000 0.000 0.000 
0 test2fip_consistent right_hidden
0.524 0.000 0.000 0.000 0.056 0.000 0.000 0.808 1.473 0.257 0.000 2.162 0.027 2.092 0.276 2.300 0.100 0.000 0.425 0.353 
---
1 test2fip_inconsistent left_hidden
0.000 0.000 1.835 0.000 0.047 0.000 0.000 1.768 0.347 0.000 1.562 2.294 0.000 2.130 0.000 0.000 4.056 0.000 0.000 0.000 
1 test2fip_inconsistent right_hidden
0.150 0.000 0.130 0.000 0.000 0.000 0.000 1.541 2.314 0.180 0.764 3.120 0.000 2.528 0.000 1.254 4.385 0.000 0.059 0.039 
---
0 test2fip_consistent left_hidden
1.525 0.000 0.000 0.000 0.000 0.000 0.000 0.000 0.000 0.091 4.802 0.000 0.000 0.000 0.000 0.000 0.575 0.000 4.211 0.000 
0 test2fip_consistent right_hidden
2.089 0.000 1.403 0.000 0.686 0.515 0.000 0.000 0.000 0.000 0.000 0.000 3.549 0.000 0.000 0.000 1.897 0.000 0.000 0.871 
---
1 test2fip_inconsistent left_hidden
1.525 0.000 0.000 0.000 0.000 0.000 0.000 0.000 0.000 0.091 4.802 0.000 0.000 0.000 0.000 0.000 0.575 0.000 4.211 0.000 
1 test2fip_inconsistent right_hidden
0.283 0.000 1.978 0.000 0.423 0.068 0.000 0.000 0.000 0.000 1.828 0.000 3.477 0.000 0.000 0.000 1.109 0.000 4.048 0.667 
---
0 test2fip_consistent left_hidden
0.000 0.000 0.000 0.617 0.000 3.101 3.468 0.249 0.112 0.000 0.000 2.711 0.000 0.241 0.248 2.805 0.000 0.000 0.567 0.000 
0 test2fip_consistent right_hidden
0.000 0.000 0.000 0.000 0.000 0.553 0.094 2.036 0.511 0.000 0.000 0.555 2.940 0.032 2.217 0.530 0.000 0.000 0.605 0.000 
---
1 test2fip_inconsistent left_hidden
0.000 0.000 0.000 0.617 0.000 3.101 3.468 0.249 0.112 0.000 0.000 2.711 0.000 0.241 0.248 2.805 0.000 0.000 0.567 0.000 
1 test2fip_inconsistent right_hidden
0.000 0.000 0.000 0.069 0.000 2.323 1.978 1.822 0.551 0.000 0.000 4.104 1.309 0.031 1.754 2.440 0.000 0.000 0.213 0.000 
---
0 test2fip_consistent left_hidden
0.720 3.478 1.852 0.000 0.823 0.000 1.095 0.000 0.062 1.140 0.000 0.481 0.000 0.000 0.000 2.446 1.408 1.973 2.649 0.000 
0 test2fip_consistent right_hidden
1.508 0.979 0.120 1.011 0.000 0.422 0.893 0.000 1.128 0.974 0.000 0.627 0.099 0.447 1.162 0.208 0.732 0.035 0.372 1.720 
---
1 test2fip_inconsistent left_hidden
0.720 3.478 1.852 0.000 0.823 0.000 1.095 0.000 0.062 1.140 0.000 0.481 0.000 0.000 0.000 2.446 1.408 1.973 2.649 0.000 
1 test2fip_inconsistent right_hidden
0.826 3.005 1.748 0.624 0.027 0.725 2.189 0.000 1.655 1.266 0.000 0.513 0.000 0.000 0.037 1.795 2.275 0.742 2.523 1.172 
---
0 test2fip_consistent left_hidden
1.307 3.455 1.792 0.000 0.000 0.000 0.000 0.000 0.199 1.258 1.374 0.000 0.000 0.960 2.274 0.816 0.702 0.000 1.562 0.554 
0 test2fip_consistent right_hidden
0.000 1.313 0.000 0.000 0.000 1.539 0.046 0.000 1.979 0.089 0.011 0.125 0.538 0.541 0.228 0.730 0.463 1.467 0.000 1.124 
---
1 test2fip_inconsistent left_hidden
1.307 3.455 1.792 0.000 0.000 0.000 0.000 0.000 0.199 1.258 1.374 0.000 0.000 0.960 2.274 0.816 0.702 0.000 1.562 0.554 
1 test2fip_inconsistent right_hidden
0.661 3.853 2.289 0.000 0.000 0.911 0.000 0.000 1.283 1.184 1.069 0.000 0.262 0.712 2.377 0.233 0.904 0.000 1.837 0.244 
---
0 test2fip_consistent left_hidden
0.000 3.946 0.000 1.060 2.373 2.713 2.899 0.000 0.599 0.000 0.000 0.897 1.842 0.000 0.000 0.000 0.000 0.000 0.000 0.361 
0 test2fip_consistent right_hidden
2.913 2.335 0.000 0.000 0.646 1.443 0.139 0.000 0.061 0.036 0.132 0.989 0.099 1.106 0.000 0.000 0.000 0.000 1.107 0.000 
---
1 test2fip_inconsistent left_hidden
0.000 3.946 0.000 1.060 2.373 2.713 2.899 0.000 0.599 0.000 0.000 0.897 1.842 0.000 0.000 0.000 0.000 0.000 0.000 0.361 
1 test2fip_inconsistent right_hidden
2.312 3.983 0.152 1.301 1.997 1.407 3.639 0.000 0.000 0.104 0.000 0.000 2.227 0.000 0.000 0.000 0.000 0.000 0.102 0.000 
---
0 test2fip_consistent left_hidden
0.178 1.646 0.000 3.621 0.000 1.513 0.049 0.000 0.270 0.000 2.278 0.000 0.000 2.802 0.000 0.000 1.694 1.375 0.571 0.320 
0 test2fip_consistent right_hidden
0.000 0.402 0.000 0.379 0.945 1.398 0.000 2.522 0.966 0.000 0.000 0.000 0.000 0.070 1.214 0.000 1.607 0.000 0.000 0.842 
---
1 test2fip_inconsistent left_hidden
0.178 1.646 0.000 3.621 0.000 1.513 0.049 0.000 0.270 0.000 2.278 0.000 0.000 2.802 0.000 0.000 1.694 1.375 0.571 0.320 
1 test2fip_inconsistent right_hidden
0.000 0.149 0.000 2.236 0.039 3.231 0.000 2.025 0.220 0.000 1.843 0.000 0.000 3.485 0.350 0.000 0.377 1.111 0.000 0.658 
---
0 test2fip_consistent left_hidden
0.000 0.459 0.000 0.000 0.000 1.175 4.707 0.000 0.438 2.420 0.043 2.151 0.000 0.000 0.000 1.734 0.020 0.244 0.000 0.000 
0 test2fip_consistent right_hidden
0.010 0.268 0.336 0.200 0.000 0.869 0.164 1.283 1.865 0.181 0.000 0.186 1.237 1.441 0.000 1.391 0.165 0.074 0.768 0.665 
---
1 test2fip_inconsistent left_hidden
0.000 0.459 0.000 0.000 0.000 1.175 4.707 0.000 0.438 2.420 0.043 2.151 0.000 0.000 0.000 1.734 0.020 0.244 0.000 0.000 
1 test2fip_inconsistent right_hidden
0.000 0.000 0.000 0.000 0.405 4.220 3.132 0.447 1.579 2.196 0.539 2.982 0.605 0.395 0.000 1.132 0.568 0.194 0.000 0.082 
---
0 test2fip_consistent left_hidden
2.114 0.000 1.619 0.000 0.013 0.085 0.000 0.000 0.000 1.826 0.000 4.170 0.025 3.321 0.000 0.000 0.203 3.264 0.000 0.000 
0 test2fip_consistent right_hidden
0.070 2.565 0.364 0.000 0.770 0.620 1.503 0.371 0.009 0.126 0.000 0.312 0.000 2.240 0.000 0.987 0.000 0.248 0.000 0.000 
---
1 test2fip_inconsistent left_hidden
2.114 0.000 1.619 0.000 0.013 0.085 0.000 0.000 0.000 1.826 0.000 4.170 0.025 3.321 0.000 0.000 0.203 3.264 0.000 0.000 
1 test2fip_inconsistent right_hidden
0.904 1.108 1.220 0.000 0.473 0.000 1.162 0.401 0.241 2.004 0.000 2.951 1.530 4.378 0.000 0.328 1.625 2.452 0.000 0.000 
---
0 test2fip_consistent left_hidden
0.000 0.099 2.063 0.000 2.598 2.884 0.000 1.814 0.000 0.003 0.000 1.493 0.331 2.104 0.443 0.000 0.523 1.453 0.000 0.000 
0 test2fip_consistent right_hidden
0.000 0.022 0.000 0.000 0.000 0.513 0.000 0.123 0.000 0.000 2.676 1.274 0.000 1.374 1.276 0.000 0.093 2.346 0.000 1.234 
---
1 test2fip_inconsistent left_hidden
0.000 0.099 2.063 0.000 2.598 2.884 0.000 1.814 0.000 0.003 0.000 1.493 0.331 2.104 0.443 0.000 0.523 1.453 0.000 0.000 
1 test2fip_inconsistent right_hidden
0.000 1.001 0.000 0.000 2.426 3.042 1.448 1.794 0.000 0.000 1.031 2.487 0.000 2.151 0.630 0.000 0.439 3.416 0.000 0.641 
---
0 test2fip_consistent left_hidden
3.281 0.000 0.871 0.000 0.611 0.000 1.895 0.000 0.262 0.720 0.000 0.000 0.948 3.960 1.998 0.542 0.000 0.000 0.000 0.079 
0 test2fip_consistent right_hidden
0.000 0.000 0.465 1.848 1.801 0.000 0.387 0.000 1.597 2.098 0.000 0.000 1.538 0.000 0.000 0.000 0.143 0.000 0.130 2.298 
---
1 test2fip_inconsistent left_hidden
3.281 0.000 0.871 0.000 0.611 0.000 1.895 0.000 0.262 0.720 0.000 0.000 0.948 3.960 1.998 0.542 0.000 0.000 0.000 0.079 
1 test2fip_inconsistent right_hidden
3.567 0.000 0.074 1.394 2.141 0.000 2.597 0.000 1.657 1.239 0.000 0.000 1.369 2.692 1.165 0.000 0.000 0.000 0.000 1.636 
---
