0 test1dax_consistent left_hidden
0.000 0.136 0.226 0.000 0.957 0.798 1.510 0.868 0.089 0.312 0.037 0.733 0.000 0.805 0.256 0.664 0.032 0.872 0.157 0.000 
0 test1dax_consistent right_hidden
0.538 1.411 0.000 0.000 0.000 0.000 3.200 1.246 0.000 0.838 4.887 0.520 0.000 0.000 3.548 0.000 0.000 3.122 0.000 0.000 
---
1 test1dax_inconsistent left_hidden
0.000 0.136 0.226 0.000 0.957 0.798 1.510 0.868 0.089 0.312 0.037 0.733 0.000 0.805 0.256 0.664 0.032 0.872 0.157 0.000 
1 test1dax_inconsistent right_hidden
0.000 0.436 0.000 0.000 0.296 0.143 2.047 1.168 0.000 0.749 0.910 0.251 0.000 0.684 1.200 0.157 0.000 0.923 0.000 0.000 
---
0 test1dax_consistent left_hidden
0.053 0.000 0.692 1.541 1.810 0.000 0.802 0.766 0.000 0.000 1.135 1.035 0.000 0.308 0.000 0.023 0.027 0.000 0.156 0.201 
0 test1dax_consistent right_hidden
0.000 0.000 1.607 2.160 2.119 0.000 0.000 2.747 0.000 0.000 0.000 0.000 0.000 0.000 4.620 3.933 0.000 1.050 0.000 0.063 
---
1 test1dax_inconsistent left_hidden
0.053 0.000 0.692 1.541 1.810 0.000 0.802 0.766 0.000 0.000 1.135 1.035 0.000 0.308 0.000 0.023 0.027 0.000 0.156 0.201 
1 test1dax_inconsistent right_hidden
0.007 0.000 0.451 0.098 0.401 0.000 0.405 0.534 0.000 0.000 0.000 0.000 0.000 0.021 0.996 2.085 0.002 0.000 0.270 0.000 
---
0 test1dax_consistent left_hidden
0.904 0.068 0.211 0.000 0.000 0.134 0.518 0.644 0.000 0.000 0.049 1.425 0.000 0.826 0.090 0.158 0.000 0.866 0.000 1.558 
0 test1dax_consistent right_hidden
0.000 2.666 1.276 0.000 0.000 0.980 0.000 0.000 0.405 0.000 0.000 0.000 0.000 3.268 0.000 3.577 1.412 1.596 0.000 2.799 
---
1 test1dax_inconsistent left_hidden
0.904 0.068 0.211 0.000 0.000 0.134 0.518 0.644 0.000 0.000 0.049 1.425 0.000 0.826 0.090 0.158 0.000 0.866 0.000 1.558 
1 test1dax_inconsistent right_hidden
0.666 0.928 1.290 0.000 0.000 0.618 0.000 0.000 0.938 0.089 0.000 0.285 0.000 1.088 0.000 0.682 0.337 0.872 0.000 0.417 
---
0 test1dax_consistent left_hidden
0.011 0.000 0.557 0.000 0.747 0.000 0.000 1.174 0.000 0.012 0.000 0.509 0.000 0.704 0.000 2.124 0.000 0.000 0.000 1.266 
0 test1dax_consistent right_hidden
1.913 2.095 0.131 4.455 0.062 0.000 0.000 1.233 0.000 0.000 0.000 2.149 0.000 0.604 0.000 1.835 0.402 0.000 0.000 3.893 
---
1 test1dax_inconsistent left_hidden
0.011 0.000 0.557 0.000 0.747 0.000 0.000 1.174 0.000 0.012 0.000 0.509 0.000 0.704 0.000 2.124 0.000 0.000 0.000 1.266 
1 test1dax_inconsistent right_hidden
1.936 0.943 0.462 0.793 0.333 0.000 0.000 0.380 0.000 0.000 0.280 1.252 0.033 0.000 0.000 0.000 0.000 0.000 0.000 1.426 
---
0 test1dax_consistent left_hidden
0.142 0.532 0.000 0.160 0.000 2.495 0.000 0.838 0.721 0.000 0.000 0.708 0.503 0.000 0.000 0.000 0.022 0.349 0.000 0.000 
0 test1dax_consistent right_hidden
0.057 0.000 0.000 2.229 0.000 2.283 0.000 2.509 0.000 0.000 0.024 2.995 4.027 0.807 1.739 0.000 0.459 0.000 0.000 2.148 
---
1 test1dax_inconsistent left_hidden
0.142 0.532 0.000 0.160 0.000 2.495 0.000 0.838 0.721 0.000 0.000 0.708 0.503 0.000 0.000 0.000 0.022 0.349 0.000 0.000 
1 test1dax_inconsistent right_hidden
0.276 0.016 0.000 0.293 0.569 1.161 0.000 0.420 0.000 0.000 0.000 0.294 1.189 0.260 1.247 0.000 0.211 0.125 0.000 1.018 
---
0 test1dax_consistent left_hidden
0.000 0.000 1.361 1.787 0.000 0.000 0.000 0.853 0.178 0.000 0.194 1.607 0.246 0.838 0.011 0.127 0.000 0.013 0.000 0.000 
0 test1dax_consistent right_hidden
0.000 1.036 0.000 0.000 0.000 0.000 0.308 0.015 0.285 0.000 3.733 0.000 0.000 0.950 0.000 3.062 0.000 5.324 0.686 0.000 
---
1 test1dax_inconsistent left_hidden
0.000 0.000 1.361 1.787 0.000 0.000 0.000 0.853 0.178 0.000 0.194 1.607 0.246 0.838 0.011 0.127 0.000 0.013 0.000 0.000 
1 test1dax_inconsistent right_hidden
0.192 0.934 0.000 0.512 0.031 0.000 1.121 0.000 0.000 0.000 0.995 0.157 0.000 0.862 0.000 1.849 0.000 1.349 0.525 0.093 
---
0 test1dax_consistent left_hidden
0.000 0.284 0.000 1.245 1.233 0.000 0.749 0.000 0.427 0.072 0.178 0.588 0.000 1.102 0.133 0.000 0.179 0.000 1.450 0.056 
0 test1dax_consistent right_hidden
0.823 1.345 0.816 1.272 0.839 0.000 0.141 5.123 0.228 0.001 0.338 0.000 1.072 0.000 0.000 1.960 0.000 3.003 1.047 0.215 
---
1 test1dax_inconsistent left_hidden
0.000 0.284 0.000 1.245 1.233 0.000 0.749 0.000 0.427 0.072 0.178 0.588 0.000 1.102 0.133 0.000 0.179 0.000 1.450 0.056 
1 test1dax_inconsistent right_hidden
0.087 1.147 0.360 0.000 0.879 0.000 0.566 1.235 0.000 0.105 0.072 0.079 0.000 0.351 0.000 0.386 0.000 0.666 0.033 0.594 
---
0 test1dax_consistent left_hidden
0.102 0.627 0.206 0.216 0.000 0.000 0.000 0.150 0.000 0.009 0.862 0.000 0.061 0.000 0.000 1.574 0.059 0.000 1.720 0.924 
0 test1dax_consistent right_hidden
0.000 0.000 2.377 1.673 3.378 1.495 3.226 0.657 3.226 1.692 0.000 0.000 0.154 0.151 0.000 0.000 0.393 0.000 2.477 0.000 
---
1 test1dax_inconsistent left_hidden
0.102 0.627 0.206 0.216 0.000 0.000 0.000 0.150 0.000 0.009 0.862 0.000 0.061 0.000 0.000 1.574 0.059 0.000 1.720 0.924 
1 test1dax_inconsistent right_hidden
0.000 0.000 1.024 0.343 0.678 0.068 0.782 0.053 1.179 1.354 0.084 0.000 0.399 0.522 0.000 0.277 0.788 0.000 0.083 0.329 
---
0 test1dax_consistent left_hidden
0.000 0.000 0.691 0.000 0.617 0.000 0.000 0.000 1.191 0.429 1.502 0.819 0.025 0.284 0.000 0.983 0.192 0.000 1.199 0.627 
0 test1dax_consistent right_hidden
1.240 0.000 0.440 0.000 0.116 0.029 1.438 0.315 0.885 3.087 0.243 0.000 0.000 0.017 2.058 3.670 3.740 2.133 0.061 0.841 
---
1 test1dax_inconsistent left_hidden
0.000 0.000 0.691 0.000 0.617 0.000 0.000 0.000 1.191 0.429 1.502 0.819 0.025 0.284 0.000 0.983 0.192 0.000 1.199 0.627 
1 test1dax_inconsistent right_hidden
0.586 0.000 0.166 0.000 0.297 0.225 0.291 0.656 1.048 0.418 0.000 0.000 0.000 0.083 0.324 1.724 0.892 0.835 0.006 0.514 
---
0 test1dax_consistent left_hidden
0.424 0.819 0.505 1.265 0.000 0.387 0.000 0.000 0.325 1.479 0.885 0.414 1.571 0.070 0.107 0.000 0.000 0.000 0.000 0.000 
0 test1dax_consistent right_hidden
0.894 3.289 2.997 1.710 0.000 5.077 0.000 0.000 1.455 0.000 0.626 0.376 0.000 0.064 1.138 0.000 0.000 0.000 1.183 0.868 
---
1 test1dax_inconsistent left_hidden
0.424 0.819 0.505 1.265 0.000 0.387 0.000 0.000 0.325 1.479 0.885 0.414 1.571 0.070 0.107 0.000 0.000 0.000 0.000 0.000 
1 test1dax_inconsistent right_hidden
0.546 1.183 0.957 0.140 0.000 0.836 0.000 0.000 1.034 0.246 0.441 0.000 0.375 0.043 0.765 0.573 0.000 0.000 0.581 0.150 
---
0 test1dax_consistent left_hidden
1.602 0.000 0.056 0.046 0.000 1.435 0.740 0.367 0.858 0.000 0.139 0.181 0.029 0.292 0.000 0.424 0.000 1.157 0.000 0.058 
0 test1dax_consistent right_hidden
3.198 0.000 0.000 0.000 0.000 0.538 2.067 3.292 0.086 2.646 0.000 3.262 1.143 0.000 0.000 2.311 0.000 0.000 0.913 0.000 
---
1 test1dax_inconsistent left_hidden
1.602 0.000 0.056 0.046 0.000 1.435 0.740 0.367 0.858 0.000 0.139 0.181 0.029 0.292 0.000 0.424 0.000 1.157 0.000 0.058 
1 test1dax_inconsistent right_hidden
0.991 0.000 0.269 0.000 0.000 0.000 0.661 0.759 0.113 0.832 0.504 0.731 0.063 0.000 0.000 1.435 0.000 0.000 0.163 0.000 
---
0 test1dax_consistent left_hidden
0.000 0.386 0.009 0.000 0.000 0.000 1.252 0.000 1.095 0.000 0.584 1.083 0.000 0.000 0.581 0.013 1.897 0.545 1.167 0.000 
0 test1dax_consistent right_hidden
0.000 0.000 0.000 0.000 0.094 2.262 2.160 0.000 3.989 0.000 1.344 1.319 0.000 2.252 1.649 0.000 2.902 0.000 0.306 0.000 
---
1 test1dax_inconsistent left_hidden
0.000 0.386 0.009 0.000 0.000 0.000 1.252 0.000 1.095 0.000 0.584 1.083 0.000 0.000 0.581 0.013 1.897 0.545 1.167 0.000 
1 test1dax_inconsistent right_hidden
0.000 0.118 0.000 0.000 0.601 0.113 0.000 0.188 0.985 0.000 0.774 0.866 0.000 1.696 0.953 0.000 0.783 0.445 0.000 0.000 
---
0 test1dax_consistent left_hidden
0.065 0.173 0.380 0.000 0.000 0.002 0.830 0.235 0.000 1.998 1.212 1.197 0.000 0.000 0.027 0.232 0.000 0.000 0.384 1.756 
0 test1dax_consistent right_hidden
0.000 0.000 0.781 3.210 0.000 3.450 1.560 0.000 0.000 0.000 0.000 4.105 0.000 0.000 0.000 0.000 0.000 3.125 0.000 0.000 
---
1 test1dax_inconsistent left_hidden
0.065 0.173 0.380 0.000 0.000 0.002 0.830 0.235 0.000 1.998 1.212 1.197 0.000 0.000 0.027 0.232 0.000 0.000 0.384 1.756 
1 test1dax_inconsistent right_hidden
0.244 0.000 0.000 0.746 0.000 0.901 0.966 0.000 0.000 0.885 0.000 1.130 0.000 0.000 0.000 0.289 0.000 1.020 0.000 0.000 
---
0 test1dax_consistent left_hidden
0.000 0.000 0.692 0.347 1.390 1.014 0.784 0.030 0.674 0.099 2.134 0.227 0.000 0.587 0.000 0.204 0.080 0.000 0.752 0.000 
0 test1dax_consistent right_hidden
0.000 0.000 0.000 2.379 0.000 3.341 2.881 0.196 0.000 1.219 1.535 4.826 0.000 0.000 0.000 0.166 0.000 0.848 0.000 0.000 
---
1 test1dax_inconsistent left_hidden
0.000 0.000 0.692 0.347 1.390 1.014 0.784 0.030 0.674 0.099 2.134 0.227 0.000 0.587 0.000 0.204 0.080 0.000 0.752 0.000 
1 test1dax_inconsistent right_hidden
0.000 0.000 0.000 1.703 0.008 0.708 0.713 0.211 0.176 0.193 0.798 1.118 0.280 0.000 0.000 0.478 0.000 0.161 0.000 0.000 
---
0 test1dax_consistent left_hidden
0.000 1.244 0.023 0.011 0.140 1.106 0.821 0.255 0.022 0.970 0.361 0.217 0.000 1.985 0.391 0.859 0.000 0.065 0.000 0.515 
0 test1dax_consistent right_hidden
0.000 3.457 1.813 4.162 0.882 0.000 0.000 0.403 0.000 0.000 0.000 2.964 0.000 1.207 0.461 0.000 0.000 1.298 1.394 0.000 
---
1 test1dax_inconsistent left_hidden
0.000 1.244 0.023 0.011 0.140 1.106 0.821 0.255 0.022 0.970 0.361 0.217 0.000 1.985 0.391 0.859 0.000 0.065 0.000 0.515 
1 test1dax_inconsistent right_hidden
0.046 0.671 0.331 1.161 1.210 0.000 0.182 0.380 0.000 0.000 0.229 1.165 0.023 0.368 0.253 0.000 0.000 1.032 0.566 0.000 
---
0 test1dax_consistent left_hidden
2.273 0.188 0.555 0.519 0.000 0.000 0.000 0.000 0.189 0.026 0.000 0.958 0.714 0.112 0.439 0.804 0.938 0.404 0.000 0.529 
0 test1dax_consistent right_hidden
1.868 1.763 0.000 3.432 0.016 2.284 0.534 0.000 0.000 0.000 0.000 2.912 0.057 0.000 1.207 1.311 0.044 4.315 0.555 0.000 
---
1 test1dax_inconsistent left_hidden
2.273 0.188 0.555 0.519 0.000 0.000 0.000 0.000 0.189 0.026 0.000 0.958 0.714 0.112 0.439 0.804 0.938 0.404 0.000 0.529 
1 test1dax_inconsistent right_hidden
0.184 0.181 0.000 1.145 0.000 0.306 0.348 0.737 0.353 0.000 0.000 0.832 0.238 0.000 0.985 0.113 0.868 1.133 0.279 0.192 
---
0 test1dax_consistent left_hidden
0.000 0.000 0.309 1.036 0.323 1.026 1.177 0.000 0.000 0.225 0.000 0.000 1.693 0.832 0.606 0.052 0.000 0.000 0.426 1.064 
0 test1dax_consistent right_hidden
0.331 0.000 3.282 0.000 0.006 0.000 4.675 0.000 0.000 0.000 0.000 0.969 0.000 1.477 0.000 2.361 0.361 0.000 1.333 0.101 
---
1 test1dax_inconsistent left_hidden
0.000 0.000 0.309 1.036 0.323 1.026 1.177 0.000 0.000 0.225 0.000 0.000 1.693 0.832 0.606 0.052 0.000 0.000 0.426 1.064 
1 test1dax_inconsistent right_hidden
0.554 0.078 0.474 0.000 0.139 0.089 1.887 0.000 0.221 0.000 0.000 0.000 0.000 0.483 0.000 0.005 0.921 0.000 0.000 0.744 
---
0 test1dax_consistent left_hidden
0.000 0.570 0.789 0.016 0.000 0.655 0.975 0.262 2.338 0.000 0.411 0.000 0.224 0.857 0.058 0.020 0.791 0.000 0.000 0.000 
0 test1dax_consistent right_hidden
0.000 0.023 2.727 2.800 0.000 0.000 0.210 0.521 5.770 0.000 0.000 0.000 0.000 0.262 1.034 1.360 0.751 0.000 0.000 0.000 
---
1 test1dax_inconsistent left_hidden
0.000 0.570 0.789 0.016 0.000 0.655 0.975 0.262 2.338 0.000 0.411 0.000 0.224 0.857 0.058 0.020 0.791 0.000 0.000 0.000 
1 test1dax_inconsistent right_hidden
0.000 0.000 1.487 1.298 0.000 0.342 0.000 0.000 1.119 0.000 0.210 0.000 0.197 0.244 0.630 0.777 0.970 0.000 0.000 0.000 
---
0 test1dax_consistent left_hidden
1.119 0.137 2.076 0.808 0.000 0.000 0.799 0.000 0.000 0.011 0.607 0.709 0.000 0.403 0.177 0.529 0.000 0.199 1.446 0.271 
0 test1dax_consistent right_hidden
5.197 2.923 0.512 0.000 0.375 0.000 0.000 0.000 0.000 0.005 0.152 2.384 0.000 0.000 0.212 0.000 0.000 0.000 0.000 0.000 
---
1 test1dax_inconsistent left_hidden
1.119 0.137 2.076 0.808 0.000 0.000 0.799 0.000 0.000 0.011 0.607 0.709 0.000 0.403 0.177 0.529 0.000 0.199 1.446 0.271 
1 test1dax_inconsistent right_hidden
0.791 1.782 0.000 0.000 0.618 0.000 0.000 0.000 0.000 0.000 0.000 1.294 0.000 0.024 0.274 0.000 0.202 0.000 0.000 0.171 
---
0 test1dax_consistent left_hidden
0.500 0.000 1.202 0.097 0.326 1.324 0.806 1.132 0.341 0.000 0.000 0.461 0.000 0.227 1.090 0.000 0.171 0.205 1.091 0.711 
0 test1dax_consistent right_hidden
0.060 0.931 4.777 0.377 0.017 2.543 0.000 0.000 0.000 0.000 0.000 0.000 0.000 0.000 0.575 2.200 2.217 1.661 0.583 3.393 
---
1 test1dax_inconsistent left_hidden
0.500 0.000 1.202 0.097 0.326 1.324 0.806 1.132 0.341 0.000 0.000 0.461 0.000 0.227 1.090 0.000 0.171 0.205 1.091 0.711 
1 test1dax_inconsistent right_hidden
0.341 0.055 2.018 0.651 0.072 0.481 0.000 0.165 0.530 0.000 0.000 0.048 0.000 0.000 0.576 0.030 0.934 0.541 0.752 0.239 
---
0 test1dax_consistent left_hidden
0.000 0.000 0.406 0.000 0.687 0.597 0.792 0.320 0.003 0.076 0.888 0.000 1.545 1.853 0.000 0.500 0.808 0.000 0.000 0.359 
0 test1dax_consistent right_hidden
0.000 0.000 0.586 0.000 0.082 0.000 0.000 0.000 1.638 3.790 2.403 0.000 1.793 0.000 0.000 4.732 0.921 0.000 0.000 1.482 
---
1 test1dax_inconsistent left_hidden
0.000 0.000 0.406 0.000 0.687 0.597 0.792 0.320 0.003 0.076 0.888 0.000 1.545 1.853 0.000 0.500 0.808 0.000 0.000 0.359 
1 test1dax_inconsistent right_hidden
0.000 0.000 0.863 0.039 0.000 0.704 0.000 0.000 1.297 0.830 0.006 0.000 0.493 0.000 0.000 1.254 0.039 0.000 0.000 0.879 
---
0 test1dax_consistent left_hidden
0.019 0.000 0.000 0.229 1.575 0.269 0.000 0.934 0.694 0.000 0.003 0.952 0.073 0.000 1.235 0.013 0.320 0.259 0.382 0.857 
0 test1dax_consistent right_hidden
1.764 0.000 0.000 0.000 2.744 4.026 0.000 0.564 0.000 2.388 0.000 2.362 1.895 0.000 0.240 1.639 0.000 0.002 0.808 1.635 
---
1 test1dax_inconsistent left_hidden
0.019 0.000 0.000 0.229 1.575 0.269 0.000 0.934 0.694 0.000 0.003 0.952 0.073 0.000 1.235 0.013 0.320 0.259 0.382 0.857 
1 test1dax_inconsistent right_hidden
0.561 0.705 0.000 0.000 1.329 0.907 0.459 0.000 0.008 0.816 0.000 0.369 0.599 0.465 0.000 0.703 0.000 0.262 0.355 0.509 
---
0 test1dax_consistent left_hidden
1.320 0.000 1.860 1.098 0.000 0.430 0.020 0.000 0.573 0.927 0.000 0.626 0.000 0.000 0.000 0.000 0.000 0.586 0.007 0.000 
0 test1dax_consistent right_hidden
1.552 0.000 0.000 2.390 0.000 0.000 3.821 1.467 1.528 0.000 1.941 0.000 0.000 1.261 0.000 0.000 0.000 0.000 0.000 2.933 
---
1 test1dax_inconsistent left_hidden
1.320 0.000 1.860 1.098 0.000 0.430 0.020 0.000 0.573 0.927 0.000 0.626 0.000 0.000 0.000 0.000 0.000 0.586 0.007 0.000 
1 test1dax_inconsistent right_hidden
0.899 0.000 0.000 0.480 0.000 0.000 0.000 0.133 0.734 0.161 0.780 0.000 0.000 0.000 0.000 0.000 0.006 0.000 0.000 1.598 
---
0 test1dax_consistent left_hidden
1.495 0.000 0.000 0.077 0.932 0.000 0.001 0.000 0.000 0.039 0.805 0.053 0.000 0.139 1.320 0.880 1.164 1.050 0.000 0.544 
0 test1dax_consistent right_hidden
4.208 2.024 0.470 3.197 0.000 0.000 0.000 0.017 0.000 0.825 0.517 2.551 0.000 0.633 0.000 0.000 2.670 0.000 1.042 1.371 
---
1 test1dax_inconsistent left_hidden
1.495 0.000 0.000 0.077 0.932 0.000 0.001 0.000 0.000 0.039 0.805 0.053 0.000 0.139 1.320 0.880 1.164 1.050 0.000 0.544 
1 test1dax_inconsistent right_hidden
0.524 0.000 0.113 0.640 0.358 0.000 0.000 0.422 0.000 0.434 1.064 1.047 0.000 0.153 0.000 0.000 0.920 0.104 0.669 0.975 
---
0 test1dax_consistent left_hidden
0.000 0.000 1.293 1.028 0.000 0.000 0.000 0.795 1.140 0.000 0.250 0.000 0.382 1.179 0.000 0.709 0.000 0.868 0.160 0.966 
0 test1dax_consistent right_hidden
1.343 0.210 0.034 0.000 0.000 0.000 0.478 2.761 0.800 0.000 0.101 0.000 0.000 2.835 2.426 4.397 0.000 2.983 0.000 0.395 
---
1 test1dax_inconsistent left_hidden
0.000 0.000 1.293 1.028 0.000 0.000 0.000 0.795 1.140 0.000 0.250 0.000 0.382 1.179 0.000 0.709 0.000 0.868 0.160 0.966 
1 test1dax_inconsistent right_hidden
0.635 0.647 0.103 0.146 0.000 0.000 0.422 1.849 0.219 0.070 0.000 0.046 0.000 0.478 0.519 1.321 0.000 0.673 0.000 0.000 
---
0 test1dax_consistent left_hidden
0.000 0.014 0.469 1.559 0.386 0.000 0.000 1.162 0.000 0.151 0.028 0.554 0.212 1.513 0.000 0.322 0.000 0.748 1.040 0.433 
0 test1dax_consistent right_hidden
0.000 1.717 1.496 0.000 0.640 0.000 0.000 3.141 1.205 0.000 2.559 1.650 1.051 0.000 0.000 1.226 3.423 2.474 0.000 0.000 
---
1 test1dax_inconsistent left_hidden
0.000 0.014 0.469 1.559 0.386 0.000 0.000 1.162 0.000 0.151 0.028 0.554 0.212 1.513 0.000 0.322 0.000 0.748 1.040 0.433 
1 test1dax_inconsistent right_hidden
0.000 0.431 0.137 0.431 0.933 0.000 0.000 0.662 0.828 0.143 0.991 0.000 0.691 0.603 0.000 0.779 0.664 0.230 0.342 0.300 
---
0 test1dax_consistent left_hidden
0.000 0.000 0.000 1.086 0.000 1.035 0.000 1.397 1.806 0.051 0.863 0.781 0.401 0.163 0.000 0.000 0.304 0.000 0.000 1.072 
0 test1dax_consistent right_hidden
3.942 1.455 0.000 2.242 0.000 1.878 0.000 0.000 0.000 0.000 0.000 1.853 3.531 0.000 0.744 0.000 1.288 0.000 0.000 0.741 
---
1 test1dax_inconsistent left_hidden
0.000 0.000 0.000 1.086 0.000 1.035 0.000 1.397 1.806 0.051 0.863 0.781 0.401 0.163 0.000 0.000 0.304 0.000 0.000 1.072 
1 test1dax_inconsistent right_hidden
1.216 1.052 0.000 0.022 0.000 0.813 0.000 0.437 0.230 0.000 0.000 0.662 1.016 0.000 0.365 0.000 0.149 0.000 0.000 1.137 
---
0 test1dax_consistent left_hidden
0.312 0.291 0.099 0.790 1.236 0.729 0.173 0.000 0.000 0.000 0.281 0.000 0.556 1.980 0.256 0.000 1.593 0.000 0.000 0.000 
0 test1dax_consistent right_hidden
0.000 0.000 0.000 3.712 0.464 0.000 0.000 0.000 0.000 0.741 0.677 0.000 3.756 0.017 1.006 0.000 0.000 1.588 1.582 0.000 
---
1 test1dax_inconsistent left_hidden
0.312 0.291 0.099 0.790 1.236 0.729 0.173 0.000 0.000 0.000 0.281 0.000 0.556 1.980 0.256 0.000 1.593 0.000 0.000 0.000 
1 test1dax_inconsistent right_hidden
0.017 0.000 0.071 0.427 1.256 0.000 0.000 0.000 0.339 0.000 0.695 0.000 0.849 0.000 0.664 0.000 0.030 0.087 0.229 0.000 
---
0 test1dax_consistent left_hidden
0.000 0.287 0.000 0.000 0.718 0.441 0.053 1.671 0.000 0.000 0.874 0.000 0.000 0.000 0.099 0.000 1.183 0.538 1.711 0.000 
0 test1dax_consistent right_hidden
0.000 0.679 0.000 3.460 0.000 0.858 0.000 3.888 0.000 0.000 0.538 0.000 1.993 0.000 0.428 0.000 0.757 0.554 0.888 1.868 
---
1 test1dax_inconsistent left_hidden
0.000 0.287 0.000 0.000 0.718 0.441 0.053 1.671 0.000 0.000 0.874 0.000 0.000 0.000 0.099 0.000 1.183 0.538 1.711 0.000 
1 test1dax_inconsistent right_hidden
0.000 0.728 0.127 1.446 0.038 0.000 0.000 0.463 0.826 0.269 0.000 0.000 1.269 0.184 0.421 0.000 0.017 0.000 1.647 0.000 
---
0 test1dax_consistent left_hidden
0.296 2.134 0.000 0.058 0.000 0.000 1.599 0.000 0.000 0.012 1.132 0.000 0.000 0.000 0.617 0.000 0.852 0.096 0.264 0.000 
0 test1dax_consistent right_hidden
0.107 1.409 0.000 0.000 0.000 0.000 0.000 4.142 0.265 0.000 3.640 0.029 0.737 0.841 0.000 0.000 3.850 0.000 1.124 0.000 
---
1 test1dax_inconsistent left_hidden
0.296 2.134 0.000 0.058 0.000 0.000 1.599 0.000 0.000 0.012 1.132 0.000 0.000 0.000 0.617 0.000 0.852 0.096 0.264 0.000 
1 test1dax_inconsistent right_hidden
1.133 0.131 0.000 0.000 0.000 0.100 0.000 0.666 0.000 0.000 0.554 0.754 0.716 0.844 0.125 0.000 2.002 0.031 1.097 0.000 
---
0 test1dax_consistent left_hidden
0.000 0.455 0.000 0.000 0.000 0.000 0.000 0.115 0.374 0.172 1.692 1.393 1.702 0.000 0.134 0.000 0.000 0.118 0.172 0.000 
0 test1dax_consistent right_hidden
0.000 1.304 1.500 0.000 0.000 0.000 0.000 2.273 3.527 0.000 4.850 1.743 0.000 0.000 1.050 0.000 0.000 0.000 1.910 0.000 
---
1 test1dax_inconsistent left_hidden
0.000 0.455 0.000 0.000 0.000 0.000 0.000 0.115 0.374 0.172 1.692 1.393 1.702 0.000 0.134 0.000 0.000 0.118 0.172 0.000 
1 test1dax_inconsistent right_hidden
0.077 0.000 0.000 0.000 0.000 0.000 0.014 0.665 2.122 0.017 0.820 0.550 0.847 0.000 0.000 0.000 0.000 0.000 0.128 0.000 
---
0 test1dax_consistent left_hidden
0.628 0.959 1.296 0.000 0.379 0.164 0.000 0.401 0.256 0.000 0.272 0.040 0.150 0.000 0.000 0.384 1.436 0.000 1.070 0.000 
0 test1dax_consistent right_hidden
0.000 1.545 4.443 0.000 0.323 0.000 0.000 0.373 1.180 0.000 2.026 0.000 0.000 0.000 0.000 1.847 5.078 1.585 0.000 0.000 
---
1 test1dax_inconsistent left_hidden
0.628 0.959 1.296 0.000 0.379 0.164 0.000 0.401 0.256 0.000 0.272 0.040 0.150 0.000 0.000 0.384 1.436 0.000 1.070 0.000 
1 test1dax_inconsistent right_hidden
0.000 1.368 0.915 0.223 0.454 0.001 0.000 0.495 0.571 0.181 0.576 0.000 0.183 0.000 0.167 1.344 1.700 1.277 0.081 0.000 
---
0 test1dax_consistent left_hidden
0.201 0.225 0.202 0.000 1.328 0.000 0.000 0.079 0.524 2.284 0.217 0.000 0.486 0.000 0.000 0.147 0.079 0.000 0.281 0.471 
0 test1dax_consistent right_hidden
0.000 0.610 4.095 1.010 1.712 0.000 0.000 3.492 2.994 2.084 0.000 0.092 0.784 0.000 0.249 2.659 0.312 0.000 0.000 0.102 
---
1 test1dax_inconsistent left_hidden
0.201 0.225 0.202 0.000 1.328 0.000 0.000 0.079 0.524 2.284 0.217 0.000 0.486 0.000 0.000 0.147 0.079 0.000 0.281 0.471 
1 test1dax_inconsistent right_hidden
0.000 0.212 1.121 0.809 0.395 0.265 0.000 0.876 0.624 0.806 0.000 0.360 0.504 0.091 0.450 0.527 0.333 0.000 0.000 0.265 
---
0 test1dax_consistent left_hidden
0.378 1.415 0.204 0.696 0.527 1.667 0.330 0.394 0.382 0.000 1.001 0.144 0.246 0.000 0.165 0.000 0.503 0.000 0.426 0.000 
0 test1dax_consistent right_hidden
2.108 1.272 1.687 0.000 0.056 0.000 0.913 3.895 1.622 0.000 0.000 1.671 1.051 0.000 0.000 0.736 0.000 2.859 2.010 1.788 
---
1 test1dax_inconsistent left_hidden
0.378 1.415 0.204 0.696 0.527 1.667 0.330 0.394 0.382 0.000 1.001 0.144 0.246 0.000 0.165 0.000 0.503 0.000 0.426 0.000 
1 test1dax_inconsistent right_hidden
0.461 0.343 1.431 0.043 0.821 0.248 0.603 0.588 0.624 0.000 0.272 0.703 0.512 0.000 0.000 0.771 0.000 0.184 0.176 0.443 
---
0 test1dax_consistent left_hidden
0.199 0.000 1.016 0.000 1.536 0.926 0.309 0.079 0.415 0.266 0.139 0.000 1.335 0.129 0.430 0.000 0.086 0.000 1.454 0.000 
0 test1dax_consistent right_hidden
1.213 0.000 4.000 1.660 1.160 0.000 0.424 0.000 0.000 1.033 2.155 0.000 1.134 0.300 3.545 1.180 0.000 0.000 1.008 0.091 
---
1 test1dax_inconsistent left_hidden
0.199 0.000 1.016 0.000 1.536 0.926 0.309 0.079 0.415 0.266 0.139 0.000 1.335 0.129 0.430 0.000 0.086 0.000 1.454 0.000 
1 test1dax_inconsistent right_hidden
0.127 0.053 0.475 0.801 0.708 0.000 0.953 0.000 0.000 0.427 0.674 0.000 0.000 0.621 2.000 0.567 0.081 0.000 0.000 0.000 
---
0 test1dax_consistent left_hidden
0.000 0.720 0.447 0.424 0.000 0.000 1.495 0.018 0.000 1.642 0.000 0.000 0.000 0.000 0.000 0.000 0.900 0.000 1.187 1.036 
0 test1dax_consistent right_hidden
0.000 0.260 3.402 0.000 0.000 0.000 0.000 0.000 2.491 4.591 0.000 2.044 0.000 2.339 0.000 0.000 0.000 0.000 2.937 0.000 
---
1 test1dax_inconsistent left_hidden
0.000 0.720 0.447 0.424 0.000 0.000 1.495 0.018 0.000 1.642 0.000 0.000 0.000 0.000 0.000 0.000 0.900 0.000 1.187 1.036 
1 test1dax_inconsistent right_hidden
0.000 0.225 0.751 0.000 0.000 0.000 0.016 0.000 1.060 2.406 0.000 0.353 0.000 0.420 0.000 0.000 0.128 0.000 0.800 0.000 
---
0 test1dax_consistent left_hidden
0.000 1.089 1.802 0.063 0.000 0.000 0.000 0.000 0.289 0.498 0.538 0.063 1.018 0.218 0.586 0.487 0.000 0.859 1.473 0.290 
0 test1dax_consistent right_hidden
0.000 2.001 0.000 1.591 0.000 0.000 0.000 0.000 3.335 0.847 0.000 0.000 1.241 0.000 0.000 0.000 0.000 2.399 0.282 5.375 
---
1 test1dax_inconsistent left_hidden
0.000 1.089 1.802 0.063 0.000 0.000 0.000 0.000 0.289 0.498 0.538 0.063 1.018 0.218 0.586 0.487 0.000 0.859 1.473 0.290 
1 test1dax_inconsistent right_hidden
0.000 0.136 0.379 0.351 0.000 0.000 0.422 0.000 0.799 0.079 0.000 0.000 0.084 0.000 0.000 0.000 0.098 0.361 0.647 2.425 
---
0 test1dax_consistent left_hidden
0.024 0.000 1.041 0.148 0.331 0.987 0.171 0.000 0.000 1.255 1.298 0.007 0.114 0.000 0.915 0.340 0.000 1.255 0.000 0.000 
0 test1dax_consistent right_hidden
0.000 0.000 0.056 5.339 0.000 0.496 0.000 0.000 0.000 0.082 0.536 0.000 0.000 0.000 2.269 4.300 0.000 0.000 0.000 0.000 
---
1 test1dax_inconsistent left_hidden
0.024 0.000 1.041 0.148 0.331 0.987 0.171 0.000 0.000 1.255 1.298 0.007 0.114 0.000 0.915 0.340 0.000 1.255 0.000 0.000 
1 test1dax_inconsistent right_hidden
0.790 0.046 0.468 0.928 0.062 1.006 0.042 0.000 0.000 0.000 0.219 0.000 0.000 0.000 0.253 2.321 0.000 0.000 0.124 0.000 
---
0 test1dax_consistent left_hidden
0.000 1.192 0.031 0.154 0.012 0.000 2.057 0.468 0.000 0.246 0.034 0.000 0.649 0.263 0.000 0.000 0.000 0.000 0.147 1.548 
0 test1dax_consistent right_hidden
0.000 0.000 0.000 0.684 0.384 0.000 2.964 0.000 0.144 4.249 0.000 0.160 0.000 2.181 0.000 0.000 0.000 2.812 3.354 1.775 
---
1 test1dax_inconsistent left_hidden
0.000 1.192 0.031 0.154 0.012 0.000 2.057 0.468 0.000 0.246 0.034 0.000 0.649 0.263 0.000 0.000 0.000 0.000 0.147 1.548 
1 test1dax_inconsistent right_hidden
0.000 0.732 0.038 0.000 0.438 0.597 0.394 0.000 0.398 0.490 0.000 0.000 0.000 0.681 0.420 0.000 0.000 2.243 0.877 0.284 
---
0 test1dax_consistent left_hidden
0.493 0.000 0.208 0.000 0.000 1.112 0.754 0.000 0.000 0.432 0.903 1.019 0.000 0.075 2.247 0.000 0.945 0.000 0.000 0.266 
0 test1dax_consistent right_hidden
0.000 0.000 1.151 0.000 0.000 0.000 0.000 0.000 0.000 0.398 0.269 2.660 0.000 0.195 4.573 0.000 0.000 0.000 0.000 4.890 
---
1 test1dax_inconsistent left_hidden
0.493 0.000 0.208 0.000 0.000 1.112 0.754 0.000 0.000 0.432 0.903 1.019 0.000 0.075 2.247 0.000 0.945 0.000 0.000 0.266 
1 test1dax_inconsistent right_hidden
0.000 0.000 0.294 0.401 0.030 0.000 0.007 0.000 0.000 0.000 0.750 2.160 0.000 0.587 1.264 0.000 0.136 0.268 0.000 1.007 
---
0 test1dax_consistent left_hidden
0.150 0.000 0.770 0.000 1.155 1.270 0.000 0.187 0.782 0.000 0.000 0.271 0.387 0.440 0.682 0.969 0.000 0.300 1.703 0.099 
0 test1dax_consistent right_hidden
0.000 0.000 1.915 0.000 0.000 0.000 0.000 0.561 0.083 1.581 0.000 4.162 0.681 0.100 3.359 0.000 0.000 0.000 3.162 0.000 
---
1 test1dax_inconsistent left_hidden
0.150 0.000 0.770 0.000 1.155 1.270 0.000 0.187 0.782 0.000 0.000 0.271 0.387 0.440 0.682 0.969 0.000 0.300 1.703 0.099 
1 test1dax_inconsistent right_hidden
0.230 0.000 0.452 0.000 0.377 0.839 0.000 0.213 0.353 0.681 0.094 0.985 1.014 0.219 1.164 0.000 0.000 0.266 0.354 0.000 
---
0 test1dax_consistent left_hidden
0.000 0.000 0.319 0.000 0.386 1.004 0.467 1.113 0.000 0.783 0.000 0.000 0.103 1.491 0.000 1.364 0.210 1.498 0.000 0.000 
0 test1dax_consistent right_hidden
1.048 0.014 0.000 0.000 2.263 2.652 0.000 0.000 0.000 5.175 0.000 1.412 0.544 1.416 0.000 2.257 1.042 0.000 0.000 0.000 
---
1 test1dax_inconsistent left_hidden
0.000 0.000 0.319 0.000 0.386 1.004 0.467 1.113 0.000 0.783 0.000 0.000 0.103 1.491 0.000 1.364 0.210 1.498 0.000 0.000 
1 test1dax_inconsistent right_hidden
0.000 0.201 0.212 0.000 0.616 0.416 0.241 0.062 0.074 1.672 0.000 0.210 0.000 1.300 0.000 1.026 0.277 0.000 0.119 0.044 
---
0 test1dax_consistent left_hidden
0.203 0.127 0.000 1.059 0.510 0.824 1.529 0.000 0.000 0.282 0.000 0.912 0.000 0.150 0.000 0.720 0.000 0.763 0.000 0.660 
0 test1dax_consistent right_hidden
0.041 1.484 0.303 0.000 0.000 2.010 2.078 0.263 1.749 1.654 2.709 0.882 0.000 0.000 0.000 0.357 0.000 2.144 1.557 4.146 
---
1 test1dax_inconsistent left_hidden
0.203 0.127 0.000 1.059 0.510 0.824 1.529 0.000 0.000 0.282 0.000 0.912 0.000 0.150 0.000 0.720 0.000 0.763 0.000 0.660 
1 test1dax_inconsistent right_hidden
0.068 1.329 0.000 0.669 0.378 0.313 0.155 0.183 0.212 0.000 0.855 0.000 0.000 0.507 0.000 1.100 0.000 0.431 0.707 1.185 
---
0 test1dax_consistent left_hidden
1.222 0.000 0.748 0.365 0.000 0.269 0.000 0.434 0.001 0.413 0.000 0.225 0.000 0.056 1.959 0.519 0.000 0.223 0.038 1.190 
0 test1dax_consistent right_hidden
2.515 0.000 0.553 0.000 0.000 0.000 0.823 3.353 0.000 1.896 0.000 0.610 5.835 1.759 0.907 0.000 0.076 0.000 0.000 1.634 
---
1 test1dax_inconsistent left_hidden
1.222 0.000 0.748 0.365 0.000 0.269 0.000 0.434 0.001 0.413 0.000 0.225 0.000 0.056 1.959 0.519 0.000 0.223 0.038 1.190 
1 test1dax_inconsistent right_hidden
0.416 0.000 1.012 0.000 0.000 0.028 0.000 1.524 0.000 1.114 0.000 1.250 1.835 0.673 1.114 0.000 0.046 0.000 0.000 0.163 
---
0 test1dax_consistent left_hidden
0.000 0.856 0.000 2.341 0.486 0.054 0.000 0.000 0.000 0.000 0.145 0.302 1.325 0.512 0.111 0.000 0.000 0.279 1.668 0.000 
0 test1dax_consistent right_hidden
0.000 3.646 1.155 0.467 1.847 0.000 0.000 0.000 0.000 0.000 0.004 3.285 0.000 0.000 0.025 0.218 0.000 2.688 1.193 0.162 
---
1 test1dax_inconsistent left_hidden
0.000 0.856 0.000 2.341 0.486 0.054 0.000 0.000 0.000 0.000 0.145 0.302 1.325 0.512 0.111 0.000 0.000 0.279 1.668 0.000 
1 test1dax_inconsistent right_hidden
0.000 0.093 0.000 0.000 0.608 0.000 0.000 0.000 0.000 0.459 0.407 0.621 0.000 0.000 0.508 0.351 0.000 1.920 0.955 0.324 
---
0 test1dax_consistent left_hidden
0.000 2.177 0.000 0.377 0.373 1.177 0.030 0.000 0.331 0.000 0.533 0.123 0.000 0.200 0.000 1.090 0.000 0.000 0.892 0.069 
0 test1dax_consistent right_hidden
0.000 2.360 0.000 2.054 1.650 0.657 1.983 0.100 0.131 0.000 0.000 0.000 0.000 1.474 0.000 6.162 0.000 0.000 0.398 0.033 
---
1 test1dax_inconsistent left_hidden
0.000 2.177 0.000 0.377 0.373 1.177 0.030 0.000 0.331 0.000 0.533 0.123 0.000 0.200 0.000 1.090 0.000 0.000 0.892 0.069 
1 test1dax_inconsistent right_hidden
0.000 1.053 0.000 0.491 0.000 0.361 1.466 0.000 0.270 0.000 0.000 0.000 0.000 1.740 0.000 1.608 0.091 0.000 0.528 0.511 
---
0 test1dax_consistent left_hidden
0.368 1.475 1.029 0.565 0.000 0.890 0.000 0.000 0.000 0.000 0.000 1.101 1.291 0.000 0.404 0.282 0.153 0.799 0.000 0.000 
0 test1dax_consistent right_hidden
0.000 3.006 3.143 1.091 0.000 0.388 0.494 0.000 0.016 0.000 0.000 0.112 1.576 0.000 4.023 0.397 1.922 0.146 0.000 2.389 
---
1 test1dax_inconsistent left_hidden
0.368 1.475 1.029 0.565 0.000 0.890 0.000 0.000 0.000 0.000 0.000 1.101 1.291 0.000 0.404 0.282 0.153 0.799 0.000 0.000 
1 test1dax_inconsistent right_hidden
0.000 1.324 0.627 0.924 0.000 0.000 0.000 0.000 0.000 0.000 0.000 0.865 0.000 0.000 1.312 1.158 0.370 0.257 0.000 0.213 
---
0 test1dax_consistent left_hidden
0.000 0.000 0.078 0.000 0.126 1.661 1.251 0.000 0.000 0.307 0.000 0.046 0.037 0.125 0.000 0.039 1.010 0.000 1.792 0.027 
0 test1dax_consistent right_hidden
1.737 0.000 1.472 1.487 1.327 0.436 0.300 5.868 0.000 0.000 2.122 0.000 0.040 0.327 0.000 0.141 0.000 0.153 2.882 0.000 
---
1 test1dax_inconsistent left_hidden
0.000 0.000 0.078 0.000 0.126 1.661 1.251 0.000 0.000 0.307 0.000 0.046 0.037 0.125 0.000 0.039 1.010 0.000 1.792 0.027 
1 test1dax_inconsistent right_hidden
0.553 0.000 1.872 0.000 0.000 0.732 0.361 1.402 0.000 0.102 0.825 0.000 0.175 0.332 0.000 0.255 0.000 0.273 0.709 0.000 
---
0 test1dax_consistent left_hidden
0.925 0.220 0.000 1.953 0.000 0.657 0.024 0.844 0.000 0.027 0.000 0.000 0.650 1.422 0.000 0.000 0.730 0.030 0.000 0.000 
0 test1dax_consistent right_hidden
2.847 3.310 3.837 1.507 0.000 2.054 0.000 1.988 0.000 0.141 0.000 4.658 0.000 1.066 0.000 0.000 0.000 3.099 0.000 0.000 
---
1 test1dax_inconsistent left_hidden
0.925 0.220 0.000 1.953 0.000 0.657 0.024 0.844 0.000 0.027 0.000 0.000 0.650 1.422 0.000 0.000 0.730 0.030 0.000 0.000 
1 test1dax_inconsistent right_hidden
1.984 1.429 1.364 0.354 0.000 0.646 0.000 0.000 0.000 0.305 0.000 0.831 0.000 0.657 0.000 0.000 0.000 0.935 0.000 0.000 
---
0 test1dax_consistent left_hidden
1.541 0.547 0.000 0.000 0.850 0.000 0.330 1.151 0.369 0.257 0.841 0.492 1.970 1.146 0.124 0.000 0.128 0.000 0.000 0.000 
0 test1dax_consistent right_hidden
0.000 3.047 0.046 1.683 2.447 0.119 3.986 0.000 2.393 0.547 0.684 1.257 0.000 3.316 0.000 0.000 0.286 0.000 0.000 0.000 
---
1 test1dax_inconsistent left_hidden
1.541 0.547 0.000 0.000 0.850 0.000 0.330 1.151 0.369 0.257 0.841 0.492 1.970 1.146 0.124 0.000 0.128 0.000 0.000 0.000 
1 test1dax_inconsistent right_hidden
0.220 0.789 0.000 0.852 0.998 0.248 0.550 0.083 1.072 0.249 0.942 0.829 0.426 0.474 0.462 0.000 0.287 0.125 0.000 0.000 
---
0 test1dax_consistent left_hidden
0.000 0.000 0.000 0.028 0.680 0.971 0.421 0.271 0.480 0.018 0.306 0.102 1.159 0.000 1.374 0.364 0.000 1.562 0.000 1.186 
0 test1dax_consistent right_hidden
4.948 0.014 3.158 1.075 1.742 0.000 1.200 0.904 2.109 0.000 0.853 1.353 1.689 0.000 0.786 0.000 0.000 0.000 0.000 0.710 
---
1 test1dax_inconsistent left_hidden
0.000 0.000 0.000 0.028 0.680 0.971 0.421 0.271 0.480 0.018 0.306 0.102 1.159 0.000 1.374 0.364 0.000 1.562 0.000 1.186 
1 test1dax_inconsistent right_hidden
1.377 0.151 1.374 0.627 0.552 0.000 0.395 0.000 0.442 0.056 0.712 0.984 0.984 0.000 0.000 0.000 0.000 0.755 0.000 0.000 
---
0 test1dax_consistent left_hidden
1.415 0.000 0.000 1.702 0.698 1.448 0.000 0.000 0.820 0.000 0.000 0.209 0.285 0.000 0.000 0.000 0.249 1.167 0.000 1.078 
0 test1dax_consistent right_hidden
3.664 0.000 0.000 1.095 0.000 4.283 0.000 1.564 4.340 0.000 0.000 0.000 0.000 0.000 0.000 0.000 0.000 0.758 0.000 0.000 
---
1 test1dax_inconsistent left_hidden
1.415 0.000 0.000 1.702 0.698 1.448 0.000 0.000 0.820 0.000 0.000 0.209 0.285 0.000 0.000 0.000 0.249 1.167 0.000 1.078 
1 test1dax_inconsistent right_hidden
1.676 0.009 0.000 1.530 0.000 0.807 0.000 0.000 0.852 0.000 0.000 0.159 0.000 0.000 0.032 0.282 0.000 0.542 0.000 0.000 
---
0 test1dax_consistent left_hidden
0.000 0.263 0.185 0.000 0.000 0.217 1.041 0.000 0.000 2.014 0.000 0.000 1.030 1.664 1.162 0.000 0.276 0.000 0.144 0.000 
0 test1dax_consistent right_hidden
4.433 0.000 3.841 0.000 3.919 0.000 0.746 0.000 2.279 3.059 0.000 0.000 2.066 0.000 0.901 2.276 0.452 0.000 0.000 0.000 
---
1 test1dax_inconsistent left_hidden
0.000 0.263 0.185 0.000 0.000 0.217 1.041 0.000 0.000 2.014 0.000 0.000 1.030 1.664 1.162 0.000 0.276 0.000 0.144 0.000 
1 test1dax_inconsistent right_hidden
1.535 0.000 0.580 0.000 1.908 0.000 0.000 0.000 0.804 1.710 0.000 0.000 0.758 0.000 0.419 0.526 0.685 0.000 0.000 0.029 
---
0 test1dax_consistent left_hidden
1.107 1.214 0.000 1.163 0.578 0.939 0.231 0.000 0.000 0.000 0.861 0.467 0.773 0.191 0.663 0.000 0.427 0.000 0.550 0.000 
0 test1dax_consistent right_hidden
1.331 3.608 1.975 1.868 0.000 3.298 3.116 0.381 0.000 0.091 0.658 0.000 0.375 0.088 0.000 0.000 0.585 0.000 0.600 0.000 
---
1 test1dax_inconsistent left_hidden
1.107 1.214 0.000 1.163 0.578 0.939 0.231 0.000 0.000 0.000 0.861 0.467 0.773 0.191 0.663 0.000 0.427 0.000 0.550 0.000 
1 test1dax_inconsistent right_hidden
0.454 0.649 0.274 0.466 0.000 2.209 0.627 0.416 0.000 0.128 0.000 0.054 0.313 0.242 0.000 0.000 0.744 0.206 0.728 0.000 
---
0 test1dax_consistent left_hidden
1.500 0.089 0.218 0.000 0.000 0.000 0.129 1.684 0.000 0.499 0.421 0.476 0.000 0.078 1.153 0.321 0.949 0.172 0.880 0.281 
0 test1dax_consistent right_hidden
2.592 0.785 4.057 0.000 0.000 0.408 0.000 0.000 0.000 1.339 0.967 2.175 0.314 0.000 2.811 0.000 0.000 2.408 0.306 1.829 
---
1 test1dax_inconsistent left_hidden
1.500 0.089 0.218 0.000 0.000 0.000 0.129 1.684 0.000 0.499 0.421 0.476 0.000 0.078 1.153 0.321 0.949 0.172 0.880 0.281 
1 test1dax_inconsistent right_hidden
0.168 0.356 1.206 0.344 0.000 0.457 0.000 0.598 0.068 0.541 0.450 0.912 0.300 0.000 0.797 0.000 0.107 0.472 0.314 0.867 
---
0 test1dax_consistent left_hidden
0.675 0.000 0.777 0.156 0.184 0.000 0.000 0.000 1.487 0.000 0.605 0.864 1.100 0.075 0.771 1.621 0.212 0.361 0.000 0.000 
0 test1dax_consistent right_hidden
0.000 2.012 1.227 1.906 0.000 0.000 0.000 0.000 0.000 0.000 3.110 0.327 2.883 0.000 0.000 2.245 1.500 3.011 0.000 2.530 
---
1 test1dax_inconsistent left_hidden
0.675 0.000 0.777 0.156 0.184 0.000 0.000 0.000 1.487 0.000 0.605 0.864 1.100 0.075 0.771 1.621 0.212 0.361 0.000 0.000 
1 test1dax_inconsistent right_hidden
0.369 0.383 0.238 0.313 0.012 0.000 0.000 0.000 0.776 0.149 1.129 0.633 0.650 0.415 0.268 0.115 0.369 0.896 0.000 0.893 
---
0 test1dax_consistent left_hidden
0.000 0.000 0.000 0.000 1.242 0.949 0.000 0.000 0.648 1.748 0.000 0.000 0.051 0.000 0.000 0.246 1.410 1.180 0.356 0.000 
0 test1dax_consistent right_hidden
0.307 0.000 0.000 0.000 1.513 0.060 2.398 0.000 5.169 0.878 0.000 1.190 0.002 0.371 0.000 1.735 1.689 0.000 0.286 4.076 
---
1 test1dax_inconsistent left_hidden
0.000 0.000 0.000 0.000 1.242 0.949 0.000 0.000 0.648 1.748 0.000 0.000 0.051 0.000 0.000 0.246 1.410 1.180 0.356 0.000 
1 test1dax_inconsistent right_hidden
0.250 0.115 0.000 0.000 0.278 0.649 1.098 0.000 1.406 1.299 0.000 0.460 0.019 0.088 0.000 1.423 0.168 0.088 0.321 0.956 
---
0 test1dax_consistent left_hidden
0.000 0.381 0.147 0.936 0.000 0.000 0.000 0.120 0.000 0.000 0.000 1.217 1.430 0.000 0.902 0.156 1.210 0.503 0.348 0.267 
0 test1dax_consistent right_hidden
0.000 0.000 0.000 0.000 0.000 0.000 0.000 0.178 0.022 2.610 0.000 0.000 1.754 3.037 0.171 3.576 0.000 0.340 0.775 2.612 
---
1 test1dax_inconsistent left_hidden
0.000 0.381 0.147 0.936 0.000 0.000 0.000 0.120 0.000 0.000 0.000 1.217 1.430 0.000 0.902 0.156 1.210 0.503 0.348 0.267 
1 test1dax_inconsistent right_hidden
0.000 0.215 0.000 0.000 0.000 0.000 0.048 0.120 0.131 1.564 0.000 0.000 1.538 0.423 0.026 0.460 0.468 0.047 0.773 0.027 
---
0 test1dax_consistent left_hidden
0.830 0.661 0.000 1.373 0.240 0.000 0.000 0.000 0.097 0.047 0.111 0.017 0.761 0.292 0.000 0.386 0.213 0.000 2.215 0.366 
0 test1dax_consistent right_hidden
0.736 0.000 0.000 0.000 4.256 0.000 0.000 0.000 0.243 0.000 5.265 2.847 0.744 1.154 0.000 0.000 0.993 0.000 1.338 1.490 
---
1 test1dax_inconsistent left_hidden
0.830 0.661 0.000 1.373 0.240 0.000 0.000 0.000 0.097 0.047 0.111 0.017 0.761 0.292 0.000 0.386 0.213 0.000 2.215 0.366 
1 test1dax_inconsistent right_hidden
0.690 0.833 0.000 0.197 0.800 0.000 0.000 0.000 0.811 0.000 1.991 0.966 0.000 0.336 0.279 0.008 0.719 0.000 0.118 0.764 
---
0 test1dax_consistent left_hidden
0.000 0.132 0.161 0.000 0.000 0.339 0.000 1.011 0.659 0.832 0.374 0.534 0.000 0.919 1.468 0.103 0.761 0.000 1.553 0.436 
0 test1dax_consistent right_hidden
0.000 0.000 0.000 0.000 0.000 0.025 0.000 1.774 2.393 0.000 0.000 3.027 2.663 3.915 2.519 0.000 0.000 0.070 2.746 0.000 
---
1 test1dax_inconsistent left_hidden
0.000 0.132 0.161 0.000 0.000 0.339 0.000 1.011 0.659 0.832 0.374 0.534 0.000 0.919 1.468 0.103 0.761 0.000 1.553 0.436 
1 test1dax_inconsistent right_hidden
0.000 0.000 0.210 0.000 0.000 0.000 0.335 0.336 1.440 0.000 0.640 1.253 0.000 0.801 1.099 0.000 0.000 0.361 0.166 0.323 
---
0 test1dax_consistent left_hidden
0.451 0.448 0.000 0.572 1.428 0.759 1.218 0.000 0.766 0.654 0.000 0.654 1.248 0.000 0.033 0.223 0.000 0.000 0.755 1.008 
0 test1dax_consistent right_hidden
0.000 0.379 0.000 3.516 1.942 0.000 2.992 2.053 0.268 0.871 0.314 2.183 1.159 0.000 0.000 0.000 0.000 1.158 2.501 1.411 
---
1 test1dax_inconsistent left_hidden
0.451 0.448 0.000 0.572 1.428 0.759 1.218 0.000 0.766 0.654 0.000 0.654 1.248 0.000 0.033 0.223 0.000 0.000 0.755 1.008 
1 test1dax_inconsistent right_hidden
0.117 0.854 0.000 0.930 0.466 0.000 0.746 0.557 0.372 0.336 0.528 0.875 0.136 0.740 0.159 0.000 0.000 0.501 0.509 0.958 
---
0 test1dax_consistent left_hidden
0.903 0.000 0.000 0.000 1.332 0.054 1.018 1.300 0.338 0.000 0.000 0.666 0.057 0.000 0.000 0.814 0.032 0.000 0.076 0.000 
0 test1dax_consistent right_hidden
0.000 0.000 0.444 0.000 1.360 0.058 5.331 0.000 0.860 0.861 0.000 0.000 0.000 0.000 0.647 0.000 1.040 0.000 0.000 2.241 
---
1 test1dax_inconsistent left_hidden
0.903 0.000 0.000 0.000 1.332 0.054 1.018 1.300 0.338 0.000 0.000 0.666 0.057 0.000 0.000 0.814 0.032 0.000 0.076 0.000 
1 test1dax_inconsistent right_hidden
0.299 0.000 0.553 0.000 0.000 0.638 1.234 0.000 0.835 0.572 0.000 0.000 0.000 0.000 0.131 0.000 1.725 0.000 0.000 0.447 
---
0 test1dax_consistent left_hidden
0.422 0.037 0.000 0.478 1.060 0.640 0.000 0.425 0.998 1.201 0.581 0.000 0.000 0.775 1.052 0.000 0.000 0.000 1.493 0.275 
0 test1dax_consistent right_hidden
2.705 0.000 0.000 1.529 1.411 2.035 0.000 0.862 4.885 2.371 0.000 0.000 0.000 0.000 2.814 0.000 0.000 0.000 0.618 0.000 
---
1 test1dax_inconsistent left_hidden
0.422 0.037 0.000 0.478 1.060 0.640 0.000 0.425 0.998 1.201 0.581 0.000 0.000 0.775 1.052 0.000 0.000 0.000 1.493 0.275 
1 test1dax_inconsistent right_hidden
1.545 0.657 0.000 0.530 1.150 0.000 0.231 0.778 1.177 0.517 0.528 0.000 0.000 0.126 0.799 0.000 0.000 0.000 0.161 0.000 
---
0 test1dax_consistent left_hidden
0.083 0.222 0.042 0.259 2.096 1.615 0.000 0.709 0.029 0.645 0.000 0.042 0.000 0.521 0.000 0.000 0.147 0.436 0.000 0.193 
0 test1dax_consistent right_hidden
0.000 2.550 0.000 0.000 0.000 0.000 3.027 1.581 0.000 5.238 0.458 0.000 0.000 0.000 2.039 0.000 0.638 0.000 0.000 0.000 
---
1 test1dax_inconsistent left_hidden
0.083 0.222 0.042 0.259 2.096 1.615 0.000 0.709 0.029 0.645 0.000 0.042 0.000 0.521 0.000 0.000 0.147 0.436 0.000 0.193 
1 test1dax_inconsistent right_hidden
0.000 1.160 0.480 0.000 0.196 0.000 0.654 1.278 0.000 1.334 0.265 0.346 0.000 0.000 0.000 0.021 0.288 0.000 0.000 0.000 
---
0 test1dax_consistent left_hidden
0.000 1.035 0.105 0.000 1.499 0.000 0.000 0.981 0.000 0.819 0.112 1.443 0.000 0.205 0.000 0.696 0.681 0.300 0.353 0.132 
0 test1dax_consistent right_hidden
4.355 0.000 3.148 0.000 0.005 0.000 0.000 1.149 0.000 0.060 0.013 4.397 0.000 0.000 0.000 1.469 0.729 0.000 0.169 0.333 
---
1 test1dax_inconsistent left_hidden
0.000 1.035 0.105 0.000 1.499 0.000 0.000 0.981 0.000 0.819 0.112 1.443 0.000 0.205 0.000 0.696 0.681 0.300 0.353 0.132 
1 test1dax_inconsistent right_hidden
1.733 0.000 2.386 0.000 0.000 0.000 0.000 0.290 0.000 0.192 0.394 0.874 0.000 0.000 0.000 0.000 0.191 0.000 0.014 0.000 
---
0 test1dax_consistent left_hidden
0.957 0.226 0.000 0.000 0.056 1.405 0.000 0.000 0.437 1.185 1.299 0.029 1.112 0.000 0.000 0.000 0.507 0.682 0.000 0.027 
0 test1dax_consistent right_hidden
0.000 1.296 0.000 0.000 0.654 0.433 0.000 0.000 1.226 0.000 5.258 0.000 0.000 3.885 0.000 0.000 0.604 1.893 0.000 0.000 
---
1 test1dax_inconsistent left_hidden
0.957 0.226 0.000 0.000 0.056 1.405 0.000 0.000 0.437 1.185 1.299 0.029 1.112 0.000 0.000 0.000 0.507 0.682 0.000 0.027 
1 test1dax_inconsistent right_hidden
0.000 0.446 0.000 0.000 0.000 1.476 0.000 0.076 0.000 0.439 2.034 0.000 0.141 1.144 0.000 0.000 0.623 0.093 0.000 0.000 
---
0 test1dax_consistent left_hidden
0.000 0.008 0.287 0.464 0.811 0.486 0.000 0.000 1.059 0.811 0.000 0.292 0.207 0.000 0.000 0.223 0.314 0.018 1.556 1.477 
0 test1dax_consistent right_hidden
0.000 0.000 0.806 0.000 0.000 0.000 0.000 0.000 4.970 0.000 0.000 0.000 0.000 0.043 0.000 0.000 4.028 0.000 1.309 1.977 
---
1 test1dax_inconsistent left_hidden
0.000 0.008 0.287 0.464 0.811 0.486 0.000 0.000 1.059 0.811 0.000 0.292 0.207 0.000 0.000 0.223 0.314 0.018 1.556 1.477 
1 test1dax_inconsistent right_hidden
0.000 0.000 0.803 0.770 0.059 0.487 0.000 0.004 1.086 0.000 0.000 0.064 0.000 0.286 0.000 0.000 1.905 0.246 1.520 0.201 
---
0 test1dax_consistent left_hidden
0.000 2.486 0.000 0.404 1.606 0.000 0.000 0.000 0.000 0.000 0.145 0.303 0.265 0.000 1.560 0.000 0.000 0.000 0.656 0.000 
0 test1dax_consistent right_hidden
0.000 6.836 0.000 1.312 0.049 0.253 0.261 0.000 0.000 0.271 0.000 2.589 0.432 0.000 0.000 0.000 0.000 0.071 0.327 0.000 
---
1 test1dax_inconsistent left_hidden
0.000 2.486 0.000 0.404 1.606 0.000 0.000 0.000 0.000 0.000 0.145 0.303 0.265 0.000 1.560 0.000 0.000 0.000 0.656 0.000 
1 test1dax_inconsistent right_hidden
0.057 2.161 0.011 1.050 0.140 0.355 0.269 0.000 0.000 0.000 0.559 0.225 0.000 0.000 0.040 0.000 0.000 0.000 0.654 0.000 
---
0 test1dax_consistent left_hidden
0.170 0.611 0.000 0.000 0.681 0.191 0.391 0.000 0.000 1.629 0.160 0.231 0.460 0.000 0.211 0.094 0.562 0.000 1.711 0.091 
0 test1dax_consistent right_hidden
0.000 3.828 2.521 0.000 0.121 0.208 0.025 0.000 2.848 2.119 1.603 0.991 1.202 0.000 0.886 0.000 0.025 0.000 4.363 0.000 
---
1 test1dax_inconsistent left_hidden
0.170 0.611 0.000 0.000 0.681 0.191 0.391 0.000 0.000 1.629 0.160 0.231 0.460 0.000 0.211 0.094 0.562 0.000 1.711 0.091 
1 test1dax_inconsistent right_hidden
0.000 1.309 1.020 0.000 0.051 0.976 0.000 0.000 0.713 1.212 0.193 1.069 0.389 0.000 0.502 0.041 0.291 0.006 0.982 0.000 
---
0 test1dax_consistent left_hidden
0.167 1.496 0.026 0.000 2.468 0.003 0.504 0.000 0.000 0.512 0.434 0.402 0.128 0.394 0.000 0.000 0.000 0.000 0.000 0.000 
0 test1dax_consistent right_hidden
3.727 4.997 0.799 0.164 0.282 0.553 2.509 0.000 0.000 0.000 0.693 0.000 0.000 0.431 1.187 0.000 0.000 0.000 0.649 1.062 
---
1 test1dax_inconsistent left_hidden
0.167 1.496 0.026 0.000 2.468 0.003 0.504 0.000 0.000 0.512 0.434 0.402 0.128 0.394 0.000 0.000 0.000 0.000 0.000 0.000 
1 test1dax_inconsistent right_hidden
1.075 0.726 0.953 0.210 0.605 0.395 0.382 0.000 0.359 0.018 0.086 0.000 0.000 0.883 0.408 0.085 0.000 0.000 0.050 1.325 
---
0 test1dax_consistent left_hidden
0.000 0.000 1.188 0.796 0.000 0.052 0.444 1.195 0.401 1.165 0.000 0.000 0.000 0.000 1.205 0.326 0.469 0.000 0.842 1.253 
0 test1dax_consistent right_hidden
0.000 1.501 1.708 0.000 1.251 0.574 0.000 0.000 0.000 0.498 0.324 0.000 0.000 2.100 4.019 2.233 0.000 0.000 0.176 4.346 
---
1 test1dax_inconsistent left_hidden
0.000 0.000 1.188 0.796 0.000 0.052 0.444 1.195 0.401 1.165 0.000 0.000 0.000 0.000 1.205 0.326 0.469 0.000 0.842 1.253 
1 test1dax_inconsistent right_hidden
0.032 0.125 0.289 0.367 0.000 0.473 0.000 0.104 0.447 0.866 0.532 0.000 0.105 0.710 1.252 0.500 0.332 0.078 0.854 1.395 
---
0 test1dax_consistent left_hidden
0.312 0.000 0.000 0.341 0.000 0.035 1.610 0.066 0.000 0.076 0.185 1.272 0.908 0.000 0.000 0.555 0.857 1.293 0.565 0.000 
0 test1dax_consistent right_hidden
0.338 0.000 3.794 1.873 0.120 1.061 3.136 0.218 0.862 0.000 0.000 2.196 0.000 0.000 1.036 2.565 0.000 0.241 0.000 0.000 
---
1 test1dax_inconsistent left_hidden
0.312 0.000 0.000 0.341 0.000 0.035 1.610 0.066 0.000 0.076 0.185 1.272 0.908 0.000 0.000 0.555 0.857 1.293 0.565 0.000 
1 test1dax_inconsistent right_hidden
0.782 0.000 0.667 0.562 0.368 0.921 1.257 0.307 0.657 0.293 0.004 0.181 0.388 0.000 0.669 0.363 0.000 0.617 0.334 0.000 
---
0 test1dax_consistent left_hidden
0.000 0.000 0.345 1.178 1.406 0.057 0.061 0.000 0.000 0.000 0.000 0.237 0.852 0.720 1.037 0.000 0.880 0.000 0.007 0.892 
0 test1dax_consistent right_hidden
0.070 2.893 0.000 0.000 3.370 1.148 0.000 1.993 3.009 0.024 0.000 0.000 0.000 1.764 0.000 0.000 0.000 1.083 0.073 0.794 
---
1 test1dax_inconsistent left_hidden
0.000 0.000 0.345 1.178 1.406 0.057 0.061 0.000 0.000 0.000 0.000 0.237 0.852 0.720 1.037 0.000 0.880 0.000 0.007 0.892 
1 test1dax_inconsistent right_hidden
0.000 1.311 0.000 0.000 0.789 0.561 0.000 1.272 0.420 0.154 0.000 0.000 0.000 0.632 0.138 0.481 0.562 0.456 0.038 0.000 
---
0 test1dax_consistent left_hidden
1.144 0.000 0.175 0.000 0.000 0.701 0.285 1.135 0.000 0.206 1.921 0.019 1.726 0.000 0.243 0.000 0.771 0.136 0.365 0.251 
0 test1dax_consistent right_hidden
0.000 0.026 0.000 0.000 0.000 0.880 0.000 0.000 0.000 2.657 2.545 4.094 2.068 0.000 0.000 0.000 0.000 0.000 2.998 0.000 
---
1 test1dax_inconsistent left_hidden
1.144 0.000 0.175 0.000 0.000 0.701 0.285 1.135 0.000 0.206 1.921 0.019 1.726 0.000 0.243 0.000 0.771 0.136 0.365 0.251 
1 test1dax_inconsistent right_hidden
0.000 0.327 0.000 0.000 0.000 1.479 0.056 0.295 0.000 1.758 1.044 1.576 0.000 0.000 0.413 0.000 0.057 0.078 0.000 0.531 
---
0 test1dax_consistent left_hidden
0.000 0.000 1.297 0.000 0.204 1.338 0.000 0.000 0.000 0.989 0.113 1.039 0.000 0.000 0.314 0.054 0.000 1.047 0.595 0.627 
0 test1dax_consistent right_hidden
0.000 0.059 0.197 0.000 0.174 1.452 0.000 2.588 0.000 4.265 0.029 0.000 0.283 2.616 1.826 0.023 0.000 0.000 3.588 0.000 
---
1 test1dax_inconsistent left_hidden
0.000 0.000 1.297 0.000 0.204 1.338 0.000 0.000 0.000 0.989 0.113 1.039 0.000 0.000 0.314 0.054 0.000 1.047 0.595 0.627 
1 test1dax_inconsistent right_hidden
0.000 0.000 0.384 0.000 0.457 0.171 0.000 1.552 0.000 1.105 0.351 0.404 0.679 0.351 0.178 0.256 0.000 0.325 0.564 0.000 
---
0 test1dax_consistent left_hidden
0.137 0.000 0.128 0.000 0.184 0.000 1.765 0.000 1.366 1.026 0.374 0.000 0.000 1.604 0.048 0.000 0.293 0.000 0.633 0.928 
0 test1dax_consistent right_hidden
0.395 0.000 0.000 0.000 4.103 0.000 1.800 0.048 2.291 4.033 0.295 1.213 0.000 3.260 0.000 0.000 0.000 0.636 0.000 1.100 
---
1 test1dax_inconsistent left_hidden
0.137 0.000 0.128 0.000 0.184 0.000 1.765 0.000 1.366 1.026 0.374 0.000 0.000 1.604 0.048 0.000 0.293 0.000 0.633 0.928 
1 test1dax_inconsistent right_hidden
0.076 0.000 0.000 0.696 1.315 0.000 0.591 0.160 1.312 1.098 0.274 0.878 0.000 0.431 0.052 0.336 0.451 0.561 0.000 0.756 
---
0 test1dax_consistent left_hidden
0.719 0.000 0.032 0.941 0.970 1.564 0.615 0.000 0.000 0.684 0.000 0.000 0.209 0.000 0.234 0.000 0.184 1.617 0.000 0.000 
0 test1dax_consistent right_hidden
0.002 1.322 0.000 1.219 1.812 2.084 4.826 0.000 0.000 0.000 0.000 0.000 0.000 0.691 0.000 0.000 4.449 0.050 0.000 0.000 
---
1 test1dax_inconsistent left_hidden
0.719 0.000 0.032 0.941 0.970 1.564 0.615 0.000 0.000 0.684 0.000 0.000 0.209 0.000 0.234 0.000 0.184 1.617 0.000 0.000 
1 test1dax_inconsistent right_hidden
0.000 0.000 0.000 0.076 1.259 0.449 2.088 0.000 0.000 0.354 0.244 0.000 0.000 0.000 0.151 0.000 0.911 0.783 0.000 0.000 
---
0 test1dax_consistent left_hidden
1.250 0.136 0.665 1.210 0.705 0.358 0.347 0.591 0.670 0.000 1.134 0.138 0.000 0.000 0.000 0.000 0.353 0.980 0.000 1.700 
0 test1dax_consistent right_hidden
0.324 0.000 0.775 1.608 3.635 3.076 0.770 0.098 1.269 0.780 0.722 0.000 0.000 0.000 3.945 0.000 0.000 1.733 2.479 0.000 
---
1 test1dax_inconsistent left_hidden
1.250 0.136 0.665 1.210 0.705 0.358 0.347 0.591 0.670 0.000 1.134 0.138 0.000 0.000 0.000 0.000 0.353 0.980 0.000 1.700 
1 test1dax_inconsistent right_hidden
1.104 0.000 0.414 0.156 1.250 0.920 0.753 0.530 0.518 0.000 0.000 0.292 0.234 0.000 0.602 0.000 0.000 0.789 0.856 0.683 
---
0 test1dax_consistent left_hidden
0.000 1.336 0.513 0.022 0.485 0.324 0.019 1.442 0.000 0.017 1.176 0.000 0.000 0.000 0.626 0.000 0.000 0.000 0.000 1.456 
0 test1dax_consistent right_hidden
4.881 0.000 0.942 0.479 0.404 0.000 0.339 1.433 1.907 4.154 0.005 0.328 0.000 0.000 0.000 0.000 0.398 0.107 0.000 0.000 
---
1 test1dax_inconsistent left_hidden
0.000 1.336 0.513 0.022 0.485 0.324 0.019 1.442 0.000 0.017 1.176 0.000 0.000 0.000 0.626 0.000 0.000 0.000 0.000 1.456 
1 test1dax_inconsistent right_hidden
0.808 0.000 0.969 0.457 0.294 0.000 0.418 0.338 0.200 1.899 0.570 0.000 0.000 0.000 0.000 0.000 0.682 0.314 0.000 0.606 
---
0 test1dax_consistent left_hidden
0.193 1.973 0.000 0.000 0.296 1.115 0.000 0.000 0.000 0.209 0.117 0.000 1.553 0.000 0.431 0.000 0.959 0.000 0.000 1.415 
0 test1dax_consistent right_hidden
0.000 0.000 5.545 0.000 1.787 1.492 0.689 0.000 0.000 4.459 0.000 0.000 2.031 2.410 0.000 0.026 0.000 0.000 0.000 0.000 
---
1 test1dax_inconsistent left_hidden
0.193 1.973 0.000 0.000 0.296 1.115 0.000 0.000 0.000 0.209 0.117 0.000 1.553 0.000 0.431 0.000 0.959 0.000 0.000 1.415 
1 test1dax_inconsistent right_hidden
0.000 0.000 1.650 0.000 1.070 1.482 0.362 0.103 0.416 1.849 0.000 0.000 2.142 0.000 0.000 0.000 0.000 0.000 0.000 0.000 
---
0 test1dax_consistent left_hidden
1.258 0.000 0.000 0.753 0.771 1.574 0.217 0.662 0.375 0.000 0.054 0.000 0.000 0.000 0.164 0.000 0.132 1.141 0.102 0.630 
0 test1dax_consistent right_hidden
0.490 0.000 0.000 0.000 2.885 0.248 3.713 0.000 0.386 2.666 0.000 0.000 0.000 0.000 0.000 0.000 2.289 3.550 0.836 2.336 
---
1 test1dax_inconsistent left_hidden
1.258 0.000 0.000 0.753 0.771 1.574 0.217 0.662 0.375 0.000 0.054 0.000 0.000 0.000 0.164 0.000 0.132 1.141 0.102 0.630 
1 test1dax_inconsistent right_hidden
0.959 0.000 0.000 0.000 0.437 0.324 1.167 0.059 0.622 0.572 0.000 0.000 0.000 0.088 0.015 0.000 1.783 0.682 0.048 1.298 
---
0 test1dax_consistent left_hidden
0.000 0.284 0.000 0.000 0.000 0.659 0.564 0.000 1.081 0.500 0.731 0.606 1.049 0.000 0.000 0.166 0.900 0.000 1.381 1.108 
0 test1dax_consistent right_hidden
0.000 1.690 0.000 0.000 3.547 0.000 2.415 0.000 0.000 0.000 0.000 0.000 0.399 0.000 0.000 0.000 0.000 0.000 1.508 4.969 
---
1 test1dax_inconsistent left_hidden
0.000 0.284 0.000 0.000 0.000 0.659 0.564 0.000 1.081 0.500 0.731 0.606 1.049 0.000 0.000 0.166 0.900 0.000 1.381 1.108 
1 test1dax_inconsistent right_hidden
0.000 0.234 0.000 0.000 0.753 0.359 0.063 0.000 0.000 0.000 0.000 0.032 0.000 0.000 0.014 0.011 0.278 0.000 1.626 2.102 
---
0 test1dax_consistent left_hidden
1.033 0.724 0.949 0.000 0.546 0.141 0.649 0.284 0.000 0.000 0.133 0.000 0.344 0.107 0.167 1.511 0.556 1.789 0.793 0.000 
0 test1dax_consistent right_hidden
1.022 0.000 1.177 4.366 0.000 0.000 2.579 0.000 3.292 0.653 2.811 0.000 0.000 0.000 0.004 0.000 0.442 2.442 0.000 0.000 
---
1 test1dax_inconsistent left_hidden
1.033 0.724 0.949 0.000 0.546 0.141 0.649 0.284 0.000 0.000 0.133 0.000 0.344 0.107 0.167 1.511 0.556 1.789 0.793 0.000 
1 test1dax_inconsistent right_hidden
0.736 0.000 0.851 1.312 0.000 0.168 1.400 0.244 1.117 0.755 0.426 0.000 0.000 0.000 0.000 0.624 0.665 0.114 0.000 0.167 
---
0 test1dax_consistent left_hidden
0.000 0.000 0.653 0.000 0.000 1.365 2.000 0.957 0.065 1.037 0.294 0.529 0.000 0.722 0.000 1.021 0.303 0.677 0.776 0.000 
0 test1dax_consistent right_hidden
0.000 0.000 5.702 0.000 0.000 1.778 2.521 0.000 0.101 0.000 0.000 2.332 0.000 0.000 0.000 0.000 0.000 4.429 2.569 1.779 
---
1 test1dax_inconsistent left_hidden
0.000 0.000 0.653 0.000 0.000 1.365 2.000 0.957 0.065 1.037 0.294 0.529 0.000 0.722 0.000 1.021 0.303 0.677 0.776 0.000 
1 test1dax_inconsistent right_hidden
0.000 0.000 1.587 0.000 0.000 1.012 1.396 0.495 0.072 0.000 0.000 1.267 0.000 0.000 0.484 0.526 0.281 1.253 2.145 1.454 
---
0 test1dax_consistent left_hidden
0.000 0.059 0.000 1.458 1.438 0.366 0.270 0.740 1.126 0.713 1.380 0.538 0.000 0.000 0.719 0.714 1.297 0.103 0.000 0.000 
0 test1dax_consistent right_hidden
1.896 1.515 0.038 0.000 1.595 0.000 0.000 0.000 4.528 0.025 0.000 3.516 0.000 0.430 0.000 0.000 1.878 0.000 2.008 0.549 
---
1 test1dax_inconsistent left_hidden
0.000 0.059 0.000 1.458 1.438 0.366 0.270 0.740 1.126 0.713 1.380 0.538 0.000 0.000 0.719 0.714 1.297 0.103 0.000 0.000 
1 test1dax_inconsistent right_hidden
0.437 0.000 0.000 0.000 0.284 0.089 0.000 0.451 1.378 0.691 0.000 0.645 0.000 0.483 0.000 0.000 1.156 0.068 0.101 0.691 
---
0 test1dax_consistent left_hidden
0.145 0.000 1.200 0.000 0.000 0.000 1.208 1.080 0.626 0.299 0.773 1.302 0.261 0.000 0.000 0.000 0.000 0.000 0.822 1.418 
0 test1dax_consistent right_hidden
0.031 0.000 0.000 0.000 0.475 0.000 4.309 0.875 0.000 0.000 3.897 0.000 0.000 0.000 0.000 0.000 0.000 0.000 0.000 3.795 
---
1 test1dax_inconsistent left_hidden
0.145 0.000 1.200 0.000 0.000 0.000 1.208 1.080 0.626 0.299 0.773 1.302 0.261 0.000 0.000 0.000 0.000 0.000 0.822 1.418 
1 test1dax_inconsistent right_hidden
0.023 0.090 0.000 0.000 0.852 0.000 0.672 0.000 0.335 0.333 1.967 0.000 0.306 0.000 0.000 0.000 0.012 0.000 0.000 1.027 
---
0 test1dax_consistent left_hidden
0.274 0.196 0.128 0.000 0.000 1.269 1.365 0.000 0.000 1.243 0.000 0.000 0.000 2.124 0.219 0.000 0.535 0.000 0.000 0.246 
0 test1dax_consistent right_hidden
0.690 0.000 0.487 3.417 0.000 0.000 0.000 0.000 5.630 0.225 0.000 0.000 0.000 0.000 0.000 0.000 0.000 0.000 1.394 0.000 
---
1 test1dax_inconsistent left_hidden
0.274 0.196 0.128 0.000 0.000 1.269 1.365 0.000 0.000 1.243 0.000 0.000 0.000 2.124 0.219 0.000 0.535 0.000 0.000 0.246 
1 test1dax_inconsistent right_hidden
0.525 0.503 0.332 2.339 0.000 0.000 0.000 0.160 0.812 0.564 0.126 0.000 0.000 0.000 0.000 0.192 0.000 0.000 1.152 0.000 
---
0 test1dax_consistent left_hidden
0.000 1.388 0.241 0.000 0.000 0.000 0.205 0.000 0.036 0.142 0.509 0.000 0.000 0.000 0.635 0.277 0.213 1.715 0.000 1.373 
0 test1dax_consistent right_hidden
0.000 0.000 0.000 0.000 0.000 0.000 0.000 0.000 1.550 0.105 3.660 0.000 0.000 0.749 4.247 1.259 0.017 3.030 0.000 0.000 
---
1 test1dax_inconsistent left_hidden
0.000 1.388 0.241 0.000 0.000 0.000 0.205 0.000 0.036 0.142 0.509 0.000 0.000 0.000 0.635 0.277 0.213 1.715 0.000 1.373 
1 test1dax_inconsistent right_hidden
0.000 0.000 0.152 0.000 0.000 0.202 0.000 0.000 2.006 0.125 0.879 0.000 0.000 0.178 0.868 0.000 0.000 0.377 0.000 0.000 
---
0 test1dax_consistent left_hidden
0.951 0.767 0.508 0.000 0.000 0.222 0.000 0.000 0.000 0.000 0.365 0.000 2.761 0.061 0.000 0.000 1.323 0.964 0.000 1.356 
0 test1dax_consistent right_hidden
0.000 0.000 0.750 0.000 0.000 0.927 0.000 0.000 0.584 0.741 0.000 0.000 4.867 2.589 0.000 1.640 2.497 1.682 1.224 0.000 
---
1 test1dax_inconsistent left_hidden
0.951 0.767 0.508 0.000 0.000 0.222 0.000 0.000 0.000 0.000 0.365 0.000 2.761 0.061 0.000 0.000 1.323 0.964 0.000 1.356 
1 test1dax_inconsistent right_hidden
0.307 0.364 0.817 0.366 0.000 0.938 0.000 0.000 0.000 0.072 0.000 0.000 1.642 0.317 0.000 0.185 0.711 0.378 0.273 0.765 
---
0 test1dax_consistent left_hidden
1.011 0.090 1.446 0.001 0.059 0.000 0.000 0.908 0.000 0.282 0.000 0.107 1.844 0.117 0.111 0.096 0.000 0.000 0.000 1.477 
0 test1dax_consistent right_hidden
4.517 0.000 0.000 0.000 2.321 0.000 1.028 1.801 0.000 1.229 0.183 0.000 0.284 1.802 0.000 0.000 1.445 0.000 0.796 0.000 
---
1 test1dax_inconsistent left_hidden
1.011 0.090 1.446 0.001 0.059 0.000 0.000 0.908 0.000 0.282 0.000 0.107 1.844 0.117 0.111 0.096 0.000 0.000 0.000 1.477 
1 test1dax_inconsistent right_hidden
0.679 0.000 0.000 0.000 0.260 0.000 0.000 0.981 0.001 0.624 0.770 0.387 0.000 0.338 0.000 0.058 0.630 0.000 1.208 0.000 
---
0 test1dax_consistent left_hidden
1.511 0.607 0.000 0.330 0.487 1.253 0.214 1.632 0.000 0.015 0.000 0.000 0.000 0.000 1.308 0.246 0.000 0.744 0.000 0.095 
0 test1dax_consistent right_hidden
4.073 0.911 0.000 3.650 2.385 0.417 0.124 1.588 1.454 0.000 0.000 0.000 0.000 0.000 0.498 2.108 0.000 1.954 1.555 0.000 
---
1 test1dax_inconsistent left_hidden
1.511 0.607 0.000 0.330 0.487 1.253 0.214 1.632 0.000 0.015 0.000 0.000 0.000 0.000 1.308 0.246 0.000 0.744 0.000 0.095 
1 test1dax_inconsistent right_hidden
1.066 0.560 0.000 1.262 0.538 0.819 0.097 0.182 0.690 0.583 0.000 0.000 0.000 0.000 0.291 1.086 0.000 1.825 0.000 0.307 
---
0 test1dax_consistent left_hidden
0.000 0.200 0.000 0.000 0.126 0.587 1.627 1.398 0.000 0.648 0.725 0.099 0.000 0.385 0.229 0.000 0.399 0.554 0.978 0.324 
0 test1dax_consistent right_hidden
0.000 0.000 0.579 3.120 3.219 1.439 1.375 0.000 0.000 2.507 0.088 1.475 0.000 0.247 2.805 0.000 1.335 0.000 1.226 1.427 
---
1 test1dax_inconsistent left_hidden
0.000 0.200 0.000 0.000 0.126 0.587 1.627 1.398 0.000 0.648 0.725 0.099 0.000 0.385 0.229 0.000 0.399 0.554 0.978 0.324 
1 test1dax_inconsistent right_hidden
0.000 0.000 0.093 0.685 0.888 1.599 0.231 0.709 0.000 0.233 0.235 0.281 0.000 0.000 0.547 0.000 0.648 0.069 0.256 0.500 
---
0 test1dax_consistent left_hidden
1.581 0.966 0.137 0.000 0.000 0.071 0.000 0.094 0.000 0.032 0.428 0.400 0.009 0.928 0.472 0.032 0.461 0.374 1.695 0.070 
0 test1dax_consistent right_hidden
0.000 0.208 2.372 0.000 0.000 1.840 0.208 0.000 2.805 0.000 0.000 0.000 2.104 0.000 0.038 0.000 0.000 0.046 5.309 0.000 
---
1 test1dax_inconsistent left_hidden
1.581 0.966 0.137 0.000 0.000 0.071 0.000 0.094 0.000 0.032 0.428 0.400 0.009 0.928 0.472 0.032 0.461 0.374 1.695 0.070 
1 test1dax_inconsistent right_hidden
0.000 0.141 1.844 0.000 0.000 0.641 0.000 0.000 0.529 0.000 0.258 0.000 1.141 0.000 0.593 0.000 0.299 0.156 0.872 0.000 
---
0 test1dax_consistent left_hidden
0.000 0.000 0.154 0.771 0.205 0.000 0.000 0.000 0.007 0.617 0.074 0.022 0.000 1.705 0.107 0.899 0.000 0.000 1.324 0.939 
0 test1dax_consistent right_hidden
1.354 0.000 2.180 0.000 0.000 0.000 2.680 0.995 2.529 0.538 0.000 0.000 0.000 1.186 0.000 0.376 0.000 0.613 0.000 3.638 
---
1 test1dax_inconsistent left_hidden
0.000 0.000 0.154 0.771 0.205 0.000 0.000 0.000 0.007 0.617 0.074 0.022 0.000 1.705 0.107 0.899 0.000 0.000 1.324 0.939 
1 test1dax_inconsistent right_hidden
0.236 0.000 1.045 0.000 0.485 0.257 0.330 0.000 0.910 0.000 0.000 0.000 0.262 1.197 0.107 0.000 0.000 0.200 0.000 0.528 
---
0 test1dax_consistent left_hidden
0.702 1.504 0.000 0.224 0.132 0.000 2.153 0.027 0.017 0.000 0.020 1.263 0.000 0.660 0.000 0.000 0.000 0.000 0.000 0.000 
0 test1dax_consistent right_hidden
1.763 2.447 0.000 0.626 1.779 0.000 0.000 1.248 0.262 0.000 0.000 0.000 1.222 0.000 0.000 1.226 0.000 4.694 3.594 0.000 
---
1 test1dax_inconsistent left_hidden
0.702 1.504 0.000 0.224 0.132 0.000 2.153 0.027 0.017 0.000 0.020 1.263 0.000 0.660 0.000 0.000 0.000 0.000 0.000 0.000 
1 test1dax_inconsistent right_hidden
1.041 0.166 0.748 0.107 0.422 0.000 0.000 0.150 0.000 0.000 0.000 0.000 0.010 0.000 0.000 0.412 0.000 1.528 0.668 0.144 
---
0 test1dax_consistent left_hidden
0.000 0.201 1.342 2.116 0.000 0.160 0.000 0.000 0.000 0.670 0.844 0.000 0.112 0.000 0.000 1.161 0.000 0.334 0.353 0.194 
0 test1dax_consistent right_hidden
0.000 4.468 0.848 2.230 0.000 1.854 0.000 0.000 0.000 3.688 0.704 0.000 0.000 0.134 0.573 0.000 0.000 0.075 1.911 2.191 
---
1 test1dax_inconsistent left_hidden
0.000 0.201 1.342 2.116 0.000 0.160 0.000 0.000 0.000 0.670 0.844 0.000 0.112 0.000 0.000 1.161 0.000 0.334 0.353 0.194 
1 test1dax_inconsistent right_hidden
0.000 1.013 0.193 1.187 0.000 1.362 0.000 0.000 0.000 0.780 0.000 0.219 0.000 0.000 0.080 0.000 0.000 0.232 0.095 1.718 
---
0 test1dax_consistent left_hidden
0.000 0.000 0.000 0.000 0.775 0.913 0.032 0.000 1.058 0.000 0.000 0.000 0.000 0.000 2.032 0.077 0.078 0.000 1.173 1.831 
0 test1dax_consistent right_hidden
0.436 0.000 0.000 0.000 1.264 0.000 0.000 0.911 0.802 0.000 3.796 3.804 1.346 0.217 1.790 1.511 0.175 0.000 1.489 3.809 
---
1 test1dax_inconsistent left_hidden
0.000 0.000 0.000 0.000 0.775 0.913 0.032 0.000 1.058 0.000 0.000 0.000 0.000 0.000 2.032 0.077 0.078 0.000 1.173 1.831 
1 test1dax_inconsistent right_hidden
0.354 0.000 0.000 0.217 0.000 0.000 0.417 0.425 0.428 0.000 0.568 1.120 0.299 0.470 0.763 1.242 0.000 0.000 0.024 1.853 
---
0 test1dax_consistent left_hidden
0.000 0.123 0.000 0.000 0.068 1.331 0.000 0.000 0.089 1.602 1.633 0.000 0.000 1.117 0.082 0.228 0.256 0.004 0.000 0.000 
0 test1dax_consistent right_hidden
3.308 0.000 0.000 0.000 0.000 4.349 0.077 0.000 0.000 2.346 0.000 0.000 0.000 0.000 0.000 0.831 0.000 1.744 2.379 0.000 
---
1 test1dax_inconsistent left_hidden
0.000 0.123 0.000 0.000 0.068 1.331 0.000 0.000 0.089 1.602 1.633 0.000 0.000 1.117 0.082 0.228 0.256 0.004 0.000 0.000 
1 test1dax_inconsistent right_hidden
1.893 0.000 0.013 0.279 0.106 0.579 0.063 0.000 0.000 0.000 0.110 0.000 0.000 0.221 0.475 0.000 0.000 0.000 1.347 0.000 
---
0 test1dax_consistent left_hidden
0.995 0.698 0.552 0.047 0.410 1.433 0.419 0.025 0.000 0.000 0.000 0.000 0.595 0.000 0.897 0.000 0.216 1.588 0.000 0.663 
0 test1dax_consistent right_hidden
0.513 5.588 0.000 0.000 2.555 0.193 0.000 0.000 1.876 0.000 0.000 0.826 0.446 1.110 1.363 1.364 0.015 1.599 0.000 0.946 
---
1 test1dax_inconsistent left_hidden
0.995 0.698 0.552 0.047 0.410 1.433 0.419 0.025 0.000 0.000 0.000 0.000 0.595 0.000 0.897 0.000 0.216 1.588 0.000 0.663 
1 test1dax_inconsistent right_hidden
0.000 1.357 0.015 0.048 1.523 0.303 0.000 0.000 0.126 0.128 0.000 0.357 0.401 1.079 0.321 0.280 0.000 0.000 0.350 1.175 
---
0 test1dax_consistent left_hidden
0.000 0.000 1.479 0.232 0.000 1.008 0.105 0.006 0.716 0.000 0.000 0.000 0.000 0.914 0.082 0.987 0.000 1.992 0.000 1.017 
0 test1dax_consistent right_hidden
0.000 0.000 0.000 0.543 0.000 0.000 5.540 0.000 0.465 2.424 0.000 0.000 0.000 2.812 0.000 0.933 0.000 0.000 0.000 4.938 
---
1 test1dax_inconsistent left_hidden
0.000 0.000 1.479 0.232 0.000 1.008 0.105 0.006 0.716 0.000 0.000 0.000 0.000 0.914 0.082 0.987 0.000 1.992 0.000 1.017 
1 test1dax_inconsistent right_hidden
0.000 0.000 0.000 0.332 0.000 0.680 2.383 0.803 0.000 1.270 0.000 0.000 0.000 0.713 0.065 1.337 0.000 0.000 0.014 1.058 
---
