0 test1dax_consistent left_hidden
0.000 0.353 0.000 0.000 0.006 0.002 0.000 0.000 2.002 2.523 0.000 0.000 0.416 0.000 0.000 0.000 1.386 0.000 0.021 0.000 
0 test1dax_consistent right_hidden
5.068 0.000 0.513 0.000 0.000 0.000 0.026 0.000 2.063 0.000 0.000 0.000 2.133 1.036 0.000 1.093 2.494 0.095 2.222 0.000 
---
1 test1dax_inconsistent left_hidden
0.000 0.353 0.000 0.000 0.006 0.002 0.000 0.000 2.002 2.523 0.000 0.000 0.416 0.000 0.000 0.000 1.386 0.000 0.021 0.000 
1 test1dax_inconsistent right_hidden
0.988 0.000 0.647 0.000 0.000 0.000 0.262 0.000 0.738 0.000 0.000 0.000 1.044 0.532 0.000 0.000 0.171 0.000 1.211 0.000 
---
0 test1dax_consistent left_hidden
0.050 0.000 0.000 1.071 0.116 0.263 0.000 1.810 0.228 0.051 0.407 0.018 0.000 0.000 1.988 0.364 0.136 1.102 0.000 0.000 
0 test1dax_consistent right_hidden
1.896 0.000 0.000 1.952 0.556 4.346 0.000 0.000 2.877 0.000 3.993 3.114 0.000 0.000 0.621 0.458 0.000 1.545 0.000 0.000 
---
1 test1dax_inconsistent left_hidden
0.050 0.000 0.000 1.071 0.116 0.263 0.000 1.810 0.228 0.051 0.407 0.018 0.000 0.000 1.988 0.364 0.136 1.102 0.000 0.000 
1 test1dax_inconsistent right_hidden
0.882 0.000 0.050 1.012 0.000 0.985 0.000 0.000 1.319 0.000 0.817 1.447 0.000 0.000 0.288 1.462 0.000 0.000 0.000 0.000 
---
0 test1dax_consistent left_hidden
1.778 0.056 0.000 0.000 0.000 0.000 0.000 0.256 0.000 0.000 0.000 0.000 0.000 1.869 0.755 0.392 0.887 0.000 0.002 0.000 
0 test1dax_consistent right_hidden
0.000 5.620 0.000 1.014 0.000 0.000 0.000 1.360 0.969 0.000 0.000 0.000 0.101 4.336 0.000 0.000 0.000 0.000 0.000 0.000 
---
1 test1dax_inconsistent left_hidden
1.778 0.056 0.000 0.000 0.000 0.000 0.000 0.256 0.000 0.000 0.000 0.000 0.000 1.869 0.755 0.392 0.887 0.000 0.002 0.000 
1 test1dax_inconsistent right_hidden
0.000 1.647 0.000 0.347 0.043 0.000 0.000 0.931 0.000 0.000 0.000 0.151 0.243 0.571 0.190 0.000 0.283 0.000 0.000 0.000 
---
0 test1dax_consistent left_hidden
0.290 0.104 0.000 0.125 0.361 0.622 0.784 0.000 1.325 1.141 0.000 0.231 0.573 0.630 0.623 0.050 0.444 0.812 0.000 1.060 
0 test1dax_consistent right_hidden
1.179 0.000 1.330 0.000 8.068 0.028 0.000 1.019 0.000 0.000 0.000 1.921 0.079 0.000 0.000 0.000 0.000 0.000 0.000 0.000 
---
1 test1dax_inconsistent left_hidden
0.290 0.104 0.000 0.125 0.361 0.622 0.784 0.000 1.325 1.141 0.000 0.231 0.573 0.630 0.623 0.050 0.444 0.812 0.000 1.060 
1 test1dax_inconsistent right_hidden
1.028 0.329 0.160 0.000 2.480 0.475 0.000 1.622 0.000 0.162 0.000 0.000 0.144 0.170 0.000 0.000 0.000 0.000 0.000 0.000 
---
0 test1dax_consistent left_hidden
0.685 1.825 0.000 0.299 0.000 1.172 0.000 0.286 0.000 0.000 0.764 0.692 0.016 0.000 0.000 0.859 0.000 0.000 1.451 0.118 
0 test1dax_consistent right_hidden
0.000 0.456 0.000 0.000 1.453 0.000 0.931 2.441 0.000 0.000 2.761 3.526 0.000 3.502 1.999 0.197 0.417 1.245 0.750 0.399 
---
1 test1dax_inconsistent left_hidden
0.685 1.825 0.000 0.299 0.000 1.172 0.000 0.286 0.000 0.000 0.764 0.692 0.016 0.000 0.000 0.859 0.000 0.000 1.451 0.118 
1 test1dax_inconsistent right_hidden
0.085 0.453 0.000 0.785 0.724 0.466 0.000 1.361 0.000 0.000 0.029 0.492 0.102 1.671 0.200 0.000 0.627 0.205 0.000 0.314 
---
0 test1dax_consistent left_hidden
0.000 1.064 0.555 0.747 0.000 1.166 0.000 0.000 0.000 0.000 0.000 0.000 0.011 0.840 0.699 1.942 0.000 0.402 0.660 0.370 
0 test1dax_consistent right_hidden
0.031 3.700 0.000 0.000 2.267 2.925 0.000 0.000 0.000 0.000 0.000 0.000 1.717 0.000 1.075 3.171 0.000 0.968 1.853 0.000 
---
1 test1dax_inconsistent left_hidden
0.000 1.064 0.555 0.747 0.000 1.166 0.000 0.000 0.000 0.000 0.000 0.000 0.011 0.840 0.699 1.942 0.000 0.402 0.660 0.370 
1 test1dax_inconsistent right_hidden
0.259 0.223 0.000 0.000 0.813 0.300 0.000 0.000 0.000 0.000 0.107 0.169 1.131 0.000 0.876 0.378 0.000 0.813 1.230 0.000 
---
0 test1dax_consistent left_hidden
0.973 0.000 0.000 0.211 1.514 1.462 0.083 0.000 0.000 1.547 0.000 0.431 0.000 0.091 0.000 0.000 1.363 0.000 0.273 0.138 
0 test1dax_consistent right_hidden
2.421 0.000 0.000 3.130 1.279 0.000 0.000 0.000 0.000 0.274 0.000 1.296 0.000 0.000 0.000 0.000 4.475 0.000 2.770 0.822 
---
1 test1dax_inconsistent left_hidden
0.973 0.000 0.000 0.211 1.514 1.462 0.083 0.000 0.000 1.547 0.000 0.431 0.000 0.091 0.000 0.000 1.363 0.000 0.273 0.138 
1 test1dax_inconsistent right_hidden
0.496 0.000 0.040 1.451 1.075 0.080 0.117 0.550 0.361 0.000 0.021 0.000 0.106 0.000 0.000 0.000 0.538 0.259 0.205 0.773 
---
0 test1dax_consistent left_hidden
0.000 0.000 0.643 0.000 0.016 0.000 0.000 2.796 0.000 1.343 0.445 0.000 0.000 0.548 0.000 0.000 0.019 0.000 0.000 0.000 
0 test1dax_consistent right_hidden
0.000 4.698 0.000 0.000 0.000 3.113 0.902 1.491 0.000 0.818 0.457 0.000 1.421 2.523 2.366 0.000 0.018 0.000 0.000 1.742 
---
1 test1dax_inconsistent left_hidden
0.000 0.000 0.643 0.000 0.016 0.000 0.000 2.796 0.000 1.343 0.445 0.000 0.000 0.548 0.000 0.000 0.019 0.000 0.000 0.000 
1 test1dax_inconsistent right_hidden
0.000 1.236 0.000 0.000 0.000 0.409 0.000 0.000 0.109 0.146 1.323 0.276 0.927 1.049 0.632 0.000 0.110 0.000 0.000 0.808 
---
0 test1dax_consistent left_hidden
1.156 0.000 0.000 0.000 0.040 1.556 0.000 0.000 0.000 0.487 0.000 0.000 0.000 1.016 1.129 0.128 0.000 0.375 0.004 0.413 
0 test1dax_consistent right_hidden
0.814 0.000 0.000 0.000 0.000 0.000 0.000 0.000 1.205 0.000 0.000 5.405 0.000 0.376 0.000 1.602 1.062 0.000 2.129 2.866 
---
1 test1dax_inconsistent left_hidden
1.156 0.000 0.000 0.000 0.040 1.556 0.000 0.000 0.000 0.487 0.000 0.000 0.000 1.016 1.129 0.128 0.000 0.375 0.004 0.413 
1 test1dax_inconsistent right_hidden
0.871 0.000 0.000 0.000 0.000 0.000 0.000 0.000 1.289 0.201 0.000 0.914 0.000 0.000 0.000 0.324 0.845 0.016 1.714 0.332 
---
0 test1dax_consistent left_hidden
0.171 0.656 0.115 0.834 0.116 0.281 0.000 0.000 1.214 1.611 0.000 0.001 0.055 0.163 1.246 0.000 0.670 0.000 0.839 0.000 
0 test1dax_consistent right_hidden
0.121 0.000 1.973 0.000 0.000 0.000 0.000 0.000 4.762 1.749 2.886 2.182 0.000 0.000 2.229 0.000 0.000 0.000 0.824 0.000 
---
1 test1dax_inconsistent left_hidden
0.171 0.656 0.115 0.834 0.116 0.281 0.000 0.000 1.214 1.611 0.000 0.001 0.055 0.163 1.246 0.000 0.670 0.000 0.839 0.000 
1 test1dax_inconsistent right_hidden
0.000 0.625 0.000 0.000 0.313 0.297 0.000 0.404 0.766 0.222 1.435 1.050 0.000 0.056 0.409 0.440 0.357 0.000 0.653 0.000 
---
0 test1dax_consistent left_hidden
0.025 0.307 0.000 1.702 0.003 1.060 0.159 1.082 0.000 0.034 0.107 0.050 0.000 0.989 0.000 0.985 0.127 0.141 0.000 0.625 
0 test1dax_consistent right_hidden
0.000 0.870 0.030 0.000 3.281 1.574 3.388 0.000 0.000 2.295 1.510 2.243 0.000 0.000 0.000 2.793 0.536 1.707 0.000 0.000 
---
1 test1dax_inconsistent left_hidden
0.025 0.307 0.000 1.702 0.003 1.060 0.159 1.082 0.000 0.034 0.107 0.050 0.000 0.989 0.000 0.985 0.127 0.141 0.000 0.625 
1 test1dax_inconsistent right_hidden
0.281 1.250 0.672 0.172 0.000 0.000 0.685 0.000 0.000 1.013 0.300 0.855 0.000 0.000 0.000 0.604 0.491 0.410 0.000 0.148 
---
0 test1dax_consistent left_hidden
0.053 0.256 1.668 1.180 1.443 0.005 0.000 0.263 0.000 0.295 0.000 0.000 1.639 0.000 0.311 0.076 0.000 0.000 1.214 0.000 
0 test1dax_consistent right_hidden
1.929 1.832 0.000 2.484 0.000 0.518 0.000 3.007 0.045 2.899 2.155 0.010 1.006 0.000 0.000 2.349 0.000 0.000 0.752 0.000 
---
1 test1dax_inconsistent left_hidden
0.053 0.256 1.668 1.180 1.443 0.005 0.000 0.263 0.000 0.295 0.000 0.000 1.639 0.000 0.311 0.076 0.000 0.000 1.214 0.000 
1 test1dax_inconsistent right_hidden
0.691 0.287 0.000 0.671 0.243 0.607 0.000 0.484 0.125 1.020 0.148 0.000 0.000 0.361 0.152 0.946 0.000 0.000 0.000 0.711 
---
0 test1dax_consistent left_hidden
0.000 0.275 0.822 0.594 0.000 0.070 0.000 0.639 0.017 1.309 0.730 0.000 0.815 0.572 1.475 0.912 0.000 0.000 0.200 0.213 
0 test1dax_consistent right_hidden
2.829 0.000 2.697 0.000 2.122 2.881 1.318 2.747 0.000 0.923 0.000 0.000 0.423 0.901 0.000 2.161 0.000 0.138 0.000 0.000 
---
1 test1dax_inconsistent left_hidden
0.000 0.275 0.822 0.594 0.000 0.070 0.000 0.639 0.017 1.309 0.730 0.000 0.815 0.572 1.475 0.912 0.000 0.000 0.200 0.213 
1 test1dax_inconsistent right_hidden
0.627 0.191 0.708 0.001 0.619 0.115 0.020 0.850 0.280 0.120 0.240 0.000 0.064 0.000 0.135 0.662 0.000 0.429 0.000 0.000 
---
0 test1dax_consistent left_hidden
0.000 0.000 0.010 1.701 0.186 0.273 1.422 0.869 0.000 0.000 0.000 0.430 0.000 0.000 0.336 0.000 0.000 1.512 0.104 0.082 
0 test1dax_consistent right_hidden
0.000 0.000 0.000 0.123 1.019 0.000 3.931 2.810 1.097 0.000 0.000 0.000 0.438 0.000 0.000 0.000 0.000 1.314 0.000 3.139 
---
1 test1dax_inconsistent left_hidden
0.000 0.000 0.010 1.701 0.186 0.273 1.422 0.869 0.000 0.000 0.000 0.430 0.000 0.000 0.336 0.000 0.000 1.512 0.104 0.082 
1 test1dax_inconsistent right_hidden
0.000 0.000 0.017 0.000 1.309 0.137 0.770 0.357 0.000 0.000 0.000 0.000 0.000 0.000 0.000 0.284 0.349 0.315 0.000 0.814 
---
0 test1dax_consistent left_hidden
0.000 0.000 0.000 0.031 0.000 1.842 1.617 1.279 0.000 0.000 0.459 0.000 0.000 0.997 0.000 0.000 0.000 0.000 0.890 0.463 
0 test1dax_consistent right_hidden
2.632 0.000 2.087 0.000 0.000 0.000 2.696 0.532 0.721 0.000 1.589 0.000 0.657 0.000 0.000 2.939 4.487 0.000 0.000 1.162 
---
1 test1dax_inconsistent left_hidden
0.000 0.000 0.000 0.031 0.000 1.842 1.617 1.279 0.000 0.000 0.459 0.000 0.000 0.997 0.000 0.000 0.000 0.000 0.890 0.463 
1 test1dax_inconsistent right_hidden
0.902 0.000 0.000 0.082 0.000 0.692 0.238 0.957 0.252 0.000 0.075 0.000 0.814 0.014 0.000 0.451 1.769 0.000 0.000 0.000 
---
0 test1dax_consistent left_hidden
0.178 0.549 1.614 0.000 0.259 0.160 0.485 0.000 0.892 2.357 0.000 0.352 0.000 0.218 0.000 0.102 0.000 0.000 0.000 0.499 
0 test1dax_consistent right_hidden
0.000 0.000 2.542 1.396 0.000 1.135 6.317 0.000 0.000 0.000 0.000 0.000 0.207 2.553 0.000 0.000 0.406 0.000 0.000 0.000 
---
1 test1dax_inconsistent left_hidden
0.178 0.549 1.614 0.000 0.259 0.160 0.485 0.000 0.892 2.357 0.000 0.352 0.000 0.218 0.000 0.102 0.000 0.000 0.000 0.499 
1 test1dax_inconsistent right_hidden
0.000 0.079 1.017 0.672 0.289 1.172 1.079 0.162 0.000 0.000 0.000 0.151 0.236 1.072 0.000 0.000 0.000 0.000 0.000 0.000 
---
0 test1dax_consistent left_hidden
0.000 0.761 0.380 0.238 1.460 0.390 1.037 0.000 0.000 0.649 0.000 0.155 1.339 0.722 0.000 0.000 0.498 0.651 0.429 1.377 
0 test1dax_consistent right_hidden
0.000 0.000 0.152 2.761 2.400 0.000 0.038 2.604 0.025 0.000 0.080 2.088 0.158 0.393 0.000 0.000 0.000 2.820 2.797 2.142 
---
1 test1dax_inconsistent left_hidden
0.000 0.761 0.380 0.238 1.460 0.390 1.037 0.000 0.000 0.649 0.000 0.155 1.339 0.722 0.000 0.000 0.498 0.651 0.429 1.377 
1 test1dax_inconsistent right_hidden
0.000 0.000 0.461 0.759 0.013 0.219 0.000 0.446 0.000 0.000 0.000 0.283 0.000 0.051 0.000 0.182 0.538 1.322 0.498 0.695 
---
0 test1dax_consistent left_hidden
0.242 0.000 0.393 0.000 0.125 0.280 0.324 0.000 0.170 0.191 1.121 1.832 0.435 0.084 0.217 0.414 2.050 0.000 0.000 0.796 
0 test1dax_consistent right_hidden
0.000 0.000 3.091 0.000 4.876 0.000 0.000 0.000 0.000 2.063 0.000 1.270 4.075 0.220 0.000 1.659 0.000 0.029 0.000 0.000 
---
1 test1dax_inconsistent left_hidden
0.242 0.000 0.393 0.000 0.125 0.280 0.324 0.000 0.170 0.191 1.121 1.832 0.435 0.084 0.217 0.414 2.050 0.000 0.000 0.796 
1 test1dax_inconsistent right_hidden
0.000 0.000 0.841 0.000 1.094 0.000 0.000 0.000 0.000 0.959 0.630 0.000 1.311 0.132 0.086 0.839 0.641 0.025 0.000 0.000 
---
0 test1dax_consistent left_hidden
0.407 0.000 0.459 0.000 0.272 0.000 0.530 0.879 0.725 0.337 0.345 1.480 0.000 0.499 0.186 0.000 2.036 0.000 0.000 0.545 
0 test1dax_consistent right_hidden
0.000 0.040 0.179 0.000 2.171 0.000 2.327 0.208 0.416 3.576 0.000 0.000 3.217 0.000 1.724 0.000 1.247 0.000 0.000 0.000 
---
1 test1dax_inconsistent left_hidden
0.407 0.000 0.459 0.000 0.272 0.000 0.530 0.879 0.725 0.337 0.345 1.480 0.000 0.499 0.186 0.000 2.036 0.000 0.000 0.545 
1 test1dax_inconsistent right_hidden
0.170 0.000 0.178 0.000 0.848 0.000 0.000 0.700 0.354 2.204 0.000 0.000 0.236 0.093 0.000 0.051 0.000 0.000 0.000 0.000 
---
0 test1dax_consistent left_hidden
0.000 1.902 0.181 0.483 0.043 0.449 0.299 0.000 0.000 0.000 0.491 1.140 0.122 1.748 0.899 0.000 0.000 0.000 0.906 0.737 
0 test1dax_consistent right_hidden
0.000 2.004 5.391 0.000 0.000 1.882 0.048 0.000 0.622 0.000 1.212 0.000 0.000 0.769 0.498 0.000 0.183 0.000 0.000 3.645 
---
1 test1dax_inconsistent left_hidden
0.000 1.902 0.181 0.483 0.043 0.449 0.299 0.000 0.000 0.000 0.491 1.140 0.122 1.748 0.899 0.000 0.000 0.000 0.906 0.737 
1 test1dax_inconsistent right_hidden
0.000 1.073 1.614 0.000 0.000 0.000 0.209 0.000 0.480 0.000 0.095 0.000 0.000 0.000 0.561 0.224 0.168 0.022 0.000 0.676 
---
0 test1dax_consistent left_hidden
0.989 0.000 0.076 0.904 0.070 0.829 0.846 0.000 0.000 0.000 0.533 1.604 1.295 0.000 0.000 0.015 1.331 0.000 0.000 0.518 
0 test1dax_consistent right_hidden
0.000 1.919 0.511 0.000 0.193 0.000 2.253 0.000 0.000 0.000 3.287 1.079 0.000 0.000 0.000 0.000 0.000 6.016 0.000 1.407 
---
1 test1dax_inconsistent left_hidden
0.989 0.000 0.076 0.904 0.070 0.829 0.846 0.000 0.000 0.000 0.533 1.604 1.295 0.000 0.000 0.015 1.331 0.000 0.000 0.518 
1 test1dax_inconsistent right_hidden
0.000 1.144 0.547 0.218 0.094 0.101 0.000 0.000 0.000 0.000 1.213 0.653 0.455 0.000 0.000 0.242 0.000 1.454 0.318 1.357 
---
0 test1dax_consistent left_hidden
0.000 0.009 1.549 0.000 0.112 0.335 1.581 0.000 0.204 0.000 0.049 0.000 0.000 0.472 1.325 0.218 0.382 1.115 0.714 0.296 
0 test1dax_consistent right_hidden
2.512 0.399 2.723 0.313 0.000 0.000 0.000 2.868 4.149 0.000 0.000 2.362 0.000 0.000 0.000 0.000 0.000 3.569 0.000 0.000 
---
1 test1dax_inconsistent left_hidden
0.000 0.009 1.549 0.000 0.112 0.335 1.581 0.000 0.204 0.000 0.049 0.000 0.000 0.472 1.325 0.218 0.382 1.115 0.714 0.296 
1 test1dax_inconsistent right_hidden
0.639 0.434 0.000 0.502 0.077 0.000 0.040 0.910 1.148 0.000 0.003 1.319 0.000 0.000 0.049 0.117 0.000 1.142 0.000 0.000 
---
0 test1dax_consistent left_hidden
0.206 0.000 0.000 1.435 0.000 0.103 1.421 1.991 1.143 1.183 0.000 0.000 0.123 0.022 0.000 0.234 0.000 0.281 0.285 0.000 
0 test1dax_consistent right_hidden
0.525 0.000 0.000 0.084 0.258 0.916 0.000 1.446 0.712 0.000 0.000 3.139 0.000 0.789 0.826 3.981 0.014 0.000 2.006 0.559 
---
1 test1dax_inconsistent left_hidden
0.206 0.000 0.000 1.435 0.000 0.103 1.421 1.991 1.143 1.183 0.000 0.000 0.123 0.022 0.000 0.234 0.000 0.281 0.285 0.000 
1 test1dax_inconsistent right_hidden
0.729 0.000 0.000 1.194 0.000 0.305 0.274 0.000 0.858 0.000 0.017 1.440 0.428 0.038 0.000 0.550 0.000 0.439 0.000 0.000 
---
0 test1dax_consistent left_hidden
0.000 0.883 0.808 0.000 0.124 0.000 0.817 0.000 1.649 0.000 0.462 0.197 0.000 0.023 1.728 0.000 0.070 0.000 1.067 0.072 
0 test1dax_consistent right_hidden
0.000 0.743 0.000 0.000 0.000 0.000 0.000 0.000 0.000 3.905 0.000 3.730 1.975 0.000 0.000 0.000 1.939 0.000 0.000 1.757 
---
1 test1dax_inconsistent left_hidden
0.000 0.883 0.808 0.000 0.124 0.000 0.817 0.000 1.649 0.000 0.462 0.197 0.000 0.023 1.728 0.000 0.070 0.000 1.067 0.072 
1 test1dax_inconsistent right_hidden
0.000 1.080 0.568 0.000 0.000 0.000 0.000 0.000 0.160 0.216 0.000 1.534 0.061 0.000 0.000 0.189 0.000 0.000 0.000 0.092 
---
0 test1dax_consistent left_hidden
0.000 1.030 1.454 0.000 0.030 0.000 0.000 1.338 0.000 0.102 0.236 0.187 0.182 0.000 0.000 0.000 0.302 0.898 1.301 0.014 
0 test1dax_consistent right_hidden
0.000 0.000 2.869 0.000 0.290 0.000 0.000 3.484 0.000 0.037 0.000 0.000 5.686 0.000 0.000 0.000 0.786 0.000 1.834 0.000 
---
1 test1dax_inconsistent left_hidden
0.000 1.030 1.454 0.000 0.030 0.000 0.000 1.338 0.000 0.102 0.236 0.187 0.182 0.000 0.000 0.000 0.302 0.898 1.301 0.014 
1 test1dax_inconsistent right_hidden
0.000 0.000 0.000 0.000 0.743 0.741 0.053 1.297 0.350 0.008 0.000 0.000 1.534 0.019 0.000 0.670 0.711 0.000 1.017 0.000 
---
0 test1dax_consistent left_hidden
0.000 0.405 0.914 0.881 0.981 0.000 0.233 0.313 0.791 0.554 0.041 0.000 1.425 0.000 0.000 0.871 1.512 0.891 0.000 0.000 
0 test1dax_consistent right_hidden
5.144 2.217 2.640 0.000 1.256 0.000 0.000 0.000 1.687 1.234 3.014 0.000 0.736 0.537 0.000 0.063 0.000 0.000 0.000 0.000 
---
1 test1dax_inconsistent left_hidden
0.000 0.405 0.914 0.881 0.981 0.000 0.233 0.313 0.791 0.554 0.041 0.000 1.425 0.000 0.000 0.871 1.512 0.891 0.000 0.000 
1 test1dax_inconsistent right_hidden
1.185 1.226 0.646 0.000 0.833 0.000 0.000 0.046 0.690 0.774 1.075 0.000 0.000 0.266 0.211 0.000 0.227 0.240 0.134 0.000 
---
0 test1dax_consistent left_hidden
0.000 0.087 0.088 0.000 0.401 0.000 0.000 0.000 0.885 0.338 1.562 0.065 0.000 0.657 1.419 1.966 0.000 0.429 0.000 0.000 
0 test1dax_consistent right_hidden
0.000 2.341 0.450 0.570 0.000 0.000 0.000 0.371 3.718 0.000 0.628 1.208 0.000 2.163 0.234 0.000 2.336 3.149 0.000 0.000 
---
1 test1dax_inconsistent left_hidden
0.000 0.087 0.088 0.000 0.401 0.000 0.000 0.000 0.885 0.338 1.562 0.065 0.000 0.657 1.419 1.966 0.000 0.429 0.000 0.000 
1 test1dax_inconsistent right_hidden
0.000 1.436 0.000 0.006 0.403 0.000 0.000 0.246 0.589 0.828 0.000 0.227 0.000 1.002 0.000 0.000 0.143 0.877 0.000 0.000 
---
0 test1dax_consistent left_hidden
0.000 1.440 0.000 0.000 0.000 0.000 0.251 0.000 1.007 1.877 0.000 0.994 0.000 0.384 0.110 0.000 0.538 0.298 0.000 0.000 
0 test1dax_consistent right_hidden
0.000 0.343 0.000 2.323 0.000 0.000 1.793 0.000 0.116 0.000 2.754 0.000 0.492 0.000 0.000 0.000 5.311 1.803 0.000 0.000 
---
1 test1dax_inconsistent left_hidden
0.000 1.440 0.000 0.000 0.000 0.000 0.251 0.000 1.007 1.877 0.000 0.994 0.000 0.384 0.110 0.000 0.538 0.298 0.000 0.000 
1 test1dax_inconsistent right_hidden
0.000 0.626 0.000 0.886 0.000 0.054 1.714 0.000 0.658 0.000 0.786 0.000 0.376 0.049 0.339 0.000 0.681 1.093 0.000 0.000 
---
0 test1dax_consistent left_hidden
0.913 0.225 0.000 0.143 0.788 1.090 0.865 0.000 1.367 0.000 0.419 0.000 0.000 0.522 1.066 0.883 0.000 1.012 0.000 0.000 
0 test1dax_consistent right_hidden
0.653 0.932 1.013 0.000 1.326 0.000 0.000 0.073 0.000 0.000 0.000 0.847 3.006 1.612 2.109 0.000 0.000 2.237 0.000 4.136 
---
1 test1dax_inconsistent left_hidden
0.913 0.225 0.000 0.143 0.788 1.090 0.865 0.000 1.367 0.000 0.419 0.000 0.000 0.522 1.066 0.883 0.000 1.012 0.000 0.000 
1 test1dax_inconsistent right_hidden
0.000 0.228 0.736 0.080 0.687 0.007 0.167 0.270 0.000 0.000 0.000 0.754 0.435 0.268 1.385 0.309 0.000 0.291 0.000 0.782 
---
0 test1dax_consistent left_hidden
0.272 0.000 0.000 1.551 0.000 0.336 0.782 1.164 0.000 0.000 0.000 2.109 0.671 0.000 0.200 0.000 0.000 0.422 0.557 0.076 
0 test1dax_consistent right_hidden
0.000 0.000 0.000 2.472 1.673 0.000 3.900 1.248 0.000 0.000 3.964 2.069 0.000 0.225 0.966 0.000 0.000 3.736 0.000 0.052 
---
1 test1dax_inconsistent left_hidden
0.272 0.000 0.000 1.551 0.000 0.336 0.782 1.164 0.000 0.000 0.000 2.109 0.671 0.000 0.200 0.000 0.000 0.422 0.557 0.076 
1 test1dax_inconsistent right_hidden
0.696 0.000 0.000 0.000 0.346 0.000 2.076 0.497 0.000 0.000 0.632 1.151 0.007 0.000 0.152 0.102 0.001 1.581 0.098 0.023 
---
0 test1dax_consistent left_hidden
0.000 0.557 0.504 0.283 0.000 0.097 0.667 0.646 0.213 1.105 0.000 0.000 1.152 0.572 0.945 0.939 0.523 1.299 0.215 0.000 
0 test1dax_consistent right_hidden
0.000 0.000 0.000 0.000 0.267 0.000 0.000 0.000 0.000 1.464 4.247 0.000 0.000 2.203 1.392 5.232 0.216 0.000 3.086 0.000 
---
1 test1dax_inconsistent left_hidden
0.000 0.557 0.504 0.283 0.000 0.097 0.667 0.646 0.213 1.105 0.000 0.000 1.152 0.572 0.945 0.939 0.523 1.299 0.215 0.000 
1 test1dax_inconsistent right_hidden
0.265 0.000 0.330 0.000 0.644 0.028 0.000 0.193 0.313 0.765 1.155 0.000 0.000 0.737 0.000 1.288 0.499 0.000 1.682 0.000 
---
0 test1dax_consistent left_hidden
0.000 0.000 0.000 0.875 0.351 0.028 0.000 0.000 0.684 0.000 1.665 0.000 0.000 0.197 1.364 0.000 0.988 1.436 0.000 1.175 
0 test1dax_consistent right_hidden
0.000 0.000 0.000 0.839 0.000 0.000 0.000 0.000 0.105 0.000 0.001 1.096 0.000 2.755 5.886 0.000 0.000 2.584 0.765 0.000 
---
1 test1dax_inconsistent left_hidden
0.000 0.000 0.000 0.875 0.351 0.028 0.000 0.000 0.684 0.000 1.665 0.000 0.000 0.197 1.364 0.000 0.988 1.436 0.000 1.175 
1 test1dax_inconsistent right_hidden
0.000 0.000 0.000 0.888 0.000 0.054 0.395 0.000 0.000 0.000 0.000 0.000 0.002 0.754 1.254 0.086 0.000 1.119 0.470 0.000 
---
0 test1dax_consistent left_hidden
0.508 1.383 0.393 0.000 0.000 0.889 0.000 0.042 0.000 0.189 0.855 0.692 0.196 0.661 0.937 1.424 0.128 0.444 0.215 0.000 
0 test1dax_consistent right_hidden
2.167 0.461 0.405 0.000 2.449 1.524 1.061 0.000 2.415 0.341 0.000 3.609 0.000 3.407 0.480 0.151 0.000 0.000 0.000 0.000 
---
1 test1dax_inconsistent left_hidden
0.508 1.383 0.393 0.000 0.000 0.889 0.000 0.042 0.000 0.189 0.855 0.692 0.196 0.661 0.937 1.424 0.128 0.444 0.215 0.000 
1 test1dax_inconsistent right_hidden
0.000 0.156 0.879 0.000 0.877 0.139 0.971 0.386 0.845 0.000 0.000 0.876 0.000 0.857 0.299 0.000 0.000 0.289 0.000 0.000 
---
0 test1dax_consistent left_hidden
0.000 0.053 0.000 0.239 1.751 0.000 0.394 0.000 0.853 0.011 1.124 1.095 0.794 0.693 0.000 0.296 0.986 0.197 0.600 0.360 
0 test1dax_consistent right_hidden
0.000 0.000 0.000 0.000 0.000 0.337 1.721 0.000 0.896 0.000 0.000 0.090 5.022 1.849 0.000 0.000 2.078 0.000 0.000 2.001 
---
1 test1dax_inconsistent left_hidden
0.000 0.053 0.000 0.239 1.751 0.000 0.394 0.000 0.853 0.011 1.124 1.095 0.794 0.693 0.000 0.296 0.986 0.197 0.600 0.360 
1 test1dax_inconsistent right_hidden
0.241 0.000 0.000 0.000 0.000 0.000 0.505 0.000 0.000 0.155 0.000 0.363 0.910 0.000 0.000 0.000 0.148 0.013 0.000 1.480 
---
0 test1dax_consistent left_hidden
0.000 0.938 1.287 0.440 1.376 1.062 0.091 0.929 0.821 0.358 0.037 1.791 0.551 0.000 0.000 0.000 0.000 0.174 0.000 0.000 
0 test1dax_consistent right_hidden
0.000 0.652 2.006 0.046 1.310 1.811 4.030 1.908 0.000 1.688 3.385 0.000 1.622 0.000 0.000 0.000 0.820 1.846 0.000 0.000 
---
1 test1dax_inconsistent left_hidden
0.000 0.938 1.287 0.440 1.376 1.062 0.091 0.929 0.821 0.358 0.037 1.791 0.551 0.000 0.000 0.000 0.000 0.174 0.000 0.000 
1 test1dax_inconsistent right_hidden
0.000 0.643 0.693 0.000 0.000 0.451 0.968 0.000 0.000 0.390 0.890 0.690 0.281 0.196 0.000 0.158 0.088 1.024 0.000 0.000 
---
0 test1dax_consistent left_hidden
1.844 0.114 0.000 0.903 1.647 0.000 0.000 0.000 0.000 0.639 0.000 0.469 0.000 0.159 0.000 0.425 1.219 0.000 0.000 0.881 
0 test1dax_consistent right_hidden
0.000 0.000 0.000 0.891 0.000 5.169 0.268 0.000 1.894 0.807 0.000 0.000 0.000 0.255 5.480 0.013 2.278 0.000 0.000 1.296 
---
1 test1dax_inconsistent left_hidden
1.844 0.114 0.000 0.903 1.647 0.000 0.000 0.000 0.000 0.639 0.000 0.469 0.000 0.159 0.000 0.425 1.219 0.000 0.000 0.881 
1 test1dax_inconsistent right_hidden
0.000 0.000 0.000 1.035 0.000 1.250 0.782 0.193 0.756 0.394 0.000 0.285 0.000 0.000 1.708 0.422 0.507 0.000 0.000 0.000 
---
0 test1dax_consistent left_hidden
0.000 0.050 0.102 0.484 0.168 0.000 0.000 0.378 0.000 0.291 1.458 0.929 0.152 1.237 0.000 0.280 1.150 1.020 0.943 0.111 
0 test1dax_consistent right_hidden
0.000 0.000 5.985 0.000 0.000 1.322 0.000 0.000 0.000 0.000 0.000 2.494 0.573 0.000 0.924 0.000 1.367 0.000 0.000 0.230 
---
1 test1dax_inconsistent left_hidden
0.000 0.050 0.102 0.484 0.168 0.000 0.000 0.378 0.000 0.291 1.458 0.929 0.152 1.237 0.000 0.280 1.150 1.020 0.943 0.111 
1 test1dax_inconsistent right_hidden
0.000 0.047 1.538 0.000 0.284 0.000 0.000 0.007 0.000 0.000 0.000 0.377 1.300 0.000 0.554 0.000 0.000 0.248 0.000 0.508 
---
0 test1dax_consistent left_hidden
0.188 0.180 0.046 0.097 0.000 0.376 0.613 0.000 0.000 0.715 0.273 0.182 1.298 0.000 1.741 0.000 0.863 0.000 0.277 0.413 
0 test1dax_consistent right_hidden
0.000 0.925 3.404 0.000 3.288 0.000 1.058 0.000 0.968 0.000 1.535 0.693 0.000 0.000 0.450 0.839 0.000 2.639 0.000 0.000 
---
1 test1dax_inconsistent left_hidden
0.188 0.180 0.046 0.097 0.000 0.376 0.613 0.000 0.000 0.715 0.273 0.182 1.298 0.000 1.741 0.000 0.863 0.000 0.277 0.413 
1 test1dax_inconsistent right_hidden
0.000 1.080 0.260 0.000 0.438 0.000 0.834 0.000 0.589 0.000 0.822 0.239 0.000 0.000 0.000 0.000 0.000 0.650 0.000 0.130 
---
0 test1dax_consistent left_hidden
1.570 0.000 0.000 1.211 0.357 0.000 0.000 0.821 1.099 0.000 0.000 0.169 0.000 0.000 0.194 0.490 0.000 0.000 2.022 0.055 
0 test1dax_consistent right_hidden
0.000 0.000 5.084 0.095 1.726 0.000 0.000 1.190 0.555 0.000 0.022 2.696 0.000 0.000 0.000 0.000 0.000 2.663 0.000 0.000 
---
1 test1dax_inconsistent left_hidden
1.570 0.000 0.000 1.211 0.357 0.000 0.000 0.821 1.099 0.000 0.000 0.169 0.000 0.000 0.194 0.490 0.000 0.000 2.022 0.055 
1 test1dax_inconsistent right_hidden
0.274 0.000 1.033 0.005 1.504 0.000 0.076 0.540 0.117 0.040 0.000 1.180 0.000 0.034 0.000 0.000 0.535 0.000 0.135 0.000 
---
0 test1dax_consistent left_hidden
0.645 0.945 0.885 0.604 0.000 0.000 1.363 0.000 1.047 0.365 0.000 0.060 0.193 0.851 0.431 0.000 1.037 0.000 0.969 0.000 
0 test1dax_consistent right_hidden
0.421 0.000 0.000 0.000 3.018 0.000 3.293 0.000 0.000 0.000 0.000 0.000 1.701 0.000 3.590 0.000 0.000 2.256 0.000 0.000 
---
1 test1dax_inconsistent left_hidden
0.645 0.945 0.885 0.604 0.000 0.000 1.363 0.000 1.047 0.365 0.000 0.060 0.193 0.851 0.431 0.000 1.037 0.000 0.969 0.000 
1 test1dax_inconsistent right_hidden
0.000 0.297 0.371 0.152 1.809 0.000 0.636 0.000 0.000 0.209 0.000 0.000 0.000 0.000 0.126 0.018 0.072 1.594 0.193 0.000 
---
0 test1dax_consistent left_hidden
0.000 2.155 0.371 0.287 0.000 0.454 0.274 0.538 1.437 1.316 0.077 0.000 0.000 0.654 0.397 0.000 0.000 0.000 0.000 0.163 
0 test1dax_consistent right_hidden
1.257 2.738 1.545 3.220 2.036 1.186 0.048 0.000 0.000 5.122 0.000 0.000 0.000 0.000 0.017 0.903 0.020 0.000 0.000 0.117 
---
1 test1dax_inconsistent left_hidden
0.000 2.155 0.371 0.287 0.000 0.454 0.274 0.538 1.437 1.316 0.077 0.000 0.000 0.654 0.397 0.000 0.000 0.000 0.000 0.163 
1 test1dax_inconsistent right_hidden
0.452 0.639 0.817 1.285 0.749 0.245 0.657 0.163 0.248 0.889 0.000 0.000 0.000 0.373 0.300 0.422 0.000 0.000 0.000 0.000 
---
0 test1dax_consistent left_hidden
0.163 0.000 0.000 1.017 0.000 1.470 0.213 0.000 0.000 1.046 2.227 0.581 0.000 0.000 0.014 0.033 0.020 0.000 0.435 0.016 
0 test1dax_consistent right_hidden
0.000 0.000 5.097 0.000 0.000 1.452 0.000 0.000 0.000 0.000 3.447 0.000 0.000 0.000 0.000 0.000 2.676 0.000 3.172 0.000 
---
1 test1dax_inconsistent left_hidden
0.163 0.000 0.000 1.017 0.000 1.470 0.213 0.000 0.000 1.046 2.227 0.581 0.000 0.000 0.014 0.033 0.020 0.000 0.435 0.016 
1 test1dax_inconsistent right_hidden
0.000 0.000 2.171 0.115 0.000 1.697 0.000 0.000 0.000 0.000 0.050 0.358 0.000 0.000 0.094 0.000 1.558 0.000 0.135 0.000 
---
0 test1dax_consistent left_hidden
0.051 0.862 0.000 0.000 0.775 0.387 1.546 0.000 0.411 0.756 0.000 0.814 0.000 0.298 0.000 0.000 0.486 1.527 0.064 1.088 
0 test1dax_consistent right_hidden
0.174 3.207 0.000 0.000 0.747 0.000 1.182 0.000 1.093 1.463 0.000 3.012 0.737 0.000 0.000 0.000 0.000 4.360 1.955 0.643 
---
1 test1dax_inconsistent left_hidden
0.051 0.862 0.000 0.000 0.775 0.387 1.546 0.000 0.411 0.756 0.000 0.814 0.000 0.298 0.000 0.000 0.486 1.527 0.064 1.088 
1 test1dax_inconsistent right_hidden
0.148 0.617 0.000 0.036 0.000 0.489 0.000 0.000 0.745 0.897 0.000 1.892 0.393 0.103 0.348 0.000 0.000 0.738 0.684 0.275 
---
0 test1dax_consistent left_hidden
1.038 0.259 0.591 1.021 0.000 0.000 0.534 0.670 0.799 0.190 0.536 0.000 0.236 0.000 0.067 1.127 0.420 0.000 2.125 0.000 
0 test1dax_consistent right_hidden
3.310 0.000 0.860 0.000 0.000 0.104 0.000 1.801 3.421 1.307 1.969 0.000 1.586 0.000 0.000 0.020 0.000 3.565 0.000 0.263 
---
1 test1dax_inconsistent left_hidden
1.038 0.259 0.591 1.021 0.000 0.000 0.534 0.670 0.799 0.190 0.536 0.000 0.236 0.000 0.067 1.127 0.420 0.000 2.125 0.000 
1 test1dax_inconsistent right_hidden
0.760 0.000 1.327 0.520 0.000 0.000 0.000 0.422 0.402 0.384 1.528 0.000 0.845 0.000 0.000 0.000 0.241 0.267 1.011 0.536 
---
0 test1dax_consistent left_hidden
1.938 0.000 0.172 0.000 0.000 1.198 0.000 0.000 0.000 0.688 0.094 0.000 0.201 0.000 0.530 0.429 1.655 0.000 0.931 0.000 
0 test1dax_consistent right_hidden
0.000 0.000 0.000 2.127 0.000 0.184 1.811 0.000 0.781 0.000 0.000 0.000 0.000 0.000 0.000 0.972 6.241 0.000 0.000 0.000 
---
1 test1dax_inconsistent left_hidden
1.938 0.000 0.172 0.000 0.000 1.198 0.000 0.000 0.000 0.688 0.094 0.000 0.201 0.000 0.530 0.429 1.655 0.000 0.931 0.000 
1 test1dax_inconsistent right_hidden
0.074 0.000 0.077 1.214 0.000 0.625 0.621 0.000 0.000 0.000 0.089 0.147 0.000 0.000 0.092 0.363 1.022 0.045 0.000 0.000 
---
0 test1dax_consistent left_hidden
1.076 0.000 0.121 1.578 1.528 0.000 0.281 0.000 0.020 0.000 0.041 0.000 0.000 0.000 0.394 0.281 1.077 1.135 0.072 0.227 
0 test1dax_consistent right_hidden
0.000 0.000 0.000 0.000 0.000 3.838 0.000 0.000 0.000 0.459 0.000 0.000 0.000 4.081 0.000 2.654 0.000 2.653 1.022 0.000 
---
1 test1dax_inconsistent left_hidden
1.076 0.000 0.121 1.578 1.528 0.000 0.281 0.000 0.020 0.000 0.041 0.000 0.000 0.000 0.394 0.281 1.077 1.135 0.072 0.227 
1 test1dax_inconsistent right_hidden
0.000 0.000 0.180 0.018 0.000 0.644 0.274 0.000 0.074 0.000 0.055 0.414 0.000 1.185 0.000 0.000 0.000 0.440 0.000 0.057 
---
0 test1dax_consistent left_hidden
0.054 0.000 0.130 0.000 0.000 2.616 0.007 1.460 0.000 0.000 0.918 0.000 0.000 0.000 0.000 0.991 0.000 0.000 0.661 0.035 
0 test1dax_consistent right_hidden
0.000 0.000 2.330 0.000 0.000 0.000 0.203 1.414 0.000 1.126 0.000 2.306 0.000 1.856 0.000 3.352 3.722 0.000 0.005 0.066 
---
1 test1dax_inconsistent left_hidden
0.054 0.000 0.130 0.000 0.000 2.616 0.007 1.460 0.000 0.000 0.918 0.000 0.000 0.000 0.000 0.991 0.000 0.000 0.661 0.035 
1 test1dax_inconsistent right_hidden
0.380 0.000 0.422 0.000 0.788 0.000 0.000 0.000 0.050 0.000 0.000 0.320 0.000 1.208 0.000 2.138 0.044 0.178 0.000 0.121 
---
0 test1dax_consistent left_hidden
0.646 0.114 0.928 0.702 0.678 0.000 0.395 1.582 0.000 0.187 1.222 0.300 0.974 0.599 0.642 0.000 0.000 0.000 0.000 0.769 
0 test1dax_consistent right_hidden
0.000 0.000 1.906 1.023 0.000 0.000 0.000 0.000 5.531 3.414 0.000 0.000 1.287 0.000 0.000 0.000 1.018 1.167 0.000 0.000 
---
1 test1dax_inconsistent left_hidden
0.646 0.114 0.928 0.702 0.678 0.000 0.395 1.582 0.000 0.187 1.222 0.300 0.974 0.599 0.642 0.000 0.000 0.000 0.000 0.769 
1 test1dax_inconsistent right_hidden
0.000 0.000 0.000 0.159 0.846 0.002 0.000 0.000 1.167 1.739 0.000 0.000 0.000 0.000 0.278 0.000 1.335 0.698 0.000 0.000 
---
0 test1dax_consistent left_hidden
0.000 0.000 0.000 0.000 1.280 0.000 1.206 0.958 0.153 0.118 0.163 0.000 0.217 1.063 0.128 0.146 0.788 0.152 0.623 1.249 
0 test1dax_consistent right_hidden
0.537 0.473 0.000 0.000 2.309 0.000 0.000 3.430 0.000 2.204 0.819 0.000 1.947 0.475 0.000 0.716 2.059 2.669 0.000 0.738 
---
1 test1dax_inconsistent left_hidden
0.000 0.000 0.000 0.000 1.280 0.000 1.206 0.958 0.153 0.118 0.163 0.000 0.217 1.063 0.128 0.146 0.788 0.152 0.623 1.249 
1 test1dax_inconsistent right_hidden
0.532 0.004 0.199 0.000 0.050 0.092 0.046 0.430 0.000 0.868 0.793 0.000 0.354 0.784 0.000 0.120 0.377 0.191 0.000 0.000 
---
0 test1dax_consistent left_hidden
1.447 0.233 0.645 0.711 0.981 0.000 0.026 0.000 0.000 0.000 0.610 0.604 0.000 0.061 1.754 0.413 0.016 0.418 0.760 1.103 
0 test1dax_consistent right_hidden
3.081 0.239 0.000 3.568 0.230 0.000 1.936 0.000 0.000 0.000 3.675 0.000 3.172 0.000 1.155 0.000 0.000 0.000 0.673 1.683 
---
1 test1dax_inconsistent left_hidden
1.447 0.233 0.645 0.711 0.981 0.000 0.026 0.000 0.000 0.000 0.610 0.604 0.000 0.061 1.754 0.413 0.016 0.418 0.760 1.103 
1 test1dax_inconsistent right_hidden
0.487 0.114 0.000 0.525 0.520 0.000 0.515 0.000 0.026 0.162 1.237 0.000 0.888 0.000 0.049 0.000 0.000 0.393 0.000 0.698 
---
0 test1dax_consistent left_hidden
0.016 0.000 0.057 0.025 0.422 0.490 1.854 0.000 0.000 0.000 0.000 0.804 0.000 1.230 1.728 0.013 0.000 0.291 0.837 0.000 
0 test1dax_consistent right_hidden
0.842 0.952 0.000 0.000 1.493 0.564 0.000 0.102 3.241 0.000 0.000 2.548 0.000 0.671 0.000 0.000 0.000 3.176 2.680 0.000 
---
1 test1dax_inconsistent left_hidden
0.016 0.000 0.057 0.025 0.422 0.490 1.854 0.000 0.000 0.000 0.000 0.804 0.000 1.230 1.728 0.013 0.000 0.291 0.837 0.000 
1 test1dax_inconsistent right_hidden
0.000 0.857 0.000 0.000 0.142 0.316 0.000 0.396 0.805 0.000 0.000 0.294 0.000 0.000 0.000 0.000 0.155 0.191 0.000 0.000 
---
0 test1dax_consistent left_hidden
0.000 0.000 0.000 0.000 0.291 0.429 0.010 1.372 0.531 1.005 0.280 0.000 0.022 0.000 0.656 1.535 1.126 0.275 0.620 0.000 
0 test1dax_consistent right_hidden
6.059 0.000 0.000 1.783 0.000 0.000 0.000 1.972 2.609 0.000 0.000 2.119 0.000 0.000 0.000 0.000 2.173 0.000 0.000 0.000 
---
1 test1dax_inconsistent left_hidden
0.000 0.000 0.000 0.000 0.291 0.429 0.010 1.372 0.531 1.005 0.280 0.000 0.022 0.000 0.656 1.535 1.126 0.275 0.620 0.000 
1 test1dax_inconsistent right_hidden
2.110 0.000 0.128 0.967 0.000 0.345 0.000 0.016 1.263 0.111 0.000 0.649 0.000 0.000 0.000 0.000 0.369 0.000 0.000 0.000 
---
0 test1dax_consistent left_hidden
0.000 0.874 0.019 1.626 0.012 0.014 0.179 0.000 0.136 0.856 0.447 0.000 1.751 0.067 0.293 0.000 0.000 0.699 0.000 1.254 
0 test1dax_consistent right_hidden
0.000 2.011 0.233 0.000 0.000 0.000 0.089 0.000 0.000 2.453 0.000 2.443 2.342 0.000 0.000 0.000 3.087 1.015 0.000 2.889 
---
1 test1dax_inconsistent left_hidden
0.000 0.874 0.019 1.626 0.012 0.014 0.179 0.000 0.136 0.856 0.447 0.000 1.751 0.067 0.293 0.000 0.000 0.699 0.000 1.254 
1 test1dax_inconsistent right_hidden
0.000 0.491 0.584 0.000 0.000 0.000 0.037 0.000 0.000 1.315 0.000 0.755 0.292 0.000 0.150 0.000 0.843 0.464 0.000 0.172 
---
0 test1dax_consistent left_hidden
0.861 0.052 0.000 2.101 0.000 0.279 0.398 0.000 0.050 0.171 0.000 0.000 0.266 0.000 1.698 0.000 0.926 0.000 0.000 0.918 
0 test1dax_consistent right_hidden
0.000 0.002 0.000 0.000 0.000 4.810 0.000 0.996 1.730 1.746 0.000 0.000 3.333 2.483 0.388 0.000 1.435 0.000 0.000 1.755 
---
1 test1dax_inconsistent left_hidden
0.861 0.052 0.000 2.101 0.000 0.279 0.398 0.000 0.050 0.171 0.000 0.000 0.266 0.000 1.698 0.000 0.926 0.000 0.000 0.918 
1 test1dax_inconsistent right_hidden
0.000 0.360 0.000 0.000 0.000 1.272 0.345 0.000 0.282 0.747 0.000 0.000 0.845 0.901 0.618 0.000 0.536 0.000 0.001 0.000 
---
0 test1dax_consistent left_hidden
1.533 0.000 1.272 0.000 0.000 1.470 0.967 0.000 0.000 0.000 0.196 1.826 0.000 0.318 0.000 0.044 0.000 0.107 0.000 0.000 
0 test1dax_consistent right_hidden
0.000 0.000 0.000 0.000 0.000 0.000 0.145 0.000 0.272 0.000 5.070 0.000 0.016 4.333 1.907 1.172 0.118 1.599 0.000 0.000 
---
1 test1dax_inconsistent left_hidden
1.533 0.000 1.272 0.000 0.000 1.470 0.967 0.000 0.000 0.000 0.196 1.826 0.000 0.318 0.000 0.044 0.000 0.107 0.000 0.000 
1 test1dax_inconsistent right_hidden
0.000 0.000 0.000 0.000 0.000 0.000 0.000 0.000 0.338 0.000 0.975 0.000 0.156 1.542 0.000 0.506 0.040 1.290 0.000 0.000 
---
0 test1dax_consistent left_hidden
0.543 0.019 0.484 0.918 0.000 0.000 0.000 0.586 1.066 1.230 0.000 0.290 0.000 2.073 0.000 0.000 0.000 0.000 0.000 0.000 
0 test1dax_consistent right_hidden
4.636 0.000 4.025 0.000 1.653 0.000 0.000 2.681 0.947 0.000 0.000 0.588 0.000 2.229 0.000 0.000 0.000 0.000 0.000 0.788 
---
1 test1dax_inconsistent left_hidden
0.543 0.019 0.484 0.918 0.000 0.000 0.000 0.586 1.066 1.230 0.000 0.290 0.000 2.073 0.000 0.000 0.000 0.000 0.000 0.000 
1 test1dax_inconsistent right_hidden
1.510 0.000 0.846 0.000 0.000 0.000 0.000 0.000 1.274 0.631 0.000 0.000 0.000 0.340 0.000 0.000 0.000 0.000 0.258 1.088 
---
0 test1dax_consistent left_hidden
0.000 1.206 0.000 0.836 0.000 0.964 2.534 0.860 0.988 0.000 0.007 0.170 0.000 0.000 0.000 0.000 0.185 0.188 0.000 0.000 
0 test1dax_consistent right_hidden
0.291 3.192 0.166 0.000 0.000 0.000 0.807 0.000 0.000 0.742 0.000 6.341 0.000 0.000 4.311 0.000 0.884 0.000 0.202 0.000 
---
1 test1dax_inconsistent left_hidden
0.000 1.206 0.000 0.836 0.000 0.964 2.534 0.860 0.988 0.000 0.007 0.170 0.000 0.000 0.000 0.000 0.185 0.188 0.000 0.000 
1 test1dax_inconsistent right_hidden
0.690 0.307 0.336 0.000 0.384 0.000 0.000 0.000 0.000 0.482 0.000 1.628 0.000 0.000 2.607 0.000 0.784 0.000 0.000 0.000 
---
0 test1dax_consistent left_hidden
0.191 0.874 0.640 0.272 0.088 0.651 0.017 0.910 0.602 0.000 0.000 0.000 1.576 0.000 0.000 0.000 0.803 0.000 0.357 1.629 
0 test1dax_consistent right_hidden
2.934 0.000 1.119 3.033 0.000 0.000 0.000 2.536 1.013 0.000 0.000 0.588 2.350 0.000 0.000 0.004 0.962 4.016 1.345 0.000 
---
1 test1dax_inconsistent left_hidden
0.191 0.874 0.640 0.272 0.088 0.651 0.017 0.910 0.602 0.000 0.000 0.000 1.576 0.000 0.000 0.000 0.803 0.000 0.357 1.629 
1 test1dax_inconsistent right_hidden
0.841 0.213 0.981 1.256 0.027 0.000 0.000 0.327 0.030 0.040 0.000 0.165 0.540 0.000 0.000 0.123 0.000 0.377 0.334 0.402 
---
0 test1dax_consistent left_hidden
0.000 0.000 1.242 0.000 0.033 0.010 1.066 1.234 0.116 0.330 0.298 0.000 0.304 0.194 0.126 0.000 0.000 0.000 2.208 0.121 
0 test1dax_consistent right_hidden
0.057 0.000 0.000 0.000 0.000 0.256 0.000 1.210 2.783 0.000 0.000 2.459 0.000 1.386 3.772 0.000 3.367 2.545 0.000 0.026 
---
1 test1dax_inconsistent left_hidden
0.000 0.000 1.242 0.000 0.033 0.010 1.066 1.234 0.116 0.330 0.298 0.000 0.304 0.194 0.126 0.000 0.000 0.000 2.208 0.121 
1 test1dax_inconsistent right_hidden
0.556 0.000 0.000 0.000 0.000 0.594 0.279 0.039 0.682 0.239 0.238 0.219 0.000 0.449 0.894 0.000 1.517 0.017 0.213 0.290 
---
0 test1dax_consistent left_hidden
0.000 0.000 0.000 0.106 0.000 0.269 0.000 0.000 1.101 0.000 0.000 0.000 1.855 0.000 0.000 2.517 0.017 0.000 0.000 0.000 
0 test1dax_consistent right_hidden
0.035 2.043 0.000 0.000 0.000 1.122 4.028 3.584 0.000 0.000 0.000 0.000 3.361 0.000 0.192 0.000 0.000 3.887 0.000 0.000 
---
1 test1dax_inconsistent left_hidden
0.000 0.000 0.000 0.106 0.000 0.269 0.000 0.000 1.101 0.000 0.000 0.000 1.855 0.000 0.000 2.517 0.017 0.000 0.000 0.000 
1 test1dax_inconsistent right_hidden
0.025 1.105 0.071 0.000 0.000 0.716 1.476 1.469 0.000 0.000 0.000 0.000 0.367 0.000 0.206 0.000 0.000 0.528 0.285 0.444 
---
0 test1dax_consistent left_hidden
0.588 0.185 1.100 0.353 0.000 0.893 0.000 1.042 0.043 0.887 0.840 0.649 1.168 0.767 0.988 0.000 0.397 0.767 0.081 0.000 
0 test1dax_consistent right_hidden
0.000 2.983 0.947 0.000 0.832 2.236 0.000 0.000 0.788 2.372 1.736 0.000 1.707 0.000 0.000 0.000 0.000 0.591 4.175 0.000 
---
1 test1dax_inconsistent left_hidden
0.588 0.185 1.100 0.353 0.000 0.893 0.000 1.042 0.043 0.887 0.840 0.649 1.168 0.767 0.988 0.000 0.397 0.767 0.081 0.000 
1 test1dax_inconsistent right_hidden
0.022 0.117 0.395 0.000 0.578 0.000 0.000 0.039 0.647 0.507 0.000 0.110 1.052 0.000 0.000 0.000 0.000 0.527 0.808 0.000 
---
0 test1dax_consistent left_hidden
0.275 0.432 0.000 0.000 0.000 0.260 0.000 0.000 1.218 1.660 1.833 0.000 1.211 0.000 0.000 0.660 0.098 0.008 0.151 0.000 
0 test1dax_consistent right_hidden
0.000 0.000 0.000 0.000 0.766 0.548 1.534 0.000 3.253 0.000 2.180 0.000 0.000 0.000 0.000 3.995 1.789 0.923 0.000 2.846 
---
1 test1dax_inconsistent left_hidden
0.275 0.432 0.000 0.000 0.000 0.260 0.000 0.000 1.218 1.660 1.833 0.000 1.211 0.000 0.000 0.660 0.098 0.008 0.151 0.000 
1 test1dax_inconsistent right_hidden
0.082 0.000 0.000 0.316 0.000 0.506 1.343 0.312 0.824 0.000 0.337 0.000 0.000 0.000 0.000 0.529 0.607 0.803 0.110 0.650 
---
0 test1dax_consistent left_hidden
1.106 0.000 0.055 0.000 1.875 0.000 0.000 0.000 0.061 0.000 0.000 0.000 1.256 0.000 0.000 2.014 0.000 0.000 0.000 0.184 
0 test1dax_consistent right_hidden
0.000 0.000 1.711 0.000 5.136 0.000 3.354 0.813 0.000 0.000 0.295 0.000 0.000 2.426 0.000 0.000 0.000 0.000 0.000 0.455 
---
1 test1dax_inconsistent left_hidden
1.106 0.000 0.055 0.000 1.875 0.000 0.000 0.000 0.061 0.000 0.000 0.000 1.256 0.000 0.000 2.014 0.000 0.000 0.000 0.184 
1 test1dax_inconsistent right_hidden
0.000 0.085 1.360 0.000 0.825 0.000 1.278 0.000 0.000 0.007 0.523 0.387 0.000 1.269 0.127 0.224 0.000 0.000 0.000 0.246 
---
0 test1dax_consistent left_hidden
0.284 0.417 0.811 0.131 0.399 1.499 0.326 0.000 0.103 0.653 0.204 0.000 0.000 0.421 0.000 0.000 0.000 0.196 0.850 1.128 
0 test1dax_consistent right_hidden
0.030 0.000 4.925 0.000 1.048 1.608 1.738 1.603 0.000 0.000 2.848 1.747 0.000 2.001 0.000 0.709 0.000 0.000 0.000 0.000 
---
1 test1dax_inconsistent left_hidden
0.284 0.417 0.811 0.131 0.399 1.499 0.326 0.000 0.103 0.653 0.204 0.000 0.000 0.421 0.000 0.000 0.000 0.196 0.850 1.128 
1 test1dax_inconsistent right_hidden
0.036 0.362 0.821 0.000 0.032 0.000 1.049 0.650 0.000 0.085 1.257 0.931 0.000 0.254 0.000 0.076 0.000 0.000 0.138 0.055 
---
0 test1dax_consistent left_hidden
0.340 1.027 1.281 0.126 0.000 1.756 1.277 0.435 0.512 0.000 0.000 0.000 1.173 0.000 0.482 0.708 0.000 0.000 0.046 0.038 
0 test1dax_consistent right_hidden
0.000 0.030 0.754 0.637 0.659 3.444 0.000 0.207 0.000 0.000 2.022 0.000 0.000 0.000 0.000 0.000 2.332 3.257 0.000 0.000 
---
1 test1dax_inconsistent left_hidden
0.340 1.027 1.281 0.126 0.000 1.756 1.277 0.435 0.512 0.000 0.000 0.000 1.173 0.000 0.482 0.708 0.000 0.000 0.046 0.038 
1 test1dax_inconsistent right_hidden
0.000 0.324 0.505 0.378 0.000 0.000 0.000 0.629 0.000 0.164 0.000 0.000 0.000 0.000 0.000 0.000 1.509 0.664 0.264 0.151 
---
0 test1dax_consistent left_hidden
0.000 0.000 0.021 0.725 0.621 0.000 1.871 0.000 0.050 0.118 0.000 0.000 0.000 1.020 0.222 0.000 0.427 1.338 0.000 0.425 
0 test1dax_consistent right_hidden
0.000 0.000 0.000 0.000 0.340 0.000 0.000 0.000 0.000 0.000 0.000 2.752 0.000 0.980 0.695 6.493 2.428 0.000 0.000 0.000 
---
1 test1dax_inconsistent left_hidden
0.000 0.000 0.021 0.725 0.621 0.000 1.871 0.000 0.050 0.118 0.000 0.000 0.000 1.020 0.222 0.000 0.427 1.338 0.000 0.425 
1 test1dax_inconsistent right_hidden
0.000 0.000 0.098 0.000 0.438 0.000 0.581 0.000 0.347 0.000 0.000 0.237 0.287 0.000 0.098 2.109 0.022 0.000 0.000 0.990 
---
0 test1dax_consistent left_hidden
0.175 0.039 0.863 1.462 0.016 0.000 0.511 0.000 1.015 0.224 0.000 0.202 2.283 0.000 0.084 0.000 0.980 0.019 0.000 0.000 
0 test1dax_consistent right_hidden
0.000 0.000 0.000 0.000 0.000 3.353 0.343 0.000 3.267 0.402 0.000 0.131 0.000 0.000 3.956 0.000 1.317 0.059 2.233 0.000 
---
1 test1dax_inconsistent left_hidden
0.175 0.039 0.863 1.462 0.016 0.000 0.511 0.000 1.015 0.224 0.000 0.202 2.283 0.000 0.084 0.000 0.980 0.019 0.000 0.000 
1 test1dax_inconsistent right_hidden
0.000 0.000 0.000 0.000 0.254 1.365 1.124 0.000 0.026 0.000 0.000 0.119 0.000 0.000 0.871 0.000 0.662 0.000 1.396 0.000 
---
0 test1dax_consistent left_hidden
0.000 0.556 0.000 0.000 1.803 0.000 0.552 0.000 0.679 0.000 0.000 0.000 0.036 0.000 2.176 0.587 0.169 0.000 0.000 0.583 
0 test1dax_consistent right_hidden
0.000 0.000 0.000 0.797 0.000 0.000 0.000 0.000 0.000 0.000 0.000 3.740 5.037 0.123 0.000 2.338 2.096 0.000 0.000 2.635 
---
1 test1dax_inconsistent left_hidden
0.000 0.556 0.000 0.000 1.803 0.000 0.552 0.000 0.679 0.000 0.000 0.000 0.036 0.000 2.176 0.587 0.169 0.000 0.000 0.583 
1 test1dax_inconsistent right_hidden
0.000 0.092 0.000 0.791 0.458 0.001 0.000 0.000 0.000 0.000 0.000 1.457 0.709 0.341 0.000 1.142 1.486 0.000 0.090 0.545 
---
0 test1dax_consistent left_hidden
0.448 0.000 1.585 2.301 0.399 0.114 0.000 0.762 0.033 0.000 0.000 0.000 0.919 0.000 0.000 0.000 0.000 1.072 0.000 0.078 
0 test1dax_consistent right_hidden
0.000 1.030 1.571 0.000 3.278 0.000 0.000 0.000 0.000 0.000 0.000 0.000 2.871 0.196 0.605 2.006 0.016 0.878 4.676 0.000 
---
1 test1dax_inconsistent left_hidden
0.448 0.000 1.585 2.301 0.399 0.114 0.000 0.762 0.033 0.000 0.000 0.000 0.919 0.000 0.000 0.000 0.000 1.072 0.000 0.078 
1 test1dax_inconsistent right_hidden
0.020 0.218 0.000 0.942 0.364 0.000 0.000 0.000 0.443 0.190 0.000 0.000 0.000 0.418 0.382 0.500 0.261 0.580 0.836 0.000 
---
0 test1dax_consistent left_hidden
0.141 0.000 1.200 0.043 0.000 0.007 0.000 0.000 0.202 0.000 1.167 0.000 0.312 0.044 0.013 2.203 0.000 1.383 0.102 0.235 
0 test1dax_consistent right_hidden
0.000 0.000 0.000 0.000 0.452 3.692 0.000 1.055 3.211 0.000 3.190 0.000 0.000 0.000 0.000 4.012 0.000 0.000 0.000 0.000 
---
1 test1dax_inconsistent left_hidden
0.141 0.000 1.200 0.043 0.000 0.007 0.000 0.000 0.202 0.000 1.167 0.000 0.312 0.044 0.013 2.203 0.000 1.383 0.102 0.235 
1 test1dax_inconsistent right_hidden
0.000 0.000 0.136 0.000 0.082 0.636 0.000 0.000 0.685 0.000 1.371 0.000 0.000 0.165 0.000 0.842 0.000 0.188 0.004 0.000 
---
0 test1dax_consistent left_hidden
1.992 0.000 0.000 0.671 0.365 0.758 0.000 0.000 0.681 0.896 0.822 0.303 0.989 0.000 0.451 0.000 0.000 0.755 0.000 0.000 
0 test1dax_consistent right_hidden
1.611 0.000 0.000 0.870 0.112 2.534 0.000 3.142 3.617 0.089 0.000 0.004 0.000 0.000 0.000 1.977 0.000 0.176 0.000 0.000 
---
1 test1dax_inconsistent left_hidden
1.992 0.000 0.000 0.671 0.365 0.758 0.000 0.000 0.681 0.896 0.822 0.303 0.989 0.000 0.451 0.000 0.000 0.755 0.000 0.000 
1 test1dax_inconsistent right_hidden
0.025 0.000 0.000 0.777 0.294 0.000 0.000 0.807 0.474 0.277 0.048 0.000 0.000 0.000 0.000 1.341 0.000 0.000 0.000 0.027 
---
0 test1dax_consistent left_hidden
0.583 0.000 0.971 0.000 1.072 0.057 0.000 0.711 0.000 0.000 1.077 0.000 0.000 1.157 0.000 0.870 0.137 0.000 0.000 0.863 
0 test1dax_consistent right_hidden
1.365 0.000 1.460 3.404 0.000 0.000 1.326 0.000 1.203 0.000 0.000 0.000 0.000 2.439 0.000 1.990 2.527 0.000 0.000 4.498 
---
1 test1dax_inconsistent left_hidden
0.583 0.000 0.971 0.000 1.072 0.057 0.000 0.711 0.000 0.000 1.077 0.000 0.000 1.157 0.000 0.870 0.137 0.000 0.000 0.863 
1 test1dax_inconsistent right_hidden
1.640 0.000 0.000 0.724 0.000 0.000 0.308 0.000 0.530 0.000 0.500 0.000 0.000 0.423 0.000 0.757 1.188 0.000 0.000 1.269 
---
0 test1dax_consistent left_hidden
0.000 0.000 0.986 0.330 1.967 0.109 0.000 0.000 0.000 0.210 1.798 0.103 0.000 0.000 0.000 0.000 1.042 0.429 0.085 0.000 
0 test1dax_consistent right_hidden
0.000 0.000 0.000 0.000 4.372 0.000 0.000 0.000 0.000 0.563 0.000 0.000 0.974 0.444 0.852 0.000 5.825 0.000 0.000 1.025 
---
1 test1dax_inconsistent left_hidden
0.000 0.000 0.986 0.330 1.967 0.109 0.000 0.000 0.000 0.210 1.798 0.103 0.000 0.000 0.000 0.000 1.042 0.429 0.085 0.000 
1 test1dax_inconsistent right_hidden
0.000 0.000 0.000 0.242 0.682 0.000 0.035 0.000 0.490 0.000 0.389 0.000 0.433 0.475 0.000 0.049 1.668 0.000 0.000 0.000 
---
0 test1dax_consistent left_hidden
0.116 0.020 0.000 0.000 0.180 1.112 0.000 0.058 2.724 0.000 1.186 0.073 0.000 0.613 1.400 0.000 0.000 0.000 0.000 0.000 
0 test1dax_consistent right_hidden
3.653 0.000 0.000 2.929 3.841 0.000 0.000 1.680 2.775 0.000 0.803 2.828 0.000 0.000 2.752 0.000 0.000 0.000 0.000 0.000 
---
1 test1dax_inconsistent left_hidden
0.116 0.020 0.000 0.000 0.180 1.112 0.000 0.058 2.724 0.000 1.186 0.073 0.000 0.613 1.400 0.000 0.000 0.000 0.000 0.000 
1 test1dax_inconsistent right_hidden
1.408 0.709 0.000 0.312 0.817 0.409 0.000 0.376 1.093 0.000 0.000 1.054 0.000 0.000 2.018 0.000 0.000 0.000 0.000 0.000 
---
0 test1dax_consistent left_hidden
0.000 0.980 0.000 1.129 0.000 1.585 0.357 0.000 0.421 0.603 0.000 1.252 1.116 0.579 0.571 0.000 0.305 0.180 0.744 0.000 
0 test1dax_consistent right_hidden
0.000 0.297 0.666 0.000 5.291 2.394 1.113 0.000 3.311 3.192 0.411 0.000 0.581 0.000 0.000 0.000 0.000 0.176 0.000 0.000 
---
1 test1dax_inconsistent left_hidden
0.000 0.980 0.000 1.129 0.000 1.585 0.357 0.000 0.421 0.603 0.000 1.252 1.116 0.579 0.571 0.000 0.305 0.180 0.744 0.000 
1 test1dax_inconsistent right_hidden
0.000 0.498 0.427 0.000 1.322 1.543 0.000 0.000 1.658 0.229 0.054 0.000 0.000 0.000 0.000 0.000 0.000 0.197 0.338 0.000 
---
0 test1dax_consistent left_hidden
0.000 0.000 0.045 0.000 0.000 1.115 0.000 0.000 0.000 1.759 0.733 0.000 1.490 0.101 0.000 1.693 0.742 0.000 0.000 0.000 
0 test1dax_consistent right_hidden
4.104 0.000 0.346 0.000 0.000 0.000 0.000 2.827 0.000 4.469 1.020 0.000 0.423 0.000 0.000 0.000 0.000 0.311 0.091 0.000 
---
1 test1dax_inconsistent left_hidden
0.000 0.000 0.045 0.000 0.000 1.115 0.000 0.000 0.000 1.759 0.733 0.000 1.490 0.101 0.000 1.693 0.742 0.000 0.000 0.000 
1 test1dax_inconsistent right_hidden
1.061 0.151 0.270 0.000 0.000 0.532 0.000 0.665 0.314 0.239 0.754 0.000 0.073 0.404 0.199 0.000 0.093 0.000 0.485 0.000 
---
0 test1dax_consistent left_hidden
0.000 0.029 0.000 3.101 0.000 0.009 0.974 0.718 0.000 0.000 0.000 1.228 0.000 0.000 0.000 0.013 0.000 1.131 0.000 0.000 
0 test1dax_consistent right_hidden
0.000 0.000 0.548 0.000 0.000 2.460 2.041 0.000 0.000 0.136 0.000 1.156 0.000 0.000 3.514 3.543 0.000 4.230 0.000 0.000 
---
1 test1dax_inconsistent left_hidden
0.000 0.029 0.000 3.101 0.000 0.009 0.974 0.718 0.000 0.000 0.000 1.228 0.000 0.000 0.000 0.013 0.000 1.131 0.000 0.000 
1 test1dax_inconsistent right_hidden
0.000 0.000 0.648 0.334 0.000 1.392 0.622 0.331 0.000 0.000 0.000 0.832 0.000 0.000 0.009 1.503 0.158 0.675 0.000 0.000 
---
0 test1dax_consistent left_hidden
0.000 1.702 0.000 0.000 0.284 1.273 0.544 0.692 0.839 0.245 0.000 0.000 0.238 0.667 1.331 0.000 0.813 0.322 0.161 0.773 
0 test1dax_consistent right_hidden
0.000 0.187 0.000 0.000 0.000 1.647 0.000 3.345 0.000 0.969 0.000 1.111 0.631 3.463 2.970 0.824 0.000 0.425 2.739 2.508 
---
1 test1dax_inconsistent left_hidden
0.000 1.702 0.000 0.000 0.284 1.273 0.544 0.692 0.839 0.245 0.000 0.000 0.238 0.667 1.331 0.000 0.813 0.322 0.161 0.773 
1 test1dax_inconsistent right_hidden
0.000 0.203 0.000 0.000 0.000 0.000 0.000 0.776 0.000 0.391 0.000 0.000 0.275 0.771 0.291 0.704 0.150 0.123 1.398 0.824 
---
0 test1dax_consistent left_hidden
0.748 1.737 0.000 0.287 0.014 0.663 0.000 0.000 0.554 0.782 0.000 1.208 0.000 0.230 1.264 0.000 1.201 0.000 0.000 0.000 
0 test1dax_consistent right_hidden
2.214 0.000 0.004 0.920 0.000 0.000 0.000 0.000 0.248 0.000 0.000 1.229 0.674 0.169 3.218 0.000 2.662 0.000 3.531 0.000 
---
1 test1dax_inconsistent left_hidden
0.748 1.737 0.000 0.287 0.014 0.663 0.000 0.000 0.554 0.782 0.000 1.208 0.000 0.230 1.264 0.000 1.201 0.000 0.000 0.000 
1 test1dax_inconsistent right_hidden
1.001 0.000 0.000 1.582 0.000 0.000 0.114 0.000 0.000 0.000 0.000 0.239 0.114 0.449 0.211 0.000 0.000 0.147 0.728 0.000 
---
0 test1dax_consistent left_hidden
1.354 0.547 0.000 2.054 0.000 0.082 0.000 0.000 0.000 0.000 0.978 0.161 0.048 0.931 1.543 0.000 0.059 0.000 0.073 0.000 
0 test1dax_consistent right_hidden
0.000 0.000 0.000 4.177 0.000 0.000 1.626 0.000 0.000 0.000 5.094 0.000 0.000 0.000 0.833 0.000 1.402 0.104 1.236 1.423 
---
1 test1dax_inconsistent left_hidden
1.354 0.547 0.000 2.054 0.000 0.082 0.000 0.000 0.000 0.000 0.978 0.161 0.048 0.931 1.543 0.000 0.059 0.000 0.073 0.000 
1 test1dax_inconsistent right_hidden
0.000 0.000 0.098 0.227 0.000 0.005 0.570 0.000 0.000 0.028 1.526 0.364 0.000 0.119 0.618 0.000 0.783 0.425 0.473 0.000 
---
0 test1dax_consistent left_hidden
0.793 2.086 0.000 0.000 0.000 1.210 0.000 0.000 0.000 0.112 1.456 0.362 0.000 0.016 0.000 0.250 0.443 1.649 0.586 0.117 
0 test1dax_consistent right_hidden
0.000 0.000 0.000 0.085 0.000 0.000 0.226 0.000 2.898 0.000 0.000 0.000 1.767 0.000 2.741 0.000 1.701 4.680 0.000 0.000 
---
1 test1dax_inconsistent left_hidden
0.793 2.086 0.000 0.000 0.000 1.210 0.000 0.000 0.000 0.112 1.456 0.362 0.000 0.016 0.000 0.250 0.443 1.649 0.586 0.117 
1 test1dax_inconsistent right_hidden
0.000 0.000 0.000 0.040 0.000 0.000 0.000 0.381 0.286 0.000 0.000 0.000 1.347 0.281 1.119 0.014 0.000 0.692 0.000 0.000 
---
0 test1dax_consistent left_hidden
0.169 0.000 0.437 0.000 1.430 0.988 0.285 0.808 1.600 0.000 0.000 1.254 0.369 0.000 0.000 0.000 0.000 0.938 0.000 0.823 
0 test1dax_consistent right_hidden
0.000 0.000 0.682 0.000 2.061 0.031 0.196 0.000 1.905 5.869 0.000 0.000 0.000 0.000 0.000 2.151 0.000 0.000 0.000 0.000 
---
1 test1dax_inconsistent left_hidden
0.169 0.000 0.437 0.000 1.430 0.988 0.285 0.808 1.600 0.000 0.000 1.254 0.369 0.000 0.000 0.000 0.000 0.938 0.000 0.823 
1 test1dax_inconsistent right_hidden
0.000 0.000 0.144 0.000 0.344 0.413 0.512 0.009 1.537 1.428 0.000 0.000 0.000 0.000 0.457 0.000 0.000 0.509 0.000 0.000 
---
0 test1dax_consistent left_hidden
0.334 0.000 0.000 0.002 0.181 0.982 0.000 0.911 0.081 0.330 0.925 0.000 0.000 0.000 0.374 1.816 0.820 1.309 0.000 0.000 
0 test1dax_consistent right_hidden
0.000 0.000 2.799 4.356 1.829 1.315 0.000 1.474 0.000 0.000 0.000 1.437 0.717 0.000 0.559 1.516 1.566 2.649 0.419 0.000 
---
1 test1dax_inconsistent left_hidden
0.334 0.000 0.000 0.002 0.181 0.982 0.000 0.911 0.081 0.330 0.925 0.000 0.000 0.000 0.374 1.816 0.820 1.309 0.000 0.000 
1 test1dax_inconsistent right_hidden
0.000 0.000 0.732 0.807 1.442 0.417 0.000 0.586 0.000 0.502 0.127 0.387 0.000 0.000 0.529 0.000 0.185 0.778 0.157 0.000 
---
0 test1dax_consistent left_hidden
0.127 1.455 0.856 0.001 0.013 0.011 0.030 0.000 0.000 0.000 0.000 0.276 0.437 0.678 0.836 1.627 0.419 0.034 1.557 0.421 
0 test1dax_consistent right_hidden
0.000 3.113 0.978 0.000 1.351 2.975 0.000 0.000 0.000 0.000 1.443 2.275 0.000 2.233 0.000 0.000 0.660 0.867 2.703 2.947 
---
1 test1dax_inconsistent left_hidden
0.127 1.455 0.856 0.001 0.013 0.011 0.030 0.000 0.000 0.000 0.000 0.276 0.437 0.678 0.836 1.627 0.419 0.034 1.557 0.421 
1 test1dax_inconsistent right_hidden
0.000 0.494 0.177 0.190 1.287 0.690 0.000 0.000 0.000 0.000 0.139 0.526 0.000 1.819 0.000 0.000 0.312 0.000 0.575 0.326 
---
0 test1dax_consistent left_hidden
1.260 0.527 1.113 0.080 0.324 0.000 0.000 0.984 1.833 0.000 0.080 0.702 0.223 0.000 0.000 0.980 0.000 0.266 0.715 0.000 
0 test1dax_consistent right_hidden
2.434 0.000 0.388 2.824 0.000 0.000 1.120 3.770 0.924 0.000 2.128 2.827 0.000 0.000 0.000 0.000 0.000 4.729 0.000 0.000 
---
1 test1dax_inconsistent left_hidden
1.260 0.527 1.113 0.080 0.324 0.000 0.000 0.984 1.833 0.000 0.080 0.702 0.223 0.000 0.000 0.980 0.000 0.266 0.715 0.000 
1 test1dax_inconsistent right_hidden
0.628 0.000 0.000 0.955 0.006 0.105 0.650 1.094 0.000 0.000 1.094 1.628 0.000 0.000 0.000 0.075 0.000 1.192 0.000 0.000 
---
0 test1dax_consistent left_hidden
0.605 1.133 0.000 0.000 0.913 0.000 0.000 0.000 0.000 0.068 0.110 0.856 0.169 0.000 0.000 2.524 0.000 0.000 0.009 0.376 
0 test1dax_consistent right_hidden
0.000 1.085 3.912 0.000 0.000 3.563 0.000 0.000 0.000 0.944 0.000 0.000 3.323 0.000 3.756 1.690 0.000 0.000 0.005 0.000 
---
1 test1dax_inconsistent left_hidden
0.605 1.133 0.000 0.000 0.913 0.000 0.000 0.000 0.000 0.068 0.110 0.856 0.169 0.000 0.000 2.524 0.000 0.000 0.009 0.376 
1 test1dax_inconsistent right_hidden
0.767 0.000 0.390 0.326 0.000 1.238 0.000 0.000 0.000 0.686 0.010 0.669 1.101 0.000 1.503 0.582 0.000 0.000 0.076 0.000 
---
0 test1dax_consistent left_hidden
0.112 1.308 0.000 0.000 0.000 0.933 0.000 0.000 0.615 0.157 1.896 0.165 1.307 1.315 0.279 1.169 0.000 0.000 0.000 0.000 
0 test1dax_consistent right_hidden
6.075 1.451 0.000 0.000 0.000 1.422 0.000 2.966 2.260 0.000 0.000 0.000 0.495 0.047 0.770 0.000 0.773 0.000 0.000 0.000 
---
1 test1dax_inconsistent left_hidden
0.112 1.308 0.000 0.000 0.000 0.933 0.000 0.000 0.615 0.157 1.896 0.165 1.307 1.315 0.279 1.169 0.000 0.000 0.000 0.000 
1 test1dax_inconsistent right_hidden
1.136 0.000 0.000 0.000 0.000 0.879 0.000 1.454 1.374 0.024 0.149 0.000 0.920 0.000 1.008 0.345 0.799 0.000 0.153 0.021 
---
0 test1dax_consistent left_hidden
0.000 0.098 0.449 0.118 0.093 2.131 0.063 0.000 0.000 0.000 0.000 0.014 0.000 0.000 2.765 0.000 0.743 0.111 0.000 0.818 
0 test1dax_consistent right_hidden
0.000 0.415 4.938 0.000 2.964 2.205 0.152 0.000 1.806 0.000 0.000 0.000 0.000 0.000 2.494 0.000 0.000 3.091 0.000 0.000 
---
1 test1dax_inconsistent left_hidden
0.000 0.098 0.449 0.118 0.093 2.131 0.063 0.000 0.000 0.000 0.000 0.014 0.000 0.000 2.765 0.000 0.743 0.111 0.000 0.818 
1 test1dax_inconsistent right_hidden
0.000 0.000 1.943 0.000 0.562 0.000 0.806 0.000 0.552 0.000 0.000 0.005 0.000 0.240 1.622 0.384 0.000 0.450 0.000 0.000 
---
0 test1dax_consistent left_hidden
0.470 0.000 1.414 0.000 0.000 0.000 0.686 0.000 0.000 0.000 2.181 2.237 0.002 0.000 0.000 0.000 0.000 0.038 0.000 0.000 
0 test1dax_consistent right_hidden
2.380 0.000 0.000 0.000 0.000 1.896 4.292 0.000 2.329 0.000 0.000 0.000 0.000 0.769 0.220 3.986 0.000 0.000 0.000 0.000 
---
1 test1dax_inconsistent left_hidden
0.470 0.000 1.414 0.000 0.000 0.000 0.686 0.000 0.000 0.000 2.181 2.237 0.002 0.000 0.000 0.000 0.000 0.038 0.000 0.000 
1 test1dax_inconsistent right_hidden
0.642 0.000 0.711 0.000 0.000 0.105 0.995 0.000 0.787 0.365 0.000 0.000 0.000 0.118 0.000 0.623 0.302 0.384 0.000 0.000 
---
0 test1dax_consistent left_hidden
0.173 0.000 2.350 0.000 0.000 1.291 0.556 0.499 0.000 1.818 0.000 0.000 0.414 0.000 0.000 0.002 0.000 0.226 0.266 0.000 
0 test1dax_consistent right_hidden
0.000 0.000 0.000 0.000 0.000 0.000 1.101 1.610 0.000 0.000 0.000 5.662 1.447 0.000 0.000 1.635 0.000 1.911 4.500 0.000 
---
1 test1dax_inconsistent left_hidden
0.173 0.000 2.350 0.000 0.000 1.291 0.556 0.499 0.000 1.818 0.000 0.000 0.414 0.000 0.000 0.002 0.000 0.226 0.266 0.000 
1 test1dax_inconsistent right_hidden
0.000 0.000 0.000 0.000 0.000 0.000 0.421 1.478 0.000 0.000 0.000 1.289 1.860 0.000 0.000 0.889 0.153 0.000 1.254 0.000 
---
0 test1dax_consistent left_hidden
0.000 0.000 0.123 0.000 0.000 1.481 0.548 0.976 1.802 0.000 0.000 0.000 0.000 0.118 0.000 0.000 1.343 0.826 0.226 0.097 
0 test1dax_consistent right_hidden
0.000 0.000 0.000 0.000 1.511 2.442 3.759 0.000 0.000 0.000 0.000 0.000 0.000 0.000 2.203 0.866 0.000 5.008 0.000 1.355 
---
1 test1dax_inconsistent left_hidden
0.000 0.000 0.123 0.000 0.000 1.481 0.548 0.976 1.802 0.000 0.000 0.000 0.000 0.118 0.000 0.000 1.343 0.826 0.226 0.097 
1 test1dax_inconsistent right_hidden
0.039 0.000 0.000 0.000 1.384 0.163 0.123 0.052 0.000 0.719 0.000 0.000 0.000 0.000 0.994 0.000 0.000 1.842 0.000 0.000 
---
0 test1dax_consistent left_hidden
0.594 0.062 0.000 0.000 0.065 1.073 0.089 1.377 0.252 1.628 0.286 1.024 0.000 0.240 0.000 0.000 0.000 1.186 0.060 0.568 
0 test1dax_consistent right_hidden
1.050 0.000 0.690 1.498 1.995 1.854 0.000 0.000 0.000 0.173 0.000 0.000 2.934 1.259 0.971 0.000 0.000 0.000 0.000 4.757 
---
1 test1dax_inconsistent left_hidden
0.594 0.062 0.000 0.000 0.065 1.073 0.089 1.377 0.252 1.628 0.286 1.024 0.000 0.240 0.000 0.000 0.000 1.186 0.060 0.568 
1 test1dax_inconsistent right_hidden
1.022 0.280 0.462 0.737 0.779 0.000 0.056 0.000 0.000 0.418 0.000 0.773 0.741 0.483 0.629 0.000 0.219 0.000 0.000 1.221 
---
0 test1dax_consistent left_hidden
0.000 0.062 0.000 1.003 0.000 0.277 0.960 1.112 1.895 0.692 0.000 0.656 0.059 0.000 0.000 0.547 0.363 0.020 0.486 0.000 
0 test1dax_consistent right_hidden
0.000 2.757 0.000 3.103 0.000 0.000 0.000 3.751 0.000 4.506 0.000 0.909 0.395 0.000 0.000 0.000 1.713 0.000 0.000 0.117 
---
1 test1dax_inconsistent left_hidden
0.000 0.062 0.000 1.003 0.000 0.277 0.960 1.112 1.895 0.692 0.000 0.656 0.059 0.000 0.000 0.547 0.363 0.020 0.486 0.000 
1 test1dax_inconsistent right_hidden
0.000 0.458 0.000 0.872 0.086 0.135 0.085 0.799 0.120 1.465 0.000 0.624 0.514 0.000 0.000 0.141 1.118 0.000 0.254 0.066 
---
0 test1dax_consistent left_hidden
0.000 0.000 0.000 0.000 0.214 0.796 0.277 0.270 1.359 0.721 0.056 0.000 0.000 0.000 2.547 0.850 0.000 0.071 0.000 0.000 
0 test1dax_consistent right_hidden
0.303 0.000 0.000 1.026 0.000 1.505 0.000 2.246 5.222 1.292 0.000 0.000 0.503 0.000 0.670 1.865 0.000 0.000 0.870 2.111 
---
1 test1dax_inconsistent left_hidden
0.000 0.000 0.000 0.000 0.214 0.796 0.277 0.270 1.359 0.721 0.056 0.000 0.000 0.000 2.547 0.850 0.000 0.071 0.000 0.000 
1 test1dax_inconsistent right_hidden
0.148 0.000 0.000 0.162 0.000 0.852 0.000 0.323 1.334 0.890 0.000 0.000 0.000 0.000 0.000 0.000 0.587 0.039 0.673 0.131 
---
0 test1dax_consistent left_hidden
0.160 0.137 0.000 0.000 0.814 0.000 1.098 0.099 1.955 0.000 0.835 0.922 1.068 0.447 0.000 0.975 0.958 0.000 0.000 0.391 
0 test1dax_consistent right_hidden
2.705 2.348 0.000 0.000 3.291 0.000 0.600 0.047 0.000 0.607 2.340 0.536 4.350 0.000 0.000 0.000 3.064 1.140 0.676 0.000 
---
1 test1dax_inconsistent left_hidden
0.160 0.137 0.000 0.000 0.814 0.000 1.098 0.099 1.955 0.000 0.835 0.922 1.068 0.447 0.000 0.975 0.958 0.000 0.000 0.391 
1 test1dax_inconsistent right_hidden
0.670 0.074 0.000 0.000 0.423 0.000 0.508 0.197 0.000 0.000 0.632 1.009 1.073 0.231 0.000 0.000 0.948 0.198 0.049 0.310 
---
0 test1dax_consistent left_hidden
0.000 1.576 0.082 0.572 0.000 0.000 1.139 0.599 0.000 0.000 0.000 0.173 1.759 0.688 0.461 0.000 0.509 0.308 0.542 0.000 
0 test1dax_consistent right_hidden
0.000 0.000 0.000 0.000 1.167 0.000 0.000 0.000 0.000 0.502 0.000 2.762 0.000 1.250 0.000 3.173 3.249 2.297 0.742 1.252 
---
1 test1dax_inconsistent left_hidden
0.000 1.576 0.082 0.572 0.000 0.000 1.139 0.599 0.000 0.000 0.000 0.173 1.759 0.688 0.461 0.000 0.509 0.308 0.542 0.000 
1 test1dax_inconsistent right_hidden
0.143 0.000 0.000 0.451 0.134 0.000 0.000 0.000 0.000 0.043 0.000 0.636 0.546 0.475 0.021 0.630 0.217 0.766 0.878 0.000 
---
0 test1dax_consistent left_hidden
0.075 0.204 0.000 0.000 1.087 0.199 0.000 0.032 0.155 1.119 0.000 0.322 0.197 1.913 0.000 0.722 0.805 0.000 0.154 0.564 
0 test1dax_consistent right_hidden
6.021 0.000 0.000 0.000 3.019 1.084 0.000 0.000 0.013 1.269 0.000 0.579 1.487 0.316 0.000 2.751 2.361 0.000 0.003 0.000 
---
1 test1dax_inconsistent left_hidden
0.075 0.204 0.000 0.000 1.087 0.199 0.000 0.032 0.155 1.119 0.000 0.322 0.197 1.913 0.000 0.722 0.805 0.000 0.154 0.564 
1 test1dax_inconsistent right_hidden
1.953 0.000 0.000 0.000 0.874 0.000 0.120 0.000 0.127 0.236 0.000 0.700 0.000 0.000 0.000 0.469 0.799 0.000 0.131 0.480 
---
0 test1dax_consistent left_hidden
0.000 0.184 0.301 0.543 1.136 0.286 1.266 0.000 1.460 0.869 0.327 0.000 0.399 0.522 0.000 0.865 0.559 0.889 0.000 0.000 
0 test1dax_consistent right_hidden
0.000 0.000 0.000 0.000 0.000 2.508 2.003 0.000 0.048 2.911 4.674 2.319 0.000 0.000 0.103 0.000 0.000 3.322 0.000 0.840 
---
1 test1dax_inconsistent left_hidden
0.000 0.184 0.301 0.543 1.136 0.286 1.266 0.000 1.460 0.869 0.327 0.000 0.399 0.522 0.000 0.865 0.559 0.889 0.000 0.000 
1 test1dax_inconsistent right_hidden
0.000 0.000 0.000 0.000 0.419 0.853 1.130 0.000 0.536 0.942 0.823 0.175 0.000 0.000 0.000 0.359 0.000 1.119 0.158 0.858 
---
0 test1dax_consistent left_hidden
0.000 0.051 1.760 0.804 0.134 0.870 0.000 0.107 1.296 0.060 0.362 0.000 0.000 1.357 0.000 0.000 0.000 0.710 0.000 0.672 
0 test1dax_consistent right_hidden
0.000 0.000 0.000 2.636 0.000 3.397 0.000 0.000 0.000 0.000 3.961 0.000 0.000 0.000 0.696 0.456 0.000 2.802 0.000 0.000 
---
1 test1dax_inconsistent left_hidden
0.000 0.051 1.760 0.804 0.134 0.870 0.000 0.107 1.296 0.060 0.362 0.000 0.000 1.357 0.000 0.000 0.000 0.710 0.000 0.672 
1 test1dax_inconsistent right_hidden
0.000 0.000 0.010 1.644 0.000 0.862 0.000 0.000 0.000 0.000 0.617 0.000 0.000 0.000 0.558 0.931 0.000 0.000 0.000 0.000 
---
0 test1dax_consistent left_hidden
0.000 1.120 2.154 0.570 1.293 0.250 0.000 0.000 0.805 0.000 0.212 0.000 1.760 0.000 0.000 0.000 0.000 0.000 0.000 0.000 
0 test1dax_consistent right_hidden
0.000 0.000 0.000 4.640 0.000 0.000 0.000 2.606 0.000 0.000 2.395 0.000 0.000 1.933 0.000 0.000 0.000 0.000 0.000 0.550 
---
1 test1dax_inconsistent left_hidden
0.000 1.120 2.154 0.570 1.293 0.250 0.000 0.000 0.805 0.000 0.212 0.000 1.760 0.000 0.000 0.000 0.000 0.000 0.000 0.000 
1 test1dax_inconsistent right_hidden
0.000 0.064 0.000 0.737 0.000 0.000 0.041 0.782 0.058 0.000 1.386 0.049 0.000 0.463 0.000 0.000 0.147 0.000 0.000 0.209 
---
