0 test2fip_consistent 0.000 3.028 0.604 0.000 0.218 0.731 0.000 1.109 0.069 0.000 0.000 1.200 0.000 0.034 0.444 0.000 0.000 2.441 3.414 0.000 0.000 0.939 1.566 0.000 1.431 0.024 0.000 0.000 0.000 0.000 0.000 0.027 0.000 2.772 0.000 0.000 1.685 0.932 0.000 1.799 
1 test2fip_inconsistent 0.000 3.028 0.604 0.000 0.218 0.731 0.000 1.109 0.069 0.000 0.000 1.200 0.000 0.034 0.444 0.000 0.000 2.441 3.414 0.000 0.000 4.124 0.398 0.000 0.380 0.000 0.000 0.249 0.000 0.000 0.000 0.000 0.000 1.614 0.000 0.000 0.000 1.187 2.785 1.920 
0 test2fip_consistent 0.059 4.189 0.000 0.781 2.922 0.131 0.219 0.000 0.134 1.944 0.111 1.839 1.327 0.584 0.000 0.000 0.946 0.000 0.000 0.000 0.000 0.220 0.000 0.047 1.013 3.314 0.000 0.981 2.194 1.057 0.000 0.188 0.203 0.000 0.000 0.000 0.857 0.000 0.000 0.000 
1 test2fip_inconsistent 0.059 4.189 0.000 0.781 2.922 0.131 0.219 0.000 0.134 1.944 0.111 1.839 1.327 0.584 0.000 0.000 0.946 0.000 0.000 0.000 0.000 3.766 0.000 0.000 2.822 1.271 0.758 0.637 2.558 2.968 0.005 2.557 0.507 0.043 0.000 0.000 0.275 0.000 0.000 0.000 
0 test2fip_consistent 0.000 0.560 0.000 0.477 2.218 0.000 0.000 0.000 0.000 0.000 1.703 0.000 1.573 0.000 2.686 3.309 2.633 0.000 0.318 0.000 1.785 2.509 0.000 1.491 0.545 0.000 0.000 0.000 0.000 1.471 0.000 0.000 0.000 0.056 0.000 0.012 0.892 2.034 0.068 0.000 
1 test2fip_inconsistent 0.000 0.560 0.000 0.477 2.218 0.000 0.000 0.000 0.000 0.000 1.703 0.000 1.573 0.000 2.686 3.309 2.633 0.000 0.318 0.000 1.267 2.444 0.000 0.235 2.701 0.000 0.000 0.000 1.410 1.029 1.255 0.000 1.947 0.000 2.089 2.515 2.163 0.834 0.456 0.673 
0 test2fip_consistent 0.847 0.000 2.489 0.617 0.143 0.729 2.266 0.000 2.551 0.000 2.563 0.167 1.811 0.000 1.124 0.222 0.137 1.224 0.632 0.000 0.098 0.000 0.000 0.101 1.457 0.000 2.098 1.996 0.000 0.000 0.000 0.000 0.000 0.000 0.000 0.000 1.131 0.335 0.000 0.000 
1 test2fip_inconsistent 0.847 0.000 2.489 0.617 0.143 0.729 2.266 0.000 2.551 0.000 2.563 0.167 1.811 0.000 1.124 0.222 0.137 1.224 0.632 0.000 1.064 1.593 1.816 0.000 0.681 0.000 2.451 0.000 1.977 0.000 2.123 0.000 0.070 0.000 2.132 0.000 0.000 0.355 0.587 0.000 
0 test2fip_consistent 0.339 0.000 0.362 0.283 0.088 0.000 0.539 0.000 3.649 0.267 3.850 0.000 0.000 0.000 0.521 0.017 0.000 1.389 0.000 0.501 2.947 0.017 0.000 0.000 1.045 0.000 1.500 0.000 0.000 0.000 0.964 0.000 3.530 0.000 1.129 0.000 0.000 0.364 0.000 0.055 
1 test2fip_inconsistent 0.339 0.000 0.362 0.283 0.088 0.000 0.539 0.000 3.649 0.267 3.850 0.000 0.000 0.000 0.521 0.017 0.000 1.389 0.000 0.501 3.566 0.000 0.677 0.679 0.948 0.000 1.157 0.000 3.024 0.000 4.442 0.000 1.234 0.000 1.087 0.038 0.000 0.000 0.000 0.000 
0 test2fip_consistent 0.518 0.038 1.949 0.000 2.144 0.000 0.008 2.405 1.887 0.000 0.098 2.383 0.030 0.000 0.015 0.000 0.000 0.000 1.541 0.290 0.000 0.406 0.105 0.586 0.000 0.077 2.863 0.015 0.000 0.000 2.083 1.485 0.000 0.000 0.000 0.560 0.000 0.000 0.634 2.963 
1 test2fip_inconsistent 0.518 0.038 1.949 0.000 2.144 0.000 0.008 2.405 1.887 0.000 0.098 2.383 0.030 0.000 0.015 0.000 0.000 0.000 1.541 0.290 0.000 0.000 2.107 0.391 1.518 0.000 2.316 2.634 1.416 0.000 1.552 3.859 0.000 0.000 0.000 0.000 0.000 0.000 0.741 1.184 
0 test2fip_consistent 0.023 0.008 1.104 3.399 0.000 0.000 0.137 0.395 1.356 1.776 1.086 0.000 2.492 1.011 0.564 1.146 0.299 0.000 0.000 1.305 0.000 1.034 0.484 0.494 0.000 0.000 0.008 0.000 0.000 0.000 0.000 1.788 0.375 0.514 0.000 0.000 3.598 0.000 0.000 1.326 
1 test2fip_inconsistent 0.023 0.008 1.104 3.399 0.000 0.000 0.137 0.395 1.356 1.776 1.086 0.000 2.492 1.011 0.564 1.146 0.299 0.000 0.000 1.305 0.000 0.627 0.270 3.685 0.000 0.000 0.000 1.395 0.377 0.550 1.290 1.350 3.262 0.000 0.000 0.676 1.452 0.000 0.000 1.963 
0 test2fip_consistent 0.000 0.000 2.664 0.057 1.423 0.000 0.000 0.000 0.042 0.462 0.000 0.905 0.102 0.446 1.632 0.000 0.155 0.000 1.833 3.481 0.000 0.000 1.040 0.000 1.876 0.000 2.156 0.000 0.000 0.000 0.000 0.000 1.755 1.946 0.000 0.000 0.000 2.615 0.486 0.000 
1 test2fip_inconsistent 0.000 0.000 2.664 0.057 1.423 0.000 0.000 0.000 0.042 0.462 0.000 0.905 0.102 0.446 1.632 0.000 0.155 0.000 1.833 3.481 0.000 0.000 3.169 0.428 2.301 0.000 1.050 0.000 0.000 1.545 0.000 0.000 1.476 0.000 1.889 0.000 0.000 1.566 2.287 2.231 
0 test2fip_consistent 0.000 0.000 0.945 1.364 0.317 0.000 0.245 0.292 0.000 0.000 0.000 2.294 0.000 4.502 0.858 3.140 0.045 0.000 1.219 0.000 0.027 0.000 0.000 2.010 0.000 0.000 1.522 0.000 0.000 2.102 0.859 0.062 0.000 0.085 2.180 0.025 0.295 0.000 1.471 0.000 
1 test2fip_inconsistent 0.000 0.000 0.945 1.364 0.317 0.000 0.245 0.292 0.000 0.000 0.000 2.294 0.000 4.502 0.858 3.140 0.045 0.000 1.219 0.000 0.000 0.000 0.000 3.462 1.671 0.000 0.006 0.000 0.000 1.112 0.000 2.629 0.000 2.662 2.744 2.303 1.073 0.000 0.382 0.000 
0 test2fip_consistent 0.000 0.000 0.319 0.000 2.667 0.000 0.000 1.431 0.000 1.596 0.000 3.747 0.000 0.000 2.678 0.000 1.107 0.000 0.000 0.196 0.000 0.000 2.362 0.175 0.000 0.000 0.000 0.206 2.852 0.000 0.000 0.499 0.000 0.000 0.000 0.000 3.582 0.307 0.000 0.289 
1 test2fip_inconsistent 0.000 0.000 0.319 0.000 2.667 0.000 0.000 1.431 0.000 1.596 0.000 3.747 0.000 0.000 2.678 0.000 1.107 0.000 0.000 0.196 0.000 0.000 0.190 0.000 4.141 0.000 0.000 1.118 2.723 0.000 0.000 2.623 0.000 0.000 0.934 0.000 4.014 0.232 0.000 1.063 
0 test2fip_consistent 0.000 0.000 0.000 0.000 0.000 0.000 0.000 3.815 0.000 0.000 0.000 0.064 0.061 0.528 0.285 0.000 0.000 0.971 5.327 0.000 0.000 0.000 0.000 0.000 0.676 0.000 0.000 1.442 3.125 0.000 1.946 1.504 3.260 0.009 1.305 0.000 0.000 0.032 0.234 0.000 
1 test2fip_inconsistent 0.000 0.000 0.000 0.000 0.000 0.000 0.000 3.815 0.000 0.000 0.000 0.064 0.061 0.528 0.285 0.000 0.000 0.971 5.327 0.000 0.000 0.000 0.000 0.000 0.159 0.000 0.000 3.195 1.900 0.000 1.369 0.000 2.674 0.000 3.012 0.000 0.000 0.000 5.023 0.000 
0 test2fip_consistent 0.000 2.442 0.000 2.666 0.000 0.000 0.000 0.000 0.000 0.006 0.000 0.034 0.000 1.267 0.000 0.000 0.000 1.957 1.451 2.545 0.092 2.016 1.788 0.000 1.602 0.000 0.000 1.616 0.000 0.000 0.000 0.000 0.000 0.000 1.965 0.762 0.000 0.000 0.775 2.268 
1 test2fip_inconsistent 0.000 2.442 0.000 2.666 0.000 0.000 0.000 0.000 0.000 0.006 0.000 0.034 0.000 1.267 0.000 0.000 0.000 1.957 1.451 2.545 0.000 5.071 0.584 1.836 0.000 0.000 0.000 0.774 0.000 0.000 0.000 0.000 0.000 0.111 0.052 0.000 0.000 1.526 3.009 2.557 
0 test2fip_consistent 0.476 0.000 0.000 1.845 0.328 0.000 0.602 0.000 2.794 1.024 0.000 0.000 1.842 0.000 0.937 0.000 0.593 1.940 0.243 4.074 0.088 1.558 0.000 0.000 0.000 2.072 0.000 0.407 0.616 0.000 0.000 0.000 0.000 2.070 0.249 0.000 0.538 0.508 1.837 0.810 
1 test2fip_inconsistent 0.476 0.000 0.000 1.845 0.328 0.000 0.602 0.000 2.794 1.024 0.000 0.000 1.842 0.000 0.937 0.000 0.593 1.940 0.243 4.074 0.000 0.152 0.000 1.290 0.321 1.722 0.068 0.000 2.495 1.457 0.000 0.000 3.135 1.230 0.987 0.000 0.231 0.821 2.355 4.070 
0 test2fip_consistent 0.212 2.419 0.727 0.000 0.075 0.567 2.291 0.000 0.000 0.000 3.576 0.704 0.000 0.000 1.087 0.000 1.083 0.892 0.000 1.907 0.000 0.505 2.549 0.000 0.000 0.000 1.280 1.448 2.002 0.000 0.000 0.000 0.000 0.000 0.000 0.281 0.861 0.000 0.009 2.120 
1 test2fip_inconsistent 0.212 2.419 0.727 0.000 0.075 0.567 2.291 0.000 0.000 0.000 3.576 0.704 0.000 0.000 1.087 0.000 1.083 0.892 0.000 1.907 0.000 2.736 1.174 0.000 0.000 1.005 3.392 0.824 0.843 0.000 3.019 0.380 0.000 0.000 0.719 0.050 2.597 0.000 0.000 3.433 
0 test2fip_consistent 2.203 0.849 0.278 0.000 2.697 0.000 1.136 0.000 1.799 3.821 0.908 0.000 0.242 0.000 0.826 0.000 0.000 0.000 0.000 0.000 0.052 0.000 0.000 0.000 0.740 0.024 0.040 0.000 0.000 1.642 2.181 0.916 3.327 0.412 0.000 0.841 0.000 0.000 0.374 0.040 
1 test2fip_inconsistent 2.203 0.849 0.278 0.000 2.697 0.000 1.136 0.000 1.799 3.821 0.908 0.000 0.242 0.000 0.826 0.000 0.000 0.000 0.000 0.000 3.532 0.699 0.000 0.000 2.555 0.000 0.839 0.000 1.359 3.834 1.540 1.059 2.576 0.000 1.734 0.717 0.000 0.000 1.389 0.014 
0 test2fip_consistent 0.000 0.000 2.329 0.000 2.022 2.618 0.000 0.000 0.000 1.469 0.000 0.000 0.000 0.000 2.702 0.640 0.916 0.000 0.000 0.985 0.000 0.000 1.571 0.000 0.000 2.207 1.785 0.000 0.000 0.000 0.000 0.000 0.000 0.152 0.182 2.208 0.000 1.297 0.000 2.936 
1 test2fip_inconsistent 0.000 0.000 2.329 0.000 2.022 2.618 0.000 0.000 0.000 1.469 0.000 0.000 0.000 0.000 2.702 0.640 0.916 0.000 0.000 0.985 0.000 0.000 1.192 0.000 1.014 3.864 0.809 0.000 0.000 0.459 0.000 0.000 0.000 0.000 4.679 1.575 0.607 0.231 0.697 3.145 
0 test2fip_consistent 0.139 0.000 1.804 0.000 0.000 0.572 1.134 0.000 0.000 0.000 1.047 3.949 0.000 2.285 0.000 0.874 3.555 0.000 0.000 0.615 0.000 0.000 3.150 0.000 0.000 0.567 0.966 0.000 0.000 0.000 0.000 0.000 0.000 0.155 2.709 0.499 0.000 0.059 0.000 0.142 
1 test2fip_inconsistent 0.139 0.000 1.804 0.000 0.000 0.572 1.134 0.000 0.000 0.000 1.047 3.949 0.000 2.285 0.000 0.874 3.555 0.000 0.000 0.615 0.000 0.000 3.536 0.000 0.000 0.000 0.263 0.000 0.000 0.000 0.515 0.596 0.000 2.881 2.029 1.640 3.636 0.000 0.000 0.000 
0 test2fip_consistent 1.539 0.533 1.470 0.000 0.660 0.000 0.000 1.215 3.262 0.000 3.437 0.000 0.000 0.486 0.000 0.000 0.000 0.000 0.000 0.000 0.000 0.573 0.038 0.047 0.397 0.000 0.000 0.055 0.180 0.000 2.505 0.833 1.948 0.000 3.279 0.000 0.000 0.000 0.000 0.000 
1 test2fip_inconsistent 1.539 0.533 1.470 0.000 0.660 0.000 0.000 1.215 3.262 0.000 3.437 0.000 0.000 0.486 0.000 0.000 0.000 0.000 0.000 0.000 1.071 0.000 1.167 0.000 0.216 0.000 0.000 1.466 4.334 0.000 5.109 0.245 0.477 0.000 2.022 0.000 0.000 0.000 0.000 0.000 
0 test2fip_consistent 0.564 1.576 0.983 0.000 2.490 0.106 0.049 0.186 2.955 0.225 1.679 0.464 0.000 2.633 0.275 2.722 0.000 0.000 0.000 0.000 0.891 0.973 0.000 0.000 0.000 0.000 1.504 0.000 0.000 1.024 0.000 2.300 0.000 0.000 0.252 1.478 0.000 1.549 0.000 1.425 
1 test2fip_inconsistent 0.564 1.576 0.983 0.000 2.490 0.106 0.049 0.186 2.955 0.225 1.679 0.464 0.000 2.633 0.275 2.722 0.000 0.000 0.000 0.000 0.583 2.728 1.620 0.000 1.919 0.000 0.570 0.120 1.262 0.908 2.314 1.521 0.000 0.597 1.156 3.782 0.000 0.343 0.000 1.124 
0 test2fip_consistent 0.000 0.000 0.000 0.831 2.048 2.958 3.560 0.000 0.000 0.000 0.000 1.409 1.165 1.111 0.000 1.223 0.000 0.000 0.695 1.269 0.367 0.000 0.000 0.020 0.910 0.000 0.073 0.000 0.000 0.000 0.000 1.504 0.000 0.000 0.000 1.551 0.000 0.367 2.738 2.615 
1 test2fip_inconsistent 0.000 0.000 0.000 0.831 2.048 2.958 3.560 0.000 0.000 0.000 0.000 1.409 1.165 1.111 0.000 1.223 0.000 0.000 0.695 1.269 0.000 0.000 1.269 1.434 2.755 2.190 2.682 0.000 0.000 0.000 0.000 1.299 0.202 1.234 0.000 1.738 0.000 0.040 3.686 1.778 
0 test2fip_consistent 2.378 1.276 0.304 0.117 0.000 0.000 0.621 0.546 1.483 0.000 0.000 0.000 0.000 3.010 1.379 2.721 0.237 1.022 1.311 0.615 2.204 0.000 0.000 0.000 0.000 0.974 0.000 0.000 0.049 0.000 0.701 1.842 1.222 0.502 0.149 0.000 0.234 0.000 0.029 2.958 
1 test2fip_inconsistent 2.378 1.276 0.304 0.117 0.000 0.000 0.621 0.546 1.483 0.000 0.000 0.000 0.000 3.010 1.379 2.721 0.237 1.022 1.311 0.615 2.768 0.419 0.000 0.000 0.000 0.000 1.726 0.000 0.135 0.051 0.000 0.771 0.219 3.687 0.914 1.525 0.000 0.000 1.783 2.004 
0 test2fip_consistent 0.000 0.000 0.000 0.552 1.693 0.022 0.526 1.862 0.000 3.071 1.662 0.000 1.055 0.000 1.219 2.278 0.000 0.935 1.156 2.088 0.000 0.038 0.000 0.000 0.492 0.000 0.618 0.000 1.822 0.168 2.506 1.998 0.000 1.936 0.079 0.000 0.680 1.882 0.000 0.000 
1 test2fip_inconsistent 0.000 0.000 0.000 0.552 1.693 0.022 0.526 1.862 0.000 3.071 1.662 0.000 1.055 0.000 1.219 2.278 0.000 0.935 1.156 2.088 0.000 0.038 0.000 0.000 3.836 0.384 0.540 0.000 1.361 0.963 3.856 1.154 0.339 0.238 0.472 0.887 0.000 1.224 0.532 2.680 
0 test2fip_consistent 1.483 0.000 0.000 0.000 0.000 0.000 2.523 0.631 2.337 0.188 1.177 0.000 0.901 3.071 0.000 2.372 0.000 0.000 0.319 0.038 0.000 0.000 0.000 0.000 0.000 0.000 0.621 0.000 0.000 3.830 0.000 1.715 0.000 1.123 0.000 0.000 0.356 0.000 0.000 0.842 
1 test2fip_inconsistent 1.483 0.000 0.000 0.000 0.000 0.000 2.523 0.631 2.337 0.188 1.177 0.000 0.901 3.071 0.000 2.372 0.000 0.000 0.319 0.038 1.247 0.000 0.000 0.000 0.000 0.000 2.962 0.000 2.489 2.292 0.091 1.189 0.257 2.461 0.000 2.196 0.000 0.000 0.000 0.597 
0 test2fip_consistent 0.000 0.000 0.000 0.000 0.117 0.350 0.004 1.313 0.000 1.484 0.159 0.000 0.280 0.000 0.000 0.000 2.558 0.000 0.000 4.499 3.748 0.000 0.000 0.000 1.227 0.000 0.000 0.000 0.000 0.000 0.000 0.000 0.963 0.046 1.609 0.000 0.000 0.000 2.501 1.518 
1 test2fip_inconsistent 0.000 0.000 0.000 0.000 0.117 0.350 0.004 1.313 0.000 1.484 0.159 0.000 0.280 0.000 0.000 0.000 2.558 0.000 0.000 4.499 2.657 0.000 0.000 0.000 1.956 0.000 0.000 0.000 0.794 2.407 0.000 0.000 0.000 0.000 1.175 0.000 1.481 0.000 1.745 5.022 
0 test2fip_consistent 0.000 0.000 1.187 3.552 1.045 0.000 2.281 0.029 0.000 0.180 0.000 0.000 1.245 0.000 2.005 2.817 0.000 1.263 0.000 0.000 0.000 0.000 1.260 0.884 0.095 1.396 0.097 0.000 0.000 0.000 0.907 0.209 0.000 1.295 3.720 0.000 0.000 0.517 0.000 0.000 
1 test2fip_inconsistent 0.000 0.000 1.187 3.552 1.045 0.000 2.281 0.029 0.000 0.180 0.000 0.000 1.245 0.000 2.005 2.817 0.000 1.263 0.000 0.000 0.000 0.000 2.936 2.691 3.671 1.047 2.714 0.000 0.000 0.000 0.000 0.000 0.000 0.908 3.424 0.472 0.000 1.904 0.000 0.000 
0 test2fip_consistent 0.567 0.000 0.902 0.000 0.302 0.378 4.243 0.000 2.108 2.175 1.334 1.377 0.000 0.000 0.000 0.000 1.521 0.130 0.000 0.000 1.880 0.917 2.765 1.695 0.136 0.000 0.000 0.000 0.000 1.866 1.878 0.000 0.000 0.655 0.000 0.020 0.000 0.000 0.000 0.000 
1 test2fip_inconsistent 0.567 0.000 0.902 0.000 0.302 0.378 4.243 0.000 2.108 2.175 1.334 1.377 0.000 0.000 0.000 0.000 1.521 0.130 0.000 0.000 1.353 0.365 3.068 0.973 1.078 0.585 3.918 0.000 0.802 4.104 1.141 0.000 0.000 0.109 0.000 0.000 0.936 0.000 0.000 0.000 
0 test2fip_consistent 0.000 1.819 0.000 0.000 0.326 0.000 0.000 0.000 0.000 5.656 0.000 0.031 1.411 0.483 0.000 0.000 0.000 0.000 0.000 0.578 0.000 0.000 0.984 0.000 0.105 1.230 1.526 1.977 1.090 0.000 0.000 1.352 1.917 0.323 2.724 0.000 0.000 0.000 0.000 0.747 
1 test2fip_inconsistent 0.000 1.819 0.000 0.000 0.326 0.000 0.000 0.000 0.000 5.656 0.000 0.031 1.411 0.483 0.000 0.000 0.000 0.000 0.000 0.578 0.000 0.721 0.802 0.000 1.647 1.146 1.159 1.696 0.039 3.564 0.000 0.549 2.917 0.000 2.160 0.000 0.000 0.000 0.000 3.384 
0 test2fip_consistent 0.000 0.627 0.000 2.040 0.000 0.000 0.578 4.602 0.000 0.306 0.543 0.000 2.527 1.311 2.362 0.000 0.439 0.000 0.000 0.000 0.000 0.000 3.021 0.037 0.000 1.442 0.000 1.447 0.000 0.000 0.000 2.091 0.000 0.232 0.000 0.000 0.008 0.000 0.000 1.930 
1 test2fip_inconsistent 0.000 0.627 0.000 2.040 0.000 0.000 0.578 4.602 0.000 0.306 0.543 0.000 2.527 1.311 2.362 0.000 0.439 0.000 0.000 0.000 0.000 0.000 2.662 0.297 0.000 0.374 0.000 5.050 0.000 0.000 0.577 1.300 0.155 2.950 1.536 0.937 0.565 0.000 0.000 0.696 
0 test2fip_consistent 0.406 0.958 0.000 0.573 0.351 0.000 2.139 1.567 0.192 1.188 2.568 2.867 2.171 0.000 0.113 0.000 0.108 0.000 0.000 0.000 0.000 0.000 0.749 0.000 1.575 0.000 0.000 1.248 0.000 0.000 0.000 2.600 1.473 1.457 0.000 0.434 2.851 0.000 0.000 0.000 
1 test2fip_inconsistent 0.406 0.958 0.000 0.573 0.351 0.000 2.139 1.567 0.192 1.188 2.568 2.867 2.171 0.000 0.113 0.000 0.108 0.000 0.000 0.000 0.000 0.554 0.399 0.184 0.166 0.000 0.000 1.627 0.000 1.295 4.016 3.039 3.117 0.698 0.000 0.000 1.869 0.000 0.000 0.000 
0 test2fip_consistent 1.961 0.000 0.000 1.296 0.669 2.402 1.937 1.739 0.003 0.000 1.452 0.192 1.865 1.889 0.000 0.713 0.000 0.000 0.000 0.000 2.962 0.000 0.000 0.000 3.200 0.000 0.000 1.216 0.744 0.000 2.031 0.000 0.157 0.000 0.000 0.000 0.000 0.000 0.000 0.000 
1 test2fip_inconsistent 1.961 0.000 0.000 1.296 0.669 2.402 1.937 1.739 0.003 0.000 1.452 0.192 1.865 1.889 0.000 0.713 0.000 0.000 0.000 0.000 4.653 0.000 0.000 0.616 0.394 3.088 0.000 2.221 0.123 0.000 0.906 0.000 1.310 1.788 0.000 0.475 0.000 0.000 0.000 0.000 
0 test2fip_consistent 0.000 0.000 2.768 0.065 0.000 3.961 1.107 2.226 2.176 0.046 0.000 0.000 0.000 0.786 0.363 0.000 0.000 0.000 0.000 0.000 0.000 0.000 0.345 0.000 3.151 0.379 0.000 0.000 0.000 0.098 0.000 0.000 0.629 1.635 0.000 2.894 0.000 0.000 0.000 0.000 
1 test2fip_inconsistent 0.000 0.000 2.768 0.065 0.000 3.961 1.107 2.226 2.176 0.046 0.000 0.000 0.000 0.786 0.363 0.000 0.000 0.000 0.000 0.000 0.000 0.000 2.403 0.214 1.551 2.547 1.041 3.505 0.242 0.000 0.000 0.000 0.000 1.859 0.000 1.597 0.000 0.000 0.000 0.000 
0 test2fip_consistent 3.108 2.565 1.687 0.000 0.000 0.205 0.000 0.000 2.159 0.219 1.257 0.000 0.010 0.494 0.192 0.000 0.956 2.059 0.000 1.352 0.994 0.000 0.000 1.625 0.040 0.055 0.000 0.000 0.533 2.054 0.000 0.000 1.687 2.413 0.000 0.373 0.071 0.000 0.000 1.523 
1 test2fip_inconsistent 3.108 2.565 1.687 0.000 0.000 0.205 0.000 0.000 2.159 0.219 1.257 0.000 0.010 0.494 0.192 0.000 0.956 2.059 0.000 1.352 3.463 1.260 1.745 0.000 0.000 0.948 0.000 0.000 3.029 0.394 0.000 0.000 0.839 0.840 0.000 0.000 1.397 0.000 0.000 3.207 
0 test2fip_consistent 1.195 0.886 0.000 1.038 0.482 0.039 2.191 1.225 1.332 0.000 0.000 0.000 0.540 0.000 0.055 4.271 0.000 0.354 2.278 0.024 0.000 2.240 0.000 0.368 2.140 1.624 0.057 0.698 2.033 0.000 0.000 0.770 0.329 1.254 0.000 0.488 0.000 0.336 0.899 0.773 
1 test2fip_inconsistent 1.195 0.886 0.000 1.038 0.482 0.039 2.191 1.225 1.332 0.000 0.000 0.000 0.540 0.000 0.055 4.271 0.000 0.354 2.278 0.024 0.741 1.290 0.000 1.913 2.087 1.225 2.536 1.066 1.241 0.000 0.000 0.281 0.000 0.917 0.000 4.232 0.000 0.140 1.874 0.620 
0 test2fip_consistent 0.000 0.085 2.793 2.899 0.010 0.115 0.010 0.000 0.872 0.000 2.391 1.976 0.000 0.000 0.000 0.798 1.342 0.000 0.905 0.000 0.000 0.000 1.672 0.000 0.000 1.637 2.709 0.000 1.635 0.000 1.025 0.081 0.372 1.258 0.000 0.000 0.000 1.270 1.692 0.605 
1 test2fip_inconsistent 0.000 0.085 2.793 2.899 0.010 0.115 0.010 0.000 0.872 0.000 2.391 1.976 0.000 0.000 0.000 0.798 1.342 0.000 0.905 0.000 0.000 0.000 4.047 2.899 0.000 1.442 1.599 0.000 0.767 0.000 2.131 0.164 1.186 0.000 0.000 0.000 2.076 0.143 1.151 0.280 
0 test2fip_consistent 0.000 1.091 3.831 0.771 0.000 0.847 0.000 0.000 0.000 0.000 0.276 0.500 0.000 0.000 0.000 0.000 4.454 0.000 0.000 1.669 0.798 1.542 0.000 2.624 0.000 1.061 0.000 2.400 0.000 0.000 1.494 0.000 0.915 0.000 0.000 0.578 0.129 0.169 0.000 1.564 
1 test2fip_inconsistent 0.000 1.091 3.831 0.771 0.000 0.847 0.000 0.000 0.000 0.000 0.276 0.500 0.000 0.000 0.000 0.000 4.454 0.000 0.000 1.669 0.186 0.781 0.838 2.211 0.000 0.749 0.000 1.502 0.000 0.000 1.125 0.000 0.000 0.741 0.085 0.350 5.495 0.098 0.095 1.317 
0 test2fip_consistent 0.232 2.239 0.000 4.086 1.675 0.895 1.065 0.100 0.000 0.113 1.788 0.000 0.717 0.000 0.000 0.000 1.580 1.787 0.000 1.654 0.488 0.000 0.000 0.000 0.951 0.000 0.000 0.000 0.000 0.000 1.101 0.000 0.292 0.000 2.469 0.000 0.000 0.983 0.000 2.457 
1 test2fip_inconsistent 0.232 2.239 0.000 4.086 1.675 0.895 1.065 0.100 0.000 0.113 1.788 0.000 0.717 0.000 0.000 0.000 1.580 1.787 0.000 1.654 2.045 0.864 0.000 2.840 2.321 0.000 1.511 0.000 0.000 0.000 2.916 0.000 0.814 0.000 0.865 0.000 0.000 2.368 0.000 2.174 
0 test2fip_consistent 0.348 2.393 0.837 2.021 0.315 1.098 0.745 0.937 0.194 1.094 0.000 0.000 0.000 0.000 0.795 0.913 0.152 1.222 3.284 0.024 0.000 0.186 1.684 0.000 2.287 0.000 0.000 0.144 0.044 0.297 0.000 1.960 2.106 0.000 2.190 0.087 0.000 1.600 0.000 0.000 
1 test2fip_inconsistent 0.348 2.393 0.837 2.021 0.315 1.098 0.745 0.937 0.194 1.094 0.000 0.000 0.000 0.000 0.795 0.913 0.152 1.222 3.284 0.024 0.528 3.133 2.645 1.605 2.637 0.000 1.417 1.388 0.000 0.304 0.000 1.003 1.330 0.000 1.154 0.191 0.000 3.960 1.132 0.000 
0 test2fip_consistent 0.000 0.000 1.050 2.563 0.000 3.687 2.212 0.000 0.709 0.000 0.000 0.000 1.794 0.000 1.129 0.363 0.000 0.335 0.000 0.971 1.654 2.864 0.018 0.000 0.000 0.000 1.228 0.738 0.027 0.000 0.000 0.000 1.256 0.000 0.000 0.000 0.000 0.000 0.947 0.119 
1 test2fip_inconsistent 0.000 0.000 1.050 2.563 0.000 3.687 2.212 0.000 0.709 0.000 0.000 0.000 1.794 0.000 1.129 0.363 0.000 0.335 0.000 0.971 0.255 1.410 1.140 0.000 0.000 3.293 0.843 0.000 0.318 0.000 0.000 0.000 2.395 0.000 0.000 0.000 0.000 0.122 0.000 2.788 
0 test2fip_consistent 1.427 2.245 0.042 1.025 0.131 0.000 0.264 0.000 0.000 0.000 0.000 0.000 0.000 0.000 0.116 1.514 2.642 0.000 0.266 5.124 2.002 0.979 1.122 0.007 0.000 0.000 1.008 3.213 0.481 0.000 0.000 0.033 0.000 0.000 0.000 0.000 0.629 0.000 1.294 0.139 
1 test2fip_inconsistent 1.427 2.245 0.042 1.025 0.131 0.000 0.264 0.000 0.000 0.000 0.000 0.000 0.000 0.000 0.116 1.514 2.642 0.000 0.266 5.124 1.103 3.396 0.413 0.176 0.000 0.000 1.424 2.599 0.773 0.000 0.000 0.000 0.000 1.515 0.000 1.766 2.093 0.000 0.180 3.893 
0 test2fip_consistent 0.058 0.237 0.000 0.315 0.000 0.000 2.701 0.000 0.000 0.262 3.579 2.510 0.744 0.000 0.000 0.014 2.343 0.709 0.000 0.000 0.000 0.000 0.000 0.000 0.000 0.000 2.439 2.830 0.578 0.158 0.374 1.408 1.355 0.000 0.115 0.000 0.000 2.053 0.000 2.010 
1 test2fip_inconsistent 0.058 0.237 0.000 0.315 0.000 0.000 2.701 0.000 0.000 0.262 3.579 2.510 0.744 0.000 0.000 0.014 2.343 0.709 0.000 0.000 0.000 0.000 0.000 0.000 0.000 0.000 3.986 1.185 0.000 3.352 1.024 2.729 3.171 0.000 0.000 0.000 1.215 2.111 0.000 0.000 
0 test2fip_consistent 1.211 0.000 0.014 0.000 1.986 0.000 1.679 0.206 0.000 0.000 0.000 0.000 0.000 0.000 0.830 4.906 0.522 1.035 0.352 0.000 1.020 0.000 0.000 0.000 0.000 0.000 0.823 1.711 0.065 0.000 1.959 0.000 2.815 0.000 1.947 0.000 1.537 0.000 1.360 0.000 
1 test2fip_inconsistent 1.211 0.000 0.014 0.000 1.986 0.000 1.679 0.206 0.000 0.000 0.000 0.000 0.000 0.000 0.830 4.906 0.522 1.035 0.352 0.000 5.203 0.000 0.000 0.000 0.024 0.000 0.477 1.052 0.074 0.000 0.897 0.000 1.893 0.000 2.458 2.034 0.852 0.000 0.799 0.000 
0 test2fip_consistent 1.012 0.000 0.000 0.280 0.000 0.000 0.428 0.140 1.822 2.512 0.070 2.124 2.169 2.927 1.206 0.763 0.000 0.157 0.000 0.000 0.000 3.358 0.000 0.000 1.069 0.000 0.000 0.000 0.000 2.191 0.000 0.560 0.000 0.000 0.000 0.047 0.000 0.000 1.608 0.000 
1 test2fip_inconsistent 1.012 0.000 0.000 0.280 0.000 0.000 0.428 0.140 1.822 2.512 0.070 2.124 2.169 2.927 1.206 0.763 0.000 0.157 0.000 0.000 0.000 1.576 0.000 0.089 0.550 0.000 0.000 0.066 0.063 4.159 0.000 2.231 1.427 3.069 1.188 2.157 0.000 0.000 0.000 0.000 
0 test2fip_consistent 1.633 2.487 0.000 0.000 0.000 0.266 1.433 0.000 0.000 0.000 0.487 2.188 0.000 1.457 0.000 0.000 0.000 2.538 0.338 3.681 0.028 1.942 0.000 3.397 0.000 0.000 2.149 2.185 0.000 0.000 0.000 0.031 1.231 1.360 0.000 0.000 0.000 0.137 0.000 1.402 
1 test2fip_inconsistent 1.633 2.487 0.000 0.000 0.000 0.266 1.433 0.000 0.000 0.000 0.487 2.188 0.000 1.457 0.000 0.000 0.000 2.538 0.338 3.681 0.122 4.038 0.000 1.841 0.000 0.000 1.175 1.680 0.000 0.000 0.000 1.758 0.591 2.925 0.000 0.000 0.000 2.225 0.000 4.523 
0 test2fip_consistent 0.000 0.535 0.000 0.000 0.000 0.000 0.336 0.016 0.572 4.914 0.000 0.009 0.000 0.000 0.000 0.000 1.159 0.000 1.369 1.663 0.429 1.717 0.000 0.281 0.630 0.000 2.083 2.032 0.049 0.263 0.000 0.430 0.000 0.605 0.875 1.341 0.030 1.528 0.000 0.000 
1 test2fip_inconsistent 0.000 0.535 0.000 0.000 0.000 0.000 0.336 0.016 0.572 4.914 0.000 0.009 0.000 0.000 0.000 0.000 1.159 0.000 1.369 1.663 1.432 3.160 0.000 0.000 0.000 0.000 2.363 0.821 3.089 2.620 0.000 0.034 0.000 0.356 0.339 0.854 0.000 0.000 2.790 0.206 
0 test2fip_consistent 0.000 0.000 0.000 0.000 0.049 2.090 0.082 0.000 0.000 0.000 0.000 0.000 0.129 0.000 0.000 4.325 3.226 0.000 2.906 0.083 0.722 4.403 0.000 0.000 0.173 0.451 1.816 0.000 0.000 0.000 0.000 0.000 0.000 0.000 0.000 0.000 1.193 0.369 0.000 0.000 
1 test2fip_inconsistent 0.000 0.000 0.000 0.000 0.049 2.090 0.082 0.000 0.000 0.000 0.000 0.000 0.129 0.000 0.000 4.325 3.226 0.000 2.906 0.083 0.005 2.740 0.000 0.000 0.000 2.541 1.268 0.000 0.000 0.000 0.000 0.000 0.000 0.000 0.000 0.748 4.977 0.000 1.438 0.000 
0 test2fip_consistent 1.779 0.000 0.000 0.000 0.824 0.000 0.912 0.674 0.318 0.000 0.000 0.000 0.100 0.057 0.589 0.370 5.000 1.015 1.349 1.304 0.173 0.000 2.073 0.000 0.000 0.068 0.000 0.000 1.692 1.618 0.079 0.000 0.025 0.000 0.000 0.578 0.148 0.320 2.743 0.000 
1 test2fip_inconsistent 1.779 0.000 0.000 0.000 0.824 0.000 0.912 0.674 0.318 0.000 0.000 0.000 0.100 0.057 0.589 0.370 5.000 1.015 1.349 1.304 0.666 0.000 1.278 0.000 0.740 0.000 0.129 1.557 1.847 1.084 0.000 0.000 0.000 0.000 0.000 1.713 4.588 2.269 1.377 0.000 
0 test2fip_consistent 0.579 2.085 0.000 0.576 0.000 0.000 0.269 0.000 0.000 0.056 0.000 0.000 0.000 1.874 0.179 0.000 3.445 0.000 0.000 3.389 0.724 0.000 0.000 0.000 0.073 0.000 0.047 0.000 0.000 0.961 0.000 0.000 0.034 3.305 3.098 0.000 0.005 1.032 0.000 1.415 
1 test2fip_inconsistent 0.579 2.085 0.000 0.576 0.000 0.000 0.269 0.000 0.000 0.056 0.000 0.000 0.000 1.874 0.179 0.000 3.445 0.000 0.000 3.389 0.159 0.114 0.000 0.000 0.000 0.000 2.528 0.000 0.000 0.460 0.000 0.000 2.507 2.035 2.672 0.000 2.728 1.124 0.000 4.341 
0 test2fip_consistent 0.006 0.000 0.000 4.335 0.000 0.000 0.000 0.000 2.903 0.000 0.096 0.000 0.000 0.323 0.000 1.054 0.000 2.930 0.000 0.250 1.259 0.000 1.445 0.887 2.110 0.009 0.000 3.541 1.658 0.000 0.000 0.000 0.000 0.004 0.046 1.597 0.000 0.224 0.000 0.762 
1 test2fip_inconsistent 0.006 0.000 0.000 4.335 0.000 0.000 0.000 0.000 2.903 0.000 0.096 0.000 0.000 0.323 0.000 1.054 0.000 2.930 0.000 0.250 0.229 0.000 0.000 3.401 1.497 0.446 0.000 2.639 1.615 0.000 0.000 0.000 0.000 0.000 0.000 2.661 0.000 4.578 0.000 0.144 
0 test2fip_consistent 2.446 0.007 1.740 2.964 0.000 0.287 1.567 0.000 0.640 0.000 1.411 0.552 0.719 0.038 2.083 0.000 0.919 0.000 1.073 2.475 0.000 0.000 1.347 0.000 0.000 0.000 0.221 1.830 2.344 1.189 0.000 1.121 1.810 0.407 0.000 0.000 0.000 0.000 1.345 0.000 
1 test2fip_inconsistent 2.446 0.007 1.740 2.964 0.000 0.287 1.567 0.000 0.640 0.000 1.411 0.552 0.719 0.038 2.083 0.000 0.919 0.000 1.073 2.475 1.526 0.000 1.658 1.753 0.000 0.000 2.933 1.059 2.752 0.904 0.970 0.387 1.345 0.000 0.000 0.000 1.400 0.000 0.537 1.213 
0 test2fip_consistent 0.000 0.569 0.000 2.752 2.410 0.000 2.886 0.000 0.000 1.077 1.762 0.000 0.000 0.000 0.000 0.023 0.000 0.000 0.000 3.194 0.000 0.973 0.000 0.000 0.000 0.000 0.000 1.793 0.000 0.000 0.000 0.000 0.000 3.514 1.093 0.060 0.082 0.000 0.000 1.843 
1 test2fip_inconsistent 0.000 0.569 0.000 2.752 2.410 0.000 2.886 0.000 0.000 1.077 1.762 0.000 0.000 0.000 0.000 0.023 0.000 0.000 0.000 3.194 0.000 0.053 0.000 2.987 1.215 0.000 0.000 1.633 0.000 0.000 2.780 0.000 0.000 1.816 0.369 0.000 0.029 0.000 0.000 4.134 
0 test2fip_consistent 0.242 0.478 0.000 0.361 0.000 0.044 2.946 1.291 0.091 0.000 4.765 0.030 0.054 0.000 0.000 1.256 1.153 1.806 1.877 0.000 1.088 1.732 0.000 3.073 0.000 0.615 0.015 0.938 0.000 0.000 0.520 0.802 0.345 0.000 0.000 0.091 2.383 0.000 0.356 0.000 
1 test2fip_inconsistent 0.242 0.478 0.000 0.361 0.000 0.044 2.946 1.291 0.091 0.000 4.765 0.030 0.054 0.000 0.000 1.256 1.153 1.806 1.877 0.000 0.156 1.760 0.000 2.255 0.000 0.269 2.222 1.173 0.000 0.000 4.571 0.624 1.522 0.000 0.223 0.001 1.640 1.976 1.101 0.000 
0 test2fip_consistent 0.010 0.157 3.656 3.471 0.000 0.000 0.000 0.000 0.342 0.000 0.000 0.694 0.695 0.250 0.000 3.425 0.000 0.359 0.000 1.082 0.283 0.000 1.509 0.144 1.741 1.103 1.620 1.131 0.451 0.000 0.000 0.000 0.000 0.000 1.524 0.000 0.013 0.000 2.632 0.000 
1 test2fip_inconsistent 0.010 0.157 3.656 3.471 0.000 0.000 0.000 0.000 0.342 0.000 0.000 0.694 0.695 0.250 0.000 3.425 0.000 0.359 0.000 1.082 0.000 0.000 3.795 3.971 1.558 0.000 0.646 0.069 2.191 0.000 0.000 0.303 0.000 0.000 0.735 1.481 0.000 0.000 0.662 0.000 
0 test2fip_consistent 0.562 0.000 0.000 0.000 0.000 0.493 1.986 0.948 1.179 1.145 2.642 0.541 0.000 1.423 0.000 3.318 1.786 0.000 0.504 0.081 0.830 0.000 0.025 0.000 0.000 0.000 1.074 1.587 0.000 0.000 0.000 0.617 0.000 0.000 1.414 0.829 0.617 0.000 0.000 3.540 
1 test2fip_inconsistent 0.562 0.000 0.000 0.000 0.000 0.493 1.986 0.948 1.179 1.145 2.642 0.541 0.000 1.423 0.000 3.318 1.786 0.000 0.504 0.081 0.000 0.000 0.000 0.000 0.000 0.000 1.343 1.629 0.000 3.262 2.838 1.624 0.000 0.000 1.087 3.081 1.155 0.000 0.000 2.256 
0 test2fip_consistent 0.000 0.748 2.326 0.000 4.441 0.239 0.000 0.205 0.000 0.000 0.000 0.000 0.000 3.386 0.000 0.942 0.000 0.150 1.542 0.033 0.000 0.000 1.074 0.000 0.000 3.396 0.000 1.698 0.000 0.980 1.673 0.000 0.000 0.000 0.000 0.000 0.000 0.000 0.000 0.000 
1 test2fip_inconsistent 0.000 0.748 2.326 0.000 4.441 0.239 0.000 0.205 0.000 0.000 0.000 0.000 0.000 3.386 0.000 0.942 0.000 0.150 1.542 0.033 0.000 2.003 3.381 0.000 3.580 2.237 0.000 0.265 0.000 0.683 1.013 0.000 0.000 1.337 0.000 0.308 0.000 0.000 0.399 0.000 
0 test2fip_consistent 1.809 0.000 1.643 0.000 0.000 2.320 2.299 0.014 0.000 0.000 0.810 1.169 1.616 2.414 0.000 1.681 0.040 0.163 0.978 0.279 0.000 0.000 0.000 0.000 0.109 0.000 0.490 0.008 0.000 0.000 1.602 0.000 0.000 1.899 1.841 0.060 0.052 0.000 1.650 1.977 
1 test2fip_inconsistent 1.809 0.000 1.643 0.000 0.000 2.320 2.299 0.014 0.000 0.000 0.810 1.169 1.616 2.414 0.000 1.681 0.040 0.163 0.978 0.279 0.851 0.000 0.000 0.000 0.000 0.001 0.614 0.000 0.000 0.000 0.967 0.462 2.365 3.993 0.515 3.376 1.180 0.000 1.414 1.588 
0 test2fip_consistent 0.000 0.000 0.000 0.000 2.095 1.554 2.054 1.944 0.300 2.194 1.643 0.000 1.561 0.000 0.000 0.531 1.264 0.000 0.885 1.991 0.000 0.000 0.000 0.000 0.000 1.778 2.935 0.104 0.000 1.153 0.000 0.000 0.211 1.958 1.196 0.000 0.205 0.000 1.165 0.405 
1 test2fip_inconsistent 0.000 0.000 0.000 0.000 2.095 1.554 2.054 1.944 0.300 2.194 1.643 0.000 1.561 0.000 0.000 0.531 1.264 0.000 0.885 1.991 0.000 0.000 0.000 0.000 1.015 1.570 4.342 3.451 0.000 2.927 2.217 0.000 0.877 0.778 0.000 0.000 1.894 0.000 0.000 0.751 
0 test2fip_consistent 0.000 0.000 0.000 0.644 1.640 0.000 2.853 2.704 0.000 1.072 0.000 3.108 0.000 0.000 0.000 0.000 1.992 0.597 0.000 1.757 0.000 0.000 0.000 1.840 1.477 1.713 0.000 0.000 2.473 0.000 0.000 0.393 0.051 0.211 1.997 0.000 1.322 0.000 0.000 2.816 
1 test2fip_inconsistent 0.000 0.000 0.000 0.644 1.640 0.000 2.853 2.704 0.000 1.072 0.000 3.108 0.000 0.000 0.000 0.000 1.992 0.597 0.000 1.757 0.000 0.000 0.000 2.677 0.588 0.071 1.612 1.739 1.920 1.812 0.000 3.011 0.000 0.000 1.727 0.000 3.103 0.000 0.000 2.871 
0 test2fip_consistent 1.448 2.651 0.000 2.265 0.000 0.000 0.675 1.060 0.000 0.213 0.442 1.313 0.000 0.020 2.648 0.000 0.000 0.000 2.194 1.989 0.000 0.000 0.000 0.091 1.817 0.000 3.261 0.948 2.001 0.000 0.000 0.558 0.000 0.000 1.923 0.000 0.000 0.016 0.000 0.096 
1 test2fip_inconsistent 1.448 2.651 0.000 2.265 0.000 0.000 0.675 1.060 0.000 0.213 0.442 1.313 0.000 0.020 2.648 0.000 0.000 0.000 2.194 1.989 0.642 2.747 0.000 0.239 0.963 0.000 2.101 0.000 1.519 0.462 0.000 2.103 0.000 0.000 3.470 0.000 0.000 0.000 1.673 1.225 
0 test2fip_consistent 0.085 2.041 2.007 0.000 1.740 0.000 0.000 0.212 0.109 0.835 2.206 0.000 1.409 1.348 1.794 1.855 1.778 0.385 0.011 0.000 0.000 0.000 0.204 1.991 0.745 0.000 1.201 0.000 0.746 0.000 0.517 1.412 1.647 2.272 0.000 1.688 0.000 0.225 0.049 0.000 
1 test2fip_inconsistent 0.085 2.041 2.007 0.000 1.740 0.000 0.000 0.212 0.109 0.835 2.206 0.000 1.409 1.348 1.794 1.855 1.778 0.385 0.011 0.000 0.000 1.556 3.661 0.951 2.265 0.000 0.386 0.000 1.668 0.000 0.451 1.119 1.225 2.844 0.000 1.357 2.025 0.694 0.693 0.000 
0 test2fip_consistent 0.056 4.559 0.000 0.000 0.000 0.000 0.000 0.000 0.000 0.000 0.001 0.000 0.000 0.000 3.680 0.409 0.066 0.000 0.000 1.506 1.633 0.000 0.000 0.000 0.000 0.409 0.000 2.156 0.000 1.143 3.572 0.000 0.000 0.513 1.574 0.000 1.512 0.000 0.000 0.059 
1 test2fip_inconsistent 0.056 4.559 0.000 0.000 0.000 0.000 0.000 0.000 0.000 0.000 0.001 0.000 0.000 0.000 3.680 0.409 0.066 0.000 0.000 1.506 0.257 3.205 0.000 0.000 0.543 0.000 0.000 2.262 0.000 0.274 2.251 0.000 0.000 0.000 4.892 0.485 0.655 0.000 0.000 0.661 
0 test2fip_consistent 0.029 0.000 0.000 1.416 0.000 0.000 0.900 0.006 1.877 0.000 0.228 0.000 1.866 0.000 0.000 0.000 3.742 0.000 0.268 3.588 1.668 0.114 0.000 1.410 0.103 2.160 0.000 0.030 2.135 0.000 0.000 0.000 0.000 0.000 0.000 2.694 0.389 2.000 0.000 0.516 
1 test2fip_inconsistent 0.029 0.000 0.000 1.416 0.000 0.000 0.900 0.006 1.877 0.000 0.228 0.000 1.866 0.000 0.000 0.000 3.742 0.000 0.268 3.588 1.208 0.003 0.000 1.513 0.222 2.011 0.000 0.000 4.106 0.000 0.000 0.000 0.829 0.000 0.000 1.260 4.492 1.360 0.000 2.435 
0 test2fip_consistent 0.130 0.236 0.209 0.799 0.000 0.000 0.550 5.297 0.041 0.892 0.365 0.000 0.020 0.000 1.524 0.367 0.269 2.505 0.000 0.000 1.663 0.000 0.980 3.321 0.000 0.302 0.007 1.211 0.000 0.000 0.000 0.081 1.218 0.000 0.086 0.000 0.082 0.000 0.033 1.854 
1 test2fip_inconsistent 0.130 0.236 0.209 0.799 0.000 0.000 0.550 5.297 0.041 0.892 0.365 0.000 0.020 0.000 1.524 0.367 0.269 2.505 0.000 0.000 1.459 0.000 0.020 1.793 0.000 0.000 1.445 5.454 0.000 0.000 0.031 0.000 1.008 0.000 1.888 0.632 1.291 0.447 0.000 0.570 
0 test2fip_consistent 0.541 1.610 0.000 2.882 1.477 1.055 0.000 0.507 1.829 0.000 0.260 2.563 0.005 0.622 0.000 0.000 0.000 0.000 2.382 0.480 0.552 2.099 0.000 0.000 0.064 0.000 0.000 0.000 0.000 1.569 0.000 0.639 0.000 0.177 1.106 0.000 1.992 0.000 1.294 2.449 
1 test2fip_inconsistent 0.541 1.610 0.000 2.882 1.477 1.055 0.000 0.507 1.829 0.000 0.260 2.563 0.005 0.622 0.000 0.000 0.000 0.000 2.382 0.480 0.300 1.524 0.000 1.650 1.003 0.680 0.000 1.020 1.140 0.982 0.007 3.452 0.000 0.000 0.537 0.000 0.489 0.000 4.207 0.990 
0 test2fip_consistent 0.000 2.933 2.665 1.080 0.041 0.184 0.000 1.688 0.000 1.250 0.000 3.300 0.000 0.596 0.000 0.000 0.000 0.000 1.282 0.000 0.000 0.190 0.822 0.000 0.361 0.578 0.000 0.261 0.000 0.565 0.000 0.600 2.400 0.477 0.053 0.151 0.485 1.761 1.314 1.482 
1 test2fip_inconsistent 0.000 2.933 2.665 1.080 0.041 0.184 0.000 1.688 0.000 1.250 0.000 3.300 0.000 0.596 0.000 0.000 0.000 0.000 1.282 0.000 0.000 1.897 2.185 0.306 0.000 0.460 0.000 2.413 0.000 1.487 0.000 4.307 1.603 1.935 0.066 0.000 1.569 1.855 1.813 0.579 
0 test2fip_consistent 0.587 2.840 0.069 2.414 0.000 0.000 0.000 0.928 2.319 0.000 0.000 0.112 1.183 0.000 0.000 0.000 0.739 0.000 0.000 3.240 2.120 0.020 0.000 0.000 0.000 1.263 0.000 0.000 0.235 2.799 1.103 0.000 0.413 1.452 0.000 0.000 1.779 0.000 0.000 0.901 
1 test2fip_inconsistent 0.587 2.840 0.069 2.414 0.000 0.000 0.000 0.928 2.319 0.000 0.000 0.112 1.183 0.000 0.000 0.000 0.739 0.000 0.000 3.240 2.666 1.602 0.000 1.908 0.000 2.750 0.000 0.173 3.486 2.303 0.264 0.138 0.000 1.129 0.000 0.000 0.000 0.000 0.000 2.126 
0 test2fip_consistent 0.010 0.000 1.775 0.000 0.056 1.546 0.000 2.424 4.378 0.000 0.000 0.576 0.000 1.211 0.000 0.000 0.000 0.000 0.057 1.739 0.264 1.997 1.115 0.000 0.000 0.000 2.982 1.879 0.000 0.000 0.000 0.000 0.000 1.275 0.000 0.000 0.000 1.280 2.418 0.000 
1 test2fip_inconsistent 0.010 0.000 1.775 0.000 0.056 1.546 0.000 2.424 4.378 0.000 0.000 0.576 0.000 1.211 0.000 0.000 0.000 0.000 0.057 1.739 0.223 0.912 0.000 0.000 0.000 0.000 1.520 4.682 3.760 0.000 0.000 0.000 0.000 0.256 0.000 0.000 0.000 0.914 2.233 2.056 
0 test2fip_consistent 0.000 1.826 1.062 0.017 0.000 0.000 0.127 0.000 0.880 3.573 0.229 0.000 1.913 2.804 0.000 0.000 2.306 0.000 0.000 0.000 1.580 1.040 2.837 0.000 0.000 0.000 1.827 0.762 0.459 0.759 0.746 0.000 0.159 0.109 0.000 0.000 1.278 0.000 0.000 1.585 
1 test2fip_inconsistent 0.000 1.826 1.062 0.017 0.000 0.000 0.127 0.000 0.880 3.573 0.229 0.000 1.913 2.804 0.000 0.000 2.306 0.000 0.000 0.000 0.886 0.506 1.549 0.000 0.000 0.000 1.188 0.219 0.961 4.892 0.000 0.000 2.328 2.008 0.000 0.000 1.621 0.000 0.000 0.372 
0 test2fip_consistent 0.000 0.000 0.000 0.700 2.015 0.000 0.000 1.152 0.000 3.129 0.343 2.123 0.000 0.000 1.975 1.001 0.465 0.606 0.866 1.312 0.000 0.000 0.091 0.000 0.000 2.350 0.000 1.122 0.000 0.360 0.261 1.130 0.000 0.387 0.138 0.000 0.285 2.498 1.322 0.275 
1 test2fip_inconsistent 0.000 0.000 0.000 0.700 2.015 0.000 0.000 1.152 0.000 3.129 0.343 2.123 0.000 0.000 1.975 1.001 0.465 0.606 0.866 1.312 0.000 0.000 0.000 0.166 0.953 1.121 0.000 1.431 0.000 2.011 0.949 1.065 0.000 0.000 4.528 1.922 0.049 3.496 1.170 0.709 
0 test2fip_consistent 0.030 2.525 0.000 0.000 0.000 0.000 1.420 0.664 0.000 0.000 0.000 0.000 0.000 1.742 1.493 0.000 4.039 1.699 1.529 0.604 0.002 0.000 0.405 0.059 0.002 0.000 1.128 1.542 1.390 0.000 0.000 0.902 0.902 0.995 0.000 3.474 0.000 1.093 0.718 1.352 
1 test2fip_inconsistent 0.030 2.525 0.000 0.000 0.000 0.000 1.420 0.664 0.000 0.000 0.000 0.000 0.000 1.742 1.493 0.000 4.039 1.699 1.529 0.604 0.000 2.716 0.000 0.000 0.000 0.000 0.998 1.577 0.215 0.000 0.000 1.930 0.788 2.792 0.457 2.062 2.083 1.374 2.094 1.362 
0 test2fip_consistent 0.000 1.361 0.000 0.000 0.000 0.000 0.000 2.597 0.000 0.000 1.722 0.000 2.281 0.000 0.173 2.914 0.081 0.035 0.384 2.176 0.000 2.473 0.000 0.000 0.000 0.000 0.000 0.000 0.000 0.000 0.000 0.000 0.000 0.000 1.899 0.249 1.975 3.182 0.000 0.000 
1 test2fip_inconsistent 0.000 1.361 0.000 0.000 0.000 0.000 0.000 2.597 0.000 0.000 1.722 0.000 2.281 0.000 0.173 2.914 0.081 0.035 0.384 2.176 0.000 3.434 0.000 0.000 0.000 0.000 0.000 0.487 0.000 0.000 1.201 0.000 2.590 0.000 1.403 3.385 1.695 2.125 1.083 1.410 
0 test2fip_consistent 0.238 0.045 0.000 0.860 2.020 3.938 0.178 0.000 0.534 0.000 0.000 0.000 0.000 0.132 0.102 0.000 0.000 2.732 0.000 0.569 2.587 1.201 0.000 1.155 0.000 1.005 2.551 0.000 0.000 0.000 0.000 0.000 0.000 0.000 0.000 0.000 1.597 0.000 0.000 0.024 
1 test2fip_inconsistent 0.238 0.045 0.000 0.860 2.020 3.938 0.178 0.000 0.534 0.000 0.000 0.000 0.000 0.132 0.102 0.000 0.000 2.732 0.000 0.569 1.000 0.857 0.000 2.763 1.726 4.796 1.435 0.474 1.574 0.000 0.000 0.000 0.000 0.000 0.000 0.000 0.903 0.937 0.000 1.463 
0 test2fip_consistent 0.495 0.000 2.104 0.162 0.000 0.000 0.321 0.000 0.000 1.026 3.102 0.519 2.029 0.000 0.000 0.000 0.000 2.605 0.000 3.180 0.000 0.000 0.000 0.278 0.000 0.327 3.076 0.000 0.096 0.000 0.029 0.000 0.000 0.000 0.000 0.676 0.000 2.673 0.000 1.643 
1 test2fip_inconsistent 0.495 0.000 2.104 0.162 0.000 0.000 0.321 0.000 0.000 1.026 3.102 0.519 2.029 0.000 0.000 0.000 0.000 2.605 0.000 3.180 1.226 0.000 0.564 0.109 0.000 0.000 2.677 0.000 0.000 0.000 3.734 0.000 0.000 0.000 0.406 0.000 0.082 2.130 0.000 3.724 
0 test2fip_consistent 0.015 0.000 0.725 0.581 0.103 0.476 2.139 0.000 2.066 3.373 1.243 2.013 0.000 0.000 1.024 0.000 0.501 1.070 0.000 0.245 0.425 0.000 0.984 0.000 0.000 3.325 0.844 0.000 0.000 0.131 0.000 0.000 0.000 0.000 0.000 0.000 3.790 0.000 1.108 0.292 
1 test2fip_inconsistent 0.015 0.000 0.725 0.581 0.103 0.476 2.139 0.000 2.066 3.373 1.243 2.013 0.000 0.000 1.024 0.000 0.501 1.070 0.000 0.245 0.173 0.000 0.000 0.684 0.000 2.245 1.116 0.000 3.314 3.202 0.386 0.000 0.000 0.000 0.495 0.000 3.193 0.000 0.989 0.000 
0 test2fip_consistent 0.047 0.026 0.208 1.715 1.300 0.000 0.000 0.000 0.299 0.000 0.000 3.339 0.000 0.932 0.000 1.587 0.000 0.017 0.082 3.273 0.000 0.000 2.160 0.000 0.093 0.000 1.212 1.835 0.000 0.000 0.000 0.000 0.000 3.107 0.000 0.000 0.000 0.000 0.000 1.066 
1 test2fip_inconsistent 0.047 0.026 0.208 1.715 1.300 0.000 0.000 0.000 0.299 0.000 0.000 3.339 0.000 0.932 0.000 1.587 0.000 0.017 0.082 3.273 0.000 0.000 0.938 2.371 2.006 0.000 0.018 0.747 0.427 0.000 0.000 2.936 0.000 3.361 0.000 1.427 0.000 0.000 0.392 0.945 
0 test2fip_consistent 0.000 0.000 0.225 2.509 0.000 2.459 0.000 0.000 0.235 0.793 1.198 1.511 0.000 2.880 0.222 0.393 1.970 0.392 0.000 1.273 1.770 0.000 1.200 0.000 0.000 0.000 0.000 0.000 0.976 2.730 0.000 1.608 0.000 0.000 0.000 1.294 0.000 1.239 1.233 0.000 
1 test2fip_inconsistent 0.000 0.000 0.225 2.509 0.000 2.459 0.000 0.000 0.235 0.793 1.198 1.511 0.000 2.880 0.222 0.393 1.970 0.392 0.000 1.273 0.023 0.000 0.000 1.474 0.000 2.804 0.000 0.000 0.068 3.211 0.454 1.935 0.000 0.264 0.000 1.366 1.338 0.890 0.136 2.566 
0 test2fip_consistent 0.000 2.751 1.427 0.000 0.000 0.997 0.000 0.000 0.000 0.000 2.102 0.000 0.000 3.468 0.183 0.000 0.430 0.000 0.000 2.442 0.037 0.673 1.637 1.468 0.839 0.000 0.895 0.000 0.227 0.000 0.117 1.156 0.000 0.000 0.371 1.814 0.882 0.589 1.825 1.196 
1 test2fip_inconsistent 0.000 2.751 1.427 0.000 0.000 0.997 0.000 0.000 0.000 0.000 2.102 0.000 0.000 3.468 0.183 0.000 0.430 0.000 0.000 2.442 0.000 3.207 2.375 0.446 0.307 0.893 0.410 0.000 0.000 0.000 2.114 0.755 0.000 3.905 1.310 0.668 1.794 0.000 0.592 1.320 
0 test2fip_consistent 0.000 0.000 0.000 0.000 0.000 0.000 0.000 0.824 0.174 0.000 0.929 0.000 0.283 1.867 0.899 3.632 4.142 0.711 0.000 0.000 4.195 0.004 0.560 0.000 0.000 0.000 0.000 0.000 0.000 0.000 0.643 0.112 0.422 0.032 1.090 0.000 1.906 0.000 0.807 0.587 
1 test2fip_inconsistent 0.000 0.000 0.000 0.000 0.000 0.000 0.000 0.824 0.174 0.000 0.929 0.000 0.283 1.867 0.899 3.632 4.142 0.711 0.000 0.000 2.936 0.000 0.000 0.000 0.000 0.000 0.000 1.269 0.000 0.000 2.262 0.790 0.170 2.947 0.000 2.343 4.181 0.000 0.246 0.435 
0 test2fip_consistent 0.218 0.000 0.000 0.000 0.094 1.694 0.405 2.302 2.299 0.000 1.976 3.175 1.439 0.000 0.000 0.410 0.416 0.000 0.000 0.527 0.760 0.000 0.000 0.000 3.440 0.000 0.863 0.000 0.000 0.000 0.737 0.000 0.319 2.219 0.264 1.917 0.000 0.000 0.000 0.000 
1 test2fip_inconsistent 0.218 0.000 0.000 0.000 0.094 1.694 0.405 2.302 2.299 0.000 1.976 3.175 1.439 0.000 0.000 0.410 0.416 0.000 0.000 0.527 0.879 0.000 0.000 0.000 1.186 1.536 2.081 0.692 2.910 0.000 1.671 1.885 0.594 1.432 0.253 2.386 0.000 0.000 0.000 0.452 
0 test2fip_consistent 0.000 1.400 1.800 0.000 0.348 2.092 3.078 3.008 0.000 0.000 0.415 1.269 0.000 1.018 0.000 1.929 0.000 0.772 0.958 0.000 2.160 0.000 0.044 0.000 0.000 0.000 0.108 0.350 0.000 0.000 0.000 0.000 2.954 0.000 0.000 0.912 1.166 0.000 2.631 0.653 
1 test2fip_inconsistent 0.000 1.400 1.800 0.000 0.348 2.092 3.078 3.008 0.000 0.000 0.415 1.269 0.000 1.018 0.000 1.929 0.000 0.772 0.958 0.000 0.964 0.000 0.937 0.000 0.000 0.400 2.731 3.480 0.000 0.000 0.135 0.046 1.788 1.669 0.000 2.464 1.128 0.304 2.424 0.000 
0 test2fip_consistent 2.591 0.000 0.753 0.525 0.562 1.863 0.651 0.000 0.927 1.666 0.000 0.000 1.762 0.515 3.894 0.000 0.000 0.456 0.405 0.884 0.459 0.000 0.057 1.321 0.003 0.652 1.043 0.770 0.000 0.247 0.096 0.000 0.105 0.183 0.279 0.000 1.365 1.393 1.103 0.009 
1 test2fip_inconsistent 2.591 0.000 0.753 0.525 0.562 1.863 0.651 0.000 0.927 1.666 0.000 0.000 1.762 0.515 3.894 0.000 0.000 0.456 0.405 0.884 2.430 0.000 0.000 1.101 1.050 0.413 1.275 0.000 0.000 0.897 0.000 0.000 2.358 0.002 4.070 0.000 0.456 0.497 0.352 0.512 
0 test2fip_consistent 2.020 1.125 2.105 0.000 0.000 0.000 0.441 2.420 0.000 2.546 0.000 0.000 1.314 1.399 0.000 0.003 1.270 0.612 0.000 0.063 0.000 0.000 0.000 0.000 0.000 0.000 1.548 0.000 0.000 0.000 1.219 0.000 0.000 0.000 0.000 0.000 2.180 2.251 1.800 1.951 
1 test2fip_inconsistent 2.020 1.125 2.105 0.000 0.000 0.000 0.441 2.420 0.000 2.546 0.000 0.000 1.314 1.399 0.000 0.003 1.270 0.612 0.000 0.063 0.693 0.000 1.182 0.000 0.000 0.000 1.681 3.405 0.000 1.926 0.000 0.000 0.234 0.043 0.000 0.000 2.792 1.633 1.012 0.941 
0 test2fip_consistent 0.000 0.000 0.000 0.000 0.000 2.815 0.000 0.000 0.795 2.365 0.343 0.103 3.154 0.000 0.000 0.643 2.247 1.108 0.000 0.231 0.189 0.000 0.000 0.000 0.457 0.000 0.000 2.505 0.000 0.293 0.000 0.000 0.000 0.000 0.000 0.000 0.000 1.745 1.943 3.268 
1 test2fip_inconsistent 0.000 0.000 0.000 0.000 0.000 2.815 0.000 0.000 0.795 2.365 0.343 0.103 3.154 0.000 0.000 0.643 2.247 1.108 0.000 0.231 0.177 0.000 0.000 0.000 0.099 0.604 0.000 2.420 0.000 2.527 0.000 0.000 2.413 0.000 0.000 0.424 2.534 0.049 1.234 2.348 
0 test2fip_consistent 0.000 1.750 1.953 0.000 0.198 3.855 0.000 0.304 0.758 1.560 0.000 0.670 0.000 0.000 0.000 2.813 0.000 0.262 0.000 0.000 0.250 2.843 2.963 0.000 0.036 0.456 1.324 0.000 0.000 0.000 0.000 0.000 0.000 0.000 0.000 0.000 0.000 0.071 1.738 0.000 
1 test2fip_inconsistent 0.000 1.750 1.953 0.000 0.198 3.855 0.000 0.304 0.758 1.560 0.000 0.670 0.000 0.000 0.000 2.813 0.000 0.262 0.000 0.000 0.000 1.770 2.836 0.000 0.000 4.450 0.355 0.000 0.000 0.559 0.000 0.998 0.000 0.000 0.000 2.897 0.000 0.048 1.175 0.000 
0 test2fip_consistent 0.000 0.000 0.000 0.000 3.986 0.000 2.241 1.381 0.000 0.000 2.145 0.000 0.585 3.262 0.000 2.199 0.000 0.434 0.000 0.000 0.000 0.000 0.000 0.000 0.000 0.000 0.086 0.000 0.000 0.000 0.000 3.165 1.775 0.258 0.000 0.427 0.000 1.669 2.641 0.683 
1 test2fip_inconsistent 0.000 0.000 0.000 0.000 3.986 0.000 2.241 1.381 0.000 0.000 2.145 0.000 0.585 3.262 0.000 2.199 0.000 0.434 0.000 0.000 0.000 0.000 0.000 0.000 1.443 0.000 1.710 0.000 0.000 0.000 2.751 1.428 2.386 3.649 0.000 0.767 0.000 1.327 1.775 0.867 
0 test2fip_consistent 1.845 1.836 1.823 1.486 0.412 0.000 0.000 0.000 0.747 0.171 0.000 1.786 0.000 0.000 1.047 0.000 2.181 0.781 2.334 2.282 0.720 1.680 0.315 0.676 1.362 0.000 0.000 0.000 1.243 0.799 0.100 0.000 0.000 3.541 0.000 0.298 0.000 0.000 0.000 0.000 
1 test2fip_inconsistent 1.845 1.836 1.823 1.486 0.412 0.000 0.000 0.000 0.747 0.171 0.000 1.786 0.000 0.000 1.047 0.000 2.181 0.781 2.334 2.282 1.828 2.758 0.959 0.514 0.514 0.000 0.000 0.000 1.147 0.000 0.000 0.377 0.000 2.429 0.000 0.000 1.077 0.645 2.956 1.550 
0 test2fip_consistent 1.975 0.000 0.484 0.988 0.000 0.620 2.460 0.122 0.000 0.946 1.324 0.329 0.000 0.000 2.031 0.000 0.000 2.645 2.847 0.000 1.531 0.000 0.000 0.000 0.000 1.015 0.000 0.000 0.000 3.973 0.000 0.000 0.000 0.000 1.104 1.167 0.000 0.000 1.232 0.000 
1 test2fip_inconsistent 1.975 0.000 0.484 0.988 0.000 0.620 2.460 0.122 0.000 0.946 1.324 0.329 0.000 0.000 2.031 0.000 0.000 2.645 2.847 0.000 3.524 0.000 0.000 0.328 0.000 0.834 2.473 0.000 0.000 2.946 1.446 0.000 0.000 0.000 0.323 0.063 0.000 2.511 3.475 0.000 
0 test2fip_consistent 0.000 1.459 0.269 2.376 3.237 0.000 0.000 0.000 0.000 0.738 0.681 0.000 0.000 0.000 0.170 0.000 3.407 0.378 0.000 0.482 0.000 0.090 1.243 0.000 0.531 1.170 0.000 0.000 2.573 1.004 1.165 0.000 0.000 0.000 0.000 0.000 0.111 0.000 0.000 3.523 
1 test2fip_inconsistent 0.000 1.459 0.269 2.376 3.237 0.000 0.000 0.000 0.000 0.738 0.681 0.000 0.000 0.000 0.170 0.000 3.407 0.378 0.000 0.482 0.000 0.440 1.164 2.526 4.043 1.154 0.000 0.000 1.865 0.000 1.710 0.000 0.000 0.000 0.000 0.000 1.112 2.214 0.000 2.362 
0 test2fip_consistent 0.000 0.376 1.915 0.000 0.029 0.000 0.636 0.549 1.979 0.000 0.093 0.000 1.111 0.235 0.000 0.000 0.000 2.698 0.043 2.995 0.000 0.016 1.974 0.000 0.006 0.000 0.577 0.014 0.692 0.000 2.376 1.876 0.000 2.010 0.588 1.086 0.000 1.179 0.463 0.242 
1 test2fip_inconsistent 0.000 0.376 1.915 0.000 0.029 0.000 0.636 0.549 1.979 0.000 0.093 0.000 1.111 0.235 0.000 0.000 0.000 2.698 0.043 2.995 0.000 0.000 1.937 0.000 0.526 0.000 0.403 0.000 2.292 0.000 1.915 1.010 0.000 0.906 0.000 0.736 0.126 1.310 0.662 5.406 
0 test2fip_consistent 0.097 0.000 1.692 0.000 0.000 0.000 0.000 0.000 0.145 3.956 0.512 0.000 0.000 0.660 2.214 1.271 0.572 1.861 0.000 0.000 0.205 0.746 0.800 0.000 0.000 0.000 1.528 0.256 2.502 0.045 0.006 0.000 0.000 0.000 1.132 1.780 0.104 0.156 0.000 0.002 
1 test2fip_inconsistent 0.097 0.000 1.692 0.000 0.000 0.000 0.000 0.000 0.145 3.956 0.512 0.000 0.000 0.660 2.214 1.271 0.572 1.861 0.000 0.000 0.276 0.251 1.695 0.000 0.000 0.000 0.796 0.000 2.669 3.851 0.732 0.000 0.000 0.000 3.518 2.059 0.000 1.712 0.000 0.000 
0 test2fip_consistent 0.000 0.000 1.601 0.308 0.894 0.143 4.084 0.000 2.113 2.664 0.000 0.000 0.000 0.030 0.003 0.878 0.000 2.001 0.000 0.000 0.000 0.039 0.877 1.596 2.013 0.000 0.018 2.783 0.840 0.224 0.000 0.000 0.000 0.000 0.546 0.141 0.000 0.806 1.090 1.688 
1 test2fip_inconsistent 0.000 0.000 1.601 0.308 0.894 0.143 4.084 0.000 2.113 2.664 0.000 0.000 0.000 0.030 0.003 0.878 0.000 2.001 0.000 0.000 0.000 0.000 1.994 1.620 0.349 0.645 4.459 1.168 0.901 2.413 0.000 0.000 0.000 0.000 0.666 1.662 0.000 0.802 0.366 2.386 
0 test2fip_consistent 0.000 2.559 0.000 1.690 0.000 1.561 1.856 0.302 1.501 0.013 1.136 0.000 0.000 2.411 1.167 1.929 1.808 0.450 0.000 0.000 0.000 0.000 0.000 0.000 0.098 1.564 0.111 0.000 0.000 2.550 0.000 0.000 0.000 1.016 0.355 0.000 0.076 0.083 0.540 1.521 
1 test2fip_inconsistent 0.000 2.559 0.000 1.690 0.000 1.561 1.856 0.302 1.501 0.013 1.136 0.000 0.000 2.411 1.167 1.929 1.808 0.450 0.000 0.000 0.000 1.748 0.000 0.689 0.000 2.071 1.931 0.000 2.406 1.639 0.000 0.000 0.000 3.171 0.149 0.342 1.981 0.186 0.000 0.000 
0 test2fip_consistent 0.000 1.822 0.000 0.000 0.224 2.548 0.000 3.675 2.064 0.000 0.862 0.997 1.207 2.014 0.000 0.000 0.000 0.831 0.297 0.000 0.000 0.000 0.000 0.015 0.000 0.000 0.000 0.058 0.000 0.000 0.000 0.508 0.000 0.000 0.650 0.000 1.921 2.916 0.000 0.000 
1 test2fip_inconsistent 0.000 1.822 0.000 0.000 0.224 2.548 0.000 3.675 2.064 0.000 0.862 0.997 1.207 2.014 0.000 0.000 0.000 0.831 0.297 0.000 0.000 0.000 0.000 0.000 0.000 2.914 0.000 2.266 1.248 0.000 0.000 0.000 0.787 1.223 0.463 0.000 0.276 2.270 0.000 0.000 
0 test2fip_consistent 0.393 0.401 2.418 1.799 0.000 0.000 0.090 0.000 0.000 0.000 0.000 0.000 0.000 2.501 0.000 0.000 0.000 4.399 2.235 0.000 0.380 0.000 0.111 0.000 0.000 1.441 2.505 2.033 0.000 0.000 1.843 0.000 1.026 1.790 0.000 0.000 0.000 0.113 0.000 1.186 
1 test2fip_inconsistent 0.393 0.401 2.418 1.799 0.000 0.000 0.090 0.000 0.000 0.000 0.000 0.000 0.000 2.501 0.000 0.000 0.000 4.399 2.235 0.000 0.326 0.000 2.989 1.329 0.251 0.985 1.538 0.398 0.000 0.000 1.659 0.000 0.774 4.076 0.000 0.000 0.000 4.400 0.000 0.615 
0 test2fip_consistent 0.199 0.000 0.000 0.089 0.000 1.017 0.006 2.599 3.187 0.827 0.000 0.000 0.334 2.549 0.000 2.181 1.090 0.000 0.000 0.000 1.510 0.000 1.298 2.270 0.000 0.000 1.696 0.012 0.891 1.406 0.000 0.043 0.000 0.811 0.000 0.851 0.000 0.000 2.041 0.000 
1 test2fip_inconsistent 0.199 0.000 0.000 0.089 0.000 1.017 0.006 2.599 3.187 0.827 0.000 0.000 0.334 2.549 0.000 2.181 1.090 0.000 0.000 0.000 0.560 0.000 0.339 1.356 0.000 1.834 0.000 1.094 3.301 1.014 0.000 0.993 0.654 0.397 0.063 3.903 0.249 0.000 0.826 0.000 
0 test2fip_consistent 0.000 0.101 0.253 2.323 0.087 0.513 0.000 0.000 0.000 3.033 0.457 0.302 2.081 0.000 0.000 0.050 2.478 0.067 1.233 0.440 2.150 0.000 0.677 0.000 1.106 0.000 0.972 0.000 2.554 1.056 0.000 0.000 0.632 1.672 0.000 2.316 0.000 0.000 0.000 0.000 
1 test2fip_inconsistent 0.000 0.101 0.253 2.323 0.087 0.513 0.000 0.000 0.000 3.033 0.457 0.302 2.081 0.000 0.000 0.050 2.478 0.067 1.233 0.440 1.160 0.000 1.150 1.126 0.504 0.000 0.000 0.383 1.054 3.381 0.000 0.000 3.903 1.380 0.000 0.656 0.486 0.000 0.000 0.000 
0 test2fip_consistent 2.335 0.000 0.000 3.696 0.293 0.000 1.729 0.051 0.000 2.284 0.285 0.000 0.139 0.200 0.000 0.000 0.000 0.045 1.427 0.000 0.933 0.000 0.000 0.746 0.000 0.000 1.972 3.075 0.000 0.000 2.138 0.000 0.001 1.892 1.052 0.000 0.000 0.000 0.005 0.031 
1 test2fip_inconsistent 2.335 0.000 0.000 3.696 0.293 0.000 1.729 0.051 0.000 2.284 0.285 0.000 0.139 0.200 0.000 0.000 0.000 0.045 1.427 0.000 0.264 0.000 0.000 4.779 0.000 0.000 1.432 2.510 0.000 2.031 1.973 0.000 0.041 1.317 0.726 0.000 0.000 0.000 2.327 0.000 
0 test2fip_consistent 0.000 0.321 0.000 0.338 0.000 0.000 0.389 0.000 1.491 2.539 0.127 1.530 1.143 0.000 2.439 1.855 0.000 0.594 2.156 2.058 0.000 0.000 0.000 0.000 1.497 0.000 0.109 0.000 1.703 0.657 0.000 0.710 0.000 0.000 0.000 0.000 2.483 0.545 0.196 0.187 
1 test2fip_inconsistent 0.000 0.321 0.000 0.338 0.000 0.000 0.389 0.000 1.491 2.539 0.127 1.530 1.143 0.000 2.439 1.855 0.000 0.594 2.156 2.058 0.000 0.000 0.000 1.042 1.310 0.000 0.000 0.000 1.680 2.822 0.000 0.793 1.426 0.000 2.212 1.626 1.028 0.859 2.364 1.244 
0 test2fip_consistent 2.678 1.837 0.000 0.802 0.000 0.546 0.000 0.000 2.552 1.328 0.000 0.000 3.166 0.000 0.000 0.000 0.000 0.459 1.597 0.285 0.000 0.000 2.759 2.302 2.076 0.992 1.277 0.000 0.000 1.740 0.000 0.000 0.774 0.000 0.033 0.000 1.134 0.000 0.000 0.000 
1 test2fip_inconsistent 2.678 1.837 0.000 0.802 0.000 0.546 0.000 0.000 2.552 1.328 0.000 0.000 3.166 0.000 0.000 0.000 0.000 0.459 1.597 0.285 2.113 1.006 1.349 0.764 1.360 0.867 0.992 0.000 1.379 3.059 0.000 0.000 4.060 0.000 0.000 0.000 0.000 0.000 1.943 0.459 
0 test2fip_consistent 0.297 1.960 0.000 0.000 0.264 0.000 0.151 0.000 1.202 1.034 2.429 3.515 0.000 0.428 3.212 0.000 0.000 0.066 0.000 0.000 0.481 0.064 0.638 0.000 0.000 0.009 0.000 0.000 2.519 0.092 2.100 0.655 0.164 1.227 0.319 0.000 0.000 0.000 0.000 2.272 
1 test2fip_inconsistent 0.297 1.960 0.000 0.000 0.264 0.000 0.151 0.000 1.202 1.034 2.429 3.515 0.000 0.428 3.212 0.000 0.000 0.066 0.000 0.000 2.150 1.757 0.580 0.000 0.000 0.000 0.000 0.000 2.398 0.699 2.693 3.519 0.129 1.944 4.054 0.000 0.000 0.000 0.000 1.424 
0 test2fip_consistent 1.478 2.858 0.000 0.637 0.000 0.000 0.000 1.167 1.190 2.225 1.598 0.000 0.262 0.390 0.000 0.000 0.000 0.000 0.363 3.412 0.000 0.701 0.000 1.950 2.923 0.000 0.000 0.000 1.135 0.000 0.000 0.000 2.879 2.256 0.000 0.000 0.000 0.000 0.098 0.000 
1 test2fip_inconsistent 1.478 2.858 0.000 0.637 0.000 0.000 0.000 1.167 1.190 2.225 1.598 0.000 0.262 0.390 0.000 0.000 0.000 0.000 0.363 3.412 0.000 1.694 0.000 2.503 2.070 0.000 0.000 0.520 3.424 1.158 0.282 0.000 2.561 1.749 0.000 0.000 0.000 0.000 0.000 3.349 
