0 test1dax_consistent 0.000 0.000 0.000 1.445 0.642 2.130 0.000 0.000 0.000 0.856 0.000 0.730 0.003 0.116 0.127 0.000 0.000 0.188 0.000 0.135 0.000 0.919 0.000 0.000 0.000 1.653 0.000 0.000 0.000 3.879 0.000 0.062 0.000 0.000 0.000 3.386 3.401 0.070 0.139 0.000 
1 test1dax_inconsistent 0.000 0.000 0.000 1.445 0.642 2.130 0.000 0.000 0.000 0.856 0.000 0.730 0.003 0.116 0.127 0.000 0.000 0.188 0.000 0.135 0.000 0.714 0.000 0.000 0.434 0.000 0.000 0.000 0.000 1.048 0.000 0.000 0.000 0.000 0.000 0.000 1.332 0.259 0.612 0.702 
0 test1dax_consistent 0.000 1.426 0.000 1.328 1.306 0.880 0.704 0.000 0.000 0.000 0.000 0.000 0.933 0.075 0.730 0.450 0.000 0.257 0.000 0.984 0.000 0.000 0.000 4.205 0.000 1.923 0.000 0.000 0.000 0.000 0.019 1.200 1.000 0.843 0.000 3.311 0.000 0.000 0.000 0.000 
1 test1dax_inconsistent 0.000 1.426 0.000 1.328 1.306 0.880 0.704 0.000 0.000 0.000 0.000 0.000 0.933 0.075 0.730 0.450 0.000 0.257 0.000 0.984 0.310 0.000 0.000 0.404 0.406 1.409 0.000 0.000 0.000 0.000 0.127 0.000 1.122 0.000 0.342 0.581 0.000 0.091 0.000 0.000 
0 test1dax_consistent 1.618 1.130 0.000 1.217 0.000 0.000 0.098 1.082 0.861 0.521 0.000 0.340 0.000 0.000 0.000 0.000 0.000 0.222 0.563 1.066 0.000 3.828 0.000 0.000 0.000 1.205 0.000 0.000 0.000 0.391 0.000 6.135 0.000 0.000 0.098 0.000 0.000 1.365 1.612 1.443 
1 test1dax_inconsistent 1.618 1.130 0.000 1.217 0.000 0.000 0.098 1.082 0.861 0.521 0.000 0.340 0.000 0.000 0.000 0.000 0.000 0.222 0.563 1.066 0.653 2.478 0.192 0.157 0.000 0.474 0.000 0.000 0.000 0.552 0.000 1.505 0.000 0.573 0.451 0.000 0.000 0.797 0.179 0.199 
0 test1dax_consistent 0.926 0.000 0.867 0.549 0.000 0.398 1.353 0.000 0.000 0.529 0.000 0.000 2.267 0.000 0.352 0.000 0.000 1.110 0.000 0.171 2.387 2.105 0.163 1.562 1.395 0.078 0.000 2.613 1.168 2.830 0.000 0.000 1.755 0.000 0.000 0.000 0.000 2.082 0.000 0.308 
1 test1dax_inconsistent 0.926 0.000 0.867 0.549 0.000 0.398 1.353 0.000 0.000 0.529 0.000 0.000 2.267 0.000 0.352 0.000 0.000 1.110 0.000 0.171 0.850 0.502 0.000 0.428 0.180 0.114 0.000 0.690 0.282 0.929 0.000 0.558 0.000 0.000 0.438 0.000 0.000 0.198 0.000 0.044 
0 test1dax_consistent 0.000 0.670 0.990 0.000 0.000 0.000 0.728 0.140 0.217 1.244 1.917 0.277 0.000 0.000 0.854 0.484 0.000 0.000 0.000 0.167 0.256 6.086 1.436 0.000 0.000 1.471 1.216 0.000 0.201 0.000 1.050 3.228 0.000 0.000 1.637 0.000 0.000 0.158 0.000 0.000 
1 test1dax_inconsistent 0.000 0.670 0.990 0.000 0.000 0.000 0.728 0.140 0.217 1.244 1.917 0.277 0.000 0.000 0.854 0.484 0.000 0.000 0.000 0.167 0.234 1.774 0.513 0.000 0.000 0.000 0.000 0.022 0.285 0.677 0.000 2.218 0.000 0.000 0.708 0.000 0.000 0.349 0.000 0.000 
0 test1dax_consistent 1.098 0.000 0.398 0.000 0.517 0.391 1.693 0.833 1.217 0.701 0.174 0.030 0.689 0.000 0.000 0.604 1.345 0.000 0.096 0.147 0.000 2.565 2.348 0.000 2.412 3.570 3.241 0.000 0.000 0.364 0.000 0.447 0.000 0.000 0.000 0.000 1.885 0.000 0.270 0.000 
1 test1dax_inconsistent 1.098 0.000 0.398 0.000 0.517 0.391 1.693 0.833 1.217 0.701 0.174 0.030 0.689 0.000 0.000 0.604 1.345 0.000 0.096 0.147 0.000 0.146 1.075 0.317 0.129 0.875 0.324 0.052 0.000 0.037 0.239 0.210 0.727 0.000 0.000 0.000 0.000 0.186 0.000 0.000 
0 test1dax_consistent 1.327 0.000 0.591 0.000 1.465 1.278 0.484 0.741 0.000 0.720 0.000 0.000 0.000 0.000 0.000 0.822 0.000 0.913 0.000 0.000 0.686 2.692 0.105 0.000 1.580 1.945 1.191 3.921 0.000 0.000 0.000 0.000 0.000 0.689 3.465 0.000 0.000 3.658 0.000 0.000 
1 test1dax_inconsistent 1.327 0.000 0.591 0.000 1.465 1.278 0.484 0.741 0.000 0.720 0.000 0.000 0.000 0.000 0.000 0.822 0.000 0.913 0.000 0.000 0.665 1.663 0.756 0.000 0.554 0.000 0.456 1.821 0.000 0.000 0.000 0.000 0.000 0.495 0.563 0.058 0.000 0.723 0.266 0.000 
0 test1dax_consistent 0.441 0.727 0.000 0.888 1.019 0.942 0.000 0.048 0.000 1.795 0.822 0.000 0.143 0.000 0.000 0.046 0.000 2.023 0.089 0.863 0.000 0.284 0.003 0.019 0.814 0.000 0.000 0.000 2.313 0.843 1.825 0.000 0.000 0.000 0.000 0.027 0.000 0.516 0.000 6.580 
1 test1dax_inconsistent 0.441 0.727 0.000 0.888 1.019 0.942 0.000 0.048 0.000 1.795 0.822 0.000 0.143 0.000 0.000 0.046 0.000 2.023 0.089 0.863 0.279 0.192 0.000 0.000 0.650 0.000 0.000 0.296 1.252 1.002 0.198 0.000 0.054 0.008 0.000 0.106 0.000 0.754 0.000 1.464 
0 test1dax_consistent 0.000 0.045 1.028 0.000 0.000 0.000 1.414 0.498 0.421 0.000 1.160 1.693 0.000 0.653 1.270 0.305 0.540 0.000 0.374 0.760 0.000 0.000 1.146 0.000 0.000 0.000 0.981 0.000 0.000 0.000 2.091 3.245 0.000 2.358 4.945 1.188 0.680 1.714 0.000 1.019 
1 test1dax_inconsistent 0.000 0.045 1.028 0.000 0.000 0.000 1.414 0.498 0.421 0.000 1.160 1.693 0.000 0.653 1.270 0.305 0.540 0.000 0.374 0.760 0.016 0.000 0.000 0.000 0.001 0.218 0.295 0.255 0.086 0.000 0.887 0.653 0.000 0.830 1.594 0.607 0.000 0.615 0.271 1.281 
0 test1dax_consistent 0.000 1.678 0.000 0.000 0.000 0.000 0.281 0.003 0.307 0.000 0.000 2.229 0.000 1.108 0.000 0.470 0.000 0.165 0.129 0.176 3.740 1.374 1.004 0.000 0.000 3.969 0.000 0.203 0.000 0.000 0.534 0.000 0.000 0.000 1.809 0.000 0.391 1.300 0.000 0.000 
1 test1dax_inconsistent 0.000 1.678 0.000 0.000 0.000 0.000 0.281 0.003 0.307 0.000 0.000 2.229 0.000 1.108 0.000 0.470 0.000 0.165 0.129 0.176 1.422 0.523 0.000 0.000 0.000 1.086 0.307 0.676 0.000 0.449 0.000 0.000 0.000 0.000 0.000 0.000 0.000 0.687 0.000 0.000 
0 test1dax_consistent 0.544 1.522 0.000 0.104 0.026 0.000 1.679 0.791 0.000 0.318 0.313 0.977 0.000 0.000 0.390 0.000 1.619 0.722 0.000 0.166 2.490 0.000 0.000 0.000 0.000 0.000 3.856 2.616 0.000 0.000 0.316 0.000 0.856 0.000 1.417 1.751 0.124 3.560 0.859 0.000 
1 test1dax_inconsistent 0.544 1.522 0.000 0.104 0.026 0.000 1.679 0.791 0.000 0.318 0.313 0.977 0.000 0.000 0.390 0.000 1.619 0.722 0.000 0.166 0.558 1.049 0.000 0.123 0.000 0.000 1.030 1.035 0.000 0.000 0.038 0.511 0.012 0.000 0.289 0.865 0.000 0.773 0.000 0.000 
0 test1dax_consistent 0.359 0.000 0.000 0.400 0.106 0.000 0.000 1.558 0.276 0.944 0.000 0.000 0.136 0.383 0.018 2.251 0.000 0.496 0.000 1.026 4.644 0.000 1.512 0.000 0.053 0.000 2.400 0.299 0.000 0.000 0.000 0.000 1.096 1.719 0.000 1.725 0.000 0.229 0.000 2.026 
1 test1dax_inconsistent 0.359 0.000 0.000 0.400 0.106 0.000 0.000 1.558 0.276 0.944 0.000 0.000 0.136 0.383 0.018 2.251 0.000 0.496 0.000 1.026 1.255 0.000 1.054 0.000 0.000 0.000 0.553 0.841 0.000 0.003 0.000 0.000 1.072 0.000 0.000 0.570 0.442 0.714 0.000 0.217 
0 test1dax_consistent 0.000 0.385 0.069 0.881 0.000 0.907 1.503 0.445 0.000 0.685 0.000 0.716 0.000 0.000 0.000 0.000 0.091 1.209 0.766 1.066 4.261 3.457 0.000 0.000 0.153 2.133 1.148 0.000 0.908 0.000 2.017 0.000 0.000 0.000 0.000 0.000 0.000 0.532 0.000 2.047 
1 test1dax_inconsistent 0.000 0.385 0.069 0.881 0.000 0.907 1.503 0.445 0.000 0.685 0.000 0.716 0.000 0.000 0.000 0.000 0.091 1.209 0.766 1.066 0.606 0.861 0.427 0.343 0.008 0.864 0.551 0.000 0.879 0.000 0.624 0.000 0.000 0.000 0.000 0.000 0.000 1.147 0.373 0.860 
0 test1dax_consistent 0.000 0.581 1.302 0.182 0.324 0.000 0.163 0.930 0.097 0.000 0.000 0.734 0.375 0.354 0.000 1.555 0.259 1.447 0.000 0.670 0.000 0.000 3.550 0.033 0.000 0.000 0.000 0.000 3.673 0.000 0.000 1.399 0.000 1.283 0.000 0.000 0.000 0.000 3.484 1.327 
1 test1dax_inconsistent 0.000 0.581 1.302 0.182 0.324 0.000 0.163 0.930 0.097 0.000 0.000 0.734 0.375 0.354 0.000 1.555 0.259 1.447 0.000 0.670 0.000 0.200 0.266 0.098 0.912 0.000 0.294 0.286 1.360 0.000 0.054 0.729 0.000 0.813 0.000 0.087 0.000 0.000 0.393 0.735 
0 test1dax_consistent 0.041 0.292 0.000 0.231 0.000 0.076 0.194 0.000 1.038 0.019 0.000 0.064 0.001 1.379 0.458 1.971 0.142 0.017 1.204 0.025 0.380 1.873 0.000 0.000 1.309 0.360 1.524 0.000 0.000 0.549 0.000 0.000 6.018 0.000 0.000 0.000 0.063 3.520 0.000 0.000 
1 test1dax_inconsistent 0.041 0.292 0.000 0.231 0.000 0.076 0.194 0.000 1.038 0.019 0.000 0.064 0.001 1.379 0.458 1.971 0.142 0.017 1.204 0.025 0.197 0.126 0.000 0.032 0.797 0.396 1.786 0.000 0.043 0.096 0.000 0.000 1.251 0.000 0.000 0.000 0.050 1.107 0.000 0.053 
0 test1dax_consistent 0.000 0.476 0.000 1.142 0.000 0.668 0.000 1.481 1.001 0.503 0.000 0.881 1.007 0.528 0.033 0.665 0.000 1.241 0.494 0.253 0.000 0.157 0.000 0.416 0.000 0.000 0.189 5.115 1.761 0.966 0.000 0.000 1.370 2.229 0.000 0.000 2.110 1.482 2.062 0.000 
1 test1dax_inconsistent 0.000 0.476 0.000 1.142 0.000 0.668 0.000 1.481 1.001 0.503 0.000 0.881 1.007 0.528 0.033 0.665 0.000 1.241 0.494 0.253 0.000 0.242 0.000 0.000 0.000 0.046 0.354 1.358 0.996 1.208 0.000 0.087 1.201 0.179 0.219 0.000 1.158 0.000 0.000 0.000 
0 test1dax_consistent 0.000 0.280 0.837 0.235 1.065 0.256 0.200 0.000 0.073 0.000 0.443 0.153 0.870 0.384 0.721 0.000 0.549 0.812 1.861 0.705 0.000 0.000 0.000 5.535 0.000 0.000 0.000 0.000 1.789 1.353 1.187 2.343 1.725 0.000 0.078 0.000 1.064 2.511 0.000 0.000 
1 test1dax_inconsistent 0.000 0.280 0.837 0.235 1.065 0.256 0.200 0.000 0.073 0.000 0.443 0.153 0.870 0.384 0.721 0.000 0.549 0.812 1.861 0.705 0.000 0.000 0.000 1.221 0.000 0.000 0.000 0.000 0.000 0.706 0.000 1.385 1.368 0.000 1.168 0.000 0.000 0.089 0.000 0.238 
0 test1dax_consistent 0.000 1.252 0.080 0.037 1.280 1.296 0.270 0.000 0.537 0.000 0.564 0.727 1.170 0.000 0.972 0.000 1.192 0.000 0.000 0.044 0.000 0.822 3.535 0.000 2.264 0.000 0.000 0.984 0.000 3.558 0.390 3.142 3.524 1.544 0.000 0.000 0.887 0.000 0.000 0.000 
1 test1dax_inconsistent 0.000 1.252 0.080 0.037 1.280 1.296 0.270 0.000 0.537 0.000 0.564 0.727 1.170 0.000 0.972 0.000 1.192 0.000 0.000 0.044 0.000 1.395 0.816 0.000 1.321 0.000 0.000 0.862 0.000 0.763 0.260 0.561 0.654 0.541 0.015 0.000 0.965 0.000 0.000 0.000 
0 test1dax_consistent 0.558 0.537 0.000 0.000 0.000 0.636 0.603 0.157 0.627 0.881 1.405 1.138 0.811 0.000 0.439 0.000 0.966 0.839 0.328 0.000 0.000 0.382 0.934 0.000 0.000 0.000 3.169 0.000 0.000 0.000 2.072 0.861 1.147 0.000 3.236 0.901 2.550 0.428 1.490 3.373 
1 test1dax_inconsistent 0.558 0.537 0.000 0.000 0.000 0.636 0.603 0.157 0.627 0.881 1.405 1.138 0.811 0.000 0.439 0.000 0.966 0.839 0.328 0.000 0.667 0.656 0.508 0.000 0.000 0.052 0.601 0.338 0.085 0.052 0.119 0.000 0.534 0.000 0.977 0.194 0.840 0.385 0.356 0.621 
0 test1dax_consistent 0.000 1.195 0.119 0.181 0.000 0.000 0.000 0.000 0.000 0.110 0.000 1.720 0.000 1.053 0.000 0.200 0.455 1.769 0.000 0.000 2.539 0.000 2.503 0.000 0.000 0.000 0.000 2.342 0.000 0.795 0.504 2.765 2.828 0.000 2.954 0.235 0.000 0.135 0.000 1.213 
1 test1dax_inconsistent 0.000 1.195 0.119 0.181 0.000 0.000 0.000 0.000 0.000 0.110 0.000 1.720 0.000 1.053 0.000 0.200 0.455 1.769 0.000 0.000 0.934 0.265 0.425 0.175 0.164 0.425 0.000 0.455 0.000 0.790 0.272 0.148 0.361 0.336 0.631 0.160 0.000 0.000 0.000 0.382 
0 test1dax_consistent 1.013 0.000 0.133 2.352 0.496 1.030 0.000 0.000 0.000 0.201 0.000 0.000 0.097 0.000 0.000 0.417 0.044 0.150 1.033 0.000 0.000 5.128 0.000 2.691 0.000 0.000 0.000 0.000 1.104 0.000 0.000 0.000 0.225 0.000 0.000 2.800 0.000 2.956 0.000 0.000 
1 test1dax_inconsistent 1.013 0.000 0.133 2.352 0.496 1.030 0.000 0.000 0.000 0.201 0.000 0.000 0.097 0.000 0.000 0.417 0.044 0.150 1.033 0.000 0.269 0.984 0.000 0.336 0.066 0.106 0.000 0.088 0.715 0.008 0.000 0.000 0.478 0.000 0.000 1.762 0.000 1.676 0.183 0.000 
0 test1dax_consistent 0.349 0.830 0.000 0.249 1.087 0.690 0.194 0.000 0.000 0.328 0.147 0.000 0.000 0.996 0.000 0.000 0.000 0.000 0.373 2.199 2.677 3.521 0.000 0.000 0.000 3.178 0.254 0.000 0.000 0.000 0.006 0.054 0.000 2.447 2.854 1.393 1.376 0.000 1.424 0.000 
1 test1dax_inconsistent 0.349 0.830 0.000 0.249 1.087 0.690 0.194 0.000 0.000 0.328 0.147 0.000 0.000 0.996 0.000 0.000 0.000 0.000 0.373 2.199 1.744 0.752 0.000 0.000 0.357 0.776 0.480 0.000 0.000 0.000 0.000 0.065 0.000 0.271 1.084 0.000 0.145 0.000 0.560 0.644 
0 test1dax_consistent 0.000 1.074 0.557 0.867 0.000 0.235 0.992 0.268 1.176 0.000 0.711 0.000 0.598 0.709 0.717 1.015 1.381 0.041 0.000 0.453 3.872 0.000 2.381 0.000 0.000 0.000 0.000 2.052 1.253 0.000 0.432 2.186 0.098 0.024 2.279 1.723 0.000 0.317 1.789 1.627 
1 test1dax_inconsistent 0.000 1.074 0.557 0.867 0.000 0.235 0.992 0.268 1.176 0.000 0.711 0.000 0.598 0.709 0.717 1.015 1.381 0.041 0.000 0.453 0.890 0.000 0.649 0.000 0.127 0.075 0.127 0.628 1.225 0.000 0.250 0.535 0.632 0.000 0.358 0.732 0.364 0.256 0.489 0.323 
0 test1dax_consistent 0.922 0.273 0.411 0.000 0.511 0.000 0.259 0.034 0.013 0.000 0.253 0.097 0.220 1.402 0.189 1.274 0.000 1.678 0.000 0.166 0.947 3.100 0.734 0.000 0.000 0.173 3.396 3.508 0.000 0.000 1.164 0.000 0.000 0.000 3.211 2.404 0.031 0.088 0.000 0.000 
1 test1dax_inconsistent 0.922 0.273 0.411 0.000 0.511 0.000 0.259 0.034 0.013 0.000 0.253 0.097 0.220 1.402 0.189 1.274 0.000 1.678 0.000 0.166 1.227 1.680 0.000 0.000 0.000 0.268 0.954 0.302 0.000 0.000 1.115 0.000 0.000 0.000 0.673 0.933 0.220 0.121 0.000 0.103 
0 test1dax_consistent 0.095 0.251 0.576 0.000 0.481 0.179 0.700 1.076 0.000 0.000 0.316 0.399 0.951 1.978 0.121 0.000 0.378 0.488 0.000 0.789 1.672 0.000 3.654 0.000 0.000 1.938 0.000 0.368 3.564 0.000 1.958 1.225 0.000 0.000 0.167 0.000 0.000 0.000 0.000 1.851 
1 test1dax_inconsistent 0.095 0.251 0.576 0.000 0.481 0.179 0.700 1.076 0.000 0.000 0.316 0.399 0.951 1.978 0.121 0.000 0.378 0.488 0.000 0.789 0.244 0.000 1.110 0.000 0.000 0.314 0.599 0.641 0.768 0.000 0.119 0.617 0.000 0.000 0.535 0.000 0.521 0.189 0.000 0.028 
0 test1dax_consistent 0.000 0.342 0.000 0.776 0.000 1.181 0.000 0.000 0.000 0.704 0.280 0.048 0.341 1.299 1.718 0.956 0.325 0.000 0.193 0.254 1.200 0.000 0.000 0.000 0.385 0.000 0.000 0.000 0.000 3.129 2.617 0.000 3.676 0.086 0.078 0.000 0.901 0.999 0.000 3.050 
1 test1dax_inconsistent 0.000 0.342 0.000 0.776 0.000 1.181 0.000 0.000 0.000 0.704 0.280 0.048 0.341 1.299 1.718 0.956 0.325 0.000 0.193 0.254 0.148 0.000 0.000 0.000 0.467 0.000 0.022 0.000 0.000 2.093 0.807 0.000 0.879 0.427 0.424 0.000 0.000 0.000 0.000 0.169 
0 test1dax_consistent 0.000 0.000 0.000 0.000 1.176 0.000 0.387 0.131 0.544 0.932 0.142 0.153 1.443 0.586 0.000 0.145 1.816 0.000 0.159 0.000 0.000 0.000 0.000 0.000 1.807 0.000 0.000 2.343 0.000 0.000 0.000 0.482 2.308 1.307 0.713 0.000 1.019 0.000 5.617 3.631 
1 test1dax_inconsistent 0.000 0.000 0.000 0.000 1.176 0.000 0.387 0.131 0.544 0.932 0.142 0.153 1.443 0.586 0.000 0.145 1.816 0.000 0.159 0.000 0.000 0.000 0.000 0.000 0.873 0.000 0.000 0.775 0.000 0.168 0.000 1.680 0.610 0.375 0.430 0.000 0.000 0.000 1.905 1.081 
0 test1dax_consistent 0.052 0.243 0.000 0.234 0.102 0.120 0.000 0.000 1.283 0.369 0.000 0.000 0.340 0.614 0.000 0.395 1.353 0.724 0.956 0.000 0.166 0.000 0.000 0.000 0.000 0.000 0.439 1.612 0.000 0.000 0.624 2.908 1.611 1.414 0.000 5.027 1.722 0.024 1.018 0.625 
1 test1dax_inconsistent 0.052 0.243 0.000 0.234 0.102 0.120 0.000 0.000 1.283 0.369 0.000 0.000 0.340 0.614 0.000 0.395 1.353 0.724 0.956 0.000 0.623 0.000 0.000 0.000 0.000 0.000 0.122 1.536 0.000 0.000 0.000 0.662 0.024 0.000 0.000 0.963 0.669 0.520 0.631 0.000 
0 test1dax_consistent 1.187 0.475 0.455 0.000 0.852 0.000 1.274 1.093 0.004 1.070 0.502 0.000 1.200 0.000 0.191 0.022 0.302 0.788 0.214 0.000 2.386 0.096 0.000 0.145 2.031 0.000 0.000 0.000 0.000 2.307 1.034 0.000 0.529 0.000 5.404 0.000 0.893 1.887 0.137 0.000 
1 test1dax_inconsistent 1.187 0.475 0.455 0.000 0.852 0.000 1.274 1.093 0.004 1.070 0.502 0.000 1.200 0.000 0.191 0.022 0.302 0.788 0.214 0.000 1.942 0.766 0.000 0.000 0.367 0.000 0.107 0.043 0.000 0.973 0.484 0.000 0.505 0.000 1.426 0.000 0.649 0.000 0.000 0.000 
0 test1dax_consistent 0.000 1.451 0.000 0.000 0.408 0.000 0.000 0.000 0.000 0.904 2.144 0.000 1.813 0.947 0.000 0.000 0.243 0.000 0.093 0.005 3.463 0.000 0.000 1.927 0.000 0.000 0.000 0.000 1.374 3.107 0.000 2.511 0.000 0.000 0.000 0.000 0.000 0.000 2.175 0.330 
1 test1dax_inconsistent 0.000 1.451 0.000 0.000 0.408 0.000 0.000 0.000 0.000 0.904 2.144 0.000 1.813 0.947 0.000 0.000 0.243 0.000 0.093 0.005 1.008 0.764 0.000 0.000 0.000 0.000 0.000 0.000 0.099 1.311 0.588 0.646 0.179 0.114 0.000 0.072 0.499 0.000 0.334 0.000 
0 test1dax_consistent 0.000 0.331 0.464 0.903 0.000 1.510 0.000 0.000 0.020 0.078 0.340 1.325 1.267 0.000 0.000 0.893 0.643 0.835 0.000 0.101 0.000 0.015 3.983 0.000 0.000 0.000 0.016 0.000 0.000 0.000 2.809 2.686 3.750 1.517 0.000 0.975 0.209 0.000 0.000 0.000 
1 test1dax_inconsistent 0.000 0.331 0.464 0.903 0.000 1.510 0.000 0.000 0.020 0.078 0.340 1.325 1.267 0.000 0.000 0.893 0.643 0.835 0.000 0.101 0.000 0.275 1.718 0.171 0.000 0.000 0.029 0.000 0.000 0.000 1.487 1.091 0.459 0.561 0.000 0.960 1.018 0.457 0.000 0.078 
0 test1dax_consistent 0.000 0.889 1.903 0.727 0.105 0.000 0.084 0.000 0.000 0.087 0.000 0.722 1.978 0.000 1.088 0.067 0.010 0.000 0.000 0.000 0.000 0.000 0.000 0.491 0.023 0.000 0.721 3.998 3.225 2.004 2.028 0.917 2.490 0.977 2.255 2.821 0.000 0.000 0.000 0.000 
1 test1dax_inconsistent 0.000 0.889 1.903 0.727 0.105 0.000 0.084 0.000 0.000 0.087 0.000 0.722 1.978 0.000 1.088 0.067 0.010 0.000 0.000 0.000 0.000 0.631 0.179 0.000 0.005 0.000 0.961 1.311 0.691 0.191 0.269 0.851 0.779 0.043 0.257 0.732 0.000 0.000 0.000 0.000 
0 test1dax_consistent 0.000 0.290 0.000 0.089 0.768 1.326 0.000 0.269 0.000 0.879 0.098 0.000 0.000 0.455 2.845 0.000 0.000 0.005 0.017 0.162 0.121 0.004 0.021 0.000 0.000 1.613 0.000 0.000 0.000 0.000 5.628 0.000 0.000 2.420 1.545 0.000 1.108 1.345 0.000 0.000 
1 test1dax_inconsistent 0.000 0.290 0.000 0.089 0.768 1.326 0.000 0.269 0.000 0.879 0.098 0.000 0.000 0.455 2.845 0.000 0.000 0.005 0.017 0.162 0.402 0.202 0.144 0.000 0.000 0.459 0.000 0.053 0.000 0.000 1.596 0.000 0.000 0.218 0.045 0.000 0.000 0.385 0.609 0.000 
0 test1dax_consistent 0.587 0.000 0.757 1.367 0.697 1.184 0.109 0.000 0.000 0.000 0.387 0.000 1.606 0.118 0.905 0.000 0.000 0.278 0.000 0.790 0.000 4.900 0.738 3.641 0.000 0.000 0.000 0.000 0.000 2.477 0.000 0.058 1.628 1.953 0.537 3.337 0.725 0.160 0.000 0.000 
1 test1dax_inconsistent 0.587 0.000 0.757 1.367 0.697 1.184 0.109 0.000 0.000 0.000 0.387 0.000 1.606 0.118 0.905 0.000 0.000 0.278 0.000 0.790 0.209 1.539 0.405 0.923 0.000 0.115 0.000 0.134 0.000 0.000 0.262 0.252 0.251 0.933 0.406 1.533 0.067 0.363 0.000 0.737 
0 test1dax_consistent 0.149 0.000 0.000 1.840 0.267 0.000 0.000 0.000 0.414 0.204 1.297 0.808 0.188 1.162 0.000 0.397 0.268 0.507 0.331 0.000 0.000 0.000 0.000 1.821 0.000 0.000 0.000 0.000 0.000 3.319 0.001 3.375 4.594 0.154 0.000 0.000 0.818 1.898 0.907 0.000 
1 test1dax_inconsistent 0.149 0.000 0.000 1.840 0.267 0.000 0.000 0.000 0.414 0.204 1.297 0.808 0.188 1.162 0.000 0.397 0.268 0.507 0.331 0.000 0.000 0.000 0.000 0.660 0.000 0.000 0.087 0.000 0.474 0.210 0.000 0.603 2.246 0.565 0.000 0.551 0.000 0.417 0.310 0.000 
0 test1dax_consistent 0.148 0.000 0.298 0.000 0.000 0.000 0.892 0.000 0.622 0.766 0.510 0.653 0.000 0.000 0.000 0.192 2.296 0.000 1.068 0.000 4.049 0.000 0.000 0.000 0.132 1.379 1.004 0.049 0.000 4.981 1.573 0.171 0.000 0.000 0.000 0.000 3.543 0.000 0.000 1.383 
1 test1dax_inconsistent 0.148 0.000 0.298 0.000 0.000 0.000 0.892 0.000 0.622 0.766 0.510 0.653 0.000 0.000 0.000 0.192 2.296 0.000 1.068 0.000 0.986 0.000 0.025 0.589 0.310 0.290 0.029 0.363 0.472 1.991 0.000 0.000 0.013 0.241 0.000 0.326 0.152 0.000 0.474 0.000 
0 test1dax_consistent 0.752 0.203 0.340 0.000 0.000 0.000 1.192 0.000 1.563 0.125 0.000 0.000 0.423 0.713 0.000 0.000 0.224 0.529 0.841 1.808 4.126 0.000 0.000 0.000 0.000 2.713 3.127 0.000 3.399 0.647 0.000 0.954 2.168 1.823 0.000 0.000 0.000 0.000 0.000 2.347 
1 test1dax_inconsistent 0.752 0.203 0.340 0.000 0.000 0.000 1.192 0.000 1.563 0.125 0.000 0.000 0.423 0.713 0.000 0.000 0.224 0.529 0.841 1.808 1.214 0.000 0.219 0.000 0.000 1.321 0.426 0.000 0.283 0.640 0.000 0.000 0.963 1.152 0.000 0.011 0.000 0.000 0.724 1.087 
0 test1dax_consistent 0.000 0.529 1.173 0.000 0.176 0.000 1.148 0.475 0.000 0.496 0.297 0.000 0.000 0.121 0.839 0.373 1.437 0.350 0.694 1.515 1.146 1.669 3.329 0.000 0.000 0.000 2.106 2.593 0.000 0.000 3.566 0.041 0.000 0.000 0.798 0.000 0.855 0.232 0.000 0.960 
1 test1dax_inconsistent 0.000 0.529 1.173 0.000 0.176 0.000 1.148 0.475 0.000 0.496 0.297 0.000 0.000 0.121 0.839 0.373 1.437 0.350 0.694 1.515 0.000 1.179 0.263 0.123 0.000 0.192 0.540 1.267 0.000 0.000 0.000 0.472 0.389 0.000 0.000 0.073 0.003 0.735 0.350 0.379 
0 test1dax_consistent 0.077 0.135 0.401 0.162 0.000 1.230 0.000 1.228 0.000 0.000 1.834 0.562 0.069 0.850 0.656 0.414 0.562 0.103 0.000 0.000 0.000 1.226 1.260 3.236 0.398 1.563 0.000 0.000 0.000 0.000 0.000 2.925 3.746 0.038 0.000 0.000 3.925 0.000 0.000 0.000 
1 test1dax_inconsistent 0.077 0.135 0.401 0.162 0.000 1.230 0.000 1.228 0.000 0.000 1.834 0.562 0.069 0.850 0.656 0.414 0.562 0.103 0.000 0.000 0.000 0.117 0.000 1.415 0.191 0.070 0.000 0.000 0.415 0.000 0.458 0.651 1.763 0.289 0.183 0.643 0.862 0.000 0.000 0.000 
0 test1dax_consistent 2.206 0.000 0.000 0.594 0.156 0.193 0.178 0.000 0.000 0.421 0.000 0.000 1.825 0.000 0.720 0.034 0.000 0.000 0.008 0.000 0.000 0.000 0.000 2.947 0.000 0.000 0.071 0.000 0.000 0.501 0.000 3.990 3.664 0.542 2.908 0.365 0.000 0.000 0.000 0.000 
1 test1dax_inconsistent 2.206 0.000 0.000 0.594 0.156 0.193 0.178 0.000 0.000 0.421 0.000 0.000 1.825 0.000 0.720 0.034 0.000 0.000 0.008 0.000 0.000 0.000 0.262 0.370 0.000 0.110 0.000 0.288 0.195 0.000 0.000 1.016 1.134 1.102 0.388 0.345 0.000 0.000 0.000 0.000 
0 test1dax_consistent 1.246 0.004 0.000 0.000 0.244 0.000 0.000 0.252 0.000 0.000 0.863 0.000 1.222 1.663 0.879 0.116 0.000 0.212 1.886 0.000 0.000 0.000 0.000 0.000 1.972 2.300 4.415 1.006 0.000 0.071 5.082 0.000 0.000 0.000 0.230 0.000 0.000 0.000 1.351 1.469 
1 test1dax_inconsistent 1.246 0.004 0.000 0.000 0.244 0.000 0.000 0.252 0.000 0.000 0.863 0.000 1.222 1.663 0.879 0.116 0.000 0.212 1.886 0.000 0.233 0.000 0.000 0.023 1.081 0.183 0.923 0.910 0.000 0.223 1.797 0.047 0.000 0.000 0.177 0.864 0.000 0.000 0.340 0.227 
0 test1dax_consistent 0.000 0.000 1.300 0.000 0.956 0.840 0.000 1.432 1.321 0.000 0.000 0.273 0.797 0.125 0.921 0.000 0.000 0.344 1.274 0.000 0.000 0.300 4.777 0.000 0.000 2.471 0.000 1.515 0.827 0.000 0.000 0.000 1.601 0.988 2.545 1.262 0.000 0.000 0.277 0.000 
1 test1dax_inconsistent 0.000 0.000 1.300 0.000 0.956 0.840 0.000 1.432 1.321 0.000 0.000 0.273 0.797 0.125 0.921 0.000 0.000 0.344 1.274 0.000 0.000 0.000 1.080 0.245 0.112 0.165 0.000 0.098 0.084 0.000 0.000 0.212 0.000 0.000 1.529 1.000 0.000 0.000 0.000 0.000 
0 test1dax_consistent 0.000 0.000 1.818 0.000 1.893 0.000 0.313 0.023 0.732 1.162 1.405 0.000 0.782 0.000 0.013 0.213 0.000 0.000 0.046 0.629 0.000 0.000 1.765 0.000 1.222 4.988 0.034 1.887 0.000 2.826 2.910 0.000 0.000 0.000 0.261 0.648 0.000 1.816 0.000 3.215 
1 test1dax_inconsistent 0.000 0.000 1.818 0.000 1.893 0.000 0.313 0.023 0.732 1.162 1.405 0.000 0.782 0.000 0.013 0.213 0.000 0.000 0.046 0.629 0.000 0.464 1.600 0.000 0.000 1.907 0.000 0.410 0.000 0.507 0.879 0.000 0.000 0.000 0.300 0.772 0.000 0.634 0.000 0.797 
0 test1dax_consistent 1.175 0.525 0.000 0.215 0.229 1.053 0.075 0.604 0.000 0.963 1.893 0.358 0.000 1.183 0.000 0.000 0.000 0.383 0.000 0.465 0.095 3.095 0.000 1.755 3.938 0.000 0.000 0.556 0.066 0.000 0.000 0.198 0.000 2.914 0.000 0.000 0.000 3.399 2.356 0.211 
1 test1dax_inconsistent 1.175 0.525 0.000 0.215 0.229 1.053 0.075 0.604 0.000 0.963 1.893 0.358 0.000 1.183 0.000 0.000 0.000 0.383 0.000 0.465 1.004 0.436 0.213 1.130 0.533 0.601 0.108 0.473 0.000 0.000 0.069 0.163 0.000 0.555 0.000 0.000 0.000 1.766 1.335 0.517 
0 test1dax_consistent 0.308 0.000 0.574 0.000 0.996 1.654 0.000 0.579 0.513 0.431 1.623 0.019 0.921 0.000 0.126 0.720 0.107 0.000 0.000 0.000 0.969 0.000 1.297 0.000 0.000 0.710 0.000 2.861 0.000 0.000 0.000 1.583 0.000 0.145 4.641 3.211 0.211 0.000 0.019 0.000 
1 test1dax_inconsistent 0.308 0.000 0.574 0.000 0.996 1.654 0.000 0.579 0.513 0.431 1.623 0.019 0.921 0.000 0.126 0.720 0.107 0.000 0.000 0.000 0.949 0.000 0.891 0.000 0.000 1.226 0.000 0.404 0.143 0.106 0.000 0.088 0.371 0.000 1.527 0.608 0.300 0.000 0.337 0.000 
0 test1dax_consistent 0.703 0.124 0.232 0.228 0.000 0.000 0.056 0.433 0.000 0.000 1.591 0.097 0.119 0.872 0.000 0.928 1.514 0.000 0.993 0.497 0.475 0.000 0.000 0.152 0.000 0.000 0.000 0.000 0.000 0.000 3.140 1.224 0.000 0.000 2.252 0.000 0.000 0.000 5.540 0.725 
1 test1dax_inconsistent 0.703 0.124 0.232 0.228 0.000 0.000 0.056 0.433 0.000 0.000 1.591 0.097 0.119 0.872 0.000 0.928 1.514 0.000 0.993 0.497 0.000 0.000 0.000 0.277 0.000 0.000 0.050 0.000 0.000 0.000 0.873 1.526 0.013 0.083 1.337 0.000 0.202 0.000 0.856 1.169 
0 test1dax_consistent 0.000 0.000 0.852 0.000 2.284 0.000 0.059 0.710 0.000 0.487 0.000 0.204 0.000 0.000 0.000 0.000 0.779 0.811 0.000 0.616 0.000 0.000 0.000 0.000 6.314 0.515 0.000 0.000 0.000 0.000 2.153 0.000 0.914 0.000 0.682 0.122 0.000 2.128 0.000 1.240 
1 test1dax_inconsistent 0.000 0.000 0.852 0.000 2.284 0.000 0.059 0.710 0.000 0.487 0.000 0.204 0.000 0.000 0.000 0.000 0.779 0.811 0.000 0.616 0.000 0.000 0.000 0.000 1.233 0.295 0.000 0.000 0.000 0.000 1.051 0.000 0.420 0.000 0.652 0.297 0.000 1.216 0.000 0.427 
0 test1dax_consistent 0.000 0.074 0.383 0.069 1.090 0.000 0.723 0.309 0.000 1.429 0.000 1.174 0.008 0.000 0.000 1.252 0.000 0.000 0.432 0.057 0.000 0.000 0.555 0.000 1.369 0.157 0.872 0.000 5.786 0.000 0.000 0.000 1.661 0.000 0.000 0.000 0.000 0.533 0.000 2.525 
1 test1dax_inconsistent 0.000 0.074 0.383 0.069 1.090 0.000 0.723 0.309 0.000 1.429 0.000 1.174 0.008 0.000 0.000 1.252 0.000 0.000 0.432 0.057 0.000 0.392 1.042 0.169 0.000 0.000 0.416 0.000 0.839 0.133 0.000 0.000 0.528 0.208 0.000 0.000 0.000 0.000 0.000 1.033 
0 test1dax_consistent 0.428 0.000 1.520 0.000 0.251 1.671 0.305 1.190 0.542 0.000 0.965 0.000 0.133 0.490 0.000 0.416 0.147 0.035 0.551 0.587 0.000 0.000 0.000 0.000 0.000 2.437 0.000 0.000 0.052 0.000 3.888 0.000 0.466 5.960 0.000 0.989 0.000 0.000 0.000 0.000 
1 test1dax_inconsistent 0.428 0.000 1.520 0.000 0.251 1.671 0.305 1.190 0.542 0.000 0.965 0.000 0.133 0.490 0.000 0.416 0.147 0.035 0.551 0.587 0.069 0.000 0.000 0.000 0.000 0.000 0.000 0.000 0.071 0.000 0.732 0.000 0.126 2.401 0.000 0.560 0.000 0.000 0.212 0.000 
0 test1dax_consistent 0.000 0.000 1.152 0.902 0.489 0.317 0.357 1.293 1.274 0.693 1.683 0.608 0.294 0.220 0.000 1.067 0.000 0.122 0.000 0.185 0.000 2.624 1.187 2.372 0.000 0.000 0.166 1.071 0.000 1.754 4.147 0.444 0.000 2.670 0.000 0.851 1.399 1.948 0.001 0.000 
1 test1dax_inconsistent 0.000 0.000 1.152 0.902 0.489 0.317 0.357 1.293 1.274 0.693 1.683 0.608 0.294 0.220 0.000 1.067 0.000 0.122 0.000 0.185 0.000 0.512 0.000 0.330 0.000 0.000 0.424 0.531 0.000 0.241 1.750 1.460 0.267 0.347 0.199 0.328 0.272 0.287 0.013 0.061 
0 test1dax_consistent 0.000 0.000 0.337 0.000 0.804 0.413 0.051 0.000 1.101 1.184 0.094 0.110 0.531 0.046 0.510 0.000 2.374 0.605 0.324 0.000 0.000 0.000 0.000 0.000 0.000 0.000 0.000 2.703 1.083 0.000 0.000 0.257 1.228 0.478 4.824 0.000 0.741 2.029 1.608 0.000 
1 test1dax_inconsistent 0.000 0.000 0.337 0.000 0.804 0.413 0.051 0.000 1.101 1.184 0.094 0.110 0.531 0.046 0.510 0.000 2.374 0.605 0.324 0.000 0.014 0.000 0.023 0.000 0.000 0.286 0.000 1.597 0.849 0.000 0.000 0.673 1.415 0.709 1.340 0.000 0.000 0.000 0.332 0.000 
0 test1dax_consistent 0.122 0.638 0.000 0.073 1.286 1.401 0.708 0.000 0.518 0.526 0.860 0.136 0.000 0.000 0.022 1.223 0.000 0.227 0.000 0.912 2.837 1.354 0.248 0.000 0.000 0.000 3.305 0.000 0.000 0.023 0.179 0.000 1.859 0.224 0.000 4.307 0.000 2.419 0.000 0.000 
1 test1dax_inconsistent 0.122 0.638 0.000 0.073 1.286 1.401 0.708 0.000 0.518 0.526 0.860 0.136 0.000 0.000 0.022 1.223 0.000 0.227 0.000 0.912 1.678 0.000 0.668 0.000 0.000 0.493 0.478 0.000 0.000 0.217 0.169 0.000 0.329 0.025 0.000 0.611 0.000 1.241 0.000 0.000 
0 test1dax_consistent 0.545 0.000 0.052 0.026 0.000 0.698 0.178 0.090 0.296 0.031 0.730 0.636 0.000 0.000 0.140 1.784 0.000 0.448 1.435 0.272 3.425 0.000 0.000 0.000 0.000 0.049 0.000 0.000 2.113 0.079 0.000 0.000 1.047 1.353 0.000 1.372 0.000 4.112 2.791 0.000 
1 test1dax_inconsistent 0.545 0.000 0.052 0.026 0.000 0.698 0.178 0.090 0.296 0.031 0.730 0.636 0.000 0.000 0.140 1.784 0.000 0.448 1.435 0.272 0.357 0.259 0.000 0.086 0.036 0.000 0.072 0.000 0.000 0.040 0.000 0.127 0.614 0.456 0.000 0.789 0.000 1.464 0.665 0.425 
0 test1dax_consistent 0.239 0.000 1.379 0.000 0.214 0.000 0.412 0.000 1.276 0.000 1.028 0.000 1.238 0.000 1.118 0.131 0.382 0.028 0.387 1.219 0.000 0.000 1.472 0.000 2.493 0.000 0.000 0.000 2.693 3.006 0.729 0.000 0.000 1.861 0.982 4.301 0.067 0.000 0.000 2.213 
1 test1dax_inconsistent 0.239 0.000 1.379 0.000 0.214 0.000 0.412 0.000 1.276 0.000 1.028 0.000 1.238 0.000 1.118 0.131 0.382 0.028 0.387 1.219 0.000 0.553 1.480 0.000 0.307 0.000 0.000 0.000 1.643 0.210 0.722 0.000 0.000 1.155 0.000 0.699 0.000 0.000 0.000 0.889 
0 test1dax_consistent 1.439 0.714 0.000 0.080 1.747 0.000 0.596 0.349 0.084 1.542 0.000 0.381 0.241 0.000 0.000 0.181 0.000 0.000 0.092 0.238 4.454 0.000 0.000 0.000 0.000 0.000 0.000 2.477 0.000 0.154 0.045 4.018 3.628 0.000 1.150 4.291 0.000 0.000 0.000 0.000 
1 test1dax_inconsistent 1.439 0.714 0.000 0.080 1.747 0.000 0.596 0.349 0.084 1.542 0.000 0.381 0.241 0.000 0.000 0.181 0.000 0.000 0.092 0.238 1.241 0.000 0.000 0.000 0.000 0.000 0.000 1.411 0.000 0.890 0.468 0.550 0.716 0.000 0.913 2.134 0.000 0.000 0.103 0.000 
0 test1dax_consistent 0.000 0.329 0.000 1.616 0.147 1.355 1.392 0.150 0.000 0.000 0.684 0.942 0.503 0.115 0.000 0.497 0.563 0.910 0.000 0.000 0.000 5.832 0.046 0.000 0.000 0.000 3.280 1.161 1.200 0.000 0.000 0.000 0.202 0.010 0.000 0.006 0.000 0.077 0.000 0.968 
1 test1dax_inconsistent 0.000 0.329 0.000 1.616 0.147 1.355 1.392 0.150 0.000 0.000 0.684 0.942 0.503 0.115 0.000 0.497 0.563 0.910 0.000 0.000 0.123 1.298 0.120 0.036 0.000 0.000 0.927 0.910 0.000 0.000 0.000 0.000 0.404 0.000 0.000 0.328 0.000 0.000 0.000 1.228 
0 test1dax_consistent 0.000 0.000 0.003 0.025 0.000 0.971 0.000 0.000 0.000 0.000 0.868 0.889 0.000 0.107 0.000 2.213 1.294 0.000 0.000 0.186 2.645 0.000 0.000 0.070 0.000 3.921 3.105 1.423 4.276 0.000 0.706 0.000 0.000 1.542 0.000 0.000 0.000 0.040 0.000 2.449 
1 test1dax_inconsistent 0.000 0.000 0.003 0.025 0.000 0.971 0.000 0.000 0.000 0.000 0.868 0.889 0.000 0.107 0.000 2.213 1.294 0.000 0.000 0.186 0.200 0.000 0.061 0.283 0.000 1.954 0.473 0.163 1.146 0.145 0.573 0.000 0.000 0.000 0.000 0.000 0.371 0.000 0.106 0.758 
0 test1dax_consistent 0.000 0.000 0.000 0.000 0.000 0.000 0.000 0.000 2.068 0.000 0.731 1.315 1.080 0.871 0.657 0.000 0.000 0.508 0.742 0.000 0.000 2.986 3.350 0.000 0.000 3.757 2.246 0.693 0.127 0.000 0.000 0.000 0.000 0.682 0.240 0.740 1.908 2.249 1.377 0.000 
1 test1dax_inconsistent 0.000 0.000 0.000 0.000 0.000 0.000 0.000 0.000 2.068 0.000 0.731 1.315 1.080 0.871 0.657 0.000 0.000 0.508 0.742 0.000 0.000 0.456 0.751 0.000 0.000 0.969 1.260 0.909 0.000 0.000 0.568 0.000 0.000 0.151 0.312 0.000 1.031 0.302 0.838 0.000 
0 test1dax_consistent 0.737 1.192 0.435 0.000 0.000 0.000 0.000 0.000 0.865 1.627 0.899 0.000 0.000 0.000 0.559 0.000 0.000 1.809 0.567 0.615 0.336 1.444 2.611 3.308 0.000 0.000 0.000 0.000 2.312 0.000 0.120 0.000 2.957 0.000 0.317 0.000 0.000 1.870 0.778 2.995 
1 test1dax_inconsistent 0.737 1.192 0.435 0.000 0.000 0.000 0.000 0.000 0.865 1.627 0.899 0.000 0.000 0.000 0.559 0.000 0.000 1.809 0.567 0.615 0.857 0.000 0.000 0.475 0.000 0.095 0.000 0.064 0.372 0.276 0.209 0.000 0.748 0.000 0.652 0.000 0.233 0.270 0.104 1.453 
0 test1dax_consistent 1.229 1.390 1.293 0.000 0.000 0.000 0.000 1.412 0.710 0.000 0.000 0.000 1.072 0.000 0.277 0.474 0.000 0.117 0.904 0.270 0.484 0.662 0.955 3.769 2.634 0.144 0.000 0.915 0.000 3.929 0.000 0.000 0.000 0.000 2.292 1.212 1.204 0.000 0.000 0.664 
1 test1dax_inconsistent 1.229 1.390 1.293 0.000 0.000 0.000 0.000 1.412 0.710 0.000 0.000 0.000 1.072 0.000 0.277 0.474 0.000 0.117 0.904 0.270 0.000 0.295 0.357 1.044 0.136 0.000 0.000 0.000 0.183 0.934 0.000 0.000 0.368 0.000 1.066 0.597 0.749 0.000 0.012 0.666 
0 test1dax_consistent 0.195 0.720 1.449 0.195 0.017 0.000 0.000 0.000 0.000 0.032 1.362 0.091 2.263 0.143 0.000 0.076 0.100 0.000 0.000 0.510 0.430 0.136 1.357 0.000 0.000 0.000 1.287 0.000 0.000 0.000 0.506 0.000 0.000 5.407 0.369 1.693 0.000 2.897 0.000 0.202 
1 test1dax_inconsistent 0.195 0.720 1.449 0.195 0.017 0.000 0.000 0.000 0.000 0.032 1.362 0.091 2.263 0.143 0.000 0.076 0.100 0.000 0.000 0.510 0.137 0.502 0.116 0.000 0.000 0.339 0.000 0.000 0.000 0.172 0.448 0.148 0.460 0.937 0.587 1.756 0.000 0.576 0.000 0.000 
0 test1dax_consistent 1.430 1.149 0.454 0.029 0.000 0.000 0.155 0.000 0.182 0.125 0.000 0.000 0.392 0.000 0.056 1.706 0.393 1.190 0.000 0.071 0.000 0.000 0.006 0.000 0.000 3.675 0.000 4.960 0.149 0.000 0.000 0.833 0.548 0.000 0.000 1.766 0.000 0.916 0.000 0.000 
1 test1dax_inconsistent 1.430 1.149 0.454 0.029 0.000 0.000 0.155 0.000 0.182 0.125 0.000 0.000 0.392 0.000 0.056 1.706 0.393 1.190 0.000 0.071 0.000 0.000 0.000 0.000 0.000 0.706 0.000 1.726 0.470 0.000 0.000 0.000 0.950 0.078 0.000 0.036 0.000 1.791 0.000 0.000 
0 test1dax_consistent 0.000 0.000 0.502 0.000 0.000 0.922 0.000 1.855 0.000 0.000 0.346 1.303 0.000 0.000 0.115 0.000 0.041 0.186 1.603 0.894 0.000 1.343 1.585 0.000 0.000 0.000 0.000 0.236 0.000 0.000 0.000 0.000 0.000 0.000 3.209 0.000 3.106 2.434 5.720 0.000 
1 test1dax_inconsistent 0.000 0.000 0.502 0.000 0.000 0.922 0.000 1.855 0.000 0.000 0.346 1.303 0.000 0.000 0.115 0.000 0.041 0.186 1.603 0.894 0.000 0.618 2.018 0.000 0.000 0.141 0.000 0.000 0.000 0.000 0.471 0.000 0.000 0.000 1.650 0.101 1.133 0.181 1.374 0.000 
0 test1dax_consistent 0.000 0.565 0.715 0.403 0.646 0.634 0.000 0.000 0.000 0.331 0.938 0.883 1.609 0.306 0.042 0.326 1.418 0.855 0.000 0.000 0.900 0.000 0.000 2.408 2.786 0.000 1.238 2.147 0.000 0.000 0.139 0.838 1.424 0.000 3.110 0.670 0.034 0.074 2.469 2.919 
1 test1dax_inconsistent 0.000 0.565 0.715 0.403 0.646 0.634 0.000 0.000 0.000 0.331 0.938 0.883 1.609 0.306 0.042 0.326 1.418 0.855 0.000 0.000 0.088 0.000 0.000 0.928 0.509 0.000 0.180 0.428 0.000 0.000 0.393 0.027 1.568 0.000 0.758 0.263 0.532 0.163 0.179 0.799 
0 test1dax_consistent 0.000 0.346 0.000 0.000 1.200 0.000 0.000 1.871 0.000 0.000 0.000 0.021 1.244 0.000 2.514 0.737 0.000 0.053 0.000 0.018 0.000 0.000 2.523 1.280 0.891 1.165 4.494 0.000 1.521 0.000 0.944 0.000 3.165 0.000 2.226 2.919 1.052 0.768 0.000 0.234 
1 test1dax_inconsistent 0.000 0.346 0.000 0.000 1.200 0.000 0.000 1.871 0.000 0.000 0.000 0.021 1.244 0.000 2.514 0.737 0.000 0.053 0.000 0.018 0.000 0.000 0.380 0.135 0.959 0.361 1.173 0.229 0.747 0.000 0.188 0.000 0.779 0.000 0.895 1.322 0.331 0.135 0.000 0.102 
0 test1dax_consistent 0.000 0.589 0.000 0.000 1.549 0.264 0.063 0.000 0.000 0.286 0.188 0.971 0.000 0.088 1.137 0.000 1.103 0.715 1.698 0.000 0.000 0.000 0.000 0.000 1.388 0.000 0.284 0.000 0.000 0.000 0.889 3.284 0.000 6.151 0.668 0.000 1.438 0.000 0.000 1.968 
1 test1dax_inconsistent 0.000 0.589 0.000 0.000 1.549 0.264 0.063 0.000 0.000 0.286 0.188 0.971 0.000 0.088 1.137 0.000 1.103 0.715 1.698 0.000 0.000 0.000 0.000 0.000 0.309 0.000 0.419 0.050 0.000 0.000 1.397 0.187 0.000 1.870 1.254 0.000 0.730 0.000 0.287 0.696 
0 test1dax_consistent 1.412 0.150 0.574 0.253 0.116 1.881 0.000 0.319 0.683 0.121 0.000 1.155 0.000 0.128 0.000 0.000 0.013 0.452 1.274 0.000 0.945 0.004 0.000 0.217 5.188 0.000 0.000 4.109 1.771 0.000 0.217 0.000 0.270 0.241 0.000 0.000 0.000 0.000 0.914 0.000 
1 test1dax_inconsistent 1.412 0.150 0.574 0.253 0.116 1.881 0.000 0.319 0.683 0.121 0.000 1.155 0.000 0.128 0.000 0.000 0.013 0.452 1.274 0.000 0.794 0.151 0.034 0.000 1.201 0.569 0.000 0.759 0.000 0.000 0.258 0.085 0.886 0.383 0.092 0.000 0.000 0.121 1.158 0.099 
0 test1dax_consistent 0.000 0.413 0.000 0.051 0.000 0.000 0.000 0.563 0.462 0.992 1.118 0.000 0.000 0.784 1.337 1.232 1.358 0.467 0.421 0.000 0.000 0.828 0.000 0.838 0.000 0.756 1.724 0.225 4.173 0.029 0.000 0.000 0.000 2.952 0.000 1.488 4.269 0.000 0.000 0.000 
1 test1dax_inconsistent 0.000 0.413 0.000 0.051 0.000 0.000 0.000 0.563 0.462 0.992 1.118 0.000 0.000 0.784 1.337 1.232 1.358 0.467 0.421 0.000 0.000 0.391 0.000 1.081 0.000 0.349 0.297 0.650 2.184 0.000 0.000 0.091 0.000 0.037 0.188 0.490 0.688 0.327 0.000 0.000 
0 test1dax_consistent 0.000 1.761 0.501 0.000 0.164 0.066 0.000 0.000 0.000 0.000 0.000 0.000 0.000 0.134 1.925 0.065 1.508 0.000 0.000 0.039 2.709 1.287 3.319 0.000 0.000 0.000 3.657 0.000 0.000 0.000 4.076 0.000 0.000 1.538 1.335 0.000 0.000 0.000 0.000 0.000 
1 test1dax_inconsistent 0.000 1.761 0.501 0.000 0.164 0.066 0.000 0.000 0.000 0.000 0.000 0.000 0.000 0.134 1.925 0.065 1.508 0.000 0.000 0.039 1.649 0.000 0.000 0.000 0.000 0.060 2.403 0.000 0.000 0.000 1.021 0.000 0.000 1.475 0.619 0.000 0.000 0.000 0.000 0.000 
0 test1dax_consistent 0.131 0.165 0.000 0.849 0.000 0.000 1.080 0.000 0.000 0.987 1.777 0.000 0.000 0.000 0.201 0.144 0.145 1.337 0.413 1.085 0.000 0.915 0.000 0.000 1.293 2.007 0.000 0.000 0.000 0.399 3.011 0.000 5.779 0.206 0.000 0.000 0.648 1.551 0.000 0.852 
1 test1dax_inconsistent 0.131 0.165 0.000 0.849 0.000 0.000 1.080 0.000 0.000 0.987 1.777 0.000 0.000 0.000 0.201 0.144 0.145 1.337 0.413 1.085 0.000 0.792 0.000 0.000 0.432 1.231 0.000 0.000 0.000 0.000 0.419 0.000 1.530 0.000 0.000 0.000 0.598 0.870 0.303 1.142 
0 test1dax_consistent 0.327 0.000 0.361 1.761 0.196 0.000 0.000 0.808 0.000 0.130 0.000 0.000 0.000 0.280 0.000 0.510 0.514 2.119 0.000 0.000 0.000 0.000 0.201 3.255 0.000 1.793 0.000 0.000 0.000 0.000 0.000 0.585 4.959 2.177 0.000 0.000 0.105 1.498 0.033 0.000 
1 test1dax_inconsistent 0.327 0.000 0.361 1.761 0.196 0.000 0.000 0.808 0.000 0.130 0.000 0.000 0.000 0.280 0.000 0.510 0.514 2.119 0.000 0.000 0.000 0.000 0.879 0.644 0.154 0.000 0.000 0.000 0.000 0.000 0.000 0.504 1.250 1.421 0.000 0.000 0.400 0.686 0.315 0.061 
0 test1dax_consistent 1.173 0.039 0.000 0.090 0.000 0.736 0.000 0.287 0.416 0.000 0.000 0.308 0.024 0.000 0.000 1.942 0.000 2.602 0.000 0.000 3.181 0.000 0.000 0.000 0.000 3.109 0.000 0.000 0.000 6.111 0.000 0.000 0.000 1.420 0.000 0.551 0.000 0.065 0.000 0.000 
1 test1dax_inconsistent 1.173 0.039 0.000 0.090 0.000 0.736 0.000 0.287 0.416 0.000 0.000 0.308 0.024 0.000 0.000 1.942 0.000 2.602 0.000 0.000 0.082 0.080 0.000 0.017 0.000 1.943 0.550 0.000 0.000 1.451 0.000 0.199 0.000 0.553 0.000 0.392 0.000 0.587 0.000 0.000 
0 test1dax_consistent 0.000 0.000 0.000 0.129 0.587 0.000 2.243 0.000 2.172 0.395 0.248 0.000 0.000 1.130 0.000 0.076 0.356 0.000 0.000 0.000 0.000 0.000 0.000 0.593 0.928 0.000 0.063 0.000 3.656 5.655 0.504 0.000 0.000 2.861 0.000 1.561 0.809 0.010 0.000 0.000 
1 test1dax_inconsistent 0.000 0.000 0.000 0.129 0.587 0.000 2.243 0.000 2.172 0.395 0.248 0.000 0.000 1.130 0.000 0.076 0.356 0.000 0.000 0.000 0.000 0.000 0.000 0.000 1.587 0.406 1.218 0.000 0.352 2.156 0.000 0.000 0.000 2.226 0.000 0.000 0.767 0.127 0.093 0.000 
0 test1dax_consistent 0.632 0.000 1.246 0.000 0.376 1.202 0.590 0.042 0.000 0.930 1.799 0.821 0.000 1.252 0.000 1.046 0.000 0.000 0.000 0.097 3.205 1.015 1.516 3.755 0.000 0.933 0.231 0.000 0.000 3.140 0.129 3.374 0.000 0.000 0.000 1.261 1.820 0.000 0.000 0.136 
1 test1dax_inconsistent 0.632 0.000 1.246 0.000 0.376 1.202 0.590 0.042 0.000 0.930 1.799 0.821 0.000 1.252 0.000 1.046 0.000 0.000 0.000 0.097 2.052 0.000 0.717 1.279 0.000 0.899 0.032 0.000 0.000 0.622 0.000 0.754 0.000 0.000 0.000 0.384 0.580 0.000 0.000 0.515 
0 test1dax_consistent 1.397 0.000 0.000 0.000 0.000 1.893 0.026 0.645 0.000 0.000 0.000 0.000 0.186 0.000 0.000 0.000 1.495 0.000 0.496 1.708 3.144 4.602 0.000 0.000 0.000 0.000 0.000 1.102 0.971 1.840 0.000 0.000 0.000 0.000 0.000 0.000 0.079 3.113 1.092 1.745 
1 test1dax_inconsistent 1.397 0.000 0.000 0.000 0.000 1.893 0.026 0.645 0.000 0.000 0.000 0.000 0.186 0.000 0.000 0.000 1.495 0.000 0.496 1.708 0.227 1.924 0.000 0.000 0.000 0.210 0.000 0.878 0.491 0.000 0.000 0.000 0.000 0.000 0.000 0.000 0.000 0.563 1.098 0.790 
0 test1dax_consistent 0.556 0.717 1.911 0.013 0.040 0.392 0.000 0.000 0.000 0.024 1.269 0.004 0.913 0.259 0.284 0.244 0.664 0.000 0.000 0.129 0.714 0.000 1.415 0.000 1.251 3.910 0.000 0.440 1.253 0.216 0.002 1.405 2.582 1.097 1.962 2.373 0.428 0.000 0.000 0.000 
1 test1dax_inconsistent 0.556 0.717 1.911 0.013 0.040 0.392 0.000 0.000 0.000 0.024 1.269 0.004 0.913 0.259 0.284 0.244 0.664 0.000 0.000 0.129 0.315 0.000 0.000 0.065 0.256 0.902 0.000 0.346 0.523 0.284 0.000 0.951 0.000 0.330 1.516 0.000 0.161 0.000 0.000 0.684 
0 test1dax_consistent 0.000 0.406 0.197 0.447 0.000 1.829 0.000 1.896 0.376 0.000 0.000 0.052 0.000 1.841 0.085 0.000 0.097 0.125 0.338 0.065 0.909 0.000 1.988 0.000 0.412 0.000 0.000 0.836 3.548 0.000 1.294 0.000 0.000 4.623 0.000 0.000 0.232 0.000 2.088 2.565 
1 test1dax_inconsistent 0.000 0.406 0.197 0.447 0.000 1.829 0.000 1.896 0.376 0.000 0.000 0.052 0.000 1.841 0.085 0.000 0.097 0.125 0.338 0.065 0.688 0.000 0.567 0.606 0.449 0.082 0.000 0.000 1.204 0.000 0.000 0.000 0.000 0.971 0.310 0.000 0.632 0.000 1.160 0.754 
0 test1dax_consistent 0.179 1.386 0.108 0.000 0.000 0.000 0.323 1.342 0.877 0.159 0.536 0.571 0.000 1.119 1.378 0.610 0.000 0.000 0.310 0.558 0.000 0.000 2.674 0.000 2.875 0.000 2.258 0.325 0.000 0.715 1.868 3.209 0.000 1.711 0.000 3.229 0.000 0.000 1.235 0.286 
1 test1dax_inconsistent 0.179 1.386 0.108 0.000 0.000 0.000 0.323 1.342 0.877 0.159 0.536 0.571 0.000 1.119 1.378 0.610 0.000 0.000 0.310 0.558 0.576 0.342 1.077 0.000 0.687 0.000 0.425 0.000 0.525 0.125 1.255 0.808 0.000 0.408 0.356 0.258 0.000 0.000 0.239 0.486 
0 test1dax_consistent 0.000 1.176 1.231 0.098 0.009 0.000 0.757 1.203 0.000 0.737 0.124 1.841 0.000 0.000 0.000 0.000 0.144 0.265 0.000 0.018 0.293 1.927 4.207 1.375 0.000 0.767 0.000 0.122 1.713 0.000 2.878 4.333 0.000 1.787 1.235 0.000 0.000 0.000 1.865 0.000 
1 test1dax_inconsistent 0.000 1.176 1.231 0.098 0.009 0.000 0.757 1.203 0.000 0.737 0.124 1.841 0.000 0.000 0.000 0.000 0.144 0.265 0.000 0.018 0.000 0.588 0.815 1.123 0.000 0.590 0.000 0.030 0.719 0.000 1.111 1.466 0.000 0.054 0.794 0.000 0.000 0.052 0.544 0.466 
0 test1dax_consistent 0.000 0.000 0.000 0.858 0.736 0.000 0.000 2.400 0.000 0.362 0.281 0.592 0.633 0.000 0.000 0.000 0.871 0.000 0.045 0.000 0.000 0.000 3.759 0.752 1.555 0.000 0.000 4.844 3.157 0.000 0.000 0.000 0.000 0.000 0.020 0.000 0.000 0.000 0.000 0.000 
1 test1dax_inconsistent 0.000 0.000 0.000 0.858 0.736 0.000 0.000 2.400 0.000 0.362 0.281 0.592 0.633 0.000 0.000 0.000 0.871 0.000 0.045 0.000 0.000 0.365 1.989 1.499 0.063 0.000 0.000 1.134 0.609 0.000 0.000 0.000 0.000 0.150 0.173 0.000 0.000 0.000 0.000 0.031 
0 test1dax_consistent 0.000 0.170 0.000 0.000 0.000 0.368 0.000 0.000 2.318 0.907 0.000 2.017 0.229 0.615 0.000 0.000 0.017 0.063 0.613 0.068 1.279 0.000 0.000 0.000 1.022 2.958 0.000 0.000 4.026 0.207 0.000 3.996 2.146 0.000 1.695 0.611 0.000 0.000 0.000 0.000 
1 test1dax_inconsistent 0.000 0.170 0.000 0.000 0.000 0.368 0.000 0.000 2.318 0.907 0.000 2.017 0.229 0.615 0.000 0.000 0.017 0.063 0.613 0.068 0.790 0.000 0.000 0.000 0.000 1.824 0.000 0.084 0.512 0.794 0.000 1.044 1.098 0.300 1.170 0.000 0.000 0.000 1.021 0.000 
0 test1dax_consistent 0.000 0.413 0.476 0.123 1.066 0.000 0.000 0.836 1.078 0.723 0.000 1.288 0.842 0.000 1.497 1.519 0.943 0.000 0.000 0.000 0.000 0.000 1.171 3.208 1.148 0.000 0.091 1.150 0.000 1.066 0.000 0.000 0.000 2.816 2.769 0.000 0.239 0.000 2.681 0.957 
1 test1dax_inconsistent 0.000 0.413 0.476 0.123 1.066 0.000 0.000 0.836 1.078 0.723 0.000 1.288 0.842 0.000 1.497 1.519 0.943 0.000 0.000 0.000 0.000 0.000 0.512 0.000 0.804 0.000 0.408 0.484 0.590 1.027 0.000 0.000 0.528 0.814 0.649 0.000 0.268 0.000 0.346 0.894 
0 test1dax_consistent 0.070 0.000 0.004 0.000 0.000 1.721 0.290 0.000 0.401 0.438 0.000 0.000 0.000 1.384 0.000 0.040 0.001 0.000 1.989 0.781 0.028 0.000 0.063 0.000 0.000 1.184 0.000 0.083 5.162 0.000 2.754 0.000 0.000 0.000 2.031 0.000 0.000 0.000 4.397 0.133 
1 test1dax_inconsistent 0.070 0.000 0.004 0.000 0.000 1.721 0.290 0.000 0.401 0.438 0.000 0.000 0.000 1.384 0.000 0.040 0.001 0.000 1.989 0.781 0.138 0.024 0.252 0.000 0.000 0.429 0.000 0.046 2.139 0.733 0.215 0.000 0.000 0.000 0.414 0.000 0.000 0.000 1.022 0.702 
0 test1dax_consistent 0.656 1.113 0.613 0.000 0.463 0.000 0.000 0.000 0.404 0.000 0.373 0.963 1.673 0.283 0.931 0.038 1.082 0.505 0.000 0.022 0.069 0.000 4.906 0.000 2.403 0.000 0.948 0.000 0.229 0.000 0.000 1.858 4.162 2.384 0.000 0.000 0.000 0.000 0.000 0.000 
1 test1dax_inconsistent 0.656 1.113 0.613 0.000 0.463 0.000 0.000 0.000 0.404 0.000 0.373 0.963 1.673 0.283 0.931 0.038 1.082 0.505 0.000 0.022 0.000 0.177 1.740 0.000 1.166 0.000 1.140 0.000 0.458 0.000 0.186 1.514 0.553 0.857 0.403 0.197 0.000 0.000 0.000 0.000 
0 test1dax_consistent 0.000 0.270 0.000 1.156 2.157 0.176 0.000 0.305 0.493 0.449 0.957 0.597 1.119 0.230 0.000 0.385 0.000 0.043 0.000 0.000 0.237 2.182 0.000 0.000 0.455 0.000 0.000 0.000 5.751 3.231 0.164 0.000 0.000 0.720 1.375 0.272 0.000 0.000 1.684 0.000 
1 test1dax_inconsistent 0.000 0.270 0.000 1.156 2.157 0.176 0.000 0.305 0.493 0.449 0.957 0.597 1.119 0.230 0.000 0.385 0.000 0.043 0.000 0.000 0.000 1.394 0.000 0.069 0.000 0.000 0.000 0.000 0.794 1.383 0.909 0.231 0.000 0.383 1.063 0.583 0.000 0.000 0.579 0.000 
0 test1dax_consistent 0.195 1.336 0.086 0.005 0.648 0.779 0.000 0.005 0.935 0.000 0.000 1.497 0.729 0.328 1.303 0.670 0.000 0.000 0.205 0.000 1.862 0.000 0.000 0.000 5.129 1.235 0.364 0.000 0.129 0.000 0.000 0.397 0.000 2.897 0.000 0.126 0.000 1.952 0.000 0.000 
1 test1dax_inconsistent 0.195 1.336 0.086 0.005 0.648 0.779 0.000 0.005 0.935 0.000 0.000 1.497 0.729 0.328 1.303 0.670 0.000 0.000 0.205 0.000 0.000 0.000 0.000 0.025 0.804 1.393 0.280 0.089 0.916 0.000 0.000 0.452 0.000 0.882 0.000 0.000 0.000 0.769 0.108 0.000 
0 test1dax_consistent 0.000 0.000 0.316 0.297 0.000 2.387 0.000 0.772 1.346 1.054 0.422 0.000 0.000 0.016 1.081 0.140 0.000 0.000 0.000 0.772 0.000 3.826 0.000 0.000 0.000 0.000 0.000 0.000 5.071 0.000 1.222 0.000 0.000 3.683 2.183 0.000 0.000 0.000 0.000 0.261 
1 test1dax_inconsistent 0.000 0.000 0.316 0.297 0.000 2.387 0.000 0.772 1.346 1.054 0.422 0.000 0.000 0.016 1.081 0.140 0.000 0.000 0.000 0.772 0.017 0.854 0.353 0.000 0.000 0.000 0.000 0.000 1.138 0.000 0.933 0.000 0.000 1.533 1.404 0.434 0.053 0.000 0.000 0.000 
0 test1dax_consistent 0.523 0.616 0.139 1.536 0.000 0.000 0.999 0.000 0.197 0.223 0.000 1.564 0.000 0.517 0.771 0.000 0.248 1.434 0.486 0.000 0.000 2.423 1.606 0.663 0.000 0.000 0.000 0.000 0.000 0.337 0.000 2.728 2.580 3.069 0.836 0.383 0.000 4.986 0.000 0.000 
1 test1dax_inconsistent 0.523 0.616 0.139 1.536 0.000 0.000 0.999 0.000 0.197 0.223 0.000 1.564 0.000 0.517 0.771 0.000 0.248 1.434 0.486 0.000 0.139 0.532 0.678 0.121 0.000 0.000 0.000 0.000 0.000 0.599 0.000 0.513 0.824 0.971 0.000 0.000 0.495 1.737 0.826 0.000 
0 test1dax_consistent 0.000 0.061 0.931 1.826 0.112 0.000 0.744 1.526 0.000 1.017 0.904 0.000 0.132 0.000 0.000 0.851 0.000 0.918 0.000 0.114 0.000 1.345 0.000 0.715 0.890 0.000 0.535 0.907 0.000 0.000 5.253 0.000 2.973 0.000 1.126 0.000 2.910 1.797 0.000 1.650 
1 test1dax_inconsistent 0.000 0.061 0.931 1.826 0.112 0.000 0.744 1.526 0.000 1.017 0.904 0.000 0.132 0.000 0.000 0.851 0.000 0.918 0.000 0.114 0.000 0.895 0.000 0.021 0.031 0.000 1.105 0.786 0.000 0.000 1.198 0.000 1.933 0.000 0.000 0.000 0.495 1.127 0.000 1.196 
0 test1dax_consistent 0.095 0.000 0.000 0.566 0.501 0.000 0.000 0.000 0.707 0.036 1.627 0.711 0.000 0.000 0.209 0.000 0.654 1.504 1.108 0.754 0.000 0.000 0.226 0.791 2.067 1.613 0.095 5.229 0.000 0.000 1.656 2.081 0.000 0.186 0.000 0.000 0.003 0.947 1.904 0.000 
1 test1dax_inconsistent 0.095 0.000 0.000 0.566 0.501 0.000 0.000 0.000 0.707 0.036 1.627 0.711 0.000 0.000 0.209 0.000 0.654 1.504 1.108 0.754 0.000 0.000 0.000 0.544 0.452 0.805 0.224 1.123 0.000 0.000 1.043 0.235 0.000 0.200 0.443 0.000 0.321 0.000 1.360 0.418 
0 test1dax_consistent 0.000 0.000 0.330 0.000 0.000 0.000 1.045 0.172 1.783 0.000 1.062 0.440 0.000 0.620 0.187 2.192 0.000 0.000 0.000 0.000 0.000 0.000 0.000 0.000 1.585 1.627 0.000 0.000 0.000 0.000 0.000 0.000 0.000 0.000 3.073 1.661 4.215 0.000 3.299 0.000 
1 test1dax_inconsistent 0.000 0.000 0.330 0.000 0.000 0.000 1.045 0.172 1.783 0.000 1.062 0.440 0.000 0.620 0.187 2.192 0.000 0.000 0.000 0.000 0.000 0.337 0.000 0.000 0.759 0.754 0.162 0.000 0.000 0.000 0.305 0.216 0.000 0.342 2.092 0.588 0.539 0.489 0.000 0.000 
0 test1dax_consistent 0.251 0.071 0.000 0.185 0.113 0.167 0.000 0.000 0.305 0.000 0.136 0.158 1.284 2.754 0.163 0.642 0.000 0.400 0.174 0.537 3.344 2.077 2.748 0.217 2.496 0.000 0.000 0.436 1.311 1.666 0.000 0.000 0.000 2.762 0.000 0.722 0.000 0.000 0.000 0.000 
1 test1dax_inconsistent 0.251 0.071 0.000 0.185 0.113 0.167 0.000 0.000 0.305 0.000 0.136 0.158 1.284 2.754 0.163 0.642 0.000 0.400 0.174 0.537 0.786 0.322 0.248 0.521 0.278 0.000 0.000 0.072 0.980 0.000 0.290 0.000 0.130 0.019 0.341 0.810 0.000 0.000 0.000 0.000 
0 test1dax_consistent 0.000 0.440 0.005 0.000 0.000 1.407 0.000 0.041 0.000 1.052 0.000 2.190 1.327 0.054 0.000 1.107 0.000 0.008 0.000 0.000 0.000 1.653 0.000 0.190 0.000 0.794 0.770 0.000 0.000 2.610 4.367 0.887 0.280 0.000 3.953 2.769 0.000 1.982 0.000 0.000 
1 test1dax_inconsistent 0.000 0.440 0.005 0.000 0.000 1.407 0.000 0.041 0.000 1.052 0.000 2.190 1.327 0.054 0.000 1.107 0.000 0.008 0.000 0.000 0.227 1.229 0.000 0.646 0.000 0.707 0.705 0.000 0.001 0.814 1.188 0.611 0.000 0.000 1.506 0.359 0.000 0.879 0.211 0.000 
0 test1dax_consistent 0.248 0.016 0.915 1.643 0.222 0.969 1.292 0.365 0.000 0.819 0.258 0.000 1.406 0.918 0.399 0.000 0.000 0.000 0.000 0.086 1.037 0.000 0.000 7.208 0.000 1.691 0.604 0.010 0.000 0.000 0.091 0.747 2.253 0.000 0.000 0.000 0.000 0.000 0.000 0.000 
1 test1dax_inconsistent 0.248 0.016 0.915 1.643 0.222 0.969 1.292 0.365 0.000 0.819 0.258 0.000 1.406 0.918 0.399 0.000 0.000 0.000 0.000 0.086 0.415 0.000 0.000 1.926 0.000 1.314 0.000 0.000 0.061 0.215 0.290 0.891 1.284 0.231 0.000 0.000 0.000 0.086 0.000 0.000 
0 test1dax_consistent 0.000 0.000 0.000 2.285 0.000 0.000 0.068 0.000 0.159 0.924 0.184 1.120 0.000 0.037 0.854 0.000 0.000 0.252 1.097 0.007 3.798 0.000 0.000 0.429 0.534 0.000 0.920 0.000 0.626 0.000 0.000 0.441 0.000 0.000 5.718 0.231 0.000 2.133 0.000 0.000 
1 test1dax_inconsistent 0.000 0.000 0.000 2.285 0.000 0.000 0.068 0.000 0.159 0.924 0.184 1.120 0.000 0.037 0.854 0.000 0.000 0.252 1.097 0.007 1.201 0.000 0.000 0.093 0.322 0.000 0.637 0.000 0.000 0.000 0.068 0.000 0.248 0.187 1.510 0.856 0.000 0.785 0.000 0.000 
0 test1dax_consistent 0.000 0.140 1.091 0.423 0.000 0.455 0.000 0.238 0.830 0.867 0.194 0.640 1.659 0.000 0.394 1.090 0.000 0.119 1.193 0.767 0.000 0.000 0.116 0.000 0.000 0.009 3.015 0.233 0.000 4.376 1.734 1.382 1.414 0.000 0.397 0.000 0.000 0.000 3.632 1.256 
1 test1dax_inconsistent 0.000 0.140 1.091 0.423 0.000 0.455 0.000 0.238 0.830 0.867 0.194 0.640 1.659 0.000 0.394 1.090 0.000 0.119 1.193 0.767 0.000 0.000 0.193 0.143 0.000 0.360 0.486 0.458 0.273 1.433 0.317 0.890 0.000 0.000 0.179 0.922 0.186 0.000 0.359 0.204 
0 test1dax_consistent 0.000 0.973 0.019 1.635 0.000 0.107 0.049 0.218 0.000 0.011 0.685 0.000 0.000 1.662 0.754 0.521 0.315 0.000 0.000 1.774 0.000 2.881 0.000 0.000 1.859 0.603 2.117 0.713 0.000 0.000 1.865 4.304 0.296 0.758 0.000 0.000 4.055 0.000 0.120 1.139 
1 test1dax_inconsistent 0.000 0.973 0.019 1.635 0.000 0.107 0.049 0.218 0.000 0.011 0.685 0.000 0.000 1.662 0.754 0.521 0.315 0.000 0.000 1.774 0.000 0.824 0.000 0.000 1.714 0.766 0.581 1.122 0.000 0.000 0.257 1.268 0.032 0.343 0.000 0.000 1.181 0.000 0.407 0.000 
0 test1dax_consistent 0.394 0.221 1.039 0.000 0.000 1.215 0.000 0.000 0.938 0.360 1.163 0.509 1.179 0.337 0.000 0.633 0.942 0.742 0.850 0.000 0.996 0.000 1.227 0.000 0.000 4.244 0.000 0.000 1.280 0.000 3.577 0.000 1.780 0.000 0.000 4.405 0.000 0.000 0.000 0.438 
1 test1dax_inconsistent 0.394 0.221 1.039 0.000 0.000 1.215 0.000 0.000 0.938 0.360 1.163 0.509 1.179 0.337 0.000 0.633 0.942 0.742 0.850 0.000 0.437 0.038 0.587 0.000 0.000 0.855 0.000 0.010 0.370 0.033 0.993 0.000 0.960 0.209 0.000 1.597 0.000 0.000 0.622 0.477 
0 test1dax_consistent 0.920 0.399 0.033 0.000 0.169 1.740 0.045 0.290 0.753 1.886 0.000 0.000 0.440 0.000 0.000 0.000 0.031 0.355 0.000 0.000 0.000 0.000 0.000 0.000 0.005 1.558 2.381 2.791 0.000 6.400 0.000 0.000 0.215 0.000 0.000 0.076 0.000 0.000 1.478 0.000 
1 test1dax_inconsistent 0.920 0.399 0.033 0.000 0.169 1.740 0.045 0.290 0.753 1.886 0.000 0.000 0.440 0.000 0.000 0.000 0.031 0.355 0.000 0.000 0.000 0.000 0.555 0.000 0.079 0.886 1.822 0.173 0.000 1.507 0.000 0.000 0.494 0.000 0.179 0.733 0.000 0.000 0.627 0.000 
0 test1dax_consistent 0.073 1.919 1.500 0.302 0.114 1.188 0.096 0.000 0.000 2.034 0.319 0.000 0.000 0.000 0.348 0.000 0.000 1.146 0.000 0.000 0.000 1.376 0.000 0.000 0.103 7.143 0.000 0.000 0.000 3.854 1.187 0.000 0.000 0.041 0.000 0.000 0.438 0.000 0.000 0.493 
1 test1dax_inconsistent 0.073 1.919 1.500 0.302 0.114 1.188 0.096 0.000 0.000 2.034 0.319 0.000 0.000 0.000 0.348 0.000 0.000 1.146 0.000 0.000 0.000 1.136 0.567 0.000 0.598 2.492 0.000 0.000 0.000 0.846 0.812 0.000 0.000 0.000 0.000 0.000 0.000 0.000 0.000 0.369 
