0 test2fip_consistent 1.809 0.000 0.000 1.643 5.938 0.000 0.000 0.203 0.000 0.975 0.000 0.766 0.097 0.000 0.138 0.000 0.000 1.492 0.000 0.000 0.000 0.123 1.496 0.102 0.000 0.000 0.037 1.195 0.000 0.000 0.000 1.150 0.374 0.538 0.000 0.000 0.000 0.883 3.449 0.000 
1 test2fip_inconsistent 1.809 0.000 0.000 1.643 5.938 0.000 0.000 0.203 0.000 0.975 0.000 0.766 0.097 0.000 0.138 0.000 0.000 1.492 0.000 0.000 0.000 0.000 0.975 0.000 0.000 0.000 0.000 0.629 0.000 0.134 0.000 0.935 0.154 4.526 0.000 0.000 0.000 2.007 2.771 0.000 
0 test2fip_consistent 0.000 0.835 0.000 1.039 0.118 0.480 0.000 0.564 0.019 0.876 0.000 0.000 0.000 0.000 4.170 0.000 2.743 0.000 0.083 1.789 1.418 0.000 0.000 2.285 1.808 0.000 0.000 1.140 0.000 0.463 0.000 0.036 0.000 0.328 0.000 0.016 0.234 0.000 1.014 0.805 
1 test2fip_inconsistent 0.000 0.835 0.000 1.039 0.118 0.480 0.000 0.564 0.019 0.876 0.000 0.000 0.000 0.000 4.170 0.000 2.743 0.000 0.083 1.789 1.471 0.000 0.000 2.330 1.770 0.000 0.000 2.604 0.082 0.617 0.000 0.000 0.000 0.680 2.480 0.000 2.783 0.000 1.816 2.281 
0 test2fip_consistent 0.000 0.479 0.000 0.428 4.235 0.116 3.267 0.000 0.000 0.000 0.000 0.000 0.004 0.128 0.073 2.309 0.022 0.000 0.000 0.000 0.032 0.136 0.000 1.198 1.217 0.000 0.153 0.000 0.000 0.000 0.000 0.000 3.104 0.870 0.000 0.000 1.535 0.000 0.427 0.070 
1 test2fip_inconsistent 0.000 0.479 0.000 0.428 4.235 0.116 3.267 0.000 0.000 0.000 0.000 0.000 0.004 0.128 0.073 2.309 0.022 0.000 0.000 0.000 0.000 0.630 0.000 0.607 4.878 0.890 2.191 0.000 0.000 0.000 0.000 0.000 3.013 0.553 0.000 1.055 2.162 0.000 1.064 0.000 
0 test2fip_consistent 0.000 2.015 0.122 0.000 0.000 0.837 0.000 0.856 0.000 0.000 0.508 0.895 0.000 1.410 0.000 0.000 3.180 3.990 0.000 0.000 0.000 0.000 0.170 0.000 0.000 0.169 0.014 0.201 1.201 0.000 0.000 3.025 0.000 0.000 0.041 0.458 2.169 0.000 0.000 0.000 
1 test2fip_inconsistent 0.000 2.015 0.122 0.000 0.000 0.837 0.000 0.856 0.000 0.000 0.508 0.895 0.000 1.410 0.000 0.000 3.180 3.990 0.000 0.000 0.000 1.534 0.306 0.000 0.000 1.148 0.000 2.108 0.936 0.000 0.293 3.511 0.000 0.160 0.000 0.335 3.308 2.616 0.000 0.000 
0 test2fip_consistent 0.184 0.000 3.901 0.000 0.000 0.001 0.000 0.000 1.360 1.764 0.000 1.162 0.527 0.000 0.000 0.000 1.487 1.436 0.000 1.206 0.859 0.000 0.000 0.000 1.654 1.694 0.000 0.000 0.000 0.117 0.000 2.260 0.000 0.000 0.015 0.000 0.000 2.636 0.000 0.000 
1 test2fip_inconsistent 0.184 0.000 3.901 0.000 0.000 0.001 0.000 0.000 1.360 1.764 0.000 1.162 0.527 0.000 0.000 0.000 1.487 1.436 0.000 1.206 0.917 0.083 2.400 0.000 0.703 0.904 0.000 0.000 1.517 0.996 0.000 1.520 0.000 0.000 0.239 0.000 1.090 4.952 0.000 0.203 
0 test2fip_consistent 1.050 3.204 0.000 0.000 0.000 0.681 0.810 0.000 0.166 0.000 0.000 2.117 0.793 3.036 1.565 0.675 0.782 0.000 0.000 0.276 0.000 0.975 0.000 0.000 1.257 0.082 0.254 0.000 0.065 0.000 1.589 0.262 1.566 0.924 0.000 0.000 0.381 0.000 1.517 1.461 
1 test2fip_inconsistent 1.050 3.204 0.000 0.000 0.000 0.681 0.810 0.000 0.166 0.000 0.000 2.117 0.793 3.036 1.565 0.675 0.782 0.000 0.000 0.276 0.299 2.860 0.000 0.000 1.617 0.554 1.135 0.000 0.000 0.000 1.363 2.678 1.970 3.029 0.947 0.042 1.316 0.000 0.718 0.825 
0 test2fip_consistent 0.000 2.124 1.043 2.631 2.827 0.000 2.295 1.083 0.000 0.000 0.022 0.744 1.800 0.000 0.308 0.000 1.786 0.000 0.282 0.000 0.000 0.062 1.511 0.083 0.289 0.000 0.265 0.000 0.000 1.601 1.316 0.669 0.000 0.000 0.000 0.000 1.961 0.000 1.852 0.000 
1 test2fip_inconsistent 0.000 2.124 1.043 2.631 2.827 0.000 2.295 1.083 0.000 0.000 0.022 0.744 1.800 0.000 0.308 0.000 1.786 0.000 0.282 0.000 0.000 0.087 1.554 2.718 3.287 0.000 1.127 0.158 0.000 1.203 1.144 0.895 0.354 0.000 0.757 0.000 2.852 0.000 1.482 0.000 
0 test2fip_consistent 0.000 0.000 0.000 0.000 2.217 0.000 0.000 2.495 0.000 0.000 2.486 0.000 2.350 2.385 1.856 0.000 0.673 1.228 0.238 0.000 0.000 0.000 0.000 2.469 0.000 0.948 0.530 1.646 0.319 0.914 1.561 0.000 0.719 0.030 0.000 0.000 0.393 0.266 1.922 0.000 
1 test2fip_inconsistent 0.000 0.000 0.000 0.000 2.217 0.000 0.000 2.495 0.000 0.000 2.486 0.000 2.350 2.385 1.856 0.000 0.673 1.228 0.238 0.000 0.000 0.000 0.000 1.708 2.162 0.993 0.228 3.092 0.000 0.493 2.806 0.000 3.291 1.141 0.433 0.000 0.473 0.923 1.014 0.000 
0 test2fip_consistent 0.000 0.896 0.680 4.076 0.257 0.197 0.000 0.218 3.601 0.000 0.247 0.000 0.682 0.000 0.261 0.993 0.000 0.152 0.000 0.000 0.639 1.665 0.971 0.302 0.000 0.000 0.000 0.361 0.000 0.000 1.833 0.443 0.011 0.000 1.566 0.010 0.344 0.991 0.000 0.000 
1 test2fip_inconsistent 0.000 0.896 0.680 4.076 0.257 0.197 0.000 0.218 3.601 0.000 0.247 0.000 0.682 0.000 0.261 0.993 0.000 0.152 0.000 0.000 0.050 0.989 0.879 3.366 0.771 0.000 0.000 1.422 2.618 0.000 2.707 0.000 0.465 0.000 1.707 1.152 0.000 1.351 0.000 0.000 
0 test2fip_consistent 0.000 0.000 1.057 0.128 1.141 1.020 0.000 0.000 0.000 0.450 0.000 4.983 0.089 0.233 1.739 0.000 0.988 0.000 1.299 1.475 0.249 0.000 0.948 1.588 0.002 0.000 0.000 0.000 1.826 1.184 1.440 0.779 0.013 1.420 0.350 0.000 0.084 0.000 0.271 0.697 
1 test2fip_inconsistent 0.000 0.000 1.057 0.128 1.141 1.020 0.000 0.000 0.000 0.450 0.000 4.983 0.089 0.233 1.739 0.000 0.988 0.000 1.299 1.475 0.000 0.000 0.940 0.916 0.000 0.941 0.000 0.000 1.318 0.645 0.452 3.817 0.000 1.195 2.574 0.000 0.000 0.000 2.383 0.915 
0 test2fip_consistent 0.000 3.812 0.000 0.000 0.000 0.417 1.342 2.241 1.677 0.000 1.539 0.530 0.000 0.587 0.000 1.253 1.202 0.606 0.000 0.000 0.000 1.518 2.322 0.673 0.046 2.311 0.000 0.024 0.068 0.000 0.185 0.755 0.000 0.130 0.482 0.532 0.000 0.000 0.000 0.000 
1 test2fip_inconsistent 0.000 3.812 0.000 0.000 0.000 0.417 1.342 2.241 1.677 0.000 1.539 0.530 0.000 0.587 0.000 1.253 1.202 0.606 0.000 0.000 0.000 4.838 1.481 0.004 0.043 1.807 0.000 0.000 2.782 0.000 2.054 0.714 0.000 0.088 0.000 0.432 0.171 0.000 0.000 0.000 
0 test2fip_consistent 0.000 0.000 2.131 0.000 0.000 0.000 3.118 0.000 0.268 0.000 0.000 0.000 0.000 1.675 0.679 0.000 2.543 3.613 0.000 0.000 0.000 0.000 2.228 2.282 0.000 0.000 0.608 0.000 0.163 0.322 0.000 0.272 0.000 0.292 2.199 0.000 0.301 0.000 0.000 0.000 
1 test2fip_inconsistent 0.000 0.000 2.131 0.000 0.000 0.000 3.118 0.000 0.268 0.000 0.000 0.000 0.000 1.675 0.679 0.000 2.543 3.613 0.000 0.000 0.000 0.000 3.150 1.973 0.079 0.000 1.201 0.000 0.358 0.000 0.000 0.000 0.000 2.194 2.497 0.000 2.134 3.124 0.000 0.000 
0 test2fip_consistent 0.380 0.767 0.000 3.584 0.000 0.248 1.365 0.000 0.887 0.000 0.000 0.000 0.205 1.066 0.000 1.369 3.037 0.716 0.000 0.285 0.299 0.531 0.000 0.214 0.078 1.900 0.006 1.217 2.484 0.057 0.000 0.000 0.000 1.570 0.000 0.099 1.536 0.081 0.000 0.000 
1 test2fip_inconsistent 0.380 0.767 0.000 3.584 0.000 0.248 1.365 0.000 0.887 0.000 0.000 0.000 0.205 1.066 0.000 1.369 3.037 0.716 0.000 0.285 0.583 1.396 0.000 3.472 0.000 1.631 1.558 0.997 3.214 0.000 0.000 0.000 0.000 1.112 0.012 1.354 2.930 0.000 0.000 0.000 
0 test2fip_consistent 0.229 0.000 0.353 0.000 0.000 1.443 2.355 0.000 0.782 0.675 0.000 0.000 0.000 3.693 0.000 0.000 1.904 0.000 1.136 1.619 0.604 1.327 0.000 0.406 0.000 0.274 0.004 0.000 0.649 0.983 0.874 0.615 0.202 0.053 0.000 0.000 0.212 0.000 1.326 2.598 
1 test2fip_inconsistent 0.229 0.000 0.353 0.000 0.000 1.443 2.355 0.000 0.782 0.675 0.000 0.000 0.000 3.693 0.000 0.000 1.904 0.000 1.136 1.619 1.149 0.869 0.000 0.251 0.000 2.241 0.208 0.000 0.759 1.726 0.386 0.949 0.000 3.069 0.000 0.000 1.731 0.000 2.747 2.460 
0 test2fip_consistent 3.831 0.616 0.851 0.508 0.000 0.000 0.336 0.000 0.719 0.000 0.989 0.000 2.767 1.717 0.000 0.000 1.745 0.000 0.000 0.060 2.354 0.042 0.081 2.659 0.017 0.000 0.079 0.126 0.272 0.000 0.215 0.223 0.065 0.000 0.000 0.604 0.101 0.000 0.000 0.090 
1 test2fip_inconsistent 3.831 0.616 0.851 0.508 0.000 0.000 0.336 0.000 0.719 0.000 0.989 0.000 2.767 1.717 0.000 0.000 1.745 0.000 0.000 0.060 4.388 0.058 0.963 2.324 0.555 0.000 0.000 0.000 1.422 0.000 0.553 0.832 2.461 0.338 0.000 0.360 1.550 0.000 0.000 0.039 
0 test2fip_consistent 0.611 0.000 0.000 3.136 1.012 0.000 1.178 0.000 0.351 1.339 0.817 0.000 2.407 0.000 0.168 0.000 1.239 0.000 3.584 0.984 1.745 1.129 0.000 0.252 0.669 0.000 0.351 1.874 0.139 1.974 0.758 0.985 0.172 0.000 0.000 0.000 0.000 0.000 0.183 1.128 
1 test2fip_inconsistent 0.611 0.000 0.000 3.136 1.012 0.000 1.178 0.000 0.351 1.339 0.817 0.000 2.407 0.000 0.168 0.000 1.239 0.000 3.584 0.984 2.031 0.688 0.000 2.173 2.539 0.000 1.591 1.550 0.031 2.862 0.561 0.597 1.594 0.000 0.000 0.000 0.000 0.000 2.766 1.487 
0 test2fip_consistent 0.561 0.118 1.515 4.733 1.690 0.000 0.000 0.000 0.000 3.794 0.000 0.000 1.584 0.000 0.102 0.457 0.000 0.000 0.000 0.768 0.869 0.073 2.550 0.312 0.029 0.000 0.000 0.000 0.181 0.000 0.000 2.647 0.804 0.000 0.000 0.252 0.000 0.000 0.000 0.786 
1 test2fip_inconsistent 0.561 0.118 1.515 4.733 1.690 0.000 0.000 0.000 0.000 3.794 0.000 0.000 1.584 0.000 0.102 0.457 0.000 0.000 0.000 0.768 0.726 0.000 2.762 2.897 1.304 0.000 0.000 0.000 0.000 3.019 0.000 2.118 1.122 0.000 0.220 1.276 0.000 0.000 0.000 2.065 
0 test2fip_consistent 0.471 0.000 0.351 0.966 2.376 2.084 2.204 2.325 0.000 1.489 2.912 0.462 0.000 1.878 0.000 0.792 0.000 0.000 1.574 0.000 0.352 0.000 0.712 2.239 0.000 1.475 0.000 0.000 0.021 0.000 0.153 1.416 0.308 0.156 1.319 0.743 0.201 0.007 0.039 0.000 
1 test2fip_inconsistent 0.471 0.000 0.351 0.966 2.376 2.084 2.204 2.325 0.000 1.489 2.912 0.462 0.000 1.878 0.000 0.792 0.000 0.000 1.574 0.000 0.026 0.000 0.313 2.785 2.245 1.955 1.051 1.445 0.000 0.335 1.550 1.876 0.294 1.114 0.828 1.522 0.000 0.000 2.329 0.000 
0 test2fip_consistent 0.000 0.000 3.443 0.000 2.824 0.000 0.857 0.000 0.000 0.000 0.000 0.000 1.103 0.351 0.000 2.439 0.000 3.115 0.013 0.000 0.000 0.000 0.365 2.195 0.000 0.000 0.000 0.000 0.695 0.057 2.125 1.072 0.008 0.000 0.038 0.000 1.131 1.890 0.841 0.057 
1 test2fip_inconsistent 0.000 0.000 3.443 0.000 2.824 0.000 0.857 0.000 0.000 0.000 0.000 0.000 1.103 0.351 0.000 2.439 0.000 3.115 0.013 0.000 0.000 0.000 3.390 1.581 1.432 0.000 0.000 0.000 0.000 0.000 1.396 0.385 0.037 0.000 0.000 1.967 0.979 3.741 0.792 0.522 
0 test2fip_consistent 0.000 0.000 3.770 1.805 1.197 0.000 1.100 0.676 0.000 0.000 0.351 1.759 1.698 0.000 0.599 1.466 2.139 0.462 0.562 0.000 0.000 0.343 0.300 0.666 1.855 1.883 0.004 0.000 0.000 0.000 0.000 0.497 1.251 0.000 1.087 0.058 0.000 0.000 2.074 0.000 
1 test2fip_inconsistent 0.000 0.000 3.770 1.805 1.197 0.000 1.100 0.676 0.000 0.000 0.351 1.759 1.698 0.000 0.599 1.466 2.139 0.462 0.562 0.000 0.000 0.674 2.711 1.677 2.608 1.421 0.594 1.118 0.000 0.000 0.000 0.718 1.480 0.000 1.797 0.000 2.375 0.000 2.030 0.000 
0 test2fip_consistent 0.000 0.000 0.000 0.692 0.000 0.000 2.987 1.292 0.000 3.443 0.000 0.000 1.157 1.933 0.936 0.000 0.000 0.000 0.000 1.576 0.000 0.000 0.000 2.631 0.000 0.013 0.000 2.815 0.000 0.000 0.000 0.000 1.018 0.560 0.037 0.000 0.060 0.063 0.000 0.000 
1 test2fip_inconsistent 0.000 0.000 0.000 0.692 0.000 0.000 2.987 1.292 0.000 3.443 0.000 0.000 1.157 1.933 0.936 0.000 0.000 0.000 0.000 1.576 0.000 0.000 0.000 2.346 0.000 0.556 2.287 3.998 0.000 1.987 0.000 0.000 1.671 1.582 0.653 0.000 0.197 0.078 0.000 0.704 
0 test2fip_consistent 0.000 0.000 0.000 0.937 0.573 0.440 0.000 0.000 0.000 1.291 0.000 4.245 0.000 0.000 2.238 0.000 0.000 2.871 0.000 0.000 0.489 1.278 0.945 0.900 0.811 1.383 0.020 1.097 0.000 0.204 0.000 1.010 0.000 0.785 0.087 1.406 0.000 2.453 0.000 0.000 
1 test2fip_inconsistent 0.000 0.000 0.000 0.937 0.573 0.440 0.000 0.000 0.000 1.291 0.000 4.245 0.000 0.000 2.238 0.000 0.000 2.871 0.000 0.000 1.232 1.025 0.791 1.106 0.858 1.263 0.000 0.698 0.000 1.656 0.000 3.520 0.000 0.000 3.024 1.213 0.000 3.286 0.013 0.000 
0 test2fip_consistent 0.000 0.000 2.877 0.863 0.000 0.000 0.000 1.952 0.000 1.177 0.000 0.000 0.000 2.968 0.000 0.823 1.368 0.000 3.637 1.046 0.000 0.033 1.039 0.000 0.000 0.000 0.000 0.000 2.469 0.000 0.112 0.228 0.000 0.606 0.000 2.598 1.152 0.000 1.066 0.000 
1 test2fip_inconsistent 0.000 0.000 2.877 0.863 0.000 0.000 0.000 1.952 0.000 1.177 0.000 0.000 0.000 2.968 0.000 0.823 1.368 0.000 3.637 1.046 0.000 0.000 3.017 0.004 0.000 0.000 0.000 0.778 0.789 2.093 0.744 0.000 0.000 1.585 0.000 2.074 0.776 0.000 3.864 0.000 
0 test2fip_consistent 0.796 0.000 0.437 2.609 1.040 0.802 1.978 1.535 0.000 1.524 0.236 2.703 0.000 0.944 0.000 2.102 0.000 1.762 0.120 0.000 0.399 0.000 0.193 0.025 1.034 1.168 1.594 0.052 0.000 1.079 0.040 0.100 0.154 0.000 0.565 0.178 1.665 0.236 0.000 2.020 
1 test2fip_inconsistent 0.796 0.000 0.437 2.609 1.040 0.802 1.978 1.535 0.000 1.524 0.236 2.703 0.000 0.944 0.000 2.102 0.000 1.762 0.120 0.000 0.542 0.000 0.824 2.435 1.539 2.234 2.984 1.070 0.000 1.741 0.275 1.632 0.687 0.000 0.510 1.192 1.208 1.586 0.000 1.209 
0 test2fip_consistent 0.000 0.000 0.000 4.011 0.000 2.946 0.000 0.000 0.000 0.000 0.652 0.000 0.000 0.000 0.024 0.012 3.130 0.000 0.000 0.695 0.133 0.000 0.000 0.000 1.265 0.010 0.000 0.340 0.000 0.000 2.563 0.338 1.633 0.000 0.019 0.000 0.260 0.000 0.000 2.055 
1 test2fip_inconsistent 0.000 0.000 0.000 4.011 0.000 2.946 0.000 0.000 0.000 0.000 0.652 0.000 0.000 0.000 0.024 0.012 3.130 0.000 0.000 0.695 0.000 0.000 0.200 2.157 0.919 2.046 0.000 0.000 0.000 0.000 3.625 0.000 0.740 0.000 0.000 0.037 2.879 0.000 0.000 2.155 
0 test2fip_consistent 0.000 0.488 0.000 1.925 0.000 0.000 0.000 1.169 0.000 0.712 1.896 2.474 3.570 0.000 0.000 0.244 0.000 2.591 0.000 1.245 0.022 0.967 0.000 0.000 0.000 2.519 0.000 0.993 0.000 1.879 0.646 0.549 0.859 0.000 1.127 0.207 0.000 0.732 0.000 0.000 
1 test2fip_inconsistent 0.000 0.488 0.000 1.925 0.000 0.000 0.000 1.169 0.000 0.712 1.896 2.474 3.570 0.000 0.000 0.244 0.000 2.591 0.000 1.245 0.002 0.823 0.000 1.025 0.000 1.502 0.000 0.653 0.000 2.095 1.900 2.196 3.581 0.000 0.591 0.897 0.000 2.618 0.000 0.000 
0 test2fip_consistent 0.000 0.931 0.506 2.278 0.000 3.290 0.000 1.136 0.000 0.000 1.796 0.000 1.251 0.000 2.776 0.000 0.101 0.000 2.560 0.000 0.000 1.942 0.562 0.664 0.000 0.091 0.024 1.623 0.000 0.000 0.000 0.000 0.215 1.693 1.555 0.329 0.583 0.000 0.048 1.359 
1 test2fip_inconsistent 0.000 0.931 0.506 2.278 0.000 3.290 0.000 1.136 0.000 0.000 1.796 0.000 1.251 0.000 2.776 0.000 0.101 0.000 2.560 0.000 0.000 1.680 1.153 1.558 0.000 1.855 0.000 1.597 0.000 0.000 2.256 0.000 0.899 1.228 3.134 0.048 0.415 0.000 1.703 0.817 
0 test2fip_consistent 2.382 1.527 1.740 0.000 0.000 0.564 0.000 0.000 0.000 0.000 0.000 0.669 1.599 0.000 3.947 0.000 0.000 0.401 0.000 1.099 0.545 0.042 0.000 0.000 0.000 0.950 0.000 0.000 2.439 1.265 0.000 0.000 0.157 0.007 0.779 0.000 1.678 1.094 0.477 0.000 
1 test2fip_inconsistent 2.382 1.527 1.740 0.000 0.000 0.564 0.000 0.000 0.000 0.000 0.000 0.669 1.599 0.000 3.947 0.000 0.000 0.401 0.000 1.099 2.305 0.066 0.002 0.000 0.000 1.164 0.000 0.000 2.673 0.909 0.000 0.800 0.849 0.000 2.631 0.000 1.297 1.196 3.912 0.000 
0 test2fip_consistent 0.000 0.000 0.000 0.000 0.000 0.298 0.000 0.118 0.000 1.892 0.000 3.016 0.000 1.190 0.000 1.052 0.000 3.950 0.000 2.444 0.000 0.005 0.000 0.096 1.356 1.505 0.882 0.000 0.000 0.316 0.000 0.000 0.402 2.712 0.000 0.114 0.000 1.791 0.000 0.272 
1 test2fip_inconsistent 0.000 0.000 0.000 0.000 0.000 0.298 0.000 0.118 0.000 1.892 0.000 3.016 0.000 1.190 0.000 1.052 0.000 3.950 0.000 2.444 0.000 0.000 0.000 0.000 0.680 1.253 0.938 0.000 0.000 2.003 0.000 1.531 1.014 2.073 0.000 1.114 0.000 4.729 0.000 2.212 
0 test2fip_consistent 0.000 0.460 0.000 0.000 0.242 0.000 0.575 0.096 5.283 0.476 1.308 0.000 1.548 1.272 0.147 0.000 0.212 0.000 0.000 0.000 0.000 0.434 0.000 0.000 0.641 0.000 3.121 0.177 0.662 0.000 0.000 0.000 0.000 0.000 0.784 1.793 0.113 0.511 0.000 0.901 
1 test2fip_inconsistent 0.000 0.460 0.000 0.000 0.242 0.000 0.575 0.096 5.283 0.476 1.308 0.000 1.548 1.272 0.147 0.000 0.212 0.000 0.000 0.000 0.000 0.701 0.000 0.000 0.735 0.000 3.180 0.000 4.468 0.000 0.053 0.000 0.259 0.756 0.482 1.877 0.000 0.371 1.050 0.231 
0 test2fip_consistent 2.570 0.000 0.000 0.392 0.000 1.604 0.000 0.087 0.000 0.055 0.013 0.000 0.000 0.000 0.000 4.803 0.000 1.416 0.369 1.972 0.055 0.510 0.082 2.273 1.298 0.000 0.000 0.000 0.000 0.603 0.011 0.000 0.000 1.546 0.016 1.672 0.000 0.000 1.595 0.000 
1 test2fip_inconsistent 2.570 0.000 0.000 0.392 0.000 1.604 0.000 0.087 0.000 0.055 0.013 0.000 0.000 0.000 0.000 4.803 0.000 1.416 0.369 1.972 2.499 1.057 0.000 1.484 0.513 1.790 0.000 0.011 0.000 0.000 0.000 0.000 0.000 0.680 0.000 4.883 0.000 0.734 0.894 0.809 
0 test2fip_consistent 0.000 0.588 0.853 0.000 0.000 1.751 0.000 1.757 0.000 0.480 1.482 2.578 1.498 0.965 0.950 1.825 0.868 0.502 1.420 0.000 0.000 0.000 0.000 2.054 0.000 0.000 0.620 1.516 0.494 0.000 0.098 0.000 0.000 0.000 0.136 2.501 0.000 1.058 0.000 0.000 
1 test2fip_inconsistent 0.000 0.588 0.853 0.000 0.000 1.751 0.000 1.757 0.000 0.480 1.482 2.578 1.498 0.965 0.950 1.825 0.868 0.502 1.420 0.000 0.000 1.420 0.014 1.667 0.000 1.334 0.387 2.841 0.000 0.643 1.114 1.748 0.250 0.529 1.154 3.612 0.000 1.849 1.191 0.000 
0 test2fip_consistent 0.000 0.000 0.000 0.000 0.202 0.000 0.000 1.031 2.127 1.572 1.279 0.000 3.625 0.000 2.368 0.000 0.000 0.000 0.648 0.000 0.000 0.000 0.000 0.310 0.032 0.000 0.000 1.222 0.000 2.767 1.777 0.711 0.000 1.677 0.743 0.478 0.000 0.000 0.000 0.000 
1 test2fip_inconsistent 0.000 0.000 0.000 0.000 0.202 0.000 0.000 1.031 2.127 1.572 1.279 0.000 3.625 0.000 2.368 0.000 0.000 0.000 0.648 0.000 0.000 0.000 0.000 0.000 0.670 0.000 0.000 1.971 0.000 1.909 2.928 0.358 3.374 0.940 3.168 0.327 0.000 0.000 0.000 0.000 
0 test2fip_consistent 4.394 0.714 0.000 0.000 1.086 0.000 0.000 0.009 0.000 1.422 0.920 0.817 0.000 0.650 0.000 0.000 0.811 1.679 1.297 0.000 1.018 2.279 0.000 0.000 0.000 0.000 0.048 0.000 2.503 0.000 1.704 0.000 0.029 0.000 0.000 0.000 0.380 0.445 1.482 0.000 
1 test2fip_inconsistent 4.394 0.714 0.000 0.000 1.086 0.000 0.000 0.009 0.000 1.422 0.920 0.817 0.000 0.650 0.000 0.000 0.811 1.679 1.297 0.000 3.994 2.604 0.000 0.000 0.000 0.000 0.000 0.086 1.706 1.602 2.365 0.819 0.226 0.080 0.636 0.096 0.789 2.527 0.808 0.000 
0 test2fip_consistent 0.692 0.000 0.000 0.000 0.116 0.000 1.477 0.080 0.028 0.823 0.000 1.400 0.000 1.924 2.493 0.000 3.404 2.426 0.000 0.000 1.093 0.000 0.193 0.000 1.374 0.249 0.000 0.000 2.125 0.708 1.429 0.064 0.125 0.286 0.079 0.000 0.000 2.338 0.000 0.410 
1 test2fip_inconsistent 0.692 0.000 0.000 0.000 0.116 0.000 1.477 0.080 0.028 0.823 0.000 1.400 0.000 1.924 2.493 0.000 3.404 2.426 0.000 0.000 0.582 0.000 0.449 0.000 0.682 0.331 0.130 0.000 1.542 0.154 0.620 1.263 0.012 3.351 0.684 0.000 2.010 3.886 0.000 0.000 
0 test2fip_consistent 0.748 0.000 0.000 0.669 0.000 0.000 0.574 0.000 2.936 0.698 0.000 0.000 3.779 0.000 2.586 0.630 0.000 2.459 0.142 0.763 1.099 1.163 0.952 0.636 0.000 0.167 0.000 0.000 1.177 0.000 0.459 0.000 0.001 1.626 0.000 1.372 1.392 0.000 0.000 2.214 
1 test2fip_inconsistent 0.748 0.000 0.000 0.669 0.000 0.000 0.574 0.000 2.936 0.698 0.000 0.000 3.779 0.000 2.586 0.630 0.000 2.459 0.142 0.763 1.142 0.805 0.754 0.180 0.000 0.000 0.000 0.000 3.526 0.000 0.000 0.000 2.408 0.806 1.693 1.983 0.802 2.189 0.000 2.535 
0 test2fip_consistent 0.683 3.026 1.900 0.000 0.000 3.076 0.490 1.974 0.000 0.104 0.000 0.000 0.988 0.897 0.000 0.637 0.000 0.000 0.000 1.479 0.423 0.064 2.086 0.716 0.003 0.000 0.000 1.011 0.947 0.795 0.000 0.000 1.169 2.580 0.000 0.104 0.000 0.938 0.000 0.767 
1 test2fip_inconsistent 0.683 3.026 1.900 0.000 0.000 3.076 0.490 1.974 0.000 0.104 0.000 0.000 0.988 0.897 0.000 0.637 0.000 0.000 0.000 1.479 0.000 3.297 2.873 0.247 0.000 1.796 0.000 2.944 0.197 0.061 0.000 0.000 1.995 2.294 0.000 0.000 0.000 0.606 0.000 2.374 
0 test2fip_consistent 0.000 0.562 0.367 0.548 1.097 2.414 0.000 0.000 0.000 0.319 0.000 3.485 2.208 0.000 2.183 0.499 0.565 0.191 0.859 1.079 0.000 1.637 0.000 2.843 0.000 0.659 0.000 0.000 0.000 0.190 0.000 0.130 0.000 0.000 0.743 0.734 1.298 0.032 0.604 0.000 
1 test2fip_inconsistent 0.000 0.562 0.367 0.548 1.097 2.414 0.000 0.000 0.000 0.319 0.000 3.485 2.208 0.000 2.183 0.499 0.565 0.191 0.859 1.079 0.000 2.273 0.000 2.092 0.789 2.711 0.000 0.000 0.000 0.800 0.000 2.688 1.409 0.000 1.352 1.365 2.415 0.000 1.177 0.000 
0 test2fip_consistent 0.117 0.278 0.000 3.140 2.215 1.778 2.161 1.115 0.218 0.000 0.000 0.000 1.392 2.367 0.000 1.403 1.447 0.000 0.002 0.004 1.516 1.234 0.000 0.499 0.144 0.993 0.290 0.574 1.167 0.653 0.803 0.000 0.065 0.115 0.000 1.334 0.114 0.000 1.864 0.033 
1 test2fip_inconsistent 0.117 0.278 0.000 3.140 2.215 1.778 2.161 1.115 0.218 0.000 0.000 0.000 1.392 2.367 0.000 1.403 1.447 0.000 0.002 0.004 1.462 0.976 0.000 3.379 1.664 1.106 1.586 1.207 0.881 0.000 1.478 0.000 0.929 1.769 0.000 2.179 1.032 0.000 1.798 0.000 
0 test2fip_consistent 0.000 3.233 0.000 2.369 0.000 0.042 0.000 0.000 0.000 0.000 0.146 0.000 0.000 0.258 0.000 3.592 0.000 1.835 0.000 2.840 0.000 0.121 0.000 1.120 1.075 0.000 0.000 0.000 0.019 1.824 0.011 0.000 0.000 2.751 0.000 1.428 0.000 0.000 0.000 0.058 
1 test2fip_inconsistent 0.000 3.233 0.000 2.369 0.000 0.042 0.000 0.000 0.000 0.000 0.146 0.000 0.000 0.258 0.000 3.592 0.000 1.835 0.000 2.840 0.000 1.462 0.000 2.259 0.486 0.000 0.000 0.000 0.000 0.876 0.000 0.000 0.000 1.712 0.000 4.629 0.000 1.614 0.000 1.480 
0 test2fip_consistent 2.340 2.467 0.000 0.748 0.000 0.000 0.000 0.000 3.092 2.143 0.880 1.566 0.468 0.000 0.000 0.000 0.000 1.569 0.000 0.000 1.783 1.183 0.000 0.021 0.000 0.000 0.000 0.000 0.000 0.356 1.629 0.395 2.534 0.000 0.000 0.000 0.176 0.000 0.000 1.222 
1 test2fip_inconsistent 2.340 2.467 0.000 0.748 0.000 0.000 0.000 0.000 3.092 2.143 0.880 1.566 0.468 0.000 0.000 0.000 0.000 1.569 0.000 0.000 3.090 3.388 0.000 0.928 0.000 0.000 0.000 0.000 1.549 2.566 1.273 0.950 1.889 0.000 0.000 0.000 0.000 1.604 0.000 0.760 
0 test2fip_consistent 0.000 0.805 0.056 0.279 0.000 2.080 0.000 2.154 0.640 0.000 1.019 2.719 0.000 0.022 1.017 0.000 0.000 1.168 0.667 1.710 1.290 0.005 0.128 0.979 0.000 2.428 0.000 0.426 1.654 0.000 0.047 0.109 0.000 0.507 0.000 0.000 1.738 0.119 0.348 0.000 
1 test2fip_inconsistent 0.000 0.805 0.056 0.279 0.000 2.080 0.000 2.154 0.640 0.000 1.019 2.719 0.000 0.022 1.017 0.000 0.000 1.168 0.667 1.710 1.312 0.172 0.000 0.724 0.000 3.024 0.000 0.929 2.631 0.000 1.876 2.241 0.000 0.715 0.777 0.000 1.654 0.871 1.634 2.140 
0 test2fip_consistent 0.606 0.000 0.000 0.000 0.000 0.000 3.279 0.000 0.000 0.950 0.247 0.267 0.692 0.048 2.551 0.924 0.000 0.000 2.741 1.792 0.000 0.000 0.502 1.412 0.449 0.215 1.571 0.081 0.244 0.000 1.683 0.000 0.062 0.999 0.075 1.331 1.134 0.000 0.349 0.000 
1 test2fip_inconsistent 0.606 0.000 0.000 0.000 0.000 0.000 3.279 0.000 0.000 0.950 0.247 0.267 0.692 0.048 2.551 0.924 0.000 0.000 2.741 1.792 0.000 0.000 0.000 1.054 0.000 0.000 4.083 0.000 0.205 0.000 1.656 0.000 1.643 0.278 2.914 0.540 0.634 0.000 1.964 0.308 
0 test2fip_consistent 1.112 0.000 0.000 1.043 1.446 2.849 0.000 0.000 0.000 0.684 0.277 1.355 0.000 0.081 4.179 1.053 0.000 0.079 1.263 1.403 1.483 0.000 0.090 1.397 1.047 0.808 0.000 2.393 0.001 0.000 0.285 0.000 0.143 0.000 0.005 0.000 0.000 1.826 0.000 0.536 
1 test2fip_inconsistent 1.112 0.000 0.000 1.043 1.446 2.849 0.000 0.000 0.000 0.684 0.277 1.355 0.000 0.081 4.179 1.053 0.000 0.079 1.263 1.403 1.037 0.000 0.000 2.253 1.694 3.786 1.426 1.341 0.100 0.116 0.610 0.816 0.247 0.000 1.745 0.000 0.000 1.827 0.000 2.511 
0 test2fip_consistent 0.176 0.000 2.301 0.950 0.000 0.019 1.134 1.365 2.814 0.000 0.000 0.000 1.311 0.000 0.000 3.780 0.000 0.000 0.000 0.000 1.488 0.780 0.167 0.036 0.036 0.000 2.243 0.000 0.226 0.000 0.000 0.000 2.695 0.000 0.000 0.000 0.000 0.000 0.280 0.000 
1 test2fip_inconsistent 0.176 0.000 2.301 0.950 0.000 0.019 1.134 1.365 2.814 0.000 0.000 0.000 1.311 0.000 0.000 3.780 0.000 0.000 0.000 0.000 1.077 0.082 0.771 0.000 0.000 0.000 3.424 1.409 2.156 0.000 0.000 0.000 3.997 0.000 0.000 2.575 0.000 0.000 0.000 0.000 
0 test2fip_consistent 0.206 0.000 1.889 3.555 0.000 0.000 0.000 0.776 0.000 3.668 0.000 0.000 0.438 0.000 0.000 0.000 0.000 2.867 0.000 0.093 0.000 0.899 0.000 0.442 0.328 0.033 0.000 1.105 1.624 1.824 0.013 1.217 2.015 0.000 0.284 0.000 0.001 1.274 0.000 0.291 
1 test2fip_inconsistent 0.206 0.000 1.889 3.555 0.000 0.000 0.000 0.776 0.000 3.668 0.000 0.000 0.438 0.000 0.000 0.000 0.000 2.867 0.000 0.093 0.000 0.627 0.000 3.949 0.709 0.029 0.000 0.482 1.390 3.686 0.000 0.207 1.182 0.000 0.000 0.000 0.000 2.447 0.000 0.000 
0 test2fip_consistent 0.355 2.946 0.000 0.000 0.308 0.000 0.000 2.523 0.000 0.000 0.279 0.197 4.007 1.352 0.000 0.267 0.000 0.000 0.000 1.493 1.367 0.000 0.350 0.000 0.000 0.000 0.000 0.223 0.000 2.131 0.000 1.560 1.214 0.504 0.000 0.432 0.197 0.470 1.356 0.363 
1 test2fip_inconsistent 0.355 2.946 0.000 0.000 0.308 0.000 0.000 2.523 0.000 0.000 0.279 0.197 4.007 1.352 0.000 0.267 0.000 0.000 0.000 1.493 0.847 0.327 0.272 0.000 0.000 0.000 0.000 2.406 0.000 1.107 0.000 0.915 5.103 0.966 0.000 0.000 0.316 0.059 0.034 1.296 
0 test2fip_consistent 0.000 0.613 1.915 0.000 0.000 2.067 0.000 0.000 0.000 0.000 0.000 0.000 2.886 0.495 0.667 0.280 0.000 0.000 0.000 3.600 1.617 0.113 0.103 0.000 0.000 0.913 0.000 1.245 0.997 0.215 1.495 0.000 0.362 0.065 0.000 0.000 2.260 0.052 1.933 0.501 
1 test2fip_inconsistent 0.000 0.613 1.915 0.000 0.000 2.067 0.000 0.000 0.000 0.000 0.000 0.000 2.886 0.495 0.667 0.280 0.000 0.000 0.000 3.600 0.766 0.146 2.589 0.000 0.000 2.651 0.000 0.697 0.767 0.000 1.054 0.000 2.258 0.187 0.085 0.000 2.517 0.000 0.709 3.174 
0 test2fip_consistent 0.000 0.000 0.022 3.044 1.602 0.000 2.618 1.495 0.070 1.422 0.113 0.004 0.000 0.000 0.000 0.000 0.000 0.615 2.372 1.608 0.000 0.000 0.000 0.757 0.151 0.000 0.774 0.000 1.216 0.638 0.000 0.568 0.084 3.349 0.172 0.000 0.000 0.390 0.080 0.822 
1 test2fip_inconsistent 0.000 0.000 0.022 3.044 1.602 0.000 2.618 1.495 0.070 1.422 0.113 0.004 0.000 0.000 0.000 0.000 0.000 0.615 2.372 1.608 0.000 0.000 0.000 2.311 0.000 0.000 2.705 0.000 1.310 2.259 0.000 0.757 0.000 1.897 0.641 0.000 0.000 1.522 2.197 2.870 
0 test2fip_consistent 0.000 0.774 0.932 0.067 1.295 0.000 3.259 0.116 1.831 1.279 1.801 0.037 0.000 1.475 0.000 1.233 1.555 0.000 0.000 0.605 0.000 1.284 0.377 0.813 0.041 0.000 0.140 1.137 0.012 1.470 0.000 0.930 0.000 1.326 0.615 0.101 0.735 1.963 0.683 0.540 
1 test2fip_inconsistent 0.000 0.774 0.932 0.067 1.295 0.000 3.259 0.116 1.831 1.279 1.801 0.037 0.000 1.475 0.000 1.233 1.555 0.000 0.000 0.605 0.000 1.506 1.168 1.192 1.188 0.000 2.394 0.793 2.082 2.717 1.851 0.902 0.000 2.478 0.622 0.862 0.712 1.031 0.710 1.196 
0 test2fip_consistent 0.000 0.000 0.000 0.000 0.000 1.674 0.703 2.710 0.000 2.178 0.000 0.038 0.000 2.499 1.470 0.971 0.333 3.239 0.000 0.000 1.681 0.000 0.000 0.000 0.000 0.196 1.860 0.797 0.087 0.194 0.000 0.000 0.000 0.302 0.000 0.956 2.859 0.557 0.000 0.000 
1 test2fip_inconsistent 0.000 0.000 0.000 0.000 0.000 1.674 0.703 2.710 0.000 2.178 0.000 0.038 0.000 2.499 1.470 0.971 0.333 3.239 0.000 0.000 1.226 0.000 0.000 0.000 0.000 1.254 2.657 2.227 0.000 1.129 0.000 0.000 0.000 2.866 0.000 1.623 1.905 3.359 0.000 0.000 
0 test2fip_consistent 0.000 0.000 1.730 3.586 0.000 0.000 0.246 0.215 0.000 0.376 0.000 0.530 1.835 0.000 0.000 0.000 3.987 0.000 0.011 0.030 0.000 1.434 0.000 0.712 0.000 0.134 1.271 0.000 0.000 0.000 0.000 0.385 0.000 0.000 0.000 0.000 1.102 0.528 1.088 2.318 
1 test2fip_inconsistent 0.000 0.000 1.730 3.586 0.000 0.000 0.246 0.215 0.000 0.376 0.000 0.530 1.835 0.000 0.000 0.000 3.987 0.000 0.011 0.030 0.000 1.214 0.074 3.662 0.000 0.000 0.386 0.132 0.000 0.000 0.000 0.487 1.313 0.000 0.000 0.000 3.892 2.208 0.985 1.486 
0 test2fip_consistent 0.000 0.000 1.410 0.047 0.000 0.000 0.868 0.000 0.000 0.885 0.000 0.000 0.000 2.699 1.090 0.000 0.000 1.062 3.664 1.900 0.000 1.226 0.280 2.477 0.000 0.000 0.869 0.019 0.003 2.004 0.000 0.186 0.000 0.000 0.516 0.000 0.000 1.347 0.000 0.733 
1 test2fip_inconsistent 0.000 0.000 1.410 0.047 0.000 0.000 0.868 0.000 0.000 0.885 0.000 0.000 0.000 2.699 1.090 0.000 0.000 1.062 3.664 1.900 0.000 0.774 1.767 1.690 0.000 0.000 1.010 0.000 0.000 2.700 0.000 0.000 0.000 1.263 2.310 0.000 0.000 1.748 2.581 2.588 
0 test2fip_consistent 0.000 0.104 0.615 3.293 1.100 0.341 1.280 0.000 0.000 3.051 0.000 0.000 0.703 1.684 0.000 0.000 0.227 0.000 2.904 0.230 0.077 0.745 0.484 1.066 0.051 0.821 2.985 0.000 0.000 0.000 0.360 0.000 0.000 0.539 0.000 0.937 0.066 0.000 0.626 1.965 
1 test2fip_inconsistent 0.000 0.104 0.615 3.293 1.100 0.341 1.280 0.000 0.000 3.051 0.000 0.000 0.703 1.684 0.000 0.000 0.227 0.000 2.904 0.230 0.000 0.688 0.621 2.869 0.668 0.829 3.475 0.000 0.000 2.235 0.000 0.000 0.843 1.672 0.000 0.587 0.004 0.000 3.371 0.930 
0 test2fip_consistent 0.865 2.275 0.136 1.818 0.775 0.000 0.225 0.909 0.229 1.296 0.368 0.000 0.000 3.421 0.458 0.000 0.000 0.000 1.041 1.855 0.000 0.784 0.000 0.000 0.002 0.000 0.018 0.000 1.009 0.000 0.107 0.000 0.326 0.811 2.665 1.347 0.000 0.000 0.000 0.101 
1 test2fip_inconsistent 0.865 2.275 0.136 1.818 0.775 0.000 0.225 0.909 0.229 1.296 0.368 0.000 0.000 3.421 0.458 0.000 0.000 0.000 1.041 1.855 0.000 1.050 0.000 0.887 0.579 0.000 0.205 1.180 0.655 1.786 0.000 0.000 0.101 3.660 3.176 0.981 0.000 0.000 0.055 2.000 
0 test2fip_consistent 0.276 0.627 1.611 0.000 2.361 3.406 0.000 0.000 0.000 1.192 0.000 3.392 0.000 0.000 0.000 1.080 0.000 0.184 0.000 0.000 0.000 0.097 0.953 0.734 0.452 0.026 0.000 0.819 0.000 0.261 0.000 0.093 0.000 0.375 0.000 0.941 0.000 2.896 0.000 0.186 
1 test2fip_inconsistent 0.276 0.627 1.611 0.000 2.361 3.406 0.000 0.000 0.000 1.192 0.000 3.392 0.000 0.000 0.000 1.080 0.000 0.184 0.000 0.000 0.213 0.683 3.021 0.492 1.841 2.191 0.000 0.576 0.000 1.736 0.000 2.249 0.000 0.857 0.000 0.652 0.000 3.171 0.000 0.000 
0 test2fip_consistent 0.000 0.000 0.648 0.769 0.551 0.000 1.062 0.164 0.000 0.000 0.200 2.405 1.885 0.750 0.726 0.861 2.689 2.679 0.000 1.418 0.126 1.190 0.000 0.475 0.059 0.000 0.068 1.200 0.000 0.000 0.990 0.668 0.920 1.181 2.904 0.051 0.000 0.000 0.000 1.186 
1 test2fip_inconsistent 0.000 0.000 0.648 0.769 0.551 0.000 1.062 0.164 0.000 0.000 0.200 2.405 1.885 0.750 0.726 0.861 2.689 2.679 0.000 1.418 0.036 0.676 0.000 1.268 0.990 0.000 0.000 0.938 0.235 0.000 0.925 2.102 1.357 1.077 2.435 0.648 3.453 1.425 0.000 2.909 
0 test2fip_consistent 0.000 0.000 0.277 0.000 3.935 0.000 0.000 2.599 1.157 0.396 0.000 0.000 0.000 0.865 0.000 1.124 2.525 0.000 0.000 0.258 0.200 1.251 1.599 0.125 0.000 0.558 0.000 0.543 1.864 0.400 0.000 0.000 0.000 2.065 1.263 1.428 0.480 0.148 0.000 0.000 
1 test2fip_inconsistent 0.000 0.000 0.277 0.000 3.935 0.000 0.000 2.599 1.157 0.396 0.000 0.000 0.000 0.865 0.000 1.124 2.525 0.000 0.000 0.258 0.211 0.101 0.983 0.000 3.223 0.017 0.000 2.266 1.305 0.000 0.102 0.000 0.000 3.160 1.080 1.295 2.645 0.000 0.000 0.000 
0 test2fip_consistent 0.000 0.000 0.000 0.000 2.046 0.000 0.000 1.297 0.000 0.000 2.348 1.551 0.018 4.047 0.000 0.695 0.531 0.000 0.000 0.000 0.000 2.608 0.000 0.185 0.000 0.000 0.000 0.053 1.834 0.000 1.220 0.847 0.038 0.000 1.059 0.117 0.068 0.141 0.000 1.417 
1 test2fip_inconsistent 0.000 0.000 0.000 0.000 2.046 0.000 0.000 1.297 0.000 0.000 2.348 1.551 0.018 4.047 0.000 0.695 0.531 0.000 0.000 0.000 0.000 1.731 0.000 0.000 0.000 0.000 0.000 2.256 3.207 0.000 1.964 2.464 0.000 2.278 0.441 1.072 1.124 1.421 0.000 1.381 
0 test2fip_consistent 0.000 0.000 0.014 0.000 0.000 5.099 0.341 1.438 0.557 0.604 0.000 0.000 0.000 0.000 0.144 0.000 0.000 3.296 0.174 0.324 0.000 0.000 0.000 0.277 0.020 0.400 0.950 2.328 1.378 0.000 0.118 1.226 2.107 0.000 0.470 0.000 0.000 0.798 0.228 1.576 
1 test2fip_inconsistent 0.000 0.000 0.014 0.000 0.000 5.099 0.341 1.438 0.557 0.604 0.000 0.000 0.000 0.000 0.144 0.000 0.000 3.296 0.174 0.324 0.000 0.000 0.000 1.039 0.000 4.506 0.996 2.078 1.093 0.000 0.000 0.742 1.600 0.000 0.355 0.000 0.000 2.136 0.000 1.769 
0 test2fip_consistent 0.074 0.481 0.001 0.000 1.447 1.697 0.000 1.915 1.846 2.920 0.690 0.522 2.532 0.121 0.270 0.733 0.000 0.000 2.688 0.000 1.952 0.000 0.071 0.000 0.054 0.844 0.569 0.000 1.631 0.121 1.093 0.000 0.622 0.032 1.798 0.000 0.000 0.000 1.314 0.000 
1 test2fip_inconsistent 0.074 0.481 0.001 0.000 1.447 1.697 0.000 1.915 1.846 2.920 0.690 0.522 2.532 0.121 0.270 0.733 0.000 0.000 2.688 0.000 0.929 0.225 0.000 0.000 0.545 1.916 0.198 1.049 2.590 0.870 0.337 0.062 2.938 0.000 1.079 1.871 0.000 0.000 2.801 0.000 
0 test2fip_consistent 0.000 1.780 0.000 0.000 1.613 0.000 0.000 1.848 0.456 0.086 0.050 2.751 2.866 0.000 0.533 0.000 0.426 1.562 0.000 1.866 0.000 0.000 0.000 0.053 0.000 0.357 0.000 0.000 1.388 0.122 0.000 1.095 0.449 0.000 3.313 0.000 0.000 1.103 0.748 1.002 
1 test2fip_inconsistent 0.000 1.780 0.000 0.000 1.613 0.000 0.000 1.848 0.456 0.086 0.050 2.751 2.866 0.000 0.533 0.000 0.426 1.562 0.000 1.866 0.000 1.770 0.000 0.000 0.620 0.000 0.000 0.111 1.891 0.069 0.000 3.777 2.257 0.000 2.620 0.000 0.639 2.449 0.402 0.678 
0 test2fip_consistent 1.917 0.000 0.878 4.980 0.000 0.827 1.048 0.000 0.636 0.000 0.000 0.000 0.377 2.549 0.635 0.262 0.000 0.000 0.000 0.000 0.447 0.000 0.054 0.000 0.000 0.391 0.000 0.000 0.000 0.000 0.000 0.000 0.062 2.834 0.000 1.247 0.749 0.000 1.661 1.414 
1 test2fip_inconsistent 1.917 0.000 0.878 4.980 0.000 0.827 1.048 0.000 0.636 0.000 0.000 0.000 0.377 2.549 0.635 0.262 0.000 0.000 0.000 0.000 2.680 0.000 0.378 2.127 0.000 0.338 0.000 0.000 0.358 0.000 0.000 0.000 0.891 4.314 1.849 0.749 0.519 0.000 0.821 0.937 
0 test2fip_consistent 0.000 0.280 0.000 3.422 0.237 0.774 2.955 0.000 2.029 0.000 1.329 1.097 1.514 0.990 0.000 0.030 0.000 0.000 0.000 1.976 0.000 0.000 0.000 1.030 0.000 2.268 0.735 0.000 0.311 0.000 2.823 0.074 0.040 0.350 1.050 0.000 0.000 0.679 0.032 0.278 
1 test2fip_inconsistent 0.000 0.280 0.000 3.422 0.237 0.774 2.955 0.000 2.029 0.000 1.329 1.097 1.514 0.990 0.000 0.030 0.000 0.000 0.000 1.976 0.000 0.444 0.000 3.609 0.316 2.654 2.725 0.000 1.941 0.000 2.356 1.468 0.899 0.397 0.595 0.000 0.000 0.000 0.000 1.638 
0 test2fip_consistent 0.920 2.790 0.519 0.907 2.191 0.000 1.848 1.232 0.762 0.000 0.000 1.539 0.000 1.595 0.000 1.356 1.215 0.364 0.052 0.000 0.000 0.000 0.359 0.000 0.001 0.000 0.000 0.106 0.196 0.037 1.557 2.184 0.000 1.475 0.000 0.956 0.407 0.141 0.000 0.597 
1 test2fip_inconsistent 0.920 2.790 0.519 0.907 2.191 0.000 1.848 1.232 0.762 0.000 0.000 1.539 0.000 1.595 0.000 1.356 1.215 0.364 0.052 0.000 0.265 1.338 1.242 0.000 2.908 0.122 1.319 0.581 0.402 0.000 1.156 2.856 0.000 0.893 0.000 1.329 1.667 1.219 0.000 0.339 
0 test2fip_consistent 1.778 0.000 0.000 0.000 0.082 0.000 1.932 0.849 1.827 0.000 0.689 0.080 0.000 2.594 0.150 2.692 1.577 0.000 0.000 2.626 0.000 0.000 0.000 0.047 0.036 0.000 0.000 0.000 2.388 0.000 2.315 0.000 0.000 0.040 0.000 0.000 1.163 0.000 0.000 1.540 
1 test2fip_inconsistent 1.778 0.000 0.000 0.000 0.082 0.000 1.932 0.849 1.827 0.000 0.689 0.080 0.000 2.594 0.150 2.692 1.577 0.000 0.000 2.626 0.656 0.000 0.000 0.000 0.000 0.000 3.161 0.000 3.266 0.000 1.703 0.000 0.000 1.470 0.000 0.426 2.573 0.000 0.000 3.006 
0 test2fip_consistent 0.000 0.000 0.577 0.425 1.943 3.724 0.237 1.103 1.985 0.000 0.000 2.141 0.000 1.478 0.000 0.713 0.000 0.000 0.775 0.000 0.122 0.203 0.000 1.256 0.709 0.609 2.568 1.689 0.340 0.050 0.000 0.170 0.872 0.375 0.000 0.984 0.000 0.579 0.078 0.265 
1 test2fip_inconsistent 0.000 0.000 0.577 0.425 1.943 3.724 0.237 1.103 1.985 0.000 0.000 2.141 0.000 1.478 0.000 0.713 0.000 0.000 0.775 0.000 0.000 0.114 0.000 0.426 1.821 4.564 1.981 1.615 2.089 1.270 0.000 0.936 0.480 1.317 0.000 0.887 0.000 0.000 0.000 0.332 
0 test2fip_consistent 1.678 0.000 0.599 0.000 2.175 2.029 0.761 0.000 2.142 1.706 0.000 0.007 0.486 0.000 0.633 0.000 0.803 3.036 0.000 0.722 0.246 0.000 1.954 0.008 1.040 0.232 0.336 1.704 0.000 0.662 0.668 1.217 1.369 0.059 0.073 0.000 0.530 0.754 0.724 0.000 
1 test2fip_inconsistent 1.678 0.000 0.599 0.000 2.175 2.029 0.761 0.000 2.142 1.706 0.000 0.007 0.486 0.000 0.633 0.000 0.803 3.036 0.000 0.722 2.351 0.000 1.575 0.000 2.997 0.000 0.684 1.646 1.076 2.266 0.398 0.352 1.016 0.000 0.000 0.000 0.000 3.491 0.280 0.281 
0 test2fip_consistent 3.381 1.280 0.000 0.000 2.219 0.000 0.000 2.018 1.454 3.534 0.226 0.000 0.000 0.000 1.258 1.548 0.000 0.000 0.000 0.000 0.477 0.083 0.000 0.000 2.078 0.622 0.000 0.000 0.000 0.320 0.000 0.000 0.609 0.787 2.199 1.328 0.452 0.000 1.303 0.000 
1 test2fip_inconsistent 3.381 1.280 0.000 0.000 2.219 0.000 0.000 2.018 1.454 3.534 0.226 0.000 0.000 0.000 1.258 1.548 0.000 0.000 0.000 0.000 2.291 0.392 0.000 0.000 2.288 0.218 0.000 1.673 0.000 3.345 0.000 0.000 1.277 0.684 2.805 1.782 0.366 0.000 0.155 0.000 
0 test2fip_consistent 0.000 0.000 0.000 0.632 1.795 2.382 0.000 1.193 0.502 1.025 0.000 0.000 1.170 0.000 4.104 0.000 0.607 1.168 0.933 0.000 0.000 0.577 0.000 0.000 0.090 0.952 0.000 0.567 2.636 0.000 0.000 0.420 1.128 0.000 1.077 0.103 1.740 0.000 0.000 0.000 
1 test2fip_inconsistent 0.000 0.000 0.000 0.632 1.795 2.382 0.000 1.193 0.502 1.025 0.000 0.000 1.170 0.000 4.104 0.000 0.607 1.168 0.933 0.000 0.000 0.438 0.000 0.000 1.376 2.750 0.000 0.585 2.244 0.000 0.000 0.000 1.724 0.000 4.138 0.013 1.902 1.587 0.362 0.000 
0 test2fip_consistent 2.145 0.000 0.000 0.000 1.969 1.932 0.000 0.000 2.113 2.842 0.000 0.000 0.000 0.347 2.402 0.000 0.000 0.000 0.000 0.484 0.655 0.000 0.000 0.000 1.358 0.000 0.000 0.000 1.026 1.069 1.341 2.163 1.909 1.177 0.000 1.280 0.000 0.000 0.000 0.407 
1 test2fip_inconsistent 2.145 0.000 0.000 0.000 1.969 1.932 0.000 0.000 2.113 2.842 0.000 0.000 0.000 0.347 2.402 0.000 0.000 0.000 0.000 0.484 3.289 0.000 0.185 0.000 1.212 2.310 0.000 0.000 1.212 3.868 0.339 1.771 0.331 0.866 0.540 1.099 0.000 0.000 0.000 0.892 
0 test2fip_consistent 2.230 0.000 2.062 0.813 0.337 0.725 1.724 0.000 0.000 0.000 1.229 0.561 0.012 0.000 0.000 0.000 0.000 0.000 3.806 0.289 0.975 0.000 0.115 0.729 0.454 1.425 0.783 0.000 0.000 0.000 0.228 0.994 0.152 1.856 0.000 0.000 0.096 2.411 0.144 0.820 
1 test2fip_inconsistent 2.230 0.000 2.062 0.813 0.337 0.725 1.724 0.000 0.000 0.000 1.229 0.561 0.012 0.000 0.000 0.000 0.000 0.000 3.806 0.289 3.378 0.000 0.000 0.442 0.804 2.368 2.562 0.000 0.009 0.000 0.854 0.802 0.000 1.202 0.000 0.000 1.501 1.944 3.009 0.647 
0 test2fip_consistent 1.568 0.000 1.436 1.712 0.626 0.026 0.056 0.000 0.000 0.000 2.836 0.000 0.000 2.997 0.000 0.232 1.222 2.749 1.748 0.000 0.694 1.039 0.373 0.000 0.083 0.087 2.327 0.040 0.000 1.649 0.225 0.155 0.000 0.996 0.000 1.560 0.000 0.961 0.361 0.000 
1 test2fip_inconsistent 1.568 0.000 1.436 1.712 0.626 0.026 0.056 0.000 0.000 0.000 2.836 0.000 0.000 2.997 0.000 0.232 1.222 2.749 1.748 0.000 1.753 0.410 1.157 1.974 0.052 0.000 1.845 0.011 0.000 1.582 2.076 0.000 0.000 2.593 0.000 1.250 0.061 3.142 0.979 0.000 
0 test2fip_consistent 3.713 1.298 1.708 0.000 0.000 0.000 0.000 0.000 2.957 2.077 0.306 0.000 2.919 0.903 0.000 0.576 0.000 0.000 0.000 0.832 2.025 0.096 2.427 0.579 0.000 0.000 1.256 0.000 0.000 1.787 0.697 0.000 0.000 0.079 0.000 0.275 0.000 0.000 0.000 0.000 
1 test2fip_inconsistent 3.713 1.298 1.708 0.000 0.000 0.000 0.000 0.000 2.957 2.077 0.306 0.000 2.919 0.903 0.000 0.576 0.000 0.000 0.000 0.832 1.986 1.030 4.047 0.000 0.000 0.000 0.983 0.000 2.653 1.943 0.257 0.000 1.816 0.629 0.000 0.000 0.000 0.000 0.000 0.254 
0 test2fip_consistent 1.442 0.000 0.000 0.000 0.000 0.056 0.828 2.933 1.265 0.000 0.500 0.000 3.707 0.000 0.632 0.000 2.808 1.729 0.000 0.780 1.248 0.069 1.690 0.000 0.469 1.325 1.074 0.468 0.985 0.000 2.009 0.459 1.146 0.000 0.000 0.540 0.404 0.217 0.000 0.188 
1 test2fip_inconsistent 1.442 0.000 0.000 0.000 0.000 0.056 0.828 2.933 1.265 0.000 0.500 0.000 3.707 0.000 0.632 0.000 2.808 1.729 0.000 0.780 2.002 0.000 1.283 0.000 0.337 1.105 2.497 0.746 1.737 0.000 0.905 0.458 3.671 0.000 0.000 0.031 1.848 2.640 0.000 0.375 
0 test2fip_consistent 0.030 1.492 3.905 0.000 0.503 0.160 1.522 0.000 3.616 0.247 1.618 0.000 0.053 0.888 1.767 0.000 0.676 0.000 0.600 0.000 2.577 0.000 0.000 0.000 0.000 1.336 0.000 0.953 0.469 0.479 0.992 0.000 0.821 0.000 0.128 0.000 0.394 0.000 1.777 0.000 
1 test2fip_inconsistent 0.030 1.492 3.905 0.000 0.503 0.160 1.522 0.000 3.616 0.247 1.618 0.000 0.053 0.888 1.767 0.000 0.676 0.000 0.600 0.000 2.505 0.000 2.664 0.000 0.000 0.800 0.540 0.387 1.272 0.043 3.190 0.000 0.159 0.784 1.396 0.000 2.189 0.000 1.491 0.000 
0 test2fip_consistent 0.043 0.000 0.588 1.713 0.483 0.000 0.972 1.270 1.205 0.000 0.000 0.000 3.382 2.445 1.756 0.280 1.250 0.272 1.071 0.385 0.307 0.407 0.649 0.879 0.888 0.000 0.000 2.814 0.207 0.041 0.000 0.876 0.231 0.335 0.028 1.101 0.000 0.855 0.000 0.820 
1 test2fip_inconsistent 0.043 0.000 0.588 1.713 0.483 0.000 0.972 1.270 1.205 0.000 0.000 0.000 3.382 2.445 1.756 0.280 1.250 0.272 1.071 0.385 0.000 0.000 0.653 1.250 1.704 0.000 0.000 3.819 0.785 0.000 0.000 0.639 2.162 2.318 2.038 0.808 0.402 0.390 0.678 0.185 
0 test2fip_consistent 0.263 0.000 0.000 0.000 0.008 1.220 2.843 0.308 3.507 0.000 0.000 0.000 1.563 1.800 1.156 0.000 0.000 1.719 0.000 0.358 1.860 0.000 0.414 0.102 1.670 1.021 0.494 0.172 0.783 1.007 0.000 0.155 0.245 0.187 0.654 0.453 1.452 0.000 0.000 0.450 
1 test2fip_inconsistent 0.263 0.000 0.000 0.000 0.008 1.220 2.843 0.308 3.507 0.000 0.000 0.000 1.563 1.800 1.156 0.000 0.000 1.719 0.000 0.358 2.191 0.000 0.541 0.000 0.865 0.814 2.780 0.077 3.350 0.146 0.000 0.000 2.577 1.656 1.618 0.000 1.041 0.744 0.000 1.010 
0 test2fip_consistent 0.596 0.000 2.515 0.000 0.000 0.000 0.000 0.253 0.000 2.038 0.000 0.000 0.000 2.418 0.000 3.643 0.919 2.056 1.895 0.000 0.214 0.087 0.910 0.666 0.001 0.000 0.000 2.418 0.274 0.017 1.679 0.131 0.000 0.497 1.446 0.000 0.487 0.000 0.101 0.000 
1 test2fip_inconsistent 0.596 0.000 2.515 0.000 0.000 0.000 0.000 0.253 0.000 2.038 0.000 0.000 0.000 2.418 0.000 3.643 0.919 2.056 1.895 0.000 0.408 0.082 2.882 0.626 0.000 0.000 0.000 2.455 0.054 0.667 1.812 0.000 0.000 1.698 0.810 3.152 1.741 0.662 0.828 0.000 
0 test2fip_consistent 0.000 0.040 0.414 0.000 4.639 0.000 0.000 2.205 0.000 0.000 0.793 0.840 0.825 0.200 1.828 0.048 0.000 0.000 0.000 2.552 0.000 0.000 0.000 0.000 1.002 0.000 1.793 0.000 0.000 0.000 0.242 3.303 0.000 0.000 0.000 0.738 0.000 0.677 0.000 0.029 
1 test2fip_inconsistent 0.000 0.040 0.414 0.000 4.639 0.000 0.000 2.205 0.000 0.000 0.793 0.840 0.825 0.200 1.828 0.048 0.000 0.000 0.000 2.552 0.064 0.000 0.143 0.000 3.862 0.000 1.383 1.817 0.000 0.000 0.847 3.130 0.000 0.000 0.000 0.634 0.000 1.612 0.000 2.642 
0 test2fip_consistent 0.940 0.000 2.141 0.733 2.105 1.938 2.277 0.022 2.470 0.000 0.630 0.000 0.603 0.191 0.447 0.967 0.555 0.336 0.000 0.000 1.262 0.000 0.000 0.048 0.000 0.320 0.351 2.591 1.875 0.000 0.000 0.048 0.000 0.000 0.020 0.607 0.704 0.000 0.000 0.061 
1 test2fip_inconsistent 0.940 0.000 2.141 0.733 2.105 1.938 2.277 0.022 2.470 0.000 0.630 0.000 0.603 0.191 0.447 0.967 0.555 0.336 0.000 0.000 1.142 0.000 1.726 0.622 1.945 1.825 2.141 1.955 2.535 0.000 0.000 0.537 0.127 0.055 0.035 2.599 0.226 0.000 0.000 0.000 
0 test2fip_consistent 0.000 1.509 0.000 0.551 0.000 2.082 2.015 1.092 0.473 0.167 0.000 1.429 1.926 4.117 0.000 0.000 0.412 0.000 0.000 0.000 0.245 0.502 0.510 1.540 0.315 0.072 0.201 1.050 1.426 0.607 0.000 0.000 1.770 0.072 0.000 0.000 0.924 1.149 0.380 0.960 
1 test2fip_inconsistent 0.000 1.509 0.000 0.551 0.000 2.082 2.015 1.092 0.473 0.167 0.000 1.429 1.926 4.117 0.000 0.000 0.412 0.000 0.000 0.000 0.000 1.679 0.019 1.120 0.997 1.030 1.910 2.859 0.729 0.213 0.000 0.360 2.777 3.174 0.000 0.000 0.464 0.000 0.000 0.748 
0 test2fip_consistent 0.000 1.238 0.173 0.000 2.069 0.006 0.000 0.227 3.685 0.000 0.611 0.000 0.000 3.365 0.000 0.000 0.000 0.522 1.119 0.000 0.000 0.087 0.690 0.000 0.153 0.000 0.000 2.797 0.692 0.000 0.212 1.078 0.847 0.220 0.092 1.289 0.000 0.466 0.087 0.650 
1 test2fip_inconsistent 0.000 1.238 0.173 0.000 2.069 0.006 0.000 0.227 3.685 0.000 0.611 0.000 0.000 3.365 0.000 0.000 0.000 0.522 1.119 0.000 0.000 2.270 1.102 0.000 1.773 0.000 0.000 2.477 2.480 0.000 0.187 0.812 2.112 2.494 0.000 0.863 0.000 1.605 0.260 0.234 
0 test2fip_consistent 0.445 0.000 1.670 1.022 0.000 0.000 0.000 0.719 0.502 0.000 0.000 1.523 0.000 1.096 1.988 1.836 1.469 1.439 1.710 0.000 0.258 0.000 0.103 1.892 0.000 0.000 0.000 0.000 0.475 0.000 0.869 0.002 0.000 1.675 0.573 0.529 0.138 2.152 0.000 0.030 
1 test2fip_inconsistent 0.445 0.000 1.670 1.022 0.000 0.000 0.000 0.719 0.502 0.000 0.000 1.523 0.000 1.096 1.988 1.836 1.469 1.439 1.710 0.000 0.650 0.000 1.477 1.799 0.000 0.000 0.000 0.216 0.131 0.000 0.597 1.152 0.000 3.141 2.911 1.973 0.517 2.154 1.316 0.000 
0 test2fip_consistent 0.000 2.167 3.987 0.000 1.334 0.000 0.000 0.380 0.000 0.333 0.000 0.000 0.000 0.000 0.000 2.946 0.314 0.624 0.575 0.067 0.000 0.000 0.000 0.000 0.198 0.000 1.644 1.047 2.498 0.869 1.272 0.000 0.000 0.302 0.000 0.758 0.093 0.000 0.000 0.000 
1 test2fip_inconsistent 0.000 2.167 3.987 0.000 1.334 0.000 0.000 0.380 0.000 0.333 0.000 0.000 0.000 0.000 0.000 2.946 0.314 0.624 0.575 0.067 0.008 1.971 1.446 0.000 0.979 0.000 0.767 3.597 2.184 0.620 0.991 0.000 0.000 0.000 0.000 3.171 0.115 0.289 0.000 0.000 
0 test2fip_consistent 0.000 0.000 0.042 0.000 2.601 0.459 0.000 2.167 0.000 0.000 0.654 0.545 2.571 0.000 3.231 0.000 0.000 0.000 0.000 2.589 0.000 0.000 0.502 1.639 0.000 0.861 0.106 0.349 0.000 0.017 0.000 1.884 0.134 0.000 1.994 0.000 1.727 0.000 0.000 0.114 
1 test2fip_inconsistent 0.000 0.000 0.042 0.000 2.601 0.459 0.000 2.167 0.000 0.000 0.654 0.545 2.571 0.000 3.231 0.000 0.000 0.000 0.000 2.589 0.000 0.000 0.337 1.502 1.068 0.821 0.000 1.985 0.000 0.000 0.000 1.190 1.501 0.000 4.585 0.000 1.087 0.000 0.000 2.394 
0 test2fip_consistent 0.000 0.000 2.074 0.437 0.000 1.073 4.236 0.000 1.262 0.000 0.000 0.329 0.000 0.000 0.257 0.000 1.522 0.000 0.000 0.000 0.000 0.000 0.153 1.384 0.033 0.814 0.448 0.000 2.392 0.000 0.000 1.944 0.000 0.092 0.000 0.829 0.109 0.000 1.262 0.031 
1 test2fip_inconsistent 0.000 0.000 2.074 0.437 0.000 1.073 4.236 0.000 1.262 0.000 0.000 0.329 0.000 0.000 0.257 0.000 1.522 0.000 0.000 0.000 0.000 0.590 2.369 1.916 0.034 2.797 3.256 0.000 2.805 0.000 0.000 1.585 0.000 1.095 0.000 0.000 0.901 0.000 0.941 0.048 
0 test2fip_consistent 0.000 3.644 0.020 0.000 2.904 0.000 4.040 0.000 0.000 0.000 0.000 0.000 0.000 0.279 0.000 0.000 0.000 0.203 0.079 0.000 0.000 0.867 0.000 0.000 0.000 0.000 1.061 0.048 0.458 1.610 1.016 0.000 0.000 0.311 0.148 0.000 1.051 0.000 1.918 2.089 
1 test2fip_inconsistent 0.000 3.644 0.020 0.000 2.904 0.000 4.040 0.000 0.000 0.000 0.000 0.000 0.000 0.279 0.000 0.000 0.000 0.203 0.079 0.000 0.000 0.492 0.000 0.000 0.094 0.000 4.319 0.000 0.109 1.200 3.243 0.000 0.000 1.764 2.146 0.000 0.843 0.041 1.782 1.952 
0 test2fip_consistent 3.334 0.080 0.050 0.987 0.380 0.267 0.000 0.000 0.000 0.000 0.000 1.559 0.000 0.000 0.000 0.000 4.565 0.000 0.713 0.000 0.272 1.609 0.058 1.060 0.046 0.000 1.109 0.000 1.659 0.000 0.000 0.000 0.687 0.000 0.000 2.591 0.552 0.000 1.734 0.000 
1 test2fip_inconsistent 3.334 0.080 0.050 0.987 0.380 0.267 0.000 0.000 0.000 0.000 0.000 1.559 0.000 0.000 0.000 0.000 4.565 0.000 0.713 0.000 1.629 1.133 0.125 0.649 0.000 0.000 0.923 0.000 2.903 0.000 0.000 0.000 0.000 0.000 0.000 2.138 4.487 0.000 1.228 0.000 
0 test2fip_consistent 0.659 0.195 0.000 0.000 1.741 2.206 2.444 0.392 0.210 0.242 0.000 0.000 0.772 0.363 0.000 0.000 1.680 3.180 1.854 0.492 0.093 2.878 0.000 0.000 0.810 0.889 0.706 1.629 0.332 0.236 0.000 0.000 0.031 1.038 0.000 0.174 0.000 0.000 0.469 0.094 
1 test2fip_inconsistent 0.659 0.195 0.000 0.000 1.741 2.206 2.444 0.392 0.210 0.242 0.000 0.000 0.772 0.363 0.000 0.000 1.680 3.180 1.854 0.492 0.816 1.762 0.000 0.000 2.988 1.201 2.632 2.332 0.185 0.218 0.536 0.147 0.294 1.206 0.000 0.363 0.989 2.012 1.885 0.166 
0 test2fip_consistent 0.000 1.553 0.000 1.485 0.000 2.547 0.000 0.596 1.825 0.918 0.000 0.000 2.240 0.253 2.069 0.972 0.000 1.583 1.272 0.000 0.000 0.000 0.022 1.612 0.051 0.501 0.000 1.079 0.000 1.475 0.179 0.000 0.000 2.394 0.000 0.011 0.000 0.606 1.766 0.000 
1 test2fip_inconsistent 0.000 1.553 0.000 1.485 0.000 2.547 0.000 0.596 1.825 0.918 0.000 0.000 2.240 0.253 2.069 0.972 0.000 1.583 1.272 0.000 0.000 0.273 0.057 1.608 0.648 2.934 0.000 0.316 1.338 2.134 0.000 0.000 1.098 1.635 2.246 0.130 0.000 1.895 2.155 0.000 
0 test2fip_consistent 0.000 0.704 0.134 1.276 0.480 4.630 0.112 0.144 0.068 0.223 0.000 0.000 2.782 0.000 0.000 0.000 0.000 0.000 0.000 1.055 0.496 1.685 0.000 2.496 0.771 0.170 0.675 0.000 1.228 0.000 0.000 0.941 0.927 2.567 0.000 0.000 0.000 0.994 0.047 0.000 
1 test2fip_inconsistent 0.000 0.704 0.134 1.276 0.480 4.630 0.112 0.144 0.068 0.223 0.000 0.000 2.782 0.000 0.000 0.000 0.000 0.000 0.000 1.055 0.243 0.556 0.000 4.379 0.458 3.313 0.598 0.000 0.705 0.000 0.000 0.327 2.699 1.774 0.000 0.000 0.000 0.442 0.000 0.000 
0 test2fip_consistent 0.000 0.881 3.888 0.731 2.040 0.000 0.000 0.559 0.000 1.791 0.422 0.647 0.000 2.152 0.507 0.843 0.000 1.747 1.804 0.579 1.377 0.000 2.026 1.804 0.269 0.427 0.000 0.396 1.196 0.000 1.387 0.000 0.181 0.000 0.672 0.024 0.000 0.755 0.703 0.000 
1 test2fip_inconsistent 0.000 0.881 3.888 0.731 2.040 0.000 0.000 0.559 0.000 1.791 0.422 0.647 0.000 2.152 0.507 0.843 0.000 1.747 1.804 0.579 0.404 0.556 4.033 1.447 2.549 0.066 0.000 0.000 1.849 0.217 1.175 0.000 0.000 2.494 0.905 0.785 0.046 1.648 1.066 0.092 
0 test2fip_consistent 0.000 0.437 0.000 0.385 0.000 0.000 0.000 3.899 0.569 3.465 0.000 0.000 0.000 0.000 0.048 0.000 0.186 0.000 1.002 2.806 0.000 0.325 0.000 1.835 0.000 0.000 0.000 0.000 3.297 1.046 0.000 0.000 0.000 0.000 0.088 0.000 0.000 0.023 0.000 0.680 
1 test2fip_inconsistent 0.000 0.437 0.000 0.385 0.000 0.000 0.000 3.899 0.569 3.465 0.000 0.000 0.000 0.000 0.048 0.000 0.186 0.000 1.002 2.806 0.000 0.000 0.000 1.859 0.000 0.204 0.000 2.450 3.233 3.429 0.000 0.000 0.000 0.000 0.000 0.000 0.330 0.000 0.700 2.994 
0 test2fip_consistent 2.055 2.087 3.162 0.000 0.000 0.000 0.494 0.118 1.936 0.000 0.000 2.661 0.000 1.431 1.010 0.818 0.514 0.000 2.329 0.000 0.000 0.000 0.718 0.000 1.545 0.000 0.175 0.563 0.054 0.000 2.231 2.023 0.000 0.000 0.112 0.604 0.000 0.311 0.488 0.000 
1 test2fip_inconsistent 2.055 2.087 3.162 0.000 0.000 0.000 0.494 0.118 1.936 0.000 0.000 2.661 0.000 1.431 1.010 0.818 0.514 0.000 2.329 0.000 1.056 1.927 0.853 0.000 0.351 0.000 0.826 0.242 0.947 0.000 1.802 3.671 0.000 1.535 0.639 1.795 0.319 1.210 2.688 0.000 
0 test2fip_consistent 0.000 0.000 0.000 1.909 0.000 0.000 0.002 0.000 0.000 0.000 3.272 0.000 0.000 0.000 0.000 0.000 0.589 2.066 0.000 3.903 0.000 0.103 0.126 0.113 2.437 0.000 0.000 0.400 0.264 0.068 0.958 0.000 0.060 0.000 0.839 2.575 0.740 0.075 0.000 0.480 
1 test2fip_inconsistent 0.000 0.000 0.000 1.909 0.000 0.000 0.002 0.000 0.000 0.000 3.272 0.000 0.000 0.000 0.000 0.000 0.589 2.066 0.000 3.903 0.000 0.000 0.000 0.712 1.628 0.000 0.000 0.190 0.000 0.004 3.490 0.000 0.000 0.000 0.828 1.979 2.052 1.529 0.000 3.361 
0 test2fip_consistent 0.000 0.405 0.000 0.254 2.297 0.000 0.000 1.467 1.440 2.098 0.907 3.277 0.000 0.000 1.503 0.000 0.000 0.401 0.373 0.336 0.000 1.356 0.000 0.000 0.761 0.000 0.284 1.196 0.504 0.091 1.004 0.416 0.000 0.285 0.000 0.000 0.000 0.775 1.548 3.000 
1 test2fip_inconsistent 0.000 0.405 0.000 0.254 2.297 0.000 0.000 1.467 1.440 2.098 0.907 3.277 0.000 0.000 1.503 0.000 0.000 0.401 0.373 0.336 0.000 1.236 0.000 0.000 2.302 0.000 0.105 1.804 2.524 2.700 0.944 2.939 0.000 0.000 0.000 0.000 0.000 0.395 1.620 2.242 
0 test2fip_consistent 0.000 0.632 0.000 0.000 3.092 0.000 1.102 0.000 0.000 1.088 0.000 2.323 1.075 0.000 0.000 0.000 1.738 0.961 0.731 2.249 1.647 0.128 1.919 1.199 1.183 0.571 0.414 0.871 0.971 0.000 0.000 0.746 0.598 0.048 0.059 0.000 0.623 0.044 0.755 0.110 
1 test2fip_inconsistent 0.000 0.632 0.000 0.000 3.092 0.000 1.102 0.000 0.000 1.088 0.000 2.323 1.075 0.000 0.000 0.000 1.738 0.961 0.731 2.249 0.802 1.282 1.233 1.145 2.078 0.198 2.794 0.514 0.302 0.000 0.000 3.483 0.348 0.000 0.000 0.000 2.375 0.222 1.074 0.954 
0 test2fip_consistent 0.000 2.048 0.000 0.000 1.746 0.983 0.000 0.000 1.278 2.606 1.467 0.000 1.067 0.000 0.000 0.000 2.507 2.086 0.000 0.000 1.271 1.979 0.022 1.617 0.723 0.000 0.000 0.000 0.134 0.511 0.251 0.073 1.031 1.239 0.000 0.000 0.324 1.887 0.000 0.000 
1 test2fip_inconsistent 0.000 2.048 0.000 0.000 1.746 0.983 0.000 0.000 1.278 2.606 1.467 0.000 1.067 0.000 0.000 0.000 2.507 2.086 0.000 0.000 0.684 2.162 0.000 0.787 1.305 0.156 0.000 0.000 1.885 3.277 1.219 0.000 1.289 0.489 0.000 0.000 1.721 3.303 0.000 0.000 
0 test2fip_consistent 0.000 0.000 1.796 0.000 0.000 0.000 0.299 2.173 1.178 0.145 2.414 0.000 2.616 2.826 0.000 1.722 1.468 0.564 0.000 0.000 0.000 0.917 0.390 0.000 0.801 0.000 1.201 0.259 0.010 0.000 0.259 0.415 0.099 0.000 1.591 0.668 0.523 1.618 0.000 1.975 
1 test2fip_inconsistent 0.000 0.000 1.796 0.000 0.000 0.000 0.299 2.173 1.178 0.145 2.414 0.000 2.616 2.826 0.000 1.722 1.468 0.564 0.000 0.000 0.000 0.910 2.921 0.000 0.000 0.000 0.997 0.411 0.913 0.000 2.440 0.301 0.000 1.839 1.011 1.662 2.272 1.605 0.000 1.628 
