0 test2fip_consistent left_hidden
1.358 1.728 1.467 0.000 0.008 0.000 0.238 0.040 2.279 2.044 1.707 2.933 0.539 0.000 0.000 1.075 2.426 0.100 0.000 0.000 
0 test2fip_consistent right_hidden
0.000 1.455 0.000 0.000 0.000 0.000 1.099 0.639 0.856 0.270 1.239 0.585 0.000 1.548 0.000 0.169 0.329 1.196 2.221 0.000 
---
1 test2fip_inconsistent left_hidden
1.358 1.728 1.467 0.000 0.008 0.000 0.238 0.040 2.279 2.044 1.707 2.933 0.539 0.000 0.000 1.075 2.426 0.100 0.000 0.000 
1 test2fip_inconsistent right_hidden
0.000 2.896 1.710 0.000 0.107 0.000 0.091 0.499 1.709 2.426 2.562 1.896 0.348 1.307 0.000 0.800 3.029 0.422 1.673 0.000 
---
0 test2fip_consistent left_hidden
1.995 0.056 1.687 0.000 0.000 0.485 0.000 0.543 0.235 0.000 3.843 0.944 0.000 0.000 1.323 1.676 0.422 1.191 0.000 1.789 
0 test2fip_consistent right_hidden
0.000 2.757 0.485 0.000 0.004 0.000 0.000 0.000 1.342 0.000 1.956 0.072 0.936 0.000 1.277 0.000 0.000 0.000 0.000 0.740 
---
1 test2fip_inconsistent left_hidden
1.995 0.056 1.687 0.000 0.000 0.485 0.000 0.543 0.235 0.000 3.843 0.944 0.000 0.000 1.323 1.676 0.422 1.191 0.000 1.789 
1 test2fip_inconsistent right_hidden
0.502 1.443 1.591 0.000 0.000 0.000 0.000 0.000 0.796 0.000 4.044 1.896 0.000 0.000 0.221 2.616 0.000 0.011 0.065 3.403 
---
0 test2fip_consistent left_hidden
0.000 0.223 1.530 0.808 0.000 0.000 0.000 0.076 2.848 2.778 0.000 0.399 0.000 0.000 2.992 0.000 0.249 2.581 0.999 0.000 
0 test2fip_consistent right_hidden
0.000 1.300 0.000 0.000 2.032 0.000 0.000 0.000 0.745 1.166 0.000 0.000 0.000 0.000 0.000 0.000 3.118 0.015 2.653 0.000 
---
1 test2fip_inconsistent left_hidden
0.000 0.223 1.530 0.808 0.000 0.000 0.000 0.076 2.848 2.778 0.000 0.399 0.000 0.000 2.992 0.000 0.249 2.581 0.999 0.000 
1 test2fip_inconsistent right_hidden
0.000 0.548 0.549 1.008 0.965 0.000 0.000 0.000 2.706 3.624 0.000 0.000 0.000 0.000 3.164 0.000 1.173 0.917 2.802 0.000 
---
0 test2fip_consistent left_hidden
1.507 0.000 0.000 0.011 2.718 0.418 4.187 0.000 0.878 2.007 0.000 0.317 0.000 0.268 0.000 0.000 0.000 0.778 0.000 0.000 
0 test2fip_consistent right_hidden
0.066 0.000 1.722 0.058 1.912 1.053 0.000 0.000 1.632 0.098 0.000 1.481 0.000 0.569 0.000 2.486 0.861 0.000 0.000 0.397 
---
1 test2fip_inconsistent left_hidden
1.507 0.000 0.000 0.011 2.718 0.418 4.187 0.000 0.878 2.007 0.000 0.317 0.000 0.268 0.000 0.000 0.000 0.778 0.000 0.000 
1 test2fip_inconsistent right_hidden
0.671 0.000 1.847 0.211 2.445 1.338 3.198 0.000 2.408 1.690 0.000 1.493 0.000 0.305 0.000 1.823 0.000 1.596 0.000 0.194 
---
0 test2fip_consistent left_hidden
0.000 1.987 1.397 0.000 0.000 0.000 0.000 0.000 0.000 0.582 0.550 0.000 0.344 0.141 0.000 0.000 0.238 0.104 3.241 4.559 
0 test2fip_consistent right_hidden
0.000 0.152 0.118 0.000 0.000 0.000 0.011 0.696 0.231 0.143 0.000 0.000 2.424 1.472 0.000 0.265 1.216 2.494 1.200 0.869 
---
1 test2fip_inconsistent left_hidden
0.000 1.987 1.397 0.000 0.000 0.000 0.000 0.000 0.000 0.582 0.550 0.000 0.344 0.141 0.000 0.000 0.238 0.104 3.241 4.559 
1 test2fip_inconsistent right_hidden
0.000 1.893 1.596 0.000 0.000 0.000 0.000 0.000 0.741 0.251 0.000 0.000 1.201 0.745 0.000 0.000 0.879 2.038 2.904 4.881 
---
0 test2fip_consistent left_hidden
1.237 1.496 1.388 0.113 1.434 0.263 0.000 0.230 0.068 1.354 0.000 1.192 4.080 0.000 1.184 2.700 0.994 0.000 0.239 0.000 
0 test2fip_consistent right_hidden
0.000 0.000 1.544 0.000 0.089 0.571 0.813 0.000 1.857 0.528 0.000 2.161 0.036 0.000 1.429 0.408 0.624 0.000 1.850 1.413 
---
1 test2fip_inconsistent left_hidden
1.237 1.496 1.388 0.113 1.434 0.263 0.000 0.230 0.068 1.354 0.000 1.192 4.080 0.000 1.184 2.700 0.994 0.000 0.239 0.000 
1 test2fip_inconsistent right_hidden
0.000 0.000 2.993 0.000 1.305 0.506 0.438 0.000 1.094 0.577 0.000 2.299 2.912 0.000 2.446 3.371 0.617 0.000 1.375 0.898 
---
0 test2fip_consistent left_hidden
2.984 0.254 0.000 0.000 0.000 0.000 0.000 0.651 0.000 0.000 4.154 0.288 0.000 0.095 0.040 0.577 0.000 0.315 2.162 0.070 
0 test2fip_consistent right_hidden
0.000 0.108 1.147 0.332 0.000 0.000 0.675 0.000 1.396 0.000 0.732 0.009 0.000 3.234 0.000 0.359 0.000 0.165 1.485 0.023 
---
1 test2fip_inconsistent left_hidden
2.984 0.254 0.000 0.000 0.000 0.000 0.000 0.651 0.000 0.000 4.154 0.288 0.000 0.095 0.040 0.577 0.000 0.315 2.162 0.070 
1 test2fip_inconsistent right_hidden
2.241 0.000 1.291 0.056 0.000 0.000 0.884 0.000 0.000 0.000 4.602 0.591 0.000 2.708 0.000 1.075 0.000 0.587 1.621 0.000 
---
0 test2fip_consistent left_hidden
1.361 0.093 0.000 0.564 0.000 0.000 0.095 4.930 0.000 0.000 0.000 0.000 0.553 0.000 0.000 0.531 0.087 0.000 1.832 0.000 
0 test2fip_consistent right_hidden
1.662 2.103 0.000 1.242 0.000 0.589 0.000 0.811 1.005 0.000 0.000 0.045 0.000 0.045 0.784 0.000 3.479 0.000 0.115 0.000 
---
1 test2fip_inconsistent left_hidden
1.361 0.093 0.000 0.564 0.000 0.000 0.095 4.930 0.000 0.000 0.000 0.000 0.553 0.000 0.000 0.531 0.087 0.000 1.832 0.000 
1 test2fip_inconsistent right_hidden
2.817 0.765 0.000 1.343 0.000 0.285 0.000 5.267 0.009 0.000 0.000 0.000 0.779 0.000 0.000 0.000 2.472 0.558 1.704 0.000 
---
0 test2fip_consistent left_hidden
0.000 2.977 0.000 1.075 0.000 0.212 3.501 0.000 2.836 0.952 0.477 0.000 0.219 1.386 0.000 0.000 2.209 0.027 0.662 0.030 
0 test2fip_consistent right_hidden
0.000 0.560 0.232 0.816 0.150 1.114 0.000 0.032 0.555 0.493 0.112 0.000 1.373 0.039 1.169 1.441 0.822 2.118 0.099 1.238 
---
1 test2fip_inconsistent left_hidden
0.000 2.977 0.000 1.075 0.000 0.212 3.501 0.000 2.836 0.952 0.477 0.000 0.219 1.386 0.000 0.000 2.209 0.027 0.662 0.030 
1 test2fip_inconsistent right_hidden
0.000 3.318 0.253 1.861 0.000 1.382 2.889 0.000 1.875 2.297 1.217 0.000 0.379 0.000 0.475 0.377 0.707 1.246 0.586 0.376 
---
0 test2fip_consistent left_hidden
0.182 2.348 3.838 1.237 0.372 0.000 0.000 0.000 3.606 0.000 1.382 0.000 0.518 0.000 0.000 0.000 0.000 1.875 0.000 0.000 
0 test2fip_consistent right_hidden
0.320 0.000 0.249 0.614 1.506 1.154 2.089 0.000 0.816 2.184 0.643 0.968 1.327 0.000 0.686 0.101 0.000 0.036 0.000 0.026 
---
1 test2fip_inconsistent left_hidden
0.182 2.348 3.838 1.237 0.372 0.000 0.000 0.000 3.606 0.000 1.382 0.000 0.518 0.000 0.000 0.000 0.000 1.875 0.000 0.000 
1 test2fip_inconsistent right_hidden
0.000 0.000 2.812 1.923 1.264 0.786 0.516 0.000 3.881 1.510 0.461 2.032 2.127 0.000 0.100 0.135 0.000 0.296 0.000 0.000 
---
0 test2fip_consistent left_hidden
0.000 0.146 0.000 2.210 0.000 0.869 0.859 1.341 0.231 2.628 4.448 0.000 0.085 0.000 0.305 0.000 0.000 0.118 0.293 0.017 
0 test2fip_consistent right_hidden
0.000 2.052 3.211 0.959 0.000 0.013 0.459 1.105 0.000 0.384 0.257 0.254 0.255 0.000 1.653 0.000 0.002 0.000 0.000 0.000 
---
1 test2fip_inconsistent left_hidden
0.000 0.146 0.000 2.210 0.000 0.869 0.859 1.341 0.231 2.628 4.448 0.000 0.085 0.000 0.305 0.000 0.000 0.118 0.293 0.017 
1 test2fip_inconsistent right_hidden
0.000 1.916 2.114 2.978 0.000 0.071 1.489 0.789 0.923 2.046 4.329 0.860 0.812 0.000 1.371 0.000 0.000 0.640 0.000 0.000 
---
0 test2fip_consistent left_hidden
0.159 0.589 0.000 0.000 0.000 1.148 1.089 0.000 0.000 1.960 0.000 0.121 0.000 0.796 2.144 0.319 0.399 2.665 2.742 0.439 
0 test2fip_consistent right_hidden
0.017 0.181 0.000 0.000 1.954 0.000 0.000 0.000 0.308 0.000 0.000 0.000 0.000 0.000 3.150 0.000 0.717 0.364 0.000 0.123 
---
1 test2fip_inconsistent left_hidden
0.159 0.589 0.000 0.000 0.000 1.148 1.089 0.000 0.000 1.960 0.000 0.121 0.000 0.796 2.144 0.319 0.399 2.665 2.742 0.439 
1 test2fip_inconsistent right_hidden
0.000 0.000 0.000 0.000 0.864 0.449 0.000 0.000 0.105 0.324 0.000 0.000 0.000 0.000 3.362 0.000 0.000 2.913 2.867 1.127 
---
0 test2fip_consistent left_hidden
0.000 4.191 0.000 0.000 1.075 0.191 0.000 0.000 0.000 0.000 0.059 1.353 0.332 3.020 2.062 0.000 0.000 0.000 0.000 0.000 
0 test2fip_consistent right_hidden
0.000 0.089 0.000 1.042 0.000 0.000 0.000 0.812 0.008 0.000 0.552 0.000 3.170 0.000 2.302 0.000 0.752 0.305 0.000 0.000 
---
1 test2fip_inconsistent left_hidden
0.000 4.191 0.000 0.000 1.075 0.191 0.000 0.000 0.000 0.000 0.059 1.353 0.332 3.020 2.062 0.000 0.000 0.000 0.000 0.000 
1 test2fip_inconsistent right_hidden
0.000 2.856 0.000 4.101 0.000 0.000 0.000 2.505 0.000 0.000 0.450 1.554 3.040 1.967 1.870 0.000 0.000 1.003 0.000 0.000 
---
0 test2fip_consistent left_hidden
0.284 1.489 0.000 2.512 2.785 0.604 0.000 0.000 0.000 0.000 0.000 0.000 0.000 0.000 0.000 2.239 1.547 1.094 3.712 0.240 
0 test2fip_consistent right_hidden
1.063 0.299 0.000 0.126 0.149 0.055 0.000 1.592 0.006 0.000 0.000 0.000 0.000 0.971 1.217 2.376 2.214 0.085 1.119 0.377 
---
1 test2fip_inconsistent left_hidden
0.284 1.489 0.000 2.512 2.785 0.604 0.000 0.000 0.000 0.000 0.000 0.000 0.000 0.000 0.000 2.239 1.547 1.094 3.712 0.240 
1 test2fip_inconsistent right_hidden
0.177 0.747 0.000 2.160 1.046 0.000 0.000 0.830 0.000 0.000 0.000 0.000 0.000 0.673 1.106 3.671 0.826 2.273 4.401 0.245 
---
0 test2fip_consistent left_hidden
0.002 0.000 0.000 2.954 0.000 0.000 0.000 0.000 0.000 0.000 0.000 0.000 0.000 1.018 1.069 0.000 0.000 0.000 4.061 2.515 
0 test2fip_consistent right_hidden
1.210 2.556 0.000 2.247 0.000 0.000 0.000 0.000 1.903 0.619 0.517 0.000 0.391 0.000 0.000 0.036 0.000 1.190 0.253 0.133 
---
1 test2fip_inconsistent left_hidden
0.002 0.000 0.000 2.954 0.000 0.000 0.000 0.000 0.000 0.000 0.000 0.000 0.000 1.018 1.069 0.000 0.000 0.000 4.061 2.515 
1 test2fip_inconsistent right_hidden
0.078 1.622 0.000 4.070 0.000 0.000 0.000 0.000 0.181 0.000 0.115 0.000 0.000 0.211 0.459 0.023 0.000 0.690 3.718 2.649 
---
0 test2fip_consistent left_hidden
0.000 1.115 1.216 0.000 0.000 1.391 0.000 0.296 0.335 0.000 0.000 1.884 1.171 0.403 3.688 0.000 0.000 1.117 2.842 0.000 
0 test2fip_consistent right_hidden
0.121 1.886 2.241 0.000 0.032 0.793 0.492 1.790 1.602 0.000 0.000 0.000 0.092 0.000 0.000 0.144 0.761 0.124 0.000 1.055 
---
1 test2fip_inconsistent left_hidden
0.000 1.115 1.216 0.000 0.000 1.391 0.000 0.296 0.335 0.000 0.000 1.884 1.171 0.403 3.688 0.000 0.000 1.117 2.842 0.000 
1 test2fip_inconsistent right_hidden
0.471 3.063 2.513 0.000 0.000 2.096 0.461 1.462 1.205 0.000 0.000 0.000 1.411 0.000 3.257 0.000 0.012 1.146 2.369 0.247 
---
0 test2fip_consistent left_hidden
1.694 4.214 0.000 0.000 0.000 0.000 2.227 1.663 0.368 0.000 0.334 0.000 0.000 1.448 2.994 0.000 0.370 0.234 1.511 0.898 
0 test2fip_consistent right_hidden
0.319 0.639 1.477 0.000 1.568 0.000 0.002 0.000 1.380 1.078 1.088 0.000 0.402 2.575 0.220 0.000 1.166 0.633 0.000 0.000 
---
1 test2fip_inconsistent left_hidden
1.694 4.214 0.000 0.000 0.000 0.000 2.227 1.663 0.368 0.000 0.334 0.000 0.000 1.448 2.994 0.000 0.370 0.234 1.511 0.898 
1 test2fip_inconsistent right_hidden
0.263 5.156 0.430 0.028 0.000 0.000 1.077 0.000 0.265 0.283 1.069 0.000 0.000 2.541 2.498 0.000 0.193 0.353 0.090 0.000 
---
0 test2fip_consistent left_hidden
0.089 2.395 1.115 0.158 2.476 0.917 2.682 1.809 0.655 0.000 0.000 0.391 2.168 0.109 0.000 0.000 0.000 0.000 0.005 0.294 
0 test2fip_consistent right_hidden
0.014 2.028 0.000 0.111 0.000 0.485 0.259 1.042 0.524 0.057 0.000 0.188 0.131 1.610 0.000 0.000 0.113 1.806 1.323 1.581 
---
1 test2fip_inconsistent left_hidden
0.089 2.395 1.115 0.158 2.476 0.917 2.682 1.809 0.655 0.000 0.000 0.391 2.168 0.109 0.000 0.000 0.000 0.000 0.005 0.294 
1 test2fip_inconsistent right_hidden
0.000 2.262 0.221 0.000 1.607 0.955 3.425 0.527 0.590 0.000 0.000 1.452 2.739 1.177 0.000 0.000 0.000 0.352 0.537 2.446 
---
0 test2fip_consistent left_hidden
2.114 0.000 0.134 0.024 0.000 0.016 0.262 0.000 0.000 0.000 0.000 2.886 3.524 0.000 0.000 1.757 2.397 0.066 0.000 0.000 
0 test2fip_consistent right_hidden
1.882 0.000 2.829 1.019 0.000 0.591 2.680 0.000 0.000 0.000 0.000 0.169 0.000 0.000 0.000 0.000 0.000 0.000 0.000 0.000 
---
1 test2fip_inconsistent left_hidden
2.114 0.000 0.134 0.024 0.000 0.016 0.262 0.000 0.000 0.000 0.000 2.886 3.524 0.000 0.000 1.757 2.397 0.066 0.000 0.000 
1 test2fip_inconsistent right_hidden
3.639 0.000 2.163 0.149 0.000 0.413 0.651 0.000 0.000 0.000 0.000 1.833 2.639 0.000 0.000 1.025 2.850 0.000 0.000 0.000 
---
0 test2fip_consistent left_hidden
0.000 0.000 0.936 1.649 3.200 3.910 0.000 0.000 0.006 0.023 0.487 0.000 0.000 0.000 0.618 0.498 1.306 0.000 0.000 0.524 
0 test2fip_consistent right_hidden
0.000 2.043 0.000 0.499 2.371 0.142 0.017 0.000 0.913 0.509 0.501 0.000 1.482 1.006 0.000 0.000 0.000 0.991 1.773 0.158 
---
1 test2fip_inconsistent left_hidden
0.000 0.000 0.936 1.649 3.200 3.910 0.000 0.000 0.006 0.023 0.487 0.000 0.000 0.000 0.618 0.498 1.306 0.000 0.000 0.524 
1 test2fip_inconsistent right_hidden
0.000 0.901 0.000 0.000 5.182 3.747 0.000 0.000 0.229 0.355 0.590 0.000 0.418 0.638 0.000 0.083 2.171 0.692 1.004 0.000 
---
0 test2fip_consistent left_hidden
1.408 0.820 0.359 0.822 0.000 1.695 0.219 3.129 0.007 0.000 0.000 0.000 1.862 0.430 0.529 1.513 1.696 3.056 0.000 0.000 
0 test2fip_consistent right_hidden
0.780 0.125 0.000 0.525 1.142 0.745 0.585 0.000 0.000 0.820 0.000 0.000 0.706 1.561 3.056 1.030 0.000 0.322 0.000 1.324 
---
1 test2fip_inconsistent left_hidden
1.408 0.820 0.359 0.822 0.000 1.695 0.219 3.129 0.007 0.000 0.000 0.000 1.862 0.430 0.529 1.513 1.696 3.056 0.000 0.000 
1 test2fip_inconsistent right_hidden
1.375 2.083 0.000 0.000 0.751 2.326 0.566 3.560 0.000 0.000 0.000 0.000 2.271 0.805 1.970 1.691 0.000 0.967 0.000 0.628 
---
0 test2fip_consistent left_hidden
0.426 0.000 0.717 2.387 1.248 2.536 1.075 0.000 0.000 2.627 0.000 2.229 0.022 0.000 2.147 0.000 0.500 0.000 0.000 0.000 
0 test2fip_consistent right_hidden
0.532 0.000 0.045 0.165 1.709 0.178 0.000 0.006 0.722 0.976 2.474 1.805 0.000 1.312 0.254 0.000 0.000 0.248 0.000 0.000 
---
1 test2fip_inconsistent left_hidden
0.426 0.000 0.717 2.387 1.248 2.536 1.075 0.000 0.000 2.627 0.000 2.229 0.022 0.000 2.147 0.000 0.500 0.000 0.000 0.000 
1 test2fip_inconsistent right_hidden
0.185 0.000 0.725 2.571 1.230 1.931 0.000 0.000 0.000 3.786 1.890 3.581 0.000 0.640 1.920 0.000 0.185 0.299 0.000 0.000 
---
0 test2fip_consistent left_hidden
0.000 0.000 0.000 1.228 0.000 1.771 0.000 1.518 0.568 2.345 0.109 2.538 0.380 0.000 0.000 0.845 1.454 0.000 0.000 1.065 
0 test2fip_consistent right_hidden
0.000 0.000 0.001 0.000 0.000 0.167 0.379 0.267 2.370 0.000 0.696 0.551 2.621 0.000 0.000 0.000 0.789 0.000 0.000 0.000 
---
1 test2fip_inconsistent left_hidden
0.000 0.000 0.000 1.228 0.000 1.771 0.000 1.518 0.568 2.345 0.109 2.538 0.380 0.000 0.000 0.845 1.454 0.000 0.000 1.065 
1 test2fip_inconsistent right_hidden
0.000 0.000 0.000 0.132 0.000 0.988 0.001 0.166 2.483 2.063 0.559 2.277 1.526 0.000 0.000 2.121 2.229 0.000 0.000 2.293 
---
0 test2fip_consistent left_hidden
0.000 0.000 0.000 0.000 0.000 0.000 2.002 0.207 0.000 0.000 6.070 0.000 0.000 0.004 0.000 0.461 0.742 0.000 0.000 0.000 
0 test2fip_consistent right_hidden
0.000 0.550 0.984 1.260 0.000 0.131 0.164 2.761 0.197 0.000 0.542 0.000 0.690 0.000 0.144 2.014 0.498 0.000 0.000 0.000 
---
1 test2fip_inconsistent left_hidden
0.000 0.000 0.000 0.000 0.000 0.000 2.002 0.207 0.000 0.000 6.070 0.000 0.000 0.004 0.000 0.461 0.742 0.000 0.000 0.000 
1 test2fip_inconsistent right_hidden
0.000 0.000 0.339 0.503 0.000 0.000 0.821 2.270 0.000 0.000 5.529 0.000 0.128 0.000 0.000 2.238 0.457 0.000 0.000 0.000 
---
0 test2fip_consistent left_hidden
0.000 0.000 0.242 0.000 0.000 1.228 2.067 1.968 1.626 1.812 1.373 0.120 0.003 0.000 3.052 0.000 0.000 0.247 0.090 3.719 
0 test2fip_consistent right_hidden
0.218 0.000 1.078 0.000 0.000 0.955 0.762 0.134 0.348 2.168 0.000 2.361 2.448 0.065 0.055 0.000 0.000 0.000 1.240 0.171 
---
1 test2fip_inconsistent left_hidden
0.000 0.000 0.242 0.000 0.000 1.228 2.067 1.968 1.626 1.812 1.373 0.120 0.003 0.000 3.052 0.000 0.000 0.247 0.090 3.719 
1 test2fip_inconsistent right_hidden
0.000 0.000 0.886 0.000 0.000 1.613 1.884 1.615 1.340 2.514 0.000 1.787 2.048 0.000 1.962 0.000 0.000 0.000 2.277 3.906 
---
0 test2fip_consistent left_hidden
0.000 2.611 0.009 1.614 1.211 0.000 1.128 0.000 1.552 0.026 0.000 0.000 2.909 0.458 1.336 0.000 1.524 2.502 0.000 0.000 
0 test2fip_consistent right_hidden
0.000 0.223 0.095 1.703 0.000 0.566 0.000 0.639 0.189 1.512 1.674 0.179 0.941 1.192 0.000 0.000 0.028 1.960 0.000 0.038 
---
1 test2fip_inconsistent left_hidden
0.000 2.611 0.009 1.614 1.211 0.000 1.128 0.000 1.552 0.026 0.000 0.000 2.909 0.458 1.336 0.000 1.524 2.502 0.000 0.000 
1 test2fip_inconsistent right_hidden
0.000 3.897 0.000 1.074 0.973 0.000 0.152 0.000 0.850 0.757 0.891 1.070 3.828 0.863 0.000 0.000 0.859 3.486 0.000 0.000 
---
0 test2fip_consistent left_hidden
0.000 0.000 2.136 0.383 2.003 2.925 0.519 0.000 0.000 1.610 0.000 0.000 1.150 0.252 0.000 2.478 0.709 0.000 1.107 0.000 
0 test2fip_consistent right_hidden
0.000 0.436 0.092 1.293 1.301 0.000 0.001 0.000 0.058 0.066 0.000 0.000 0.000 0.472 2.100 1.076 2.583 0.000 0.000 0.000 
---
1 test2fip_inconsistent left_hidden
0.000 0.000 2.136 0.383 2.003 2.925 0.519 0.000 0.000 1.610 0.000 0.000 1.150 0.252 0.000 2.478 0.709 0.000 1.107 0.000 
1 test2fip_inconsistent right_hidden
0.000 0.151 2.317 2.327 2.564 3.150 0.051 0.000 0.000 1.703 0.000 0.000 0.157 0.860 1.025 1.500 3.260 0.000 1.150 0.000 
---
0 test2fip_consistent left_hidden
0.344 0.000 0.005 1.435 1.908 2.504 0.215 1.779 0.000 0.000 1.545 0.000 0.000 0.450 0.527 2.226 0.000 1.604 0.004 2.688 
0 test2fip_consistent right_hidden
2.250 1.038 2.087 0.000 0.000 1.352 1.589 0.000 0.000 0.000 0.000 0.000 0.000 0.000 0.000 0.000 0.000 0.392 0.000 0.765 
---
1 test2fip_inconsistent left_hidden
0.344 0.000 0.005 1.435 1.908 2.504 0.215 1.779 0.000 0.000 1.545 0.000 0.000 0.450 0.527 2.226 0.000 1.604 0.004 2.688 
1 test2fip_inconsistent right_hidden
2.572 0.240 1.099 1.519 0.823 1.946 0.922 2.598 0.000 0.000 1.284 0.000 0.000 0.347 0.000 0.682 0.000 0.000 0.000 3.345 
---
0 test2fip_consistent left_hidden
0.000 2.737 0.000 1.490 0.000 0.000 0.000 0.000 3.480 1.838 0.254 0.000 2.203 2.546 0.000 0.000 0.000 0.935 0.000 0.000 
0 test2fip_consistent right_hidden
0.000 0.009 0.000 0.000 0.000 0.000 0.274 0.699 2.340 0.799 2.514 1.384 0.000 0.000 0.000 0.000 0.000 1.006 0.000 3.491 
---
1 test2fip_inconsistent left_hidden
0.000 2.737 0.000 1.490 0.000 0.000 0.000 0.000 3.480 1.838 0.254 0.000 2.203 2.546 0.000 0.000 0.000 0.935 0.000 0.000 
1 test2fip_inconsistent right_hidden
0.000 2.300 0.000 0.023 0.000 0.000 0.000 0.049 4.807 1.220 1.640 1.844 2.151 2.189 0.000 0.000 0.000 0.000 0.000 1.812 
---
0 test2fip_consistent left_hidden
0.000 0.000 2.982 0.000 2.665 0.009 0.000 2.703 0.000 1.874 1.053 0.000 0.000 0.000 0.000 2.202 0.000 0.000 0.050 2.706 
0 test2fip_consistent right_hidden
0.000 0.000 0.516 0.000 0.426 0.518 0.000 2.909 0.000 2.350 0.000 0.000 0.000 0.000 0.000 1.871 0.026 0.000 1.472 0.184 
---
1 test2fip_inconsistent left_hidden
0.000 0.000 2.982 0.000 2.665 0.009 0.000 2.703 0.000 1.874 1.053 0.000 0.000 0.000 0.000 2.202 0.000 0.000 0.050 2.706 
1 test2fip_inconsistent right_hidden
0.000 0.000 2.933 0.000 2.131 0.373 0.000 3.899 0.000 0.569 0.035 0.000 0.000 0.000 0.000 1.826 0.000 0.000 1.019 3.697 
---
0 test2fip_consistent left_hidden
0.000 0.622 0.000 0.948 0.000 1.918 0.000 2.104 0.844 0.000 0.000 0.195 0.000 1.875 4.777 0.000 0.000 0.993 0.409 0.000 
0 test2fip_consistent right_hidden
0.000 0.000 0.000 0.102 0.382 0.267 0.000 0.000 1.244 0.559 0.000 0.000 0.268 0.000 0.835 0.000 2.195 0.709 2.485 1.109 
---
1 test2fip_inconsistent left_hidden
0.000 0.622 0.000 0.948 0.000 1.918 0.000 2.104 0.844 0.000 0.000 0.195 0.000 1.875 4.777 0.000 0.000 0.993 0.409 0.000 
1 test2fip_inconsistent right_hidden
0.000 0.951 0.000 0.110 1.242 1.039 0.000 2.017 0.426 0.988 0.000 0.189 0.901 0.853 4.542 0.000 0.452 0.251 1.395 1.741 
---
0 test2fip_consistent left_hidden
0.463 0.949 0.000 0.000 0.691 0.000 2.078 0.205 1.843 0.000 0.476 0.000 0.000 0.000 2.471 1.353 4.101 0.000 0.000 1.399 
0 test2fip_consistent right_hidden
0.143 0.010 0.000 0.092 0.206 2.497 1.610 0.268 0.466 0.100 0.000 0.874 0.000 0.000 0.288 2.064 0.486 0.355 0.000 0.139 
---
1 test2fip_inconsistent left_hidden
0.463 0.949 0.000 0.000 0.691 0.000 2.078 0.205 1.843 0.000 0.476 0.000 0.000 0.000 2.471 1.353 4.101 0.000 0.000 1.399 
1 test2fip_inconsistent right_hidden
0.663 1.396 0.000 0.000 0.000 1.069 2.879 1.562 1.568 0.000 0.000 1.084 0.000 0.000 1.952 2.869 3.780 0.246 0.000 1.111 
---
0 test2fip_consistent left_hidden
0.512 0.000 0.002 0.000 0.000 0.456 0.314 3.141 0.000 0.706 0.211 0.000 4.127 0.000 0.000 0.892 0.000 0.000 0.362 2.079 
0 test2fip_consistent right_hidden
0.007 0.000 0.101 0.000 3.136 1.849 0.757 0.339 0.000 0.628 1.947 0.000 0.653 0.000 0.000 0.795 0.000 0.000 0.000 0.982 
---
1 test2fip_inconsistent left_hidden
0.512 0.000 0.002 0.000 0.000 0.456 0.314 3.141 0.000 0.706 0.211 0.000 4.127 0.000 0.000 0.892 0.000 0.000 0.362 2.079 
1 test2fip_inconsistent right_hidden
0.450 0.000 0.000 0.000 2.762 1.810 0.517 1.596 2.062 0.310 1.316 0.000 3.991 0.000 0.000 0.460 0.000 0.000 0.000 3.208 
---
0 test2fip_consistent left_hidden
0.000 1.502 0.000 0.000 0.000 1.352 0.000 0.000 3.563 0.149 0.000 1.868 0.000 2.032 0.000 1.080 0.000 1.355 2.059 0.000 
0 test2fip_consistent right_hidden
0.000 0.000 0.000 1.251 0.000 0.746 0.000 0.808 0.061 3.279 0.000 1.264 0.029 0.296 0.000 1.980 0.923 0.003 0.000 0.057 
---
1 test2fip_inconsistent left_hidden
0.000 1.502 0.000 0.000 0.000 1.352 0.000 0.000 3.563 0.149 0.000 1.868 0.000 2.032 0.000 1.080 0.000 1.355 2.059 0.000 
1 test2fip_inconsistent right_hidden
0.000 0.000 0.000 1.053 0.000 3.589 0.000 0.089 1.380 2.537 0.091 1.710 0.000 2.352 0.000 2.162 0.213 2.025 0.000 0.000 
---
0 test2fip_consistent left_hidden
0.000 0.000 0.000 0.000 0.871 3.226 1.364 0.000 1.602 1.372 0.716 0.000 2.037 0.207 0.062 0.000 0.000 3.555 0.000 0.000 
0 test2fip_consistent right_hidden
0.000 2.315 0.000 0.000 2.756 0.067 0.000 0.645 0.007 0.331 1.445 0.000 2.130 0.451 1.088 0.060 0.011 0.314 0.000 0.000 
---
1 test2fip_inconsistent left_hidden
0.000 0.000 0.000 0.000 0.871 3.226 1.364 0.000 1.602 1.372 0.716 0.000 2.037 0.207 0.062 0.000 0.000 3.555 0.000 0.000 
1 test2fip_inconsistent right_hidden
0.000 1.264 0.000 0.000 3.300 2.635 0.000 0.371 0.052 1.608 1.607 0.000 2.921 0.371 0.865 0.000 0.000 4.056 0.000 0.000 
---
0 test2fip_consistent left_hidden
0.298 0.000 2.363 0.000 0.000 0.000 0.000 0.095 2.454 0.000 1.063 4.303 0.000 0.000 0.000 1.041 0.000 0.000 1.527 0.176 
0 test2fip_consistent right_hidden
1.412 0.727 0.328 0.000 0.000 2.139 2.623 0.000 0.616 0.000 0.000 0.000 0.000 0.113 0.066 1.341 0.344 0.000 0.158 0.000 
---
1 test2fip_inconsistent left_hidden
0.298 0.000 2.363 0.000 0.000 0.000 0.000 0.095 2.454 0.000 1.063 4.303 0.000 0.000 0.000 1.041 0.000 0.000 1.527 0.176 
1 test2fip_inconsistent right_hidden
0.786 1.619 0.859 0.000 0.000 0.985 1.908 1.412 1.406 0.000 0.743 4.354 0.146 0.000 0.000 2.440 0.000 0.000 0.613 0.000 
---
0 test2fip_consistent left_hidden
1.612 0.000 0.000 3.459 0.000 0.000 0.000 0.000 3.819 0.000 0.000 0.581 1.667 0.000 1.951 0.000 0.000 1.305 0.000 0.660 
0 test2fip_consistent right_hidden
0.251 1.852 0.000 0.187 0.000 0.000 0.000 0.000 0.000 0.000 0.069 2.223 2.916 0.000 0.433 0.092 0.364 0.000 0.023 0.000 
---
1 test2fip_inconsistent left_hidden
1.612 0.000 0.000 3.459 0.000 0.000 0.000 0.000 3.819 0.000 0.000 0.581 1.667 0.000 1.951 0.000 0.000 1.305 0.000 0.660 
1 test2fip_inconsistent right_hidden
2.330 1.203 0.000 2.300 0.000 0.000 0.000 0.000 2.775 0.000 0.000 1.748 3.590 0.000 2.183 0.000 0.000 0.000 0.000 0.000 
---
0 test2fip_consistent left_hidden
0.000 0.000 1.003 0.196 0.000 0.730 0.266 0.497 0.000 0.026 1.637 1.476 0.700 0.000 0.000 0.192 3.699 0.000 0.000 3.493 
0 test2fip_consistent right_hidden
0.000 1.373 0.328 0.177 0.824 1.206 1.066 0.138 2.520 0.999 0.111 2.090 0.631 0.000 0.000 0.298 0.060 0.111 0.000 0.585 
---
1 test2fip_inconsistent left_hidden
0.000 0.000 1.003 0.196 0.000 0.730 0.266 0.497 0.000 0.026 1.637 1.476 0.700 0.000 0.000 0.192 3.699 0.000 0.000 3.493 
1 test2fip_inconsistent right_hidden
0.000 0.838 1.133 0.000 0.123 2.248 2.241 0.000 0.795 1.923 2.309 3.105 0.974 0.000 0.000 0.482 2.749 0.000 0.000 2.652 
---
0 test2fip_consistent left_hidden
1.731 0.000 0.000 0.597 1.300 4.339 0.000 0.000 1.750 0.554 0.000 0.000 2.406 0.101 0.000 0.000 0.000 0.000 0.888 0.000 
0 test2fip_consistent right_hidden
0.180 0.000 0.000 0.081 0.000 0.885 0.000 0.000 0.195 3.316 0.089 0.000 0.152 0.182 0.000 0.000 2.229 0.000 0.000 0.000 
---
1 test2fip_inconsistent left_hidden
1.731 0.000 0.000 0.597 1.300 4.339 0.000 0.000 1.750 0.554 0.000 0.000 2.406 0.101 0.000 0.000 0.000 0.000 0.888 0.000 
1 test2fip_inconsistent right_hidden
2.003 0.000 0.000 0.933 0.000 4.932 0.000 0.000 2.406 3.375 0.000 0.000 1.021 0.151 0.000 0.000 0.813 0.000 0.000 0.000 
---
0 test2fip_consistent left_hidden
0.000 0.000 0.000 0.000 0.287 0.000 0.000 3.204 0.000 2.103 3.206 0.000 1.880 0.000 0.119 0.000 2.407 0.017 0.329 0.000 
0 test2fip_consistent right_hidden
1.696 0.000 0.431 0.704 0.148 0.569 1.054 0.248 0.000 1.025 0.861 0.000 0.108 0.000 0.021 0.019 0.000 0.000 2.774 2.049 
---
1 test2fip_inconsistent left_hidden
0.000 0.000 0.000 0.000 0.287 0.000 0.000 3.204 0.000 2.103 3.206 0.000 1.880 0.000 0.119 0.000 2.407 0.017 0.329 0.000 
1 test2fip_inconsistent right_hidden
1.051 0.000 0.254 0.000 0.320 0.321 1.136 1.769 0.000 3.878 4.134 0.000 1.078 0.002 0.073 0.000 0.699 0.000 2.094 1.740 
---
0 test2fip_consistent left_hidden
3.028 0.088 0.000 0.000 0.000 0.833 0.441 1.360 1.201 1.953 4.415 0.000 0.000 0.420 0.502 0.979 0.000 0.000 0.000 0.000 
0 test2fip_consistent right_hidden
0.333 1.141 0.000 0.774 0.000 1.763 2.515 1.021 0.683 0.967 0.664 0.000 0.000 0.164 0.000 0.150 0.601 0.000 0.000 0.000 
---
1 test2fip_inconsistent left_hidden
3.028 0.088 0.000 0.000 0.000 0.833 0.441 1.360 1.201 1.953 4.415 0.000 0.000 0.420 0.502 0.979 0.000 0.000 0.000 0.000 
1 test2fip_inconsistent right_hidden
2.904 0.920 0.000 0.914 0.000 0.550 3.104 1.193 0.364 2.809 3.660 0.000 0.000 1.088 0.000 0.000 0.000 0.196 0.000 0.000 
---
0 test2fip_consistent left_hidden
0.977 0.000 3.387 0.000 2.867 0.000 1.756 0.000 0.322 0.000 0.000 0.000 0.000 0.776 2.763 0.000 0.494 1.055 0.000 0.348 
0 test2fip_consistent right_hidden
0.000 0.000 0.616 1.514 0.000 0.000 1.640 0.000 1.650 0.000 0.000 0.000 0.787 0.000 0.000 0.000 1.154 0.000 0.000 3.309 
---
1 test2fip_inconsistent left_hidden
0.977 0.000 3.387 0.000 2.867 0.000 1.756 0.000 0.322 0.000 0.000 0.000 0.000 0.776 2.763 0.000 0.494 1.055 0.000 0.348 
1 test2fip_inconsistent right_hidden
0.415 0.000 4.431 1.336 0.979 0.000 3.123 0.000 1.256 0.000 0.000 0.000 1.034 1.085 0.000 0.000 0.193 1.997 0.000 1.683 
---
0 test2fip_consistent left_hidden
0.000 2.910 4.086 0.000 0.000 1.391 0.000 0.000 0.000 0.018 2.612 0.102 0.000 0.098 0.298 0.628 0.000 0.000 0.000 0.000 
0 test2fip_consistent right_hidden
0.000 0.000 1.426 0.000 0.000 0.000 0.381 0.000 0.000 1.608 0.230 1.076 3.865 1.601 0.000 0.308 1.219 0.000 0.081 0.000 
---
1 test2fip_inconsistent left_hidden
0.000 2.910 4.086 0.000 0.000 1.391 0.000 0.000 0.000 0.018 2.612 0.102 0.000 0.098 0.298 0.628 0.000 0.000 0.000 0.000 
1 test2fip_inconsistent right_hidden
0.000 1.598 2.615 0.000 0.000 2.553 0.000 0.000 0.000 1.143 2.496 0.919 2.538 1.589 0.000 1.403 2.050 0.000 0.276 0.000 
---
0 test2fip_consistent left_hidden
0.487 0.000 2.308 1.179 1.392 0.000 0.000 1.052 0.000 1.099 0.581 0.000 2.565 2.068 0.000 1.687 0.000 0.000 1.007 0.027 
0 test2fip_consistent right_hidden
2.054 0.000 0.000 2.383 0.753 0.000 0.000 0.288 1.104 0.000 1.184 0.000 0.097 0.981 0.380 0.000 0.080 0.000 1.897 0.029 
---
1 test2fip_inconsistent left_hidden
0.487 0.000 2.308 1.179 1.392 0.000 0.000 1.052 0.000 1.099 0.581 0.000 2.565 2.068 0.000 1.687 0.000 0.000 1.007 0.027 
1 test2fip_inconsistent right_hidden
0.663 0.000 1.673 3.992 1.860 0.000 0.000 1.543 0.117 0.000 0.219 0.000 2.838 2.649 1.060 0.131 0.000 0.000 1.510 0.199 
---
0 test2fip_consistent left_hidden
0.631 0.000 2.047 0.000 0.000 0.000 0.000 0.483 0.000 0.000 0.958 2.411 2.330 0.392 0.000 0.229 0.000 1.704 2.758 2.637 
0 test2fip_consistent right_hidden
0.000 0.000 0.109 0.000 0.000 1.892 0.000 0.000 2.707 0.000 0.000 1.260 0.229 0.000 0.000 0.245 0.000 0.652 0.000 2.698 
---
1 test2fip_inconsistent left_hidden
0.631 0.000 2.047 0.000 0.000 0.000 0.000 0.483 0.000 0.000 0.958 2.411 2.330 0.392 0.000 0.229 0.000 1.704 2.758 2.637 
1 test2fip_inconsistent right_hidden
0.000 0.000 2.527 0.000 0.000 0.717 0.000 0.000 0.685 0.000 0.000 3.738 3.210 0.174 0.000 0.000 0.000 0.326 2.003 3.410 
---
0 test2fip_consistent left_hidden
0.394 0.000 0.127 0.536 2.970 0.000 0.842 0.000 3.060 0.000 0.000 0.258 2.990 0.000 0.577 1.469 0.348 0.587 0.000 0.905 
0 test2fip_consistent right_hidden
0.066 0.000 0.426 2.949 0.000 0.000 0.684 0.011 0.686 0.000 1.316 0.115 0.177 0.000 0.399 0.049 0.018 2.356 0.000 1.242 
---
1 test2fip_inconsistent left_hidden
0.394 0.000 0.127 0.536 2.970 0.000 0.842 0.000 3.060 0.000 0.000 0.258 2.990 0.000 0.577 1.469 0.348 0.587 0.000 0.905 
1 test2fip_inconsistent right_hidden
0.000 0.000 1.753 3.094 3.817 0.000 0.293 0.000 1.918 0.000 0.309 0.000 2.640 0.000 0.000 0.617 0.407 1.977 0.000 1.648 
---
0 test2fip_consistent left_hidden
0.000 0.000 0.000 2.109 2.288 0.343 0.000 0.000 0.000 0.000 3.387 0.000 1.430 0.000 0.000 1.618 0.221 0.000 1.824 1.996 
0 test2fip_consistent right_hidden
0.000 0.000 0.396 0.000 0.437 0.014 0.543 0.000 0.000 0.000 0.154 0.545 0.124 1.241 1.276 0.000 2.207 0.000 0.088 2.598 
---
1 test2fip_inconsistent left_hidden
0.000 0.000 0.000 2.109 2.288 0.343 0.000 0.000 0.000 0.000 3.387 0.000 1.430 0.000 0.000 1.618 0.221 0.000 1.824 1.996 
1 test2fip_inconsistent right_hidden
0.000 0.000 0.000 0.055 3.351 0.000 0.605 0.000 0.000 0.060 2.916 0.000 1.853 0.000 0.540 0.638 1.745 0.000 1.961 3.741 
---
0 test2fip_consistent left_hidden
0.243 0.052 0.062 0.000 0.000 0.008 1.087 0.789 0.000 0.000 0.048 0.000 2.659 4.668 0.000 0.000 1.240 0.000 0.737 0.000 
0 test2fip_consistent right_hidden
3.003 0.000 0.845 0.000 0.000 0.076 0.000 0.721 0.000 0.261 2.578 0.000 0.196 2.605 0.000 0.000 0.442 0.000 0.000 0.000 
---
1 test2fip_inconsistent left_hidden
0.243 0.052 0.062 0.000 0.000 0.008 1.087 0.789 0.000 0.000 0.048 0.000 2.659 4.668 0.000 0.000 1.240 0.000 0.737 0.000 
1 test2fip_inconsistent right_hidden
1.715 0.000 0.027 0.000 0.000 0.035 1.501 0.453 0.000 0.000 1.702 0.000 3.755 5.671 0.000 0.000 0.000 0.000 0.000 0.000 
---
0 test2fip_consistent left_hidden
0.000 0.000 0.000 0.000 0.000 3.273 2.440 0.000 0.816 1.366 0.000 0.000 0.000 0.983 2.920 0.000 0.000 0.000 0.000 0.743 
0 test2fip_consistent right_hidden
0.000 0.000 0.656 0.098 0.806 0.000 0.221 0.000 3.439 1.494 1.568 0.000 0.000 0.000 0.000 0.000 0.024 1.545 0.149 0.506 
---
1 test2fip_inconsistent left_hidden
0.000 0.000 0.000 0.000 0.000 3.273 2.440 0.000 0.816 1.366 0.000 0.000 0.000 0.983 2.920 0.000 0.000 0.000 0.000 0.743 
1 test2fip_inconsistent right_hidden
0.000 0.000 0.132 0.000 0.777 2.497 2.397 0.000 4.052 2.809 1.417 0.000 0.000 1.528 1.175 0.000 0.000 0.645 0.000 1.688 
---
0 test2fip_consistent left_hidden
1.453 1.496 0.658 0.000 0.000 0.000 0.000 1.673 2.949 1.220 0.668 0.000 0.000 2.693 0.000 0.365 0.251 0.000 0.732 0.567 
0 test2fip_consistent right_hidden
0.000 1.759 1.796 0.765 0.000 0.671 0.000 0.000 0.713 0.129 0.000 0.000 1.747 0.139 0.000 0.115 1.594 1.397 0.000 0.956 
---
1 test2fip_inconsistent left_hidden
1.453 1.496 0.658 0.000 0.000 0.000 0.000 1.673 2.949 1.220 0.668 0.000 0.000 2.693 0.000 0.365 0.251 0.000 0.732 0.567 
1 test2fip_inconsistent right_hidden
0.541 2.869 2.936 0.216 0.000 0.586 0.000 0.930 3.805 0.134 0.000 0.000 1.484 3.241 0.000 1.073 0.418 0.602 0.320 0.255 
---
0 test2fip_consistent left_hidden
1.369 0.199 4.161 0.028 0.000 0.162 0.000 0.000 0.000 0.234 0.000 1.672 0.000 0.000 1.657 2.323 0.000 0.187 0.159 0.000 
0 test2fip_consistent right_hidden
1.695 1.056 0.289 0.432 0.349 1.194 0.041 0.000 0.000 0.582 0.000 0.177 0.352 0.607 0.002 0.826 1.991 1.160 1.244 0.415 
---
1 test2fip_inconsistent left_hidden
1.369 0.199 4.161 0.028 0.000 0.162 0.000 0.000 0.000 0.234 0.000 1.672 0.000 0.000 1.657 2.323 0.000 0.187 0.159 0.000 
1 test2fip_inconsistent right_hidden
3.186 1.213 3.034 0.154 0.201 0.566 0.000 0.000 0.593 0.000 0.000 1.058 0.095 0.000 0.302 3.956 2.053 0.942 0.650 0.727 
---
0 test2fip_consistent left_hidden
2.775 0.622 0.000 1.297 0.000 0.075 0.585 0.411 0.693 3.096 0.999 0.883 2.777 0.000 0.000 0.000 0.000 0.616 2.803 0.000 
0 test2fip_consistent right_hidden
2.243 0.086 0.000 1.099 0.000 0.000 2.533 0.000 0.000 1.219 0.000 0.030 0.000 0.700 0.000 0.022 1.788 0.000 0.000 0.725 
---
1 test2fip_inconsistent left_hidden
2.775 0.622 0.000 1.297 0.000 0.075 0.585 0.411 0.693 3.096 0.999 0.883 2.777 0.000 0.000 0.000 0.000 0.616 2.803 0.000 
1 test2fip_inconsistent right_hidden
2.386 1.231 0.000 0.989 0.000 0.000 2.654 0.671 0.580 4.026 0.000 2.221 1.465 0.068 0.000 0.022 0.911 0.000 2.035 0.872 
---
0 test2fip_consistent left_hidden
0.000 0.000 0.000 0.000 0.883 0.302 0.000 3.346 0.666 1.887 0.000 0.000 0.000 0.000 3.631 0.000 1.354 0.000 2.075 0.000 
0 test2fip_consistent right_hidden
0.000 0.000 0.034 0.211 0.000 0.617 1.830 1.108 0.053 0.929 1.358 0.000 0.856 0.000 0.038 0.000 0.014 2.827 0.847 0.399 
---
1 test2fip_inconsistent left_hidden
0.000 0.000 0.000 0.000 0.883 0.302 0.000 3.346 0.666 1.887 0.000 0.000 0.000 0.000 3.631 0.000 1.354 0.000 2.075 0.000 
1 test2fip_inconsistent right_hidden
0.000 0.000 0.000 0.000 0.750 1.189 1.375 3.372 1.202 0.313 0.746 0.000 0.398 1.542 1.791 0.000 1.831 1.925 3.021 0.000 
---
0 test2fip_consistent left_hidden
0.595 0.444 1.718 0.000 0.844 1.365 0.000 0.000 0.000 0.000 1.877 3.233 0.989 2.574 0.000 0.000 0.000 0.000 0.512 0.000 
0 test2fip_consistent right_hidden
0.000 0.830 0.062 0.000 0.165 0.058 0.000 3.024 1.235 0.000 0.000 1.995 0.028 1.597 0.000 0.000 0.000 0.000 1.330 0.000 
---
1 test2fip_inconsistent left_hidden
0.595 0.444 1.718 0.000 0.844 1.365 0.000 0.000 0.000 0.000 1.877 3.233 0.989 2.574 0.000 0.000 0.000 0.000 0.512 0.000 
1 test2fip_inconsistent right_hidden
0.000 0.271 2.920 0.000 0.186 1.137 0.460 1.428 0.797 0.000 2.406 4.045 1.507 3.149 0.000 0.000 0.000 0.000 1.785 0.000 
---
0 test2fip_consistent left_hidden
0.000 0.957 1.438 0.000 0.087 1.747 0.000 0.000 3.107 0.000 0.000 0.000 1.604 3.457 0.000 0.000 0.000 0.223 2.102 0.000 
0 test2fip_consistent right_hidden
0.018 1.407 0.100 0.000 0.474 0.072 0.044 0.000 0.655 0.000 2.016 0.000 2.487 2.843 0.000 0.000 0.291 0.000 0.000 0.000 
---
1 test2fip_inconsistent left_hidden
0.000 0.957 1.438 0.000 0.087 1.747 0.000 0.000 3.107 0.000 0.000 0.000 1.604 3.457 0.000 0.000 0.000 0.223 2.102 0.000 
1 test2fip_inconsistent right_hidden
0.000 0.367 2.100 0.000 0.000 1.302 0.000 0.000 3.060 0.000 1.276 0.000 3.232 4.509 0.000 0.000 0.000 0.000 2.346 0.000 
---
0 test2fip_consistent left_hidden
0.000 0.539 0.000 0.000 0.736 0.000 0.000 0.000 0.000 4.247 2.134 0.957 0.587 0.000 0.000 2.523 0.965 1.853 0.000 0.000 
0 test2fip_consistent right_hidden
0.884 0.142 0.000 1.118 0.000 0.172 0.000 0.000 2.935 0.273 0.102 0.467 0.887 0.000 0.000 1.033 0.000 0.000 0.211 1.557 
---
1 test2fip_inconsistent left_hidden
0.000 0.539 0.000 0.000 0.736 0.000 0.000 0.000 0.000 4.247 2.134 0.957 0.587 0.000 0.000 2.523 0.965 1.853 0.000 0.000 
1 test2fip_inconsistent right_hidden
0.712 0.087 0.000 0.805 0.000 0.000 0.000 0.000 2.569 4.673 0.724 0.213 2.042 0.000 0.000 3.067 0.000 0.180 1.025 0.243 
---
0 test2fip_consistent left_hidden
1.189 2.991 0.368 0.000 2.823 0.000 0.000 0.073 0.101 0.000 0.329 0.000 0.000 0.000 4.053 0.000 0.298 0.000 0.000 0.000 
0 test2fip_consistent right_hidden
0.857 0.000 0.594 0.000 0.000 2.761 0.000 3.047 0.460 0.000 0.000 0.000 0.000 0.000 0.000 0.000 1.135 0.481 0.248 0.465 
---
1 test2fip_inconsistent left_hidden
1.189 2.991 0.368 0.000 2.823 0.000 0.000 0.073 0.101 0.000 0.329 0.000 0.000 0.000 4.053 0.000 0.298 0.000 0.000 0.000 
1 test2fip_inconsistent right_hidden
1.611 1.283 0.266 0.000 0.966 1.119 0.000 2.829 1.115 0.000 0.070 0.000 0.000 0.000 3.790 0.000 2.735 0.000 0.000 0.329 
---
0 test2fip_consistent left_hidden
0.000 1.612 0.000 0.000 0.000 0.000 0.000 1.731 0.000 0.000 0.853 1.698 0.724 4.658 0.000 0.000 0.000 1.263 0.000 0.000 
0 test2fip_consistent right_hidden
0.007 0.000 0.000 1.852 0.090 0.000 2.913 2.020 0.000 0.025 0.000 0.000 0.448 0.951 0.062 0.078 0.000 0.217 0.000 0.000 
---
1 test2fip_inconsistent left_hidden
0.000 1.612 0.000 0.000 0.000 0.000 0.000 1.731 0.000 0.000 0.853 1.698 0.724 4.658 0.000 0.000 0.000 1.263 0.000 0.000 
1 test2fip_inconsistent right_hidden
0.000 0.000 0.000 0.547 0.000 0.563 0.604 4.098 0.000 0.027 0.000 0.439 1.106 4.059 0.000 0.000 0.000 2.817 0.000 0.000 
---
0 test2fip_consistent left_hidden
0.000 1.999 0.000 0.116 0.000 0.264 0.000 2.091 2.139 0.000 0.000 0.454 3.193 0.409 0.000 1.453 0.000 1.445 1.028 0.525 
0 test2fip_consistent right_hidden
0.000 1.764 0.142 0.030 0.104 0.000 0.301 0.142 1.570 0.527 0.000 1.383 0.232 0.408 0.000 0.000 0.000 0.095 2.929 0.000 
---
1 test2fip_inconsistent left_hidden
0.000 1.999 0.000 0.116 0.000 0.264 0.000 2.091 2.139 0.000 0.000 0.454 3.193 0.409 0.000 1.453 0.000 1.445 1.028 0.525 
1 test2fip_inconsistent right_hidden
0.000 2.593 0.000 0.000 0.244 0.000 0.377 1.976 2.425 0.000 0.000 1.223 4.011 0.000 0.000 0.000 0.000 1.718 3.782 0.000 
---
0 test2fip_consistent left_hidden
1.214 0.105 1.484 2.842 2.609 0.000 0.000 1.028 0.000 1.036 0.000 0.063 0.004 2.874 0.942 0.193 1.207 0.000 0.000 0.108 
0 test2fip_consistent right_hidden
0.222 0.000 0.000 3.143 0.000 0.000 0.000 0.000 0.032 0.106 0.000 0.000 0.000 1.835 0.000 0.028 0.000 0.000 0.000 1.696 
---
1 test2fip_inconsistent left_hidden
1.214 0.105 1.484 2.842 2.609 0.000 0.000 1.028 0.000 1.036 0.000 0.063 0.004 2.874 0.942 0.193 1.207 0.000 0.000 0.108 
1 test2fip_inconsistent right_hidden
1.763 0.000 0.000 2.374 2.049 0.000 0.000 2.646 0.000 2.724 0.000 0.000 0.000 3.110 0.000 0.000 0.000 0.000 0.000 0.423 
---
0 test2fip_consistent left_hidden
0.000 0.000 0.005 0.060 0.000 1.390 0.824 0.000 0.000 0.936 2.272 0.000 1.074 0.000 0.000 0.000 2.114 1.324 3.067 0.222 
0 test2fip_consistent right_hidden
1.170 0.000 0.000 0.000 0.000 0.051 1.305 0.000 0.466 2.309 0.211 0.113 0.016 0.000 0.126 0.011 0.134 0.108 2.334 0.002 
---
1 test2fip_inconsistent left_hidden
0.000 0.000 0.005 0.060 0.000 1.390 0.824 0.000 0.000 0.936 2.272 0.000 1.074 0.000 0.000 0.000 2.114 1.324 3.067 0.222 
1 test2fip_inconsistent right_hidden
0.866 0.000 0.000 0.000 0.000 1.193 3.347 0.000 0.000 1.853 2.112 0.716 0.314 0.000 1.799 2.183 0.534 1.049 3.904 0.000 
---
0 test2fip_consistent left_hidden
0.000 1.775 3.538 0.000 0.000 0.000 1.458 0.000 0.000 2.304 0.000 1.441 1.594 0.442 0.252 0.273 0.000 0.646 1.019 2.097 
0 test2fip_consistent right_hidden
0.000 0.000 0.000 0.000 1.442 0.396 0.000 0.000 1.788 0.240 0.000 0.407 0.000 2.074 1.589 0.532 0.000 1.570 0.420 1.211 
---
1 test2fip_inconsistent left_hidden
0.000 1.775 3.538 0.000 0.000 0.000 1.458 0.000 0.000 2.304 0.000 1.441 1.594 0.442 0.252 0.273 0.000 0.646 1.019 2.097 
1 test2fip_inconsistent right_hidden
0.000 0.767 3.413 0.000 1.073 0.000 0.000 0.000 0.244 1.364 0.000 1.671 0.887 1.789 1.298 0.218 0.000 0.192 1.867 2.705 
---
0 test2fip_consistent left_hidden
2.688 0.000 1.728 0.614 0.000 3.542 0.491 0.000 2.044 3.465 0.000 0.000 0.330 0.177 0.766 0.000 0.000 0.000 0.666 0.000 
0 test2fip_consistent right_hidden
0.000 0.000 0.013 0.571 0.000 0.316 0.000 0.000 0.000 1.035 0.000 0.000 3.348 0.000 1.701 0.000 2.432 0.000 0.000 0.000 
---
1 test2fip_inconsistent left_hidden
2.688 0.000 1.728 0.614 0.000 3.542 0.491 0.000 2.044 3.465 0.000 0.000 0.330 0.177 0.766 0.000 0.000 0.000 0.666 0.000 
1 test2fip_inconsistent right_hidden
2.956 0.000 0.000 0.266 0.000 2.428 0.000 0.000 1.038 4.137 0.000 0.000 2.617 0.000 0.734 0.000 0.827 0.000 0.000 0.000 
---
0 test2fip_consistent left_hidden
1.446 0.000 2.269 0.000 0.385 0.000 1.033 0.000 0.470 0.000 0.000 1.470 4.143 0.000 0.988 0.217 0.000 0.000 0.857 0.370 
0 test2fip_consistent right_hidden
1.044 0.156 0.116 0.000 1.568 0.599 2.190 0.000 1.905 0.000 0.303 0.877 0.363 1.928 0.650 1.132 0.000 0.137 0.000 0.000 
---
1 test2fip_inconsistent left_hidden
1.446 0.000 2.269 0.000 0.385 0.000 1.033 0.000 0.470 0.000 0.000 1.470 4.143 0.000 0.988 0.217 0.000 0.000 0.857 0.370 
1 test2fip_inconsistent right_hidden
3.005 0.947 1.830 0.000 0.878 0.000 1.265 0.000 2.213 0.000 0.000 0.551 4.713 0.962 1.469 0.784 0.000 0.661 0.548 0.000 
---
0 test2fip_consistent left_hidden
0.020 0.853 0.778 0.746 0.000 0.000 3.175 0.000 2.655 1.866 0.000 0.000 0.000 0.000 2.343 0.047 2.135 2.129 0.053 0.000 
0 test2fip_consistent right_hidden
0.000 0.426 0.000 0.000 1.451 0.494 0.653 0.801 0.000 0.795 0.000 0.000 0.000 0.000 0.000 2.480 0.730 0.126 0.000 1.119 
---
1 test2fip_inconsistent left_hidden
0.020 0.853 0.778 0.746 0.000 0.000 3.175 0.000 2.655 1.866 0.000 0.000 0.000 0.000 2.343 0.047 2.135 2.129 0.053 0.000 
1 test2fip_inconsistent right_hidden
0.000 0.302 0.000 1.478 1.073 0.748 4.078 0.238 1.437 1.647 0.000 0.000 0.000 0.000 0.933 0.395 1.184 1.043 0.000 0.410 
---
0 test2fip_consistent left_hidden
0.000 0.215 0.000 0.000 1.331 1.161 0.000 2.617 0.443 0.086 2.270 0.697 3.566 0.000 0.014 0.000 0.960 0.039 0.051 0.000 
0 test2fip_consistent right_hidden
0.839 0.000 0.000 1.538 0.347 0.000 0.000 2.225 1.368 2.030 0.525 0.000 0.000 0.000 0.000 0.387 0.000 1.429 1.399 0.000 
---
1 test2fip_inconsistent left_hidden
0.000 0.215 0.000 0.000 1.331 1.161 0.000 2.617 0.443 0.086 2.270 0.697 3.566 0.000 0.014 0.000 0.960 0.039 0.051 0.000 
1 test2fip_inconsistent right_hidden
0.554 0.155 0.000 1.962 0.661 0.078 0.000 3.070 1.960 1.654 1.743 0.172 4.194 0.000 0.000 0.000 0.847 0.216 0.072 0.000 
---
0 test2fip_consistent left_hidden
0.000 1.578 0.001 0.464 0.000 1.203 0.000 0.000 0.000 0.000 0.000 2.210 2.858 0.000 0.000 0.000 3.717 1.108 0.000 2.385 
0 test2fip_consistent right_hidden
0.822 1.389 1.702 2.693 0.113 0.000 0.000 0.488 0.069 0.000 0.000 0.430 0.062 0.000 0.048 0.000 2.053 0.000 0.000 0.201 
---
1 test2fip_inconsistent left_hidden
0.000 1.578 0.001 0.464 0.000 1.203 0.000 0.000 0.000 0.000 0.000 2.210 2.858 0.000 0.000 0.000 3.717 1.108 0.000 2.385 
1 test2fip_inconsistent right_hidden
0.219 1.094 0.783 1.802 0.000 0.358 0.000 0.739 0.000 0.000 0.000 1.627 2.210 0.138 0.000 0.000 4.849 0.000 0.000 2.701 
---
0 test2fip_consistent left_hidden
0.672 0.000 0.603 1.750 0.000 2.514 1.560 2.302 3.292 0.000 0.408 0.907 0.000 0.000 0.000 0.000 2.462 0.172 0.190 0.038 
0 test2fip_consistent right_hidden
0.000 0.021 0.340 0.973 0.000 0.000 0.595 0.000 0.162 0.494 2.794 0.696 2.278 0.000 0.000 0.000 1.862 0.000 1.291 0.357 
---
1 test2fip_inconsistent left_hidden
0.672 0.000 0.603 1.750 0.000 2.514 1.560 2.302 3.292 0.000 0.408 0.907 0.000 0.000 0.000 0.000 2.462 0.172 0.190 0.038 
1 test2fip_inconsistent right_hidden
0.000 0.118 1.182 0.000 0.000 2.034 0.198 2.359 1.909 0.000 3.432 0.000 1.529 0.000 0.000 0.000 4.112 0.483 0.053 1.372 
---
0 test2fip_consistent left_hidden
1.572 0.029 0.855 0.662 3.429 1.744 0.157 0.000 0.000 0.000 0.000 1.490 0.000 2.074 0.000 0.130 1.702 0.000 0.550 0.513 
0 test2fip_consistent right_hidden
2.558 0.000 0.443 2.149 0.217 0.074 0.038 0.000 0.000 0.000 0.000 0.664 0.000 1.412 0.092 1.150 0.153 0.027 0.420 0.415 
---
1 test2fip_inconsistent left_hidden
1.572 0.029 0.855 0.662 3.429 1.744 0.157 0.000 0.000 0.000 0.000 1.490 0.000 2.074 0.000 0.130 1.702 0.000 0.550 0.513 
1 test2fip_inconsistent right_hidden
1.603 0.000 2.414 2.497 2.632 1.678 0.000 0.000 0.000 0.000 0.000 0.751 0.000 3.445 0.000 0.891 1.925 0.000 1.122 1.514 
---
0 test2fip_consistent left_hidden
1.750 2.868 0.000 1.105 0.000 0.002 0.000 0.000 0.000 3.892 1.180 0.316 0.476 0.175 0.000 0.442 1.201 0.000 0.000 0.226 
0 test2fip_consistent right_hidden
0.994 1.002 0.000 0.445 1.335 0.000 0.000 0.000 0.244 0.000 1.843 3.214 0.000 0.084 1.467 1.268 0.000 0.000 0.000 0.000 
---
1 test2fip_inconsistent left_hidden
1.750 2.868 0.000 1.105 0.000 0.002 0.000 0.000 0.000 3.892 1.180 0.316 0.476 0.175 0.000 0.442 1.201 0.000 0.000 0.226 
1 test2fip_inconsistent right_hidden
2.311 3.806 0.000 0.000 0.855 0.000 0.000 0.000 0.000 3.455 1.608 1.348 0.000 0.000 0.761 1.433 0.410 0.000 0.000 0.000 
---
0 test2fip_consistent left_hidden
3.631 3.607 0.000 0.000 0.000 1.193 1.689 0.337 0.780 0.000 1.871 0.391 0.044 0.000 0.000 0.000 1.585 0.000 0.000 0.013 
0 test2fip_consistent right_hidden
0.000 1.247 0.000 0.000 0.614 0.000 0.681 2.365 2.816 0.000 0.897 1.330 0.000 0.000 0.040 0.481 0.000 0.000 0.000 0.000 
---
1 test2fip_inconsistent left_hidden
3.631 3.607 0.000 0.000 0.000 1.193 1.689 0.337 0.780 0.000 1.871 0.391 0.044 0.000 0.000 0.000 1.585 0.000 0.000 0.013 
1 test2fip_inconsistent right_hidden
1.622 4.935 0.000 0.000 0.000 2.149 0.000 1.778 1.735 0.000 0.554 1.176 0.000 0.000 0.013 0.044 0.760 0.000 0.000 0.000 
---
0 test2fip_consistent left_hidden
2.086 2.239 0.294 2.495 0.821 0.204 0.000 0.052 1.303 0.963 0.000 0.550 1.158 1.235 0.310 2.232 1.243 0.000 0.000 0.998 
0 test2fip_consistent right_hidden
1.039 0.050 0.000 0.075 1.942 1.760 0.000 0.000 2.783 0.063 0.000 0.000 1.055 0.069 0.000 0.121 0.000 0.000 0.000 0.439 
---
1 test2fip_inconsistent left_hidden
2.086 2.239 0.294 2.495 0.821 0.204 0.000 0.052 1.303 0.963 0.000 0.550 1.158 1.235 0.310 2.232 1.243 0.000 0.000 0.998 
1 test2fip_inconsistent right_hidden
1.989 1.727 0.000 2.159 2.719 0.902 0.000 0.000 3.991 1.077 0.000 0.844 2.231 2.359 0.000 2.046 0.000 0.000 0.000 0.991 
---
0 test2fip_consistent left_hidden
0.000 0.000 0.000 2.812 0.000 0.000 4.055 2.443 0.000 1.014 0.000 0.333 0.000 1.280 1.163 0.000 0.000 1.289 0.000 0.000 
0 test2fip_consistent right_hidden
1.889 0.271 0.268 0.000 1.755 0.000 1.290 0.658 0.000 0.000 0.000 1.218 0.000 0.000 0.000 2.617 0.000 0.711 1.933 0.000 
---
1 test2fip_inconsistent left_hidden
0.000 0.000 0.000 2.812 0.000 0.000 4.055 2.443 0.000 1.014 0.000 0.333 0.000 1.280 1.163 0.000 0.000 1.289 0.000 0.000 
1 test2fip_inconsistent right_hidden
1.137 0.000 1.557 0.160 0.712 0.000 4.411 1.829 0.000 0.000 0.000 1.299 0.000 1.813 0.932 1.837 0.000 2.169 0.908 0.000 
---
0 test2fip_consistent left_hidden
0.156 1.974 0.333 2.852 0.422 0.745 0.000 0.000 0.000 0.000 0.000 1.897 2.664 0.000 3.108 0.000 0.223 1.356 0.000 0.000 
0 test2fip_consistent right_hidden
0.003 0.000 0.106 0.116 1.336 1.821 1.118 0.000 0.019 0.804 0.086 0.432 0.000 0.273 1.138 0.000 0.263 0.000 0.000 2.854 
---
1 test2fip_inconsistent left_hidden
0.156 1.974 0.333 2.852 0.422 0.745 0.000 0.000 0.000 0.000 0.000 1.897 2.664 0.000 3.108 0.000 0.223 1.356 0.000 0.000 
1 test2fip_inconsistent right_hidden
0.000 1.051 0.000 0.824 1.049 0.781 0.665 0.000 0.000 0.360 0.057 1.355 2.296 0.000 4.925 0.000 0.255 0.000 0.000 1.727 
---
0 test2fip_consistent left_hidden
0.369 0.677 1.638 0.030 0.000 0.000 0.000 0.000 0.000 0.000 0.000 1.784 0.000 4.344 0.004 2.765 0.622 2.090 0.632 0.000 
0 test2fip_consistent right_hidden
0.249 0.000 2.687 0.183 0.000 0.000 1.271 0.000 0.457 0.000 0.000 0.041 0.409 0.121 0.204 0.783 1.931 0.435 0.038 0.000 
---
1 test2fip_inconsistent left_hidden
0.369 0.677 1.638 0.030 0.000 0.000 0.000 0.000 0.000 0.000 0.000 1.784 0.000 4.344 0.004 2.765 0.622 2.090 0.632 0.000 
1 test2fip_inconsistent right_hidden
0.029 0.124 3.204 0.000 0.000 0.000 0.422 0.000 0.000 0.000 0.000 1.309 0.000 3.946 1.387 1.975 0.932 1.847 2.473 0.000 
---
0 test2fip_consistent left_hidden
0.000 0.000 0.000 0.474 2.236 0.000 0.000 2.120 0.000 3.373 2.268 0.000 1.985 0.139 0.000 2.389 0.021 0.000 0.749 1.626 
0 test2fip_consistent right_hidden
2.249 0.000 0.235 0.000 0.830 0.218 0.213 0.226 0.000 0.520 1.548 0.000 0.091 3.144 0.094 0.000 0.000 0.127 0.000 0.190 
---
1 test2fip_inconsistent left_hidden
0.000 0.000 0.000 0.474 2.236 0.000 0.000 2.120 0.000 3.373 2.268 0.000 1.985 0.139 0.000 2.389 0.021 0.000 0.749 1.626 
1 test2fip_inconsistent right_hidden
2.212 0.000 0.227 0.000 1.875 0.000 0.084 1.144 0.000 4.772 2.453 0.000 1.050 1.835 0.000 0.502 0.000 0.000 0.000 0.821 
---
0 test2fip_consistent left_hidden
1.897 0.000 2.696 0.681 0.652 0.102 0.000 0.297 2.432 0.000 0.341 0.000 0.000 0.000 0.342 3.053 0.000 1.390 0.168 0.000 
0 test2fip_consistent right_hidden
0.752 1.250 0.619 0.000 0.284 0.000 0.046 1.049 0.000 1.079 2.609 1.819 0.000 0.000 1.437 0.850 0.000 0.514 1.286 0.000 
---
1 test2fip_inconsistent left_hidden
1.897 0.000 2.696 0.681 0.652 0.102 0.000 0.297 2.432 0.000 0.341 0.000 0.000 0.000 0.342 3.053 0.000 1.390 0.168 0.000 
1 test2fip_inconsistent right_hidden
2.133 0.337 2.434 0.758 1.185 0.007 0.000 1.026 0.452 0.690 1.069 1.147 0.000 0.098 2.166 4.406 0.000 1.934 0.509 0.000 
---
0 test2fip_consistent left_hidden
0.000 2.347 3.066 0.103 0.000 0.000 0.704 0.000 1.184 0.000 1.602 0.088 0.000 0.000 2.491 3.763 0.092 0.672 1.957 0.000 
0 test2fip_consistent right_hidden
0.000 0.241 0.080 0.009 1.430 0.000 3.704 0.000 2.357 0.000 0.000 1.186 0.000 0.000 0.700 0.985 0.904 0.000 0.000 0.000 
---
1 test2fip_inconsistent left_hidden
0.000 2.347 3.066 0.103 0.000 0.000 0.704 0.000 1.184 0.000 1.602 0.088 0.000 0.000 2.491 3.763 0.092 0.672 1.957 0.000 
1 test2fip_inconsistent right_hidden
0.000 3.449 1.234 0.000 0.471 0.000 1.453 0.000 3.530 0.000 0.178 0.000 0.000 0.000 2.903 3.464 0.864 1.459 0.000 0.000 
---
0 test2fip_consistent left_hidden
0.229 2.238 0.000 0.000 2.876 0.000 0.000 0.000 0.000 0.763 0.000 0.000 0.000 0.000 0.000 0.278 3.501 2.665 1.886 0.000 
0 test2fip_consistent right_hidden
0.896 0.000 0.062 0.000 0.679 0.000 0.000 0.805 0.000 0.000 0.000 0.000 0.000 0.000 0.000 0.085 0.000 4.062 1.465 0.000 
---
1 test2fip_inconsistent left_hidden
0.229 2.238 0.000 0.000 2.876 0.000 0.000 0.000 0.000 0.763 0.000 0.000 0.000 0.000 0.000 0.278 3.501 2.665 1.886 0.000 
1 test2fip_inconsistent right_hidden
1.543 0.128 0.000 0.000 2.650 0.000 0.000 0.142 0.000 1.222 0.000 0.000 0.000 0.000 0.000 0.392 3.748 4.634 3.052 0.000 
---
0 test2fip_consistent left_hidden
0.000 0.309 0.000 1.291 2.464 0.468 0.493 2.117 0.000 0.175 0.000 0.012 0.282 1.545 0.000 3.361 1.964 0.000 0.000 1.499 
0 test2fip_consistent right_hidden
2.246 0.726 0.000 0.147 0.000 0.019 0.075 2.117 0.086 0.047 0.000 0.957 0.543 0.196 1.060 0.317 0.333 0.000 1.372 0.925 
---
1 test2fip_inconsistent left_hidden
0.000 0.309 0.000 1.291 2.464 0.468 0.493 2.117 0.000 0.175 0.000 0.012 0.282 1.545 0.000 3.361 1.964 0.000 0.000 1.499 
1 test2fip_inconsistent right_hidden
1.146 0.000 0.000 2.740 0.010 0.000 0.494 4.160 0.000 0.156 0.000 0.829 0.259 0.886 0.554 2.942 2.198 0.000 0.332 1.987 
---
0 test2fip_consistent left_hidden
0.775 0.882 0.805 0.062 2.264 2.532 0.000 0.000 0.596 1.035 1.437 0.000 0.609 0.000 2.450 0.000 0.000 2.281 1.026 0.000 
0 test2fip_consistent right_hidden
1.440 0.094 0.000 0.111 0.000 0.175 0.000 1.524 0.612 0.114 0.000 0.000 0.919 0.024 2.147 1.036 0.000 2.123 0.879 0.000 
---
1 test2fip_inconsistent left_hidden
0.775 0.882 0.805 0.062 2.264 2.532 0.000 0.000 0.596 1.035 1.437 0.000 0.609 0.000 2.450 0.000 0.000 2.281 1.026 0.000 
1 test2fip_inconsistent right_hidden
0.791 1.377 0.000 0.000 0.929 3.899 0.000 0.243 0.000 1.731 0.000 0.000 1.502 0.000 3.381 0.183 0.000 3.992 0.741 0.000 
---
0 test2fip_consistent left_hidden
0.019 0.000 3.834 1.335 0.000 0.446 0.000 3.419 0.146 0.192 0.000 0.589 1.765 0.000 1.169 0.311 0.000 0.000 0.725 1.019 
0 test2fip_consistent right_hidden
0.192 0.000 0.000 0.331 0.841 0.272 0.319 0.101 0.000 3.368 0.000 0.071 1.541 0.461 0.000 1.579 0.000 0.000 0.082 0.936 
---
1 test2fip_inconsistent left_hidden
0.019 0.000 3.834 1.335 0.000 0.446 0.000 3.419 0.146 0.192 0.000 0.589 1.765 0.000 1.169 0.311 0.000 0.000 0.725 1.019 
1 test2fip_inconsistent right_hidden
0.000 0.000 1.504 2.464 0.293 0.038 0.000 3.028 0.000 3.272 0.000 0.124 2.682 0.000 0.000 1.363 0.000 0.000 0.830 3.360 
---
0 test2fip_consistent left_hidden
0.000 0.819 0.554 0.109 0.607 1.786 0.000 0.000 0.000 0.996 1.675 0.000 0.000 0.000 4.267 3.965 0.000 0.000 0.000 0.000 
0 test2fip_consistent right_hidden
0.000 0.000 0.000 0.266 0.000 0.033 0.000 3.364 1.840 0.000 0.000 0.000 1.550 0.000 1.782 0.000 0.000 0.000 1.626 0.000 
---
1 test2fip_inconsistent left_hidden
0.000 0.819 0.554 0.109 0.607 1.786 0.000 0.000 0.000 0.996 1.675 0.000 0.000 0.000 4.267 3.965 0.000 0.000 0.000 0.000 
1 test2fip_inconsistent right_hidden
0.000 0.000 0.000 0.113 0.000 0.449 0.000 2.907 0.607 0.000 0.000 0.000 1.058 0.000 4.291 4.080 0.000 0.000 0.022 0.000 
---
0 test2fip_consistent left_hidden
0.000 0.000 0.000 0.346 0.996 0.000 2.134 1.669 1.780 0.631 0.514 0.452 0.000 0.000 1.888 0.175 2.464 2.877 2.215 0.000 
0 test2fip_consistent right_hidden
1.505 0.000 0.007 0.000 1.803 0.000 0.000 1.058 0.000 0.179 1.095 1.941 0.000 0.000 0.000 0.115 0.000 0.000 0.357 0.000 
---
1 test2fip_inconsistent left_hidden
0.000 0.000 0.000 0.346 0.996 0.000 2.134 1.669 1.780 0.631 0.514 0.452 0.000 0.000 1.888 0.175 2.464 2.877 2.215 0.000 
1 test2fip_inconsistent right_hidden
2.041 0.000 0.722 1.112 1.614 0.000 0.959 2.463 1.226 0.709 0.996 2.027 0.000 0.000 0.552 0.499 2.076 0.883 1.539 0.000 
---
0 test2fip_consistent left_hidden
0.000 1.146 1.547 0.000 0.613 0.269 0.000 0.903 0.000 0.000 0.352 0.000 0.000 0.408 2.128 0.852 3.529 1.718 2.794 0.073 
0 test2fip_consistent right_hidden
2.315 0.035 0.422 0.000 0.617 0.513 0.438 1.847 0.007 0.000 0.000 0.000 0.000 0.000 0.017 0.198 1.187 2.112 0.000 0.000 
---
1 test2fip_inconsistent left_hidden
0.000 1.146 1.547 0.000 0.613 0.269 0.000 0.903 0.000 0.000 0.352 0.000 0.000 0.408 2.128 0.852 3.529 1.718 2.794 0.073 
1 test2fip_inconsistent right_hidden
0.652 0.000 0.554 0.000 0.787 0.432 0.000 2.470 0.000 0.000 0.000 0.000 0.000 0.447 1.328 0.000 4.610 3.375 2.301 0.000 
---
0 test2fip_consistent left_hidden
0.000 0.000 0.169 0.000 2.978 2.622 0.000 0.655 2.694 0.000 1.734 0.309 1.274 0.000 0.000 0.000 0.000 1.300 0.000 0.000 
0 test2fip_consistent right_hidden
0.027 0.000 0.678 0.000 1.235 0.370 0.680 1.406 0.231 0.000 2.935 0.733 1.967 0.000 0.000 0.000 0.000 0.000 0.000 1.460 
---
1 test2fip_inconsistent left_hidden
0.000 0.000 0.169 0.000 2.978 2.622 0.000 0.655 2.694 0.000 1.734 0.309 1.274 0.000 0.000 0.000 0.000 1.300 0.000 0.000 
1 test2fip_inconsistent right_hidden
0.000 0.000 0.316 0.000 3.807 2.986 0.000 1.908 3.058 0.000 2.456 0.284 2.745 0.069 0.000 0.000 0.000 0.000 0.000 0.747 
---
0 test2fip_consistent left_hidden
0.000 0.174 0.000 0.430 0.000 3.604 1.401 0.000 1.545 0.000 0.135 0.000 0.000 0.722 1.918 0.032 1.686 0.000 0.000 2.388 
0 test2fip_consistent right_hidden
0.000 1.235 0.000 1.161 0.000 0.000 0.400 0.000 0.286 0.326 2.070 0.000 0.000 0.032 2.108 0.260 0.000 0.000 2.019 1.213 
---
1 test2fip_inconsistent left_hidden
0.000 0.174 0.000 0.430 0.000 3.604 1.401 0.000 1.545 0.000 0.135 0.000 0.000 0.722 1.918 0.032 1.686 0.000 0.000 2.388 
1 test2fip_inconsistent right_hidden
0.000 0.993 0.000 0.749 0.000 3.814 1.581 0.000 0.000 0.000 2.187 0.000 0.000 2.167 1.913 0.000 0.477 0.000 1.321 3.312 
---
0 test2fip_consistent left_hidden
0.000 0.000 0.000 0.063 0.005 1.613 0.000 1.653 0.569 0.000 0.183 0.203 0.000 0.000 0.936 0.000 0.000 2.966 3.730 0.000 
0 test2fip_consistent right_hidden
0.000 0.000 0.000 0.076 0.002 0.000 0.000 2.087 0.000 0.000 2.244 0.102 0.000 1.659 2.869 1.550 0.000 0.222 0.000 0.149 
---
1 test2fip_inconsistent left_hidden
0.000 0.000 0.000 0.063 0.005 1.613 0.000 1.653 0.569 0.000 0.183 0.203 0.000 0.000 0.936 0.000 0.000 2.966 3.730 0.000 
1 test2fip_inconsistent right_hidden
0.000 0.000 0.000 0.000 0.000 0.843 0.000 4.280 0.000 0.000 0.395 1.354 0.000 1.479 2.934 0.626 0.000 3.484 2.038 0.523 
---
0 test2fip_consistent left_hidden
0.277 0.000 0.000 0.009 0.282 0.705 2.520 4.690 0.000 0.000 0.000 0.427 0.000 0.000 0.000 1.326 0.000 0.175 1.773 1.202 
0 test2fip_consistent right_hidden
1.193 0.000 1.648 1.431 1.933 0.000 0.044 0.379 0.000 0.000 0.000 0.000 0.000 0.000 0.471 0.601 0.537 0.000 1.685 0.567 
---
1 test2fip_inconsistent left_hidden
0.277 0.000 0.000 0.009 0.282 0.705 2.520 4.690 0.000 0.000 0.000 0.427 0.000 0.000 0.000 1.326 0.000 0.175 1.773 1.202 
1 test2fip_inconsistent right_hidden
1.307 0.529 1.499 1.093 1.105 1.058 1.583 4.145 0.000 0.000 0.000 0.000 0.000 0.000 0.000 0.384 0.168 0.000 2.604 2.146 
---
0 test2fip_consistent left_hidden
3.325 1.514 0.000 0.000 0.754 0.000 0.000 0.000 0.534 2.571 0.000 0.000 0.000 2.268 0.000 0.000 1.702 1.401 1.127 0.000 
0 test2fip_consistent right_hidden
0.780 0.000 0.000 0.000 1.096 0.000 2.695 0.000 0.828 1.443 0.000 1.464 0.000 0.000 1.720 0.000 0.000 1.328 0.835 0.496 
---
1 test2fip_inconsistent left_hidden
3.325 1.514 0.000 0.000 0.754 0.000 0.000 0.000 0.534 2.571 0.000 0.000 0.000 2.268 0.000 0.000 1.702 1.401 1.127 0.000 
1 test2fip_inconsistent right_hidden
2.059 0.000 0.000 0.000 1.267 0.000 0.977 0.000 1.961 3.565 0.000 0.000 0.000 1.466 0.979 0.213 1.629 2.157 2.117 0.756 
---
0 test2fip_consistent left_hidden
0.000 0.000 1.053 0.439 0.000 0.000 0.000 1.942 0.221 0.000 0.926 0.295 1.058 0.000 0.563 2.568 0.000 3.321 0.000 1.907 
0 test2fip_consistent right_hidden
0.396 0.493 0.910 0.000 0.820 1.756 0.000 0.028 0.204 1.530 0.050 0.000 1.898 0.000 0.115 0.059 0.000 0.231 0.713 1.620 
---
1 test2fip_inconsistent left_hidden
0.000 0.000 1.053 0.439 0.000 0.000 0.000 1.942 0.221 0.000 0.926 0.295 1.058 0.000 0.563 2.568 0.000 3.321 0.000 1.907 
1 test2fip_inconsistent right_hidden
0.210 0.105 1.305 0.066 0.000 1.161 0.000 2.779 1.556 0.326 1.153 0.000 3.057 0.000 0.102 2.223 0.000 2.246 0.000 2.843 
---
0 test2fip_consistent left_hidden
0.000 0.000 0.000 0.000 0.000 4.118 0.000 0.505 0.000 0.000 0.000 2.636 0.000 0.000 2.148 0.629 0.000 0.000 1.864 0.920 
0 test2fip_consistent right_hidden
0.000 0.000 0.000 1.018 0.000 0.000 0.000 0.000 0.000 0.037 0.000 1.967 2.033 0.000 0.964 0.000 0.000 0.000 0.000 3.236 
---
1 test2fip_inconsistent left_hidden
0.000 0.000 0.000 0.000 0.000 4.118 0.000 0.505 0.000 0.000 0.000 2.636 0.000 0.000 2.148 0.629 0.000 0.000 1.864 0.920 
1 test2fip_inconsistent right_hidden
0.000 0.000 0.000 0.000 0.000 1.867 0.000 0.000 0.000 0.000 0.000 1.291 1.334 0.000 2.620 0.329 0.000 0.000 3.204 3.632 
---
0 test2fip_consistent left_hidden
0.000 1.160 0.620 0.000 0.350 2.089 0.000 0.000 2.214 0.000 0.696 0.000 0.187 0.422 1.631 0.000 1.899 1.402 0.000 3.304 
0 test2fip_consistent right_hidden
0.653 0.232 0.100 0.000 0.173 0.000 0.000 0.000 2.183 0.000 2.105 0.000 0.000 1.625 0.000 0.007 1.684 0.000 0.000 1.357 
---
1 test2fip_inconsistent left_hidden
0.000 1.160 0.620 0.000 0.350 2.089 0.000 0.000 2.214 0.000 0.696 0.000 0.187 0.422 1.631 0.000 1.899 1.402 0.000 3.304 
1 test2fip_inconsistent right_hidden
0.173 0.000 0.025 0.000 1.455 2.089 0.000 0.697 1.371 0.000 1.223 0.000 0.452 2.384 0.655 0.000 3.516 1.766 0.000 3.143 
---
0 test2fip_consistent left_hidden
0.988 0.000 0.439 0.646 0.982 0.290 2.977 2.523 1.575 0.000 1.071 3.661 0.000 0.390 0.030 0.000 1.421 0.000 0.257 0.000 
0 test2fip_consistent right_hidden
0.000 1.912 1.127 0.000 1.130 0.000 0.000 0.083 0.033 0.025 0.000 1.333 0.000 0.000 1.428 2.477 1.127 0.000 0.618 1.423 
---
1 test2fip_inconsistent left_hidden
0.988 0.000 0.439 0.646 0.982 0.290 2.977 2.523 1.575 0.000 1.071 3.661 0.000 0.390 0.030 0.000 1.421 0.000 0.257 0.000 
1 test2fip_inconsistent right_hidden
0.000 1.347 0.431 1.377 0.000 0.000 1.585 2.597 0.422 0.000 0.000 4.996 0.000 0.024 1.035 1.553 0.137 0.000 0.119 0.675 
---
0 test2fip_consistent left_hidden
0.000 0.000 0.499 0.000 0.000 2.467 0.000 0.000 0.000 0.000 0.000 0.000 0.048 0.000 2.575 1.049 0.000 4.715 0.000 0.905 
0 test2fip_consistent right_hidden
0.000 0.275 0.000 0.000 1.178 0.389 0.000 0.000 0.355 0.000 0.801 0.000 0.030 0.808 0.557 0.923 3.702 0.790 1.771 0.000 
---
1 test2fip_inconsistent left_hidden
0.000 0.000 0.499 0.000 0.000 2.467 0.000 0.000 0.000 0.000 0.000 0.000 0.048 0.000 2.575 1.049 0.000 4.715 0.000 0.905 
1 test2fip_inconsistent right_hidden
0.000 0.160 0.000 0.000 0.915 3.428 0.000 0.000 0.141 0.000 1.058 0.000 0.000 1.786 3.335 0.000 2.410 3.171 1.218 0.000 
---
0 test2fip_consistent left_hidden
0.000 0.755 0.716 0.000 0.445 0.000 2.876 2.861 0.000 0.652 0.000 3.639 0.000 1.615 0.000 2.129 0.000 0.133 0.328 0.593 
0 test2fip_consistent right_hidden
0.763 0.642 0.029 0.000 3.642 1.721 0.000 0.000 0.000 1.792 0.000 0.618 0.141 0.000 1.145 0.026 0.000 1.079 0.000 1.788 
---
1 test2fip_inconsistent left_hidden
0.000 0.755 0.716 0.000 0.445 0.000 2.876 2.861 0.000 0.652 0.000 3.639 0.000 1.615 0.000 2.129 0.000 0.133 0.328 0.593 
1 test2fip_inconsistent right_hidden
0.624 1.659 0.000 0.000 2.596 0.440 0.000 1.987 0.000 1.140 0.000 4.928 0.000 0.000 1.389 0.000 0.000 0.000 0.000 1.723 
---
0 test2fip_consistent left_hidden
0.049 1.338 0.972 0.108 0.000 0.000 4.109 1.337 0.000 0.000 0.000 0.000 0.485 1.169 1.575 0.000 0.000 2.004 0.000 0.000 
0 test2fip_consistent right_hidden
1.952 0.052 0.000 2.947 0.000 0.000 2.056 0.174 0.000 0.000 0.008 0.000 0.000 0.001 0.000 0.000 0.000 1.015 0.000 1.095 
---
1 test2fip_inconsistent left_hidden
0.049 1.338 0.972 0.108 0.000 0.000 4.109 1.337 0.000 0.000 0.000 0.000 0.485 1.169 1.575 0.000 0.000 2.004 0.000 0.000 
1 test2fip_inconsistent right_hidden
1.460 2.048 0.000 1.317 0.000 0.000 5.151 2.057 0.000 0.000 0.000 0.000 0.000 1.385 0.009 0.000 0.000 3.245 0.000 0.556 
---
0 test2fip_consistent left_hidden
1.248 4.967 0.091 0.000 3.163 0.000 0.000 0.747 0.837 0.000 0.000 0.000 0.000 0.000 0.719 0.000 0.000 0.625 0.000 0.632 
0 test2fip_consistent right_hidden
2.540 2.464 0.655 0.000 0.007 0.000 0.000 2.038 0.102 0.000 2.214 0.000 0.644 0.000 0.046 0.000 0.000 0.000 0.849 0.000 
---
1 test2fip_inconsistent left_hidden
1.248 4.967 0.091 0.000 3.163 0.000 0.000 0.747 0.837 0.000 0.000 0.000 0.000 0.000 0.719 0.000 0.000 0.625 0.000 0.632 
1 test2fip_inconsistent right_hidden
2.207 4.694 0.303 0.000 4.343 0.000 0.000 0.605 1.063 0.000 1.606 0.000 0.531 0.000 1.482 0.000 0.000 0.000 0.000 0.000 
---
0 test2fip_consistent left_hidden
0.000 0.000 0.198 0.420 0.351 0.000 0.170 0.000 0.000 3.492 1.301 0.404 0.000 3.200 1.886 0.000 2.948 0.000 0.000 0.779 
0 test2fip_consistent right_hidden
0.000 0.000 2.569 0.000 0.131 1.452 0.145 0.059 0.000 0.754 0.061 1.026 0.000 0.236 0.901 0.000 1.620 2.183 0.000 0.555 
---
1 test2fip_inconsistent left_hidden
0.000 0.000 0.198 0.420 0.351 0.000 0.170 0.000 0.000 3.492 1.301 0.404 0.000 3.200 1.886 0.000 2.948 0.000 0.000 0.779 
1 test2fip_inconsistent right_hidden
0.000 0.000 1.866 0.000 0.028 1.493 0.000 0.000 0.000 3.408 0.000 0.686 0.000 4.014 2.482 0.000 1.749 1.265 0.000 1.682 
---
0 test2fip_consistent left_hidden
0.000 0.000 1.114 0.000 1.691 0.000 0.297 0.000 0.596 0.000 0.186 3.207 0.442 0.313 1.747 2.818 0.161 2.714 0.352 1.324 
0 test2fip_consistent right_hidden
0.000 1.032 0.981 0.000 0.839 0.000 0.482 1.941 1.136 1.410 0.000 0.174 0.000 0.052 0.894 0.946 1.627 0.324 0.000 0.019 
---
1 test2fip_inconsistent left_hidden
0.000 0.000 1.114 0.000 1.691 0.000 0.297 0.000 0.596 0.000 0.186 3.207 0.442 0.313 1.747 2.818 0.161 2.714 0.352 1.324 
1 test2fip_inconsistent right_hidden
0.000 0.146 0.994 0.000 0.122 0.045 0.179 1.166 1.369 0.720 0.000 3.177 0.248 0.000 1.376 2.985 1.070 3.545 0.000 0.000 
---
