0 test2fip_consistent 0.000 0.000 3.240 0.788 2.734 0.000 0.000 0.455 0.000 0.000 0.000 1.289 0.000 0.000 0.000 2.410 0.000 0.816 0.572 3.412 0.000 1.174 0.461 0.000 0.000 0.310 0.000 0.000 0.473 1.655 2.979 0.000 0.084 0.000 0.000 0.073 0.495 0.000 0.000 0.127 
1 test2fip_inconsistent 0.000 0.000 3.240 0.788 2.734 0.000 0.000 0.455 0.000 0.000 0.000 1.289 0.000 0.000 0.000 2.410 0.000 0.816 0.572 3.412 0.000 0.702 0.963 0.000 1.677 0.000 0.000 0.105 0.000 0.765 1.368 0.520 0.000 0.000 0.000 2.195 0.000 0.987 0.082 4.097 
0 test2fip_consistent 0.000 0.000 0.922 0.963 0.000 0.000 0.000 0.000 0.000 0.000 0.000 0.520 0.000 0.000 0.000 0.000 0.772 0.276 5.813 0.000 0.000 0.000 1.947 3.089 0.000 0.054 0.000 0.182 0.680 0.000 0.000 0.000 0.000 0.000 2.436 0.000 0.342 0.264 0.532 1.120 
1 test2fip_inconsistent 0.000 0.000 0.922 0.963 0.000 0.000 0.000 0.000 0.000 0.000 0.000 0.520 0.000 0.000 0.000 0.000 0.772 0.276 5.813 0.000 0.000 0.000 3.233 2.190 0.000 0.000 0.000 0.000 0.507 0.000 0.000 0.000 0.000 0.000 1.806 0.000 1.377 2.922 4.108 0.354 
0 test2fip_consistent 0.000 0.000 0.000 5.457 0.000 0.000 0.333 1.099 1.719 0.000 0.153 1.946 0.000 0.000 1.017 0.445 0.000 0.098 0.743 0.000 0.000 0.499 0.000 0.000 0.000 0.284 0.000 0.000 0.168 0.000 0.847 2.390 0.000 0.000 0.000 1.650 0.797 1.914 2.583 0.000 
1 test2fip_inconsistent 0.000 0.000 0.000 5.457 0.000 0.000 0.333 1.099 1.719 0.000 0.153 1.946 0.000 0.000 1.017 0.445 0.000 0.098 0.743 0.000 0.000 0.233 0.024 4.287 0.000 0.000 0.000 0.000 1.183 0.306 0.000 1.294 0.000 0.000 2.285 1.144 0.152 0.488 2.153 0.000 
0 test2fip_consistent 0.401 0.583 0.923 0.000 0.000 0.000 1.439 0.000 0.000 2.343 0.000 1.849 2.575 1.373 4.086 0.000 0.000 1.856 0.976 0.440 0.487 0.094 1.158 0.216 0.000 0.062 0.515 0.529 0.000 0.120 0.000 0.159 0.260 0.000 0.462 0.000 1.712 1.504 1.583 1.873 
1 test2fip_inconsistent 0.401 0.583 0.923 0.000 0.000 0.000 1.439 0.000 0.000 2.343 0.000 1.849 2.575 1.373 4.086 0.000 0.000 1.856 0.976 0.440 0.617 0.762 0.021 0.107 0.000 0.000 0.648 0.000 0.000 1.119 0.006 1.698 3.022 1.686 3.395 0.000 1.951 1.870 2.176 1.236 
0 test2fip_consistent 0.000 0.000 0.000 1.306 2.524 1.606 0.000 3.881 2.902 0.937 0.000 0.257 0.835 0.667 0.000 1.064 0.000 0.000 0.000 0.000 1.548 1.597 0.355 0.683 0.216 0.584 0.000 0.292 0.168 0.000 0.933 1.541 0.948 0.225 0.000 0.000 0.000 0.000 0.000 0.397 
1 test2fip_inconsistent 0.000 0.000 0.000 1.306 2.524 1.606 0.000 3.881 2.902 0.937 0.000 0.257 0.835 0.667 0.000 1.064 0.000 0.000 0.000 0.000 1.826 0.036 0.656 3.492 3.367 0.960 0.000 3.238 1.825 0.000 0.008 1.542 0.413 0.000 0.000 0.028 0.000 0.000 0.000 0.000 
0 test2fip_consistent 0.000 4.065 0.532 0.584 0.000 0.000 1.427 2.389 0.000 2.197 0.000 0.000 0.000 0.000 0.000 0.000 0.070 1.115 0.000 0.000 0.000 0.835 0.514 0.872 0.024 0.000 0.000 0.000 0.079 0.000 0.000 1.484 1.617 0.000 0.000 2.658 0.000 2.017 0.000 0.000 
1 test2fip_inconsistent 0.000 4.065 0.532 0.584 0.000 0.000 1.427 2.389 0.000 2.197 0.000 0.000 0.000 0.000 0.000 0.000 0.070 1.115 0.000 0.000 0.000 4.592 0.321 0.000 0.460 0.000 2.780 1.733 0.259 0.878 0.000 0.173 1.271 0.000 0.000 1.539 0.000 2.434 0.000 0.000 
0 test2fip_consistent 0.000 0.000 0.000 0.000 0.000 1.446 0.000 0.000 2.525 0.000 1.578 0.000 2.454 1.759 0.000 0.381 0.000 1.300 2.428 0.274 0.000 0.478 0.000 0.000 0.000 0.383 0.000 0.873 0.000 0.000 0.000 0.000 0.000 0.000 0.000 4.581 0.000 2.222 0.901 1.140 
1 test2fip_inconsistent 0.000 0.000 0.000 0.000 0.000 1.446 0.000 0.000 2.525 0.000 1.578 0.000 2.454 1.759 0.000 0.381 0.000 1.300 2.428 0.274 0.000 0.349 0.000 0.000 0.000 3.174 0.000 0.466 0.671 0.000 1.767 0.000 0.253 1.927 0.000 2.522 0.000 1.517 3.630 0.686 
0 test2fip_consistent 0.000 2.575 0.774 0.280 0.473 0.000 1.772 0.881 0.392 0.549 0.000 0.000 1.064 1.549 0.179 0.131 3.669 1.412 0.023 0.602 0.000 0.225 0.031 0.000 0.000 0.041 0.474 0.113 0.000 1.587 0.000 0.000 0.408 2.469 1.568 2.482 0.650 0.116 1.262 0.107 
1 test2fip_inconsistent 0.000 2.575 0.774 0.280 0.473 0.000 1.772 0.881 0.392 0.549 0.000 0.000 1.064 1.549 0.179 0.131 3.669 1.412 0.023 0.602 0.000 3.528 0.118 0.000 0.000 0.000 1.094 1.344 0.626 1.422 0.000 0.399 0.000 3.499 1.452 1.255 3.149 1.090 1.422 1.794 
0 test2fip_consistent 2.594 1.637 2.667 0.000 0.000 0.000 0.692 2.960 0.324 1.543 2.270 0.000 0.000 0.183 0.000 0.000 0.000 0.000 0.782 0.000 0.000 0.000 0.000 2.097 1.814 0.000 0.000 0.961 0.874 0.571 0.000 0.000 0.000 0.000 1.511 0.000 0.774 1.665 0.000 0.000 
1 test2fip_inconsistent 2.594 1.637 2.667 0.000 0.000 0.000 0.692 2.960 0.324 1.543 2.270 0.000 0.000 0.183 0.000 0.000 0.000 0.000 0.782 0.000 2.652 2.210 2.029 1.825 1.243 0.000 0.000 3.434 2.568 0.947 1.284 0.000 0.000 0.000 0.661 0.000 0.308 0.525 0.000 0.000 
0 test2fip_consistent 0.080 0.954 0.386 0.000 0.000 2.362 0.000 3.687 0.009 0.000 0.000 0.000 0.727 0.000 0.104 0.198 0.000 0.000 1.495 3.297 2.226 0.221 0.841 0.399 0.000 0.160 0.000 0.000 1.822 0.000 0.000 0.000 0.000 0.000 1.458 1.539 0.000 0.007 1.389 0.179 
1 test2fip_inconsistent 0.080 0.954 0.386 0.000 0.000 2.362 0.000 3.687 0.009 0.000 0.000 0.000 0.727 0.000 0.104 0.198 0.000 0.000 1.495 3.297 1.649 2.259 2.493 0.130 0.000 1.673 0.000 2.525 0.646 0.000 0.000 0.000 0.486 0.000 1.283 2.360 0.000 0.000 1.826 2.029 
0 test2fip_consistent 1.430 0.000 0.000 0.158 0.000 0.000 0.010 0.781 4.398 0.000 3.464 0.000 0.406 0.000 0.117 0.889 0.385 0.000 0.000 0.000 0.000 0.000 0.000 0.000 2.273 0.000 0.000 1.321 0.847 0.000 0.000 0.000 0.185 2.299 0.000 0.000 3.314 0.000 0.000 0.000 
1 test2fip_inconsistent 1.430 0.000 0.000 0.158 0.000 0.000 0.010 0.781 4.398 0.000 3.464 0.000 0.406 0.000 0.117 0.889 0.385 0.000 0.000 0.000 2.793 0.000 0.000 0.239 0.576 0.112 0.000 1.171 3.096 0.000 0.796 0.000 0.851 1.772 0.000 1.596 3.423 0.000 0.000 0.000 
0 test2fip_consistent 2.329 0.298 0.763 0.000 0.165 0.351 0.476 1.441 1.527 0.000 0.000 0.729 0.000 0.093 0.000 0.000 2.216 2.565 2.371 1.411 0.050 0.000 1.482 0.000 0.000 1.890 0.903 1.526 0.000 0.537 0.000 2.819 0.000 0.022 1.013 0.000 0.669 0.132 0.921 0.000 
1 test2fip_inconsistent 2.329 0.298 0.763 0.000 0.165 0.351 0.476 1.441 1.527 0.000 0.000 0.729 0.000 0.093 0.000 0.000 2.216 2.565 2.371 1.411 2.217 0.000 1.013 0.000 0.000 0.832 0.633 0.653 1.391 0.454 0.000 3.220 0.000 0.000 0.842 0.000 3.750 2.732 1.355 0.583 
0 test2fip_consistent 1.861 4.187 0.359 0.301 0.000 2.928 0.265 0.636 0.970 0.000 0.000 1.584 0.000 0.641 0.000 1.223 0.000 1.294 0.000 0.184 0.757 0.625 0.000 0.568 1.625 0.000 2.203 0.000 0.000 0.361 0.000 0.131 2.252 0.000 0.000 0.000 0.000 2.547 0.000 2.262 
1 test2fip_inconsistent 1.861 4.187 0.359 0.301 0.000 2.928 0.265 0.636 0.970 0.000 0.000 1.584 0.000 0.641 0.000 1.223 0.000 1.294 0.000 0.184 1.716 4.134 0.000 0.067 0.917 2.792 2.033 0.000 1.923 0.250 0.000 0.363 1.192 0.000 0.000 0.000 0.000 3.373 0.000 0.738 
0 test2fip_consistent 0.960 1.286 0.000 3.023 0.000 1.444 3.629 0.000 1.508 0.000 2.345 0.000 0.000 0.256 0.000 0.000 0.000 2.059 0.912 0.000 0.000 0.379 0.000 1.075 0.000 0.988 1.349 0.051 2.889 0.000 0.224 0.963 0.000 0.000 0.794 1.198 0.091 0.000 1.265 0.000 
1 test2fip_inconsistent 0.960 1.286 0.000 3.023 0.000 1.444 3.629 0.000 1.508 0.000 2.345 0.000 0.000 0.256 0.000 0.000 0.000 2.059 0.912 0.000 1.644 0.000 0.000 1.667 0.000 0.706 4.293 0.000 1.889 0.000 0.071 0.000 0.000 0.000 0.000 0.991 0.345 2.888 0.357 0.000 
0 test2fip_consistent 0.000 0.000 0.000 0.000 0.788 0.911 0.005 0.000 0.000 1.817 2.139 1.646 0.000 0.000 0.000 0.000 1.235 3.006 0.000 3.333 0.000 0.000 0.560 0.000 0.000 1.992 2.137 0.232 0.000 2.291 0.000 1.767 0.000 0.000 0.000 0.000 1.549 0.000 0.000 0.000 
1 test2fip_inconsistent 0.000 0.000 0.000 0.000 0.788 0.911 0.005 0.000 0.000 1.817 2.139 1.646 0.000 0.000 0.000 0.000 1.235 3.006 0.000 3.333 0.000 0.000 0.000 0.000 0.659 1.786 1.420 1.765 0.000 2.913 1.270 1.446 0.000 0.000 0.000 0.000 1.806 2.915 0.000 2.911 
0 test2fip_consistent 0.240 3.757 0.000 0.000 1.435 0.673 0.000 0.000 0.181 0.000 0.000 1.282 0.000 1.972 1.208 0.000 0.000 0.505 2.990 0.000 0.902 0.499 2.165 0.000 1.982 0.000 0.791 0.000 0.000 2.022 1.749 1.499 0.000 0.000 0.000 0.834 0.000 0.000 1.472 0.000 
1 test2fip_inconsistent 0.240 3.757 0.000 0.000 1.435 0.673 0.000 0.000 0.181 0.000 0.000 1.282 0.000 1.972 1.208 0.000 0.000 0.505 2.990 0.000 0.999 3.542 1.210 0.000 1.462 1.921 0.471 0.000 0.000 2.074 0.852 0.000 0.000 2.157 0.000 0.320 0.000 0.000 3.963 0.000 
0 test2fip_consistent 0.000 0.000 1.783 0.000 0.000 4.033 0.000 0.064 0.000 0.000 1.606 0.000 3.999 0.000 0.000 0.212 0.000 0.000 0.000 0.000 0.000 0.713 0.000 0.000 0.000 1.145 0.000 1.167 0.000 0.171 0.000 0.000 0.000 0.073 0.664 3.665 0.000 0.007 0.000 0.000 
1 test2fip_inconsistent 0.000 0.000 1.783 0.000 0.000 4.033 0.000 0.064 0.000 0.000 1.606 0.000 3.999 0.000 0.000 0.212 0.000 0.000 0.000 0.000 0.000 0.123 2.211 0.000 0.000 3.357 0.000 0.000 2.480 0.132 1.607 0.000 1.134 0.000 0.301 3.424 0.000 0.000 0.000 0.000 
0 test2fip_consistent 4.596 0.513 0.865 0.000 0.000 1.998 1.096 0.000 0.961 0.000 0.000 0.000 0.000 1.993 0.000 1.837 0.000 2.122 1.230 0.000 0.877 0.240 0.223 1.253 2.015 0.000 0.000 2.060 0.186 0.314 0.000 0.000 0.000 1.284 1.857 0.048 0.000 0.083 0.787 0.000 
1 test2fip_inconsistent 4.596 0.513 0.865 0.000 0.000 1.998 1.096 0.000 0.961 0.000 0.000 0.000 0.000 1.993 0.000 1.837 0.000 2.122 1.230 0.000 3.050 1.176 1.827 1.166 1.564 0.095 0.377 1.629 1.875 0.000 0.000 0.000 0.000 2.441 1.165 1.048 0.000 3.105 0.000 0.000 
0 test2fip_consistent 3.041 0.368 3.370 0.831 0.834 1.920 0.041 0.628 0.497 1.130 1.392 0.000 0.000 0.075 0.448 0.872 0.000 0.697 0.000 0.000 0.821 0.000 0.759 0.728 0.000 0.000 1.213 0.000 0.265 2.235 0.000 0.000 0.000 0.000 0.000 0.000 0.000 0.000 2.646 0.000 
1 test2fip_inconsistent 3.041 0.368 3.370 0.831 0.834 1.920 0.041 0.628 0.497 1.130 1.392 0.000 0.000 0.075 0.448 0.872 0.000 0.697 0.000 0.000 2.745 0.000 3.413 2.364 0.254 1.481 0.000 0.338 0.880 1.740 0.000 0.000 0.000 2.050 0.000 0.000 0.000 0.114 0.930 0.000 
0 test2fip_consistent 3.219 0.000 0.000 2.691 1.864 0.000 0.000 0.000 0.114 0.000 0.420 3.063 1.290 0.371 0.000 0.890 1.078 0.000 0.000 0.000 1.095 0.000 0.000 0.000 0.001 1.554 0.000 0.000 0.000 0.000 3.787 0.000 0.644 0.099 1.792 0.000 0.144 0.000 0.000 0.000 
1 test2fip_inconsistent 3.219 0.000 0.000 2.691 1.864 0.000 0.000 0.000 0.114 0.000 0.420 3.063 1.290 0.371 0.000 0.890 1.078 0.000 0.000 0.000 5.040 0.000 0.000 1.151 0.164 0.863 0.130 0.000 0.000 0.000 3.369 2.068 0.195 1.313 1.867 0.000 1.837 0.000 0.000 0.000 
0 test2fip_consistent 0.287 1.483 0.000 0.182 0.000 2.862 0.000 3.196 0.000 3.985 1.041 0.080 0.000 0.000 0.000 1.438 0.000 1.158 0.380 0.000 0.000 0.000 0.000 1.964 0.000 0.000 0.000 1.360 0.000 0.126 1.297 2.749 0.000 0.000 0.000 0.000 1.234 0.618 0.523 0.000 
1 test2fip_inconsistent 0.287 1.483 0.000 0.182 0.000 2.862 0.000 3.196 0.000 3.985 1.041 0.080 0.000 0.000 0.000 1.438 0.000 1.158 0.380 0.000 0.323 0.000 0.000 0.805 0.000 1.659 0.000 4.791 0.000 3.265 1.489 1.829 0.000 0.000 0.000 0.668 0.307 0.074 0.530 0.000 
0 test2fip_consistent 3.095 0.000 0.048 1.639 0.000 0.000 1.385 0.000 0.000 0.000 0.000 0.000 1.847 0.123 0.000 0.000 0.000 0.000 4.270 0.105 0.320 0.000 0.840 1.721 0.000 0.169 1.073 2.884 0.000 0.715 1.377 0.000 1.277 0.000 0.043 0.000 0.000 0.673 1.532 0.134 
1 test2fip_inconsistent 3.095 0.000 0.048 1.639 0.000 0.000 1.385 0.000 0.000 0.000 0.000 0.000 1.847 0.123 0.000 0.000 0.000 0.000 4.270 0.105 3.776 0.000 0.572 1.680 0.054 0.231 1.220 1.773 0.000 1.647 0.521 0.000 1.509 0.026 0.000 0.000 0.000 0.000 4.707 1.235 
0 test2fip_consistent 2.259 0.000 2.510 0.036 0.000 0.492 0.317 2.024 0.000 0.000 4.091 1.194 0.346 0.310 0.000 0.000 1.031 0.000 0.000 0.000 0.321 3.065 0.097 0.000 0.000 0.650 2.108 0.080 0.000 0.426 1.511 0.609 1.990 0.000 0.000 0.000 0.830 0.000 0.000 0.665 
1 test2fip_inconsistent 2.259 0.000 2.510 0.036 0.000 0.492 0.317 2.024 0.000 0.000 4.091 1.194 0.346 0.310 0.000 0.000 1.031 0.000 0.000 0.000 2.125 2.339 1.951 0.000 0.007 0.308 1.315 3.268 0.000 0.000 4.383 0.789 1.946 0.000 0.000 0.000 0.000 0.000 0.000 0.022 
0 test2fip_consistent 0.000 0.000 0.000 3.024 0.549 0.000 0.000 0.060 0.314 2.839 0.000 0.000 0.728 0.000 1.055 0.604 0.000 1.761 3.088 1.950 0.326 0.079 0.000 0.213 3.863 0.000 0.000 0.701 0.000 0.947 0.034 0.000 0.000 0.000 1.414 1.248 0.000 0.057 0.132 0.629 
1 test2fip_inconsistent 0.000 0.000 0.000 3.024 0.549 0.000 0.000 0.060 0.314 2.839 0.000 0.000 0.728 0.000 1.055 0.604 0.000 1.761 3.088 1.950 0.200 0.010 0.000 2.520 2.818 0.000 0.000 0.308 1.451 0.261 0.112 0.151 0.000 0.000 3.577 2.567 0.000 2.370 2.410 2.497 
0 test2fip_consistent 0.243 3.448 0.000 3.051 0.000 0.000 0.326 1.007 0.000 0.021 1.048 2.238 1.573 2.064 0.000 0.000 0.000 0.949 0.519 0.000 1.128 0.594 0.000 0.939 0.000 0.000 0.355 2.488 0.000 0.460 0.000 0.043 0.007 0.794 1.048 2.316 0.008 0.223 0.000 0.000 
1 test2fip_inconsistent 0.243 3.448 0.000 3.051 0.000 0.000 0.326 1.007 0.000 0.021 1.048 2.238 1.573 2.064 0.000 0.000 0.000 0.949 0.519 0.000 1.017 4.371 0.012 1.808 0.000 0.000 0.000 2.473 0.000 0.000 0.000 1.588 0.000 1.960 1.153 0.933 0.000 1.931 0.000 0.000 
0 test2fip_consistent 3.153 0.000 0.425 0.000 0.000 1.019 0.000 1.220 0.000 1.703 4.104 0.438 0.000 0.000 2.256 0.000 0.027 0.000 0.000 0.000 0.000 0.000 0.000 0.000 2.313 0.000 0.118 1.881 1.547 0.000 0.187 1.187 0.000 0.000 0.000 0.000 0.000 0.000 0.748 0.171 
1 test2fip_inconsistent 3.153 0.000 0.425 0.000 0.000 1.019 0.000 1.220 0.000 1.703 4.104 0.438 0.000 0.000 2.256 0.000 0.027 0.000 0.000 0.000 2.650 0.041 0.000 0.000 2.174 0.000 0.000 0.850 0.997 1.212 3.724 1.138 0.000 0.000 0.463 0.023 0.000 0.000 0.002 0.000 
0 test2fip_consistent 0.105 0.146 1.246 0.000 4.111 0.000 0.433 0.000 0.000 0.032 2.683 0.000 0.000 0.156 0.556 0.000 0.000 0.180 0.000 2.395 2.027 1.169 1.310 2.203 0.955 0.000 0.000 0.000 0.000 0.872 0.124 1.479 0.000 0.000 0.000 1.380 0.000 0.066 0.800 0.000 
1 test2fip_inconsistent 0.105 0.146 1.246 0.000 4.111 0.000 0.433 0.000 0.000 0.032 2.683 0.000 0.000 0.156 0.556 0.000 0.000 0.180 0.000 2.395 2.490 0.992 0.000 1.382 2.725 0.000 0.000 0.000 0.000 0.744 3.611 0.425 0.000 0.270 2.612 0.674 0.000 0.976 0.000 2.119 
0 test2fip_consistent 0.000 0.000 0.000 1.302 0.317 2.701 0.588 0.000 2.733 0.792 0.598 0.000 0.228 3.645 0.000 0.134 1.084 0.000 2.654 0.000 0.715 0.026 0.000 1.100 0.313 0.000 2.107 0.000 0.000 0.000 0.199 0.000 0.000 0.014 0.000 2.789 0.000 2.075 0.588 0.000 
1 test2fip_inconsistent 0.000 0.000 0.000 1.302 0.317 2.701 0.588 0.000 2.733 0.792 0.598 0.000 0.228 3.645 0.000 0.134 1.084 0.000 2.654 0.000 1.627 0.000 0.000 2.606 0.000 2.286 1.198 0.000 2.483 0.000 0.659 0.000 0.000 2.243 0.000 1.575 1.544 0.912 2.259 0.000 
0 test2fip_consistent 0.000 0.000 0.000 0.054 0.000 0.286 0.000 0.000 0.822 0.702 0.000 0.000 0.126 0.589 0.000 5.561 0.000 0.229 0.000 3.469 2.441 0.000 2.328 0.946 0.418 0.000 1.314 0.000 0.000 1.572 0.000 0.000 1.307 1.119 2.429 0.116 0.000 0.000 0.000 0.220 
1 test2fip_inconsistent 0.000 0.000 0.000 0.054 0.000 0.286 0.000 0.000 0.822 0.702 0.000 0.000 0.126 0.589 0.000 5.561 0.000 0.229 0.000 3.469 1.833 0.000 1.931 0.796 0.000 0.000 0.000 0.000 0.964 0.953 0.000 0.000 1.188 1.865 0.802 1.631 0.000 0.000 0.000 5.189 
0 test2fip_consistent 0.000 0.000 0.039 0.000 2.467 0.000 0.000 1.825 0.000 1.064 0.000 0.000 0.000 1.691 3.300 0.000 2.897 0.027 0.875 0.000 0.901 0.000 0.000 0.000 1.379 0.000 0.000 1.771 1.238 0.000 0.000 0.980 1.433 0.372 0.098 1.718 0.153 0.000 2.338 0.000 
1 test2fip_inconsistent 0.000 0.000 0.039 0.000 2.467 0.000 0.000 1.825 0.000 1.064 0.000 0.000 0.000 1.691 3.300 0.000 2.897 0.027 0.875 0.000 0.000 0.000 0.000 0.000 1.770 0.000 0.000 1.756 0.823 0.093 0.000 0.709 0.949 1.590 3.293 0.229 3.497 0.000 3.459 0.000 
0 test2fip_consistent 2.288 0.000 0.000 0.000 5.280 0.000 0.000 1.534 0.506 0.000 0.000 0.000 0.331 0.477 0.000 0.000 0.000 0.000 0.544 0.000 0.144 0.000 2.695 0.000 0.624 0.000 0.000 0.004 0.000 0.000 0.000 0.000 2.952 0.000 0.000 0.973 0.000 1.304 0.789 1.019 
1 test2fip_inconsistent 2.288 0.000 0.000 0.000 5.280 0.000 0.000 1.534 0.506 0.000 0.000 0.000 0.331 0.477 0.000 0.000 0.000 0.000 0.544 0.000 0.000 0.000 2.160 0.000 5.172 0.000 0.000 1.506 0.000 0.000 0.000 0.000 2.194 0.000 0.000 0.127 0.000 0.426 2.149 0.867 
0 test2fip_consistent 0.000 0.000 0.000 0.000 0.000 2.533 3.280 2.210 0.976 0.000 0.000 0.282 0.000 0.000 0.000 0.000 4.285 0.000 0.000 0.000 0.000 0.750 0.000 0.000 0.000 1.229 1.752 1.396 0.783 0.000 0.000 3.806 0.000 0.004 0.000 0.000 0.161 0.000 0.000 0.000 
1 test2fip_inconsistent 0.000 0.000 0.000 0.000 0.000 2.533 3.280 2.210 0.976 0.000 0.000 0.282 0.000 0.000 0.000 0.000 4.285 0.000 0.000 0.000 0.000 0.000 0.000 0.000 0.000 2.838 1.446 1.272 2.475 0.078 0.000 2.798 0.000 0.908 0.489 0.000 4.115 0.000 0.000 0.000 
0 test2fip_consistent 1.287 1.072 0.784 0.000 2.217 0.026 0.000 0.000 0.144 0.258 0.440 0.206 1.166 0.268 0.904 1.348 1.844 0.109 1.669 3.204 0.000 1.401 0.000 0.000 0.132 2.434 0.048 0.000 0.000 0.030 0.000 2.030 0.023 0.322 0.129 0.346 0.362 0.000 0.386 2.185 
1 test2fip_inconsistent 1.287 1.072 0.784 0.000 2.217 0.026 0.000 0.000 0.144 0.258 0.440 0.206 1.166 0.268 0.904 1.348 1.844 0.109 1.669 3.204 0.376 0.981 1.127 0.000 2.136 1.061 0.000 0.000 0.000 0.000 0.000 1.337 1.870 0.750 1.127 1.108 1.710 0.000 1.478 5.118 
0 test2fip_consistent 0.000 0.283 0.704 0.000 0.000 1.665 0.746 0.641 0.000 3.254 1.978 0.000 0.000 0.289 2.538 1.654 3.250 0.000 2.219 0.658 0.619 1.851 0.817 0.230 0.183 0.000 0.901 1.254 0.000 0.000 0.000 0.104 0.000 0.000 0.259 0.167 0.000 1.524 0.000 0.042 
1 test2fip_inconsistent 0.000 0.283 0.704 0.000 0.000 1.665 0.746 0.641 0.000 3.254 1.978 0.000 0.000 0.289 2.538 1.654 3.250 0.000 2.219 0.658 2.093 1.076 0.000 0.000 1.143 0.915 0.238 0.433 0.000 1.193 1.092 0.000 0.000 0.000 2.160 0.643 1.826 0.986 1.162 2.133 
0 test2fip_consistent 0.000 0.349 0.018 0.141 0.000 0.000 0.000 0.772 1.893 0.000 0.000 0.000 4.026 0.000 0.646 0.000 0.000 0.000 3.202 0.000 0.000 3.435 0.000 3.146 0.000 0.000 0.170 1.441 0.000 0.000 1.117 0.000 1.619 0.000 0.000 0.000 0.000 0.000 0.311 0.000 
1 test2fip_inconsistent 0.000 0.349 0.018 0.141 0.000 0.000 0.000 0.772 1.893 0.000 0.000 0.000 4.026 0.000 0.646 0.000 0.000 0.000 3.202 0.000 0.000 1.961 0.000 1.886 0.000 0.000 0.000 0.247 0.000 0.000 0.621 0.187 6.559 0.000 0.000 0.000 0.000 0.000 2.922 0.000 
0 test2fip_consistent 0.550 2.355 0.000 0.000 1.152 1.890 0.000 0.346 2.530 0.000 1.074 0.354 0.000 3.800 0.000 0.000 0.904 1.035 0.000 0.355 1.156 0.961 0.000 1.534 0.000 0.000 0.000 0.000 0.645 1.580 1.571 0.186 0.000 0.298 0.589 0.000 0.000 0.000 0.000 2.462 
1 test2fip_inconsistent 0.550 2.355 0.000 0.000 1.152 1.890 0.000 0.346 2.530 0.000 1.074 0.354 0.000 3.800 0.000 0.000 0.904 1.035 0.000 0.355 0.614 2.688 0.000 0.978 1.471 0.304 0.000 0.000 2.230 0.795 1.702 0.458 0.000 4.659 0.262 0.000 0.018 0.445 0.000 1.576 
0 test2fip_consistent 0.339 2.922 2.266 0.000 2.665 0.000 0.108 0.000 3.083 0.000 0.029 0.000 0.000 2.362 2.016 0.000 0.000 0.178 0.412 0.063 0.000 1.044 0.000 0.000 0.388 0.540 0.211 0.510 0.186 0.000 0.277 1.945 1.429 0.114 0.000 0.000 0.000 0.589 0.000 1.654 
1 test2fip_inconsistent 0.339 2.922 2.266 0.000 2.665 0.000 0.108 0.000 3.083 0.000 0.029 0.000 0.000 2.362 2.016 0.000 0.000 0.178 0.412 0.063 0.000 3.354 1.214 0.000 2.168 0.222 0.000 0.243 2.781 0.513 0.104 0.866 1.272 2.303 0.000 0.000 0.000 0.656 1.075 1.529 
0 test2fip_consistent 0.000 0.000 0.000 0.000 1.106 0.447 1.704 1.015 0.812 1.888 0.000 1.266 0.722 0.000 2.896 2.841 0.000 0.000 1.191 1.050 0.000 1.872 0.114 0.000 0.058 2.378 0.140 0.514 0.000 0.767 0.000 0.608 0.125 0.309 2.323 0.000 0.000 0.104 0.000 0.000 
1 test2fip_inconsistent 0.000 0.000 0.000 0.000 1.106 0.447 1.704 1.015 0.812 1.888 0.000 1.266 0.722 0.000 2.896 2.841 0.000 0.000 1.191 1.050 0.000 0.870 0.040 0.780 0.539 1.394 1.096 2.430 0.349 1.298 0.000 1.010 0.046 1.072 4.850 1.925 0.000 0.000 0.255 0.121 
0 test2fip_consistent 4.939 0.031 0.000 1.252 0.000 0.734 0.000 0.043 0.591 0.895 2.172 0.000 0.275 0.069 0.000 0.877 0.361 0.276 0.000 2.344 1.117 0.122 0.054 0.000 1.230 2.466 0.271 0.000 2.305 0.125 1.684 0.000 0.055 0.000 0.000 1.377 0.000 2.057 0.000 0.132 
1 test2fip_inconsistent 4.939 0.031 0.000 1.252 0.000 0.734 0.000 0.043 0.591 0.895 2.172 0.000 0.275 0.069 0.000 0.877 0.361 0.276 0.000 2.344 4.175 1.142 0.000 0.047 0.126 2.481 0.000 0.000 0.707 1.558 3.292 0.000 0.000 0.000 0.000 0.973 0.000 1.676 0.000 3.742 
0 test2fip_consistent 0.000 3.486 0.000 0.000 0.000 0.000 0.890 0.000 0.902 0.226 0.000 1.951 1.812 1.081 2.657 0.654 0.000 0.000 0.016 1.795 0.000 0.530 1.117 0.000 2.793 0.000 1.376 0.000 0.000 0.000 3.165 0.000 0.696 1.068 0.000 0.000 0.000 0.000 0.000 0.842 
1 test2fip_inconsistent 0.000 3.486 0.000 0.000 0.000 0.000 0.890 0.000 0.902 0.226 0.000 1.951 1.812 1.081 2.657 0.654 0.000 0.000 0.016 1.795 0.000 2.551 1.114 0.000 1.756 0.000 1.743 0.000 0.000 0.000 2.118 1.773 0.967 0.000 2.736 0.000 0.000 0.000 0.000 4.266 
0 test2fip_consistent 1.667 0.000 1.105 0.042 5.501 1.125 0.985 0.000 0.000 0.000 0.000 0.844 0.444 0.631 0.000 0.000 0.000 0.000 0.227 0.526 0.000 0.000 0.000 0.521 0.892 0.000 0.000 0.000 0.231 0.000 0.043 0.977 0.000 1.827 0.611 0.000 3.302 0.048 0.313 0.194 
1 test2fip_inconsistent 1.667 0.000 1.105 0.042 5.501 1.125 0.985 0.000 0.000 0.000 0.000 0.844 0.444 0.631 0.000 0.000 0.000 0.000 0.227 0.526 1.162 0.000 0.000 0.305 5.215 0.905 1.550 0.000 0.000 0.000 0.013 1.042 0.000 1.121 0.381 0.000 2.006 0.000 0.000 1.365 
0 test2fip_consistent 0.000 0.000 0.592 0.067 0.000 0.000 1.642 0.000 4.814 0.000 0.000 3.927 0.000 0.000 0.102 0.000 0.043 0.000 0.389 0.000 0.049 0.000 0.000 0.977 0.000 0.000 0.000 1.061 0.000 0.000 0.002 2.284 0.000 1.046 1.063 0.000 0.000 0.258 2.919 0.000 
1 test2fip_inconsistent 0.000 0.000 0.592 0.067 0.000 0.000 1.642 0.000 4.814 0.000 0.000 3.927 0.000 0.000 0.102 0.000 0.043 0.000 0.389 0.000 0.000 0.000 0.000 0.000 0.000 0.000 2.895 0.000 3.876 0.000 0.000 3.310 0.000 0.000 0.836 0.000 0.000 0.000 2.303 0.000 
0 test2fip_consistent 0.000 0.556 0.000 0.000 0.000 0.053 0.000 0.000 0.137 3.753 1.350 2.274 0.000 2.153 3.247 0.000 0.000 0.000 1.961 0.000 0.000 0.189 0.000 0.000 0.000 0.031 0.105 0.000 0.358 0.573 0.059 1.182 0.000 0.044 1.658 2.590 2.051 0.187 0.000 1.403 
1 test2fip_inconsistent 0.000 0.556 0.000 0.000 0.000 0.053 0.000 0.000 0.137 3.753 1.350 2.274 0.000 2.153 3.247 0.000 0.000 0.000 1.961 0.000 0.000 0.967 0.000 0.036 0.000 0.000 0.000 0.000 0.018 3.012 0.524 1.377 0.000 2.935 4.554 1.267 0.669 0.000 0.000 0.941 
0 test2fip_consistent 2.305 1.623 0.000 0.021 2.755 0.247 0.000 0.432 0.237 2.372 0.339 0.009 2.701 0.000 0.000 1.599 0.000 0.000 1.847 0.932 1.005 0.723 0.000 1.521 0.302 2.000 0.000 0.000 2.275 0.000 1.359 0.000 0.000 0.000 0.000 1.753 0.000 0.000 0.496 0.233 
1 test2fip_inconsistent 2.305 1.623 0.000 0.021 2.755 0.247 0.000 0.432 0.237 2.372 0.339 0.009 2.701 0.000 0.000 1.599 0.000 0.000 1.847 0.932 1.671 2.173 0.000 0.207 0.730 1.184 0.000 0.280 2.175 2.652 0.000 0.000 2.137 0.000 0.000 2.191 0.000 0.000 2.271 2.299 
0 test2fip_consistent 0.000 0.000 0.000 0.000 0.000 0.000 2.807 0.000 3.645 0.154 0.000 0.000 0.029 1.418 3.997 0.391 0.808 0.000 0.000 0.000 0.400 0.000 0.038 2.755 0.000 0.000 0.000 0.000 0.000 0.887 0.000 0.000 0.000 0.000 0.732 0.000 0.694 4.083 0.000 0.000 
1 test2fip_inconsistent 0.000 0.000 0.000 0.000 0.000 0.000 2.807 0.000 3.645 0.154 0.000 0.000 0.029 1.418 3.997 0.391 0.808 0.000 0.000 0.000 0.000 0.000 0.000 2.717 0.000 0.000 1.492 0.000 0.000 0.394 0.000 0.000 0.095 0.000 5.300 0.000 0.080 2.786 0.000 0.000 
0 test2fip_consistent 0.000 0.000 0.000 2.832 0.000 2.164 3.000 0.000 0.000 0.422 0.762 0.380 0.363 0.000 0.326 0.000 2.830 0.000 1.443 0.000 2.233 0.000 0.000 0.751 0.510 1.728 0.000 0.000 0.000 0.000 0.049 0.340 0.041 0.000 0.640 0.000 0.079 1.281 3.567 0.000 
1 test2fip_inconsistent 0.000 0.000 0.000 2.832 0.000 2.164 3.000 0.000 0.000 0.422 0.762 0.380 0.363 0.000 0.326 0.000 2.830 0.000 1.443 0.000 1.763 0.000 0.000 3.645 0.000 2.555 2.364 0.000 0.000 0.214 0.000 1.384 0.319 0.000 0.000 0.000 2.482 0.239 3.264 0.000 
0 test2fip_consistent 0.000 0.000 0.000 0.629 2.943 1.711 0.733 0.000 0.000 0.708 4.169 0.092 0.000 0.000 0.000 0.129 3.091 0.286 0.000 0.000 0.740 0.000 1.501 0.131 0.000 0.000 0.000 0.000 0.033 0.000 1.037 0.000 0.000 0.000 0.000 1.297 3.095 0.000 0.000 0.031 
1 test2fip_inconsistent 0.000 0.000 0.000 0.629 2.943 1.711 0.733 0.000 0.000 0.708 4.169 0.092 0.000 0.000 0.000 0.129 3.091 0.286 0.000 0.000 0.237 0.000 0.098 2.518 3.297 0.169 0.939 0.000 0.113 0.000 2.632 0.819 0.000 0.000 0.000 0.762 3.057 0.000 0.000 0.087 
0 test2fip_consistent 0.723 2.369 0.000 0.000 0.057 0.000 0.640 0.000 0.000 4.014 1.810 0.000 0.000 0.000 0.257 0.000 2.396 1.132 0.128 1.261 2.487 0.000 0.000 0.176 0.000 0.000 3.170 0.024 0.740 0.087 0.317 0.662 0.000 0.000 0.063 1.509 0.000 0.000 0.244 0.000 
1 test2fip_inconsistent 0.723 2.369 0.000 0.000 0.057 0.000 0.640 0.000 0.000 4.014 1.810 0.000 0.000 0.000 0.257 0.000 2.396 1.132 0.128 1.261 3.917 1.078 0.000 0.000 0.000 0.000 2.420 0.000 0.415 3.427 0.000 0.074 0.000 0.000 0.000 0.973 1.611 1.893 0.211 0.017 
0 test2fip_consistent 0.549 1.706 0.000 0.366 2.236 0.964 0.868 0.000 4.631 0.083 0.000 0.000 0.088 0.000 0.000 0.613 0.000 1.186 0.000 0.000 1.862 0.319 1.250 0.232 0.223 0.000 1.319 0.000 0.000 0.000 1.748 0.000 0.000 3.018 0.000 0.000 0.000 1.823 0.527 0.000 
1 test2fip_inconsistent 0.549 1.706 0.000 0.366 2.236 0.964 0.868 0.000 4.631 0.083 0.000 0.000 0.088 0.000 0.000 0.613 0.000 1.186 0.000 0.000 1.356 2.574 0.677 1.714 0.396 0.970 0.847 0.000 3.454 0.000 1.162 0.000 0.000 0.533 0.000 0.000 0.000 3.513 0.556 0.000 
0 test2fip_consistent 1.802 0.000 0.000 0.210 2.338 0.640 1.297 0.000 0.000 2.394 1.533 0.000 0.998 0.203 0.000 0.000 3.385 0.000 0.649 0.000 0.000 0.000 0.000 0.172 0.000 2.553 0.126 1.189 1.122 0.000 0.115 0.000 0.946 0.542 2.688 0.000 0.345 0.955 0.000 0.059 
1 test2fip_inconsistent 1.802 0.000 0.000 0.210 2.338 0.640 1.297 0.000 0.000 2.394 1.533 0.000 0.998 0.203 0.000 0.000 3.385 0.000 0.649 0.000 2.685 0.000 0.000 0.295 1.736 2.945 2.062 0.660 0.526 2.844 1.344 0.000 0.469 0.083 2.308 0.000 1.754 0.056 0.000 0.000 
0 test2fip_consistent 0.000 1.202 0.000 1.162 0.000 0.000 1.543 0.000 5.330 0.000 0.000 0.000 1.205 1.983 0.000 0.000 0.000 0.000 1.502 0.000 0.000 0.006 0.000 2.249 0.000 1.627 0.000 0.217 0.140 0.643 2.179 0.000 0.421 0.000 0.375 0.810 2.270 0.000 1.766 0.000 
1 test2fip_inconsistent 0.000 1.202 0.000 1.162 0.000 0.000 1.543 0.000 5.330 0.000 0.000 0.000 1.205 1.983 0.000 0.000 0.000 0.000 1.502 0.000 0.000 0.000 0.000 1.562 0.000 1.114 2.117 0.000 3.519 0.000 0.833 0.029 0.750 0.000 0.000 0.626 1.250 0.000 3.850 0.000 
0 test2fip_consistent 2.229 0.216 0.000 0.000 0.000 2.142 0.000 0.000 0.000 0.001 0.000 1.187 4.197 2.101 0.000 0.534 0.000 0.000 0.579 0.385 0.054 0.099 0.000 0.553 2.139 0.665 3.506 0.000 0.516 0.000 0.000 0.000 0.000 0.884 1.125 0.063 0.000 0.346 0.004 0.421 
1 test2fip_inconsistent 2.229 0.216 0.000 0.000 0.000 2.142 0.000 0.000 0.000 0.001 0.000 1.187 4.197 2.101 0.000 0.534 0.000 0.000 0.579 0.385 2.509 0.000 0.000 0.000 1.816 1.908 3.925 0.000 0.155 0.283 0.000 0.000 3.413 2.409 1.714 0.833 0.000 0.000 0.016 0.317 
0 test2fip_consistent 0.000 2.703 0.000 0.000 2.326 3.784 1.620 0.000 0.000 0.271 2.067 0.000 1.349 0.024 0.000 0.032 0.506 0.000 0.645 0.000 2.962 0.000 0.000 0.458 1.593 0.095 0.085 0.000 0.000 0.183 1.681 0.259 1.897 0.120 0.765 0.000 0.810 0.000 0.006 0.000 
1 test2fip_inconsistent 0.000 2.703 0.000 0.000 2.326 3.784 1.620 0.000 0.000 0.271 2.067 0.000 1.349 0.024 0.000 0.032 0.506 0.000 0.645 0.000 1.203 2.025 0.000 0.172 4.016 1.850 2.700 0.000 0.000 1.506 1.616 0.000 3.396 0.440 0.525 0.000 0.057 0.000 0.000 0.011 
0 test2fip_consistent 0.000 0.000 0.000 0.000 0.077 0.000 0.246 0.437 0.000 2.406 2.210 0.000 2.876 1.530 0.000 0.000 1.230 2.458 0.757 0.000 0.000 0.000 1.503 0.000 0.041 0.000 0.000 0.000 0.000 0.023 0.000 3.211 0.000 1.222 0.473 0.000 2.197 1.826 0.791 0.000 
1 test2fip_inconsistent 0.000 0.000 0.000 0.000 0.077 0.000 0.246 0.437 0.000 2.406 2.210 0.000 2.876 1.530 0.000 0.000 1.230 2.458 0.757 0.000 0.000 0.000 0.844 0.000 0.000 0.000 0.000 0.000 0.000 3.121 0.000 1.373 3.627 2.380 0.000 0.000 0.613 3.490 0.013 0.000 
0 test2fip_consistent 0.000 0.000 1.070 0.628 0.000 0.000 0.000 0.096 0.000 0.714 1.050 0.000 0.000 0.000 0.000 0.000 3.856 3.385 0.000 1.715 0.345 0.000 0.121 0.078 1.538 0.000 0.000 2.173 0.000 0.194 0.000 0.080 0.771 1.091 0.000 0.000 0.330 1.361 0.000 2.918 
1 test2fip_inconsistent 0.000 0.000 1.070 0.628 0.000 0.000 0.000 0.096 0.000 0.714 1.050 0.000 0.000 0.000 0.000 0.000 3.856 3.385 0.000 1.715 0.076 0.000 0.919 2.712 1.015 0.000 0.000 1.250 0.000 1.295 0.359 0.174 0.215 0.000 0.000 0.000 2.675 3.812 0.000 4.085 
0 test2fip_consistent 0.000 0.507 2.941 0.870 0.089 0.417 1.830 2.063 0.009 0.000 1.942 0.809 3.401 1.686 0.119 0.000 0.169 0.000 0.000 0.000 0.000 0.418 0.066 2.004 1.589 1.079 1.164 0.004 0.064 0.000 1.934 0.000 0.000 1.398 0.556 0.000 0.000 0.000 1.081 0.000 
1 test2fip_inconsistent 0.000 0.507 2.941 0.870 0.089 0.417 1.830 2.063 0.009 0.000 1.942 0.809 3.401 1.686 0.119 0.000 0.169 0.000 0.000 0.000 0.000 0.000 2.222 0.905 0.000 0.667 1.797 1.981 0.000 0.000 3.365 1.858 2.776 1.443 0.448 0.000 0.000 0.000 0.447 0.000 
0 test2fip_consistent 0.000 0.000 0.000 0.000 0.000 0.018 0.000 0.674 1.333 4.038 1.401 2.105 0.000 0.000 0.274 0.000 0.457 0.000 1.632 0.330 0.000 0.000 0.000 0.000 0.120 0.091 0.000 0.000 1.739 1.583 0.000 0.097 0.000 0.000 0.000 0.000 0.491 0.000 0.124 3.861 
1 test2fip_inconsistent 0.000 0.000 0.000 0.000 0.000 0.018 0.000 0.674 1.333 4.038 1.401 2.105 0.000 0.000 0.274 0.000 0.457 0.000 1.632 0.330 0.000 0.000 0.000 0.000 0.000 0.000 0.000 1.121 0.989 3.714 0.000 3.051 0.000 0.000 0.000 0.000 0.235 0.000 3.424 2.912 
0 test2fip_consistent 2.180 0.000 3.366 0.000 0.604 0.000 0.000 0.000 0.000 0.000 0.000 0.521 0.000 2.047 2.665 0.000 0.609 0.000 0.000 0.622 0.072 0.953 0.006 0.000 0.884 0.000 1.527 0.000 0.281 0.000 0.848 0.024 0.181 0.000 0.800 0.783 2.807 0.588 0.000 2.066 
1 test2fip_inconsistent 2.180 0.000 3.366 0.000 0.604 0.000 0.000 0.000 0.000 0.000 0.000 0.521 0.000 2.047 2.665 0.000 0.609 0.000 0.000 0.622 3.091 0.499 3.134 0.000 0.702 0.000 0.775 0.000 0.702 0.000 1.280 0.424 0.000 0.667 3.643 0.494 1.915 0.176 0.000 1.934 
0 test2fip_consistent 0.083 0.063 0.000 0.512 2.597 3.166 1.227 0.000 0.000 0.000 3.997 0.000 0.076 0.393 0.000 0.225 0.000 0.000 0.000 0.000 1.060 0.000 0.000 3.620 0.086 0.762 0.594 0.000 0.000 0.000 0.227 0.000 0.000 0.000 0.000 1.109 0.000 0.000 0.000 0.000 
1 test2fip_inconsistent 0.083 0.063 0.000 0.512 2.597 3.166 1.227 0.000 0.000 0.000 3.997 0.000 0.076 0.393 0.000 0.225 0.000 0.000 0.000 0.000 0.881 0.000 0.000 2.871 0.986 1.559 1.841 0.000 0.000 0.000 4.459 0.000 0.000 0.000 0.000 1.157 0.000 0.000 0.000 0.000 
0 test2fip_consistent 0.000 2.884 0.000 1.146 0.000 0.036 0.344 2.711 0.652 0.000 1.020 0.000 0.000 0.000 2.835 0.000 2.299 0.000 0.000 0.000 0.363 0.000 0.000 0.000 0.000 1.793 0.485 0.000 0.000 0.027 2.569 0.599 0.474 0.000 0.605 2.177 0.000 0.214 0.000 2.620 
1 test2fip_inconsistent 0.000 2.884 0.000 1.146 0.000 0.036 0.344 2.711 0.652 0.000 1.020 0.000 0.000 0.000 2.835 0.000 2.299 0.000 0.000 0.000 0.000 1.224 0.000 0.000 0.000 0.968 1.099 2.150 1.380 0.721 2.638 0.247 0.000 0.000 2.787 1.558 0.000 0.000 0.000 2.057 
0 test2fip_consistent 0.841 0.072 0.112 0.000 0.799 0.000 2.410 0.000 1.778 0.000 0.103 0.328 4.540 0.000 1.207 0.000 0.000 0.000 0.274 0.375 0.000 0.046 1.888 0.022 1.416 0.000 1.001 0.000 0.000 0.000 0.000 0.040 0.000 0.000 2.802 0.000 0.000 0.000 1.244 0.000 
1 test2fip_inconsistent 0.841 0.072 0.112 0.000 0.799 0.000 2.410 0.000 1.778 0.000 0.103 0.328 4.540 0.000 1.207 0.000 0.000 0.000 0.274 0.375 0.000 0.009 0.358 0.000 0.000 0.000 3.934 0.000 1.778 0.000 0.000 0.462 3.009 0.000 3.458 0.000 0.000 0.009 1.118 0.000 
0 test2fip_consistent 1.835 0.524 0.000 0.000 0.000 1.144 1.233 0.978 0.000 0.892 1.764 0.000 0.489 3.711 0.383 1.306 0.392 0.000 0.000 1.385 3.209 0.000 0.000 0.000 0.000 0.000 0.199 2.644 0.766 0.000 0.162 0.591 0.000 0.411 0.420 0.237 0.599 0.000 0.011 0.603 
1 test2fip_inconsistent 1.835 0.524 0.000 0.000 0.000 1.144 1.233 0.978 0.000 0.892 1.764 0.000 0.489 3.711 0.383 1.306 0.392 0.000 0.000 1.385 2.797 0.000 0.000 0.000 0.000 0.000 0.133 2.199 0.264 0.000 2.764 0.000 0.000 3.885 1.113 3.001 0.785 0.000 0.000 0.668 
0 test2fip_consistent 3.135 1.604 0.144 3.320 0.000 0.000 0.317 1.247 0.000 0.000 1.769 0.000 0.000 1.849 0.000 0.011 0.000 1.616 0.438 0.000 1.037 1.437 1.685 0.000 1.665 0.000 1.789 1.713 0.000 0.021 0.031 0.000 0.000 0.000 0.459 0.802 0.000 0.053 1.635 0.000 
1 test2fip_inconsistent 3.135 1.604 0.144 3.320 0.000 0.000 0.317 1.247 0.000 0.000 1.769 0.000 0.000 1.849 0.000 0.011 0.000 1.616 0.438 0.000 2.887 1.891 0.966 3.583 1.064 0.000 0.911 1.725 0.000 0.000 1.904 0.000 0.000 0.000 0.000 0.742 0.000 0.000 0.061 1.788 
0 test2fip_consistent 0.000 0.000 0.000 0.000 0.000 0.000 1.432 0.819 4.571 0.000 0.000 2.097 0.000 0.000 0.000 2.225 0.000 0.000 0.000 2.243 3.508 1.597 0.191 0.000 0.873 0.000 0.625 0.079 1.729 0.000 0.000 0.000 1.985 0.000 0.000 0.000 0.000 0.000 0.000 0.000 
1 test2fip_inconsistent 0.000 0.000 0.000 0.000 0.000 0.000 1.432 0.819 4.571 0.000 0.000 2.097 0.000 0.000 0.000 2.225 0.000 0.000 0.000 2.243 2.962 1.386 0.000 0.000 0.870 0.000 0.677 2.115 5.024 0.000 0.000 0.278 0.225 0.000 0.000 1.301 0.000 0.000 0.000 1.949 
0 test2fip_consistent 0.255 1.552 4.273 0.017 0.795 0.000 0.000 0.813 0.000 0.000 1.534 0.044 0.000 2.013 0.000 1.420 0.040 0.146 1.760 0.000 1.741 0.010 0.000 0.611 0.000 0.103 0.000 1.379 0.000 0.000 0.000 1.216 0.000 0.000 0.660 2.224 1.120 0.000 1.637 0.671 
1 test2fip_inconsistent 0.255 1.552 4.273 0.017 0.795 0.000 0.000 0.813 0.000 0.000 1.534 0.044 0.000 2.013 0.000 1.420 0.040 0.146 1.760 0.000 1.148 0.208 3.521 0.319 0.000 0.424 0.000 2.158 0.000 0.000 0.776 0.000 0.000 3.161 0.220 2.328 0.405 0.240 1.793 0.369 
0 test2fip_consistent 1.192 0.006 0.000 0.519 0.000 0.000 0.000 0.532 0.000 0.243 0.918 1.302 4.713 0.000 1.811 0.000 0.965 2.119 0.000 0.000 0.000 0.000 0.000 0.097 0.570 0.000 1.877 0.000 0.000 2.375 1.403 2.691 0.000 0.000 0.000 0.000 0.713 0.000 0.000 1.264 
1 test2fip_inconsistent 1.192 0.006 0.000 0.519 0.000 0.000 0.000 0.532 0.000 0.243 0.918 1.302 4.713 0.000 1.811 0.000 0.965 2.119 0.000 0.000 0.000 0.000 0.000 0.000 0.253 0.000 0.367 0.000 0.000 1.383 2.131 2.871 3.874 0.000 2.012 0.000 1.688 1.202 0.000 0.259 
0 test2fip_consistent 2.708 0.000 0.000 1.251 0.000 3.689 1.003 3.030 0.000 0.172 1.841 0.000 0.000 0.000 0.000 0.000 0.000 0.000 0.000 1.890 2.770 0.000 0.000 0.000 0.687 0.000 2.660 0.000 0.977 1.650 0.000 0.000 0.000 0.000 0.113 0.000 0.000 0.282 0.000 0.000 
1 test2fip_inconsistent 2.708 0.000 0.000 1.251 0.000 3.689 1.003 3.030 0.000 0.172 1.841 0.000 0.000 0.000 0.000 0.000 0.000 0.000 0.000 1.890 4.150 0.000 0.000 1.147 0.410 2.943 2.444 1.338 0.899 0.634 1.702 0.000 0.000 0.000 0.000 0.000 0.000 0.000 0.000 0.000 
0 test2fip_consistent 0.000 0.000 3.150 0.000 0.000 0.000 0.061 0.000 1.483 2.137 1.256 1.139 0.000 0.238 0.000 0.252 0.000 2.732 3.053 0.000 0.000 0.796 0.000 0.000 0.023 1.863 2.181 2.132 0.000 0.000 0.892 0.000 0.000 0.190 0.000 0.840 0.361 0.439 0.000 0.603 
1 test2fip_inconsistent 0.000 0.000 3.150 0.000 0.000 0.000 0.061 0.000 1.483 2.137 1.256 1.139 0.000 0.238 0.000 0.252 0.000 2.732 3.053 0.000 0.000 0.410 1.075 0.000 0.000 0.720 0.516 2.337 0.301 2.900 1.473 0.443 0.000 0.000 0.000 0.351 0.000 2.659 2.858 0.000 
0 test2fip_consistent 3.283 0.049 0.000 2.087 1.711 0.370 1.333 0.000 0.000 2.546 0.281 1.049 0.025 0.000 1.239 0.000 1.663 0.000 1.488 0.000 0.174 0.000 0.027 0.000 1.295 0.000 0.000 0.000 0.000 0.152 1.894 1.583 0.067 0.020 3.353 0.000 0.171 0.000 0.950 1.601 
1 test2fip_inconsistent 3.283 0.049 0.000 2.087 1.711 0.370 1.333 0.000 0.000 2.546 0.281 1.049 0.025 0.000 1.239 0.000 1.663 0.000 1.488 0.000 3.427 0.000 0.137 0.389 3.908 0.000 0.000 0.000 0.000 2.730 0.595 1.129 0.000 0.000 3.401 0.000 0.254 0.000 1.249 2.050 
0 test2fip_consistent 0.000 1.843 0.425 0.096 1.021 4.324 0.000 0.000 0.000 0.154 0.000 0.000 2.503 0.000 1.216 1.097 0.000 0.000 1.882 0.000 1.313 0.000 3.025 0.000 0.000 0.000 0.694 0.000 0.000 1.224 0.000 1.259 0.236 2.580 0.166 0.915 0.000 1.376 0.000 0.000 
1 test2fip_inconsistent 0.000 1.843 0.425 0.096 1.021 4.324 0.000 0.000 0.000 0.154 0.000 0.000 2.503 0.000 1.216 1.097 0.000 0.000 1.882 0.000 0.320 1.163 2.318 0.000 0.000 3.456 0.039 0.000 0.000 1.025 0.000 0.453 2.394 1.189 1.758 1.147 0.000 0.982 0.000 0.000 
0 test2fip_consistent 0.000 0.000 0.548 0.277 0.000 0.000 1.971 0.000 0.000 0.000 0.000 0.000 0.344 0.000 1.068 2.730 0.000 0.886 4.007 0.000 0.000 3.397 1.214 2.987 0.000 0.000 0.000 0.905 0.000 0.000 0.000 0.000 0.336 0.000 0.000 0.087 0.699 0.000 1.088 0.000 
1 test2fip_inconsistent 0.000 0.000 0.548 0.277 0.000 0.000 1.971 0.000 0.000 0.000 0.000 0.000 0.344 0.000 1.068 2.730 0.000 0.886 4.007 0.000 0.000 2.569 0.985 1.264 0.000 0.000 2.991 0.760 0.000 0.000 0.000 0.000 2.231 0.000 0.101 3.161 0.777 0.000 3.714 0.000 
0 test2fip_consistent 0.346 0.000 0.306 0.000 0.000 0.000 0.000 1.542 0.000 0.942 0.031 0.000 4.452 0.000 0.000 0.000 3.347 0.000 1.374 0.000 0.554 0.386 1.712 0.000 0.000 0.000 0.000 0.000 0.532 0.000 0.017 0.000 0.091 1.427 2.367 1.239 1.617 0.000 0.009 0.052 
1 test2fip_inconsistent 0.346 0.000 0.306 0.000 0.000 0.000 0.000 1.542 0.000 0.942 0.031 0.000 4.452 0.000 0.000 0.000 3.347 0.000 1.374 0.000 0.203 0.000 1.511 0.000 0.000 0.000 0.000 1.761 0.000 0.344 0.000 0.000 2.854 0.206 1.551 0.388 4.929 0.000 0.453 0.353 
0 test2fip_consistent 0.000 0.000 0.000 0.000 0.856 2.356 0.000 2.236 1.734 0.384 1.324 0.000 0.000 0.836 0.236 0.000 0.661 0.237 0.281 3.670 0.000 3.323 0.000 0.000 0.032 1.280 0.241 2.135 0.161 0.158 0.014 0.000 0.000 1.244 0.000 0.111 0.336 0.000 0.000 1.263 
1 test2fip_inconsistent 0.000 0.000 0.000 0.000 0.856 2.356 0.000 2.236 1.734 0.384 1.324 0.000 0.000 0.836 0.236 0.000 0.661 0.237 0.281 3.670 0.000 1.239 0.000 0.000 0.280 4.507 0.000 1.531 2.318 0.027 0.000 0.000 0.000 1.022 0.000 0.897 1.914 0.000 0.000 4.096 
0 test2fip_consistent 3.607 0.000 0.249 0.000 0.000 0.000 0.051 3.625 0.327 1.436 0.000 2.514 0.017 0.475 0.235 0.000 0.000 0.514 0.461 0.000 0.029 0.000 1.088 0.000 1.603 0.000 0.000 0.000 0.000 0.260 0.925 0.000 0.000 0.935 1.692 0.943 0.000 0.000 1.760 2.760 
1 test2fip_inconsistent 3.607 0.000 0.249 0.000 0.000 0.000 0.051 3.625 0.327 1.436 0.000 2.514 0.017 0.475 0.235 0.000 0.000 0.514 0.461 0.000 3.205 0.000 0.000 0.000 2.544 0.000 0.000 1.389 0.000 0.393 0.000 3.304 0.000 1.693 0.519 0.000 0.000 0.956 1.647 2.120 
0 test2fip_consistent 2.660 1.904 0.000 0.000 3.706 0.000 0.000 0.471 0.037 0.000 0.000 1.666 0.000 3.532 1.506 0.960 0.167 0.000 0.000 0.000 0.000 0.000 0.000 0.000 0.000 0.000 2.271 0.669 0.000 0.055 0.000 1.922 0.000 0.584 0.000 0.192 2.156 0.000 1.733 0.000 
1 test2fip_inconsistent 2.660 1.904 0.000 0.000 3.706 0.000 0.000 0.471 0.037 0.000 0.000 1.666 0.000 3.532 1.506 0.960 0.167 0.000 0.000 0.000 0.963 1.554 0.000 0.527 2.955 0.000 0.889 0.698 0.000 0.000 0.000 0.440 0.000 2.788 0.906 0.250 3.674 0.000 1.248 0.000 
0 test2fip_consistent 0.595 0.891 0.000 0.000 0.248 0.077 0.000 0.000 0.000 0.000 2.552 2.182 0.529 0.490 0.760 0.000 4.719 0.210 1.351 0.005 0.000 1.520 0.000 0.000 0.000 0.354 1.952 0.549 0.000 0.000 0.000 1.653 0.000 0.000 0.000 0.000 0.000 0.000 0.000 2.804 
1 test2fip_inconsistent 0.595 0.891 0.000 0.000 0.248 0.077 0.000 0.000 0.000 0.000 2.552 2.182 0.529 0.490 0.760 0.000 4.719 0.210 1.351 0.005 1.147 1.675 0.000 0.000 0.199 0.197 1.358 0.000 0.000 0.000 2.390 2.440 0.000 0.519 0.000 0.000 2.695 0.427 0.438 1.584 
0 test2fip_consistent 2.005 0.896 1.839 0.000 0.000 1.810 0.000 0.000 0.417 0.000 3.963 0.000 0.000 0.946 1.542 1.877 0.000 1.726 0.000 0.015 0.572 0.086 0.058 0.046 1.442 0.643 0.101 0.000 0.011 0.000 0.628 2.601 0.000 0.052 0.725 2.907 0.000 0.465 0.000 0.006 
1 test2fip_inconsistent 2.005 0.896 1.839 0.000 0.000 1.810 0.000 0.000 0.417 0.000 3.963 0.000 0.000 0.946 1.542 1.877 0.000 1.726 0.000 0.015 1.571 0.702 0.599 0.000 0.405 0.297 0.000 0.000 0.000 0.000 4.587 1.842 0.000 0.633 0.440 3.888 0.000 2.394 0.000 0.000 
0 test2fip_consistent 0.000 0.215 0.000 0.262 1.854 0.000 1.872 1.078 0.000 0.000 0.091 0.000 0.000 3.146 3.413 0.000 0.000 0.000 0.000 1.535 0.000 1.111 0.017 0.160 0.292 2.949 2.916 1.414 1.491 0.000 0.000 0.000 1.559 0.000 0.000 0.000 0.000 0.000 0.000 2.610 
1 test2fip_inconsistent 0.000 0.215 0.000 0.262 1.854 0.000 1.872 1.078 0.000 0.000 0.091 0.000 0.000 3.146 3.413 0.000 0.000 0.000 0.000 1.535 0.000 0.825 0.000 0.000 3.866 1.363 3.477 0.745 1.396 0.000 0.000 0.000 0.980 2.411 1.053 0.000 0.000 0.000 0.000 3.298 
0 test2fip_consistent 1.374 2.541 0.000 1.440 0.000 0.000 4.040 0.000 2.246 0.000 0.000 0.000 0.545 0.000 0.000 0.000 0.000 0.981 0.000 0.057 0.000 0.000 0.000 2.079 0.000 0.000 0.022 0.938 0.000 0.000 0.000 0.000 0.000 0.000 3.084 0.000 0.674 1.987 0.000 0.000 
1 test2fip_inconsistent 1.374 2.541 0.000 1.440 0.000 0.000 4.040 0.000 2.246 0.000 0.000 0.000 0.545 0.000 0.000 0.000 0.000 0.981 0.000 0.057 2.658 1.925 0.000 3.453 0.000 0.000 1.737 0.825 1.590 0.185 0.000 0.000 0.000 0.000 2.208 0.000 0.000 2.133 0.000 0.000 
0 test2fip_consistent 0.000 0.000 0.000 0.000 0.000 0.000 0.000 3.028 1.823 0.000 4.220 0.415 0.000 1.034 0.375 0.000 2.858 0.636 0.000 0.587 0.000 0.000 0.000 0.000 0.000 0.000 0.000 0.000 0.059 0.000 0.191 0.181 0.000 0.000 0.139 0.000 3.644 2.512 0.000 1.020 
1 test2fip_inconsistent 0.000 0.000 0.000 0.000 0.000 0.000 0.000 3.028 1.823 0.000 4.220 0.415 0.000 1.034 0.375 0.000 2.858 0.636 0.000 0.587 0.000 0.000 0.000 0.000 0.000 0.000 0.000 0.362 1.367 0.000 4.981 0.000 0.000 0.000 0.000 0.000 4.074 2.104 0.345 1.006 
0 test2fip_consistent 0.000 2.067 0.395 0.000 1.801 3.656 0.105 0.557 0.540 0.028 0.000 0.000 0.000 0.000 0.803 0.000 0.000 2.058 0.002 2.396 3.332 0.143 0.000 0.000 0.932 0.000 0.000 0.000 0.000 0.014 0.720 0.191 0.000 0.000 1.310 0.000 0.000 0.415 1.698 0.000 
1 test2fip_inconsistent 0.000 2.067 0.395 0.000 1.801 3.656 0.105 0.557 0.540 0.028 0.000 0.000 0.000 0.000 0.803 0.000 0.000 2.058 0.002 2.396 2.378 0.539 0.000 0.000 3.851 2.331 0.000 0.000 0.439 0.020 0.752 0.000 0.000 0.000 1.442 0.000 0.000 2.185 0.722 2.133 
0 test2fip_consistent 0.000 0.910 1.822 3.321 0.000 0.000 0.000 0.475 0.000 0.000 0.349 0.189 0.000 0.387 0.000 3.415 2.257 0.224 1.916 0.000 0.580 0.000 0.714 1.630 2.114 0.253 0.000 0.000 1.181 2.466 1.674 0.000 0.000 0.057 0.000 1.062 0.021 0.000 0.149 0.599 
1 test2fip_inconsistent 0.000 0.910 1.822 3.321 0.000 0.000 0.000 0.475 0.000 0.000 0.349 0.189 0.000 0.387 0.000 3.415 2.257 0.224 1.916 0.000 0.000 1.628 0.665 4.059 2.576 0.250 0.000 0.000 0.381 1.463 1.116 0.000 0.000 1.324 0.000 3.964 1.484 0.000 1.560 0.079 
0 test2fip_consistent 0.000 0.000 0.000 0.000 0.334 0.000 1.436 0.158 0.000 1.499 3.285 0.000 0.062 0.239 0.259 0.000 0.892 0.000 4.386 1.678 0.000 0.000 0.932 0.000 0.000 0.111 0.681 0.000 2.405 0.000 0.808 0.074 2.796 0.050 0.000 0.000 1.457 0.000 1.676 0.101 
1 test2fip_inconsistent 0.000 0.000 0.000 0.000 0.334 0.000 1.436 0.158 0.000 1.499 3.285 0.000 0.062 0.239 0.259 0.000 0.892 0.000 4.386 1.678 0.000 0.000 0.046 0.000 0.000 3.951 0.000 0.000 2.007 0.000 1.910 0.000 1.965 0.000 0.013 0.000 0.941 0.000 3.021 2.358 
0 test2fip_consistent 2.465 1.281 0.064 0.421 0.010 1.329 0.000 4.367 0.000 0.000 0.000 0.000 0.438 0.000 1.998 1.705 0.000 0.000 0.135 0.000 0.000 0.026 0.000 0.000 0.000 0.000 0.543 1.390 0.000 0.000 0.000 0.000 1.083 0.000 0.038 0.928 0.000 0.559 4.483 0.000 
1 test2fip_inconsistent 2.465 1.281 0.064 0.421 0.010 1.329 0.000 4.367 0.000 0.000 0.000 0.000 0.438 0.000 1.998 1.705 0.000 0.000 0.135 0.000 0.079 2.526 0.000 0.000 0.000 0.000 0.108 4.909 0.000 0.000 0.000 0.000 0.339 0.000 1.964 3.011 0.000 0.328 2.934 0.000 
0 test2fip_consistent 0.000 0.000 1.159 2.071 0.000 2.411 2.195 0.000 1.316 0.000 3.339 0.276 0.000 0.000 0.000 0.000 1.389 0.000 1.415 1.187 0.012 0.000 0.705 0.000 2.142 0.054 0.000 0.142 0.000 0.000 2.600 0.026 0.000 0.014 0.000 0.000 0.184 0.000 2.892 0.000 
1 test2fip_inconsistent 0.000 0.000 1.159 2.071 0.000 2.411 2.195 0.000 1.316 0.000 3.339 0.276 0.000 0.000 0.000 0.000 1.389 0.000 1.415 1.187 0.000 0.000 0.467 0.053 1.440 1.650 1.640 1.158 0.000 0.000 6.396 0.000 0.000 0.227 0.000 0.010 0.502 0.000 1.615 0.411 
0 test2fip_consistent 0.000 1.575 0.618 0.984 1.054 4.056 0.000 0.000 0.000 0.000 0.000 0.000 2.119 0.000 3.770 0.000 0.000 0.000 0.929 0.200 0.000 0.531 0.000 0.045 0.000 1.397 0.000 0.000 0.000 0.000 0.000 0.530 0.569 1.314 1.555 1.263 0.271 0.000 0.117 3.072 
1 test2fip_inconsistent 0.000 1.575 0.618 0.984 1.054 4.056 0.000 0.000 0.000 0.000 0.000 0.000 2.119 0.000 3.770 0.000 0.000 0.000 0.929 0.200 0.000 0.405 0.043 0.000 0.071 4.456 0.000 0.000 0.000 0.000 0.000 0.000 1.584 1.241 4.567 1.164 0.411 0.000 1.650 0.995 
0 test2fip_consistent 0.000 0.064 4.992 0.702 0.098 0.000 1.150 0.000 0.000 0.000 0.000 0.000 0.000 0.000 0.150 0.000 1.925 0.000 0.000 2.367 0.000 0.825 0.488 0.000 0.000 0.000 1.468 0.000 3.474 0.000 0.000 0.495 0.189 0.000 2.880 0.000 0.000 0.000 0.013 0.000 
1 test2fip_inconsistent 0.000 0.064 4.992 0.702 0.098 0.000 1.150 0.000 0.000 0.000 0.000 0.000 0.000 0.000 0.150 0.000 1.925 0.000 0.000 2.367 0.000 0.580 4.784 0.026 0.000 0.000 1.577 0.000 2.020 0.000 0.000 0.469 0.000 0.000 2.390 0.000 0.395 0.000 0.000 1.245 
0 test2fip_consistent 0.800 0.123 0.000 0.000 0.000 2.714 0.000 0.000 1.588 1.838 2.105 0.000 0.000 0.000 0.000 4.057 1.269 0.000 0.000 0.000 0.000 1.950 0.000 0.000 0.000 1.361 0.000 0.000 0.000 0.000 0.006 0.000 2.872 0.000 0.000 1.394 1.695 0.000 1.839 0.000 
1 test2fip_inconsistent 0.800 0.123 0.000 0.000 0.000 2.714 0.000 0.000 1.588 1.838 2.105 0.000 0.000 0.000 0.000 4.057 1.269 0.000 0.000 0.000 0.000 0.793 0.000 0.000 0.000 1.479 0.000 0.000 2.664 1.973 2.922 0.000 1.778 0.000 0.000 3.014 1.931 0.000 0.598 0.000 
0 test2fip_consistent 0.000 0.000 2.826 4.659 0.000 2.092 0.000 0.000 1.836 0.000 0.337 0.000 1.525 0.991 0.000 0.000 0.879 0.000 0.000 0.000 0.000 0.000 0.444 0.307 0.000 1.606 0.000 2.460 0.000 0.502 0.000 0.736 0.005 0.536 1.286 0.000 0.000 0.132 0.000 0.001 
1 test2fip_inconsistent 0.000 0.000 2.826 4.659 0.000 2.092 0.000 0.000 1.836 0.000 0.337 0.000 1.525 0.991 0.000 0.000 0.879 0.000 0.000 0.000 0.000 0.000 2.918 4.230 0.000 1.996 0.000 1.867 1.042 0.546 0.037 0.000 0.556 0.000 0.918 0.000 0.000 0.051 0.000 0.000 
0 test2fip_consistent 0.266 0.000 0.000 0.812 0.000 1.114 0.428 1.647 0.000 0.000 0.890 0.318 0.000 0.492 2.896 2.542 0.000 2.443 2.138 0.697 0.000 0.000 0.000 0.000 0.000 0.874 0.311 0.495 1.808 0.000 1.779 0.900 0.000 2.766 1.544 0.150 0.000 1.683 0.000 0.464 
1 test2fip_inconsistent 0.266 0.000 0.000 0.812 0.000 1.114 0.428 1.647 0.000 0.000 0.890 0.318 0.000 0.492 2.896 2.542 0.000 2.443 2.138 0.697 1.103 0.000 0.000 0.284 0.000 0.560 0.550 1.587 1.013 0.000 1.808 0.000 0.000 2.586 2.880 2.868 0.000 3.829 2.005 1.100 
0 test2fip_consistent 0.000 0.000 0.364 0.177 0.000 0.269 0.000 0.000 0.000 3.463 2.315 0.000 1.873 0.000 0.000 0.000 1.448 3.353 0.000 0.525 0.000 0.000 0.000 2.168 0.000 0.000 0.000 0.000 0.000 0.126 0.000 0.000 0.000 0.014 0.000 0.546 3.659 0.271 0.000 1.488 
1 test2fip_inconsistent 0.000 0.000 0.364 0.177 0.000 0.269 0.000 0.000 0.000 3.463 2.315 0.000 1.873 0.000 0.000 0.000 1.448 3.353 0.000 0.525 0.000 0.000 0.000 1.476 0.000 0.000 0.000 0.000 0.000 2.336 0.000 0.000 0.000 0.000 0.000 2.455 1.560 1.944 0.000 4.806 
0 test2fip_consistent 0.000 0.000 0.000 1.251 2.848 0.204 0.756 0.112 0.000 0.000 0.000 4.272 0.017 0.000 0.000 0.000 0.870 0.959 1.805 0.754 0.000 0.000 0.000 0.067 0.000 1.419 0.152 0.000 0.037 0.000 0.674 0.975 0.891 2.991 0.000 0.026 0.000 0.000 2.004 0.000 
1 test2fip_inconsistent 0.000 0.000 0.000 1.251 2.848 0.204 0.756 0.112 0.000 0.000 0.000 4.272 0.017 0.000 0.000 0.000 0.870 0.959 1.805 0.754 0.000 0.000 0.000 2.046 1.960 0.630 0.527 0.000 0.432 0.195 0.038 4.711 0.000 2.156 0.000 0.000 0.008 0.044 2.200 0.629 
0 test2fip_consistent 0.368 3.110 0.000 1.168 4.937 0.000 0.997 0.000 0.000 0.396 0.000 0.650 0.000 0.676 0.000 0.000 0.000 0.000 0.000 0.030 2.171 0.000 0.020 0.094 0.192 0.000 0.000 0.000 2.054 0.000 0.000 0.000 0.000 2.431 0.000 0.021 0.000 0.000 2.798 0.000 
1 test2fip_inconsistent 0.368 3.110 0.000 1.168 4.937 0.000 0.997 0.000 0.000 0.396 0.000 0.650 0.000 0.676 0.000 0.000 0.000 0.000 0.000 0.030 2.056 2.223 0.000 2.543 3.664 0.000 0.000 0.000 0.000 0.403 0.000 0.456 0.000 2.805 0.000 0.000 0.000 0.390 2.155 0.000 
0 test2fip_consistent 1.559 0.000 3.850 0.076 1.492 1.293 0.000 2.075 0.000 1.172 0.000 0.721 0.000 0.000 1.242 0.060 1.508 1.467 0.816 0.000 0.000 0.000 0.349 2.258 0.000 0.236 0.000 0.000 0.823 0.000 0.830 0.000 0.000 0.017 0.150 1.575 0.054 0.899 0.929 0.000 
1 test2fip_inconsistent 1.559 0.000 3.850 0.076 1.492 1.293 0.000 2.075 0.000 1.172 0.000 0.721 0.000 0.000 1.242 0.060 1.508 1.467 0.816 0.000 1.002 0.000 3.658 0.910 1.143 1.292 0.000 0.438 0.000 1.195 0.258 0.000 0.000 0.000 2.573 0.570 1.383 1.137 0.732 0.000 
0 test2fip_consistent 0.000 0.000 0.000 0.601 0.000 0.764 2.943 0.000 0.000 0.000 2.424 1.158 1.189 4.787 0.000 1.479 0.000 1.072 0.000 0.879 0.000 1.712 0.223 2.494 0.658 1.105 0.000 0.000 0.000 0.103 0.047 0.864 0.005 0.391 0.000 0.011 0.000 1.988 0.000 0.738 
1 test2fip_inconsistent 0.000 0.000 0.000 0.601 0.000 0.764 2.943 0.000 0.000 0.000 2.424 1.158 1.189 4.787 0.000 1.479 0.000 1.072 0.000 0.879 0.000 1.111 0.000 2.198 0.000 0.771 1.291 0.000 0.000 0.000 2.146 0.872 1.855 4.134 0.000 0.076 0.000 2.583 0.000 1.925 
0 test2fip_consistent 0.000 0.523 0.468 0.000 1.466 0.073 0.000 0.000 4.404 1.148 1.041 0.925 0.012 1.477 0.000 0.275 0.000 1.368 0.000 0.000 0.000 0.944 0.000 0.591 0.012 1.901 0.000 3.023 0.000 0.515 0.000 0.000 0.128 0.202 0.000 0.000 0.000 1.510 0.000 2.348 
1 test2fip_inconsistent 0.000 0.523 0.468 0.000 1.466 0.073 0.000 0.000 4.404 1.148 1.041 0.925 0.012 1.477 0.000 0.275 0.000 1.368 0.000 0.000 0.000 2.214 1.216 0.274 0.323 1.096 0.000 2.055 4.134 1.926 0.000 0.000 0.553 1.086 0.000 0.000 0.000 1.684 0.000 1.566 
0 test2fip_consistent 2.169 3.083 1.693 0.733 0.000 0.000 1.729 0.000 0.000 0.000 0.192 0.075 2.075 0.587 0.144 1.698 1.826 0.000 0.000 0.738 0.624 0.167 0.831 1.273 1.510 0.398 1.816 0.000 0.002 0.000 1.470 1.926 0.000 1.783 0.000 0.003 0.000 0.000 0.000 0.000 
1 test2fip_inconsistent 2.169 3.083 1.693 0.733 0.000 0.000 1.729 0.000 0.000 0.000 0.192 0.075 2.075 0.587 0.144 1.698 1.826 0.000 0.000 0.738 3.738 3.263 1.552 0.417 0.760 0.000 2.479 0.000 0.000 0.000 0.986 1.516 2.127 1.217 0.071 1.296 0.000 0.000 0.000 0.000 
0 test2fip_consistent 0.000 1.046 0.000 0.000 2.704 0.000 0.360 0.000 0.044 0.992 0.000 0.632 0.597 1.103 4.019 3.503 0.000 0.592 0.274 0.499 0.000 0.000 0.000 0.000 0.134 0.000 0.784 0.000 0.000 2.107 0.000 0.757 0.000 0.898 0.592 0.094 0.000 0.589 0.245 3.021 
1 test2fip_inconsistent 0.000 1.046 0.000 0.000 2.704 0.000 0.360 0.000 0.044 0.992 0.000 0.632 0.597 1.103 4.019 3.503 0.000 0.592 0.274 0.499 0.825 0.338 0.000 0.000 3.231 0.000 1.763 0.000 0.000 2.037 0.000 0.531 0.244 1.294 3.701 2.347 0.000 0.000 0.622 2.120 
0 test2fip_consistent 0.000 0.000 0.047 4.157 0.000 0.332 2.780 0.142 0.000 0.000 1.100 0.000 0.000 2.467 0.000 0.000 0.157 0.087 2.285 0.000 0.000 0.000 1.806 0.142 0.000 1.370 1.763 1.825 0.000 0.000 0.000 0.980 0.000 0.049 0.000 0.000 2.139 0.000 1.417 0.031 
1 test2fip_inconsistent 0.000 0.000 0.047 4.157 0.000 0.332 2.780 0.142 0.000 0.000 1.100 0.000 0.000 2.467 0.000 0.000 0.157 0.087 2.285 0.000 0.000 0.000 0.624 4.474 0.000 0.522 2.859 1.258 0.073 0.000 1.214 0.070 0.000 1.573 0.000 0.000 1.269 0.000 2.935 0.000 
0 test2fip_consistent 0.000 0.654 1.917 2.207 0.000 0.005 0.000 4.030 0.000 0.000 0.000 0.195 0.000 0.000 0.000 0.000 0.000 2.543 0.000 2.897 2.085 0.000 0.780 0.323 0.092 1.158 0.000 0.186 0.180 0.000 1.631 2.617 0.000 2.120 0.000 0.000 0.535 0.127 0.070 1.096 
1 test2fip_inconsistent 0.000 0.654 1.917 2.207 0.000 0.005 0.000 4.030 0.000 0.000 0.000 0.195 0.000 0.000 0.000 0.000 0.000 2.543 0.000 2.897 1.425 0.000 0.942 2.761 0.048 1.045 0.000 1.870 0.029 0.000 0.758 1.948 0.000 1.457 0.000 0.000 0.401 1.788 0.000 4.445 
