0 test1dax_consistent 0.307 0.063 0.166 1.298 0.213 0.000 0.596 1.264 0.814 0.243 0.000 1.493 0.720 0.000 1.317 0.000 0.000 0.266 0.087 0.000 1.002 0.000 0.000 5.834 0.000 0.161 0.000 0.000 0.000 0.000 0.000 0.000 0.000 2.522 1.093 0.000 0.000 0.133 0.000 0.341 
1 test1dax_inconsistent 0.307 0.063 0.166 1.298 0.213 0.000 0.596 1.264 0.814 0.243 0.000 1.493 0.720 0.000 1.317 0.000 0.000 0.266 0.087 0.000 0.663 0.000 0.000 1.393 0.000 0.000 0.000 0.393 0.000 0.000 0.000 0.416 0.000 1.585 0.000 0.000 0.000 0.233 0.233 0.593 
0 test1dax_consistent 0.592 0.213 0.566 1.474 0.000 1.076 0.012 0.000 0.000 0.000 0.000 2.345 0.000 0.000 0.000 0.425 0.000 0.000 0.000 1.459 1.767 0.000 0.576 1.349 0.000 0.815 0.000 4.508 0.000 0.000 0.000 1.870 0.000 0.000 4.709 4.029 0.000 1.243 0.000 0.000 
1 test1dax_inconsistent 0.592 0.213 0.566 1.474 0.000 1.076 0.012 0.000 0.000 0.000 0.000 2.345 0.000 0.000 0.000 0.425 0.000 0.000 0.000 1.459 0.634 0.000 0.000 1.158 0.000 1.221 0.000 1.956 0.000 0.000 0.588 0.182 0.000 0.000 0.880 1.954 0.000 0.468 0.000 0.000 
0 test1dax_consistent 0.604 0.163 0.000 0.216 1.234 1.477 0.323 0.248 0.804 0.610 0.530 0.570 0.326 0.116 1.363 0.000 0.000 0.303 1.250 0.961 0.000 0.110 4.338 0.533 2.480 0.523 0.000 0.152 0.000 0.000 1.390 1.848 0.000 0.000 0.000 0.000 0.865 0.000 0.000 2.075 
1 test1dax_inconsistent 0.604 0.163 0.000 0.216 1.234 1.477 0.323 0.248 0.804 0.610 0.530 0.570 0.326 0.116 1.363 0.000 0.000 0.303 1.250 0.961 0.176 0.199 0.957 0.362 0.293 0.764 0.000 0.000 0.081 0.000 0.000 0.234 0.000 0.000 0.000 0.000 0.280 0.000 0.000 1.277 
0 test1dax_consistent 0.000 0.000 0.613 0.314 0.537 0.000 0.065 1.783 0.910 0.000 0.000 0.884 1.682 0.800 0.858 0.145 0.000 0.000 0.000 0.657 0.266 0.000 0.000 0.042 0.000 0.000 0.000 0.094 0.390 0.000 0.000 3.926 1.429 0.000 2.390 2.553 3.681 0.000 0.000 3.036 
1 test1dax_inconsistent 0.000 0.000 0.613 0.314 0.537 0.000 0.065 1.783 0.910 0.000 0.000 0.884 1.682 0.800 0.858 0.145 0.000 0.000 0.000 0.657 0.326 0.000 0.619 0.204 0.976 0.090 0.296 0.237 0.000 0.000 0.000 1.886 0.108 0.095 0.350 0.483 0.714 0.000 0.000 1.429 
0 test1dax_consistent 0.565 0.000 0.000 0.000 0.568 1.504 0.089 0.128 0.000 1.433 0.035 0.535 0.000 0.212 1.190 0.000 0.086 0.176 1.080 0.000 0.000 0.000 0.000 0.084 0.663 0.666 4.950 0.000 0.000 0.132 0.000 0.000 0.000 0.000 2.690 2.586 0.506 0.643 1.802 0.000 
1 test1dax_inconsistent 0.565 0.000 0.000 0.000 0.568 1.504 0.089 0.128 0.000 1.433 0.035 0.535 0.000 0.212 1.190 0.000 0.086 0.176 1.080 0.000 0.127 0.000 0.000 0.428 0.000 0.654 1.606 0.000 0.000 0.173 0.000 0.184 0.000 0.000 0.325 1.229 0.565 0.466 0.253 0.000 
0 test1dax_consistent 0.000 0.000 0.000 0.316 0.692 0.000 0.000 1.604 0.000 0.000 0.954 2.188 0.382 0.032 0.179 0.970 0.784 0.142 0.000 0.538 0.073 0.000 0.000 4.349 1.902 3.222 0.000 0.016 0.000 3.791 0.000 0.203 0.000 0.000 0.000 0.000 0.462 1.049 0.000 0.543 
1 test1dax_inconsistent 0.000 0.000 0.000 0.316 0.692 0.000 0.000 1.604 0.000 0.000 0.954 2.188 0.382 0.032 0.179 0.970 0.784 0.142 0.000 0.538 0.179 0.000 0.000 1.150 1.292 0.834 0.000 0.375 0.000 1.326 0.075 0.730 0.000 0.000 0.000 0.005 0.315 1.273 0.338 0.000 
0 test1dax_consistent 2.127 0.000 0.000 0.173 1.009 0.000 0.476 0.138 1.203 1.106 0.412 0.000 0.077 0.000 1.603 0.000 0.000 0.170 0.000 0.159 1.324 0.022 0.000 1.065 1.885 5.916 1.888 0.693 0.000 2.324 0.000 0.000 0.107 0.000 0.631 0.000 0.000 0.000 0.000 1.025 
1 test1dax_inconsistent 2.127 0.000 0.000 0.173 1.009 0.000 0.476 0.138 1.203 1.106 0.412 0.000 0.077 0.000 1.603 0.000 0.000 0.170 0.000 0.159 0.312 0.273 0.000 0.620 0.152 2.556 0.000 1.122 0.767 0.000 0.000 0.000 0.331 0.000 0.305 0.000 0.000 0.000 0.000 0.879 
0 test1dax_consistent 0.000 0.103 0.448 0.817 0.000 0.296 0.000 2.134 0.000 0.211 0.053 1.002 0.000 0.934 0.000 0.614 0.875 0.000 0.620 0.150 0.000 0.000 6.481 0.000 0.000 0.000 0.776 0.000 0.000 0.847 1.215 0.000 1.306 0.000 0.000 0.000 0.000 0.000 0.000 0.213 
1 test1dax_inconsistent 0.000 0.103 0.448 0.817 0.000 0.296 0.000 2.134 0.000 0.211 0.053 1.002 0.000 0.934 0.000 0.614 0.875 0.000 0.620 0.150 0.000 0.430 1.529 0.259 0.466 0.000 0.780 0.184 0.103 0.665 1.273 0.000 1.367 0.000 0.000 0.206 0.000 0.000 0.000 0.239 
0 test1dax_consistent 0.108 0.067 0.013 1.670 0.001 0.000 0.000 0.000 0.243 1.208 0.095 0.000 0.664 0.070 0.000 1.810 0.298 0.644 0.123 0.948 0.390 3.620 1.943 3.752 0.000 0.000 0.000 2.311 0.000 0.513 0.000 0.596 0.000 0.000 0.804 2.009 2.421 2.077 0.078 0.000 
1 test1dax_inconsistent 0.108 0.067 0.013 1.670 0.001 0.000 0.000 0.000 0.243 1.208 0.095 0.000 0.664 0.070 0.000 1.810 0.298 0.644 0.123 0.948 0.448 1.145 0.562 0.451 0.000 0.000 0.000 0.659 0.000 0.497 0.000 0.000 0.465 0.000 0.000 0.388 1.136 0.959 0.220 0.157 
0 test1dax_consistent 0.933 0.101 0.086 0.000 0.125 0.145 0.606 0.000 0.000 0.000 0.000 0.114 0.000 0.459 0.116 1.273 1.176 0.000 0.070 2.371 0.000 0.121 4.233 0.000 1.055 0.000 4.672 0.770 0.000 2.184 0.039 1.236 0.000 0.467 0.633 2.732 0.000 0.000 0.000 0.000 
1 test1dax_inconsistent 0.933 0.101 0.086 0.000 0.125 0.145 0.606 0.000 0.000 0.000 0.000 0.114 0.000 0.459 0.116 1.273 1.176 0.000 0.070 2.371 0.484 0.405 1.435 0.000 1.074 0.000 0.818 0.017 0.000 0.000 0.296 0.894 0.083 0.767 0.427 1.129 0.000 0.165 0.000 0.000 
0 test1dax_consistent 1.533 0.500 0.000 1.814 0.000 0.428 0.000 0.073 0.573 0.000 0.000 0.000 1.166 0.988 0.000 0.000 0.132 0.000 0.308 1.229 1.895 0.039 0.038 3.214 2.582 2.896 0.000 0.014 3.854 1.408 0.000 0.000 0.007 0.000 1.223 0.330 0.000 1.122 0.447 0.172 
1 test1dax_inconsistent 1.533 0.500 0.000 1.814 0.000 0.428 0.000 0.073 0.573 0.000 0.000 0.000 1.166 0.988 0.000 0.000 0.132 0.000 0.308 1.229 0.543 0.000 0.082 0.606 0.594 0.883 0.123 0.000 1.625 0.855 0.000 0.000 0.000 0.000 0.000 0.639 0.000 0.133 0.494 0.978 
0 test1dax_consistent 0.398 0.000 0.323 0.000 0.553 0.047 1.443 0.639 0.323 0.000 0.166 0.000 1.674 0.485 0.563 0.000 0.000 0.285 0.365 1.528 3.100 0.000 0.482 0.000 1.201 0.000 0.000 5.124 2.118 0.000 0.000 0.000 0.496 1.856 0.000 0.000 0.591 0.000 1.361 3.807 
1 test1dax_inconsistent 0.398 0.000 0.323 0.000 0.553 0.047 1.443 0.639 0.323 0.000 0.166 0.000 1.674 0.485 0.563 0.000 0.000 0.285 0.365 1.528 0.837 0.000 0.308 0.000 1.287 0.109 0.122 1.515 0.083 0.000 0.000 0.089 0.079 1.141 0.000 0.000 0.652 0.000 0.939 1.417 
0 test1dax_consistent 0.430 0.000 0.000 0.000 1.081 0.000 0.000 0.759 2.215 0.467 0.276 0.309 0.000 1.151 0.000 1.051 0.000 0.000 0.000 1.607 0.000 0.080 0.987 1.456 1.112 0.224 2.645 0.000 2.936 0.266 0.000 0.081 0.000 2.848 1.101 0.000 0.624 0.000 0.000 4.998 
1 test1dax_inconsistent 0.430 0.000 0.000 0.000 1.081 0.000 0.000 0.759 2.215 0.467 0.276 0.309 0.000 1.151 0.000 1.051 0.000 0.000 0.000 1.607 0.000 0.000 0.522 0.540 0.456 0.351 0.507 0.355 0.933 0.724 0.000 0.368 0.000 0.995 0.333 1.188 0.241 0.000 0.000 1.162 
0 test1dax_consistent 1.370 0.000 0.000 0.000 0.019 0.032 0.000 0.974 0.054 0.241 0.000 0.136 0.000 0.000 1.083 2.316 0.000 0.000 0.776 0.105 0.998 0.000 0.000 0.000 1.262 0.000 0.000 2.776 0.000 1.994 1.128 0.836 2.776 0.000 0.000 4.580 2.161 0.000 0.000 0.000 
1 test1dax_inconsistent 1.370 0.000 0.000 0.000 0.019 0.032 0.000 0.974 0.054 0.241 0.000 0.136 0.000 0.000 1.083 2.316 0.000 0.000 0.776 0.105 0.211 0.379 0.000 0.000 2.071 0.000 0.000 0.983 0.000 0.579 0.230 0.000 0.874 0.000 0.000 0.990 1.305 0.000 0.000 0.000 
0 test1dax_consistent 0.587 0.680 0.205 0.000 0.000 0.139 1.245 0.123 1.435 0.391 0.000 0.151 0.898 0.703 0.058 0.304 0.677 0.709 0.992 0.698 0.000 2.514 5.209 0.000 2.354 0.000 2.028 0.000 0.681 0.092 0.000 0.000 0.000 0.644 0.000 1.886 0.354 0.302 0.650 1.087 
1 test1dax_inconsistent 0.587 0.680 0.205 0.000 0.000 0.139 1.245 0.123 1.435 0.391 0.000 0.151 0.898 0.703 0.058 0.304 0.677 0.709 0.992 0.698 0.055 0.136 1.318 0.000 1.051 0.024 0.895 0.000 0.814 0.000 0.000 0.200 0.016 0.029 0.000 0.722 0.492 0.462 0.000 1.202 
0 test1dax_consistent 0.000 1.226 0.000 0.721 1.081 0.363 0.202 0.701 0.777 0.886 1.198 0.340 0.557 0.724 0.000 0.000 1.701 0.000 1.264 0.000 0.000 0.000 0.000 0.086 0.989 0.000 0.000 0.000 1.542 0.083 4.197 0.001 2.071 0.000 0.000 0.000 2.857 0.000 3.410 0.000 
1 test1dax_inconsistent 0.000 1.226 0.000 0.721 1.081 0.363 0.202 0.701 0.777 0.886 1.198 0.340 0.557 0.724 0.000 0.000 1.701 0.000 1.264 0.000 0.000 0.344 0.000 0.066 0.885 0.000 0.120 0.196 0.699 0.307 0.600 0.381 1.467 0.364 0.029 0.000 0.232 0.000 1.870 0.000 
0 test1dax_consistent 1.010 0.208 0.000 0.000 0.784 0.000 0.000 1.558 1.039 0.000 0.094 0.109 1.460 0.141 0.456 1.251 1.002 0.000 0.276 0.000 0.317 0.000 0.532 0.000 1.030 0.000 0.000 3.315 0.000 0.000 1.228 3.194 2.404 0.650 3.008 2.837 0.829 0.000 0.000 0.000 
1 test1dax_inconsistent 1.010 0.208 0.000 0.000 0.784 0.000 0.000 1.558 1.039 0.000 0.094 0.109 1.460 0.141 0.456 1.251 1.002 0.000 0.276 0.000 0.700 0.447 0.659 0.000 0.837 0.000 0.000 1.033 0.000 0.000 0.000 1.113 0.529 0.536 0.767 0.410 0.000 0.000 0.000 0.000 
0 test1dax_consistent 0.210 0.407 0.000 0.802 0.207 1.210 0.000 1.187 0.283 0.541 0.929 1.336 0.000 0.460 0.386 0.702 0.000 0.165 0.131 1.199 0.818 0.000 0.000 3.363 0.000 0.357 1.873 0.000 0.000 0.027 0.000 2.882 0.000 0.000 0.396 3.318 0.290 0.577 0.000 3.203 
1 test1dax_inconsistent 0.210 0.407 0.000 0.802 0.207 1.210 0.000 1.187 0.283 0.541 0.929 1.336 0.000 0.460 0.386 0.702 0.000 0.165 0.131 1.199 0.779 0.000 0.036 1.011 0.000 0.000 0.487 0.000 0.441 0.168 0.000 0.376 0.000 0.016 0.041 0.735 1.191 0.483 0.330 0.809 
0 test1dax_consistent 0.000 0.286 0.573 0.086 0.000 0.029 1.005 0.583 1.721 0.000 1.313 0.241 0.000 0.861 0.000 0.666 0.000 1.429 0.000 0.000 0.000 2.252 0.000 0.000 0.000 0.000 2.622 1.217 0.661 0.000 3.948 2.121 0.000 0.479 0.000 0.094 0.000 2.942 0.000 3.042 
1 test1dax_inconsistent 0.000 0.286 0.573 0.086 0.000 0.029 1.005 0.583 1.721 0.000 1.313 0.241 0.000 0.861 0.000 0.666 0.000 1.429 0.000 0.000 0.000 0.187 0.229 0.000 0.000 0.000 1.552 0.520 1.436 0.000 1.132 0.571 0.000 0.368 0.000 0.000 0.000 0.397 0.132 1.388 
0 test1dax_consistent 0.000 0.433 0.063 0.000 0.000 0.614 0.000 1.122 0.000 0.000 0.000 0.466 0.000 1.359 0.000 0.000 0.068 0.083 1.867 0.000 0.000 0.379 1.573 0.197 0.000 0.000 0.000 3.534 3.082 1.544 1.370 0.000 0.000 0.000 0.000 1.831 3.411 0.337 0.318 1.573 
1 test1dax_inconsistent 0.000 0.433 0.063 0.000 0.000 0.614 0.000 1.122 0.000 0.000 0.000 0.466 0.000 1.359 0.000 0.000 0.068 0.083 1.867 0.000 0.000 0.436 0.506 0.026 0.217 0.079 0.000 0.673 0.801 0.947 0.000 0.102 0.134 0.473 0.238 0.000 0.524 0.330 0.135 0.834 
0 test1dax_consistent 0.061 0.848 0.000 0.000 0.145 0.000 0.000 0.708 0.617 0.000 0.000 0.000 0.039 1.727 0.049 2.332 0.167 0.080 1.353 0.294 0.000 0.000 0.000 0.000 2.955 0.000 0.000 0.000 2.833 0.000 0.000 0.000 0.000 0.995 2.823 1.850 0.312 0.057 5.002 2.780 
1 test1dax_inconsistent 0.061 0.848 0.000 0.000 0.145 0.000 0.000 0.708 0.617 0.000 0.000 0.000 0.039 1.727 0.049 2.332 0.167 0.080 1.353 0.294 0.000 0.000 0.000 0.000 0.225 0.000 0.000 0.000 0.799 0.089 0.000 0.000 0.000 0.070 1.075 0.673 0.007 0.802 2.417 1.408 
0 test1dax_consistent 0.000 0.000 0.000 0.000 0.714 1.395 0.815 0.704 0.132 0.300 1.244 1.032 0.613 0.000 0.081 1.144 0.960 1.128 0.094 0.000 0.000 2.158 0.000 3.583 0.056 0.000 0.082 1.039 0.000 0.000 2.738 2.436 3.464 0.275 0.000 2.109 1.150 2.087 1.396 0.000 
1 test1dax_inconsistent 0.000 0.000 0.000 0.000 0.714 1.395 0.815 0.704 0.132 0.300 1.244 1.032 0.613 0.000 0.081 1.144 0.960 1.128 0.094 0.000 0.000 1.133 0.000 0.732 0.000 0.682 0.227 0.000 0.000 0.084 1.147 1.165 0.647 0.522 0.000 0.500 1.116 0.870 1.003 0.041 
0 test1dax_consistent 1.811 1.863 0.000 0.000 0.000 0.000 0.134 0.000 0.477 0.000 1.062 0.000 0.799 1.008 0.000 0.000 0.000 0.361 0.000 0.000 0.000 0.000 0.000 0.000 3.867 0.000 0.000 0.000 0.000 0.000 0.000 1.095 4.933 1.642 0.000 0.655 3.030 2.817 0.000 0.553 
1 test1dax_inconsistent 1.811 1.863 0.000 0.000 0.000 0.000 0.134 0.000 0.477 0.000 1.062 0.000 0.799 1.008 0.000 0.000 0.000 0.361 0.000 0.000 0.000 0.000 0.020 0.000 0.994 0.000 0.011 0.000 0.000 0.000 0.189 1.115 2.320 1.139 0.000 0.144 0.656 0.471 0.000 0.660 
0 test1dax_consistent 0.707 1.468 0.000 1.061 0.445 0.011 0.455 0.219 0.895 0.741 0.142 0.452 0.085 0.000 0.162 0.176 0.165 0.000 0.401 0.000 0.000 1.018 0.000 0.000 1.699 1.818 0.000 0.000 0.000 1.409 0.522 0.000 0.000 0.000 0.909 0.000 0.700 0.000 5.952 0.000 
1 test1dax_inconsistent 0.707 1.468 0.000 1.061 0.445 0.011 0.455 0.219 0.895 0.741 0.142 0.452 0.085 0.000 0.162 0.176 0.165 0.000 0.401 0.000 0.000 0.430 0.000 0.153 0.144 1.678 0.091 0.000 0.000 0.173 0.312 0.034 0.000 0.000 0.818 0.000 0.698 0.000 1.490 0.000 
0 test1dax_consistent 0.000 0.078 0.000 0.218 0.047 1.028 0.648 0.000 0.548 1.358 0.559 1.115 0.215 0.000 0.067 0.624 0.385 0.628 0.670 0.428 0.000 0.912 0.000 0.000 0.806 4.159 2.301 0.000 0.000 0.552 0.000 0.733 3.985 0.000 0.000 0.000 0.000 0.550 0.000 0.000 
1 test1dax_inconsistent 0.000 0.078 0.000 0.218 0.047 1.028 0.648 0.000 0.548 1.358 0.559 1.115 0.215 0.000 0.067 0.624 0.385 0.628 0.670 0.428 0.020 0.990 0.000 0.000 0.052 0.791 0.602 0.000 0.000 0.673 0.000 0.557 1.050 0.000 0.000 0.234 0.000 1.058 0.000 0.040 
0 test1dax_consistent 0.000 0.293 0.034 1.249 0.639 0.000 0.000 0.000 0.000 0.000 0.000 2.018 0.252 1.215 0.000 1.582 0.000 0.518 0.012 0.000 0.000 0.000 0.000 0.540 0.000 2.094 0.000 0.000 0.000 0.000 1.423 0.000 0.000 3.570 0.000 4.396 0.000 2.818 0.000 0.000 
1 test1dax_inconsistent 0.000 0.293 0.034 1.249 0.639 0.000 0.000 0.000 0.000 0.000 0.000 2.018 0.252 1.215 0.000 1.582 0.000 0.518 0.012 0.000 0.000 0.537 0.016 0.751 0.000 0.000 0.000 0.000 0.109 0.225 0.000 0.000 0.000 0.799 0.000 1.258 0.000 1.535 0.034 0.175 
0 test1dax_consistent 0.015 0.000 0.000 0.373 0.137 1.348 0.000 0.483 0.090 0.043 0.182 1.302 0.000 0.000 0.772 0.113 0.145 0.436 1.053 1.720 0.000 0.000 3.270 0.019 0.000 2.221 0.000 2.609 0.627 0.788 0.381 2.558 2.416 0.000 0.000 3.064 0.566 1.253 0.000 0.000 
1 test1dax_inconsistent 0.015 0.000 0.000 0.373 0.137 1.348 0.000 0.483 0.090 0.043 0.182 1.302 0.000 0.000 0.772 0.113 0.145 0.436 1.053 1.720 0.000 0.000 0.560 0.000 0.142 1.090 0.000 0.693 0.857 0.668 0.637 0.561 0.857 0.000 0.444 1.162 0.939 0.105 0.000 0.000 
0 test1dax_consistent 1.237 1.490 0.468 0.000 0.001 1.585 0.000 0.000 1.085 0.601 0.000 0.279 0.428 0.000 0.525 1.401 0.000 0.000 0.795 0.000 0.000 2.036 0.961 0.000 0.000 3.288 0.000 0.000 1.117 0.679 0.000 1.958 1.308 0.000 0.000 3.291 0.000 0.000 4.312 0.000 
1 test1dax_inconsistent 1.237 1.490 0.468 0.000 0.001 1.585 0.000 0.000 1.085 0.601 0.000 0.279 0.428 0.000 0.525 1.401 0.000 0.000 0.795 0.000 0.331 0.386 0.865 0.000 0.000 0.765 0.000 0.000 1.248 0.000 0.017 1.219 0.142 0.062 0.708 0.915 0.000 0.000 0.868 0.000 
0 test1dax_consistent 0.211 0.000 0.132 0.346 0.000 0.000 1.201 0.671 0.000 2.207 0.004 0.000 0.000 0.512 0.692 0.071 0.742 0.000 0.093 1.103 1.808 0.000 2.863 0.000 0.000 0.000 1.739 2.795 0.000 1.564 0.053 0.000 0.000 0.616 1.727 0.286 1.302 4.940 0.000 0.000 
1 test1dax_inconsistent 0.211 0.000 0.132 0.346 0.000 0.000 1.201 0.671 0.000 2.207 0.004 0.000 0.000 0.512 0.692 0.071 0.742 0.000 0.093 1.103 1.307 0.000 1.110 0.018 0.106 0.000 0.200 0.370 0.000 0.411 0.174 0.000 0.438 0.000 0.080 0.655 1.142 1.573 0.634 0.000 
0 test1dax_consistent 1.711 0.371 0.061 0.418 0.000 0.000 2.214 0.431 0.212 0.575 0.000 0.000 0.518 0.000 1.097 0.000 0.260 0.907 0.000 0.490 0.000 2.431 0.000 0.000 0.098 0.241 4.317 0.210 0.129 1.059 0.000 0.000 2.773 1.385 0.000 0.000 0.000 4.963 0.000 0.000 
1 test1dax_inconsistent 1.711 0.371 0.061 0.418 0.000 0.000 2.214 0.431 0.212 0.575 0.000 0.000 0.518 0.000 1.097 0.000 0.260 0.907 0.000 0.490 0.000 1.414 0.000 0.000 0.207 0.000 0.855 0.578 0.190 1.492 0.000 0.005 1.110 1.352 0.000 0.000 0.000 1.322 0.000 0.055 
0 test1dax_consistent 0.000 1.560 0.514 0.420 1.005 1.225 0.000 0.252 0.606 0.000 0.404 0.838 0.000 0.000 0.637 0.756 0.453 0.070 0.000 0.000 0.000 1.463 0.000 0.000 0.000 2.884 0.582 1.648 4.423 0.196 0.674 0.000 0.000 0.000 1.865 0.000 0.528 0.035 0.000 0.000 
1 test1dax_inconsistent 0.000 1.560 0.514 0.420 1.005 1.225 0.000 0.252 0.606 0.000 0.404 0.838 0.000 0.000 0.637 0.756 0.453 0.070 0.000 0.000 0.053 0.081 0.149 0.025 0.098 0.323 0.657 0.000 1.216 0.000 0.540 0.000 0.000 0.397 0.265 0.045 0.620 0.225 0.054 0.000 
0 test1dax_consistent 0.021 0.001 0.000 0.235 0.326 0.087 0.000 1.782 1.093 0.014 2.158 0.368 0.000 0.297 1.103 0.000 0.000 0.261 0.000 0.141 3.642 0.030 0.000 1.642 0.000 3.355 0.810 0.000 0.605 0.000 1.548 0.663 0.000 0.000 1.895 0.000 1.434 0.000 3.976 0.000 
1 test1dax_inconsistent 0.021 0.001 0.000 0.235 0.326 0.087 0.000 1.782 1.093 0.014 2.158 0.368 0.000 0.297 1.103 0.000 0.000 0.261 0.000 0.141 2.050 0.079 0.000 0.761 0.000 1.343 0.472 0.000 1.256 0.182 0.187 0.000 0.000 0.000 1.282 0.000 0.209 0.000 0.883 0.000 
0 test1dax_consistent 1.350 1.382 0.628 0.866 0.348 0.000 0.868 0.000 0.530 0.755 0.000 0.534 0.161 0.000 0.570 1.819 0.000 0.000 0.000 0.603 0.000 1.562 0.267 4.660 0.000 0.426 2.203 0.479 0.148 0.510 0.000 0.000 0.000 4.367 1.845 0.000 0.000 0.000 0.000 0.020 
1 test1dax_inconsistent 1.350 1.382 0.628 0.866 0.348 0.000 0.868 0.000 0.530 0.755 0.000 0.534 0.161 0.000 0.570 1.819 0.000 0.000 0.000 0.603 0.000 0.865 0.000 2.160 0.000 0.488 0.000 0.074 0.565 0.441 0.000 0.000 0.154 0.841 1.043 0.251 0.000 0.138 0.000 0.354 
0 test1dax_consistent 0.000 1.389 0.000 0.873 0.000 0.001 1.062 1.228 0.389 1.589 0.000 0.048 0.202 0.000 0.116 0.347 0.162 0.000 0.000 1.212 0.000 1.711 0.000 1.888 0.000 1.503 0.667 4.783 0.853 0.000 4.154 0.000 0.000 0.219 0.000 0.000 0.000 0.000 0.000 1.173 
1 test1dax_inconsistent 0.000 1.389 0.000 0.873 0.000 0.001 1.062 1.228 0.389 1.589 0.000 0.048 0.202 0.000 0.116 0.347 0.162 0.000 0.000 1.212 0.000 1.396 0.000 0.189 0.000 0.830 0.753 0.949 0.945 0.000 1.330 0.000 0.069 0.408 0.000 0.113 0.110 0.000 0.000 0.202 
0 test1dax_consistent 0.130 0.000 0.000 0.131 1.404 0.000 0.786 0.786 0.141 0.215 0.000 0.059 0.000 0.000 1.546 0.000 1.164 0.090 1.210 0.000 4.016 0.000 0.000 0.000 0.603 0.000 4.221 1.984 0.000 3.438 0.000 2.099 0.682 0.236 0.686 0.000 1.188 3.241 0.000 0.000 
1 test1dax_inconsistent 0.130 0.000 0.000 0.131 1.404 0.000 0.786 0.786 0.141 0.215 0.000 0.059 0.000 0.000 1.546 0.000 1.164 0.090 1.210 0.000 1.210 0.924 0.000 0.000 0.670 0.000 2.004 1.177 0.000 0.427 0.000 0.996 0.375 0.563 0.163 0.000 0.331 0.772 0.000 0.207 
0 test1dax_consistent 0.336 2.081 1.086 0.584 0.000 0.000 1.038 0.538 0.569 0.000 0.381 0.080 0.252 0.000 0.000 0.000 0.000 0.429 0.000 0.000 0.282 0.000 0.000 0.440 0.000 1.634 3.428 0.000 0.000 0.000 0.288 0.000 1.475 2.173 0.341 0.000 2.044 0.873 3.344 2.104 
1 test1dax_inconsistent 0.336 2.081 1.086 0.584 0.000 0.000 1.038 0.538 0.569 0.000 0.381 0.080 0.252 0.000 0.000 0.000 0.000 0.429 0.000 0.000 0.662 0.506 0.000 0.486 0.000 0.910 1.179 0.000 0.000 0.000 0.455 0.000 0.555 0.162 0.550 0.000 0.532 0.866 0.364 1.220 
0 test1dax_consistent 0.000 1.125 0.930 0.069 0.000 0.070 0.000 0.000 0.000 0.732 0.040 0.000 1.694 1.149 0.405 0.000 0.000 0.342 1.521 0.125 0.000 0.141 1.728 2.595 0.146 1.804 0.000 1.542 0.451 3.814 0.000 0.000 0.000 3.943 0.000 0.000 1.468 2.364 0.000 1.984 
1 test1dax_inconsistent 0.000 1.125 0.930 0.069 0.000 0.070 0.000 0.000 0.000 0.732 0.040 0.000 1.694 1.149 0.405 0.000 0.000 0.342 1.521 0.125 0.054 0.000 0.316 0.805 0.423 0.375 0.000 0.270 0.000 1.479 0.316 0.000 0.276 1.009 0.631 0.000 1.255 0.536 0.000 0.310 
0 test1dax_consistent 0.542 0.000 0.000 0.381 0.469 0.931 0.000 0.000 1.506 0.204 0.803 0.617 1.042 1.021 0.528 0.000 0.166 0.000 1.460 1.533 0.000 0.000 0.000 0.000 0.665 2.856 0.000 0.000 3.282 1.527 2.386 0.000 0.000 2.862 0.372 0.000 0.501 0.000 2.783 0.562 
1 test1dax_inconsistent 0.542 0.000 0.000 0.381 0.469 0.931 0.000 0.000 1.506 0.204 0.803 0.617 1.042 1.021 0.528 0.000 0.166 0.000 1.460 1.533 0.829 0.000 0.000 0.512 0.471 0.902 0.053 0.000 0.709 1.079 0.187 0.000 0.235 0.419 0.449 0.000 1.154 0.000 1.838 0.653 
0 test1dax_consistent 0.527 0.000 0.685 0.000 0.000 0.000 0.000 0.000 0.325 0.000 0.000 0.011 0.269 0.822 0.147 0.000 1.192 2.009 1.371 0.000 4.969 0.000 0.000 0.000 0.165 3.491 0.000 0.955 0.000 0.857 0.240 0.000 1.803 1.503 1.168 0.000 0.086 0.221 1.839 0.000 
1 test1dax_inconsistent 0.527 0.000 0.685 0.000 0.000 0.000 0.000 0.000 0.325 0.000 0.000 0.011 0.269 0.822 0.147 0.000 1.192 2.009 1.371 0.000 1.222 0.000 0.000 0.000 0.495 0.202 0.000 0.075 0.178 0.000 0.675 0.000 1.460 1.061 0.578 0.032 0.166 0.010 0.169 0.000 
0 test1dax_consistent 0.000 1.239 1.140 0.406 0.591 0.244 0.000 0.274 1.727 0.492 0.296 0.607 0.470 0.415 0.030 1.171 0.293 0.000 0.134 0.915 0.000 0.266 0.000 0.000 2.526 0.000 0.000 2.171 0.000 1.205 2.877 0.138 3.334 2.060 0.000 1.393 0.173 0.555 1.994 0.658 
1 test1dax_inconsistent 0.000 1.239 1.140 0.406 0.591 0.244 0.000 0.274 1.727 0.492 0.296 0.607 0.470 0.415 0.030 1.171 0.293 0.000 0.134 0.915 0.000 0.210 0.000 0.000 0.307 0.000 0.000 0.883 0.374 0.117 1.068 0.182 0.637 1.294 0.078 0.587 0.153 0.446 0.070 0.652 
0 test1dax_consistent 0.206 0.000 0.000 0.326 0.000 0.111 0.000 0.346 0.000 0.549 1.651 1.398 0.259 0.000 1.141 1.110 0.394 0.477 0.000 0.000 0.000 0.931 0.000 0.000 0.000 0.000 0.000 0.000 0.000 0.018 0.000 1.034 0.046 0.000 5.824 0.777 0.000 2.751 0.000 2.684 
1 test1dax_inconsistent 0.206 0.000 0.000 0.326 0.000 0.111 0.000 0.346 0.000 0.549 1.651 1.398 0.259 0.000 1.141 1.110 0.394 0.477 0.000 0.000 0.000 0.000 0.000 0.000 0.000 0.000 0.000 0.000 0.000 0.444 0.247 0.018 0.913 0.000 1.907 0.000 0.000 2.026 0.000 1.798 
0 test1dax_consistent 1.072 0.140 0.000 0.222 0.000 1.254 2.016 0.398 0.310 0.156 0.641 0.400 1.117 0.059 0.000 0.000 0.772 0.000 0.000 0.000 0.000 0.000 0.000 0.896 3.795 0.502 0.022 0.000 0.000 0.306 0.301 0.000 0.481 2.452 0.000 0.000 3.074 0.013 0.000 4.162 
1 test1dax_inconsistent 1.072 0.140 0.000 0.222 0.000 1.254 2.016 0.398 0.310 0.156 0.641 0.400 1.117 0.059 0.000 0.000 0.772 0.000 0.000 0.000 0.000 0.043 0.000 0.158 1.686 0.000 0.450 0.000 0.000 0.427 1.275 0.000 0.065 1.728 0.000 0.000 1.382 0.000 0.000 0.621 
0 test1dax_consistent 0.000 1.488 0.372 0.101 0.683 1.326 0.012 0.851 0.000 0.169 0.000 0.000 0.434 0.000 0.000 0.397 0.115 0.232 0.097 2.223 3.168 0.255 0.681 0.193 3.126 0.350 1.067 0.000 3.706 0.000 1.325 2.620 0.810 0.000 0.000 1.092 0.000 1.698 0.000 2.070 
1 test1dax_inconsistent 0.000 1.488 0.372 0.101 0.683 1.326 0.012 0.851 0.000 0.169 0.000 0.000 0.434 0.000 0.000 0.397 0.115 0.232 0.097 2.223 1.177 0.917 0.349 0.198 1.527 0.856 0.738 0.000 0.634 0.000 0.000 0.827 0.230 0.000 0.000 0.000 0.000 1.226 0.282 0.358 
0 test1dax_consistent 1.010 0.620 0.436 0.000 0.178 0.000 0.421 0.689 0.545 0.507 0.912 0.397 1.406 0.000 0.000 0.085 1.228 0.414 0.446 0.000 0.000 1.624 0.000 0.000 0.000 0.000 2.629 0.000 0.000 0.251 0.000 0.000 4.730 0.000 0.000 0.000 1.909 0.008 2.096 0.000 
1 test1dax_inconsistent 1.010 0.620 0.436 0.000 0.178 0.000 0.421 0.689 0.545 0.507 0.912 0.397 1.406 0.000 0.000 0.085 1.228 0.414 0.446 0.000 0.000 1.590 0.178 0.000 0.000 0.000 1.774 0.201 0.257 0.533 0.000 0.410 0.204 0.210 0.122 0.071 0.742 0.153 0.342 0.000 
0 test1dax_consistent 0.749 0.000 0.012 0.000 0.654 0.093 0.554 0.332 0.000 1.549 0.000 1.285 0.193 0.414 0.736 0.250 0.000 0.000 1.270 0.632 2.276 2.244 0.000 0.000 0.494 0.000 0.000 0.098 0.000 0.269 2.740 0.000 0.784 0.000 0.000 0.561 0.000 0.000 2.411 4.234 
1 test1dax_inconsistent 0.749 0.000 0.012 0.000 0.654 0.093 0.554 0.332 0.000 1.549 0.000 1.285 0.193 0.414 0.736 0.250 0.000 0.000 1.270 0.632 0.926 0.412 0.000 0.000 0.862 0.240 0.417 0.002 0.000 0.537 1.787 0.000 0.000 0.000 0.000 0.384 0.000 0.345 1.081 0.818 
0 test1dax_consistent 1.388 0.385 0.703 0.000 1.192 0.000 0.584 0.122 0.000 1.246 0.000 0.751 1.099 1.188 0.124 0.549 0.189 0.154 0.000 0.162 0.537 0.276 0.000 2.619 0.000 0.000 3.741 0.000 0.000 0.000 0.000 2.019 0.000 3.051 3.487 0.482 0.000 0.166 0.000 0.000 
1 test1dax_inconsistent 1.388 0.385 0.703 0.000 1.192 0.000 0.584 0.122 0.000 1.246 0.000 0.751 1.099 1.188 0.124 0.549 0.189 0.154 0.000 0.162 0.519 0.426 0.132 0.850 0.000 0.000 1.526 0.000 0.000 0.000 0.000 0.786 0.639 0.304 0.857 0.000 0.000 1.001 0.000 0.000 
0 test1dax_consistent 0.000 0.828 1.246 1.261 0.026 0.000 0.000 1.231 0.013 1.553 0.778 0.665 0.000 0.000 0.000 0.155 1.455 0.000 0.000 0.538 1.398 0.598 1.539 1.028 0.000 0.000 0.000 5.643 2.459 0.291 2.970 0.070 2.552 0.000 2.122 0.000 0.000 0.000 0.000 0.270 
1 test1dax_inconsistent 0.000 0.828 1.246 1.261 0.026 0.000 0.000 1.231 0.013 1.553 0.778 0.665 0.000 0.000 0.000 0.155 1.455 0.000 0.000 0.538 0.230 0.000 1.439 0.593 0.000 0.000 0.000 1.531 0.787 0.996 1.533 0.000 0.202 0.000 0.559 0.000 0.000 0.000 0.074 0.569 
0 test1dax_consistent 2.385 0.067 0.000 0.458 0.000 0.065 0.000 0.000 1.024 0.424 0.000 1.537 0.000 0.430 0.115 0.450 0.070 0.000 0.000 0.000 2.094 0.000 0.000 0.000 4.310 1.308 2.494 0.000 0.922 0.000 0.497 0.000 0.960 3.357 0.000 0.100 0.000 0.000 2.361 0.047 
1 test1dax_inconsistent 2.385 0.067 0.000 0.458 0.000 0.065 0.000 0.000 1.024 0.424 0.000 1.537 0.000 0.430 0.115 0.450 0.070 0.000 0.000 0.000 0.202 0.000 0.000 0.000 1.663 0.197 0.608 0.076 0.366 0.079 0.441 0.000 0.264 0.840 0.286 0.931 0.114 0.095 0.189 0.153 
0 test1dax_consistent 0.000 0.565 0.000 0.283 1.954 1.581 0.722 0.000 0.000 0.148 1.685 0.503 0.924 0.065 0.000 0.006 0.000 0.128 0.300 0.000 0.000 0.060 0.000 6.428 0.000 0.009 0.000 1.799 0.000 1.095 0.000 0.599 3.741 0.159 0.000 0.000 0.000 0.000 0.864 0.000 
1 test1dax_inconsistent 0.000 0.565 0.000 0.283 1.954 1.581 0.722 0.000 0.000 0.148 1.685 0.503 0.924 0.065 0.000 0.006 0.000 0.128 0.300 0.000 0.000 0.157 0.000 1.865 0.269 0.000 0.241 1.385 0.000 1.734 0.000 0.524 0.867 0.619 0.270 0.000 0.000 0.049 0.871 0.181 
0 test1dax_consistent 1.901 0.836 0.105 1.315 0.290 0.000 0.331 0.000 0.000 0.000 0.486 0.095 0.000 0.000 0.181 1.406 0.000 0.000 0.495 0.623 0.223 0.013 0.000 3.209 0.272 0.000 0.000 0.868 2.898 0.000 0.000 3.973 0.000 0.000 2.720 0.125 0.541 0.000 0.188 0.181 
1 test1dax_inconsistent 1.901 0.836 0.105 1.315 0.290 0.000 0.331 0.000 0.000 0.000 0.486 0.095 0.000 0.000 0.181 1.406 0.000 0.000 0.495 0.623 0.300 0.000 0.000 0.622 0.690 0.000 0.000 1.002 0.474 0.058 0.000 1.803 0.090 0.000 0.497 0.799 0.178 0.000 0.337 0.000 
0 test1dax_consistent 0.658 0.454 0.381 0.000 0.000 0.000 0.085 0.748 1.284 0.000 0.074 0.000 1.919 0.000 0.627 0.091 1.382 0.398 0.000 0.305 0.429 1.868 0.317 0.000 0.000 0.000 0.000 0.000 0.000 0.000 0.291 0.000 4.696 0.005 2.097 0.000 0.692 5.352 0.000 0.000 
1 test1dax_inconsistent 0.658 0.454 0.381 0.000 0.000 0.000 0.085 0.748 1.284 0.000 0.074 0.000 1.919 0.000 0.627 0.091 1.382 0.398 0.000 0.305 0.000 0.368 0.308 0.000 0.303 0.000 0.000 0.425 0.000 0.000 0.000 0.000 1.843 0.030 1.716 0.000 0.000 1.412 0.000 0.000 
0 test1dax_consistent 0.012 0.068 0.000 1.583 0.155 0.131 1.169 0.000 0.029 0.760 0.578 1.005 1.106 0.130 0.000 0.780 1.718 0.320 0.721 0.000 0.964 0.365 0.000 1.533 2.010 1.716 0.000 0.000 0.000 0.000 1.095 0.000 0.000 2.548 0.000 1.690 0.000 0.421 5.199 0.000 
1 test1dax_inconsistent 0.012 0.068 0.000 1.583 0.155 0.131 1.169 0.000 0.029 0.760 0.578 1.005 1.106 0.130 0.000 0.780 1.718 0.320 0.721 0.000 0.000 0.375 0.000 0.576 1.122 0.245 0.011 0.000 0.000 0.000 0.061 0.782 0.110 0.000 0.018 1.593 0.000 0.000 1.126 0.200 
0 test1dax_consistent 0.000 0.885 0.000 0.010 0.097 0.229 0.000 0.000 0.000 2.052 0.000 1.488 0.000 0.198 0.000 0.000 0.000 0.000 1.367 0.000 0.000 0.745 0.000 0.000 3.218 0.000 0.000 0.152 6.600 0.974 0.011 0.000 0.000 0.628 0.000 0.000 0.000 0.000 0.000 0.000 
1 test1dax_inconsistent 0.000 0.885 0.000 0.010 0.097 0.229 0.000 0.000 0.000 2.052 0.000 1.488 0.000 0.198 0.000 0.000 0.000 0.000 1.367 0.000 0.000 0.000 0.275 0.090 0.208 0.000 0.000 0.000 2.537 0.401 0.000 0.713 0.000 1.015 0.066 0.000 0.076 0.000 0.119 0.000 
0 test1dax_consistent 1.073 0.887 0.000 0.000 0.551 0.110 1.256 0.325 0.000 0.237 0.817 0.000 0.000 0.127 0.000 0.000 0.648 1.441 0.000 1.593 3.116 3.042 0.664 0.399 0.000 0.000 1.635 0.576 0.000 0.000 0.000 0.449 0.000 0.000 2.944 0.000 0.000 3.839 0.000 0.000 
1 test1dax_inconsistent 1.073 0.887 0.000 0.000 0.551 0.110 1.256 0.325 0.000 0.237 0.817 0.000 0.000 0.127 0.000 0.000 0.648 1.441 0.000 1.593 0.535 0.889 0.497 0.023 0.000 0.000 1.193 0.485 0.000 0.522 0.058 0.000 0.000 0.000 0.977 0.000 0.000 1.054 0.000 0.186 
0 test1dax_consistent 0.783 0.050 0.915 0.465 0.639 0.713 0.296 0.104 0.682 0.432 0.512 0.004 0.000 0.851 0.000 0.318 1.235 1.246 0.083 0.555 3.677 0.376 1.137 0.000 1.362 0.000 0.000 0.714 0.686 0.252 0.877 0.229 2.518 1.011 0.000 1.543 2.810 0.021 0.404 0.180 
1 test1dax_inconsistent 0.783 0.050 0.915 0.465 0.639 0.713 0.296 0.104 0.682 0.432 0.512 0.004 0.000 0.851 0.000 0.318 1.235 1.246 0.083 0.555 0.845 0.000 0.074 0.000 1.370 0.352 0.000 0.000 0.707 0.597 0.745 0.154 0.782 0.596 0.000 0.132 0.128 0.000 0.015 0.148 
0 test1dax_consistent 0.000 0.000 1.389 0.000 0.416 0.000 0.000 0.000 0.000 0.109 0.998 0.421 2.086 1.071 0.000 0.770 0.608 0.433 0.000 0.465 1.014 0.423 1.594 0.000 0.000 0.000 0.000 0.000 0.000 0.000 0.000 0.000 4.912 1.058 0.000 0.551 0.000 4.864 0.000 0.000 
1 test1dax_inconsistent 0.000 0.000 1.389 0.000 0.416 0.000 0.000 0.000 0.000 0.109 0.998 0.421 2.086 1.071 0.000 0.770 0.608 0.433 0.000 0.465 0.134 0.554 0.000 0.000 0.000 0.000 0.000 0.000 0.000 0.041 0.000 0.149 1.706 0.532 0.367 1.071 0.000 1.674 0.175 0.000 
0 test1dax_consistent 0.000 0.951 0.000 0.040 0.197 0.518 1.210 0.503 0.277 0.729 0.146 0.063 0.171 0.542 0.157 0.819 0.928 0.369 0.043 1.597 0.000 1.594 2.362 0.000 3.617 0.939 1.227 0.000 0.000 0.828 2.717 0.000 0.000 1.776 0.000 0.313 0.000 2.004 1.674 0.000 
1 test1dax_inconsistent 0.000 0.951 0.000 0.040 0.197 0.518 1.210 0.503 0.277 0.729 0.146 0.063 0.171 0.542 0.157 0.819 0.928 0.369 0.043 1.597 0.000 0.821 0.619 0.000 0.590 0.000 0.343 0.088 0.333 1.085 1.146 0.000 0.242 0.458 0.000 0.132 0.000 1.183 0.932 0.020 
0 test1dax_consistent 0.856 0.000 0.000 2.340 0.299 0.867 0.000 0.268 0.130 0.283 0.205 0.000 0.141 0.000 0.075 0.000 0.098 0.229 0.857 0.000 0.000 2.586 0.000 2.504 3.135 0.000 0.098 0.000 1.640 4.562 0.000 2.679 3.659 0.000 0.000 1.889 0.000 0.000 0.000 0.000 
1 test1dax_inconsistent 0.856 0.000 0.000 2.340 0.299 0.867 0.000 0.268 0.130 0.283 0.205 0.000 0.141 0.000 0.075 0.000 0.098 0.229 0.857 0.000 0.000 0.621 0.000 0.817 0.068 0.533 0.326 0.000 0.774 2.241 0.000 0.025 1.167 0.000 0.000 1.034 0.000 0.000 0.000 0.000 
0 test1dax_consistent 0.885 2.409 0.000 0.000 0.000 0.123 0.000 0.698 0.010 0.000 0.938 0.003 0.000 0.163 1.203 1.102 0.418 0.000 0.000 0.000 2.923 3.238 0.000 0.000 0.000 2.598 0.000 0.000 4.752 1.198 0.000 0.000 0.696 0.000 0.000 1.407 0.384 0.000 0.970 0.000 
1 test1dax_inconsistent 0.885 2.409 0.000 0.000 0.000 0.123 0.000 0.698 0.010 0.000 0.938 0.003 0.000 0.163 1.203 1.102 0.418 0.000 0.000 0.000 1.409 0.543 0.000 0.000 0.000 1.578 0.000 0.035 1.176 0.000 0.631 0.000 0.000 0.119 0.000 0.865 0.378 0.000 0.360 0.123 
0 test1dax_consistent 0.028 0.000 0.000 0.000 0.248 0.635 0.300 0.000 0.000 0.438 0.497 0.000 0.779 1.651 0.000 1.183 0.207 0.281 1.698 0.330 0.704 0.000 0.000 0.000 0.000 1.844 3.414 0.000 0.000 0.742 4.041 0.000 0.492 1.400 0.351 0.000 0.000 3.301 0.367 0.000 
1 test1dax_inconsistent 0.028 0.000 0.000 0.000 0.248 0.635 0.300 0.000 0.000 0.438 0.497 0.000 0.779 1.651 0.000 1.183 0.207 0.281 1.698 0.330 0.000 0.000 0.000 0.000 0.000 0.174 1.969 0.000 0.000 0.935 1.110 0.000 0.000 1.345 0.000 0.000 0.000 0.906 0.000 0.115 
0 test1dax_consistent 1.361 0.000 0.104 0.628 0.000 0.218 1.342 0.203 0.000 0.765 0.165 1.098 0.251 1.631 0.513 0.000 0.079 0.000 0.000 0.000 0.883 0.000 3.689 0.800 0.136 3.629 1.342 0.000 0.294 0.497 0.000 2.409 0.000 0.000 0.503 0.000 3.636 0.000 1.080 0.000 
1 test1dax_inconsistent 1.361 0.000 0.104 0.628 0.000 0.218 1.342 0.203 0.000 0.765 0.165 1.098 0.251 1.631 0.513 0.000 0.079 0.000 0.000 0.000 0.179 0.000 0.750 0.010 0.410 1.417 0.164 0.013 0.709 0.104 0.000 2.025 0.000 0.000 0.160 0.000 0.674 0.000 0.917 0.000 
0 test1dax_consistent 1.213 0.995 1.270 0.037 0.212 0.802 0.000 0.744 0.812 0.524 0.308 0.000 1.304 0.000 0.000 0.362 1.006 0.000 0.807 0.323 0.280 0.000 0.000 1.845 0.000 0.000 0.000 1.370 0.049 0.000 1.444 0.000 2.255 2.328 0.000 0.000 1.287 4.436 0.000 0.000 
1 test1dax_inconsistent 1.213 0.995 1.270 0.037 0.212 0.802 0.000 0.744 0.812 0.524 0.308 0.000 1.304 0.000 0.000 0.362 1.006 0.000 0.807 0.323 1.124 0.275 0.000 0.863 0.000 0.000 0.000 0.609 0.440 0.057 0.712 0.000 1.554 0.112 0.000 0.000 0.000 0.871 0.000 0.000 
0 test1dax_consistent 0.039 0.000 0.000 0.712 0.000 0.609 0.246 0.611 0.716 0.555 0.878 0.909 0.559 1.579 1.515 0.568 0.000 0.000 0.220 0.644 4.299 0.000 0.000 2.363 0.040 0.195 0.829 0.231 0.000 2.887 1.815 0.000 2.113 2.299 2.105 0.000 0.000 0.000 2.552 1.779 
1 test1dax_inconsistent 0.039 0.000 0.000 0.712 0.000 0.609 0.246 0.611 0.716 0.555 0.878 0.909 0.559 1.579 1.515 0.568 0.000 0.000 0.220 0.644 1.237 0.000 0.000 0.343 0.211 1.049 0.131 0.000 0.000 1.857 0.616 0.000 0.465 0.556 0.630 0.000 0.105 0.000 0.661 0.529 
0 test1dax_consistent 0.139 1.914 0.863 0.711 0.504 0.000 0.946 0.000 0.327 1.018 0.000 0.000 0.189 0.006 0.000 0.996 0.000 0.182 0.362 0.000 2.974 1.619 0.000 0.026 0.441 1.262 0.000 0.000 4.059 0.922 1.723 0.000 2.004 1.250 0.000 0.723 0.821 0.000 0.868 2.590 
1 test1dax_inconsistent 0.139 1.914 0.863 0.711 0.504 0.000 0.946 0.000 0.327 1.018 0.000 0.000 0.189 0.006 0.000 0.996 0.000 0.182 0.362 0.000 0.376 0.124 0.111 0.613 0.000 0.709 0.020 0.000 0.858 0.082 1.160 0.139 1.391 0.274 0.000 0.000 0.367 0.624 0.906 0.463 
0 test1dax_consistent 2.145 0.670 0.024 0.791 1.372 0.240 0.000 0.000 0.173 0.000 0.187 1.100 0.000 0.000 1.052 0.645 0.673 0.068 0.000 0.000 0.237 2.523 1.750 0.164 0.000 4.681 0.000 0.251 0.879 0.685 0.704 0.962 2.304 0.000 0.417 0.461 0.000 0.000 0.000 0.000 
1 test1dax_inconsistent 2.145 0.670 0.024 0.791 1.372 0.240 0.000 0.000 0.173 0.000 0.187 1.100 0.000 0.000 1.052 0.645 0.673 0.068 0.000 0.000 0.384 1.331 0.000 0.107 0.000 1.057 0.000 0.000 0.032 0.000 0.975 0.000 0.815 0.000 0.000 0.012 0.700 0.326 0.000 0.000 
0 test1dax_consistent 0.125 0.781 0.000 1.030 1.007 0.000 0.100 0.000 0.000 1.810 0.235 0.000 0.000 1.362 0.000 0.679 0.007 0.000 0.437 1.552 0.770 0.531 0.000 0.000 3.137 0.000 0.000 0.000 0.000 1.023 1.544 0.000 2.631 1.540 3.969 2.318 0.000 1.419 2.958 0.204 
1 test1dax_inconsistent 0.125 0.781 0.000 1.030 1.007 0.000 0.100 0.000 0.000 1.810 0.235 0.000 0.000 1.362 0.000 0.679 0.007 0.000 0.437 1.552 0.000 0.570 0.000 0.000 1.436 0.000 0.026 0.000 0.381 0.666 0.253 0.000 0.561 0.343 0.741 0.853 0.000 0.068 0.865 0.688 
0 test1dax_consistent 0.000 0.565 0.528 1.357 0.351 0.000 0.000 1.149 0.133 0.030 0.096 0.000 0.786 0.918 0.026 0.000 0.105 0.000 1.375 0.610 0.000 2.533 0.000 5.064 0.100 1.138 0.000 2.288 2.405 0.120 0.000 0.000 1.987 0.000 0.000 0.000 0.494 0.044 0.000 0.000 
1 test1dax_inconsistent 0.000 0.565 0.528 1.357 0.351 0.000 0.000 1.149 0.133 0.030 0.096 0.000 0.786 0.918 0.026 0.000 0.105 0.000 1.375 0.610 0.000 1.460 0.000 1.520 0.385 0.042 0.000 0.411 0.857 0.562 0.000 0.000 1.434 0.000 0.000 0.037 0.000 0.405 0.236 0.000 
0 test1dax_consistent 0.000 0.000 0.576 0.000 0.000 1.819 1.260 0.000 0.000 0.401 0.066 1.483 0.000 0.000 0.000 0.584 0.000 0.000 0.000 1.953 0.104 0.000 0.084 0.000 0.000 2.715 3.368 0.000 0.000 0.000 1.314 2.289 0.000 3.102 3.490 2.771 0.000 0.000 0.000 0.101 
1 test1dax_inconsistent 0.000 0.000 0.576 0.000 0.000 1.819 1.260 0.000 0.000 0.401 0.066 1.483 0.000 0.000 0.000 0.584 0.000 0.000 0.000 1.953 0.000 0.000 0.153 0.000 0.000 1.065 1.170 0.000 0.000 0.028 0.000 1.223 0.000 0.978 1.542 0.324 0.000 0.000 0.000 0.870 
0 test1dax_consistent 1.524 2.107 0.000 0.033 0.000 0.000 0.000 0.000 0.217 0.598 0.944 0.000 0.529 0.852 0.643 0.000 0.000 0.208 1.038 0.490 0.231 2.244 0.000 1.304 0.000 0.223 0.000 0.000 0.000 0.218 0.442 3.246 0.115 0.000 2.452 0.000 0.189 3.031 0.000 0.581 
1 test1dax_inconsistent 1.524 2.107 0.000 0.033 0.000 0.000 0.000 0.000 0.217 0.598 0.944 0.000 0.529 0.852 0.643 0.000 0.000 0.208 1.038 0.490 0.290 0.535 0.000 0.634 0.000 0.416 0.123 0.000 0.025 0.188 0.000 0.597 0.286 0.349 1.152 0.000 0.358 0.061 0.000 0.000 
0 test1dax_consistent 0.133 1.300 0.208 0.001 0.000 0.177 0.000 0.819 0.463 0.018 0.248 1.590 0.282 0.176 0.276 2.104 0.000 0.258 0.067 0.000 0.000 0.151 0.000 0.000 1.014 2.518 0.000 1.723 0.460 0.000 1.931 0.174 0.000 0.000 0.000 1.626 0.000 5.147 2.045 0.000 
1 test1dax_inconsistent 0.133 1.300 0.208 0.001 0.000 0.177 0.000 0.819 0.463 0.018 0.248 1.590 0.282 0.176 0.276 2.104 0.000 0.258 0.067 0.000 0.000 0.025 0.713 0.164 0.137 0.755 0.000 0.409 0.809 0.046 0.173 0.884 0.000 0.000 0.000 0.000 0.000 1.287 1.083 0.000 
0 test1dax_consistent 1.085 0.339 0.000 0.229 0.688 0.000 1.680 0.224 0.000 0.000 0.000 0.159 1.789 0.000 1.510 0.000 0.000 0.000 0.739 0.519 1.490 2.864 3.524 0.000 0.000 0.006 0.297 0.711 0.375 3.447 0.000 0.000 0.000 2.341 3.870 0.000 1.902 0.441 0.000 0.000 
1 test1dax_inconsistent 1.085 0.339 0.000 0.229 0.688 0.000 1.680 0.224 0.000 0.000 0.000 0.159 1.789 0.000 1.510 0.000 0.000 0.000 0.739 0.519 0.679 1.617 0.877 0.000 0.615 0.000 0.027 0.509 0.080 0.722 0.191 0.669 0.000 0.712 1.454 0.000 0.270 0.370 0.000 0.000 
0 test1dax_consistent 0.343 1.703 0.000 1.101 0.000 0.000 0.000 0.000 0.000 0.422 0.173 0.000 1.740 0.000 0.907 0.293 0.000 0.000 0.592 0.835 1.400 4.395 0.000 3.868 0.000 0.000 0.000 0.000 0.000 0.000 0.000 0.000 3.887 0.000 0.000 2.400 0.000 0.000 0.000 0.202 
1 test1dax_inconsistent 0.343 1.703 0.000 1.101 0.000 0.000 0.000 0.000 0.000 0.422 0.173 0.000 1.740 0.000 0.907 0.293 0.000 0.000 0.592 0.835 0.431 1.134 0.000 0.730 0.000 0.000 0.375 0.000 0.000 0.000 0.000 0.000 1.417 0.000 0.000 2.624 0.378 0.000 0.078 0.000 
0 test1dax_consistent 0.239 1.435 0.451 0.352 0.745 0.097 0.199 0.940 0.016 0.000 0.000 0.151 1.685 0.000 0.000 1.126 0.027 0.599 0.000 1.156 0.000 1.477 2.274 0.386 1.814 3.074 2.060 0.511 0.000 5.621 0.000 0.000 1.988 0.000 1.901 0.133 0.000 0.000 0.000 0.000 
1 test1dax_inconsistent 0.239 1.435 0.451 0.352 0.745 0.097 0.199 0.940 0.016 0.000 0.000 0.151 1.685 0.000 0.000 1.126 0.027 0.599 0.000 1.156 0.000 1.076 1.680 0.705 0.622 1.320 1.354 0.273 0.000 1.205 0.036 0.000 0.795 0.000 0.814 0.222 0.000 0.000 0.000 0.000 
0 test1dax_consistent 0.230 0.077 0.174 0.000 0.000 0.724 0.439 1.264 0.342 1.597 0.000 0.000 0.133 0.014 0.050 0.334 0.258 0.437 0.471 0.392 0.000 0.000 0.026 0.000 0.000 0.679 5.030 2.409 0.414 1.624 0.583 0.000 0.000 1.857 0.000 0.000 2.196 0.468 0.094 0.988 
1 test1dax_inconsistent 0.230 0.077 0.174 0.000 0.000 0.724 0.439 1.264 0.342 1.597 0.000 0.000 0.133 0.014 0.050 0.334 0.258 0.437 0.471 0.392 0.000 0.000 0.000 0.000 0.000 1.110 1.702 0.276 0.000 0.599 0.217 0.000 0.043 0.341 0.000 0.046 0.879 0.707 0.474 0.000 
0 test1dax_consistent 0.509 0.000 0.000 0.505 0.615 0.282 0.000 0.888 0.000 0.315 1.816 0.827 0.976 0.000 1.092 0.000 0.373 0.000 1.394 0.000 0.000 0.000 4.036 1.303 0.000 0.000 0.004 0.000 0.000 1.303 1.465 1.540 3.836 0.000 0.006 0.000 2.109 2.431 0.000 0.000 
1 test1dax_inconsistent 0.509 0.000 0.000 0.505 0.615 0.282 0.000 0.888 0.000 0.315 1.816 0.827 0.976 0.000 1.092 0.000 0.373 0.000 1.394 0.000 0.000 0.000 1.283 0.110 0.000 0.444 0.000 0.000 0.000 0.449 1.129 1.061 0.670 0.010 0.125 0.000 0.686 0.440 0.000 0.000 
0 test1dax_consistent 0.464 0.485 0.007 1.569 0.000 0.000 0.000 0.222 0.279 0.105 0.603 0.022 0.000 1.388 0.000 1.536 0.024 0.000 0.000 0.000 0.000 0.447 5.735 0.000 0.000 0.000 0.000 0.873 0.000 0.000 1.497 0.023 0.000 1.489 3.263 0.000 0.000 0.000 0.943 0.000 
1 test1dax_inconsistent 0.464 0.485 0.007 1.569 0.000 0.000 0.000 0.222 0.279 0.105 0.603 0.022 0.000 1.388 0.000 1.536 0.024 0.000 0.000 0.000 0.000 0.527 2.117 0.143 0.020 0.000 0.000 0.595 0.000 0.000 0.184 0.102 0.000 0.000 0.794 0.000 0.000 0.000 0.822 0.000 
0 test1dax_consistent 1.247 0.247 0.005 0.000 0.000 1.522 0.267 0.329 0.350 0.000 0.000 1.023 0.503 0.000 1.090 0.000 1.195 0.392 0.961 0.473 1.790 2.197 0.072 0.000 0.000 5.228 0.000 0.127 0.000 0.000 0.000 0.000 0.000 0.000 0.312 0.869 2.702 2.298 0.000 0.000 
1 test1dax_inconsistent 1.247 0.247 0.005 0.000 0.000 1.522 0.267 0.329 0.350 0.000 0.000 1.023 0.503 0.000 1.090 0.000 1.195 0.392 0.961 0.473 0.000 0.118 0.292 0.000 0.000 1.631 0.000 0.105 0.000 0.085 0.000 0.000 0.153 0.000 1.155 0.751 0.712 1.340 0.000 0.372 
0 test1dax_consistent 0.199 0.000 0.875 0.000 0.955 0.028 0.000 0.281 0.000 0.000 1.970 0.000 1.343 0.216 0.060 0.000 0.000 0.000 0.000 1.318 0.000 0.000 0.000 0.000 1.695 0.000 0.000 0.483 0.000 0.000 0.000 0.000 4.266 0.857 2.380 2.927 0.000 0.725 1.828 3.170 
1 test1dax_inconsistent 0.199 0.000 0.875 0.000 0.955 0.028 0.000 0.281 0.000 0.000 1.970 0.000 1.343 0.216 0.060 0.000 0.000 0.000 0.000 1.318 0.310 0.000 0.350 0.000 1.693 0.000 0.000 0.000 0.082 0.000 0.000 0.043 1.142 0.655 0.563 1.090 0.000 0.527 1.141 0.279 
0 test1dax_consistent 0.150 0.007 0.007 0.000 0.000 0.000 0.898 0.184 0.000 1.851 0.000 1.013 0.686 0.196 0.312 0.818 0.000 0.790 0.145 1.070 0.851 0.000 0.000 0.000 1.107 0.000 0.000 0.000 0.000 3.823 0.000 0.263 0.000 0.000 1.205 2.183 0.012 0.000 2.446 3.549 
1 test1dax_inconsistent 0.150 0.007 0.007 0.000 0.000 0.000 0.898 0.184 0.000 1.851 0.000 1.013 0.686 0.196 0.312 0.818 0.000 0.790 0.145 1.070 0.000 0.000 0.047 0.630 0.696 0.000 0.000 0.204 0.000 0.673 0.000 0.000 0.396 0.078 0.579 1.443 0.000 0.015 0.386 0.500 
0 test1dax_consistent 1.418 0.000 0.000 0.122 0.000 0.314 0.232 0.093 0.000 0.210 1.204 0.000 0.000 1.299 0.465 0.182 0.124 0.862 0.166 1.437 1.744 0.000 1.600 0.000 0.000 2.850 1.065 0.482 0.000 3.961 2.336 2.345 0.000 0.000 0.174 0.000 0.000 0.000 0.176 1.691 
1 test1dax_inconsistent 1.418 0.000 0.000 0.122 0.000 0.314 0.232 0.093 0.000 0.210 1.204 0.000 0.000 1.299 0.465 0.182 0.124 0.862 0.166 1.437 1.715 0.088 0.602 0.000 0.110 0.873 0.543 0.012 0.000 0.817 0.665 0.448 0.021 0.000 0.000 0.000 0.002 0.352 0.197 0.000 
0 test1dax_consistent 0.000 0.000 0.216 0.000 1.479 0.000 0.000 1.117 0.858 0.067 1.260 0.914 0.000 1.202 0.562 0.000 0.193 0.019 0.239 0.000 0.000 0.000 2.347 0.000 0.000 0.000 2.426 0.496 0.000 2.163 0.000 2.774 1.094 1.027 0.707 2.655 1.282 0.000 0.000 2.425 
1 test1dax_inconsistent 0.000 0.000 0.216 0.000 1.479 0.000 0.000 1.117 0.858 0.067 1.260 0.914 0.000 1.202 0.562 0.000 0.193 0.019 0.239 0.000 0.000 0.000 0.441 0.000 0.487 0.000 1.614 0.000 0.480 0.381 0.534 0.470 0.712 0.022 0.611 0.575 0.745 0.268 0.000 0.782 
0 test1dax_consistent 0.000 0.000 0.000 0.307 0.342 0.000 0.000 0.292 0.878 0.000 1.657 0.146 0.516 0.000 1.442 0.000 0.000 1.322 0.969 1.735 1.593 1.301 1.701 0.000 0.000 0.000 0.000 0.000 3.018 2.919 3.068 0.000 2.145 0.000 0.665 0.000 0.000 0.000 2.329 2.605 
1 test1dax_inconsistent 0.000 0.000 0.000 0.307 0.342 0.000 0.000 0.292 0.878 0.000 1.657 0.146 0.516 0.000 1.442 0.000 0.000 1.322 0.969 1.735 0.814 0.267 0.713 0.000 0.000 0.000 0.000 0.000 1.160 0.694 1.211 0.000 1.096 0.009 1.055 0.000 0.000 0.381 0.326 0.584 
0 test1dax_consistent 0.090 0.212 0.000 0.903 0.000 0.000 0.545 0.040 0.214 0.000 0.013 0.244 0.000 1.693 0.000 0.000 0.800 0.853 0.102 2.044 3.415 0.537 0.000 0.000 0.646 0.000 0.136 5.424 0.634 0.224 0.439 1.705 0.098 0.000 0.000 0.000 0.000 0.000 0.000 1.626 
1 test1dax_inconsistent 0.090 0.212 0.000 0.903 0.000 0.000 0.545 0.040 0.214 0.000 0.013 0.244 0.000 1.693 0.000 0.000 0.800 0.853 0.102 2.044 0.427 0.712 0.087 0.000 0.000 0.000 0.000 1.558 0.466 0.000 0.771 0.074 0.000 0.187 0.000 0.000 0.000 0.000 0.000 1.444 
0 test1dax_consistent 0.000 0.035 0.000 2.116 0.198 0.431 0.211 0.000 0.000 0.599 0.000 0.060 0.000 0.000 1.535 0.869 0.020 0.000 1.608 0.000 0.000 0.000 0.000 2.820 3.278 0.000 0.000 0.000 2.704 0.485 0.000 0.000 0.000 0.000 4.651 0.000 0.000 0.000 0.000 0.590 
1 test1dax_inconsistent 0.000 0.035 0.000 2.116 0.198 0.431 0.211 0.000 0.000 0.599 0.000 0.060 0.000 0.000 1.535 0.869 0.020 0.000 1.608 0.000 0.000 0.121 0.000 0.554 1.945 0.424 0.173 0.105 0.823 0.689 0.000 0.000 0.000 0.000 0.679 0.000 0.308 0.141 0.000 0.000 
0 test1dax_consistent 0.360 1.647 0.024 0.685 1.704 0.223 0.207 0.000 0.098 0.000 0.000 0.297 1.144 0.000 0.000 1.056 0.052 0.022 0.000 0.000 3.269 0.480 4.152 3.064 0.000 0.000 0.000 0.000 0.000 2.093 0.000 1.116 0.000 0.210 0.000 1.652 0.451 0.000 0.757 0.000 
1 test1dax_inconsistent 0.360 1.647 0.024 0.685 1.704 0.223 0.207 0.000 0.098 0.000 0.000 0.297 1.144 0.000 0.000 1.056 0.052 0.022 0.000 0.000 0.888 0.000 1.336 0.000 0.455 0.000 0.372 0.000 0.000 1.281 0.000 0.724 0.243 0.000 0.000 0.241 0.627 0.000 0.168 0.000 
0 test1dax_consistent 0.000 1.117 1.880 0.265 0.000 0.404 0.302 0.720 0.066 0.201 0.000 0.000 0.265 0.188 0.000 1.101 0.000 0.463 1.582 0.531 0.000 0.000 0.000 3.474 0.432 0.000 1.424 0.000 0.000 4.059 0.000 0.000 1.064 0.000 0.000 0.200 1.799 0.000 0.000 3.526 
1 test1dax_inconsistent 0.000 1.117 1.880 0.265 0.000 0.404 0.302 0.720 0.066 0.201 0.000 0.000 0.265 0.188 0.000 1.101 0.000 0.463 1.582 0.531 0.000 0.000 0.000 1.270 0.249 0.000 1.054 0.000 0.283 1.375 0.000 0.398 1.307 0.051 0.000 0.309 0.000 0.226 0.626 0.390 
0 test1dax_consistent 0.629 1.660 0.000 0.020 2.260 0.000 0.481 0.000 0.000 0.031 0.000 0.371 1.160 0.000 0.451 0.000 0.000 0.000 0.876 0.054 0.000 2.551 0.000 2.134 1.109 0.000 3.728 0.000 3.959 0.982 0.000 1.920 0.000 0.000 0.000 0.000 1.370 0.000 0.000 0.000 
1 test1dax_inconsistent 0.629 1.660 0.000 0.020 2.260 0.000 0.481 0.000 0.000 0.031 0.000 0.371 1.160 0.000 0.451 0.000 0.000 0.000 0.876 0.054 0.000 1.257 0.000 0.288 0.347 0.000 0.963 0.130 1.811 0.189 0.000 1.108 0.000 0.000 0.006 0.000 0.000 0.000 0.943 0.024 
0 test1dax_consistent 0.000 1.800 0.000 0.264 0.200 0.024 0.235 0.663 0.078 1.659 0.000 0.365 0.952 0.220 0.000 0.000 0.675 0.000 0.178 1.136 0.000 0.272 0.000 4.793 0.118 0.000 0.000 4.335 0.000 3.468 0.000 0.000 0.000 1.129 0.000 0.000 0.000 0.000 0.000 0.118 
1 test1dax_inconsistent 0.000 1.800 0.000 0.264 0.200 0.024 0.235 0.663 0.078 1.659 0.000 0.365 0.952 0.220 0.000 0.000 0.675 0.000 0.178 1.136 0.392 0.173 0.000 1.389 0.607 0.000 0.000 0.904 0.170 1.684 0.000 0.000 0.000 1.021 0.000 0.000 0.000 0.000 0.203 0.000 
0 test1dax_consistent 0.000 0.326 0.811 0.801 0.000 0.172 0.195 0.951 0.032 0.720 0.061 0.532 1.346 0.000 0.722 0.723 0.000 0.000 0.109 0.000 0.000 0.000 3.373 0.010 0.000 2.266 0.000 3.080 0.111 0.000 0.000 0.927 0.000 0.000 3.217 0.000 0.000 0.000 0.000 2.925 
1 test1dax_inconsistent 0.000 0.326 0.811 0.801 0.000 0.172 0.195 0.951 0.032 0.720 0.061 0.532 1.346 0.000 0.722 0.723 0.000 0.000 0.109 0.000 0.000 0.000 0.953 0.000 0.000 1.751 0.000 0.509 0.717 0.232 0.207 0.830 0.000 0.000 0.567 0.235 0.000 0.000 0.493 1.491 
0 test1dax_consistent 0.000 0.657 0.000 0.000 0.000 0.000 2.290 0.308 0.690 0.379 0.190 0.000 0.960 0.000 0.049 0.282 0.693 1.426 0.384 0.000 3.027 0.000 2.176 0.000 0.150 0.000 1.117 0.000 1.656 0.171 1.027 0.000 0.662 1.879 0.000 2.634 3.516 0.000 0.289 1.217 
1 test1dax_inconsistent 0.000 0.657 0.000 0.000 0.000 0.000 2.290 0.308 0.690 0.379 0.190 0.000 0.960 0.000 0.049 0.282 0.693 1.426 0.384 0.000 0.952 0.000 0.393 0.000 0.922 0.000 0.951 0.000 0.467 0.305 0.411 0.000 0.229 1.429 0.000 0.573 0.885 0.000 0.335 0.000 
0 test1dax_consistent 1.313 0.000 1.288 0.173 0.818 0.000 0.394 0.807 0.000 0.368 0.518 0.192 0.978 0.000 0.682 0.036 0.000 0.793 1.096 0.000 1.381 0.000 0.348 0.000 0.934 0.000 0.001 4.426 1.562 2.454 0.000 2.533 0.000 0.000 0.000 0.000 1.037 1.780 2.800 0.659 
1 test1dax_inconsistent 1.313 0.000 1.288 0.173 0.818 0.000 0.394 0.807 0.000 0.368 0.518 0.192 0.978 0.000 0.682 0.036 0.000 0.793 1.096 0.000 0.000 0.000 1.124 0.315 0.000 0.000 0.000 1.095 0.167 0.913 0.141 0.710 0.000 0.000 0.000 0.000 0.257 0.782 0.677 0.036 
0 test1dax_consistent 0.000 0.965 0.000 0.563 0.000 0.000 0.404 0.000 0.318 1.381 0.000 0.000 2.144 0.000 1.174 0.000 0.962 0.942 1.034 0.745 0.000 0.849 0.000 0.000 0.000 0.000 0.000 0.000 0.000 3.122 0.000 0.000 4.656 0.000 0.000 0.000 0.000 3.590 0.000 1.924 
1 test1dax_inconsistent 0.000 0.965 0.000 0.563 0.000 0.000 0.404 0.000 0.318 1.381 0.000 0.000 2.144 0.000 1.174 0.000 0.962 0.942 1.034 0.745 0.000 0.343 0.000 0.000 0.329 0.000 0.092 0.000 0.000 0.037 0.000 0.000 1.255 0.000 0.000 0.000 0.000 1.920 0.517 0.860 
0 test1dax_consistent 0.000 0.000 0.000 0.093 0.010 0.000 0.100 0.000 0.079 0.092 0.661 2.360 0.870 0.000 0.113 0.145 0.000 0.875 1.634 0.000 2.073 1.022 0.000 3.316 0.503 0.000 0.000 0.000 0.000 1.021 0.303 1.753 0.631 4.276 0.628 0.000 0.802 0.000 2.075 0.000 
1 test1dax_inconsistent 0.000 0.000 0.000 0.093 0.010 0.000 0.100 0.000 0.079 0.092 0.661 2.360 0.870 0.000 0.113 0.145 0.000 0.875 1.634 0.000 0.477 0.101 0.000 1.103 0.000 0.000 0.000 0.000 0.000 1.261 0.414 0.070 0.000 0.961 0.000 0.000 1.245 0.055 0.000 0.000 
0 test1dax_consistent 0.200 0.000 1.598 0.449 0.786 0.777 0.000 0.970 0.000 0.329 0.217 0.000 0.547 0.879 0.000 0.421 0.000 0.255 0.825 0.170 0.000 0.000 0.000 0.000 0.000 2.326 0.110 0.844 2.582 0.552 0.000 0.062 0.000 1.223 0.000 0.000 0.000 5.772 0.994 0.000 
1 test1dax_inconsistent 0.200 0.000 1.598 0.449 0.786 0.777 0.000 0.970 0.000 0.329 0.217 0.000 0.547 0.879 0.000 0.421 0.000 0.255 0.825 0.170 0.000 0.000 0.000 0.376 0.000 0.000 0.952 0.453 1.947 0.687 0.000 0.274 0.000 0.129 0.000 0.031 0.000 1.694 0.903 0.423 
0 test1dax_consistent 0.000 0.000 0.162 0.000 0.000 0.175 1.796 0.000 0.000 0.000 0.747 0.000 0.093 0.477 0.000 1.102 1.981 0.000 0.000 0.000 0.000 0.000 0.000 0.000 0.000 0.000 2.746 1.933 0.000 0.000 1.087 0.000 4.179 2.598 0.635 1.658 2.947 0.000 0.000 0.392 
1 test1dax_inconsistent 0.000 0.000 0.162 0.000 0.000 0.175 1.796 0.000 0.000 0.000 0.747 0.000 0.093 0.477 0.000 1.102 1.981 0.000 0.000 0.000 0.000 0.000 0.000 0.000 0.000 0.000 1.425 0.488 0.110 0.791 0.326 0.004 1.389 1.385 0.850 0.000 0.304 0.000 0.000 0.510 
0 test1dax_consistent 1.478 0.000 0.000 0.000 0.996 1.632 0.000 0.000 0.000 0.262 0.455 0.352 1.466 0.000 0.122 0.650 1.254 0.000 1.033 0.245 0.000 0.000 2.675 0.000 0.549 0.328 4.253 0.000 0.000 1.205 0.263 1.654 0.000 0.000 1.773 0.650 2.634 0.000 0.568 0.000 
1 test1dax_inconsistent 1.478 0.000 0.000 0.000 0.996 1.632 0.000 0.000 0.000 0.262 0.455 0.352 1.466 0.000 0.122 0.650 1.254 0.000 1.033 0.245 0.327 0.083 0.441 0.000 1.212 0.610 1.206 0.123 0.000 0.000 0.667 0.000 0.000 0.000 0.604 0.682 0.913 0.000 0.536 0.440 
0 test1dax_consistent 0.055 0.076 1.634 0.399 0.325 1.339 0.000 1.070 0.000 0.000 0.527 0.889 0.035 0.181 0.000 0.000 0.611 0.000 1.261 0.439 0.000 0.000 0.000 0.000 1.365 0.000 1.766 0.780 0.000 0.011 1.578 0.706 0.000 0.000 0.000 0.000 1.686 0.000 3.116 3.783 
1 test1dax_inconsistent 0.055 0.076 1.634 0.399 0.325 1.339 0.000 1.070 0.000 0.000 0.527 0.889 0.035 0.181 0.000 0.000 0.611 0.000 1.261 0.439 0.063 0.000 0.000 0.000 0.697 0.000 0.458 0.274 0.000 0.435 0.286 1.278 0.000 0.000 0.000 0.000 0.000 0.000 0.501 1.654 
0 test1dax_consistent 2.114 0.267 1.680 0.000 1.096 0.226 0.000 0.161 0.084 1.585 0.000 0.000 0.000 0.000 0.210 0.000 0.000 0.000 0.481 0.000 4.082 2.345 0.000 2.727 1.146 0.000 0.000 0.000 0.000 0.888 0.000 0.883 0.000 4.396 0.014 2.062 0.000 0.000 0.791 0.910 
1 test1dax_inconsistent 2.114 0.267 1.680 0.000 1.096 0.226 0.000 0.161 0.084 1.585 0.000 0.000 0.000 0.000 0.210 0.000 0.000 0.000 0.481 0.000 1.642 1.017 0.000 0.891 0.363 0.000 0.000 0.000 0.000 1.208 0.000 0.309 0.000 1.304 0.000 0.359 0.228 0.685 0.000 0.000 
0 test1dax_consistent 0.000 1.260 0.000 1.763 0.157 0.533 0.000 0.476 0.000 0.000 0.000 0.000 0.000 1.936 0.687 1.137 0.309 0.000 0.000 0.000 0.000 0.000 0.000 1.234 0.000 4.852 2.530 2.685 0.000 0.674 0.000 0.000 0.000 3.043 0.000 0.000 0.000 0.000 0.000 0.000 
1 test1dax_inconsistent 0.000 1.260 0.000 1.763 0.157 0.533 0.000 0.476 0.000 0.000 0.000 0.000 0.000 1.936 0.687 1.137 0.309 0.000 0.000 0.000 0.000 0.000 0.000 0.896 0.492 1.720 0.600 1.764 0.000 0.820 0.128 0.413 0.000 0.309 0.000 0.171 0.369 0.000 0.000 0.000 
0 test1dax_consistent 0.384 0.570 0.206 0.000 0.540 0.848 0.988 0.941 0.000 0.000 0.249 0.099 0.560 2.110 0.173 0.000 1.003 1.051 0.703 0.440 2.720 0.000 0.000 0.000 0.000 0.000 1.568 1.434 0.033 0.000 3.995 0.000 3.565 3.084 0.000 0.000 0.000 0.076 0.734 0.000 
1 test1dax_inconsistent 0.384 0.570 0.206 0.000 0.540 0.848 0.988 0.941 0.000 0.000 0.249 0.099 0.560 2.110 0.173 0.000 1.003 1.051 0.703 0.440 1.695 0.049 0.000 0.547 0.419 0.130 0.168 0.160 0.235 0.000 0.343 0.000 0.615 1.599 0.508 0.000 0.000 0.000 0.872 0.000 
