0 test1dax_consistent 0.686 0.226 0.000 0.784 0.048 1.482 0.071 0.000 0.000 0.000 0.000 0.000 0.000 2.477 1.075 0.686 0.000 0.000 0.000 0.000 1.070 0.000 0.000 0.330 0.000 4.704 0.692 0.000 1.387 0.000 0.000 0.000 0.000 0.313 0.000 1.769 0.000 4.598 0.455 1.959 
1 test1dax_inconsistent 0.686 0.226 0.000 0.784 0.048 1.482 0.071 0.000 0.000 0.000 0.000 0.000 0.000 2.477 1.075 0.686 0.000 0.000 0.000 0.000 0.595 0.000 0.000 0.414 0.173 1.406 1.091 0.000 0.902 0.000 0.000 0.000 0.000 0.000 0.000 0.462 0.000 0.860 0.492 1.282 
0 test1dax_consistent 0.000 0.162 1.088 0.000 0.654 0.000 0.532 0.110 0.707 0.000 0.893 1.977 0.223 0.000 0.382 0.274 0.000 1.607 0.000 0.000 0.000 1.338 2.132 0.000 0.000 0.000 0.000 0.000 0.261 0.000 0.000 0.000 0.000 0.000 5.290 2.625 3.461 0.000 0.000 0.000 
1 test1dax_inconsistent 0.000 0.162 1.088 0.000 0.654 0.000 0.532 0.110 0.707 0.000 0.893 1.977 0.223 0.000 0.382 0.274 0.000 1.607 0.000 0.000 0.000 0.517 1.786 0.000 0.234 0.000 0.177 0.000 0.000 0.000 0.000 0.000 0.000 0.000 1.435 1.265 0.110 0.014 0.000 0.000 
0 test1dax_consistent 0.000 0.687 0.103 0.061 0.000 0.389 1.099 0.000 0.108 0.293 0.043 0.000 0.002 0.000 1.919 0.489 1.761 0.061 1.986 0.000 2.716 0.000 0.070 0.231 0.000 2.642 1.009 0.000 0.000 0.000 0.000 0.000 0.000 0.000 0.000 0.000 4.821 3.680 0.749 1.057 
1 test1dax_inconsistent 0.000 0.687 0.103 0.061 0.000 0.389 1.099 0.000 0.108 0.293 0.043 0.000 0.002 0.000 1.919 0.489 1.761 0.061 1.986 0.000 0.225 0.000 0.040 0.000 0.275 0.874 0.309 0.000 0.000 0.000 0.624 0.000 0.000 0.000 0.026 0.196 0.979 1.441 0.380 0.000 
0 test1dax_consistent 0.289 0.909 0.000 0.000 0.833 1.304 0.111 0.158 0.000 0.745 0.000 1.498 0.619 0.949 0.000 0.197 0.000 0.000 1.103 0.000 0.000 0.000 2.741 0.000 1.822 0.000 2.400 0.000 3.139 0.591 0.000 0.000 2.838 1.479 0.000 0.025 0.000 0.000 4.327 0.000 
1 test1dax_inconsistent 0.289 0.909 0.000 0.000 0.833 1.304 0.111 0.158 0.000 0.745 0.000 1.498 0.619 0.949 0.000 0.197 0.000 0.000 1.103 0.000 0.000 0.681 1.086 0.000 1.216 0.389 1.599 0.000 1.106 0.150 0.000 0.000 0.693 0.410 0.000 0.334 0.000 0.000 0.571 0.000 
0 test1dax_consistent 0.182 0.000 0.000 1.183 0.676 1.642 0.000 0.997 0.022 0.000 1.336 0.000 0.176 0.000 0.000 0.000 0.415 0.017 0.195 1.940 0.870 0.000 0.000 0.089 1.032 1.761 0.000 5.483 0.000 0.000 0.978 0.000 2.094 0.000 1.949 0.000 1.563 0.000 1.281 0.000 
1 test1dax_inconsistent 0.182 0.000 0.000 1.183 0.676 1.642 0.000 0.997 0.022 0.000 1.336 0.000 0.176 0.000 0.000 0.000 0.415 0.017 0.195 1.940 0.408 0.112 0.000 0.000 0.158 0.145 0.000 1.423 0.263 0.000 0.000 0.121 0.725 0.000 0.238 0.000 1.177 0.000 0.809 0.336 
0 test1dax_consistent 0.000 0.078 1.841 0.767 0.131 0.000 0.345 1.087 0.471 0.000 0.000 0.000 0.000 0.217 0.000 0.000 1.678 0.000 1.276 0.000 0.000 0.745 3.126 0.082 0.000 0.000 0.000 2.407 0.000 0.000 0.000 1.278 0.000 1.919 0.000 6.301 0.097 0.000 0.872 0.000 
1 test1dax_inconsistent 0.000 0.078 1.841 0.767 0.131 0.000 0.345 1.087 0.471 0.000 0.000 0.000 0.000 0.217 0.000 0.000 1.678 0.000 1.276 0.000 0.000 0.316 0.538 0.625 0.000 0.067 0.177 1.218 0.000 0.000 0.000 0.000 0.000 0.370 0.000 1.859 0.390 0.244 0.004 0.118 
0 test1dax_consistent 0.000 1.413 0.810 0.000 0.000 0.000 0.000 0.000 0.246 1.020 0.038 0.000 0.490 0.332 0.284 0.000 1.270 1.630 0.000 1.340 2.031 0.000 2.816 0.173 1.998 1.298 0.735 0.506 1.247 0.000 3.009 1.414 2.284 0.200 1.620 0.000 2.061 0.000 0.000 1.192 
1 test1dax_inconsistent 0.000 1.413 0.810 0.000 0.000 0.000 0.000 0.000 0.246 1.020 0.038 0.000 0.490 0.332 0.284 0.000 1.270 1.630 0.000 1.340 0.000 0.307 0.419 0.278 0.185 0.343 0.000 0.101 0.635 0.295 0.657 0.680 0.969 0.493 0.635 0.120 0.406 0.167 0.000 0.764 
0 test1dax_consistent 1.666 0.231 0.280 0.613 0.000 0.000 1.234 0.030 0.744 0.330 1.015 0.377 0.000 0.814 0.000 1.417 0.000 0.515 0.993 1.262 0.010 2.555 0.000 0.000 0.848 0.000 3.467 0.091 0.000 1.482 0.000 0.000 0.000 0.000 0.042 0.977 2.371 1.081 1.582 0.000 
1 test1dax_inconsistent 1.666 0.231 0.280 0.613 0.000 0.000 1.234 0.030 0.744 0.330 1.015 0.377 0.000 0.814 0.000 1.417 0.000 0.515 0.993 1.262 0.893 1.313 0.033 0.000 0.000 0.000 0.599 0.740 0.601 0.000 0.264 0.000 0.345 0.148 0.290 0.472 0.223 0.790 0.000 0.000 
0 test1dax_consistent 1.280 0.218 0.000 0.000 1.147 0.000 0.836 0.000 1.307 0.000 0.747 0.000 0.121 0.000 1.452 0.000 0.096 0.000 1.558 0.000 1.384 0.000 0.725 0.000 0.000 1.443 4.638 0.000 0.000 2.843 2.394 0.000 0.067 3.509 0.000 0.002 0.000 0.000 1.627 0.000 
1 test1dax_inconsistent 1.280 0.218 0.000 0.000 1.147 0.000 0.836 0.000 1.307 0.000 0.747 0.000 0.121 0.000 1.452 0.000 0.096 0.000 1.558 0.000 1.268 0.272 0.000 0.000 0.000 0.000 1.031 0.000 0.108 1.246 0.463 0.152 0.416 1.572 0.469 0.383 0.000 0.000 0.285 0.263 
0 test1dax_consistent 0.381 0.000 0.000 0.000 0.018 1.367 0.846 0.000 1.350 0.000 0.039 1.357 0.000 0.000 0.000 1.554 0.000 0.592 0.000 0.270 0.000 0.000 2.258 0.000 0.000 0.000 4.602 0.107 2.554 0.000 4.606 0.278 0.000 0.000 0.445 0.000 0.000 0.064 0.128 0.000 
1 test1dax_inconsistent 0.381 0.000 0.000 0.000 0.018 1.367 0.846 0.000 1.350 0.000 0.039 1.357 0.000 0.000 0.000 1.554 0.000 0.592 0.000 0.270 0.000 0.054 0.576 0.033 0.000 0.401 0.833 0.171 0.858 0.000 1.965 0.211 0.000 0.000 0.175 0.233 0.000 0.130 0.572 0.179 
0 test1dax_consistent 0.153 0.000 0.000 0.250 0.000 0.111 3.344 0.000 0.000 0.000 0.000 0.118 0.880 0.346 0.000 0.620 0.000 0.000 0.000 0.022 2.894 0.000 0.000 3.322 0.000 0.000 0.000 0.000 2.385 0.000 2.095 1.859 0.000 0.000 5.119 0.000 0.000 0.000 0.000 0.951 
1 test1dax_inconsistent 0.153 0.000 0.000 0.250 0.000 0.111 3.344 0.000 0.000 0.000 0.000 0.118 0.880 0.346 0.000 0.620 0.000 0.000 0.000 0.022 1.224 0.000 0.000 1.010 0.000 0.323 0.000 0.000 0.709 0.000 0.729 1.187 0.000 0.006 1.272 0.000 0.000 0.000 0.000 0.896 
0 test1dax_consistent 0.007 0.044 0.569 0.000 0.000 0.308 0.113 2.566 0.569 0.000 0.000 0.000 0.868 0.017 0.000 0.000 0.000 1.687 0.535 0.249 0.000 3.285 0.000 1.227 0.000 0.544 0.000 0.831 3.361 0.000 0.000 0.344 0.000 0.000 1.395 0.000 0.716 1.318 4.457 0.000 
1 test1dax_inconsistent 0.007 0.044 0.569 0.000 0.000 0.308 0.113 2.566 0.569 0.000 0.000 0.000 0.868 0.017 0.000 0.000 0.000 1.687 0.535 0.249 0.000 0.768 0.000 0.554 0.000 0.000 0.470 1.148 2.113 0.000 0.000 0.253 0.000 0.000 0.972 0.000 0.486 0.000 1.311 0.000 
0 test1dax_consistent 0.000 0.000 0.794 0.671 0.561 1.395 0.090 2.419 0.000 0.036 0.000 0.000 0.026 0.000 0.580 0.000 0.000 0.000 1.033 0.000 0.000 0.306 0.000 0.000 0.980 0.000 2.741 1.140 0.000 0.000 0.000 0.000 0.000 0.754 5.508 0.747 0.000 0.000 3.794 0.000 
1 test1dax_inconsistent 0.000 0.000 0.794 0.671 0.561 1.395 0.090 2.419 0.000 0.036 0.000 0.000 0.026 0.000 0.580 0.000 0.000 0.000 1.033 0.000 0.523 0.000 0.000 0.000 0.160 0.000 0.007 1.293 0.000 0.000 0.171 0.000 0.037 0.157 1.614 1.203 0.019 0.000 0.716 0.000 
0 test1dax_consistent 0.000 0.000 1.307 0.000 0.826 0.228 0.000 0.715 1.187 0.107 0.000 0.000 0.734 1.118 1.189 0.000 0.049 0.828 0.000 0.000 0.000 0.000 1.076 0.000 0.000 0.043 0.815 5.893 0.072 1.454 0.958 0.000 1.206 0.000 0.000 0.000 0.334 0.000 0.000 0.000 
1 test1dax_inconsistent 0.000 0.000 1.307 0.000 0.826 0.228 0.000 0.715 1.187 0.107 0.000 0.000 0.734 1.118 1.189 0.000 0.049 0.828 0.000 0.000 0.000 0.000 0.997 0.000 0.021 0.257 0.638 1.073 0.246 0.698 1.158 0.000 0.000 0.000 0.038 0.000 0.494 0.000 0.000 0.401 
0 test1dax_consistent 0.000 1.699 0.000 1.378 0.000 0.174 0.000 0.000 2.479 0.000 0.000 0.000 0.225 0.000 1.573 0.000 0.000 0.000 0.000 0.024 0.120 0.694 3.275 0.216 0.000 0.000 0.000 0.000 0.468 0.000 0.000 3.026 3.047 0.000 4.128 0.000 0.000 0.000 0.821 0.000 
1 test1dax_inconsistent 0.000 1.699 0.000 1.378 0.000 0.174 0.000 0.000 2.479 0.000 0.000 0.000 0.225 0.000 1.573 0.000 0.000 0.000 0.000 0.024 0.567 0.860 0.825 0.019 0.000 0.000 0.264 0.000 0.000 0.000 0.000 1.198 1.123 0.136 0.774 0.000 0.047 0.508 0.832 0.000 
0 test1dax_consistent 0.000 0.448 0.018 0.000 1.013 0.131 0.842 0.522 0.226 0.035 0.000 0.494 0.583 0.000 0.000 0.962 0.724 0.111 2.351 0.037 0.593 0.000 0.000 2.794 0.000 2.081 0.000 0.181 0.000 1.003 0.000 0.159 2.579 0.000 3.759 3.069 0.588 1.611 0.000 2.366 
1 test1dax_inconsistent 0.000 0.448 0.018 0.000 1.013 0.131 0.842 0.522 0.226 0.035 0.000 0.494 0.583 0.000 0.000 0.962 0.724 0.111 2.351 0.037 0.000 0.000 0.000 0.825 0.000 0.722 0.000 0.000 0.527 0.646 0.000 0.756 0.267 0.000 1.080 0.779 0.515 0.427 0.885 1.064 
0 test1dax_consistent 1.082 0.084 0.337 0.089 0.800 0.173 0.054 1.303 0.000 0.000 0.776 0.221 0.622 0.000 0.000 1.712 1.661 0.395 0.254 0.000 0.000 1.604 0.000 0.000 1.113 0.291 0.000 1.963 0.000 0.687 0.001 2.663 0.000 4.822 0.000 0.000 0.000 1.740 0.228 0.185 
1 test1dax_inconsistent 1.082 0.084 0.337 0.089 0.800 0.173 0.054 1.303 0.000 0.000 0.776 0.221 0.622 0.000 0.000 1.712 1.661 0.395 0.254 0.000 0.000 0.568 0.000 0.142 1.310 0.539 0.010 0.000 0.000 0.000 0.000 0.460 0.030 1.165 0.000 0.000 0.071 0.657 0.293 0.000 
0 test1dax_consistent 0.000 0.000 0.000 0.000 0.654 0.000 1.197 0.421 0.000 0.000 0.043 0.000 0.000 1.327 0.075 0.327 0.134 0.027 2.132 1.302 0.000 1.488 0.000 0.000 1.296 4.226 0.000 2.551 3.973 0.000 0.000 0.000 0.000 0.464 0.000 0.021 0.559 0.000 1.447 0.000 
1 test1dax_inconsistent 0.000 0.000 0.000 0.000 0.654 0.000 1.197 0.421 0.000 0.000 0.043 0.000 0.000 1.327 0.075 0.327 0.134 0.027 2.132 1.302 0.245 0.369 0.000 0.160 0.330 1.366 0.080 1.862 0.845 0.000 0.040 0.000 0.000 0.467 0.000 0.000 0.215 0.041 0.765 0.000 
0 test1dax_consistent 0.954 1.616 0.424 0.318 0.000 0.000 0.029 0.000 2.235 0.901 0.250 0.000 0.000 0.000 0.000 0.000 0.000 0.301 0.000 0.182 1.203 0.000 0.000 0.000 0.000 3.349 0.932 0.000 0.000 0.000 5.165 0.000 0.000 0.000 1.836 2.412 0.000 1.565 0.000 0.000 
1 test1dax_inconsistent 0.954 1.616 0.424 0.318 0.000 0.000 0.029 0.000 2.235 0.901 0.250 0.000 0.000 0.000 0.000 0.000 0.000 0.301 0.000 0.182 0.815 0.000 0.000 0.000 0.000 0.508 0.129 0.000 0.000 0.789 1.531 0.000 0.000 0.000 0.000 1.268 0.000 1.453 0.000 0.000 
0 test1dax_consistent 0.000 0.000 1.433 0.000 0.000 0.302 0.850 0.000 0.000 1.649 0.459 1.488 0.139 0.063 0.025 0.000 0.252 0.388 0.608 0.458 0.877 0.000 0.702 0.247 4.882 0.000 0.000 0.000 0.000 0.000 0.160 1.403 0.000 0.629 1.421 0.000 2.736 0.000 0.000 2.878 
1 test1dax_inconsistent 0.000 0.000 1.433 0.000 0.000 0.302 0.850 0.000 0.000 1.649 0.459 1.488 0.139 0.063 0.025 0.000 0.252 0.388 0.608 0.458 0.014 0.419 0.482 0.101 1.680 0.000 0.187 0.000 0.000 0.000 0.529 0.000 0.000 0.425 0.026 0.141 0.107 0.000 0.000 0.205 
0 test1dax_consistent 0.200 0.460 0.000 1.497 0.000 0.719 1.616 0.072 0.177 0.947 0.000 1.388 0.000 0.000 0.180 0.000 0.000 0.362 1.587 0.000 0.000 1.900 0.000 0.000 4.641 3.088 0.000 0.000 0.434 0.000 0.000 0.000 0.000 0.000 1.217 0.000 2.467 1.658 0.687 0.000 
1 test1dax_inconsistent 0.200 0.460 0.000 1.497 0.000 0.719 1.616 0.072 0.177 0.947 0.000 1.388 0.000 0.000 0.180 0.000 0.000 0.362 1.587 0.000 0.000 1.293 0.000 0.000 1.250 0.600 0.762 0.000 0.367 0.000 0.000 0.000 0.000 0.000 0.000 0.000 1.081 0.867 0.671 0.000 
0 test1dax_consistent 1.406 1.246 0.843 1.599 0.924 0.705 0.789 0.502 0.000 0.000 0.662 0.000 0.000 0.000 0.366 0.000 0.000 0.000 0.000 1.342 2.023 2.031 0.000 0.000 0.000 0.000 4.356 0.000 0.000 0.000 0.000 2.639 0.000 0.111 4.167 0.000 0.000 0.000 0.000 1.565 
1 test1dax_inconsistent 1.406 1.246 0.843 1.599 0.924 0.705 0.789 0.502 0.000 0.000 0.662 0.000 0.000 0.000 0.366 0.000 0.000 0.000 0.000 1.342 1.102 0.338 0.138 0.113 0.027 0.226 1.529 0.000 0.393 0.000 0.000 1.177 0.000 0.143 0.938 0.000 0.000 0.000 0.207 0.016 
0 test1dax_consistent 0.000 0.039 0.000 0.113 0.000 2.690 0.000 0.412 1.448 0.000 0.000 0.000 0.000 0.385 0.000 0.000 0.903 1.007 0.464 0.000 4.196 0.872 0.000 0.766 2.995 0.229 1.634 0.581 2.141 0.000 0.000 0.000 3.027 0.000 1.556 2.033 1.974 0.000 1.517 0.000 
1 test1dax_inconsistent 0.000 0.039 0.000 0.113 0.000 2.690 0.000 0.412 1.448 0.000 0.000 0.000 0.000 0.385 0.000 0.000 0.903 1.007 0.464 0.000 1.534 0.962 0.000 0.712 1.118 0.038 1.024 0.319 0.196 0.232 0.000 0.000 0.578 0.124 0.050 0.000 0.342 0.014 0.458 0.000 
0 test1dax_consistent 0.000 2.163 0.000 0.077 1.321 0.118 1.239 0.185 0.000 0.152 1.356 0.000 0.000 0.000 0.000 0.168 0.747 0.261 0.000 0.000 2.748 0.702 0.000 0.000 3.881 0.000 4.130 0.000 0.000 0.902 2.776 1.117 0.000 0.000 1.680 0.525 0.000 0.974 0.000 0.000 
1 test1dax_inconsistent 0.000 2.163 0.000 0.077 1.321 0.118 1.239 0.185 0.000 0.152 1.356 0.000 0.000 0.000 0.000 0.168 0.747 0.261 0.000 0.000 1.545 0.183 0.000 0.000 0.560 0.000 1.208 0.000 0.000 0.899 0.580 0.155 0.130 0.084 0.448 0.153 0.524 0.926 0.000 0.088 
0 test1dax_consistent 0.566 0.543 0.000 0.792 0.000 0.000 0.000 0.000 0.000 0.473 0.000 2.314 0.979 0.000 0.784 0.224 0.917 0.529 0.000 1.017 2.407 0.712 0.000 0.000 0.000 0.341 0.000 3.799 0.000 1.619 0.000 0.000 1.812 0.000 0.000 3.857 0.078 0.158 1.991 1.288 
1 test1dax_inconsistent 0.566 0.543 0.000 0.792 0.000 0.000 0.000 0.000 0.000 0.473 0.000 2.314 0.979 0.000 0.784 0.224 0.917 0.529 0.000 1.017 0.206 0.665 0.050 0.424 0.000 0.000 0.302 1.183 0.000 0.457 0.000 0.040 0.639 0.000 0.000 0.852 0.000 0.769 1.462 0.347 
0 test1dax_consistent 0.000 0.499 1.767 0.000 0.000 1.554 0.000 0.000 0.551 0.221 0.210 1.067 0.000 0.415 1.164 1.203 0.000 0.128 1.174 0.003 0.000 2.011 1.347 0.000 2.226 0.333 0.000 2.290 0.000 0.000 0.000 0.062 1.236 0.220 1.343 3.831 3.041 2.046 0.000 0.000 
1 test1dax_inconsistent 0.000 0.499 1.767 0.000 0.000 1.554 0.000 0.000 0.551 0.221 0.210 1.067 0.000 0.415 1.164 1.203 0.000 0.128 1.174 0.003 0.000 1.202 0.195 0.000 1.656 0.138 0.000 0.000 0.000 0.043 0.732 0.000 0.157 0.760 1.007 1.268 0.393 0.403 0.000 0.000 
0 test1dax_consistent 0.000 0.000 1.939 0.000 1.305 0.000 0.000 0.032 0.000 0.000 0.000 0.372 0.000 0.094 0.000 0.000 0.000 0.000 2.626 0.649 0.000 1.785 0.380 2.254 3.133 0.000 0.000 0.823 2.500 0.000 0.000 0.000 0.000 3.588 0.000 3.140 0.792 0.000 0.726 0.306 
1 test1dax_inconsistent 0.000 0.000 1.939 0.000 1.305 0.000 0.000 0.032 0.000 0.000 0.000 0.372 0.000 0.094 0.000 0.000 0.000 0.000 2.626 0.649 0.000 0.141 0.106 0.270 1.328 0.000 0.000 0.646 0.539 0.000 0.279 0.041 0.177 0.909 0.000 0.389 0.000 0.000 0.970 0.000 
0 test1dax_consistent 1.288 0.666 0.000 0.000 0.153 0.000 0.585 0.000 1.387 1.259 0.267 1.163 0.827 0.000 0.000 0.250 0.000 0.000 1.175 1.464 1.856 0.655 1.661 0.000 2.510 2.478 0.000 0.000 0.000 0.000 2.094 1.713 0.000 0.000 0.279 2.337 0.000 3.587 2.457 2.697 
1 test1dax_inconsistent 1.288 0.666 0.000 0.000 0.153 0.000 0.585 0.000 1.387 1.259 0.267 1.163 0.827 0.000 0.000 0.250 0.000 0.000 1.175 1.464 0.505 0.376 1.052 0.000 0.626 1.039 0.000 0.000 0.549 0.072 0.938 0.718 0.000 0.000 0.551 0.705 0.000 0.958 1.228 0.289 
0 test1dax_consistent 0.816 1.197 0.000 0.019 0.000 0.000 0.773 0.769 1.327 0.536 0.137 1.615 0.004 0.972 0.138 0.000 0.000 0.000 0.915 0.154 2.470 0.344 0.516 0.062 1.300 0.913 0.000 3.785 0.948 4.186 0.413 0.000 1.709 0.000 0.000 0.000 0.000 0.000 0.000 0.887 
1 test1dax_inconsistent 0.816 1.197 0.000 0.019 0.000 0.000 0.773 0.769 1.327 0.536 0.137 1.615 0.004 0.972 0.138 0.000 0.000 0.000 0.915 0.154 1.187 0.190 0.256 0.000 0.909 0.672 0.114 0.744 0.108 0.439 0.455 0.414 0.178 0.381 0.000 0.000 0.000 0.000 0.395 0.595 
0 test1dax_consistent 0.245 1.109 0.000 0.000 0.449 0.000 0.000 0.273 0.000 0.053 0.885 1.067 0.000 0.000 0.000 0.349 0.619 1.608 1.275 1.092 1.999 0.000 0.000 0.000 0.000 0.000 0.000 0.000 0.000 0.000 0.000 2.950 0.000 0.000 0.000 1.249 6.355 0.000 0.327 0.000 
1 test1dax_inconsistent 0.245 1.109 0.000 0.000 0.449 0.000 0.000 0.273 0.000 0.053 0.885 1.067 0.000 0.000 0.000 0.349 0.619 1.608 1.275 1.092 1.700 0.005 0.000 0.000 0.000 0.000 0.000 0.000 0.000 0.000 0.000 1.492 0.000 0.000 0.000 1.518 1.340 0.000 0.701 0.000 
0 test1dax_consistent 1.248 0.604 0.708 0.146 0.394 0.021 0.000 0.780 0.893 1.123 0.771 0.000 1.221 0.000 0.000 0.895 1.878 0.000 0.599 0.079 1.145 0.000 0.001 1.807 2.222 0.000 0.000 3.336 0.000 0.000 0.000 0.000 2.209 0.000 0.000 1.688 0.353 4.047 0.000 0.985 
1 test1dax_inconsistent 1.248 0.604 0.708 0.146 0.394 0.021 0.000 0.780 0.893 1.123 0.771 0.000 1.221 0.000 0.000 0.895 1.878 0.000 0.599 0.079 0.610 0.150 0.000 0.976 0.620 0.056 0.000 1.483 0.000 0.117 0.000 0.000 0.072 0.329 0.000 0.442 0.000 0.857 0.000 0.000 
0 test1dax_consistent 1.350 1.332 0.000 0.000 0.000 0.000 0.000 1.429 0.000 1.909 0.000 0.000 0.553 0.000 0.008 0.017 0.087 0.000 0.888 0.163 3.697 1.580 0.000 0.000 0.000 0.000 3.689 1.624 2.436 0.028 0.000 0.000 2.963 0.000 0.000 0.000 0.844 0.000 0.000 0.000 
1 test1dax_inconsistent 1.350 1.332 0.000 0.000 0.000 0.000 0.000 1.429 0.000 1.909 0.000 0.000 0.553 0.000 0.008 0.017 0.087 0.000 0.888 0.163 0.935 0.646 0.000 0.000 0.000 0.000 1.050 0.615 0.260 0.356 0.000 0.000 0.911 0.131 0.165 0.000 0.788 0.004 0.000 0.000 
0 test1dax_consistent 0.000 2.297 0.790 0.416 0.000 0.000 0.809 0.960 0.000 1.094 0.282 0.000 0.208 0.842 0.000 1.007 0.000 0.370 0.021 0.000 0.000 1.112 0.000 0.506 0.755 2.646 1.320 0.000 1.248 0.841 2.737 0.001 0.350 0.000 0.002 1.411 0.000 2.920 3.646 0.000 
1 test1dax_inconsistent 0.000 2.297 0.790 0.416 0.000 0.000 0.809 0.960 0.000 1.094 0.282 0.000 0.208 0.842 0.000 1.007 0.000 0.370 0.021 0.000 0.000 0.056 0.770 0.000 0.698 0.772 0.571 0.000 0.557 0.361 1.535 0.151 0.236 0.005 0.518 1.217 0.045 0.528 0.263 0.000 
0 test1dax_consistent 0.087 0.112 1.753 0.257 1.192 0.000 0.000 0.000 0.000 0.000 0.929 0.674 0.016 0.000 1.573 0.029 0.000 0.000 1.478 0.000 1.420 0.000 0.000 0.000 5.092 0.000 0.000 0.000 0.000 0.826 0.000 2.161 0.000 0.000 3.970 0.000 0.000 0.901 0.000 0.000 
1 test1dax_inconsistent 0.087 0.112 1.753 0.257 1.192 0.000 0.000 0.000 0.000 0.000 0.929 0.674 0.016 0.000 1.573 0.029 0.000 0.000 1.478 0.000 0.000 0.000 0.000 0.180 1.111 0.072 0.000 0.000 0.000 0.650 0.000 0.755 0.240 0.000 1.325 0.000 0.000 1.541 0.147 0.051 
0 test1dax_consistent 0.000 0.000 0.000 0.000 0.000 1.134 0.000 0.519 0.000 0.729 1.241 0.986 0.967 0.235 0.234 1.673 0.334 0.557 0.000 0.942 0.000 2.400 0.432 0.261 0.000 4.518 0.469 2.847 0.525 0.000 1.470 0.095 0.000 0.000 2.554 0.000 2.259 0.000 0.543 0.346 
1 test1dax_inconsistent 0.000 0.000 0.000 0.000 0.000 1.134 0.000 0.519 0.000 0.729 1.241 0.986 0.967 0.235 0.234 1.673 0.334 0.557 0.000 0.942 0.000 0.222 0.217 0.082 0.089 1.112 0.228 1.283 0.480 0.000 1.338 0.808 0.000 0.000 0.492 0.105 0.414 0.000 0.000 0.466 
0 test1dax_consistent 0.434 0.805 0.152 0.412 0.000 0.000 2.013 0.934 0.000 0.000 0.000 0.000 0.000 0.000 0.381 0.454 0.000 0.161 2.330 0.000 0.000 4.049 0.000 1.533 0.000 3.739 0.050 0.000 0.000 0.000 0.000 0.000 0.201 3.559 0.000 0.000 0.000 0.000 0.000 3.011 
1 test1dax_inconsistent 0.434 0.805 0.152 0.412 0.000 0.000 2.013 0.934 0.000 0.000 0.000 0.000 0.000 0.000 0.381 0.454 0.000 0.161 2.330 0.000 0.000 0.743 0.216 1.476 0.000 1.145 0.077 0.000 0.000 0.000 0.023 0.000 0.000 1.145 0.000 0.000 0.000 0.123 0.000 0.549 
0 test1dax_consistent 0.283 0.000 0.748 0.000 0.075 0.301 0.121 0.578 0.784 0.249 0.978 1.367 0.330 0.309 0.000 0.818 0.668 0.979 0.283 0.760 0.000 0.000 0.000 0.343 0.000 0.000 0.000 0.000 0.000 5.743 0.000 0.000 1.581 0.000 0.000 0.000 0.000 0.000 0.000 0.000 
1 test1dax_inconsistent 0.283 0.000 0.748 0.000 0.075 0.301 0.121 0.578 0.784 0.249 0.978 1.367 0.330 0.309 0.000 0.818 0.668 0.979 0.283 0.760 0.271 0.000 0.315 0.244 0.032 0.174 0.000 0.000 0.256 0.684 0.053 0.000 1.412 0.000 0.267 0.032 0.000 0.258 0.554 0.000 
0 test1dax_consistent 0.340 0.701 0.142 0.257 1.938 0.179 0.076 1.440 0.569 0.000 0.661 0.068 0.000 0.736 0.000 2.085 0.540 0.117 0.000 0.000 1.862 1.676 1.900 0.000 0.299 1.174 1.422 0.000 0.000 0.000 0.000 0.000 0.000 1.187 0.000 0.000 4.129 1.257 0.000 1.405 
1 test1dax_inconsistent 0.340 0.701 0.142 0.257 1.938 0.179 0.076 1.440 0.569 0.000 0.661 0.068 0.000 0.736 0.000 2.085 0.540 0.117 0.000 0.000 0.559 0.263 0.000 0.000 0.000 0.459 0.304 0.232 0.359 0.000 0.174 0.150 0.000 0.820 0.000 0.000 0.825 0.756 0.000 0.000 
0 test1dax_consistent 0.199 0.000 0.000 0.282 0.233 0.000 0.000 0.000 0.053 0.000 0.000 0.000 0.588 0.000 2.642 0.000 0.000 0.999 1.324 0.184 1.583 0.000 0.000 0.423 0.090 0.000 0.000 0.000 1.561 0.000 4.470 0.000 0.000 0.000 0.000 0.000 0.000 4.248 0.000 3.076 
1 test1dax_inconsistent 0.199 0.000 0.000 0.282 0.233 0.000 0.000 0.000 0.053 0.000 0.000 0.000 0.588 0.000 2.642 0.000 0.000 0.999 1.324 0.184 0.826 0.000 0.000 0.453 0.000 0.000 0.000 0.000 0.486 0.000 1.066 0.000 0.000 0.000 0.189 0.000 0.000 1.010 0.000 1.361 
0 test1dax_consistent 0.000 0.771 0.405 0.819 0.290 1.134 0.566 1.219 0.055 0.802 0.264 0.000 0.078 1.013 1.246 0.000 0.480 0.374 0.408 0.539 0.223 1.229 2.663 0.065 2.580 0.094 0.000 0.000 2.238 1.799 0.000 0.789 0.000 0.000 3.571 0.000 1.607 0.000 0.532 1.703 
1 test1dax_inconsistent 0.000 0.771 0.405 0.819 0.290 1.134 0.566 1.219 0.055 0.802 0.264 0.000 0.078 1.013 1.246 0.000 0.480 0.374 0.408 0.539 0.268 0.105 0.990 0.556 0.477 0.180 0.654 0.385 0.901 0.644 0.045 0.000 0.000 0.568 0.650 0.000 0.079 0.000 0.463 1.079 
0 test1dax_consistent 1.723 1.508 0.099 0.995 0.000 0.000 0.325 0.302 0.000 0.653 0.257 0.983 0.121 0.495 0.000 0.000 1.234 0.000 0.000 0.772 2.096 0.000 0.000 0.000 0.000 0.000 2.028 0.000 2.226 0.121 2.250 0.000 1.015 0.122 2.715 0.000 4.079 1.711 0.000 1.901 
1 test1dax_inconsistent 1.723 1.508 0.099 0.995 0.000 0.000 0.325 0.302 0.000 0.653 0.257 0.983 0.121 0.495 0.000 0.000 1.234 0.000 0.000 0.772 0.718 0.000 0.078 0.000 0.000 0.000 0.442 0.000 0.616 0.568 0.475 0.000 0.436 0.611 1.563 0.392 1.015 0.926 0.000 0.188 
0 test1dax_consistent 1.257 0.000 0.000 1.273 0.107 0.263 1.081 0.000 0.412 0.568 0.301 0.925 1.367 0.000 0.201 0.000 0.000 0.000 1.398 0.000 0.094 0.000 0.000 3.049 1.886 0.000 0.175 0.360 2.517 0.046 0.000 1.704 1.072 0.000 4.388 0.000 0.000 0.000 0.155 0.000 
1 test1dax_inconsistent 1.257 0.000 0.000 1.273 0.107 0.263 1.081 0.000 0.412 0.568 0.301 0.925 1.367 0.000 0.201 0.000 0.000 0.000 1.398 0.000 0.373 0.225 0.000 0.062 0.620 0.000 0.560 0.513 1.320 0.625 0.258 0.000 0.000 0.237 1.313 0.187 0.000 0.000 0.000 0.576 
0 test1dax_consistent 0.641 1.583 0.000 0.000 1.112 0.000 0.263 0.386 0.701 0.000 0.000 0.036 2.121 0.285 0.172 0.000 0.310 0.121 0.000 0.030 0.345 0.707 0.000 1.778 0.325 0.000 1.538 0.396 0.000 0.000 4.658 1.116 2.866 0.000 0.000 0.000 1.534 2.069 0.000 0.000 
1 test1dax_inconsistent 0.641 1.583 0.000 0.000 1.112 0.000 0.263 0.386 0.701 0.000 0.000 0.036 2.121 0.285 0.172 0.000 0.310 0.121 0.000 0.030 0.000 0.324 0.000 0.131 0.512 0.631 1.268 0.388 0.434 0.000 1.276 0.730 0.262 0.126 0.025 0.000 0.035 1.137 0.000 0.000 
0 test1dax_consistent 0.070 0.000 0.000 0.662 0.000 0.464 0.394 0.000 0.141 1.719 1.099 0.000 0.000 0.644 0.030 0.000 1.956 0.730 1.037 0.000 0.000 1.684 2.930 4.223 0.000 0.000 3.827 0.000 1.502 0.988 1.554 1.224 0.000 0.000 0.000 0.000 0.000 1.084 0.000 0.000 
1 test1dax_inconsistent 0.070 0.000 0.000 0.662 0.000 0.464 0.394 0.000 0.141 1.719 1.099 0.000 0.000 0.644 0.030 0.000 1.956 0.730 1.037 0.000 0.000 1.099 0.991 1.401 0.000 0.138 0.390 0.139 0.762 0.973 0.969 0.711 0.000 0.140 0.000 0.000 0.055 0.402 0.677 0.000 
0 test1dax_consistent 0.000 0.000 0.377 0.000 0.900 0.000 0.049 0.684 0.000 1.227 0.975 0.000 1.078 2.277 0.000 0.000 0.000 0.000 0.297 0.020 0.000 0.001 1.146 4.878 0.000 0.000 1.232 0.315 0.000 3.696 0.000 1.438 0.543 0.000 0.000 0.000 0.000 1.533 1.079 0.000 
1 test1dax_inconsistent 0.000 0.000 0.377 0.000 0.900 0.000 0.049 0.684 0.000 1.227 0.975 0.000 1.078 2.277 0.000 0.000 0.000 0.000 0.297 0.020 0.000 0.235 0.718 1.531 0.000 0.145 0.656 0.000 0.408 0.000 0.209 0.345 0.381 0.672 0.000 0.001 0.000 0.408 0.124 0.000 
0 test1dax_consistent 1.091 0.000 1.392 0.328 1.722 0.409 0.000 0.000 0.532 0.000 0.423 0.616 0.593 0.536 1.004 0.000 0.000 0.948 0.442 0.842 1.859 1.977 0.000 0.000 1.657 3.273 0.000 0.000 0.000 0.000 3.640 2.027 0.104 0.025 0.763 2.413 0.000 4.114 0.000 1.285 
1 test1dax_inconsistent 1.091 0.000 1.392 0.328 1.722 0.409 0.000 0.000 0.532 0.000 0.423 0.616 0.593 0.536 1.004 0.000 0.000 0.948 0.442 0.842 0.997 0.749 0.087 0.000 1.559 0.426 0.000 0.000 0.525 0.000 0.865 0.249 0.000 0.000 0.235 0.534 0.000 1.659 0.000 0.034 
0 test1dax_consistent 1.375 0.036 0.000 0.000 0.000 0.478 0.603 0.417 1.859 1.343 0.000 0.200 0.238 0.664 0.000 0.000 1.719 0.000 0.089 0.000 1.400 1.484 0.000 0.000 0.000 7.385 0.014 0.000 0.000 0.000 0.000 0.658 0.000 0.000 0.000 0.000 0.000 0.000 0.000 0.000 
1 test1dax_inconsistent 1.375 0.036 0.000 0.000 0.000 0.478 0.603 0.417 1.859 1.343 0.000 0.200 0.238 0.664 0.000 0.000 1.719 0.000 0.089 0.000 1.670 0.000 0.000 0.000 0.000 2.414 0.394 0.269 0.000 0.293 0.229 0.504 0.000 0.106 0.000 0.000 0.005 0.000 0.004 0.000 
0 test1dax_consistent 0.366 1.244 0.000 0.000 0.225 0.000 0.000 1.157 1.404 0.716 1.123 0.125 0.853 0.291 0.817 0.000 0.106 0.024 0.345 0.076 0.665 0.000 0.000 0.000 1.127 0.000 0.000 3.527 0.355 3.136 0.000 0.000 4.255 0.000 1.075 0.000 0.671 2.547 0.000 1.821 
1 test1dax_inconsistent 0.366 1.244 0.000 0.000 0.225 0.000 0.000 1.157 1.404 0.716 1.123 0.125 0.853 0.291 0.817 0.000 0.106 0.024 0.345 0.076 0.000 0.442 0.000 0.000 1.090 0.000 0.060 1.088 0.353 0.286 0.658 0.000 1.321 0.000 0.137 0.151 0.610 0.885 0.643 0.715 
0 test1dax_consistent 0.157 0.100 0.000 1.043 0.000 1.855 0.188 0.289 0.559 1.229 0.107 0.053 0.106 0.000 0.752 0.054 0.000 0.029 0.917 0.000 0.000 0.000 0.000 0.034 0.377 1.888 0.000 0.723 2.295 3.004 4.293 3.633 1.418 0.000 0.000 0.000 0.000 1.503 0.000 0.066 
1 test1dax_inconsistent 0.157 0.100 0.000 1.043 0.000 1.855 0.188 0.289 0.559 1.229 0.107 0.053 0.106 0.000 0.752 0.054 0.000 0.029 0.917 0.000 0.000 0.000 0.000 0.604 0.926 0.206 0.192 0.671 0.000 0.633 2.088 1.092 0.295 0.000 0.000 0.000 0.000 0.022 0.000 0.162 
0 test1dax_consistent 0.107 1.010 0.000 0.855 0.000 0.000 0.797 1.125 0.000 0.253 1.174 1.173 0.000 0.000 0.453 0.000 1.526 0.066 0.000 0.959 1.850 1.878 1.285 3.409 0.000 0.000 0.000 2.934 2.383 1.221 0.000 2.506 0.000 0.491 0.008 1.981 1.145 2.308 0.000 0.000 
1 test1dax_inconsistent 0.107 1.010 0.000 0.855 0.000 0.000 0.797 1.125 0.000 0.253 1.174 1.173 0.000 0.000 0.453 0.000 1.526 0.066 0.000 0.959 0.642 0.402 0.112 0.528 0.103 0.255 0.210 0.831 1.010 0.349 0.785 0.793 0.000 0.034 0.000 0.700 0.328 1.491 0.000 0.000 
0 test1dax_consistent 0.904 0.121 0.189 0.878 0.347 0.000 0.000 1.463 0.082 0.675 1.028 0.000 0.000 1.099 2.203 0.000 0.000 0.155 0.000 0.012 2.076 0.000 0.000 0.500 0.000 0.000 5.124 1.786 1.210 0.000 2.713 1.811 0.000 0.000 0.000 0.000 0.000 2.725 0.000 0.016 
1 test1dax_inconsistent 0.904 0.121 0.189 0.878 0.347 0.000 0.000 1.463 0.082 0.675 1.028 0.000 0.000 1.099 2.203 0.000 0.000 0.155 0.000 0.012 0.826 0.068 0.000 0.157 0.136 0.064 0.909 1.521 0.000 0.000 1.665 1.323 0.045 0.000 0.203 0.001 0.304 0.213 0.000 0.386 
0 test1dax_consistent 0.000 0.460 1.090 1.041 0.218 0.000 0.000 0.000 0.933 0.000 0.000 0.246 0.569 0.000 2.216 0.205 0.000 0.585 0.000 0.223 0.000 0.716 0.250 0.000 1.376 0.000 0.000 0.000 0.768 0.000 0.000 0.000 2.617 0.000 2.341 3.558 0.748 3.229 0.000 0.000 
1 test1dax_inconsistent 0.000 0.460 1.090 1.041 0.218 0.000 0.000 0.000 0.933 0.000 0.000 0.246 0.569 0.000 2.216 0.205 0.000 0.585 0.000 0.223 0.138 0.000 0.000 0.000 0.639 0.000 0.000 0.214 1.160 0.000 0.000 0.000 0.618 0.000 1.076 0.969 0.000 0.312 0.188 0.086 
0 test1dax_consistent 0.000 0.000 1.393 0.414 0.000 0.350 0.000 0.135 1.995 0.000 0.038 0.207 0.000 0.288 1.245 0.254 0.062 0.604 0.000 0.000 0.000 0.000 0.000 0.000 0.000 0.000 0.000 0.000 1.636 0.000 2.740 1.604 0.000 2.866 3.350 0.000 0.264 0.000 5.947 0.000 
1 test1dax_inconsistent 0.000 0.000 1.393 0.414 0.000 0.350 0.000 0.135 1.995 0.000 0.038 0.207 0.000 0.288 1.245 0.254 0.062 0.604 0.000 0.000 0.000 0.000 0.000 0.214 0.000 0.000 0.000 0.347 0.728 0.000 1.965 0.319 0.000 1.659 1.439 0.000 0.410 0.000 1.402 0.000 
0 test1dax_consistent 0.571 0.019 0.000 0.000 0.000 0.000 0.137 0.867 0.000 0.945 1.516 1.896 0.000 0.033 0.000 0.850 0.000 0.000 0.000 0.840 0.406 0.208 0.000 0.000 0.000 2.643 0.030 0.000 3.124 2.093 1.533 0.000 0.449 2.927 2.387 0.000 0.000 0.000 1.554 2.910 
1 test1dax_inconsistent 0.571 0.019 0.000 0.000 0.000 0.000 0.137 0.867 0.000 0.945 1.516 1.896 0.000 0.033 0.000 0.850 0.000 0.000 0.000 0.840 0.629 0.000 0.000 0.507 0.000 0.590 0.219 0.552 0.534 0.868 0.559 0.000 0.520 1.360 0.001 0.000 0.000 0.000 0.120 0.560 
0 test1dax_consistent 0.234 0.000 0.000 2.143 0.000 0.407 0.241 0.000 0.000 0.012 0.000 0.413 0.158 1.226 0.000 1.239 0.000 0.000 0.837 0.073 0.084 0.000 0.079 0.000 0.000 0.000 2.974 4.514 4.433 1.796 0.000 0.000 0.000 0.000 0.000 0.000 0.000 0.000 0.000 0.782 
1 test1dax_inconsistent 0.234 0.000 0.000 2.143 0.000 0.407 0.241 0.000 0.000 0.012 0.000 0.413 0.158 1.226 0.000 1.239 0.000 0.000 0.837 0.073 0.120 0.000 0.000 0.000 0.000 0.000 1.420 1.226 0.457 1.598 0.143 0.000 0.000 0.157 0.000 0.090 0.000 0.000 0.000 0.238 
0 test1dax_consistent 0.412 0.000 0.587 0.006 0.000 0.119 0.000 0.090 0.114 0.056 0.246 0.625 0.670 0.081 0.488 2.192 0.000 0.233 0.915 0.797 2.139 0.000 2.589 0.000 0.000 4.458 0.633 0.000 0.732 0.832 1.763 1.964 0.013 0.000 0.000 3.025 0.000 0.000 0.000 0.000 
1 test1dax_inconsistent 0.412 0.000 0.587 0.006 0.000 0.119 0.000 0.090 0.114 0.056 0.246 0.625 0.670 0.081 0.488 2.192 0.000 0.233 0.915 0.797 0.889 0.438 0.398 0.273 0.000 0.727 0.012 0.000 0.195 1.187 0.763 0.772 0.097 0.129 0.000 0.951 0.000 0.254 0.000 0.000 
0 test1dax_consistent 0.565 0.000 0.645 0.065 0.000 0.247 0.029 0.147 1.240 0.144 1.056 0.668 0.240 0.000 0.000 1.491 0.000 0.000 0.598 0.634 0.000 0.375 0.000 0.053 0.000 3.821 0.000 0.981 0.415 0.000 0.168 2.563 0.000 0.000 0.000 0.000 1.541 0.000 0.000 3.843 
1 test1dax_inconsistent 0.565 0.000 0.645 0.065 0.000 0.247 0.029 0.147 1.240 0.144 1.056 0.668 0.240 0.000 0.000 1.491 0.000 0.000 0.598 0.634 0.000 0.455 0.156 0.249 0.000 0.694 0.109 0.422 0.992 0.272 0.000 0.351 0.000 0.042 0.000 0.000 1.458 0.000 0.000 1.139 
0 test1dax_consistent 0.810 0.000 0.000 0.000 0.000 0.155 0.000 0.000 0.486 2.993 0.009 0.000 0.971 0.000 0.000 0.211 0.099 0.000 0.000 0.872 3.011 0.000 3.159 0.477 2.722 0.000 0.000 1.000 0.000 1.404 0.000 0.000 0.000 0.008 0.000 1.127 0.000 4.347 0.000 0.000 
1 test1dax_inconsistent 0.810 0.000 0.000 0.000 0.000 0.155 0.000 0.000 0.486 2.993 0.009 0.000 0.971 0.000 0.000 0.211 0.099 0.000 0.000 0.872 0.536 0.000 0.734 0.501 0.877 0.000 0.000 1.576 0.000 0.000 0.000 0.000 0.000 0.000 0.121 1.477 0.000 0.937 0.000 0.000 
0 test1dax_consistent 1.385 0.000 0.000 0.000 1.202 0.917 1.458 0.000 0.000 1.115 0.000 0.000 0.018 0.000 0.891 0.439 0.000 0.000 0.000 1.780 0.350 0.000 0.000 1.646 0.000 0.000 0.000 0.085 0.000 0.000 2.192 0.000 0.000 0.479 1.318 1.337 4.789 0.000 0.000 0.000 
1 test1dax_inconsistent 1.385 0.000 0.000 0.000 1.202 0.917 1.458 0.000 0.000 1.115 0.000 0.000 0.018 0.000 0.891 0.439 0.000 0.000 0.000 1.780 0.000 0.000 0.000 0.000 0.182 0.000 0.000 0.163 0.042 0.463 1.032 0.000 0.015 0.000 1.007 0.775 0.630 0.000 0.000 0.000 
0 test1dax_consistent 0.473 0.000 0.647 0.127 0.008 0.613 1.413 0.980 0.332 0.530 0.119 0.000 0.198 1.726 1.099 0.130 0.000 0.115 0.000 0.140 0.000 1.287 0.986 0.000 2.449 0.000 1.324 1.670 2.590 0.927 0.162 4.566 1.176 0.714 2.779 1.001 0.000 0.000 0.000 0.000 
1 test1dax_inconsistent 0.473 0.000 0.647 0.127 0.008 0.613 1.413 0.980 0.332 0.530 0.119 0.000 0.198 1.726 1.099 0.130 0.000 0.115 0.000 0.140 0.362 0.446 1.214 0.000 0.488 0.483 0.197 0.599 1.061 0.245 0.490 1.234 0.024 1.175 0.825 0.000 0.000 0.224 0.000 0.000 
0 test1dax_consistent 0.934 0.267 2.096 0.000 0.383 1.643 0.199 0.000 0.000 0.000 1.594 0.000 0.912 0.000 0.000 0.772 0.003 0.000 0.194 0.000 0.000 0.000 0.000 0.000 2.000 0.984 3.036 0.000 0.000 0.080 0.316 4.593 0.265 0.000 0.000 0.120 1.214 0.000 1.831 1.576 
1 test1dax_inconsistent 0.934 0.267 2.096 0.000 0.383 1.643 0.199 0.000 0.000 0.000 1.594 0.000 0.912 0.000 0.000 0.772 0.003 0.000 0.194 0.000 0.000 0.366 0.000 0.000 0.000 0.157 1.213 0.000 0.000 0.259 0.824 0.747 0.711 0.000 0.022 0.697 0.477 0.000 1.067 0.154 
0 test1dax_consistent 0.000 0.000 0.263 0.000 0.253 0.000 1.181 1.107 0.008 0.000 2.313 0.774 0.000 0.000 0.000 0.000 1.817 0.371 0.000 0.000 0.000 0.000 4.301 0.000 0.000 0.000 2.599 0.000 0.000 0.000 2.755 2.797 0.000 3.169 0.008 0.000 0.254 2.131 0.000 0.000 
1 test1dax_inconsistent 0.000 0.000 0.263 0.000 0.253 0.000 1.181 1.107 0.008 0.000 2.313 0.774 0.000 0.000 0.000 0.000 1.817 0.371 0.000 0.000 0.164 0.000 0.914 0.000 0.000 0.000 0.698 0.226 0.890 0.000 0.883 1.327 0.000 1.404 0.031 0.000 0.057 1.766 0.000 0.000 
0 test1dax_consistent 0.000 0.018 0.000 0.275 0.000 1.080 0.000 0.662 1.767 0.318 0.746 1.176 1.110 0.035 1.375 0.099 0.000 0.000 0.000 0.000 0.000 0.000 0.000 0.241 0.000 1.517 0.000 4.470 0.000 0.107 4.808 2.471 1.296 0.000 0.002 0.000 0.000 0.551 0.000 0.000 
1 test1dax_inconsistent 0.000 0.018 0.000 0.275 0.000 1.080 0.000 0.662 1.767 0.318 0.746 1.176 1.110 0.035 1.375 0.099 0.000 0.000 0.000 0.000 0.000 0.000 0.212 0.000 0.000 0.369 0.000 1.355 0.650 0.207 1.805 0.661 0.387 0.000 0.053 0.000 0.000 0.000 0.000 0.000 
0 test1dax_consistent 0.919 0.233 0.000 0.466 0.062 0.555 1.522 1.407 0.000 0.000 1.252 0.000 0.102 0.000 0.000 0.231 0.265 0.287 0.553 1.188 0.000 3.161 0.000 2.433 2.737 0.000 1.116 3.479 0.000 0.000 0.000 0.360 0.000 0.000 0.000 2.617 1.081 2.232 2.085 0.000 
1 test1dax_inconsistent 0.919 0.233 0.000 0.466 0.062 0.555 1.522 1.407 0.000 0.000 1.252 0.000 0.102 0.000 0.000 0.231 0.265 0.287 0.553 1.188 0.000 0.891 0.000 0.680 0.350 0.000 0.409 0.710 0.000 0.000 0.254 0.076 0.000 0.000 0.000 0.356 1.184 1.390 0.484 0.173 
0 test1dax_consistent 0.000 0.000 0.074 0.000 0.000 0.448 0.000 0.058 0.465 0.000 1.747 0.000 0.946 0.000 0.058 0.077 0.087 0.000 1.579 1.104 0.000 0.000 1.311 0.000 0.000 0.000 0.000 1.218 0.000 0.000 5.487 0.000 3.724 0.000 0.000 0.000 0.836 0.000 0.000 0.752 
1 test1dax_inconsistent 0.000 0.000 0.074 0.000 0.000 0.448 0.000 0.058 0.465 0.000 1.747 0.000 0.946 0.000 0.058 0.077 0.087 0.000 1.579 1.104 0.000 0.000 0.000 0.000 0.000 0.057 0.000 0.878 0.000 0.000 1.355 0.000 1.687 0.000 0.000 0.095 0.916 0.000 0.536 0.000 
0 test1dax_consistent 1.722 0.823 0.000 0.000 0.050 0.237 0.010 0.052 0.000 0.000 0.000 0.240 0.827 1.326 0.147 0.246 0.018 0.000 0.543 1.492 0.149 2.953 0.000 0.921 0.000 0.000 0.000 1.487 0.848 0.207 0.000 3.646 2.286 0.000 0.000 0.282 0.000 0.000 3.117 2.629 
1 test1dax_inconsistent 1.722 0.823 0.000 0.000 0.050 0.237 0.010 0.052 0.000 0.000 0.000 0.240 0.827 1.326 0.147 0.246 0.018 0.000 0.543 1.492 1.166 0.333 0.000 0.000 0.100 0.000 0.000 0.921 0.000 0.356 0.000 1.645 0.989 0.100 0.148 0.677 0.000 0.000 1.466 0.417 
0 test1dax_consistent 0.055 0.317 0.439 0.000 0.094 0.067 0.000 0.107 0.000 0.430 0.000 1.127 2.510 0.000 0.000 0.765 0.000 0.000 0.000 0.699 0.000 3.229 0.550 0.000 0.000 0.000 0.000 1.329 0.018 2.219 0.000 1.610 1.544 0.000 4.055 3.648 0.000 1.314 0.264 0.003 
1 test1dax_inconsistent 0.055 0.317 0.439 0.000 0.094 0.067 0.000 0.107 0.000 0.430 0.000 1.127 2.510 0.000 0.000 0.765 0.000 0.000 0.000 0.699 0.000 0.495 0.000 0.000 0.209 0.490 0.000 1.179 0.000 0.085 0.027 0.941 0.286 0.000 0.776 1.540 0.000 0.642 0.503 0.597 
0 test1dax_consistent 0.435 0.000 0.146 0.441 1.042 0.172 0.171 0.000 1.135 0.873 0.039 0.000 1.192 1.082 0.000 0.000 1.970 0.000 0.000 0.107 1.107 0.000 0.877 4.182 2.508 0.533 4.141 1.680 0.805 1.467 0.063 0.000 0.000 0.000 0.000 0.000 2.351 0.000 0.000 1.780 
1 test1dax_inconsistent 0.435 0.000 0.146 0.441 1.042 0.172 0.171 0.000 1.135 0.873 0.039 0.000 1.192 1.082 0.000 0.000 1.970 0.000 0.000 0.107 0.000 0.000 0.828 1.449 0.893 0.152 1.024 0.250 0.000 0.316 0.000 0.000 0.305 0.228 0.000 0.907 1.092 0.000 0.000 0.895 
0 test1dax_consistent 0.000 0.453 0.000 0.759 0.000 0.000 1.662 1.222 0.172 0.557 1.535 0.000 0.000 0.000 0.000 0.252 1.390 0.000 0.010 1.033 0.000 1.324 0.000 0.221 0.000 3.513 2.021 4.405 0.000 0.000 0.000 0.000 0.000 0.000 0.000 0.000 3.951 0.000 0.000 0.000 
1 test1dax_inconsistent 0.000 0.453 0.000 0.759 0.000 0.000 1.662 1.222 0.172 0.557 1.535 0.000 0.000 0.000 0.000 0.252 1.390 0.000 0.010 1.033 0.109 0.000 0.000 0.984 0.000 0.911 0.921 0.991 0.142 0.286 0.000 0.000 0.000 0.000 0.000 0.000 1.193 0.000 0.029 0.000 
0 test1dax_consistent 0.000 0.223 0.000 0.000 0.298 0.000 0.000 0.071 1.749 0.000 0.000 0.000 0.000 0.414 2.322 0.000 0.152 0.136 0.000 1.467 0.000 0.000 0.382 0.093 2.999 0.000 0.911 0.852 1.716 0.149 0.000 0.000 0.000 6.087 0.535 0.000 1.790 0.000 0.000 0.000 
1 test1dax_inconsistent 0.000 0.223 0.000 0.000 0.298 0.000 0.000 0.071 1.749 0.000 0.000 0.000 0.000 0.414 2.322 0.000 0.152 0.136 0.000 1.467 0.000 0.004 0.000 0.578 1.156 0.000 0.028 0.000 0.145 0.086 0.000 0.000 0.000 1.794 0.620 0.000 1.325 0.000 0.000 0.000 
0 test1dax_consistent 0.845 0.000 0.286 0.565 0.000 0.888 0.386 1.381 1.840 0.106 0.000 0.000 0.455 0.221 0.971 0.000 1.073 0.290 0.452 0.000 0.000 0.000 3.258 0.000 0.693 1.649 0.000 0.000 0.000 0.636 0.295 3.757 2.276 1.285 0.000 0.000 2.152 0.000 0.697 1.072 
1 test1dax_inconsistent 0.845 0.000 0.286 0.565 0.000 0.888 0.386 1.381 1.840 0.106 0.000 0.000 0.455 0.221 0.971 0.000 1.073 0.290 0.452 0.000 0.000 0.000 0.308 0.000 0.465 0.155 0.255 0.000 0.411 0.589 0.000 0.849 1.278 0.307 0.360 0.238 0.259 0.000 0.834 0.278 
0 test1dax_consistent 1.403 0.000 0.000 0.620 0.148 0.000 0.000 0.000 1.625 0.169 0.000 0.046 0.000 0.393 0.741 0.786 1.207 0.000 0.504 0.610 1.691 0.000 1.326 1.795 0.000 0.000 0.000 0.000 0.000 0.000 0.000 0.022 4.715 0.620 0.132 0.000 0.000 0.000 0.000 3.387 
1 test1dax_inconsistent 1.403 0.000 0.000 0.620 0.148 0.000 0.000 0.000 1.625 0.169 0.000 0.046 0.000 0.393 0.741 0.786 1.207 0.000 0.504 0.610 0.015 0.000 1.339 1.636 0.000 0.000 0.398 0.000 0.025 0.000 0.000 0.000 1.002 0.469 0.240 0.000 0.000 0.000 0.000 0.567 
0 test1dax_consistent 0.130 0.000 0.213 0.000 0.000 1.597 0.000 0.151 1.459 0.051 0.000 0.188 0.264 0.735 0.728 1.116 0.523 0.000 0.000 0.921 3.678 2.453 0.000 1.446 0.000 0.000 0.000 1.509 0.000 0.000 1.645 0.404 0.000 2.859 0.000 0.000 0.000 0.000 0.000 2.884 
1 test1dax_inconsistent 0.130 0.000 0.213 0.000 0.000 1.597 0.000 0.151 1.459 0.051 0.000 0.188 0.264 0.735 0.728 1.116 0.523 0.000 0.000 0.921 1.112 0.958 0.182 0.521 0.000 0.000 0.000 1.755 0.000 0.000 0.745 0.255 0.439 0.601 0.000 0.000 0.000 0.000 0.000 0.156 
0 test1dax_consistent 0.000 0.080 0.130 0.158 0.000 1.122 0.000 0.394 0.000 0.000 0.268 0.480 0.000 0.030 0.483 0.055 1.197 1.229 2.175 0.000 0.000 0.902 0.000 0.032 0.000 0.000 2.117 1.046 3.113 0.000 0.000 4.145 0.000 1.657 0.809 0.000 1.135 1.774 3.284 0.000 
1 test1dax_inconsistent 0.000 0.080 0.130 0.158 0.000 1.122 0.000 0.394 0.000 0.000 0.268 0.480 0.000 0.030 0.483 0.055 1.197 1.229 2.175 0.000 0.134 0.280 0.022 0.122 0.000 0.809 0.330 0.299 0.879 0.000 0.000 1.240 0.000 0.514 1.069 0.000 0.000 0.000 0.731 0.000 
0 test1dax_consistent 0.640 0.908 0.000 0.000 0.000 1.437 0.940 0.000 0.473 0.083 0.915 0.105 1.421 0.000 0.000 0.783 1.137 0.000 0.000 0.957 0.000 2.317 0.000 0.000 3.906 0.797 3.637 0.000 0.021 0.061 0.000 1.022 0.047 0.776 0.000 1.331 0.000 0.000 0.609 3.826 
1 test1dax_inconsistent 0.640 0.908 0.000 0.000 0.000 1.437 0.940 0.000 0.473 0.083 0.915 0.105 1.421 0.000 0.000 0.783 1.137 0.000 0.000 0.957 0.041 0.701 0.000 0.000 0.896 0.000 0.705 0.000 0.003 0.230 0.208 0.689 0.000 0.000 0.000 0.936 0.754 0.000 0.659 0.851 
0 test1dax_consistent 0.000 1.103 1.245 1.218 0.040 0.942 1.755 0.000 0.020 0.275 0.051 0.000 0.000 0.000 0.000 0.345 0.203 0.000 0.000 0.000 0.000 0.000 2.520 3.502 0.665 2.092 0.000 3.713 0.254 0.000 0.000 0.534 3.636 0.000 0.000 0.000 0.000 0.000 0.022 0.000 
1 test1dax_inconsistent 0.000 1.103 1.245 1.218 0.040 0.942 1.755 0.000 0.020 0.275 0.051 0.000 0.000 0.000 0.000 0.345 0.203 0.000 0.000 0.000 0.000 0.000 0.544 1.557 0.170 1.268 0.000 0.872 0.335 0.000 0.000 0.000 0.531 0.000 0.000 0.000 0.000 0.000 0.000 0.000 
0 test1dax_consistent 0.682 0.000 0.160 2.220 0.185 0.000 0.000 0.000 2.129 0.000 0.000 0.000 0.000 0.276 0.592 0.061 0.000 0.000 0.897 0.292 0.421 3.304 0.000 0.000 0.000 0.000 4.308 0.165 0.000 0.000 0.000 0.000 1.330 0.000 3.291 0.000 1.926 0.000 3.308 0.000 
1 test1dax_inconsistent 0.682 0.000 0.160 2.220 0.185 0.000 0.000 0.000 2.129 0.000 0.000 0.000 0.000 0.276 0.592 0.061 0.000 0.000 0.897 0.292 0.496 1.578 0.000 0.000 0.000 0.000 1.529 0.083 0.244 0.000 0.000 0.088 0.883 0.093 0.511 0.000 1.891 0.000 0.731 0.014 
0 test1dax_consistent 1.369 0.000 1.026 0.874 0.000 0.000 0.000 0.770 0.309 0.000 0.025 0.044 0.000 1.170 0.000 0.188 1.118 1.921 0.000 0.000 0.000 0.000 3.358 4.045 0.000 0.000 0.218 1.297 2.627 0.000 0.000 0.000 0.082 0.000 0.000 0.000 3.200 0.394 0.000 4.713 
1 test1dax_inconsistent 1.369 0.000 1.026 0.874 0.000 0.000 0.000 0.770 0.309 0.000 0.025 0.044 0.000 1.170 0.000 0.188 1.118 1.921 0.000 0.000 0.000 0.137 0.442 1.609 0.000 0.000 0.285 1.038 1.457 0.000 0.433 0.000 0.000 0.000 0.000 0.161 0.945 0.477 0.000 1.260 
0 test1dax_consistent 1.481 1.143 0.000 0.000 0.000 0.000 0.922 0.154 0.167 0.000 1.126 0.316 0.000 0.074 0.647 0.851 0.165 0.865 1.418 0.000 0.004 2.345 0.000 0.000 0.000 0.000 4.208 0.000 0.000 4.619 2.579 0.946 0.242 0.000 1.361 0.000 0.303 0.000 0.258 0.000 
1 test1dax_inconsistent 1.481 1.143 0.000 0.000 0.000 0.000 0.922 0.154 0.167 0.000 1.126 0.316 0.000 0.074 0.647 0.851 0.165 0.865 1.418 0.000 0.882 1.310 0.000 0.000 0.000 0.000 0.190 0.420 0.000 1.634 0.938 0.419 0.282 0.000 1.252 0.038 0.252 0.000 0.119 0.000 
0 test1dax_consistent 0.027 0.000 0.102 0.026 0.326 0.000 1.951 1.108 0.000 0.110 0.000 0.109 0.000 0.000 0.202 0.000 2.033 0.000 0.000 0.183 0.000 0.000 1.454 1.939 0.000 0.000 0.000 0.000 0.053 0.231 0.000 6.407 0.000 0.000 0.000 0.000 1.168 0.000 0.000 0.000 
1 test1dax_inconsistent 0.027 0.000 0.102 0.026 0.326 0.000 1.951 1.108 0.000 0.110 0.000 0.109 0.000 0.000 0.202 0.000 2.033 0.000 0.000 0.183 0.000 0.143 1.369 1.805 0.000 0.048 0.000 0.092 0.000 0.538 0.000 1.483 0.072 0.000 0.000 0.000 0.901 0.000 0.168 0.000 
0 test1dax_consistent 0.396 0.979 1.328 0.307 0.895 0.191 0.105 0.000 0.773 0.000 1.192 1.329 0.000 0.192 0.000 0.782 0.000 0.207 1.098 0.000 1.399 2.945 0.000 0.297 0.000 0.000 0.222 0.170 0.000 0.500 4.155 0.638 0.000 1.665 3.761 0.435 0.000 1.038 0.000 0.000 
1 test1dax_inconsistent 0.396 0.979 1.328 0.307 0.895 0.191 0.105 0.000 0.773 0.000 1.192 1.329 0.000 0.192 0.000 0.782 0.000 0.207 1.098 0.000 0.951 0.000 0.000 0.524 0.000 0.632 0.316 0.546 0.000 0.308 1.726 0.000 0.000 1.020 0.514 0.031 0.000 0.071 0.000 0.000 
0 test1dax_consistent 0.000 1.100 0.610 0.000 1.565 0.000 1.074 0.000 0.041 0.000 0.098 0.000 1.857 0.100 0.919 0.096 0.000 0.000 1.050 0.000 0.000 2.275 0.000 0.000 0.000 3.853 0.891 0.000 0.815 1.585 2.032 0.000 0.835 0.000 0.214 0.000 0.566 4.959 1.150 1.342 
1 test1dax_inconsistent 0.000 1.100 0.610 0.000 1.565 0.000 1.074 0.000 0.041 0.000 0.098 0.000 1.857 0.100 0.919 0.096 0.000 0.000 1.050 0.000 0.000 1.084 0.170 0.000 0.000 1.284 0.177 0.000 0.127 0.076 1.637 0.000 0.000 0.138 0.164 0.000 0.188 1.001 0.545 1.355 
0 test1dax_consistent 0.188 0.626 0.000 0.000 0.000 0.104 0.459 0.981 1.454 0.365 0.937 0.000 1.066 0.441 0.000 0.000 0.677 0.000 0.882 0.000 2.436 0.654 0.000 0.000 0.000 3.297 0.000 2.504 0.000 3.077 0.000 0.000 0.000 0.218 0.000 1.430 0.000 0.017 0.000 3.918 
1 test1dax_inconsistent 0.188 0.626 0.000 0.000 0.000 0.104 0.459 0.981 1.454 0.365 0.937 0.000 1.066 0.441 0.000 0.000 0.677 0.000 0.882 0.000 0.206 0.986 0.000 0.000 0.000 0.266 0.072 0.415 0.417 1.414 0.086 0.305 0.000 0.857 0.000 1.510 0.438 0.067 0.000 1.222 
0 test1dax_consistent 0.182 0.940 1.440 1.435 1.082 1.377 0.000 0.275 0.000 0.000 0.000 0.000 1.122 0.484 0.000 0.000 0.000 0.985 0.278 0.000 0.417 2.435 1.732 0.000 0.000 0.000 0.000 0.000 0.000 1.206 2.002 0.000 2.832 2.759 0.000 0.000 5.573 2.006 0.000 0.000 
1 test1dax_inconsistent 0.182 0.940 1.440 1.435 1.082 1.377 0.000 0.275 0.000 0.000 0.000 0.000 1.122 0.484 0.000 0.000 0.000 0.985 0.278 0.000 0.126 1.376 0.984 0.000 0.000 0.419 0.000 0.134 0.265 0.106 1.437 0.118 0.343 0.752 0.130 0.000 1.427 0.629 0.000 0.000 
0 test1dax_consistent 0.919 1.408 0.912 0.000 0.373 0.128 0.943 0.000 0.000 0.722 0.000 0.000 0.659 0.000 1.167 1.274 0.011 0.247 0.000 0.028 1.024 0.000 0.000 0.000 1.361 0.423 0.045 0.000 1.060 0.000 2.692 0.006 5.107 0.000 0.000 0.000 1.270 0.000 0.000 0.015 
1 test1dax_inconsistent 0.919 1.408 0.912 0.000 0.373 0.128 0.943 0.000 0.000 0.722 0.000 0.000 0.659 0.000 1.167 1.274 0.011 0.247 0.000 0.028 0.561 0.469 0.468 0.000 0.750 0.348 0.383 0.000 0.000 0.000 1.500 0.079 0.575 0.309 0.286 0.098 1.131 0.000 0.082 0.017 
0 test1dax_consistent 0.401 1.509 0.782 0.000 0.000 0.000 0.000 0.369 0.000 0.000 0.996 0.292 0.874 0.685 0.000 1.503 0.233 0.565 0.000 1.731 0.442 1.037 0.000 1.388 0.000 3.048 0.000 0.000 0.000 0.384 1.226 0.000 2.768 0.000 4.692 1.540 0.000 1.127 0.000 0.000 
1 test1dax_inconsistent 0.401 1.509 0.782 0.000 0.000 0.000 0.000 0.369 0.000 0.000 0.996 0.292 0.874 0.685 0.000 1.503 0.233 0.565 0.000 1.731 0.000 0.648 0.000 0.629 0.000 1.174 0.049 0.000 0.000 0.303 0.292 0.000 0.000 0.462 0.912 0.086 0.110 0.507 0.102 0.483 
0 test1dax_consistent 0.000 1.270 0.000 0.439 0.000 1.907 0.046 0.268 0.932 0.000 0.000 0.660 0.000 0.000 1.154 0.489 0.000 0.796 1.105 0.385 0.000 1.071 0.000 0.000 0.000 1.734 1.144 0.000 5.085 0.000 0.000 1.869 0.000 0.000 0.475 0.677 0.000 1.927 4.514 0.000 
1 test1dax_inconsistent 0.000 1.270 0.000 0.439 0.000 1.907 0.046 0.268 0.932 0.000 0.000 0.660 0.000 0.000 1.154 0.489 0.000 0.796 1.105 0.385 0.000 1.062 0.000 0.099 0.338 0.442 0.997 0.243 1.300 0.000 0.000 1.507 0.000 0.000 0.360 0.000 0.477 0.154 1.743 0.318 
0 test1dax_consistent 1.384 0.000 2.070 1.939 0.288 0.506 0.000 0.000 1.669 0.000 0.000 0.000 0.308 0.000 0.509 0.000 0.000 0.347 0.000 0.000 1.647 2.498 5.684 0.702 0.000 0.045 0.000 0.000 0.274 0.000 0.000 0.176 0.000 0.006 0.000 2.681 0.000 1.303 0.000 0.000 
1 test1dax_inconsistent 1.384 0.000 2.070 1.939 0.288 0.506 0.000 0.000 1.669 0.000 0.000 0.000 0.308 0.000 0.509 0.000 0.000 0.347 0.000 0.000 0.000 1.226 1.548 0.173 0.800 0.006 0.000 0.000 0.000 0.024 0.000 0.315 0.000 0.146 0.500 1.200 0.083 2.156 0.000 0.000 
0 test1dax_consistent 2.356 1.068 1.313 0.709 0.360 0.529 0.000 0.000 0.000 0.158 0.000 0.000 0.172 0.000 0.023 0.218 0.000 0.578 0.000 0.000 5.063 0.120 3.368 0.556 0.000 1.489 0.000 0.000 0.000 0.000 0.000 0.000 2.297 0.022 4.062 2.344 0.000 0.974 0.000 0.000 
1 test1dax_inconsistent 2.356 1.068 1.313 0.709 0.360 0.529 0.000 0.000 0.000 0.158 0.000 0.000 0.172 0.000 0.023 0.218 0.000 0.578 0.000 0.000 1.618 0.076 0.589 0.388 0.000 0.000 0.000 0.000 0.000 0.000 0.000 0.000 1.512 0.339 1.693 0.953 0.000 0.000 0.000 0.000 
0 test1dax_consistent 0.000 0.198 0.763 0.195 0.000 0.317 0.230 0.842 1.537 0.000 0.899 0.405 0.423 0.000 1.785 0.234 0.000 0.174 0.981 0.005 0.000 0.000 0.000 1.276 0.000 3.863 0.000 0.000 0.000 1.916 1.491 1.709 0.000 0.000 0.000 0.330 0.000 0.000 4.920 0.000 
1 test1dax_inconsistent 0.000 0.198 0.763 0.195 0.000 0.317 0.230 0.842 1.537 0.000 0.899 0.405 0.423 0.000 1.785 0.234 0.000 0.174 0.981 0.005 0.000 0.000 0.000 0.342 0.094 2.055 0.000 0.000 0.364 0.000 1.635 0.000 0.279 0.063 0.000 0.564 0.000 0.000 0.896 0.000 
0 test1dax_consistent 0.000 2.890 0.103 0.928 0.000 0.000 0.000 0.000 0.000 0.000 0.213 0.000 0.743 0.000 0.049 0.000 0.000 0.000 0.865 0.881 0.000 4.431 0.047 0.252 0.000 0.000 0.000 0.000 0.908 0.000 2.577 1.502 2.298 0.000 0.000 0.000 3.525 0.000 0.000 0.000 
1 test1dax_inconsistent 0.000 2.890 0.103 0.928 0.000 0.000 0.000 0.000 0.000 0.000 0.213 0.000 0.743 0.000 0.049 0.000 0.000 0.000 0.865 0.881 0.000 1.021 0.418 0.548 0.000 0.241 0.000 0.000 0.000 0.000 1.824 0.074 0.722 0.000 0.073 0.000 1.204 0.000 0.000 0.000 
0 test1dax_consistent 0.944 0.000 0.000 0.000 1.699 0.396 0.451 0.462 1.935 0.000 0.000 1.650 1.160 0.000 0.000 0.327 0.000 0.000 0.000 0.000 0.297 0.000 0.000 0.000 0.666 0.000 2.113 0.294 1.603 0.788 0.000 3.717 0.000 0.000 0.000 0.000 4.079 3.794 0.275 0.000 
1 test1dax_inconsistent 0.944 0.000 0.000 0.000 1.699 0.396 0.451 0.462 1.935 0.000 0.000 1.650 1.160 0.000 0.000 0.327 0.000 0.000 0.000 0.000 0.902 0.000 0.000 0.000 0.000 0.000 0.594 1.166 1.374 0.000 0.022 0.619 0.000 0.081 0.000 0.000 1.279 0.971 0.342 0.000 
0 test1dax_consistent 0.747 0.000 1.466 0.876 1.653 0.000 0.205 1.329 0.000 0.836 0.958 0.000 0.194 0.058 0.000 0.000 0.012 0.483 0.118 0.000 0.000 0.000 3.310 0.000 3.547 0.000 0.000 0.000 0.000 1.983 0.000 0.000 0.000 4.281 0.000 0.000 0.000 0.000 2.654 0.000 
1 test1dax_inconsistent 0.747 0.000 1.466 0.876 1.653 0.000 0.205 1.329 0.000 0.836 0.958 0.000 0.194 0.058 0.000 0.000 0.012 0.483 0.118 0.000 0.000 0.000 0.907 0.122 0.349 0.000 0.248 0.493 0.000 0.460 0.000 0.000 0.000 2.396 0.000 0.914 0.273 0.000 0.613 0.044 
0 test1dax_consistent 1.320 0.000 2.438 0.753 0.089 0.000 0.106 0.687 0.360 0.001 0.000 0.416 0.065 0.000 0.000 0.000 0.258 0.000 0.567 0.353 2.285 0.000 2.966 0.368 0.119 0.000 0.000 0.000 0.816 0.000 0.000 0.000 5.333 0.000 1.741 1.536 0.000 0.000 0.000 0.000 
1 test1dax_inconsistent 1.320 0.000 2.438 0.753 0.089 0.000 0.106 0.687 0.360 0.001 0.000 0.416 0.065 0.000 0.000 0.000 0.258 0.000 0.567 0.353 0.922 0.000 0.000 1.489 0.581 0.300 0.000 0.000 0.000 0.000 0.133 0.000 1.359 0.000 0.893 0.322 0.000 0.000 0.000 0.000 
0 test1dax_consistent 0.017 0.000 0.090 0.755 0.000 1.843 0.000 1.691 0.155 1.478 0.000 0.000 0.000 0.000 0.001 0.257 0.470 0.000 0.000 0.055 3.938 0.000 0.569 0.000 1.647 0.000 0.000 2.442 2.070 0.000 0.296 0.000 0.455 0.000 2.169 1.808 2.589 0.015 0.000 2.681 
1 test1dax_inconsistent 0.017 0.000 0.090 0.755 0.000 1.843 0.000 1.691 0.155 1.478 0.000 0.000 0.000 0.000 0.001 0.257 0.470 0.000 0.000 0.055 0.941 0.048 0.286 0.013 0.590 0.000 0.000 0.617 0.244 0.589 0.790 0.126 0.014 0.000 0.658 0.587 1.170 0.429 0.000 1.362 
0 test1dax_consistent 1.351 0.000 0.260 0.238 0.000 1.608 0.000 1.802 0.004 0.000 0.586 0.415 0.004 0.618 0.290 1.203 0.000 0.112 0.096 0.094 2.272 0.000 0.000 0.000 0.000 0.000 0.000 0.000 0.000 0.000 0.000 0.000 3.243 0.347 2.811 5.227 0.917 0.000 0.000 0.000 
1 test1dax_inconsistent 1.351 0.000 0.260 0.238 0.000 1.608 0.000 1.802 0.004 0.000 0.586 0.415 0.004 0.618 0.290 1.203 0.000 0.112 0.096 0.094 0.714 0.000 0.000 0.043 0.000 0.043 0.000 0.000 0.000 0.194 0.384 0.000 2.175 1.287 1.385 1.437 0.000 0.000 0.000 0.000 
0 test1dax_consistent 0.000 0.511 0.000 0.617 0.000 1.013 1.794 0.072 0.000 1.737 0.019 0.000 1.546 0.787 0.000 0.000 0.000 0.000 0.000 0.000 0.000 0.000 4.456 0.000 0.000 0.574 0.000 2.189 0.295 0.000 0.488 0.000 0.881 0.266 0.000 0.000 0.686 4.609 0.274 1.834 
1 test1dax_inconsistent 0.000 0.511 0.000 0.617 0.000 1.013 1.794 0.072 0.000 1.737 0.019 0.000 1.546 0.787 0.000 0.000 0.000 0.000 0.000 0.000 0.000 0.426 1.023 0.000 0.000 0.512 0.000 0.424 0.354 0.000 0.868 0.000 0.000 0.668 0.000 0.000 0.368 1.133 0.727 0.591 
0 test1dax_consistent 0.000 2.063 0.000 0.489 0.000 0.448 0.000 0.004 0.000 0.000 1.652 0.000 0.000 0.197 0.466 1.532 0.000 0.168 0.168 0.000 0.000 1.917 0.000 5.076 0.307 0.000 0.000 0.000 0.000 0.750 1.172 0.000 0.626 1.699 2.125 0.000 3.329 0.000 0.000 0.000 
1 test1dax_inconsistent 0.000 2.063 0.000 0.489 0.000 0.448 0.000 0.004 0.000 0.000 1.652 0.000 0.000 0.197 0.466 1.532 0.000 0.168 0.168 0.000 0.000 0.000 0.000 1.356 0.074 0.000 0.000 0.000 0.000 0.410 0.000 0.000 0.185 0.689 0.511 0.000 1.727 0.000 0.853 0.091 
0 test1dax_consistent 0.535 0.000 0.149 1.132 0.187 1.428 0.000 0.000 0.000 0.225 0.000 0.276 0.011 0.695 0.806 0.220 0.000 0.477 2.038 0.217 3.566 3.440 2.499 0.295 0.000 0.000 0.000 0.000 0.416 0.000 0.000 0.000 1.787 0.000 0.154 0.000 0.000 0.000 2.478 0.000 
1 test1dax_inconsistent 0.535 0.000 0.149 1.132 0.187 1.428 0.000 0.000 0.000 0.225 0.000 0.276 0.011 0.695 0.806 0.220 0.000 0.477 2.038 0.217 1.332 1.121 1.390 0.515 0.341 0.000 0.000 0.000 0.385 0.000 0.000 0.043 0.259 0.277 0.639 0.000 0.019 0.000 0.000 0.000 
0 test1dax_consistent 1.367 0.000 0.000 0.000 0.288 0.000 1.423 1.140 0.000 1.838 0.000 0.000 0.000 0.000 0.357 0.000 1.180 0.005 0.226 0.383 0.000 0.000 0.000 0.000 0.906 0.870 0.000 0.000 5.309 3.679 0.000 0.000 0.000 0.214 0.000 1.048 1.897 0.000 0.000 1.357 
1 test1dax_inconsistent 1.367 0.000 0.000 0.000 0.288 0.000 1.423 1.140 0.000 1.838 0.000 0.000 0.000 0.000 0.357 0.000 1.180 0.005 0.226 0.383 0.001 0.000 0.140 0.000 1.138 0.000 0.277 0.315 1.486 0.088 0.000 0.000 0.000 0.145 0.000 0.000 0.860 0.000 0.000 0.822 
