0 test2fip_consistent left_hidden
0.000 2.519 0.000 0.442 1.685 0.000 0.000 0.122 0.323 2.529 0.000 0.000 0.000 0.000 0.000 3.320 0.000 0.000 0.237 2.327 
0 test2fip_consistent right_hidden
0.000 0.419 0.000 0.000 0.279 0.000 0.000 0.000 0.054 1.546 0.000 0.000 0.000 3.053 0.017 0.088 0.000 0.000 1.811 0.498 
---
1 test2fip_inconsistent left_hidden
0.000 2.519 0.000 0.442 1.685 0.000 0.000 0.122 0.323 2.529 0.000 0.000 0.000 0.000 0.000 3.320 0.000 0.000 0.237 2.327 
1 test2fip_inconsistent right_hidden
0.000 2.566 0.000 0.000 1.293 0.000 0.000 0.000 0.689 4.020 0.354 0.000 0.000 2.257 0.933 2.864 0.000 0.000 0.903 0.365 
---
0 test2fip_consistent left_hidden
4.430 0.000 1.863 2.046 0.000 1.229 0.392 1.548 0.019 0.000 0.173 2.243 0.000 0.480 0.000 0.010 0.000 0.000 0.000 0.000 
0 test2fip_consistent right_hidden
0.549 0.000 0.000 0.000 0.000 0.000 3.791 0.000 0.036 0.000 2.346 0.000 0.000 0.000 0.076 0.078 0.000 0.000 0.679 1.036 
---
1 test2fip_inconsistent left_hidden
4.430 0.000 1.863 2.046 0.000 1.229 0.392 1.548 0.019 0.000 0.173 2.243 0.000 0.480 0.000 0.010 0.000 0.000 0.000 0.000 
1 test2fip_inconsistent right_hidden
4.329 0.000 0.408 0.000 0.000 0.000 4.840 0.524 0.012 0.000 0.812 2.574 0.000 0.000 0.104 0.000 0.000 0.000 0.385 0.825 
---
0 test2fip_consistent left_hidden
0.000 0.799 1.707 0.857 0.000 1.006 0.000 2.372 2.100 1.452 1.668 0.007 1.379 0.000 0.603 1.238 0.482 0.046 2.004 0.000 
0 test2fip_consistent right_hidden
0.708 0.019 0.187 1.554 0.000 0.041 0.000 0.114 0.461 0.336 2.126 0.341 1.101 0.089 0.549 2.759 0.000 0.000 0.134 0.000 
---
1 test2fip_inconsistent left_hidden
0.000 0.799 1.707 0.857 0.000 1.006 0.000 2.372 2.100 1.452 1.668 0.007 1.379 0.000 0.603 1.238 0.482 0.046 2.004 0.000 
1 test2fip_inconsistent right_hidden
0.526 0.000 1.969 1.744 0.000 0.593 0.000 2.766 1.132 0.563 3.103 0.242 1.917 1.414 1.053 2.600 0.442 0.000 2.151 0.000 
---
0 test2fip_consistent left_hidden
0.000 0.000 0.000 0.000 1.869 1.228 0.000 2.419 0.000 2.731 0.023 0.000 0.000 1.455 1.003 0.000 0.583 2.992 0.625 0.000 
0 test2fip_consistent right_hidden
0.396 0.000 0.019 0.000 3.159 0.450 0.889 0.240 1.778 0.939 0.000 1.188 0.984 0.252 1.436 0.000 0.000 0.173 0.000 0.000 
---
1 test2fip_inconsistent left_hidden
0.000 0.000 0.000 0.000 1.869 1.228 0.000 2.419 0.000 2.731 0.023 0.000 0.000 1.455 1.003 0.000 0.583 2.992 0.625 0.000 
1 test2fip_inconsistent right_hidden
0.094 0.000 0.000 0.000 4.322 0.000 0.000 2.526 0.995 2.613 0.000 0.593 0.565 3.057 1.654 0.000 0.000 3.136 0.106 0.000 
---
0 test2fip_consistent left_hidden
1.871 0.073 0.000 0.000 1.491 1.753 1.214 2.400 0.367 0.000 0.123 0.135 0.081 0.369 0.000 0.177 0.000 1.331 4.005 0.351 
0 test2fip_consistent right_hidden
0.920 0.057 0.000 0.198 0.241 0.000 0.266 0.442 1.550 0.835 2.048 0.216 0.032 0.365 1.327 0.608 1.870 0.121 0.139 2.447 
---
1 test2fip_inconsistent left_hidden
1.871 0.073 0.000 0.000 1.491 1.753 1.214 2.400 0.367 0.000 0.123 0.135 0.081 0.369 0.000 0.177 0.000 1.331 4.005 0.351 
1 test2fip_inconsistent right_hidden
1.820 0.000 0.000 0.000 0.352 0.554 1.628 2.546 1.345 0.740 2.151 0.363 0.000 2.055 1.306 0.448 0.716 2.264 2.811 1.994 
---
0 test2fip_consistent left_hidden
2.809 2.808 3.308 0.000 0.583 0.000 0.042 0.000 0.000 0.000 0.000 0.007 0.000 3.588 0.000 0.000 0.593 0.000 0.000 0.000 
0 test2fip_consistent right_hidden
0.000 0.000 0.174 0.000 2.131 0.468 0.319 0.386 2.195 0.184 0.631 0.087 0.008 1.043 0.046 2.409 1.302 0.538 0.001 0.000 
---
1 test2fip_inconsistent left_hidden
2.809 2.808 3.308 0.000 0.583 0.000 0.042 0.000 0.000 0.000 0.000 0.007 0.000 3.588 0.000 0.000 0.593 0.000 0.000 0.000 
1 test2fip_inconsistent right_hidden
1.797 1.067 1.876 0.000 2.641 0.094 1.427 0.370 1.113 0.000 0.357 0.000 0.000 4.722 0.091 2.243 0.781 1.181 0.000 0.000 
---
0 test2fip_consistent left_hidden
0.000 3.935 0.000 0.089 0.000 0.000 0.000 0.000 0.000 0.000 0.185 0.000 3.307 0.000 2.482 0.839 1.394 0.054 0.000 0.000 
0 test2fip_consistent right_hidden
0.000 0.341 0.530 0.787 0.000 2.200 0.000 1.704 1.937 0.098 0.000 0.000 0.558 0.000 0.034 1.155 1.688 1.932 0.649 0.000 
---
1 test2fip_inconsistent left_hidden
0.000 3.935 0.000 0.089 0.000 0.000 0.000 0.000 0.000 0.000 0.185 0.000 3.307 0.000 2.482 0.839 1.394 0.054 0.000 0.000 
1 test2fip_inconsistent right_hidden
0.000 3.179 1.244 0.000 0.000 1.947 0.000 1.435 1.072 0.000 0.000 0.000 3.157 0.000 0.860 2.689 2.963 1.486 0.000 0.000 
---
0 test2fip_consistent left_hidden
2.887 1.406 0.000 1.407 0.696 0.000 1.739 2.226 0.000 0.455 2.455 0.491 0.064 0.500 0.000 1.212 0.359 0.000 0.000 0.000 
0 test2fip_consistent right_hidden
0.224 0.000 0.000 0.672 0.164 0.000 0.810 0.000 0.000 2.120 0.829 0.090 0.000 1.067 0.000 0.000 0.983 1.683 1.392 0.000 
---
1 test2fip_inconsistent left_hidden
2.887 1.406 0.000 1.407 0.696 0.000 1.739 2.226 0.000 0.455 2.455 0.491 0.064 0.500 0.000 1.212 0.359 0.000 0.000 0.000 
1 test2fip_inconsistent right_hidden
2.362 0.403 0.000 1.657 0.358 0.000 2.954 0.000 0.000 2.249 3.354 0.000 0.020 1.099 0.000 2.160 0.469 0.608 0.144 0.000 
---
0 test2fip_consistent left_hidden
0.926 3.061 0.000 0.000 0.000 1.523 0.356 0.000 0.000 3.966 0.000 0.546 0.000 0.000 0.000 0.000 0.000 0.537 0.037 2.737 
0 test2fip_consistent right_hidden
0.754 0.000 0.000 0.000 0.425 0.856 1.078 0.000 0.950 0.000 0.008 1.260 0.000 2.281 1.028 0.000 0.851 2.023 0.551 0.045 
---
1 test2fip_inconsistent left_hidden
0.926 3.061 0.000 0.000 0.000 1.523 0.356 0.000 0.000 3.966 0.000 0.546 0.000 0.000 0.000 0.000 0.000 0.537 0.037 2.737 
1 test2fip_inconsistent right_hidden
1.352 2.571 0.000 0.000 0.000 1.658 2.275 0.000 0.238 2.458 0.000 1.243 0.000 1.827 0.600 0.000 0.544 0.801 0.000 2.606 
---
0 test2fip_consistent left_hidden
0.222 0.000 0.841 0.000 0.000 0.008 0.694 3.441 0.000 0.179 0.000 0.000 0.000 0.512 0.000 1.669 3.752 2.416 0.000 0.165 
0 test2fip_consistent right_hidden
0.298 0.048 0.000 0.000 0.000 0.093 3.266 1.353 0.000 0.595 1.817 0.000 0.000 0.727 0.005 0.201 0.017 0.000 0.000 0.000 
---
1 test2fip_inconsistent left_hidden
0.222 0.000 0.841 0.000 0.000 0.008 0.694 3.441 0.000 0.179 0.000 0.000 0.000 0.512 0.000 1.669 3.752 2.416 0.000 0.165 
1 test2fip_inconsistent right_hidden
0.000 0.000 0.000 0.000 0.000 0.000 2.404 4.750 0.000 0.037 1.215 0.000 0.000 1.721 0.000 0.864 3.197 0.212 0.000 0.000 
---
0 test2fip_consistent left_hidden
1.320 1.540 0.000 0.000 0.056 0.448 1.238 0.000 0.000 0.000 0.000 1.485 0.564 3.093 0.725 0.000 3.587 0.000 0.217 1.314 
0 test2fip_consistent right_hidden
1.732 1.045 0.887 2.313 0.350 0.149 0.046 0.000 0.000 0.000 0.199 0.143 0.725 1.013 0.000 1.748 0.774 0.064 0.093 0.429 
---
1 test2fip_inconsistent left_hidden
1.320 1.540 0.000 0.000 0.056 0.448 1.238 0.000 0.000 0.000 0.000 1.485 0.564 3.093 0.725 0.000 3.587 0.000 0.217 1.314 
1 test2fip_inconsistent right_hidden
1.369 1.923 0.608 1.982 0.000 0.284 1.278 0.000 0.000 0.000 0.080 1.132 0.141 4.193 1.038 1.329 3.079 0.000 0.000 1.369 
---
0 test2fip_consistent left_hidden
0.000 0.000 0.000 0.236 0.827 0.996 0.020 2.149 0.000 0.000 3.648 0.692 2.095 2.402 0.561 1.827 0.222 0.000 1.380 0.000 
0 test2fip_consistent right_hidden
0.000 0.015 1.175 0.872 2.670 0.000 0.000 0.599 0.000 0.000 0.228 0.382 0.327 0.140 0.000 1.928 0.000 1.135 0.454 0.000 
---
1 test2fip_inconsistent left_hidden
0.000 0.000 0.000 0.236 0.827 0.996 0.020 2.149 0.000 0.000 3.648 0.692 2.095 2.402 0.561 1.827 0.222 0.000 1.380 0.000 
1 test2fip_inconsistent right_hidden
0.002 0.000 1.101 0.609 2.164 2.017 0.000 2.529 0.017 0.041 3.394 1.133 1.461 1.746 0.000 3.254 0.000 0.195 0.510 0.000 
---
0 test2fip_consistent left_hidden
0.000 2.013 0.000 2.008 0.064 2.284 0.000 1.905 3.332 0.000 0.000 0.000 0.000 0.000 1.509 0.491 0.000 0.292 0.195 1.156 
0 test2fip_consistent right_hidden
0.000 0.000 0.000 0.120 0.000 1.704 1.459 0.133 0.000 0.000 0.000 1.106 0.000 0.000 1.336 0.630 0.702 1.573 1.551 1.211 
---
1 test2fip_inconsistent left_hidden
0.000 2.013 0.000 2.008 0.064 2.284 0.000 1.905 3.332 0.000 0.000 0.000 0.000 0.000 1.509 0.491 0.000 0.292 0.195 1.156 
1 test2fip_inconsistent right_hidden
0.000 2.886 0.000 2.064 0.000 2.487 0.751 0.657 2.391 0.000 0.000 1.860 0.000 0.000 2.026 0.459 0.000 2.189 0.615 1.355 
---
0 test2fip_consistent left_hidden
1.041 0.000 0.000 1.779 1.577 0.559 0.854 0.000 0.000 0.000 0.000 2.782 0.724 0.172 2.055 0.434 0.838 0.000 0.000 2.106 
0 test2fip_consistent right_hidden
1.261 0.012 0.123 0.000 0.000 1.657 0.014 0.017 0.039 0.463 0.000 0.239 0.285 1.283 1.253 0.149 0.000 2.228 0.207 0.159 
---
1 test2fip_inconsistent left_hidden
1.041 0.000 0.000 1.779 1.577 0.559 0.854 0.000 0.000 0.000 0.000 2.782 0.724 0.172 2.055 0.434 0.838 0.000 0.000 2.106 
1 test2fip_inconsistent right_hidden
0.929 0.000 0.103 0.000 0.920 2.151 0.123 0.000 0.000 0.000 0.000 3.492 1.626 0.179 3.621 0.000 0.010 1.264 0.097 1.743 
---
0 test2fip_consistent left_hidden
0.352 0.200 0.000 0.075 1.008 0.704 0.611 0.000 0.407 2.245 1.550 2.509 0.460 0.072 2.881 1.108 0.000 0.000 0.675 0.000 
0 test2fip_consistent right_hidden
1.816 0.983 0.000 1.228 0.219 1.786 1.364 0.000 0.000 0.026 0.861 0.307 0.344 1.424 0.231 0.620 0.000 1.037 0.045 0.000 
---
1 test2fip_inconsistent left_hidden
0.352 0.200 0.000 0.075 1.008 0.704 0.611 0.000 0.407 2.245 1.550 2.509 0.460 0.072 2.881 1.108 0.000 0.000 0.675 0.000 
1 test2fip_inconsistent right_hidden
1.944 0.379 0.000 0.723 0.689 2.036 1.928 0.000 0.000 1.970 2.966 2.392 0.778 0.855 2.652 0.284 0.000 0.349 0.019 0.000 
---
0 test2fip_consistent left_hidden
0.096 0.000 0.129 0.000 0.000 0.446 2.747 0.000 0.000 2.001 0.000 0.244 1.083 1.670 0.000 3.432 1.855 0.000 0.000 0.000 
0 test2fip_consistent right_hidden
0.128 0.000 0.706 0.000 1.180 1.101 0.608 0.105 2.888 1.411 0.172 1.415 0.713 1.189 0.000 0.405 0.076 0.292 0.000 0.000 
---
1 test2fip_inconsistent left_hidden
0.096 0.000 0.129 0.000 0.000 0.446 2.747 0.000 0.000 2.001 0.000 0.244 1.083 1.670 0.000 3.432 1.855 0.000 0.000 0.000 
1 test2fip_inconsistent right_hidden
0.064 0.000 0.802 0.000 0.817 0.000 2.149 0.818 2.189 3.635 0.000 0.410 1.110 3.171 0.000 3.638 0.283 0.000 0.000 0.000 
---
0 test2fip_consistent left_hidden
3.182 0.000 1.265 0.000 0.000 0.939 0.453 0.000 0.000 0.048 0.441 4.791 0.000 0.000 0.000 0.000 0.000 0.000 1.625 0.000 
0 test2fip_consistent right_hidden
1.220 0.000 0.016 0.066 0.140 0.634 0.139 0.000 0.000 0.000 0.000 1.056 0.129 1.052 0.000 1.685 0.023 0.000 2.545 2.177 
---
1 test2fip_inconsistent left_hidden
3.182 0.000 1.265 0.000 0.000 0.939 0.453 0.000 0.000 0.048 0.441 4.791 0.000 0.000 0.000 0.000 0.000 0.000 1.625 0.000 
1 test2fip_inconsistent right_hidden
2.006 0.000 1.778 0.475 0.766 0.400 0.941 0.000 0.000 0.024 0.000 5.394 0.000 0.272 0.000 1.463 0.000 0.000 1.814 0.592 
---
0 test2fip_consistent left_hidden
0.015 0.000 5.429 0.000 0.000 0.000 0.256 0.000 0.000 0.000 0.000 0.000 0.000 0.385 2.698 0.026 0.100 0.000 0.184 1.429 
0 test2fip_consistent right_hidden
0.000 0.000 0.000 0.000 0.615 0.000 3.766 0.096 0.044 0.000 0.000 0.000 0.000 1.036 1.511 0.000 0.085 0.000 1.789 0.666 
---
1 test2fip_inconsistent left_hidden
0.015 0.000 5.429 0.000 0.000 0.000 0.256 0.000 0.000 0.000 0.000 0.000 0.000 0.385 2.698 0.026 0.100 0.000 0.184 1.429 
1 test2fip_inconsistent right_hidden
0.000 0.000 4.688 0.000 0.353 0.022 3.303 0.000 0.000 0.000 0.000 0.209 0.000 2.449 1.476 0.000 0.000 0.000 1.668 1.941 
---
0 test2fip_consistent left_hidden
0.000 0.248 0.563 0.000 0.000 0.000 2.549 4.803 0.000 0.146 0.205 0.000 0.000 0.599 0.000 0.000 2.500 0.762 0.000 0.000 
0 test2fip_consistent right_hidden
0.000 0.266 0.006 0.000 0.000 0.000 0.012 0.007 0.000 0.000 2.692 1.559 0.000 1.766 0.378 0.000 0.000 1.904 0.000 0.000 
---
1 test2fip_inconsistent left_hidden
0.000 0.248 0.563 0.000 0.000 0.000 2.549 4.803 0.000 0.146 0.205 0.000 0.000 0.599 0.000 0.000 2.500 0.762 0.000 0.000 
1 test2fip_inconsistent right_hidden
0.000 0.097 0.288 0.000 0.000 0.000 1.606 3.651 0.000 0.000 2.746 1.949 0.000 1.548 0.000 0.559 2.616 1.518 0.000 0.000 
---
0 test2fip_consistent left_hidden
1.714 0.000 0.000 0.000 1.746 0.000 1.326 0.000 0.239 0.523 2.779 0.000 0.000 0.000 1.218 2.983 0.207 1.441 0.000 2.081 
0 test2fip_consistent right_hidden
0.000 0.056 0.000 2.808 0.766 0.233 0.174 0.000 0.000 0.443 0.000 1.403 0.251 1.127 0.992 0.285 0.000 0.000 0.000 0.807 
---
1 test2fip_inconsistent left_hidden
1.714 0.000 0.000 0.000 1.746 0.000 1.326 0.000 0.239 0.523 2.779 0.000 0.000 0.000 1.218 2.983 0.207 1.441 0.000 2.081 
1 test2fip_inconsistent right_hidden
0.958 0.000 0.000 1.524 2.276 0.000 1.143 0.000 0.000 0.379 1.917 0.779 0.184 0.388 1.365 3.797 0.000 1.227 0.000 2.175 
---
0 test2fip_consistent left_hidden
1.969 3.603 3.202 0.000 0.000 0.526 0.074 0.000 0.104 1.133 1.311 1.493 0.000 1.454 0.000 0.000 0.303 0.000 0.000 0.502 
0 test2fip_consistent right_hidden
0.890 1.624 0.000 1.461 0.000 0.454 1.420 0.000 0.438 0.076 2.524 0.958 0.808 0.000 2.269 0.000 0.000 0.000 0.000 0.343 
---
1 test2fip_inconsistent left_hidden
1.969 3.603 3.202 0.000 0.000 0.526 0.074 0.000 0.104 1.133 1.311 1.493 0.000 1.454 0.000 0.000 0.303 0.000 0.000 0.502 
1 test2fip_inconsistent right_hidden
0.214 4.713 2.802 1.173 0.000 0.145 1.167 0.000 0.249 0.000 3.075 0.899 0.310 1.900 1.147 0.000 0.000 0.000 0.000 0.588 
---
0 test2fip_consistent left_hidden
0.000 0.680 0.000 2.095 0.984 0.350 0.000 3.245 0.973 2.804 1.087 0.000 0.000 0.000 0.000 0.000 0.411 0.000 0.418 2.548 
0 test2fip_consistent right_hidden
0.000 0.000 0.042 2.941 2.582 0.292 0.000 0.430 1.108 0.155 0.914 0.000 0.000 0.000 0.073 0.000 0.069 1.088 0.000 0.615 
---
1 test2fip_inconsistent left_hidden
0.000 0.680 0.000 2.095 0.984 0.350 0.000 3.245 0.973 2.804 1.087 0.000 0.000 0.000 0.000 0.000 0.411 0.000 0.418 2.548 
1 test2fip_inconsistent right_hidden
0.000 0.000 0.000 3.453 1.905 0.277 0.000 3.560 0.000 2.965 0.592 0.000 0.000 0.000 0.000 0.000 0.032 0.661 0.000 3.262 
---
0 test2fip_consistent left_hidden
0.114 1.322 3.086 0.678 0.000 0.123 1.317 0.000 0.977 1.006 0.000 0.000 0.000 0.000 3.185 1.078 0.000 2.173 0.744 0.819 
0 test2fip_consistent right_hidden
0.259 0.273 0.136 0.729 0.000 0.400 0.138 0.000 0.825 0.675 0.000 0.000 2.237 1.733 0.000 0.492 0.000 0.183 2.461 0.308 
---
1 test2fip_inconsistent left_hidden
0.114 1.322 3.086 0.678 0.000 0.123 1.317 0.000 0.977 1.006 0.000 0.000 0.000 0.000 3.185 1.078 0.000 2.173 0.744 0.819 
1 test2fip_inconsistent right_hidden
0.000 0.129 3.557 0.850 0.000 0.064 1.314 0.000 0.750 1.182 0.000 0.000 2.090 1.460 2.668 0.663 0.000 0.879 2.643 0.220 
---
0 test2fip_consistent left_hidden
0.690 0.000 0.193 0.000 0.000 3.826 1.174 0.000 0.000 0.000 1.560 2.854 0.000 0.000 0.000 0.000 0.000 1.446 1.229 0.000 
0 test2fip_consistent right_hidden
1.211 0.000 2.134 0.844 0.782 0.295 0.117 0.061 0.000 0.000 1.514 0.154 0.898 0.295 0.000 0.207 0.000 2.437 1.333 0.000 
---
1 test2fip_inconsistent left_hidden
0.690 0.000 0.193 0.000 0.000 3.826 1.174 0.000 0.000 0.000 1.560 2.854 0.000 0.000 0.000 0.000 0.000 1.446 1.229 0.000 
1 test2fip_inconsistent right_hidden
2.681 0.000 1.409 0.385 0.097 3.204 0.860 0.000 0.000 0.046 2.586 3.722 0.000 0.639 0.395 0.000 0.000 1.890 2.075 0.000 
---
0 test2fip_consistent left_hidden
0.000 2.402 1.877 1.189 2.407 0.975 2.142 0.000 0.000 0.000 0.000 0.736 0.000 0.582 2.167 0.026 0.000 1.933 0.291 0.000 
0 test2fip_consistent right_hidden
0.000 0.834 0.152 0.000 1.690 0.000 0.657 0.008 0.000 0.033 0.242 0.173 0.642 0.699 0.663 2.117 2.586 0.139 0.000 0.248 
---
1 test2fip_inconsistent left_hidden
0.000 2.402 1.877 1.189 2.407 0.975 2.142 0.000 0.000 0.000 0.000 0.736 0.000 0.582 2.167 0.026 0.000 1.933 0.291 0.000 
1 test2fip_inconsistent right_hidden
0.000 2.939 1.714 0.000 3.114 1.340 2.149 0.000 0.000 0.000 0.000 0.790 0.000 0.112 2.210 1.840 1.506 2.411 0.000 0.000 
---
0 test2fip_consistent left_hidden
0.000 2.205 3.103 1.038 0.465 1.889 1.472 0.000 0.000 0.367 2.745 1.288 2.051 1.436 0.000 0.232 0.000 0.000 0.443 0.000 
0 test2fip_consistent right_hidden
0.000 0.177 0.028 0.148 1.397 0.000 0.000 0.555 0.000 1.408 0.491 0.143 0.923 0.005 0.000 1.992 1.139 0.539 1.167 0.000 
---
1 test2fip_inconsistent left_hidden
0.000 2.205 3.103 1.038 0.465 1.889 1.472 0.000 0.000 0.367 2.745 1.288 2.051 1.436 0.000 0.232 0.000 0.000 0.443 0.000 
1 test2fip_inconsistent right_hidden
0.000 1.973 1.885 0.014 2.595 0.392 0.554 0.000 0.000 1.459 3.717 1.616 1.664 1.410 0.000 0.709 0.605 0.364 0.742 0.000 
---
0 test2fip_consistent left_hidden
0.000 2.445 1.206 0.369 0.000 0.000 0.000 2.973 0.000 0.000 2.619 1.675 1.274 0.000 2.133 0.000 0.189 0.000 0.000 0.000 
0 test2fip_consistent right_hidden
2.004 0.000 0.000 0.527 0.126 0.000 0.154 2.891 1.392 0.000 0.241 0.000 0.597 0.041 0.000 0.108 0.470 1.214 0.000 0.000 
---
1 test2fip_inconsistent left_hidden
0.000 2.445 1.206 0.369 0.000 0.000 0.000 2.973 0.000 0.000 2.619 1.675 1.274 0.000 2.133 0.000 0.189 0.000 0.000 0.000 
1 test2fip_inconsistent right_hidden
0.933 0.872 1.128 0.616 0.000 0.000 1.012 5.080 0.265 0.000 2.739 0.904 2.274 0.041 0.366 0.051 0.421 0.104 0.000 0.000 
---
0 test2fip_consistent left_hidden
0.000 0.373 0.000 3.764 0.882 1.232 0.000 0.918 0.000 0.248 0.000 0.286 1.347 1.733 0.464 0.314 0.507 2.492 0.745 0.927 
0 test2fip_consistent right_hidden
0.000 0.000 0.247 0.000 0.000 0.914 0.028 0.352 0.000 0.000 0.067 0.049 0.552 2.402 0.028 0.781 0.000 0.789 2.066 0.045 
---
1 test2fip_inconsistent left_hidden
0.000 0.373 0.000 3.764 0.882 1.232 0.000 0.918 0.000 0.248 0.000 0.286 1.347 1.733 0.464 0.314 0.507 2.492 0.745 0.927 
1 test2fip_inconsistent right_hidden
0.000 0.000 0.160 3.022 0.000 1.979 0.000 2.160 0.000 0.000 0.000 1.220 1.358 2.762 0.483 0.711 0.000 2.458 1.001 1.220 
---
0 test2fip_consistent left_hidden
1.667 0.000 1.421 0.000 0.706 3.432 2.381 0.000 0.000 0.000 2.302 1.234 1.963 0.034 0.000 0.000 1.228 0.000 0.325 0.000 
0 test2fip_consistent right_hidden
0.000 0.000 1.911 0.000 0.433 0.024 0.080 1.019 0.047 0.000 0.856 0.744 0.941 2.039 0.000 0.000 1.362 0.000 2.726 0.000 
---
1 test2fip_inconsistent left_hidden
1.667 0.000 1.421 0.000 0.706 3.432 2.381 0.000 0.000 0.000 2.302 1.234 1.963 0.034 0.000 0.000 1.228 0.000 0.325 0.000 
1 test2fip_inconsistent right_hidden
0.000 0.000 2.041 0.000 0.856 3.482 0.537 0.000 0.000 0.000 2.904 0.469 2.393 1.350 0.000 0.000 2.442 0.000 1.862 0.000 
---
0 test2fip_consistent left_hidden
0.000 0.063 0.204 0.000 0.000 0.362 0.000 1.471 0.000 0.000 0.000 2.234 0.905 0.000 0.555 1.460 3.659 2.705 1.179 0.151 
0 test2fip_consistent right_hidden
0.421 0.000 1.355 0.166 0.000 0.239 0.000 1.329 2.710 0.389 1.613 0.531 0.551 0.000 0.000 1.267 0.071 0.383 0.102 0.153 
---
1 test2fip_inconsistent left_hidden
0.000 0.063 0.204 0.000 0.000 0.362 0.000 1.471 0.000 0.000 0.000 2.234 0.905 0.000 0.555 1.460 3.659 2.705 1.179 0.151 
1 test2fip_inconsistent right_hidden
0.331 0.000 0.743 0.000 0.000 0.000 0.000 3.950 2.307 0.240 0.735 2.340 0.547 0.000 0.000 1.365 2.743 2.313 1.697 0.011 
---
0 test2fip_consistent left_hidden
1.839 2.113 1.153 0.000 1.037 0.043 0.953 1.104 0.000 2.791 0.000 0.000 0.431 0.000 0.000 0.000 0.817 1.228 3.474 0.000 
0 test2fip_consistent right_hidden
1.181 0.000 0.483 2.008 0.231 1.210 0.000 1.983 0.172 0.451 0.475 0.000 0.847 0.025 0.346 0.439 0.631 0.450 0.269 0.052 
---
1 test2fip_inconsistent left_hidden
1.839 2.113 1.153 0.000 1.037 0.043 0.953 1.104 0.000 2.791 0.000 0.000 0.431 0.000 0.000 0.000 0.817 1.228 3.474 0.000 
1 test2fip_inconsistent right_hidden
2.140 0.411 0.994 1.482 1.688 0.959 0.000 2.240 0.000 1.663 0.000 0.000 1.224 0.000 0.159 0.415 1.262 0.565 3.893 0.309 
---
0 test2fip_consistent left_hidden
0.000 0.000 1.695 1.975 1.945 0.120 2.804 0.000 1.106 0.183 1.080 2.440 1.293 0.120 0.266 0.070 0.000 0.000 0.000 1.438 
0 test2fip_consistent right_hidden
1.850 0.762 0.036 0.627 0.112 0.000 1.037 0.467 0.201 1.784 0.000 0.099 1.326 0.000 1.026 0.600 0.000 1.541 0.000 0.290 
---
1 test2fip_inconsistent left_hidden
0.000 0.000 1.695 1.975 1.945 0.120 2.804 0.000 1.106 0.183 1.080 2.440 1.293 0.120 0.266 0.070 0.000 0.000 0.000 1.438 
1 test2fip_inconsistent right_hidden
1.068 0.173 2.154 3.576 1.395 0.000 2.231 0.000 0.000 2.148 0.000 2.154 1.995 0.000 0.540 0.090 0.000 0.636 0.000 0.000 
---
0 test2fip_consistent left_hidden
0.084 0.000 0.559 0.000 0.000 0.000 0.000 0.000 1.279 0.596 0.000 0.487 0.000 0.000 0.000 0.412 0.000 6.257 0.000 0.000 
0 test2fip_consistent right_hidden
1.614 0.008 0.865 0.000 1.194 0.184 2.984 0.000 0.852 0.637 0.001 1.853 0.000 0.000 0.000 0.000 0.000 0.650 0.000 0.000 
---
1 test2fip_inconsistent left_hidden
0.084 0.000 0.559 0.000 0.000 0.000 0.000 0.000 1.279 0.596 0.000 0.487 0.000 0.000 0.000 0.412 0.000 6.257 0.000 0.000 
1 test2fip_inconsistent right_hidden
0.688 0.000 2.355 0.000 0.206 0.000 1.403 0.000 2.382 0.117 0.000 2.658 0.000 0.000 0.000 0.486 0.000 4.914 0.000 0.000 
---
0 test2fip_consistent left_hidden
0.740 0.801 0.000 0.000 0.002 0.000 0.415 0.000 0.000 0.259 0.000 0.000 2.241 0.230 1.889 0.000 0.000 5.292 0.000 0.000 
0 test2fip_consistent right_hidden
0.810 0.234 0.000 0.237 1.569 0.000 2.347 1.168 0.000 0.100 1.700 0.146 0.851 0.283 0.210 0.000 1.686 0.596 0.164 0.000 
---
1 test2fip_inconsistent left_hidden
0.740 0.801 0.000 0.000 0.002 0.000 0.415 0.000 0.000 0.259 0.000 0.000 2.241 0.230 1.889 0.000 0.000 5.292 0.000 0.000 
1 test2fip_inconsistent right_hidden
2.313 1.856 0.000 0.113 1.370 0.000 2.138 0.588 0.000 0.000 0.946 1.090 1.682 0.706 1.020 0.000 1.038 4.252 0.000 0.000 
---
0 test2fip_consistent left_hidden
0.000 0.000 1.080 0.447 0.708 0.000 2.318 3.252 0.000 0.000 2.593 0.150 0.000 0.000 3.413 0.000 0.000 0.000 0.000 0.110 
0 test2fip_consistent right_hidden
0.000 0.735 1.717 2.809 2.160 0.000 0.585 0.551 0.000 0.000 1.471 0.000 0.000 0.000 0.000 0.000 0.000 0.069 0.000 1.107 
---
1 test2fip_inconsistent left_hidden
0.000 0.000 1.080 0.447 0.708 0.000 2.318 3.252 0.000 0.000 2.593 0.150 0.000 0.000 3.413 0.000 0.000 0.000 0.000 0.110 
1 test2fip_inconsistent right_hidden
0.000 0.000 2.545 2.068 1.506 0.000 1.697 2.898 0.000 0.000 4.139 0.000 0.000 0.000 2.550 0.000 0.000 0.130 0.000 0.576 
---
0 test2fip_consistent left_hidden
0.000 0.000 1.345 0.230 0.000 0.358 0.000 0.000 0.854 0.000 1.887 1.526 0.572 0.018 1.608 0.000 0.000 2.172 0.000 4.258 
0 test2fip_consistent right_hidden
1.354 0.000 2.444 0.048 0.000 0.000 0.000 0.000 0.000 0.000 0.025 0.000 0.000 2.499 0.000 0.000 2.115 0.172 0.000 1.044 
---
1 test2fip_inconsistent left_hidden
0.000 0.000 1.345 0.230 0.000 0.358 0.000 0.000 0.854 0.000 1.887 1.526 0.572 0.018 1.608 0.000 0.000 2.172 0.000 4.258 
1 test2fip_inconsistent right_hidden
0.786 0.000 2.550 0.400 0.000 0.818 0.000 0.000 0.000 0.000 0.000 0.785 1.344 2.365 0.348 0.000 2.062 1.517 0.000 5.070 
---
0 test2fip_consistent left_hidden
0.000 0.000 1.244 0.727 0.000 2.003 2.949 0.021 3.999 2.540 0.291 0.000 0.000 0.000 0.000 0.489 0.450 0.000 0.000 0.000 
0 test2fip_consistent right_hidden
0.000 0.000 0.036 0.000 0.000 0.000 0.779 0.947 0.000 1.097 0.000 0.022 0.000 0.061 0.380 2.619 0.422 2.830 0.000 0.000 
---
1 test2fip_inconsistent left_hidden
0.000 0.000 1.244 0.727 0.000 2.003 2.949 0.021 3.999 2.540 0.291 0.000 0.000 0.000 0.000 0.489 0.450 0.000 0.000 0.000 
1 test2fip_inconsistent right_hidden
0.000 0.000 0.256 0.000 0.000 1.573 2.742 0.656 2.949 2.119 0.000 0.000 0.000 0.000 0.441 4.038 0.510 1.309 0.000 0.000 
---
0 test2fip_consistent left_hidden
2.793 0.000 0.000 0.000 0.000 0.000 0.000 4.372 0.905 0.000 0.000 0.000 0.000 0.000 3.089 0.756 0.000 0.000 0.000 0.258 
0 test2fip_consistent right_hidden
1.824 0.645 0.000 0.000 0.000 1.627 0.000 0.517 0.000 0.834 1.240 0.000 0.000 0.001 0.017 0.000 0.000 1.731 0.000 2.345 
---
1 test2fip_inconsistent left_hidden
2.793 0.000 0.000 0.000 0.000 0.000 0.000 4.372 0.905 0.000 0.000 0.000 0.000 0.000 3.089 0.756 0.000 0.000 0.000 0.258 
1 test2fip_inconsistent right_hidden
3.798 1.890 0.000 0.000 0.000 1.204 0.000 2.684 0.000 0.000 1.886 0.000 0.000 0.000 2.984 0.000 0.000 1.173 0.000 1.990 
---
0 test2fip_consistent left_hidden
0.185 0.089 0.000 0.000 0.000 0.000 1.339 0.170 0.235 5.071 0.000 0.000 0.000 0.000 0.000 0.000 2.639 0.000 0.000 0.055 
0 test2fip_consistent right_hidden
2.241 2.501 0.000 0.000 0.000 2.186 0.000 0.000 0.000 0.687 0.551 1.240 0.687 0.000 1.415 0.000 0.000 0.000 1.152 0.089 
---
1 test2fip_inconsistent left_hidden
0.185 0.089 0.000 0.000 0.000 0.000 1.339 0.170 0.235 5.071 0.000 0.000 0.000 0.000 0.000 0.000 2.639 0.000 0.000 0.055 
1 test2fip_inconsistent right_hidden
1.244 1.986 0.000 0.000 0.000 1.890 0.000 0.487 0.000 5.551 0.398 0.123 0.304 0.000 0.954 0.000 0.318 0.000 0.662 0.000 
---
0 test2fip_consistent left_hidden
0.037 0.000 0.031 0.000 0.000 2.379 0.000 1.491 0.000 0.266 0.000 0.150 4.246 0.000 0.000 0.000 2.009 0.878 0.007 0.499 
0 test2fip_consistent right_hidden
1.061 0.000 0.042 1.201 0.000 0.000 0.000 1.029 2.705 0.063 0.023 1.499 0.256 0.000 0.000 0.000 1.232 0.000 0.000 0.694 
---
1 test2fip_inconsistent left_hidden
0.037 0.000 0.031 0.000 0.000 2.379 0.000 1.491 0.000 0.266 0.000 0.150 4.246 0.000 0.000 0.000 2.009 0.878 0.007 0.499 
1 test2fip_inconsistent right_hidden
0.158 0.000 0.000 0.781 0.000 1.464 0.000 1.809 1.337 0.000 0.000 1.294 2.823 0.000 0.000 0.000 4.056 0.000 0.000 2.405 
---
0 test2fip_consistent left_hidden
0.000 0.035 0.000 2.651 0.000 1.429 2.436 0.000 0.000 0.105 0.364 3.002 0.000 1.944 0.000 0.000 0.598 0.474 1.473 0.254 
0 test2fip_consistent right_hidden
1.056 0.000 2.563 2.338 0.193 0.042 0.364 0.000 0.000 1.848 0.001 0.000 0.000 0.187 0.000 0.000 0.566 0.000 0.270 0.155 
---
1 test2fip_inconsistent left_hidden
0.000 0.035 0.000 2.651 0.000 1.429 2.436 0.000 0.000 0.105 0.364 3.002 0.000 1.944 0.000 0.000 0.598 0.474 1.473 0.254 
1 test2fip_inconsistent right_hidden
1.742 0.000 1.562 3.193 0.000 1.013 2.623 0.000 0.000 1.074 0.000 2.527 0.000 2.542 0.000 0.000 1.806 0.000 1.220 0.126 
---
0 test2fip_consistent left_hidden
0.179 2.272 0.000 2.980 0.000 0.000 0.000 3.101 0.001 2.369 0.000 2.214 0.597 1.739 0.000 0.201 0.000 0.000 0.000 0.000 
0 test2fip_consistent right_hidden
0.002 0.068 1.495 1.576 0.000 0.152 0.725 0.747 0.735 1.594 1.015 0.240 0.539 0.018 0.000 0.479 0.000 1.655 0.840 0.000 
---
1 test2fip_inconsistent left_hidden
0.179 2.272 0.000 2.980 0.000 0.000 0.000 3.101 0.001 2.369 0.000 2.214 0.597 1.739 0.000 0.201 0.000 0.000 0.000 0.000 
1 test2fip_inconsistent right_hidden
0.000 1.885 0.453 2.034 0.000 0.000 0.000 3.011 0.673 3.941 0.138 1.827 0.790 1.563 0.000 0.265 0.000 1.263 0.000 0.000 
---
0 test2fip_consistent left_hidden
0.818 0.687 0.000 0.000 0.000 0.000 0.000 0.260 2.602 3.041 0.000 2.022 0.000 2.167 0.000 0.000 0.000 1.626 0.000 0.000 
0 test2fip_consistent right_hidden
1.054 0.162 2.891 0.000 0.000 0.791 0.000 0.811 0.000 1.876 0.000 0.000 0.106 0.000 0.000 0.000 0.000 1.618 0.862 0.000 
---
1 test2fip_inconsistent left_hidden
0.818 0.687 0.000 0.000 0.000 0.000 0.000 0.260 2.602 3.041 0.000 2.022 0.000 2.167 0.000 0.000 0.000 1.626 0.000 0.000 
1 test2fip_inconsistent right_hidden
3.385 1.457 1.566 0.000 0.000 0.365 0.000 0.704 1.438 3.960 0.000 1.519 0.000 0.521 1.283 0.491 0.000 0.000 0.000 0.000 
---
0 test2fip_consistent left_hidden
0.000 0.803 0.000 0.000 0.454 0.000 0.000 4.209 0.020 0.000 2.266 0.000 0.000 1.036 0.000 0.000 0.000 2.227 1.912 1.075 
0 test2fip_consistent right_hidden
0.000 0.035 0.000 0.000 2.244 0.000 0.024 0.000 0.000 0.821 0.000 0.000 0.000 2.417 0.000 0.000 0.000 1.960 2.188 0.000 
---
1 test2fip_inconsistent left_hidden
0.000 0.803 0.000 0.000 0.454 0.000 0.000 4.209 0.020 0.000 2.266 0.000 0.000 1.036 0.000 0.000 0.000 2.227 1.912 1.075 
1 test2fip_inconsistent right_hidden
0.000 1.275 0.000 0.000 0.917 0.000 0.810 4.028 0.000 0.994 0.416 0.000 0.000 2.697 0.000 0.000 0.000 3.254 2.325 0.000 
---
0 test2fip_consistent left_hidden
1.532 0.590 0.000 1.671 2.340 0.000 0.000 0.000 0.000 0.000 0.000 0.041 0.000 0.000 0.000 0.000 0.000 4.973 0.000 0.206 
0 test2fip_consistent right_hidden
2.500 0.340 0.611 2.659 1.025 0.000 0.000 0.000 0.000 0.000 0.215 1.096 1.485 0.000 0.000 0.000 0.000 0.078 0.278 0.000 
---
1 test2fip_inconsistent left_hidden
1.532 0.590 0.000 1.671 2.340 0.000 0.000 0.000 0.000 0.000 0.000 0.041 0.000 0.000 0.000 0.000 0.000 4.973 0.000 0.206 
1 test2fip_inconsistent right_hidden
3.873 0.232 0.571 3.268 1.294 0.000 0.000 0.000 0.000 1.852 0.000 0.000 1.275 0.000 0.000 0.000 0.000 4.545 0.187 0.000 
---
0 test2fip_consistent left_hidden
0.046 0.335 2.728 0.000 0.000 1.485 0.000 0.000 0.772 0.000 0.000 3.371 0.000 1.933 0.468 1.785 0.617 0.000 1.675 1.618 
0 test2fip_consistent right_hidden
0.037 0.088 0.118 0.000 0.000 2.734 0.000 0.000 0.046 1.579 0.247 0.926 1.754 0.364 1.296 1.236 0.066 0.000 0.149 0.071 
---
1 test2fip_inconsistent left_hidden
0.046 0.335 2.728 0.000 0.000 1.485 0.000 0.000 0.772 0.000 0.000 3.371 0.000 1.933 0.468 1.785 0.617 0.000 1.675 1.618 
1 test2fip_inconsistent right_hidden
0.000 0.656 3.200 0.000 0.000 2.784 0.000 0.000 0.000 1.232 0.000 2.945 1.239 0.415 1.109 3.619 0.400 0.000 1.906 0.950 
---
0 test2fip_consistent left_hidden
0.000 0.000 0.014 0.000 0.000 3.992 0.814 0.000 0.000 0.039 0.000 0.217 1.105 0.000 0.000 1.273 3.559 1.705 0.000 0.278 
0 test2fip_consistent right_hidden
0.459 0.036 1.174 0.000 0.663 0.182 0.285 1.456 0.000 0.370 0.000 1.829 0.409 1.965 0.000 0.533 0.617 0.035 0.882 1.521 
---
1 test2fip_inconsistent left_hidden
0.000 0.000 0.014 0.000 0.000 3.992 0.814 0.000 0.000 0.039 0.000 0.217 1.105 0.000 0.000 1.273 3.559 1.705 0.000 0.278 
1 test2fip_inconsistent right_hidden
0.000 0.000 0.784 0.063 0.808 2.610 0.498 0.705 0.000 1.398 0.000 2.999 1.398 0.571 0.000 1.115 3.240 2.031 0.372 1.638 
---
0 test2fip_consistent left_hidden
0.000 0.000 0.000 0.160 1.685 0.000 0.000 1.377 0.000 0.186 0.251 4.220 0.000 3.122 2.156 0.140 0.232 0.000 0.000 0.000 
0 test2fip_consistent right_hidden
0.000 0.720 0.000 0.000 0.817 0.000 0.000 2.385 0.000 0.894 2.040 0.000 0.000 1.162 0.000 2.442 1.703 0.000 0.079 0.000 
---
1 test2fip_inconsistent left_hidden
0.000 0.000 0.000 0.160 1.685 0.000 0.000 1.377 0.000 0.186 0.251 4.220 0.000 3.122 2.156 0.140 0.232 0.000 0.000 0.000 
1 test2fip_inconsistent right_hidden
0.000 0.665 0.000 0.000 4.387 0.000 0.000 2.511 0.000 0.507 1.941 2.488 0.000 1.661 0.583 2.456 1.435 0.000 0.000 0.000 
---
0 test2fip_consistent left_hidden
1.180 0.911 0.565 2.541 1.543 0.184 1.650 0.000 0.085 0.000 0.000 0.707 2.777 2.224 0.000 0.000 2.749 0.000 0.158 0.000 
0 test2fip_consistent right_hidden
0.214 2.357 1.234 1.328 1.258 0.000 1.129 0.000 1.721 0.000 0.000 0.430 0.000 0.684 0.131 1.783 0.071 0.015 1.057 0.000 
---
1 test2fip_inconsistent left_hidden
1.180 0.911 0.565 2.541 1.543 0.184 1.650 0.000 0.085 0.000 0.000 0.707 2.777 2.224 0.000 0.000 2.749 0.000 0.158 0.000 
1 test2fip_inconsistent right_hidden
0.649 2.660 0.841 1.498 2.613 0.000 1.536 0.000 1.260 0.000 0.000 0.934 2.415 3.399 0.000 0.782 1.897 0.665 1.595 0.000 
---
0 test2fip_consistent left_hidden
0.000 0.000 0.064 1.661 0.000 0.000 0.425 0.025 3.680 0.616 0.000 0.601 0.751 2.601 1.023 0.000 1.150 0.000 1.271 0.000 
0 test2fip_consistent right_hidden
0.000 0.000 0.866 1.867 0.000 1.691 0.850 0.683 0.000 0.545 0.000 1.372 0.000 0.943 0.094 0.000 2.110 0.000 0.070 1.321 
---
1 test2fip_inconsistent left_hidden
0.000 0.000 0.064 1.661 0.000 0.000 0.425 0.025 3.680 0.616 0.000 0.601 0.751 2.601 1.023 0.000 1.150 0.000 1.271 0.000 
1 test2fip_inconsistent right_hidden
0.000 0.000 0.757 1.562 0.000 1.654 1.365 0.691 3.903 0.628 0.000 0.794 0.437 3.247 0.527 0.000 1.919 0.000 1.626 1.783 
---
0 test2fip_consistent left_hidden
0.000 1.584 0.000 0.567 2.855 2.831 0.000 0.199 0.435 0.000 0.000 0.000 1.775 2.541 1.634 0.388 0.000 0.000 0.000 0.000 
0 test2fip_consistent right_hidden
0.000 0.448 0.000 2.241 0.078 1.205 0.283 0.199 2.831 0.000 0.000 1.002 0.037 0.000 0.119 0.039 0.033 0.000 0.000 0.000 
---
1 test2fip_inconsistent left_hidden
0.000 1.584 0.000 0.567 2.855 2.831 0.000 0.199 0.435 0.000 0.000 0.000 1.775 2.541 1.634 0.388 0.000 0.000 0.000 0.000 
1 test2fip_inconsistent right_hidden
0.000 0.866 0.000 0.903 2.969 4.106 1.089 0.697 2.249 0.000 0.000 0.687 1.375 1.442 1.616 0.000 0.000 0.000 0.000 0.000 
---
0 test2fip_consistent left_hidden
0.105 0.000 0.000 0.000 0.278 0.246 3.520 0.000 0.063 1.247 0.000 1.621 2.909 1.739 0.315 0.024 0.000 2.045 0.000 0.000 
0 test2fip_consistent right_hidden
0.000 0.000 3.199 0.000 0.163 0.868 0.743 0.000 0.000 2.729 0.000 0.109 0.400 0.346 0.253 0.005 0.000 0.000 0.000 0.000 
---
1 test2fip_inconsistent left_hidden
0.105 0.000 0.000 0.000 0.278 0.246 3.520 0.000 0.063 1.247 0.000 1.621 2.909 1.739 0.315 0.024 0.000 2.045 0.000 0.000 
1 test2fip_inconsistent right_hidden
0.000 0.000 2.939 0.000 0.000 0.424 3.633 0.000 0.000 1.517 0.000 2.094 1.172 2.002 0.669 0.000 0.000 2.161 0.000 0.000 
---
0 test2fip_consistent left_hidden
0.000 1.851 0.526 0.000 0.000 0.755 0.000 0.000 0.912 1.370 0.000 0.000 0.000 0.273 0.000 2.963 0.415 3.695 0.000 0.000 
0 test2fip_consistent right_hidden
0.000 1.515 0.000 0.000 0.000 0.461 2.345 0.016 0.000 0.127 0.407 0.000 0.000 1.100 0.000 0.144 0.070 0.954 1.705 0.000 
---
1 test2fip_inconsistent left_hidden
0.000 1.851 0.526 0.000 0.000 0.755 0.000 0.000 0.912 1.370 0.000 0.000 0.000 0.273 0.000 2.963 0.415 3.695 0.000 0.000 
1 test2fip_inconsistent right_hidden
0.000 2.845 0.160 0.000 0.000 2.207 1.406 0.000 0.004 0.930 0.000 0.000 0.000 0.241 0.000 3.030 0.000 3.823 0.678 0.000 
---
0 test2fip_consistent left_hidden
1.504 0.537 0.000 1.801 1.054 1.582 0.000 2.374 2.426 1.697 0.000 0.000 2.925 0.000 1.088 0.000 0.086 0.000 0.041 0.000 
0 test2fip_consistent right_hidden
1.811 0.375 0.000 1.988 0.000 0.841 0.095 0.170 0.003 0.517 1.721 0.000 0.241 0.000 0.860 0.000 0.000 0.000 0.417 0.000 
---
1 test2fip_inconsistent left_hidden
1.504 0.537 0.000 1.801 1.054 1.582 0.000 2.374 2.426 1.697 0.000 0.000 2.925 0.000 1.088 0.000 0.086 0.000 0.041 0.000 
1 test2fip_inconsistent right_hidden
2.462 1.094 0.000 2.819 0.000 0.637 0.000 2.899 1.505 0.783 0.976 0.000 2.773 0.000 2.433 0.000 0.000 0.000 0.000 0.000 
---
0 test2fip_consistent left_hidden
0.000 0.000 0.000 0.224 0.087 4.199 0.000 1.495 0.499 2.205 0.000 0.838 0.799 1.093 0.000 0.624 0.000 0.000 1.984 0.185 
0 test2fip_consistent right_hidden
0.013 0.000 0.000 0.008 1.222 0.112 0.000 0.000 0.197 0.000 0.000 0.000 0.347 0.682 0.000 2.691 1.198 0.000 2.265 1.577 
---
1 test2fip_inconsistent left_hidden
0.000 0.000 0.000 0.224 0.087 4.199 0.000 1.495 0.499 2.205 0.000 0.838 0.799 1.093 0.000 0.624 0.000 0.000 1.984 0.185 
1 test2fip_inconsistent right_hidden
0.000 0.000 0.000 0.000 0.697 4.218 0.007 0.013 0.211 2.567 0.000 0.000 0.000 0.589 0.013 3.432 1.030 0.000 2.894 1.497 
---
0 test2fip_consistent left_hidden
0.000 0.000 2.103 0.000 2.528 0.993 0.927 1.880 0.905 0.000 0.000 0.000 0.550 0.000 1.573 3.799 0.955 1.498 0.000 0.000 
0 test2fip_consistent right_hidden
0.903 0.208 0.140 0.000 0.000 0.000 0.000 0.000 0.000 0.000 0.000 0.979 0.212 0.000 0.025 0.493 0.000 0.572 1.253 3.905 
---
1 test2fip_inconsistent left_hidden
0.000 0.000 2.103 0.000 2.528 0.993 0.927 1.880 0.905 0.000 0.000 0.000 0.550 0.000 1.573 3.799 0.955 1.498 0.000 0.000 
1 test2fip_inconsistent right_hidden
0.117 0.394 1.409 0.011 1.185 1.126 0.394 0.320 0.614 0.000 0.000 1.076 0.198 0.000 0.764 3.880 0.438 2.183 0.848 3.260 
---
0 test2fip_consistent left_hidden
0.024 4.064 2.030 0.000 1.757 0.000 0.573 1.770 0.000 0.000 0.000 1.397 0.000 0.836 1.244 1.494 1.172 1.466 0.000 0.000 
0 test2fip_consistent right_hidden
0.000 0.531 0.151 0.000 0.019 0.000 2.916 0.130 1.310 0.000 0.000 0.199 0.000 1.459 0.000 0.000 0.934 0.696 0.000 0.000 
---
1 test2fip_inconsistent left_hidden
0.024 4.064 2.030 0.000 1.757 0.000 0.573 1.770 0.000 0.000 0.000 1.397 0.000 0.836 1.244 1.494 1.172 1.466 0.000 0.000 
1 test2fip_inconsistent right_hidden
0.134 3.214 1.419 0.000 0.496 0.000 3.372 2.535 0.460 0.000 0.000 2.501 0.000 0.576 0.843 0.000 0.132 0.335 0.000 0.000 
---
0 test2fip_consistent left_hidden
0.000 0.000 0.000 0.000 0.801 0.000 0.000 2.784 0.000 0.000 4.594 3.331 0.000 0.000 0.149 0.025 0.103 0.000 1.480 0.000 
0 test2fip_consistent right_hidden
0.000 0.000 0.009 0.000 0.960 1.013 0.991 0.912 0.000 2.607 0.122 0.348 2.586 0.905 0.027 0.000 0.438 0.243 1.336 0.236 
---
1 test2fip_inconsistent left_hidden
0.000 0.000 0.000 0.000 0.801 0.000 0.000 2.784 0.000 0.000 4.594 3.331 0.000 0.000 0.149 0.025 0.103 0.000 1.480 0.000 
1 test2fip_inconsistent right_hidden
0.000 0.000 0.000 0.000 1.980 0.347 0.774 3.261 0.000 2.495 4.026 1.729 1.138 0.925 0.010 0.266 1.188 0.000 1.878 0.042 
---
0 test2fip_consistent left_hidden
0.000 0.424 0.000 2.873 0.000 0.000 0.000 0.143 0.000 0.900 1.629 0.000 4.467 0.000 0.000 0.000 0.000 1.183 0.000 0.000 
0 test2fip_consistent right_hidden
0.607 1.102 0.000 0.953 0.000 0.376 0.000 1.873 0.020 1.120 1.848 0.000 0.116 0.137 0.000 0.000 0.000 0.074 0.000 2.777 
---
1 test2fip_inconsistent left_hidden
0.000 0.424 0.000 2.873 0.000 0.000 0.000 0.143 0.000 0.900 1.629 0.000 4.467 0.000 0.000 0.000 0.000 1.183 0.000 0.000 
1 test2fip_inconsistent right_hidden
0.011 2.661 0.000 2.496 0.000 0.255 0.000 0.088 0.746 0.067 3.680 0.000 2.937 0.000 0.000 0.000 0.000 2.750 0.000 1.864 
---
0 test2fip_consistent left_hidden
0.000 0.000 1.355 2.956 0.000 0.039 0.000 0.000 4.278 0.000 0.000 0.000 1.159 0.000 0.115 0.000 0.368 0.000 2.556 0.000 
0 test2fip_consistent right_hidden
0.000 0.000 0.235 1.954 0.000 0.000 0.014 0.000 0.048 0.000 0.000 0.048 0.000 0.325 0.723 2.473 0.136 0.149 2.020 0.038 
---
1 test2fip_inconsistent left_hidden
0.000 0.000 1.355 2.956 0.000 0.039 0.000 0.000 4.278 0.000 0.000 0.000 1.159 0.000 0.115 0.000 0.368 0.000 2.556 0.000 
1 test2fip_inconsistent right_hidden
0.000 0.000 1.723 4.186 0.000 0.000 0.000 0.000 3.656 0.000 0.000 0.000 0.132 0.742 1.139 1.571 0.040 0.000 2.655 0.000 
---
0 test2fip_consistent left_hidden
0.993 0.995 3.549 0.000 0.068 0.155 0.000 1.689 2.246 0.000 0.316 1.668 0.000 0.000 0.000 0.000 0.698 1.052 2.764 0.828 
0 test2fip_consistent right_hidden
0.000 1.625 0.906 0.015 0.000 0.000 0.000 0.000 0.000 1.082 1.247 0.727 0.000 0.000 0.000 0.000 3.197 0.215 0.000 0.100 
---
1 test2fip_inconsistent left_hidden
0.993 0.995 3.549 0.000 0.068 0.155 0.000 1.689 2.246 0.000 0.316 1.668 0.000 0.000 0.000 0.000 0.698 1.052 2.764 0.828 
1 test2fip_inconsistent right_hidden
0.002 2.342 3.222 0.000 0.000 0.000 0.000 2.121 0.598 0.697 0.543 1.510 0.000 0.000 0.000 0.000 2.885 1.434 2.761 1.373 
---
0 test2fip_consistent left_hidden
0.000 0.000 0.000 0.555 0.562 0.159 0.000 0.000 0.000 0.000 3.974 0.000 1.107 2.958 0.000 0.021 1.512 0.882 1.563 0.000 
0 test2fip_consistent right_hidden
0.155 0.000 0.515 0.083 0.000 0.000 0.355 0.036 0.000 0.168 0.371 3.117 0.635 0.260 0.188 0.000 1.942 0.867 0.000 0.000 
---
1 test2fip_inconsistent left_hidden
0.000 0.000 0.000 0.555 0.562 0.159 0.000 0.000 0.000 0.000 3.974 0.000 1.107 2.958 0.000 0.021 1.512 0.882 1.563 0.000 
1 test2fip_inconsistent right_hidden
0.000 0.000 0.073 0.000 1.188 0.000 0.046 0.000 0.000 0.000 3.041 1.540 0.548 2.289 0.163 0.000 3.952 0.000 2.740 0.000 
---
0 test2fip_consistent left_hidden
0.000 2.353 0.000 0.126 0.562 0.000 0.000 0.889 3.121 0.000 2.364 0.000 0.471 1.520 0.411 0.000 2.786 0.000 0.000 0.000 
0 test2fip_consistent right_hidden
0.057 1.334 0.600 1.572 0.000 1.684 0.287 0.085 0.141 0.000 0.132 0.750 2.601 0.083 0.000 0.000 1.657 0.000 0.014 1.700 
---
1 test2fip_inconsistent left_hidden
0.000 2.353 0.000 0.126 0.562 0.000 0.000 0.889 3.121 0.000 2.364 0.000 0.471 1.520 0.411 0.000 2.786 0.000 0.000 0.000 
1 test2fip_inconsistent right_hidden
0.000 3.004 1.445 1.258 0.000 0.448 0.000 0.220 1.842 0.000 1.904 0.000 1.723 1.437 0.000 0.000 4.225 0.000 0.559 1.057 
---
0 test2fip_consistent left_hidden
0.000 1.533 1.028 0.000 0.067 2.035 0.000 0.000 2.512 0.000 0.000 0.000 1.654 0.000 0.846 0.677 0.291 0.000 3.240 0.000 
0 test2fip_consistent right_hidden
0.676 0.064 1.965 0.147 0.137 0.000 0.089 1.097 1.225 0.000 2.493 0.000 1.213 0.000 0.000 0.195 0.000 0.000 0.071 1.096 
---
1 test2fip_inconsistent left_hidden
0.000 1.533 1.028 0.000 0.067 2.035 0.000 0.000 2.512 0.000 0.000 0.000 1.654 0.000 0.846 0.677 0.291 0.000 3.240 0.000 
1 test2fip_inconsistent right_hidden
1.455 1.707 1.618 0.000 0.000 0.403 0.342 0.281 2.873 0.000 1.980 0.000 2.488 0.062 0.000 1.817 0.000 0.000 3.487 0.099 
---
0 test2fip_consistent left_hidden
0.545 3.608 0.000 0.224 0.790 0.000 0.000 3.129 0.363 0.358 0.000 0.000 1.364 0.110 0.560 0.000 3.496 0.061 0.000 0.093 
0 test2fip_consistent right_hidden
1.929 0.150 0.291 0.000 0.561 0.180 0.131 0.220 0.000 1.493 0.043 0.029 0.000 0.490 0.190 0.175 0.894 0.000 0.917 0.480 
---
1 test2fip_inconsistent left_hidden
0.545 3.608 0.000 0.224 0.790 0.000 0.000 3.129 0.363 0.358 0.000 0.000 1.364 0.110 0.560 0.000 3.496 0.061 0.000 0.093 
1 test2fip_inconsistent right_hidden
1.890 2.522 0.151 0.751 0.000 0.278 0.000 4.002 1.022 1.018 0.000 0.000 0.000 0.225 0.000 0.000 2.275 0.000 0.000 0.497 
---
0 test2fip_consistent left_hidden
0.000 1.518 0.000 0.616 0.000 0.159 0.000 1.596 3.263 1.162 0.000 0.000 0.553 2.053 2.114 0.000 0.582 0.000 3.112 0.000 
0 test2fip_consistent right_hidden
0.000 0.000 0.000 0.000 0.463 0.048 0.000 0.000 0.108 3.717 0.000 0.000 0.263 0.000 0.058 0.000 0.000 0.000 1.085 0.000 
---
1 test2fip_inconsistent left_hidden
0.000 1.518 0.000 0.616 0.000 0.159 0.000 1.596 3.263 1.162 0.000 0.000 0.553 2.053 2.114 0.000 0.582 0.000 3.112 0.000 
1 test2fip_inconsistent right_hidden
0.000 0.372 0.000 0.000 0.000 0.313 0.000 1.233 3.343 3.825 0.000 0.000 0.000 2.133 0.007 0.000 1.338 0.000 2.539 0.000 
---
0 test2fip_consistent left_hidden
0.000 1.174 0.000 1.216 0.000 0.000 0.000 3.911 1.426 1.411 2.344 0.000 0.000 0.000 1.018 0.000 1.244 0.347 0.000 2.007 
0 test2fip_consistent right_hidden
0.000 1.250 0.230 1.575 0.000 2.584 1.165 0.000 1.223 0.316 0.204 0.000 1.005 0.000 0.200 0.000 0.080 0.514 0.117 1.440 
---
1 test2fip_inconsistent left_hidden
0.000 1.174 0.000 1.216 0.000 0.000 0.000 3.911 1.426 1.411 2.344 0.000 0.000 0.000 1.018 0.000 1.244 0.347 0.000 2.007 
1 test2fip_inconsistent right_hidden
0.000 2.202 0.000 1.588 0.000 1.541 0.918 2.964 2.136 2.407 1.927 0.000 0.902 0.000 0.321 0.000 0.995 0.802 0.000 2.510 
---
0 test2fip_consistent left_hidden
1.689 1.302 0.000 2.235 0.000 1.374 0.000 2.747 0.000 0.000 2.646 0.000 0.040 0.000 0.000 0.000 1.152 3.082 0.100 0.164 
0 test2fip_consistent right_hidden
0.000 2.949 0.000 1.388 0.000 0.000 0.000 0.000 0.690 0.005 0.000 0.697 1.159 0.000 0.000 0.000 1.503 0.526 0.000 1.721 
---
1 test2fip_inconsistent left_hidden
1.689 1.302 0.000 2.235 0.000 1.374 0.000 2.747 0.000 0.000 2.646 0.000 0.040 0.000 0.000 0.000 1.152 3.082 0.100 0.164 
1 test2fip_inconsistent right_hidden
2.751 1.820 0.000 2.564 0.000 0.343 1.196 0.651 0.585 0.000 1.362 0.000 0.000 0.000 0.000 0.000 3.039 0.531 0.000 1.146 
---
0 test2fip_consistent left_hidden
0.000 0.521 2.337 4.061 1.379 0.000 3.065 0.000 0.650 0.000 0.000 0.000 1.942 0.626 0.000 0.739 0.000 0.000 0.233 0.000 
0 test2fip_consistent right_hidden
0.000 0.000 3.351 0.000 0.113 0.000 0.015 0.000 0.000 0.000 0.000 0.000 0.285 0.117 0.000 2.199 0.000 0.000 0.496 1.713 
---
1 test2fip_inconsistent left_hidden
0.000 0.521 2.337 4.061 1.379 0.000 3.065 0.000 0.650 0.000 0.000 0.000 1.942 0.626 0.000 0.739 0.000 0.000 0.233 0.000 
1 test2fip_inconsistent right_hidden
0.000 0.000 3.690 2.199 2.228 0.000 0.857 0.000 0.000 0.000 0.000 0.000 3.515 0.000 0.000 2.119 0.000 0.000 0.369 1.076 
---
0 test2fip_consistent left_hidden
0.143 0.000 1.203 1.262 0.000 0.000 0.419 1.259 0.383 0.199 0.000 0.000 0.000 0.000 0.000 1.705 2.481 0.148 0.000 2.909 
0 test2fip_consistent right_hidden
0.751 0.081 0.000 0.906 0.601 1.255 1.588 0.097 0.000 1.948 0.158 1.048 1.312 0.000 0.000 0.048 1.339 0.000 0.657 0.026 
---
1 test2fip_inconsistent left_hidden
0.143 0.000 1.203 1.262 0.000 0.000 0.419 1.259 0.383 0.199 0.000 0.000 0.000 0.000 0.000 1.705 2.481 0.148 0.000 2.909 
1 test2fip_inconsistent right_hidden
0.748 0.513 0.481 2.162 0.636 0.403 2.184 1.389 0.000 2.138 0.000 0.870 0.152 0.000 0.000 2.272 3.448 0.409 0.553 2.296 
---
0 test2fip_consistent left_hidden
0.000 0.253 0.000 0.000 0.000 0.000 0.000 0.416 0.000 4.338 0.079 0.000 1.773 0.642 0.000 2.258 3.660 0.000 0.000 0.000 
0 test2fip_consistent right_hidden
0.000 0.014 0.007 1.544 0.000 0.000 0.100 1.054 0.000 0.882 0.000 2.111 0.137 1.732 0.000 0.637 0.651 2.704 0.000 0.021 
---
1 test2fip_inconsistent left_hidden
0.000 0.253 0.000 0.000 0.000 0.000 0.000 0.416 0.000 4.338 0.079 0.000 1.773 0.642 0.000 2.258 3.660 0.000 0.000 0.000 
1 test2fip_inconsistent right_hidden
0.000 0.600 0.138 1.073 0.000 0.000 0.069 0.694 0.000 4.365 0.000 1.288 1.914 1.292 0.000 1.162 2.979 2.324 0.000 0.000 
---
0 test2fip_consistent left_hidden
0.000 0.000 0.000 0.214 2.536 0.000 3.703 0.000 0.000 0.000 0.193 0.000 0.811 0.000 1.438 1.040 0.000 3.575 0.142 0.000 
0 test2fip_consistent right_hidden
0.000 3.056 0.810 0.000 2.065 0.000 1.355 1.512 0.000 0.000 0.153 0.339 0.822 0.000 0.703 0.000 0.056 0.000 0.000 0.000 
---
1 test2fip_inconsistent left_hidden
0.000 0.000 0.000 0.214 2.536 0.000 3.703 0.000 0.000 0.000 0.193 0.000 0.811 0.000 1.438 1.040 0.000 3.575 0.142 0.000 
1 test2fip_inconsistent right_hidden
0.000 2.638 0.431 1.165 4.087 0.000 2.206 1.166 0.000 0.000 0.000 0.667 1.605 0.000 2.449 1.612 0.000 2.431 0.000 0.000 
---
0 test2fip_consistent left_hidden
0.000 0.000 0.000 0.000 0.000 0.000 0.000 0.000 0.000 0.443 0.000 0.000 1.856 0.454 4.555 0.000 0.460 2.205 1.859 0.084 
0 test2fip_consistent right_hidden
0.000 0.000 2.192 0.000 0.097 0.000 0.012 3.093 0.170 0.271 0.000 0.000 0.000 0.591 1.169 0.000 0.179 0.122 0.114 1.573 
---
1 test2fip_inconsistent left_hidden
0.000 0.000 0.000 0.000 0.000 0.000 0.000 0.000 0.000 0.443 0.000 0.000 1.856 0.454 4.555 0.000 0.460 2.205 1.859 0.084 
1 test2fip_inconsistent right_hidden
0.000 0.000 2.196 0.000 0.000 0.046 0.000 1.806 0.000 0.076 0.000 0.000 0.505 1.560 5.576 0.000 0.444 2.245 1.532 1.372 
---
0 test2fip_consistent left_hidden
0.000 0.000 0.000 3.423 0.293 0.000 0.000 0.255 0.000 0.000 0.000 3.059 1.863 1.068 0.319 0.678 0.327 1.877 1.501 0.587 
0 test2fip_consistent right_hidden
2.869 0.000 0.102 0.683 0.000 1.201 0.000 0.000 0.212 1.096 0.017 0.642 0.071 0.020 1.252 0.241 1.325 0.131 0.194 1.013 
---
1 test2fip_inconsistent left_hidden
0.000 0.000 0.000 3.423 0.293 0.000 0.000 0.255 0.000 0.000 0.000 3.059 1.863 1.068 0.319 0.678 0.327 1.877 1.501 0.587 
1 test2fip_inconsistent right_hidden
2.762 0.000 0.000 3.748 0.058 0.728 0.000 0.000 0.092 0.372 0.000 2.851 0.222 0.404 0.844 0.646 1.077 2.383 0.704 1.800 
---
0 test2fip_consistent left_hidden
1.013 0.000 0.468 1.716 0.444 0.000 0.249 0.000 1.947 0.000 0.188 3.254 1.502 1.181 0.000 0.553 0.738 1.455 0.000 0.208 
0 test2fip_consistent right_hidden
0.000 0.000 0.594 0.054 0.162 1.788 1.428 0.000 0.203 0.706 0.042 0.621 1.460 1.081 0.000 0.484 0.068 1.191 0.008 1.357 
---
1 test2fip_inconsistent left_hidden
1.013 0.000 0.468 1.716 0.444 0.000 0.249 0.000 1.947 0.000 0.188 3.254 1.502 1.181 0.000 0.553 0.738 1.455 0.000 0.208 
1 test2fip_inconsistent right_hidden
1.144 0.000 1.021 1.533 1.562 0.674 2.707 0.000 3.243 0.000 0.000 2.813 2.629 0.279 0.000 0.638 0.000 0.300 0.000 1.285 
---
0 test2fip_consistent left_hidden
1.749 2.489 0.633 2.883 0.535 1.095 0.466 0.937 0.000 0.191 0.000 0.000 1.415 0.000 2.398 0.000 0.000 0.000 0.000 0.120 
0 test2fip_consistent right_hidden
0.479 0.693 1.334 0.702 0.152 0.115 0.520 0.000 0.873 0.783 0.000 0.000 0.000 1.066 1.807 1.804 2.216 0.000 0.000 0.000 
---
1 test2fip_inconsistent left_hidden
1.749 2.489 0.633 2.883 0.535 1.095 0.466 0.937 0.000 0.191 0.000 0.000 1.415 0.000 2.398 0.000 0.000 0.000 0.000 0.120 
1 test2fip_inconsistent right_hidden
2.393 1.311 1.542 4.166 0.672 1.776 0.533 0.219 0.245 0.524 0.000 0.000 1.058 0.000 2.750 1.202 0.772 0.000 0.000 0.000 
---
0 test2fip_consistent left_hidden
1.252 1.427 1.924 0.000 0.000 1.778 0.000 0.544 0.000 2.589 0.781 0.906 2.906 0.506 0.000 0.000 1.225 0.273 0.313 1.927 
0 test2fip_consistent right_hidden
0.731 0.000 0.108 0.710 0.000 1.110 0.000 0.183 0.007 0.496 0.122 0.000 0.000 0.623 0.041 0.000 1.985 1.093 1.835 0.373 
---
1 test2fip_inconsistent left_hidden
1.252 1.427 1.924 0.000 0.000 1.778 0.000 0.544 0.000 2.589 0.781 0.906 2.906 0.506 0.000 0.000 1.225 0.273 0.313 1.927 
1 test2fip_inconsistent right_hidden
0.448 0.077 1.585 0.000 0.000 3.611 0.000 0.159 0.000 1.881 0.679 0.040 2.487 0.990 0.000 0.000 1.778 0.479 1.519 2.944 
---
0 test2fip_consistent left_hidden
0.219 1.498 0.000 0.000 0.469 0.073 0.000 0.000 0.000 0.974 2.107 0.010 1.545 5.086 0.000 0.263 0.733 0.000 0.000 0.000 
0 test2fip_consistent right_hidden
0.434 0.060 0.000 0.000 2.312 0.008 0.000 0.000 1.671 0.162 0.068 0.000 0.790 1.377 0.391 1.798 0.486 2.374 0.000 0.241 
---
1 test2fip_inconsistent left_hidden
0.219 1.498 0.000 0.000 0.469 0.073 0.000 0.000 0.000 0.974 2.107 0.010 1.545 5.086 0.000 0.263 0.733 0.000 0.000 0.000 
1 test2fip_inconsistent right_hidden
0.016 1.512 0.000 0.000 1.612 0.000 0.000 0.000 1.097 0.987 0.083 0.000 2.854 5.020 0.000 1.385 1.194 1.453 0.000 0.000 
---
0 test2fip_consistent left_hidden
1.366 0.000 1.183 0.203 0.000 0.248 0.889 2.416 0.538 1.216 0.000 1.859 2.273 0.000 1.091 0.192 0.000 1.621 0.000 1.128 
0 test2fip_consistent right_hidden
0.072 0.000 0.685 0.326 0.942 0.737 0.000 0.269 1.328 0.414 0.159 0.519 1.187 0.000 1.869 1.661 0.000 0.489 1.877 0.105 
---
1 test2fip_inconsistent left_hidden
1.366 0.000 1.183 0.203 0.000 0.248 0.889 2.416 0.538 1.216 0.000 1.859 2.273 0.000 1.091 0.192 0.000 1.621 0.000 1.128 
1 test2fip_inconsistent right_hidden
0.494 0.000 2.268 0.000 0.545 1.081 0.233 1.826 0.630 0.926 0.536 2.804 3.298 0.000 1.949 1.182 0.000 2.351 0.888 0.491 
---
0 test2fip_consistent left_hidden
0.000 0.000 1.441 1.670 0.000 0.226 0.000 0.000 0.000 1.852 0.000 1.263 5.336 0.000 0.000 0.000 0.000 0.000 0.000 0.000 
0 test2fip_consistent right_hidden
0.000 0.618 0.468 3.589 1.750 1.332 0.861 0.000 0.000 0.220 0.000 0.000 0.000 0.000 0.088 1.272 0.000 0.000 0.000 0.330 
---
1 test2fip_inconsistent left_hidden
0.000 0.000 1.441 1.670 0.000 0.226 0.000 0.000 0.000 1.852 0.000 1.263 5.336 0.000 0.000 0.000 0.000 0.000 0.000 0.000 
1 test2fip_inconsistent right_hidden
0.000 0.813 1.960 4.369 3.163 0.000 0.005 0.081 0.000 1.871 0.000 0.134 2.940 0.000 0.001 1.614 0.000 0.000 0.000 0.000 
---
0 test2fip_consistent left_hidden
0.000 0.000 0.000 0.000 0.000 0.275 0.000 0.024 3.172 0.000 0.000 0.301 0.000 0.000 0.000 0.463 0.000 0.912 2.802 2.895 
0 test2fip_consistent right_hidden
0.208 0.326 0.182 0.017 0.026 0.220 0.000 2.591 0.219 0.000 0.048 2.047 0.720 1.187 0.301 0.000 0.000 0.559 0.000 1.345 
---
1 test2fip_inconsistent left_hidden
0.000 0.000 0.000 0.000 0.000 0.275 0.000 0.024 3.172 0.000 0.000 0.301 0.000 0.000 0.000 0.463 0.000 0.912 2.802 2.895 
1 test2fip_inconsistent right_hidden
0.150 0.326 0.000 0.000 0.000 0.000 0.000 2.286 2.823 0.000 1.144 1.481 0.677 0.892 0.000 0.129 0.000 2.047 2.823 3.362 
---
0 test2fip_consistent left_hidden
0.009 0.725 2.168 0.000 0.000 0.000 1.557 0.000 0.000 0.000 0.000 0.000 0.000 0.000 3.103 2.348 0.011 0.000 0.577 3.171 
0 test2fip_consistent right_hidden
0.000 0.099 0.000 0.000 0.407 0.000 1.154 0.063 0.000 1.418 2.150 0.000 0.000 0.017 1.592 0.597 0.000 0.000 3.105 0.552 
---
1 test2fip_inconsistent left_hidden
0.009 0.725 2.168 0.000 0.000 0.000 1.557 0.000 0.000 0.000 0.000 0.000 0.000 0.000 3.103 2.348 0.011 0.000 0.577 3.171 
1 test2fip_inconsistent right_hidden
0.000 0.728 0.867 0.000 0.000 0.000 1.187 0.000 0.000 1.237 0.756 0.000 0.000 0.074 4.184 1.574 0.000 0.000 2.031 4.459 
---
0 test2fip_consistent left_hidden
2.065 0.000 0.000 1.335 1.259 0.000 0.691 1.321 0.820 0.000 0.000 0.000 0.000 2.684 0.514 2.092 2.203 1.487 0.000 0.000 
0 test2fip_consistent right_hidden
1.900 0.385 0.000 0.062 1.036 0.000 0.084 0.371 0.000 0.000 0.000 1.092 0.000 0.105 1.891 0.800 0.000 1.121 0.000 2.071 
---
1 test2fip_inconsistent left_hidden
2.065 0.000 0.000 1.335 1.259 0.000 0.691 1.321 0.820 0.000 0.000 0.000 0.000 2.684 0.514 2.092 2.203 1.487 0.000 0.000 
1 test2fip_inconsistent right_hidden
3.647 0.146 0.000 0.968 1.316 0.000 0.218 1.516 0.784 0.000 0.000 0.495 0.000 2.747 1.918 2.355 1.184 2.143 0.000 1.105 
---
0 test2fip_consistent left_hidden
0.000 0.000 0.408 0.000 1.926 2.995 2.155 1.292 2.807 1.044 0.449 0.000 0.000 0.000 0.000 0.000 0.202 0.000 1.083 0.000 
0 test2fip_consistent right_hidden
1.605 0.000 2.142 1.881 0.160 1.824 0.470 0.583 0.000 0.468 0.000 0.000 0.837 0.000 0.000 0.145 1.283 0.689 0.811 0.000 
---
1 test2fip_inconsistent left_hidden
0.000 0.000 0.408 0.000 1.926 2.995 2.155 1.292 2.807 1.044 0.449 0.000 0.000 0.000 0.000 0.000 0.202 0.000 1.083 0.000 
1 test2fip_inconsistent right_hidden
1.316 0.000 1.633 1.640 2.503 4.030 2.686 1.410 2.342 0.283 0.000 0.000 0.528 0.000 0.000 0.787 0.218 0.636 0.896 0.000 
---
0 test2fip_consistent left_hidden
0.607 0.000 0.000 3.453 0.000 0.854 1.817 0.867 0.000 0.000 0.198 1.176 3.627 0.000 0.520 0.000 0.000 0.000 1.712 0.000 
0 test2fip_consistent right_hidden
1.306 0.000 0.094 0.000 1.610 1.234 0.677 0.000 1.182 0.000 1.551 0.000 0.430 0.800 1.247 1.443 1.094 0.103 0.099 0.000 
---
1 test2fip_inconsistent left_hidden
0.607 0.000 0.000 3.453 0.000 0.854 1.817 0.867 0.000 0.000 0.198 1.176 3.627 0.000 0.520 0.000 0.000 0.000 1.712 0.000 
1 test2fip_inconsistent right_hidden
1.920 0.000 0.000 2.252 0.459 2.058 0.380 1.123 1.032 0.000 1.374 0.000 3.805 0.565 0.373 1.136 0.567 0.000 1.539 0.000 
---
0 test2fip_consistent left_hidden
0.299 0.106 0.000 0.000 2.825 0.301 0.786 0.028 0.745 1.839 0.000 2.109 3.467 0.000 0.890 0.000 0.000 0.552 0.000 0.926 
0 test2fip_consistent right_hidden
0.860 0.000 0.000 0.128 0.212 1.462 0.459 0.005 1.683 1.340 0.000 0.000 0.000 1.447 1.417 0.000 0.000 2.706 0.000 0.064 
---
1 test2fip_inconsistent left_hidden
0.299 0.106 0.000 0.000 2.825 0.301 0.786 0.028 0.745 1.839 0.000 2.109 3.467 0.000 0.890 0.000 0.000 0.552 0.000 0.926 
1 test2fip_inconsistent right_hidden
0.261 0.000 0.000 0.000 3.372 1.813 0.000 0.000 2.361 2.105 0.000 1.410 2.206 0.660 2.342 0.000 0.000 2.337 0.000 1.226 
---
0 test2fip_consistent left_hidden
0.000 0.034 0.000 0.439 2.600 1.956 1.898 0.000 0.000 0.326 0.000 0.000 3.046 0.000 1.623 0.413 0.000 2.479 0.000 0.000 
0 test2fip_consistent right_hidden
0.000 0.000 0.000 0.000 0.000 0.000 1.231 0.000 0.000 0.258 1.138 3.499 0.631 0.000 0.472 0.000 0.000 0.000 0.000 0.000 
---
1 test2fip_inconsistent left_hidden
0.000 0.034 0.000 0.439 2.600 1.956 1.898 0.000 0.000 0.326 0.000 0.000 3.046 0.000 1.623 0.413 0.000 2.479 0.000 0.000 
1 test2fip_inconsistent right_hidden
0.000 0.000 0.000 0.000 1.377 1.684 2.591 0.000 0.000 1.928 1.033 1.206 2.769 0.000 1.006 0.000 0.355 0.000 0.000 0.000 
---
0 test2fip_consistent left_hidden
0.202 0.000 0.352 3.844 0.803 0.000 0.032 3.067 1.483 0.002 0.000 0.000 0.000 0.327 1.186 1.030 0.000 0.000 1.885 0.290 
0 test2fip_consistent right_hidden
1.107 0.000 1.671 0.119 0.000 2.493 0.723 1.870 0.030 0.091 1.625 0.000 0.000 0.742 0.000 0.031 0.000 0.026 0.135 0.100 
---
1 test2fip_inconsistent left_hidden
0.202 0.000 0.352 3.844 0.803 0.000 0.032 3.067 1.483 0.002 0.000 0.000 0.000 0.327 1.186 1.030 0.000 0.000 1.885 0.290 
1 test2fip_inconsistent right_hidden
0.389 0.034 2.162 3.381 0.000 1.426 1.609 2.933 0.000 0.000 1.085 0.000 0.000 0.355 0.237 0.069 0.000 0.000 3.340 0.000 
---
0 test2fip_consistent left_hidden
0.000 2.099 0.105 0.000 0.000 0.212 2.141 0.000 0.000 0.000 0.000 0.000 0.678 1.277 0.529 3.566 0.000 2.342 0.000 0.000 
0 test2fip_consistent right_hidden
1.528 0.495 0.698 0.000 1.011 0.142 0.344 0.000 0.000 0.000 0.000 0.000 1.627 0.650 0.210 0.142 0.116 1.506 1.106 1.359 
---
1 test2fip_inconsistent left_hidden
0.000 2.099 0.105 0.000 0.000 0.212 2.141 0.000 0.000 0.000 0.000 0.000 0.678 1.277 0.529 3.566 0.000 2.342 0.000 0.000 
1 test2fip_inconsistent right_hidden
1.108 1.396 1.182 0.000 0.757 0.428 1.151 0.000 0.000 0.000 0.000 0.087 3.219 1.836 0.376 3.920 0.340 2.002 0.516 0.582 
---
0 test2fip_consistent left_hidden
0.000 2.258 0.413 0.179 2.224 0.785 0.207 0.291 0.256 0.000 2.108 0.000 2.034 0.000 2.896 0.071 0.000 0.000 0.000 1.038 
0 test2fip_consistent right_hidden
0.000 0.103 0.142 0.000 0.000 1.173 0.000 1.289 0.349 0.000 1.709 0.286 1.906 0.000 0.000 1.967 1.208 0.000 0.020 0.000 
---
1 test2fip_inconsistent left_hidden
0.000 2.258 0.413 0.179 2.224 0.785 0.207 0.291 0.256 0.000 2.108 0.000 2.034 0.000 2.896 0.071 0.000 0.000 0.000 1.038 
1 test2fip_inconsistent right_hidden
0.000 0.653 1.020 0.000 1.813 0.710 0.000 0.459 0.240 0.000 3.628 0.104 2.812 0.000 3.574 1.493 0.585 0.000 0.000 0.498 
---
0 test2fip_consistent left_hidden
2.925 0.000 2.272 0.000 0.000 1.065 0.000 0.000 4.199 0.000 0.729 1.040 0.000 0.000 0.000 0.009 0.000 0.000 0.458 0.012 
0 test2fip_consistent right_hidden
2.226 0.000 0.105 0.000 0.000 1.526 0.000 0.000 0.000 0.000 1.029 3.152 0.069 0.000 0.000 0.000 0.000 0.000 1.373 1.691 
---
1 test2fip_inconsistent left_hidden
2.925 0.000 2.272 0.000 0.000 1.065 0.000 0.000 4.199 0.000 0.729 1.040 0.000 0.000 0.000 0.009 0.000 0.000 0.458 0.012 
1 test2fip_inconsistent right_hidden
3.326 0.000 1.819 0.000 0.000 2.734 0.000 0.000 3.276 0.000 1.174 1.738 0.000 0.000 0.000 0.000 0.000 0.000 1.259 1.413 
---
0 test2fip_consistent left_hidden
2.046 0.229 3.120 0.000 1.325 0.000 2.446 0.131 1.292 0.000 1.946 2.404 0.701 0.212 0.000 0.220 0.000 0.000 0.000 0.730 
0 test2fip_consistent right_hidden
0.000 0.000 0.000 3.095 0.205 0.000 1.071 0.040 0.454 0.917 0.000 0.140 0.317 0.032 0.000 1.241 0.011 0.000 0.000 1.710 
---
1 test2fip_inconsistent left_hidden
2.046 0.229 3.120 0.000 1.325 0.000 2.446 0.131 1.292 0.000 1.946 2.404 0.701 0.212 0.000 0.220 0.000 0.000 0.000 0.730 
1 test2fip_inconsistent right_hidden
1.689 0.000 1.352 1.650 0.417 0.000 2.862 0.000 1.221 0.710 1.471 2.791 0.014 0.000 0.000 0.841 0.055 0.000 0.000 2.418 
---
0 test2fip_consistent left_hidden
2.445 0.000 1.292 1.967 0.000 1.902 0.588 1.976 0.000 0.000 1.929 1.052 0.000 0.000 0.000 0.000 1.650 0.000 0.435 1.204 
0 test2fip_consistent right_hidden
0.000 0.167 1.474 0.727 0.687 2.629 0.072 0.000 1.109 0.000 0.116 0.000 0.000 0.020 0.000 1.727 0.000 0.000 0.443 0.000 
---
1 test2fip_inconsistent left_hidden
2.445 0.000 1.292 1.967 0.000 1.902 0.588 1.976 0.000 0.000 1.929 1.052 0.000 0.000 0.000 0.000 1.650 0.000 0.435 1.204 
1 test2fip_inconsistent right_hidden
1.317 0.000 1.918 0.957 0.205 3.330 0.882 0.496 1.093 0.000 2.166 0.135 0.000 0.000 0.000 1.262 2.864 0.292 0.669 2.284 
---
0 test2fip_consistent left_hidden
0.135 2.784 1.917 0.000 0.000 0.171 1.704 0.000 0.867 0.004 0.000 0.209 3.076 0.172 0.000 1.437 0.180 0.585 0.000 1.484 
0 test2fip_consistent right_hidden
0.543 0.265 1.752 0.074 0.000 0.101 0.129 0.000 0.359 0.000 0.160 1.980 0.672 0.622 0.064 0.000 2.249 0.225 0.000 0.129 
---
1 test2fip_inconsistent left_hidden
0.135 2.784 1.917 0.000 0.000 0.171 1.704 0.000 0.867 0.004 0.000 0.209 3.076 0.172 0.000 1.437 0.180 0.585 0.000 1.484 
1 test2fip_inconsistent right_hidden
0.554 4.175 2.005 0.501 0.000 1.311 1.554 0.000 1.481 0.000 1.523 1.039 2.586 0.592 0.316 0.166 1.837 0.398 0.000 1.482 
---
0 test2fip_consistent left_hidden
0.000 0.000 1.004 1.149 1.855 0.049 0.000 0.000 0.000 3.260 0.000 0.000 0.035 3.019 0.000 0.742 1.342 0.000 0.000 3.044 
0 test2fip_consistent right_hidden
1.568 0.000 0.709 1.616 0.000 0.000 0.000 1.939 0.737 0.000 0.000 0.000 1.331 0.000 0.000 0.000 2.958 0.000 0.020 1.742 
---
1 test2fip_inconsistent left_hidden
0.000 0.000 1.004 1.149 1.855 0.049 0.000 0.000 0.000 3.260 0.000 0.000 0.035 3.019 0.000 0.742 1.342 0.000 0.000 3.044 
1 test2fip_inconsistent right_hidden
0.603 0.000 1.277 1.449 0.882 0.000 0.000 0.342 0.110 3.292 0.000 0.000 1.466 1.050 0.000 0.000 4.533 0.000 0.142 1.122 
---
0 test2fip_consistent left_hidden
0.000 2.060 1.582 0.000 0.000 0.000 0.943 1.387 0.190 0.735 1.010 1.574 0.000 0.060 0.321 0.429 3.253 1.446 0.000 0.000 
0 test2fip_consistent right_hidden
0.000 1.356 0.000 0.000 0.000 0.010 0.136 0.000 2.132 0.133 0.000 3.138 0.000 0.000 0.002 0.055 0.000 0.000 0.258 0.000 
---
1 test2fip_inconsistent left_hidden
0.000 2.060 1.582 0.000 0.000 0.000 0.943 1.387 0.190 0.735 1.010 1.574 0.000 0.060 0.321 0.429 3.253 1.446 0.000 0.000 
1 test2fip_inconsistent right_hidden
0.000 4.190 1.324 0.000 0.000 0.000 0.495 0.000 1.931 0.550 1.150 2.962 0.000 0.000 0.000 0.844 2.763 0.339 0.104 0.000 
---
0 test2fip_consistent left_hidden
0.000 1.643 0.227 1.054 0.000 2.933 2.278 1.664 1.581 0.595 1.309 0.000 0.666 1.002 0.000 0.000 0.015 0.000 0.000 0.000 
0 test2fip_consistent right_hidden
0.017 0.000 0.000 0.020 0.193 1.163 0.644 0.534 0.428 0.000 0.667 0.904 0.050 1.128 1.038 0.000 2.002 0.000 0.975 2.407 
---
1 test2fip_inconsistent left_hidden
0.000 1.643 0.227 1.054 0.000 2.933 2.278 1.664 1.581 0.595 1.309 0.000 0.666 1.002 0.000 0.000 0.015 0.000 0.000 0.000 
1 test2fip_inconsistent right_hidden
0.027 1.647 0.000 0.553 0.000 3.025 3.020 1.937 2.063 0.000 2.626 0.856 0.668 0.118 0.000 0.000 1.519 0.000 0.424 1.556 
---
0 test2fip_consistent left_hidden
1.733 0.030 0.000 0.000 0.012 0.000 1.950 0.000 2.175 1.231 0.000 0.000 0.208 4.183 0.000 0.288 0.235 0.000 0.000 0.000 
0 test2fip_consistent right_hidden
1.664 0.000 0.211 0.982 0.923 0.000 0.588 0.000 0.260 0.138 0.122 0.000 0.199 0.531 0.000 1.539 0.689 2.134 0.000 0.000 
---
1 test2fip_inconsistent left_hidden
1.733 0.030 0.000 0.000 0.012 0.000 1.950 0.000 2.175 1.231 0.000 0.000 0.208 4.183 0.000 0.288 0.235 0.000 0.000 0.000 
1 test2fip_inconsistent right_hidden
2.601 0.000 0.708 2.299 1.293 0.000 1.973 0.000 2.600 1.152 0.000 0.000 0.897 3.543 0.000 1.665 0.580 1.765 0.000 0.000 
---
0 test2fip_consistent left_hidden
0.000 1.671 2.276 0.000 0.512 0.000 2.351 0.302 0.000 0.746 1.007 0.840 1.048 0.000 0.000 0.000 0.000 3.148 0.000 2.304 
0 test2fip_consistent right_hidden
0.000 0.000 0.831 1.711 0.211 0.052 1.009 0.636 2.703 0.113 0.096 0.000 0.000 0.673 1.356 0.000 0.939 1.076 0.000 0.615 
---
1 test2fip_inconsistent left_hidden
0.000 1.671 2.276 0.000 0.512 0.000 2.351 0.302 0.000 0.746 1.007 0.840 1.048 0.000 0.000 0.000 0.000 3.148 0.000 2.304 
1 test2fip_inconsistent right_hidden
0.000 0.000 2.374 0.744 0.274 0.000 3.072 0.246 1.722 1.236 0.671 0.221 0.477 0.144 0.925 0.000 0.003 2.777 0.000 3.739 
---
0 test2fip_consistent left_hidden
1.596 0.000 0.000 2.749 3.620 0.000 0.000 0.000 0.000 0.815 0.000 1.342 0.000 0.000 0.000 1.524 2.148 0.000 0.000 2.275 
0 test2fip_consistent right_hidden
0.017 0.092 0.000 0.284 0.139 0.000 2.967 0.000 0.000 0.031 1.867 0.144 0.000 0.000 0.000 0.000 0.000 0.000 0.000 2.529 
---
1 test2fip_inconsistent left_hidden
1.596 0.000 0.000 2.749 3.620 0.000 0.000 0.000 0.000 0.815 0.000 1.342 0.000 0.000 0.000 1.524 2.148 0.000 0.000 2.275 
1 test2fip_inconsistent right_hidden
1.212 0.000 0.000 1.932 3.163 0.000 1.592 0.000 0.000 0.000 1.194 1.722 0.000 0.000 0.000 0.336 0.000 0.000 0.000 3.780 
---
