0 test1dax_consistent 0.000 0.125 0.000 0.441 1.300 0.000 0.000 0.000 1.977 1.357 0.000 0.000 0.098 0.000 1.057 0.000 0.114 0.368 1.388 0.000 0.000 0.000 0.444 1.028 0.000 0.747 3.938 0.000 2.167 0.665 0.000 0.000 0.000 0.000 0.048 0.000 0.000 6.152 0.000 0.000 
1 test1dax_inconsistent 0.000 0.125 0.000 0.441 1.300 0.000 0.000 0.000 1.977 1.357 0.000 0.000 0.098 0.000 1.057 0.000 0.114 0.368 1.388 0.000 0.000 0.000 0.246 1.481 0.000 0.000 1.163 0.000 1.514 0.325 0.000 0.000 0.000 0.264 0.000 0.000 0.000 2.314 0.000 0.152 
0 test1dax_consistent 0.097 0.104 0.250 0.000 1.343 0.000 0.000 1.276 0.276 0.690 0.080 1.150 0.000 0.761 0.415 0.112 1.626 0.000 0.037 0.000 0.000 3.956 0.042 0.000 0.019 0.000 0.000 0.667 0.000 0.000 0.000 0.000 1.635 5.275 0.422 0.000 1.272 0.000 1.759 0.000 
1 test1dax_inconsistent 0.097 0.104 0.250 0.000 1.343 0.000 0.000 1.276 0.276 0.690 0.080 1.150 0.000 0.761 0.415 0.112 1.626 0.000 0.037 0.000 0.199 0.646 0.373 0.000 0.265 0.077 0.000 0.963 0.061 0.000 0.330 0.000 0.593 1.751 0.589 0.000 0.044 0.000 0.490 0.000 
0 test1dax_consistent 0.970 0.300 1.122 0.763 0.409 0.000 0.181 0.000 0.000 0.363 0.000 0.000 1.599 1.112 0.643 0.000 0.793 0.000 0.000 0.041 0.000 0.000 0.000 0.000 0.000 0.752 4.533 0.027 0.000 0.000 0.000 0.000 4.892 0.000 3.174 0.000 0.051 0.000 0.000 0.000 
1 test1dax_inconsistent 0.970 0.300 1.122 0.763 0.409 0.000 0.181 0.000 0.000 0.363 0.000 0.000 1.599 1.112 0.643 0.000 0.793 0.000 0.000 0.041 0.000 0.155 0.000 0.619 0.402 0.494 2.340 0.000 0.000 0.000 0.000 0.000 1.317 0.000 0.869 0.000 0.200 0.261 0.000 0.000 
0 test1dax_consistent 0.260 1.412 0.152 0.000 0.436 0.176 0.000 1.033 0.310 0.000 0.931 0.000 0.000 0.000 0.000 0.797 0.815 1.342 1.165 0.366 2.353 1.099 2.382 3.241 0.000 0.000 1.654 0.030 0.000 0.000 0.000 1.248 0.000 0.000 0.000 3.027 2.128 0.185 0.000 0.000 
1 test1dax_inconsistent 0.260 1.412 0.152 0.000 0.436 0.176 0.000 1.033 0.310 0.000 0.931 0.000 0.000 0.000 0.000 0.797 0.815 1.342 1.165 0.366 1.339 0.137 0.860 0.536 0.615 0.000 0.000 0.131 0.000 0.267 0.197 0.662 0.000 0.430 0.074 0.695 0.921 0.000 0.000 0.000 
0 test1dax_consistent 0.000 0.000 0.007 0.480 0.171 0.046 0.882 0.000 0.061 1.547 1.081 1.974 0.000 0.811 0.000 0.000 0.025 0.000 0.153 0.609 0.000 0.000 0.000 1.387 0.000 0.000 0.000 2.656 4.723 2.754 2.588 1.104 0.000 0.000 0.000 0.000 0.000 0.217 3.526 0.000 
1 test1dax_inconsistent 0.000 0.000 0.007 0.480 0.171 0.046 0.882 0.000 0.061 1.547 1.081 1.974 0.000 0.811 0.000 0.000 0.025 0.000 0.153 0.609 0.000 0.476 0.000 0.906 0.429 0.000 0.000 0.981 1.027 0.447 1.303 0.904 0.610 0.000 0.000 0.000 0.000 0.345 1.039 0.660 
0 test1dax_consistent 0.084 0.000 0.428 0.483 0.265 0.000 0.906 1.122 1.697 0.000 0.000 0.000 0.000 0.028 0.032 1.739 0.837 0.718 0.000 0.000 1.330 0.270 2.845 2.837 0.000 4.303 0.836 0.000 0.000 0.000 0.000 0.000 0.000 0.000 0.000 0.000 0.000 2.560 0.000 0.000 
1 test1dax_inconsistent 0.084 0.000 0.428 0.483 0.265 0.000 0.906 1.122 1.697 0.000 0.000 0.000 0.000 0.028 0.032 1.739 0.837 0.718 0.000 0.000 0.474 0.343 0.463 0.814 0.164 0.923 0.000 0.629 0.000 0.000 0.068 0.000 0.494 0.000 0.129 0.190 0.249 1.738 0.094 0.000 
0 test1dax_consistent 0.000 0.000 0.000 0.587 1.076 1.407 0.052 0.000 0.009 0.000 0.083 1.298 0.000 0.000 1.408 0.000 0.041 0.000 0.000 1.536 1.292 0.000 0.000 2.040 0.000 2.658 0.000 0.000 0.000 0.000 0.000 0.000 1.908 2.873 3.714 0.183 0.031 0.424 0.000 0.005 
1 test1dax_inconsistent 0.000 0.000 0.000 0.587 1.076 1.407 0.052 0.000 0.009 0.000 0.083 1.298 0.000 0.000 1.408 0.000 0.041 0.000 0.000 1.536 0.741 0.000 0.000 0.887 0.000 1.882 0.000 0.000 0.037 0.000 0.196 0.083 0.100 0.361 0.574 0.342 0.406 0.016 0.578 0.823 
0 test1dax_consistent 0.000 0.000 0.706 1.048 0.237 0.919 0.000 0.000 0.000 0.000 0.000 0.247 0.033 0.000 0.000 2.297 0.000 0.636 1.444 0.000 0.456 0.000 0.000 0.000 1.654 3.153 4.079 0.000 2.290 2.463 0.000 0.040 0.000 0.000 0.000 1.342 0.000 0.000 2.570 0.000 
1 test1dax_inconsistent 0.000 0.000 0.706 1.048 0.237 0.919 0.000 0.000 0.000 0.000 0.000 0.247 0.033 0.000 0.000 2.297 0.000 0.636 1.444 0.000 0.230 0.000 0.000 0.016 1.175 0.637 1.052 0.000 0.458 1.044 0.000 0.291 0.000 0.000 0.000 0.820 0.000 0.001 1.565 0.000 
0 test1dax_consistent 0.114 0.546 0.702 0.398 0.407 1.622 0.132 0.021 0.015 0.000 0.000 0.566 0.000 0.000 0.468 0.252 0.071 0.761 0.047 1.306 0.000 1.462 2.169 2.174 4.039 1.730 0.162 0.000 1.829 1.906 0.000 0.000 0.000 0.000 1.104 0.770 1.651 2.629 0.000 0.000 
1 test1dax_inconsistent 0.114 0.546 0.702 0.398 0.407 1.622 0.132 0.021 0.015 0.000 0.000 0.566 0.000 0.000 0.468 0.252 0.071 0.761 0.047 1.306 0.226 0.270 0.656 0.955 1.242 1.435 0.546 0.000 0.839 0.946 0.000 0.054 0.000 0.000 0.029 0.246 0.868 0.578 0.000 0.531 
0 test1dax_consistent 0.121 2.333 0.970 0.000 0.823 0.179 0.000 0.000 0.682 0.523 0.532 0.000 0.000 0.000 0.000 0.506 0.026 0.000 0.528 0.000 0.843 0.742 0.038 0.000 1.020 0.220 1.249 0.000 0.906 4.760 1.687 0.000 1.564 1.930 0.000 0.259 0.000 0.000 0.129 1.644 
1 test1dax_inconsistent 0.121 2.333 0.970 0.000 0.823 0.179 0.000 0.000 0.682 0.523 0.532 0.000 0.000 0.000 0.000 0.506 0.026 0.000 0.528 0.000 1.409 0.410 0.000 0.000 1.189 0.150 0.000 0.000 0.000 1.118 1.336 0.000 0.500 0.599 0.248 0.000 0.000 0.000 0.316 0.593 
0 test1dax_consistent 0.000 0.000 1.368 0.302 0.412 0.000 0.653 0.003 0.000 0.000 0.143 0.907 1.019 0.000 0.000 1.380 0.000 0.899 1.242 0.075 0.625 0.000 0.000 1.881 0.000 0.888 0.000 0.000 2.328 0.000 0.927 1.473 0.964 2.079 0.000 5.661 0.000 1.291 1.743 0.000 
1 test1dax_inconsistent 0.000 0.000 1.368 0.302 0.412 0.000 0.653 0.003 0.000 0.000 0.143 0.907 1.019 0.000 0.000 1.380 0.000 0.899 1.242 0.075 0.888 0.000 0.543 1.809 0.000 0.573 0.182 0.000 0.334 0.000 0.362 0.037 0.000 0.328 0.000 1.890 0.000 0.524 0.206 0.000 
0 test1dax_consistent 0.012 0.055 0.000 0.000 0.000 1.811 0.000 0.101 0.336 1.396 0.787 0.633 0.929 0.232 0.345 0.000 0.127 0.072 0.000 0.542 0.000 0.926 0.000 0.000 1.301 0.633 2.308 0.000 0.015 2.439 0.948 3.276 0.764 0.000 1.767 0.000 0.522 3.578 0.000 3.374 
1 test1dax_inconsistent 0.012 0.055 0.000 0.000 0.000 1.811 0.000 0.101 0.336 1.396 0.787 0.633 0.929 0.232 0.345 0.000 0.127 0.072 0.000 0.542 0.030 0.501 0.031 0.000 1.125 0.368 0.801 0.289 0.499 0.525 0.133 0.486 0.663 0.000 0.426 0.000 1.066 0.804 0.000 1.671 
0 test1dax_consistent 0.694 1.661 0.001 1.427 0.000 0.000 0.962 0.000 0.000 0.400 0.000 0.748 0.858 0.521 0.000 0.193 0.390 0.000 0.160 0.356 1.649 0.000 0.000 1.983 0.000 0.000 2.001 0.000 3.336 0.000 0.009 0.000 0.000 0.000 0.000 5.522 0.330 1.191 0.000 1.851 
1 test1dax_inconsistent 0.694 1.661 0.001 1.427 0.000 0.000 0.962 0.000 0.000 0.400 0.000 0.748 0.858 0.521 0.000 0.193 0.390 0.000 0.160 0.356 1.401 0.408 0.000 1.118 0.000 0.000 0.365 0.000 1.528 0.013 0.000 0.000 0.000 0.009 0.000 1.158 0.396 0.028 0.067 1.311 
0 test1dax_consistent 0.056 0.000 0.645 0.188 0.000 0.090 0.000 0.049 0.000 0.000 0.330 0.033 1.835 0.000 0.341 1.420 2.104 0.000 0.000 0.000 0.000 0.000 0.000 1.024 0.000 2.302 0.000 0.000 0.000 0.000 0.000 2.860 3.104 0.000 2.043 0.135 3.288 0.000 0.000 2.905 
1 test1dax_inconsistent 0.056 0.000 0.645 0.188 0.000 0.090 0.000 0.049 0.000 0.000 0.330 0.033 1.835 0.000 0.341 1.420 2.104 0.000 0.000 0.000 0.000 0.000 0.350 1.115 0.000 1.971 0.171 0.000 0.000 0.000 0.000 0.295 0.669 0.190 0.930 0.459 0.619 0.000 0.000 0.792 
0 test1dax_consistent 0.000 0.180 1.025 0.668 0.000 1.133 1.187 0.160 1.696 0.942 0.446 0.086 0.000 0.669 0.055 0.231 0.007 0.137 0.041 0.118 0.000 0.000 0.278 1.063 0.826 1.924 0.000 0.000 0.059 0.578 3.986 0.000 0.000 4.387 1.713 1.711 0.000 0.000 0.824 0.000 
1 test1dax_inconsistent 0.000 0.180 1.025 0.668 0.000 1.133 1.187 0.160 1.696 0.942 0.446 0.086 0.000 0.669 0.055 0.231 0.007 0.137 0.041 0.118 0.000 0.000 0.000 0.000 0.000 0.673 0.408 0.000 0.000 1.113 1.398 0.000 0.000 0.816 1.330 0.335 0.064 0.178 0.450 0.090 
0 test1dax_consistent 1.218 0.000 0.684 0.000 0.744 0.000 0.000 0.229 0.000 0.036 0.790 1.759 1.490 1.133 0.877 0.492 0.528 0.000 0.000 0.516 0.532 1.898 0.430 0.834 0.118 0.956 0.954 0.000 1.637 0.000 0.000 0.000 4.565 0.000 3.273 0.000 0.000 0.000 0.000 3.173 
1 test1dax_inconsistent 1.218 0.000 0.684 0.000 0.744 0.000 0.000 0.229 0.000 0.036 0.790 1.759 1.490 1.133 0.877 0.492 0.528 0.000 0.000 0.516 0.022 0.555 0.611 0.620 0.406 0.355 0.056 0.080 0.045 0.711 0.000 0.536 1.674 0.517 1.445 0.190 0.000 0.000 0.000 0.703 
0 test1dax_consistent 0.000 1.918 0.008 0.000 0.000 0.000 0.751 0.364 1.035 0.000 0.613 0.439 0.000 0.019 0.415 0.650 1.369 0.000 0.000 0.669 1.216 0.791 0.635 0.000 0.396 0.000 0.000 2.140 0.058 0.000 0.240 2.011 0.000 0.000 2.032 0.000 0.000 4.984 0.000 0.000 
1 test1dax_inconsistent 0.000 1.918 0.008 0.000 0.000 0.000 0.751 0.364 1.035 0.000 0.613 0.439 0.000 0.019 0.415 0.650 1.369 0.000 0.000 0.669 0.962 0.725 0.287 0.000 0.000 0.098 0.461 0.114 0.000 0.279 0.548 0.857 0.133 0.000 1.617 0.000 0.278 1.023 0.000 0.109 
0 test1dax_consistent 0.460 0.933 2.067 0.000 0.000 0.000 0.201 0.000 0.058 0.000 0.000 0.000 0.181 0.335 0.000 0.922 0.227 1.502 0.149 0.144 0.916 0.000 1.276 0.000 1.411 0.316 0.000 0.000 0.000 4.074 2.154 0.000 3.012 2.434 0.000 1.534 2.472 0.090 0.782 0.000 
1 test1dax_inconsistent 0.460 0.933 2.067 0.000 0.000 0.000 0.201 0.000 0.058 0.000 0.000 0.000 0.181 0.335 0.000 0.922 0.227 1.502 0.149 0.144 0.000 0.019 0.395 0.000 0.151 0.496 0.607 0.498 0.218 0.961 0.566 0.000 0.442 0.520 0.000 0.417 1.716 0.150 0.375 0.000 
0 test1dax_consistent 0.453 0.059 0.813 0.000 0.000 0.000 0.371 0.482 0.000 0.029 1.779 0.034 0.024 0.000 0.256 0.043 0.000 1.637 1.012 0.000 0.000 0.561 1.544 2.162 0.000 0.000 3.160 1.531 0.000 2.127 0.717 4.852 0.034 1.354 0.631 0.000 0.000 1.408 0.000 0.000 
1 test1dax_inconsistent 0.453 0.059 0.813 0.000 0.000 0.000 0.371 0.482 0.000 0.029 1.779 0.034 0.024 0.000 0.256 0.043 0.000 1.637 1.012 0.000 0.008 0.280 1.369 1.451 0.000 0.000 0.000 0.731 0.000 0.530 0.603 1.032 0.211 1.102 0.508 0.000 0.000 0.229 0.183 0.000 
0 test1dax_consistent 0.068 0.000 0.000 0.000 1.353 1.454 0.098 1.339 0.462 0.000 0.000 0.000 1.147 1.666 0.846 0.313 0.000 0.000 0.000 0.020 0.000 0.000 1.203 2.721 2.453 0.208 0.000 1.051 0.000 0.000 1.377 5.332 2.617 0.000 0.015 0.000 0.000 0.000 0.501 1.591 
1 test1dax_inconsistent 0.068 0.000 0.000 0.000 1.353 1.454 0.098 1.339 0.462 0.000 0.000 0.000 1.147 1.666 0.846 0.313 0.000 0.000 0.000 0.020 0.000 0.000 0.482 0.569 0.274 0.664 0.040 0.103 0.773 0.389 0.108 2.062 1.019 0.000 0.044 0.073 0.000 0.046 0.000 0.578 
0 test1dax_consistent 0.000 0.000 0.322 1.045 0.000 1.078 0.001 0.475 1.700 0.000 0.000 0.000 0.460 1.618 1.231 0.000 1.801 0.000 0.000 0.353 3.017 0.000 0.000 2.432 1.580 2.722 0.000 0.000 4.701 0.024 2.371 1.224 0.000 2.412 0.077 0.000 0.000 1.513 0.000 1.603 
1 test1dax_inconsistent 0.000 0.000 0.322 1.045 0.000 1.078 0.001 0.475 1.700 0.000 0.000 0.000 0.460 1.618 1.231 0.000 1.801 0.000 0.000 0.353 1.316 0.000 0.000 0.884 0.306 0.757 0.000 0.000 2.413 0.948 0.908 0.279 0.354 0.092 0.240 0.000 0.000 0.039 0.000 0.383 
0 test1dax_consistent 0.719 1.038 0.398 0.407 0.048 1.765 0.082 0.000 0.397 0.645 1.054 0.517 0.000 0.095 0.000 0.000 0.000 0.211 0.000 0.948 1.154 0.000 0.000 0.586 1.474 2.012 2.809 0.837 0.130 4.606 0.000 0.000 0.000 2.572 0.000 0.819 0.000 0.000 0.000 0.758 
1 test1dax_inconsistent 0.719 1.038 0.398 0.407 0.048 1.765 0.082 0.000 0.397 0.645 1.054 0.517 0.000 0.095 0.000 0.000 0.000 0.211 0.000 0.948 1.529 0.000 0.266 0.893 0.749 0.324 1.078 0.000 0.000 0.813 0.000 0.179 0.000 1.019 0.066 0.616 0.000 0.000 0.000 0.278 
0 test1dax_consistent 0.537 0.240 0.564 0.905 0.000 0.000 1.372 0.854 0.000 0.034 1.032 0.338 0.467 1.110 0.000 0.358 1.178 0.000 0.000 0.385 0.312 0.000 2.827 0.000 4.122 0.010 4.030 0.169 0.593 0.000 0.000 0.000 1.222 1.109 0.000 0.000 0.000 2.181 0.029 0.000 
1 test1dax_inconsistent 0.537 0.240 0.564 0.905 0.000 0.000 1.372 0.854 0.000 0.034 1.032 0.338 0.467 1.110 0.000 0.358 1.178 0.000 0.000 0.385 0.000 0.531 0.660 0.000 2.050 0.000 0.785 0.912 0.614 0.000 0.270 0.000 0.875 1.010 0.000 0.000 0.000 0.040 0.000 0.000 
0 test1dax_consistent 1.006 0.501 1.270 0.000 0.102 0.000 0.606 0.669 0.630 0.000 1.210 0.000 0.000 0.000 0.387 0.000 0.433 1.360 0.806 0.920 0.447 1.780 1.079 1.442 0.318 0.900 3.897 0.327 0.513 0.000 1.192 0.000 0.000 0.000 1.269 0.000 0.813 0.124 3.663 0.424 
1 test1dax_inconsistent 1.006 0.501 1.270 0.000 0.102 0.000 0.606 0.669 0.630 0.000 1.210 0.000 0.000 0.000 0.387 0.000 0.433 1.360 0.806 0.920 0.000 0.245 0.768 0.000 0.016 0.070 0.750 0.000 0.347 0.282 0.921 0.194 0.000 0.008 0.000 0.000 0.625 0.663 1.636 0.000 
0 test1dax_consistent 1.263 0.000 0.000 0.000 0.307 0.000 1.336 0.122 0.348 0.113 0.781 0.186 0.094 1.368 0.144 0.000 0.367 0.299 1.532 0.122 4.695 0.000 0.000 0.000 0.057 0.000 2.118 0.000 0.000 0.094 4.800 0.673 0.118 0.000 0.000 0.002 0.000 0.000 0.000 0.000 
1 test1dax_inconsistent 1.263 0.000 0.000 0.000 0.307 0.000 1.336 0.122 0.348 0.113 0.781 0.186 0.094 1.368 0.144 0.000 0.367 0.299 1.532 0.122 1.343 0.000 0.000 0.040 0.054 0.000 0.146 0.000 0.000 0.116 1.880 1.748 0.339 0.000 0.000 0.000 0.045 0.009 0.000 0.000 
0 test1dax_consistent 0.459 0.495 1.053 0.604 2.033 0.898 0.478 1.453 0.534 0.846 0.000 0.006 0.040 0.507 0.000 0.000 0.647 0.000 0.032 0.000 0.089 1.852 0.000 0.000 1.553 4.418 0.001 0.091 1.529 2.654 0.000 0.267 0.000 0.000 0.000 0.000 2.562 0.000 0.207 0.413 
1 test1dax_inconsistent 0.459 0.495 1.053 0.604 2.033 0.898 0.478 1.453 0.534 0.846 0.000 0.006 0.040 0.507 0.000 0.000 0.647 0.000 0.032 0.000 0.239 0.054 0.496 0.143 0.086 1.289 0.107 0.000 0.000 0.442 0.000 0.384 0.052 0.098 0.000 0.279 1.451 0.000 0.442 1.240 
0 test1dax_consistent 0.216 0.679 0.000 2.018 0.000 0.095 0.290 0.000 0.000 0.000 1.753 0.067 0.000 1.576 0.519 0.919 0.000 0.000 0.000 0.300 0.153 0.567 0.000 1.476 0.000 0.000 0.000 0.000 0.000 1.729 0.809 1.812 1.695 0.017 2.296 3.292 4.947 0.000 0.000 1.227 
1 test1dax_inconsistent 0.216 0.679 0.000 2.018 0.000 0.095 0.290 0.000 0.000 0.000 1.753 0.067 0.000 1.576 0.519 0.919 0.000 0.000 0.000 0.300 0.000 0.903 0.000 0.000 0.000 0.000 0.453 0.000 0.000 0.412 1.449 0.637 0.780 0.213 0.305 0.400 1.244 0.000 0.000 0.787 
0 test1dax_consistent 0.863 0.117 0.260 0.294 0.530 0.000 2.264 0.566 0.000 0.609 0.000 0.000 0.000 0.407 0.000 0.914 0.792 0.153 0.000 0.000 0.072 0.000 0.183 0.033 3.150 0.000 3.868 2.389 0.000 0.033 0.471 0.000 0.000 1.242 0.000 1.329 0.000 0.000 0.000 1.257 
1 test1dax_inconsistent 0.863 0.117 0.260 0.294 0.530 0.000 2.264 0.566 0.000 0.609 0.000 0.000 0.000 0.407 0.000 0.914 0.792 0.153 0.000 0.000 0.559 0.091 0.564 0.447 0.711 0.000 0.734 1.730 0.000 0.483 0.299 0.066 0.000 1.126 0.000 0.000 0.393 0.000 0.000 0.000 
0 test1dax_consistent 0.000 0.000 0.000 0.000 0.000 1.075 0.027 0.254 0.982 0.000 0.000 0.000 0.145 0.000 1.086 1.697 1.967 0.000 0.152 0.169 2.902 0.000 1.953 0.000 2.056 3.429 0.000 0.000 2.687 0.444 0.318 2.173 0.575 0.000 0.440 0.072 0.001 2.565 0.000 0.885 
1 test1dax_inconsistent 0.000 0.000 0.000 0.000 0.000 1.075 0.027 0.254 0.982 0.000 0.000 0.000 0.145 0.000 1.086 1.697 1.967 0.000 0.152 0.169 0.586 0.000 0.006 0.576 0.671 0.591 0.000 0.004 0.936 0.042 0.000 1.326 0.161 0.000 0.148 0.761 0.000 0.937 0.025 0.613 
0 test1dax_consistent 0.000 1.301 0.698 0.151 0.071 0.951 0.824 0.132 0.128 0.494 0.555 0.815 0.000 1.712 0.000 0.000 0.272 0.124 0.066 0.712 1.368 0.000 0.346 0.458 1.902 1.422 0.057 4.482 0.000 0.000 0.000 1.094 0.978 2.664 0.000 1.664 0.640 0.883 0.000 2.271 
1 test1dax_inconsistent 0.000 1.301 0.698 0.151 0.071 0.951 0.824 0.132 0.128 0.494 0.555 0.815 0.000 1.712 0.000 0.000 0.272 0.124 0.066 0.712 0.000 0.291 0.478 0.573 0.226 0.691 0.235 0.993 0.000 0.000 0.064 1.149 0.491 0.286 0.000 1.006 0.000 0.536 0.072 0.176 
0 test1dax_consistent 0.000 0.397 0.119 1.607 0.000 0.000 1.187 0.000 0.487 0.278 0.701 0.451 0.237 0.000 0.760 0.944 0.000 0.552 0.000 0.000 0.000 1.047 0.000 0.000 0.000 0.636 0.000 0.000 1.400 0.000 0.000 0.000 0.000 0.000 0.256 6.219 0.000 3.009 0.000 0.000 
1 test1dax_inconsistent 0.000 0.397 0.119 1.607 0.000 0.000 1.187 0.000 0.487 0.278 0.701 0.451 0.237 0.000 0.760 0.944 0.000 0.552 0.000 0.000 0.000 0.037 0.000 0.000 0.166 0.649 0.000 0.000 1.160 0.000 0.344 0.000 0.000 0.000 0.357 1.200 0.000 2.468 0.000 0.000 
0 test1dax_consistent 0.000 0.000 0.000 0.850 0.129 0.000 0.000 0.208 0.000 0.075 1.411 1.086 0.678 0.465 0.654 1.565 0.216 0.164 0.000 0.844 0.000 3.989 0.000 0.506 0.000 0.000 0.000 0.000 0.000 0.000 0.626 0.000 1.401 1.976 0.000 4.377 2.415 3.065 0.955 0.000 
1 test1dax_inconsistent 0.000 0.000 0.000 0.850 0.129 0.000 0.000 0.208 0.000 0.075 1.411 1.086 0.678 0.465 0.654 1.565 0.216 0.164 0.000 0.844 0.000 1.518 0.000 1.357 0.000 0.000 0.000 0.000 0.000 0.000 0.194 0.308 1.130 1.353 0.000 1.428 0.971 0.238 0.000 0.239 
0 test1dax_consistent 0.000 0.000 0.000 0.075 0.000 0.904 0.000 0.467 1.788 0.000 1.259 1.575 1.244 0.000 0.000 0.936 0.039 0.343 0.000 0.147 1.793 0.000 0.000 4.017 0.000 0.714 0.000 0.000 0.877 0.000 0.954 2.373 1.586 0.000 0.000 3.474 0.000 0.226 0.000 2.089 
1 test1dax_inconsistent 0.000 0.000 0.000 0.075 0.000 0.904 0.000 0.467 1.788 0.000 1.259 1.575 1.244 0.000 0.000 0.936 0.039 0.343 0.000 0.147 0.286 0.000 0.492 1.491 0.000 0.665 0.000 0.000 0.168 0.000 0.707 0.595 1.118 0.000 0.000 0.446 0.086 0.418 0.000 0.151 
0 test1dax_consistent 0.000 0.396 1.106 0.250 1.524 1.223 1.335 0.000 0.376 0.639 0.000 0.000 0.000 0.000 0.000 1.592 0.000 0.553 0.000 0.000 0.000 0.000 2.062 4.191 2.021 0.437 3.139 0.862 0.000 0.000 0.609 0.000 0.321 2.710 0.000 0.972 0.000 0.450 0.056 3.110 
1 test1dax_inconsistent 0.000 0.396 1.106 0.250 1.524 1.223 1.335 0.000 0.376 0.639 0.000 0.000 0.000 0.000 0.000 1.592 0.000 0.553 0.000 0.000 0.000 0.000 1.378 1.163 0.230 0.527 0.528 0.118 0.000 0.000 0.272 0.000 0.094 1.514 0.000 0.043 0.000 1.151 0.000 0.771 
0 test1dax_consistent 0.000 0.000 0.088 0.000 0.000 1.669 0.890 0.000 0.000 0.000 0.000 0.079 1.236 0.763 0.000 0.035 1.462 1.438 0.000 1.006 0.202 1.198 0.339 0.000 0.000 2.993 0.000 1.960 0.000 3.468 0.000 0.071 0.000 0.000 0.000 0.285 1.260 4.775 0.263 0.000 
1 test1dax_inconsistent 0.000 0.000 0.088 0.000 0.000 1.669 0.890 0.000 0.000 0.000 0.000 0.079 1.236 0.763 0.000 0.035 1.462 1.438 0.000 1.006 0.535 0.302 0.271 0.000 0.000 1.597 0.000 0.787 0.000 0.968 0.000 0.196 0.000 0.217 0.000 0.636 1.139 1.049 0.000 0.000 
0 test1dax_consistent 0.047 0.000 0.000 1.188 0.000 0.090 1.286 1.052 1.103 0.000 0.000 0.555 0.176 0.024 0.000 0.144 0.908 0.301 1.580 0.406 0.000 0.000 0.000 0.262 0.000 0.000 0.844 1.088 3.177 1.665 0.399 0.119 0.975 0.000 0.000 0.000 0.796 2.615 0.000 4.394 
1 test1dax_inconsistent 0.047 0.000 0.000 1.188 0.000 0.090 1.286 1.052 1.103 0.000 0.000 0.555 0.176 0.024 0.000 0.144 0.908 0.301 1.580 0.406 0.000 0.000 0.000 0.530 0.000 0.167 0.296 0.226 1.236 0.923 0.332 0.512 0.098 0.157 0.000 0.000 0.935 1.815 0.204 0.575 
0 test1dax_consistent 1.423 0.000 0.000 0.000 0.000 0.000 0.000 0.099 2.162 0.179 0.000 0.000 0.000 0.484 1.208 0.000 1.239 0.000 0.000 0.017 0.000 0.000 0.000 1.870 0.000 2.121 0.000 2.826 3.650 0.037 0.000 0.000 0.000 0.000 2.047 0.000 3.310 0.000 0.000 1.790 
1 test1dax_inconsistent 1.423 0.000 0.000 0.000 0.000 0.000 0.000 0.099 2.162 0.179 0.000 0.000 0.000 0.484 1.208 0.000 1.239 0.000 0.000 0.017 0.220 0.000 0.000 0.635 0.000 1.074 0.000 1.758 0.830 0.860 0.000 0.000 0.000 0.000 1.476 0.000 0.677 0.000 0.000 0.903 
0 test1dax_consistent 0.674 0.586 0.186 0.151 0.045 0.000 0.359 0.685 0.767 0.000 0.114 0.112 0.000 0.078 0.716 1.931 0.000 0.418 0.000 0.231 1.710 0.000 4.889 0.000 0.172 0.000 0.000 3.852 0.000 0.000 0.060 0.000 0.000 2.533 0.000 0.154 0.000 0.000 0.753 0.094 
1 test1dax_inconsistent 0.674 0.586 0.186 0.151 0.045 0.000 0.359 0.685 0.767 0.000 0.114 0.112 0.000 0.078 0.716 1.931 0.000 0.418 0.000 0.231 1.089 0.599 1.630 0.367 0.663 0.000 0.092 0.989 0.423 0.000 0.000 0.000 0.441 0.651 0.351 0.361 0.000 0.132 0.000 0.136 
0 test1dax_consistent 0.000 0.812 0.946 0.647 0.000 0.610 0.000 0.000 0.216 0.000 0.268 0.046 2.169 0.521 1.653 0.000 0.426 0.102 0.306 0.061 1.812 0.000 1.123 3.867 0.000 0.000 1.168 0.584 3.128 1.804 0.000 0.000 0.341 1.739 0.000 0.000 2.430 0.000 0.000 0.000 
1 test1dax_inconsistent 0.000 0.812 0.946 0.647 0.000 0.610 0.000 0.000 0.216 0.000 0.268 0.046 2.169 0.521 1.653 0.000 0.426 0.102 0.306 0.061 0.457 0.000 0.398 1.243 0.000 0.000 0.077 0.024 1.110 0.361 0.000 0.428 0.983 0.198 0.000 0.000 0.674 0.000 0.000 0.379 
0 test1dax_consistent 0.000 0.795 0.000 1.937 0.558 0.000 0.000 0.121 0.071 0.412 1.020 1.728 0.000 0.000 0.000 0.712 0.000 0.000 0.000 0.000 1.532 2.157 4.978 2.494 2.063 0.938 0.000 0.000 0.178 1.358 3.801 0.000 0.000 0.000 0.125 0.000 0.000 0.000 0.000 0.000 
1 test1dax_inconsistent 0.000 0.795 0.000 1.937 0.558 0.000 0.000 0.121 0.071 0.412 1.020 1.728 0.000 0.000 0.000 0.712 0.000 0.000 0.000 0.000 0.632 1.244 1.690 0.000 0.719 0.564 0.000 0.000 0.469 1.183 1.031 0.000 0.000 0.000 0.658 0.889 0.000 0.217 0.000 0.000 
0 test1dax_consistent 0.000 0.143 0.000 0.000 0.000 0.000 0.064 1.104 0.000 0.000 0.393 0.000 2.088 0.000 0.063 0.000 0.020 1.888 0.053 1.108 0.000 0.000 0.000 3.965 0.688 0.000 0.105 0.671 1.491 0.000 0.964 2.285 0.764 0.000 3.693 0.000 1.651 0.723 1.213 0.381 
1 test1dax_inconsistent 0.000 0.143 0.000 0.000 0.000 0.000 0.064 1.104 0.000 0.000 0.393 0.000 2.088 0.000 0.063 0.000 0.020 1.888 0.053 1.108 0.016 0.000 0.016 0.943 0.918 0.000 0.475 0.562 1.147 0.000 0.449 0.000 0.000 0.236 1.007 0.000 0.755 0.397 0.315 0.967 
0 test1dax_consistent 0.044 0.841 0.000 1.347 0.000 0.000 0.242 0.273 0.023 0.000 0.823 0.880 1.606 0.928 0.230 0.231 1.073 0.084 0.000 0.439 0.000 0.000 0.000 2.066 0.000 0.000 1.773 1.665 0.000 0.014 1.046 0.889 3.505 0.004 2.346 0.000 0.815 1.911 0.305 5.229 
1 test1dax_inconsistent 0.044 0.841 0.000 1.347 0.000 0.000 0.242 0.273 0.023 0.000 0.823 0.880 1.606 0.928 0.230 0.231 1.073 0.084 0.000 0.439 0.000 0.000 0.000 1.911 0.000 0.000 1.102 0.051 0.000 0.204 0.019 0.151 1.469 0.087 0.632 0.253 0.417 1.016 0.000 1.495 
0 test1dax_consistent 0.673 0.000 0.338 0.000 0.774 0.000 0.391 1.132 0.003 0.000 0.185 0.887 0.690 0.000 0.242 1.257 0.123 0.000 1.412 0.910 0.567 1.127 0.058 0.540 0.000 0.000 0.000 4.919 0.000 0.702 1.838 0.006 2.582 1.517 0.049 0.000 0.000 0.000 0.584 3.550 
1 test1dax_inconsistent 0.673 0.000 0.338 0.000 0.774 0.000 0.391 1.132 0.003 0.000 0.185 0.887 0.690 0.000 0.242 1.257 0.123 0.000 1.412 0.910 0.254 0.813 0.013 0.199 0.045 0.000 0.000 1.236 0.000 0.194 2.147 0.114 1.236 1.184 0.000 0.000 0.311 0.000 0.786 0.844 
0 test1dax_consistent 0.000 0.780 0.382 0.000 0.463 1.735 0.000 0.365 0.000 0.278 0.353 0.766 0.811 0.000 1.185 0.000 0.000 0.332 1.201 0.948 0.000 0.000 0.364 0.000 0.000 3.875 0.000 3.544 0.000 0.000 0.000 0.000 0.180 0.000 3.338 1.675 2.421 2.231 0.930 0.000 
1 test1dax_inconsistent 0.000 0.780 0.382 0.000 0.463 1.735 0.000 0.365 0.000 0.278 0.353 0.766 0.811 0.000 1.185 0.000 0.000 0.332 1.201 0.948 0.000 0.000 0.629 0.000 0.000 1.211 0.000 0.723 0.000 0.000 0.298 1.001 0.668 0.000 1.050 0.566 1.121 1.261 0.485 0.000 
0 test1dax_consistent 0.000 0.769 0.000 0.152 0.069 0.148 0.585 0.082 1.211 0.000 0.000 1.386 0.608 1.215 0.000 0.118 0.000 1.272 0.167 0.013 0.000 2.406 0.000 0.000 0.000 3.963 0.000 0.000 2.778 0.673 0.000 0.000 0.000 2.751 0.662 0.181 0.316 0.000 3.421 0.059 
1 test1dax_inconsistent 0.000 0.769 0.000 0.152 0.069 0.148 0.585 0.082 1.211 0.000 0.000 1.386 0.608 1.215 0.000 0.118 0.000 1.272 0.167 0.013 0.000 0.000 0.000 0.000 0.000 1.525 0.000 0.241 0.583 0.267 0.000 0.229 0.524 0.903 0.515 0.194 0.670 0.063 1.884 0.585 
0 test1dax_consistent 0.008 0.071 0.000 0.043 0.911 0.185 1.169 0.823 0.244 1.010 1.014 0.000 0.637 0.000 0.942 1.269 0.000 0.970 0.000 0.000 0.000 0.000 1.650 0.671 3.879 0.000 0.000 0.094 0.630 0.042 0.000 0.760 0.000 3.868 0.000 2.995 0.000 0.000 1.728 0.000 
1 test1dax_inconsistent 0.008 0.071 0.000 0.043 0.911 0.185 1.169 0.823 0.244 1.010 1.014 0.000 0.637 0.000 0.942 1.269 0.000 0.970 0.000 0.000 0.000 0.321 0.580 0.713 0.514 0.000 0.000 0.130 0.805 0.407 0.298 0.692 0.000 1.381 0.487 0.756 0.000 0.000 0.384 0.000 
0 test1dax_consistent 0.000 0.000 0.324 0.000 0.000 1.400 1.306 0.741 0.000 1.333 0.515 0.000 0.000 0.000 0.783 0.663 1.010 0.302 0.850 0.278 0.000 0.000 0.000 0.000 0.000 0.000 3.867 0.000 0.000 3.171 0.936 0.000 0.000 0.000 1.820 2.077 2.418 0.000 3.120 0.000 
1 test1dax_inconsistent 0.000 0.000 0.324 0.000 0.000 1.400 1.306 0.741 0.000 1.333 0.515 0.000 0.000 0.000 0.783 0.663 1.010 0.302 0.850 0.278 0.000 0.000 0.000 0.000 0.000 0.619 0.723 0.000 0.649 1.036 0.000 0.000 0.000 0.000 0.551 0.691 1.198 0.044 1.857 0.000 
0 test1dax_consistent 1.508 0.194 0.000 0.000 0.000 0.000 0.003 0.000 1.256 0.572 0.077 0.000 0.986 0.000 0.749 0.963 1.289 0.164 0.780 0.005 3.034 1.150 0.000 0.000 0.000 0.000 1.032 0.000 1.812 0.000 0.317 0.000 0.000 0.000 0.691 0.000 5.140 3.217 0.440 3.002 
1 test1dax_inconsistent 1.508 0.194 0.000 0.000 0.000 0.000 0.003 0.000 1.256 0.572 0.077 0.000 0.986 0.000 0.749 0.963 1.289 0.164 0.780 0.005 1.282 1.389 0.000 0.000 0.000 0.000 0.775 0.237 1.089 0.000 0.094 0.000 0.911 0.000 0.000 0.000 1.875 0.699 0.231 0.894 
0 test1dax_consistent 0.000 0.298 1.042 0.000 1.258 0.016 0.142 0.208 0.000 0.804 0.000 0.198 0.000 2.176 0.689 0.000 0.003 0.000 0.000 0.036 0.000 0.000 3.733 0.000 1.304 0.717 0.000 0.925 0.372 0.780 5.223 1.036 0.000 2.832 0.000 0.000 0.000 0.000 0.000 0.000 
1 test1dax_inconsistent 0.000 0.298 1.042 0.000 1.258 0.016 0.142 0.208 0.000 0.804 0.000 0.198 0.000 2.176 0.689 0.000 0.003 0.000 0.000 0.036 0.000 0.000 0.759 0.000 1.356 0.341 0.000 1.475 0.503 0.042 1.587 1.435 0.133 0.605 0.323 0.000 0.000 0.077 0.000 0.071 
0 test1dax_consistent 1.683 0.160 0.229 0.452 0.031 0.771 0.262 0.701 0.000 0.128 0.136 0.587 0.897 1.289 0.000 0.197 0.338 1.171 0.141 0.337 2.431 0.000 0.000 0.000 0.000 3.568 0.000 0.000 0.000 0.000 0.000 0.000 0.784 4.442 0.000 0.000 0.105 1.808 0.246 0.000 
1 test1dax_inconsistent 1.683 0.160 0.229 0.452 0.031 0.771 0.262 0.701 0.000 0.128 0.136 0.587 0.897 1.289 0.000 0.197 0.338 1.171 0.141 0.337 0.249 0.245 0.000 0.721 0.000 1.899 0.000 0.070 0.000 0.000 0.000 0.000 0.472 0.536 0.000 0.000 1.067 1.464 0.322 0.494 
0 test1dax_consistent 1.373 0.000 2.347 0.000 0.279 0.000 0.278 1.085 0.000 0.695 0.221 0.000 0.000 0.158 0.000 0.000 1.049 0.044 0.000 0.000 0.955 0.000 0.249 0.000 0.000 0.004 3.270 0.469 0.000 0.000 3.406 0.000 1.681 3.949 0.000 2.635 0.285 0.000 0.000 0.000 
1 test1dax_inconsistent 1.373 0.000 2.347 0.000 0.279 0.000 0.278 1.085 0.000 0.695 0.221 0.000 0.000 0.158 0.000 0.000 1.049 0.044 0.000 0.000 1.100 0.000 0.000 0.000 0.000 0.181 0.807 1.104 0.303 0.000 1.369 0.000 1.297 0.536 0.000 0.508 0.817 0.069 0.000 0.000 
0 test1dax_consistent 0.432 0.194 0.724 0.000 1.474 0.972 0.000 0.051 0.000 0.000 0.321 1.106 0.000 0.442 0.332 1.476 0.531 0.998 0.000 0.414 0.464 0.286 0.000 2.248 0.386 0.043 0.160 0.000 0.000 1.793 0.594 4.352 0.000 3.085 0.000 0.000 0.000 1.254 0.620 1.799 
1 test1dax_inconsistent 0.432 0.194 0.724 0.000 1.474 0.972 0.000 0.051 0.000 0.000 0.321 1.106 0.000 0.442 0.332 1.476 0.531 0.998 0.000 0.414 0.066 0.530 0.000 0.755 0.414 0.386 0.027 0.174 0.000 0.493 0.992 0.823 0.000 1.190 0.000 0.549 0.025 0.394 0.650 0.843 
0 test1dax_consistent 0.048 0.880 0.075 0.000 1.414 2.242 0.731 0.038 0.191 0.000 0.000 0.000 0.000 0.777 0.803 0.502 0.000 0.000 0.419 0.649 1.088 4.201 0.000 1.286 0.000 0.089 0.000 1.997 0.000 0.845 0.000 0.000 0.000 2.439 3.462 0.215 0.049 2.138 0.000 0.624 
1 test1dax_inconsistent 0.048 0.880 0.075 0.000 1.414 2.242 0.731 0.038 0.191 0.000 0.000 0.000 0.000 0.777 0.803 0.502 0.000 0.000 0.419 0.649 0.623 0.895 0.000 0.193 0.395 0.000 0.000 0.603 0.302 0.000 0.000 0.000 0.000 0.924 0.548 0.797 0.359 1.441 0.000 0.988 
0 test1dax_consistent 0.323 0.187 1.324 0.000 0.000 0.257 0.389 1.092 0.000 1.061 0.000 0.000 0.000 0.771 1.674 0.207 1.013 0.087 0.296 0.000 0.000 0.546 2.310 0.000 2.496 0.000 0.000 0.000 0.000 0.000 0.766 0.000 0.380 4.120 0.000 3.237 0.830 2.347 0.598 0.000 
1 test1dax_inconsistent 0.323 0.187 1.324 0.000 0.000 0.257 0.389 1.092 0.000 1.061 0.000 0.000 0.000 0.771 1.674 0.207 1.013 0.087 0.296 0.000 0.000 0.000 1.236 0.000 1.037 0.000 0.000 0.061 0.475 0.000 0.793 0.000 0.000 0.911 0.000 0.451 0.535 1.515 0.517 0.000 
0 test1dax_consistent 0.000 0.615 1.323 1.162 0.000 0.000 0.813 0.086 0.221 0.000 0.893 0.337 0.131 1.987 0.000 0.207 0.000 0.310 0.000 0.134 0.163 0.477 3.884 1.933 0.000 0.000 2.641 1.571 0.846 0.000 0.055 0.000 1.111 0.000 0.000 2.769 0.000 1.934 0.316 2.534 
1 test1dax_inconsistent 0.000 0.615 1.323 1.162 0.000 0.000 0.813 0.086 0.221 0.000 0.893 0.337 0.131 1.987 0.000 0.207 0.000 0.310 0.000 0.134 0.687 0.561 0.336 0.893 0.619 0.000 0.749 0.313 0.567 0.000 0.577 0.416 0.572 0.251 0.000 0.788 0.000 0.340 0.098 0.890 
0 test1dax_consistent 0.693 0.000 0.285 0.606 1.585 1.601 0.007 0.674 0.436 0.000 0.125 0.000 0.059 0.432 0.000 0.000 1.004 0.000 1.309 0.000 0.000 0.000 0.177 1.881 0.059 2.597 0.000 1.383 1.239 0.000 0.973 0.000 0.000 0.973 0.000 0.000 5.689 0.000 3.659 0.217 
1 test1dax_inconsistent 0.693 0.000 0.285 0.606 1.585 1.601 0.007 0.674 0.436 0.000 0.125 0.000 0.059 0.432 0.000 0.000 1.004 0.000 1.309 0.000 0.100 0.000 0.000 0.666 0.658 1.513 0.000 0.698 0.951 0.000 0.647 0.000 0.011 0.515 0.000 0.000 1.999 0.000 0.312 0.000 
0 test1dax_consistent 0.000 0.229 1.423 0.399 0.646 0.000 0.000 0.085 1.540 0.951 1.357 0.006 0.000 0.618 0.088 0.000 0.636 0.000 0.491 0.058 0.000 2.873 0.382 0.000 0.000 0.000 0.000 3.540 0.000 4.305 2.108 0.000 0.000 1.185 0.000 0.415 1.453 0.775 0.000 1.901 
1 test1dax_inconsistent 0.000 0.229 1.423 0.399 0.646 0.000 0.000 0.085 1.540 0.951 1.357 0.006 0.000 0.618 0.088 0.000 0.636 0.000 0.491 0.058 0.000 0.604 0.405 0.000 0.361 0.000 0.000 0.534 0.343 1.625 1.244 0.000 0.000 0.486 0.000 0.227 0.192 0.058 0.136 0.407 
0 test1dax_consistent 0.000 0.000 0.000 0.000 0.000 0.015 0.000 1.304 0.577 0.109 0.000 1.136 0.000 0.084 0.206 1.579 0.000 1.272 0.000 1.693 0.000 2.526 0.860 0.000 0.000 2.454 0.000 3.677 1.695 2.058 2.898 0.000 0.000 0.222 1.532 1.632 0.287 0.000 1.952 1.209 
1 test1dax_inconsistent 0.000 0.000 0.000 0.000 0.000 0.015 0.000 1.304 0.577 0.109 0.000 1.136 0.000 0.084 0.206 1.579 0.000 1.272 0.000 1.693 0.000 0.778 0.115 0.000 0.000 0.482 0.000 1.048 0.837 0.899 1.816 0.000 0.000 0.317 0.971 0.431 0.218 0.446 0.842 0.845 
0 test1dax_consistent 0.000 0.000 0.893 0.940 0.502 0.000 0.382 0.161 0.440 0.000 1.364 0.247 0.023 0.801 0.000 0.080 1.057 0.841 0.634 1.486 0.000 0.000 0.556 0.000 0.664 0.000 1.552 2.447 0.000 2.225 0.000 0.000 0.131 3.327 0.000 0.000 0.232 0.000 4.296 0.376 
1 test1dax_inconsistent 0.000 0.000 0.893 0.940 0.502 0.000 0.382 0.161 0.440 0.000 1.364 0.247 0.023 0.801 0.000 0.080 1.057 0.841 0.634 1.486 0.000 0.000 0.000 0.000 0.632 0.096 0.213 2.111 0.000 1.112 0.000 0.384 0.071 0.218 0.000 0.158 0.506 0.052 1.373 0.064 
0 test1dax_consistent 1.643 0.173 1.123 1.564 0.000 0.000 0.081 0.070 0.307 0.004 0.939 0.000 0.182 0.000 0.000 1.048 0.000 0.064 0.000 1.314 0.000 0.000 0.000 4.073 0.000 0.000 4.641 0.000 0.000 0.000 4.456 0.814 0.000 0.000 0.720 0.010 0.000 0.245 0.000 0.000 
1 test1dax_inconsistent 1.643 0.173 1.123 1.564 0.000 0.000 0.081 0.070 0.307 0.004 0.939 0.000 0.182 0.000 0.000 1.048 0.000 0.064 0.000 1.314 0.000 0.000 0.112 0.767 0.000 0.758 1.886 0.000 0.216 0.000 1.311 0.144 0.000 0.000 0.000 0.467 0.178 0.274 0.000 0.000 
0 test1dax_consistent 0.000 1.252 0.506 0.378 0.000 0.000 0.000 0.022 0.262 1.246 0.000 2.026 0.594 0.276 0.337 0.000 0.735 1.234 0.000 0.309 0.000 3.563 0.000 0.000 1.923 1.926 0.000 2.379 2.000 0.000 0.000 0.800 0.000 0.000 3.224 2.529 0.000 0.914 0.673 0.000 
1 test1dax_inconsistent 0.000 1.252 0.506 0.378 0.000 0.000 0.000 0.022 0.262 1.246 0.000 2.026 0.594 0.276 0.337 0.000 0.735 1.234 0.000 0.309 0.000 0.723 0.000 0.536 0.000 0.488 0.016 1.684 1.247 0.000 0.000 0.085 0.000 0.757 0.836 1.210 0.000 0.581 0.106 0.000 
0 test1dax_consistent 0.000 0.957 0.000 0.000 0.000 0.000 1.012 1.094 1.039 0.000 1.404 0.092 0.991 0.000 1.315 0.778 0.000 0.000 0.666 0.879 0.443 4.511 0.000 0.000 0.438 0.000 0.000 1.409 0.424 0.000 2.957 1.026 0.530 0.000 4.233 1.504 1.514 0.000 0.000 0.000 
1 test1dax_inconsistent 0.000 0.957 0.000 0.000 0.000 0.000 1.012 1.094 1.039 0.000 1.404 0.092 0.991 0.000 1.315 0.778 0.000 0.000 0.666 0.879 0.573 1.596 0.000 0.000 0.095 0.000 0.965 0.389 0.000 0.302 0.718 0.973 0.047 0.000 1.379 0.111 0.650 0.123 0.124 0.091 
0 test1dax_consistent 0.000 1.664 0.000 0.593 0.000 0.733 0.044 0.000 0.000 0.000 0.010 0.105 0.000 0.286 0.000 1.057 0.370 0.005 1.472 0.388 2.997 0.407 0.000 0.234 2.185 0.061 4.151 0.000 0.000 0.000 0.709 1.326 2.675 2.163 0.000 1.068 1.378 0.000 0.000 0.000 
1 test1dax_inconsistent 0.000 1.664 0.000 0.593 0.000 0.733 0.044 0.000 0.000 0.000 0.010 0.105 0.000 0.286 0.000 1.057 0.370 0.005 1.472 0.388 1.110 0.336 0.000 0.245 1.236 0.062 1.014 0.104 0.094 0.000 0.040 0.742 0.692 0.903 0.000 0.106 0.241 0.071 0.060 0.000 
0 test1dax_consistent 1.161 0.000 1.755 0.071 0.000 0.380 0.990 0.000 0.000 0.000 1.740 0.000 0.416 0.000 0.000 0.874 0.067 0.000 0.000 0.000 0.612 0.000 0.000 2.259 0.000 4.928 0.900 0.000 0.000 0.000 2.502 1.613 0.695 0.885 0.000 1.278 0.000 1.732 0.054 0.000 
1 test1dax_inconsistent 1.161 0.000 1.755 0.071 0.000 0.380 0.990 0.000 0.000 0.000 1.740 0.000 0.416 0.000 0.000 0.874 0.067 0.000 0.000 0.000 1.039 0.000 0.345 0.741 0.000 1.455 0.250 0.000 0.000 0.000 0.401 0.194 0.852 0.019 0.000 0.438 0.324 0.000 0.041 0.000 
0 test1dax_consistent 0.206 0.005 0.077 0.746 0.113 0.640 1.973 0.000 0.000 0.000 0.000 0.114 0.483 0.000 0.540 0.000 1.316 0.000 0.000 0.919 0.743 0.370 0.125 1.652 1.619 0.780 0.000 0.000 0.247 2.076 0.000 0.692 0.000 3.805 0.457 0.000 0.098 0.000 0.000 3.117 
1 test1dax_inconsistent 0.206 0.005 0.077 0.746 0.113 0.640 1.973 0.000 0.000 0.000 0.000 0.114 0.483 0.000 0.540 0.000 1.316 0.000 0.000 0.919 0.000 0.422 0.329 0.967 0.000 0.257 0.501 0.000 0.419 1.158 0.000 0.000 0.000 0.810 0.787 0.000 0.207 0.000 0.000 0.000 
0 test1dax_consistent 0.685 1.019 0.666 0.000 0.895 1.087 0.000 1.007 0.000 0.343 1.232 0.996 0.342 0.640 0.482 0.000 0.000 0.213 0.000 0.599 0.849 0.000 0.000 0.000 0.914 4.549 0.000 2.158 0.000 0.469 3.620 0.413 0.339 1.343 0.000 0.053 0.000 0.751 0.425 0.800 
1 test1dax_inconsistent 0.685 1.019 0.666 0.000 0.895 1.087 0.000 1.007 0.000 0.343 1.232 0.996 0.342 0.640 0.482 0.000 0.000 0.213 0.000 0.599 0.996 0.000 0.000 0.000 0.997 1.158 0.000 0.730 0.101 0.498 0.618 0.373 0.182 0.448 0.000 0.000 0.000 1.003 0.169 0.427 
0 test1dax_consistent 1.066 0.000 1.812 0.000 0.000 0.000 0.000 0.127 0.000 0.000 0.989 1.231 1.272 0.000 0.394 0.061 0.000 1.105 0.014 0.250 0.000 3.867 0.568 0.000 0.000 0.000 0.918 0.000 0.000 0.000 2.267 0.086 0.000 0.595 0.000 3.500 1.343 2.079 0.768 2.411 
1 test1dax_inconsistent 1.066 0.000 1.812 0.000 0.000 0.000 0.000 0.127 0.000 0.000 0.989 1.231 1.272 0.000 0.394 0.061 0.000 1.105 0.014 0.250 0.000 1.012 0.697 0.075 0.000 0.000 0.085 0.000 0.000 0.000 1.560 0.230 0.366 0.967 0.000 0.595 0.424 0.113 0.000 1.267 
0 test1dax_consistent 0.000 0.000 0.554 0.530 0.000 0.976 1.983 1.051 0.740 1.107 0.209 0.000 0.175 1.300 0.266 0.000 0.000 0.000 0.000 0.000 0.000 0.000 0.000 2.437 1.349 1.071 2.074 0.000 1.697 0.310 3.887 2.756 1.811 0.000 0.000 0.000 0.000 3.495 0.000 0.000 
1 test1dax_inconsistent 0.000 0.000 0.554 0.530 0.000 0.976 1.983 1.051 0.740 1.107 0.209 0.000 0.175 1.300 0.266 0.000 0.000 0.000 0.000 0.000 0.000 0.000 0.516 1.425 0.446 1.108 0.428 0.000 0.351 0.182 1.001 1.239 0.930 0.000 0.000 0.195 0.000 0.882 0.047 0.000 
0 test1dax_consistent 0.240 0.000 0.053 0.592 0.027 0.000 0.740 0.000 0.281 0.000 0.168 0.644 0.124 0.457 1.019 1.554 1.473 0.000 1.390 0.000 0.000 0.000 4.370 2.580 0.000 0.000 0.000 2.565 0.000 0.000 0.000 1.004 0.000 0.000 2.068 1.132 2.857 0.000 1.136 1.372 
1 test1dax_inconsistent 0.240 0.000 0.053 0.592 0.027 0.000 0.740 0.000 0.281 0.000 0.168 0.644 0.124 0.457 1.019 1.554 1.473 0.000 1.390 0.000 0.000 0.000 1.268 0.441 0.000 0.000 0.000 0.362 0.031 0.141 0.000 1.130 0.005 0.000 0.586 0.374 1.250 0.089 1.107 1.681 
0 test1dax_consistent 0.167 0.483 0.134 0.000 1.057 0.150 0.839 0.471 0.157 0.909 0.427 1.089 0.000 0.000 0.640 0.555 0.607 1.140 0.416 0.321 1.009 0.000 0.000 0.000 2.411 0.356 0.000 1.131 0.000 0.871 0.000 0.770 0.000 1.577 1.096 5.269 0.000 0.000 0.330 1.447 
1 test1dax_inconsistent 0.167 0.483 0.134 0.000 1.057 0.150 0.839 0.471 0.157 0.909 0.427 1.089 0.000 0.000 0.640 0.555 0.607 1.140 0.416 0.321 1.330 0.000 0.205 0.000 0.051 1.111 0.459 0.153 0.160 0.000 0.000 1.025 0.000 0.523 0.284 1.121 0.059 0.000 0.484 1.210 
0 test1dax_consistent 0.000 0.026 1.584 0.487 1.614 0.325 0.000 0.000 0.000 0.543 0.348 0.000 1.872 0.972 0.000 0.114 0.406 0.070 0.000 0.073 0.672 0.000 0.034 1.448 1.029 2.623 4.661 0.047 0.000 0.000 0.000 0.479 2.442 0.381 0.000 0.000 1.459 0.012 0.000 0.000 
1 test1dax_inconsistent 0.000 0.026 1.584 0.487 1.614 0.325 0.000 0.000 0.000 0.543 0.348 0.000 1.872 0.972 0.000 0.114 0.406 0.070 0.000 0.073 0.455 0.001 0.325 1.044 0.000 0.303 1.341 0.324 0.000 0.271 0.000 0.000 1.823 0.000 0.000 0.000 0.985 0.000 0.000 0.000 
0 test1dax_consistent 0.438 0.000 0.088 0.592 0.000 0.714 0.626 0.000 0.107 0.000 0.130 0.000 0.000 0.679 1.223 0.000 0.556 1.321 2.239 0.000 0.550 0.000 1.302 0.000 0.000 0.000 3.737 0.000 0.000 0.000 0.000 0.000 2.075 0.000 0.000 1.122 0.000 1.647 6.063 0.541 
1 test1dax_inconsistent 0.438 0.000 0.088 0.592 0.000 0.714 0.626 0.000 0.107 0.000 0.130 0.000 0.000 0.679 1.223 0.000 0.556 1.321 2.239 0.000 0.238 0.009 0.185 0.705 0.000 0.000 1.742 0.000 0.153 0.031 0.000 0.000 0.361 0.000 0.401 0.000 0.055 1.145 2.293 0.189 
0 test1dax_consistent 1.403 0.192 0.107 0.202 0.927 0.000 0.593 0.491 0.000 1.541 0.142 0.654 0.560 0.000 0.000 0.000 0.686 0.330 0.057 0.588 0.168 0.459 0.000 0.000 1.381 0.000 0.192 0.000 0.835 5.054 1.546 2.067 0.000 2.694 2.909 0.000 0.000 1.884 0.757 0.386 
1 test1dax_inconsistent 1.403 0.192 0.107 0.202 0.927 0.000 0.593 0.491 0.000 1.541 0.142 0.654 0.560 0.000 0.000 0.000 0.686 0.330 0.057 0.588 1.009 0.252 0.000 0.090 0.586 0.000 0.105 0.000 0.155 1.230 0.020 0.286 0.976 1.368 1.760 0.000 0.000 0.790 0.300 0.831 
0 test1dax_consistent 0.107 1.234 0.000 0.000 1.346 0.186 0.031 1.339 0.426 0.000 0.121 1.143 0.000 0.000 0.000 0.587 0.169 0.000 1.621 0.000 0.367 0.000 2.106 0.000 4.890 0.000 0.029 0.994 3.176 0.000 0.000 1.113 0.000 0.000 0.000 1.555 0.000 0.000 0.000 0.000 
1 test1dax_inconsistent 0.107 1.234 0.000 0.000 1.346 0.186 0.031 1.339 0.426 0.000 0.121 1.143 0.000 0.000 0.000 0.587 0.169 0.000 1.621 0.000 0.342 0.000 0.477 0.000 1.265 0.031 0.279 0.000 2.238 0.000 0.623 0.000 0.000 0.031 0.000 0.241 0.000 0.000 0.083 0.000 
0 test1dax_consistent 0.639 1.951 0.444 0.000 0.000 0.022 0.000 0.524 0.628 0.494 0.822 0.739 0.000 0.437 0.000 0.000 0.748 0.763 1.177 0.000 1.984 0.624 1.281 0.000 3.376 3.193 1.644 0.000 1.850 0.149 0.000 0.000 2.451 0.280 0.000 0.000 3.186 0.000 0.584 0.000 
1 test1dax_inconsistent 0.639 1.951 0.444 0.000 0.000 0.022 0.000 0.524 0.628 0.494 0.822 0.739 0.000 0.437 0.000 0.000 0.748 0.763 1.177 0.000 0.885 0.673 0.624 0.000 1.009 0.744 0.841 0.000 1.055 0.000 0.798 0.000 0.694 0.000 0.000 0.000 0.938 0.000 0.150 0.000 
0 test1dax_consistent 0.213 0.000 0.000 1.401 0.946 0.000 0.000 0.000 0.000 1.615 0.084 0.000 1.513 0.000 0.000 0.591 0.000 0.000 1.290 0.000 0.000 0.000 0.000 1.875 2.776 0.000 5.294 0.000 0.182 0.000 0.000 0.000 1.476 0.043 0.000 0.767 0.000 0.000 0.000 3.255 
1 test1dax_inconsistent 0.213 0.000 0.000 1.401 0.946 0.000 0.000 0.000 0.000 1.615 0.084 0.000 1.513 0.000 0.000 0.591 0.000 0.000 1.290 0.000 0.000 0.000 0.246 1.987 0.492 0.000 1.581 0.000 0.000 0.515 0.281 0.000 0.569 0.045 0.079 0.000 0.000 0.000 0.121 1.156 
0 test1dax_consistent 1.202 0.000 0.941 0.037 0.031 2.136 0.023 0.000 0.593 0.592 0.239 0.276 1.421 0.310 0.638 0.231 0.464 0.000 0.000 0.000 0.570 0.000 0.000 0.000 0.184 0.496 1.232 0.000 1.761 1.245 1.315 0.000 0.884 0.000 0.000 0.000 5.428 0.450 1.773 0.000 
1 test1dax_inconsistent 1.202 0.000 0.941 0.037 0.031 2.136 0.023 0.000 0.593 0.592 0.239 0.276 1.421 0.310 0.638 0.231 0.464 0.000 0.000 0.000 1.031 0.323 0.151 0.000 0.567 0.000 0.595 0.263 0.160 1.518 0.482 0.323 0.567 0.000 0.000 0.253 1.030 0.201 0.000 0.000 
0 test1dax_consistent 0.000 0.117 1.574 1.768 1.325 0.000 0.000 0.985 0.000 0.296 0.000 0.303 0.389 0.000 0.000 0.000 0.346 0.000 0.094 0.556 0.000 0.000 3.232 3.237 2.786 0.000 0.000 0.000 0.704 4.657 0.000 2.191 0.614 0.000 0.000 0.000 1.268 0.000 0.000 0.066 
1 test1dax_inconsistent 0.000 0.117 1.574 1.768 1.325 0.000 0.000 0.985 0.000 0.296 0.000 0.303 0.389 0.000 0.000 0.000 0.346 0.000 0.094 0.556 0.000 0.109 0.603 1.025 0.694 0.000 0.000 0.840 0.456 2.025 0.000 1.166 0.430 0.000 0.000 0.000 0.888 0.026 0.000 0.065 
0 test1dax_consistent 0.913 0.004 0.594 0.000 1.765 0.415 0.587 0.000 0.095 0.142 0.000 0.065 1.649 0.000 0.075 0.351 0.000 0.000 1.020 0.000 0.000 0.531 1.076 0.000 3.321 3.532 0.076 0.000 0.000 2.287 0.000 0.000 0.000 2.422 0.000 0.164 2.552 0.000 0.000 0.161 
1 test1dax_inconsistent 0.913 0.004 0.594 0.000 1.765 0.415 0.587 0.000 0.095 0.142 0.000 0.065 1.649 0.000 0.075 0.351 0.000 0.000 1.020 0.000 0.085 0.636 0.000 0.000 1.682 1.043 0.017 0.000 0.244 1.980 0.000 0.000 0.039 0.120 0.000 0.000 0.445 0.000 0.000 0.404 
0 test1dax_consistent 0.761 0.000 1.125 0.000 0.000 0.342 0.817 0.000 0.726 1.519 0.421 0.000 0.822 0.058 1.139 0.496 0.000 0.000 0.000 0.000 0.000 0.553 2.563 0.000 0.000 2.723 0.000 0.000 0.469 0.000 4.390 0.000 4.278 0.702 1.181 0.697 0.000 0.000 0.953 0.000 
1 test1dax_inconsistent 0.761 0.000 1.125 0.000 0.000 0.342 0.817 0.000 0.726 1.519 0.421 0.000 0.822 0.058 1.139 0.496 0.000 0.000 0.000 0.000 0.233 0.591 0.336 0.748 0.000 1.817 0.410 0.000 1.007 0.000 1.352 0.000 1.181 0.925 0.000 0.000 0.000 0.000 0.379 0.000 
0 test1dax_consistent 1.185 1.587 0.236 0.000 0.000 0.836 0.001 0.000 0.175 0.713 0.177 0.053 0.786 1.452 0.000 1.029 0.667 0.526 0.000 0.008 0.000 3.718 0.000 0.000 0.000 3.829 0.000 0.065 0.000 0.000 0.949 0.107 1.695 1.557 2.591 0.000 2.387 0.245 0.000 0.000 
1 test1dax_inconsistent 1.185 1.587 0.236 0.000 0.000 0.836 0.001 0.000 0.175 0.713 0.177 0.053 0.786 1.452 0.000 1.029 0.667 0.526 0.000 0.008 0.000 1.150 0.000 0.000 0.000 1.161 0.039 0.419 0.000 0.000 0.159 0.156 0.186 1.355 0.754 0.294 0.735 0.741 0.000 0.000 
0 test1dax_consistent 0.000 0.000 0.000 1.768 0.000 0.474 0.548 0.000 0.491 0.033 1.176 0.423 0.134 1.189 0.305 0.000 0.406 1.183 0.000 0.080 1.790 0.000 0.000 4.407 0.000 0.894 0.844 0.000 3.760 2.095 1.406 0.000 0.179 0.000 0.117 0.000 0.084 0.212 0.000 0.116 
1 test1dax_inconsistent 0.000 0.000 0.000 1.768 0.000 0.474 0.548 0.000 0.491 0.033 1.176 0.423 0.134 1.189 0.305 0.000 0.406 1.183 0.000 0.080 0.092 0.000 0.036 1.083 0.000 1.348 1.074 0.000 1.693 0.227 0.273 0.279 0.265 0.000 0.000 0.000 0.000 0.639 0.000 0.486 
0 test1dax_consistent 0.239 0.000 0.182 0.000 0.000 0.000 0.061 0.000 1.359 0.000 1.899 0.065 0.089 1.207 0.098 0.090 0.110 0.193 0.000 1.677 1.084 0.016 0.003 0.440 0.000 0.854 0.000 0.000 1.513 0.000 0.506 0.000 1.355 0.000 0.186 3.629 0.000 4.737 0.000 0.425 
1 test1dax_inconsistent 0.239 0.000 0.182 0.000 0.000 0.000 0.061 0.000 1.359 0.000 1.899 0.065 0.089 1.207 0.098 0.090 0.110 0.193 0.000 1.677 0.848 0.000 0.074 0.000 0.000 0.287 0.000 0.046 1.351 0.000 0.914 0.000 0.865 0.000 0.573 0.287 0.058 1.394 0.146 0.908 
0 test1dax_consistent 0.000 1.679 0.000 0.840 0.047 0.093 0.000 0.000 0.000 0.000 0.000 0.000 2.131 0.000 0.000 0.196 0.232 0.320 0.856 1.325 0.000 0.903 0.000 0.237 2.309 4.060 1.041 0.000 0.000 4.008 0.000 1.462 0.089 2.302 0.000 0.000 1.638 1.631 0.000 0.188 
1 test1dax_inconsistent 0.000 1.679 0.000 0.840 0.047 0.093 0.000 0.000 0.000 0.000 0.000 0.000 2.131 0.000 0.000 0.196 0.232 0.320 0.856 1.325 0.000 0.540 0.000 0.802 0.722 0.538 0.519 0.000 0.000 1.685 0.000 0.649 0.375 0.726 0.000 0.000 0.402 1.278 0.147 0.816 
0 test1dax_consistent 0.000 0.000 1.451 0.504 0.000 0.181 0.557 1.315 0.985 0.758 0.194 0.528 0.191 0.000 1.275 1.010 0.349 0.000 0.269 0.000 0.369 0.000 1.538 1.366 0.000 0.089 4.747 0.000 0.000 0.065 2.697 1.303 0.000 1.075 3.068 0.000 0.000 0.055 1.278 0.000 
1 test1dax_inconsistent 0.000 0.000 1.451 0.504 0.000 0.181 0.557 1.315 0.985 0.758 0.194 0.528 0.191 0.000 1.275 1.010 0.349 0.000 0.269 0.000 0.371 0.000 1.153 0.760 0.000 0.438 1.298 0.000 0.000 0.000 0.684 0.943 0.000 0.981 0.276 0.000 0.398 0.697 0.659 0.000 
0 test1dax_consistent 0.000 0.000 0.000 0.297 0.000 0.000 0.341 0.000 0.103 1.649 0.023 0.000 0.000 0.000 2.247 1.157 0.083 0.000 0.346 0.646 0.000 2.607 0.000 2.624 0.000 0.130 0.000 0.000 3.961 4.006 0.000 0.000 0.000 0.000 0.836 0.000 0.000 0.000 0.533 0.285 
1 test1dax_inconsistent 0.000 0.000 0.000 0.297 0.000 0.000 0.341 0.000 0.103 1.649 0.023 0.000 0.000 0.000 2.247 1.157 0.083 0.000 0.346 0.646 0.134 0.795 0.000 0.620 0.313 0.209 0.342 0.299 1.589 0.869 0.068 0.260 0.000 0.000 0.190 0.536 0.000 0.000 0.537 0.000 
0 test1dax_consistent 0.684 0.126 0.000 0.394 0.000 0.000 0.533 0.180 0.495 0.158 0.178 1.310 1.633 0.000 1.157 0.066 0.000 1.209 0.808 0.000 0.405 0.000 0.000 1.094 0.000 0.000 0.000 0.057 2.765 0.000 0.308 0.143 0.000 0.000 5.951 0.043 0.259 0.471 2.329 3.086 
1 test1dax_inconsistent 0.684 0.126 0.000 0.394 0.000 0.000 0.533 0.180 0.495 0.158 0.178 1.310 1.633 0.000 1.157 0.066 0.000 1.209 0.808 0.000 0.030 0.000 0.000 0.000 0.000 0.000 0.006 0.171 0.273 0.014 0.443 0.994 0.000 0.000 2.068 0.000 0.522 0.000 0.843 1.539 
0 test1dax_consistent 0.000 0.000 1.647 0.706 1.121 0.000 0.000 0.000 1.435 0.000 0.000 0.811 0.000 1.106 1.248 0.000 0.614 0.409 0.968 0.000 0.000 0.000 3.139 5.504 0.000 0.230 0.000 0.549 2.312 0.000 0.000 1.085 0.028 0.401 1.327 0.096 4.170 0.000 0.000 0.000 
1 test1dax_inconsistent 0.000 0.000 1.647 0.706 1.121 0.000 0.000 0.000 1.435 0.000 0.000 0.811 0.000 1.106 1.248 0.000 0.614 0.409 0.968 0.000 0.000 0.000 0.487 2.507 0.000 0.480 0.000 0.868 0.622 0.000 0.000 1.319 0.018 0.803 0.000 0.070 0.830 0.000 0.000 0.000 
0 test1dax_consistent 0.000 0.457 0.358 0.349 0.939 0.000 0.000 0.237 0.000 0.270 1.494 0.321 2.182 0.092 0.070 0.323 0.137 0.000 0.355 0.398 0.000 0.000 0.000 1.045 0.244 0.000 0.169 3.552 1.501 0.691 1.408 4.681 1.021 1.981 0.163 1.018 0.963 0.000 0.000 0.000 
1 test1dax_inconsistent 0.000 0.457 0.358 0.349 0.939 0.000 0.000 0.237 0.000 0.270 1.494 0.321 2.182 0.092 0.070 0.323 0.137 0.000 0.355 0.398 0.411 0.413 0.171 1.360 0.000 0.000 0.393 1.045 0.000 0.622 0.142 1.017 0.219 0.932 0.362 0.699 0.000 0.000 0.496 0.120 
0 test1dax_consistent 0.000 0.228 0.317 0.000 0.207 0.000 1.342 0.312 0.514 0.634 1.420 2.431 0.097 0.000 0.000 0.399 0.000 0.000 0.000 0.909 1.312 0.342 0.000 0.000 0.000 0.000 5.437 0.779 0.000 4.852 0.000 2.442 0.000 1.125 0.000 0.000 0.000 0.000 0.000 0.486 
1 test1dax_inconsistent 0.000 0.228 0.317 0.000 0.207 0.000 1.342 0.312 0.514 0.634 1.420 2.431 0.097 0.000 0.000 0.399 0.000 0.000 0.000 0.909 1.147 0.000 0.000 0.000 0.000 0.000 1.587 0.727 0.336 1.197 0.000 2.057 0.000 0.877 0.000 0.000 0.000 0.000 0.000 0.031 
0 test1dax_consistent 0.342 0.016 0.706 0.000 0.217 1.148 0.687 0.058 0.554 0.108 1.033 0.000 1.083 0.156 0.798 0.663 0.000 1.614 0.000 0.731 1.142 1.490 1.128 0.000 1.289 0.292 0.913 0.000 0.045 5.083 0.000 0.799 0.064 0.000 0.090 0.195 0.210 1.616 0.000 3.042 
1 test1dax_inconsistent 0.342 0.016 0.706 0.000 0.217 1.148 0.687 0.058 0.554 0.108 1.033 0.000 1.083 0.156 0.798 0.663 0.000 1.614 0.000 0.731 1.017 0.000 1.026 0.000 0.000 0.188 0.819 0.000 0.332 0.947 0.390 0.200 0.257 0.000 0.271 0.384 0.309 1.578 0.156 0.936 
0 test1dax_consistent 0.000 0.089 1.642 1.075 0.000 0.000 0.542 0.928 0.114 0.549 0.216 1.495 0.000 0.000 0.075 0.449 0.000 0.456 1.547 0.220 0.125 2.328 2.340 2.748 0.000 1.599 0.000 3.794 1.048 0.069 0.000 1.985 0.000 0.000 1.048 0.901 0.000 0.273 0.106 2.700 
1 test1dax_inconsistent 0.000 0.089 1.642 1.075 0.000 0.000 0.542 0.928 0.114 0.549 0.216 1.495 0.000 0.000 0.075 0.449 0.000 0.456 1.547 0.220 0.327 1.076 1.301 0.357 0.000 0.873 0.370 0.887 0.584 0.000 0.000 0.548 0.000 0.196 0.000 0.666 0.000 0.769 0.194 0.759 
0 test1dax_consistent 1.105 0.250 0.001 1.202 0.000 0.866 0.664 1.076 0.000 0.104 1.273 0.000 1.376 0.264 0.000 0.830 0.145 0.573 0.000 0.000 2.339 0.000 0.000 0.000 0.000 4.896 0.004 0.000 3.674 0.000 0.306 1.822 0.000 0.000 0.000 1.391 0.792 0.000 0.000 2.212 
1 test1dax_inconsistent 1.105 0.250 0.001 1.202 0.000 0.866 0.664 1.076 0.000 0.104 1.273 0.000 1.376 0.264 0.000 0.830 0.145 0.573 0.000 0.000 1.117 0.017 0.000 0.000 0.000 1.808 0.099 0.000 0.525 0.000 1.522 0.000 0.000 0.059 0.000 1.093 0.560 0.539 0.000 0.995 
0 test1dax_consistent 0.284 0.956 0.000 0.000 0.000 0.000 2.082 0.000 0.000 0.807 0.000 0.000 1.079 0.275 1.306 0.163 0.903 0.000 0.000 0.360 1.988 0.000 1.269 4.706 0.000 0.000 1.324 2.296 0.368 0.593 0.000 0.000 2.489 0.000 0.000 2.049 0.898 0.000 0.000 0.000 
1 test1dax_inconsistent 0.284 0.956 0.000 0.000 0.000 0.000 2.082 0.000 0.000 0.807 0.000 0.000 1.079 0.275 1.306 0.163 0.903 0.000 0.000 0.360 1.268 0.551 1.314 0.915 0.103 0.260 0.336 0.970 0.000 0.236 0.119 0.000 0.185 0.406 0.056 0.371 0.000 0.000 0.000 0.000 
0 test1dax_consistent 1.136 1.059 0.570 0.000 0.234 0.004 0.000 0.000 0.000 0.000 0.429 0.285 0.000 1.854 0.000 0.116 0.049 0.000 1.828 0.000 0.000 0.000 3.693 3.228 0.627 1.607 0.000 0.000 0.000 0.000 1.149 3.598 0.000 2.816 0.000 1.376 0.000 1.262 1.051 0.000 
1 test1dax_inconsistent 1.136 1.059 0.570 0.000 0.234 0.004 0.000 0.000 0.000 0.000 0.429 0.285 0.000 1.854 0.000 0.116 0.049 0.000 1.828 0.000 0.000 0.869 1.273 0.807 1.031 0.946 0.000 0.000 0.000 0.000 0.594 0.954 0.000 0.393 0.000 0.080 0.000 0.103 0.000 0.103 
0 test1dax_consistent 0.000 1.335 0.000 0.160 0.000 1.788 0.000 0.000 1.120 1.496 0.645 0.493 0.796 0.053 0.000 0.000 0.000 0.344 0.000 0.193 0.000 0.635 2.748 0.000 0.924 0.000 1.382 2.434 0.000 2.678 0.289 0.000 0.000 0.000 0.000 0.000 1.196 3.515 0.000 1.948 
1 test1dax_inconsistent 0.000 1.335 0.000 0.160 0.000 1.788 0.000 0.000 1.120 1.496 0.645 0.493 0.796 0.053 0.000 0.000 0.000 0.344 0.000 0.193 0.000 1.005 1.163 0.000 0.039 0.056 0.287 1.508 0.396 0.691 0.480 0.462 0.188 0.000 0.000 0.122 0.000 0.292 0.148 0.000 
0 test1dax_consistent 0.391 0.114 0.752 0.000 0.537 0.694 0.050 0.038 1.184 0.703 1.102 0.000 1.328 0.168 0.000 1.285 0.260 0.610 0.322 0.537 1.282 2.653 0.000 3.136 0.564 1.925 2.457 0.000 1.202 1.374 1.986 0.000 1.676 0.136 0.124 0.998 0.000 2.043 0.000 0.290 
1 test1dax_inconsistent 0.391 0.114 0.752 0.000 0.537 0.694 0.050 0.038 1.184 0.703 1.102 0.000 1.328 0.168 0.000 1.285 0.260 0.610 0.322 0.537 0.000 0.277 0.483 1.080 0.441 0.542 0.942 0.000 0.000 0.313 0.074 0.000 0.446 0.516 0.000 0.608 0.000 0.321 0.000 0.712 
0 test1dax_consistent 0.780 0.991 1.048 0.000 0.000 0.000 0.293 0.000 0.090 0.000 1.502 1.395 0.000 0.000 0.000 0.000 0.000 1.589 0.000 0.000 0.000 2.531 2.946 0.000 3.099 0.000 1.005 0.000 0.000 0.000 0.000 4.999 0.000 0.000 3.459 0.000 0.032 0.000 0.210 0.000 
1 test1dax_inconsistent 0.780 0.991 1.048 0.000 0.000 0.000 0.293 0.000 0.090 0.000 1.502 1.395 0.000 0.000 0.000 0.000 0.000 1.589 0.000 0.000 0.000 0.194 2.183 0.000 0.495 0.000 0.869 0.000 0.162 0.000 0.000 1.864 0.000 0.000 1.457 0.000 0.107 0.044 0.732 0.000 
0 test1dax_consistent 0.190 0.275 0.238 0.479 1.167 0.000 1.496 0.000 0.674 0.468 0.000 0.297 0.911 0.465 0.443 1.236 0.186 0.154 1.209 0.135 0.000 3.033 1.111 0.964 1.872 0.220 0.000 1.854 0.000 0.000 2.461 0.247 0.610 0.000 0.710 1.677 0.000 3.899 0.848 0.000 
1 test1dax_inconsistent 0.190 0.275 0.238 0.479 1.167 0.000 1.496 0.000 0.674 0.468 0.000 0.297 0.911 0.465 0.443 1.236 0.186 0.154 1.209 0.135 0.000 1.269 0.522 0.912 1.128 0.000 0.000 0.000 0.000 0.000 1.095 0.126 1.348 0.000 0.418 0.404 0.000 0.608 0.334 0.000 
0 test1dax_consistent 0.000 0.000 0.000 0.362 0.497 0.762 0.847 0.320 0.607 0.053 0.000 0.400 1.142 0.000 2.443 0.044 0.429 0.144 0.000 0.000 0.000 0.000 0.000 0.000 0.000 1.073 1.292 1.417 2.441 1.212 4.385 0.000 3.688 1.937 0.095 0.966 0.000 0.000 0.000 0.000 
1 test1dax_inconsistent 0.000 0.000 0.000 0.362 0.497 0.762 0.847 0.320 0.607 0.053 0.000 0.400 1.142 0.000 2.443 0.044 0.429 0.144 0.000 0.000 0.000 0.000 0.000 0.000 0.000 1.448 0.037 0.541 0.604 1.282 1.387 0.030 0.676 0.478 0.328 0.000 0.000 0.000 0.000 0.000 
