0 test1dax_consistent 0.336 0.000 0.000 0.000 0.678 0.000 0.000 0.000 1.273 1.268 1.200 0.170 1.105 0.423 0.000 0.788 0.000 0.227 1.015 0.422 0.181 1.828 0.000 0.000 0.000 2.365 0.000 0.000 0.000 0.561 2.950 0.000 0.000 3.521 0.000 0.000 0.000 0.000 4.718 0.000 
1 test1dax_inconsistent 0.336 0.000 0.000 0.000 0.678 0.000 0.000 0.000 1.273 1.268 1.200 0.170 1.105 0.423 0.000 0.788 0.000 0.227 1.015 0.422 1.089 0.474 0.000 0.000 0.054 0.552 0.000 0.000 0.155 0.000 0.815 0.309 0.000 0.980 0.000 0.162 0.000 0.053 1.793 0.000 
0 test1dax_consistent 0.000 0.000 0.000 0.000 0.000 0.000 0.000 2.149 0.525 0.743 1.268 0.237 0.262 0.000 0.000 0.022 0.000 1.676 0.383 0.000 0.000 0.945 0.780 0.000 0.911 2.075 0.014 0.979 0.000 1.020 0.075 0.000 2.363 4.158 0.000 0.019 3.152 2.801 0.000 3.538 
1 test1dax_inconsistent 0.000 0.000 0.000 0.000 0.000 0.000 0.000 2.149 0.525 0.743 1.268 0.237 0.262 0.000 0.000 0.022 0.000 1.676 0.383 0.000 0.000 0.145 0.000 0.000 0.028 1.370 0.211 0.069 0.000 0.029 0.391 0.000 1.597 0.812 0.000 0.319 0.729 0.500 0.248 0.847 
0 test1dax_consistent 0.000 1.017 0.281 0.140 1.195 0.580 0.000 0.000 0.911 0.289 1.345 0.258 1.197 0.000 0.000 0.000 0.071 0.000 0.000 2.314 0.000 4.324 2.707 0.000 3.860 0.000 0.414 0.000 2.811 0.000 1.500 1.314 1.428 0.000 0.000 0.000 0.000 0.000 0.000 1.944 
1 test1dax_inconsistent 0.000 1.017 0.281 0.140 1.195 0.580 0.000 0.000 0.911 0.289 1.345 0.258 1.197 0.000 0.000 0.000 0.071 0.000 0.000 2.314 0.000 1.366 0.639 0.000 1.495 0.000 0.470 0.122 0.021 0.423 0.267 1.410 0.873 0.000 0.000 0.030 0.000 0.155 0.000 0.729 
0 test1dax_consistent 1.044 1.198 0.000 0.000 0.506 0.000 1.123 1.551 0.031 0.000 0.000 0.000 1.013 0.196 0.000 0.000 0.042 0.044 1.480 0.000 3.368 0.705 0.000 0.000 0.000 0.000 2.361 2.312 0.000 0.000 0.000 0.000 0.000 0.000 0.000 4.182 0.000 0.000 0.000 3.046 
1 test1dax_inconsistent 1.044 1.198 0.000 0.000 0.506 0.000 1.123 1.551 0.031 0.000 0.000 0.000 1.013 0.196 0.000 0.000 0.042 0.044 1.480 0.000 0.590 0.443 0.000 0.000 0.186 0.043 0.937 0.000 0.251 0.000 0.000 0.027 0.686 0.030 0.000 1.673 0.004 0.000 0.075 0.000 
0 test1dax_consistent 0.000 0.332 0.000 0.000 0.000 0.000 0.195 0.168 0.202 0.833 0.000 0.079 0.000 0.629 0.806 1.223 0.301 2.468 0.000 0.000 0.000 0.639 0.000 0.000 2.362 4.254 0.000 0.000 0.000 3.873 0.000 0.000 0.707 0.271 0.452 0.287 1.616 0.000 0.000 0.000 
1 test1dax_inconsistent 0.000 0.332 0.000 0.000 0.000 0.000 0.195 0.168 0.202 0.833 0.000 0.079 0.000 0.629 0.806 1.223 0.301 2.468 0.000 0.000 0.000 0.911 0.000 0.000 1.239 1.183 0.000 0.000 0.000 0.716 0.000 0.000 0.486 0.021 0.000 0.044 1.061 0.137 0.000 0.000 
0 test1dax_consistent 0.000 2.104 0.000 0.000 0.142 0.027 2.034 0.000 1.046 0.000 0.641 0.000 0.000 0.000 1.057 0.000 0.427 0.000 0.000 0.228 4.404 0.000 0.000 4.606 0.000 0.614 1.773 0.000 2.725 0.000 0.016 0.000 0.419 0.000 0.000 0.000 1.046 0.000 0.000 0.000 
1 test1dax_inconsistent 0.000 2.104 0.000 0.000 0.142 0.027 2.034 0.000 1.046 0.000 0.641 0.000 0.000 0.000 1.057 0.000 0.427 0.000 0.000 0.228 1.093 0.300 0.305 0.771 0.000 0.901 0.227 0.000 1.874 0.000 0.000 0.000 0.866 0.000 0.000 0.000 0.750 0.000 0.000 0.000 
0 test1dax_consistent 0.346 0.729 1.571 1.892 0.048 0.353 0.043 0.354 0.000 0.535 0.000 1.319 0.000 0.000 0.185 0.045 0.000 0.000 0.495 0.419 2.755 0.187 0.918 0.695 0.000 0.634 0.000 5.133 0.000 0.685 0.704 2.939 0.000 0.000 0.000 0.000 0.000 0.983 0.172 0.000 
1 test1dax_inconsistent 0.346 0.729 1.571 1.892 0.048 0.353 0.043 0.354 0.000 0.535 0.000 1.319 0.000 0.000 0.185 0.045 0.000 0.000 0.495 0.419 1.860 0.000 0.000 0.067 0.000 0.427 0.000 1.121 0.000 0.535 0.182 0.000 0.000 0.000 0.317 0.040 0.538 1.395 0.144 0.188 
0 test1dax_consistent 0.179 1.033 0.246 0.000 0.618 0.341 0.182 1.339 0.889 1.491 0.000 0.087 0.000 0.265 2.013 0.167 0.092 0.324 0.000 0.905 0.260 0.291 4.983 0.000 0.000 0.632 0.000 3.257 0.000 0.000 2.066 0.000 0.000 0.000 2.810 0.842 0.000 1.310 0.000 0.000 
1 test1dax_inconsistent 0.179 1.033 0.246 0.000 0.618 0.341 0.182 1.339 0.889 1.491 0.000 0.087 0.000 0.265 2.013 0.167 0.092 0.324 0.000 0.905 0.060 0.447 1.253 0.000 0.341 0.536 0.000 0.907 0.327 0.182 0.347 0.204 0.018 0.000 0.078 0.124 0.225 0.694 0.000 0.137 
0 test1dax_consistent 1.284 0.000 0.366 0.759 1.051 0.049 1.726 0.000 0.033 0.237 0.252 1.611 0.336 0.000 0.000 0.000 0.408 0.132 0.435 1.512 0.000 3.174 0.000 0.000 0.565 0.000 3.953 0.000 0.000 0.977 0.800 3.646 0.000 0.000 0.000 0.000 3.673 0.000 0.000 0.000 
1 test1dax_inconsistent 1.284 0.000 0.366 0.759 1.051 0.049 1.726 0.000 0.033 0.237 0.252 1.611 0.336 0.000 0.000 0.000 0.408 0.132 0.435 1.512 0.000 1.511 0.000 0.208 0.897 0.000 1.082 0.000 0.000 0.288 0.736 0.337 0.000 0.041 0.000 0.000 1.697 0.000 0.190 0.000 
0 test1dax_consistent 0.372 0.430 0.631 0.535 0.000 0.000 0.000 0.000 0.000 0.401 0.000 1.599 0.372 0.000 0.069 1.149 0.249 0.651 0.257 1.776 0.052 0.000 1.709 1.628 0.000 0.000 0.000 0.000 3.458 3.398 0.000 0.000 0.000 0.000 0.130 0.638 1.245 3.476 0.000 0.267 
1 test1dax_inconsistent 0.372 0.430 0.631 0.535 0.000 0.000 0.000 0.000 0.000 0.401 0.000 1.599 0.372 0.000 0.069 1.149 0.249 0.651 0.257 1.776 0.000 0.000 0.484 0.668 0.000 0.000 0.000 0.000 1.795 0.000 0.000 0.000 0.000 0.000 0.763 0.135 0.758 1.733 0.000 0.558 
0 test1dax_consistent 0.074 0.000 2.091 0.621 0.000 1.252 0.770 1.188 0.443 0.000 0.041 0.099 0.567 0.922 0.836 0.000 0.203 0.000 0.067 0.000 0.000 0.000 5.134 2.169 0.000 0.000 0.000 0.000 0.000 0.000 0.000 0.000 0.000 2.895 0.000 0.000 0.718 3.275 0.000 0.000 
1 test1dax_inconsistent 0.074 0.000 2.091 0.621 0.000 1.252 0.770 1.188 0.443 0.000 0.041 0.099 0.567 0.922 0.836 0.000 0.203 0.000 0.067 0.000 0.000 0.000 2.425 0.871 0.000 0.585 0.318 0.000 0.000 0.000 0.000 0.000 0.000 0.147 0.736 0.000 0.303 1.317 0.037 0.000 
0 test1dax_consistent 1.337 0.000 0.318 0.000 1.334 0.000 0.000 0.125 0.277 0.731 1.524 0.785 0.000 0.000 0.000 1.875 0.000 0.000 0.000 0.535 2.468 4.229 0.000 1.829 0.018 1.637 0.926 0.000 0.000 0.000 1.563 0.000 0.000 3.865 0.000 0.754 0.000 0.000 0.000 0.161 
1 test1dax_inconsistent 1.337 0.000 0.318 0.000 1.334 0.000 0.000 0.125 0.277 0.731 1.524 0.785 0.000 0.000 0.000 1.875 0.000 0.000 0.000 0.535 1.425 1.528 0.120 0.288 0.008 0.281 0.357 0.000 0.698 0.000 1.212 0.000 0.000 0.618 0.000 0.137 0.000 0.108 0.000 0.000 
0 test1dax_consistent 0.309 0.259 0.000 0.000 0.000 2.098 0.506 0.000 0.059 0.034 0.000 1.066 1.718 0.000 0.000 0.464 0.000 0.904 0.329 0.000 3.615 0.826 1.088 0.000 3.365 2.470 0.932 0.000 0.707 0.000 0.089 1.835 0.000 0.156 0.000 0.002 0.000 2.551 0.000 1.824 
1 test1dax_inconsistent 0.309 0.259 0.000 0.000 0.000 2.098 0.506 0.000 0.059 0.034 0.000 1.066 1.718 0.000 0.000 0.464 0.000 0.904 0.329 0.000 0.950 0.627 1.077 0.000 0.726 0.806 0.453 0.000 0.354 0.084 0.469 0.142 0.576 0.000 0.000 0.000 0.000 0.658 0.346 1.046 
0 test1dax_consistent 0.000 0.255 1.212 0.386 0.032 0.923 0.262 2.010 0.904 1.209 0.715 0.000 0.419 0.000 0.000 0.108 0.000 0.554 0.383 0.391 0.000 0.000 0.000 0.792 0.000 0.000 0.000 3.945 0.516 0.000 0.923 1.852 0.000 3.132 0.000 0.000 0.000 3.819 0.030 0.000 
1 test1dax_inconsistent 0.000 0.255 1.212 0.386 0.032 0.923 0.262 2.010 0.904 1.209 0.715 0.000 0.419 0.000 0.000 0.108 0.000 0.554 0.383 0.391 0.000 0.000 0.838 0.322 0.000 0.365 0.000 0.672 0.603 0.200 0.000 0.255 0.000 1.004 0.000 0.000 0.000 1.433 0.062 0.233 
0 test1dax_consistent 0.000 0.402 0.250 0.000 0.387 1.542 0.000 0.000 0.130 0.834 0.000 0.000 0.000 0.699 0.721 0.000 1.962 0.243 0.458 0.422 0.000 2.806 0.000 0.000 0.000 3.443 2.341 0.000 0.000 0.000 0.000 0.000 0.000 3.013 0.000 2.430 1.670 0.000 3.725 0.000 
1 test1dax_inconsistent 0.000 0.402 0.250 0.000 0.387 1.542 0.000 0.000 0.130 0.834 0.000 0.000 0.000 0.699 0.721 0.000 1.962 0.243 0.458 0.422 0.000 0.913 0.000 0.000 0.259 1.707 1.047 0.000 0.079 0.000 0.155 0.000 0.213 0.000 0.410 1.641 0.530 0.537 0.497 0.032 
0 test1dax_consistent 0.125 1.428 1.472 0.000 0.000 0.343 1.657 0.000 0.000 1.719 0.000 0.053 0.131 0.000 0.000 0.350 0.000 0.000 0.031 0.000 0.000 2.687 2.793 0.023 0.000 0.929 0.000 0.000 0.000 0.000 1.318 0.000 4.676 1.931 0.000 2.508 0.000 0.000 0.008 0.000 
1 test1dax_inconsistent 0.125 1.428 1.472 0.000 0.000 0.343 1.657 0.000 0.000 1.719 0.000 0.053 0.131 0.000 0.000 0.350 0.000 0.000 0.031 0.000 0.000 0.275 1.553 0.039 0.000 0.000 0.234 0.005 0.000 0.592 1.215 0.000 1.222 1.109 0.000 0.497 0.000 0.000 0.000 0.000 
0 test1dax_consistent 0.420 0.800 0.827 0.979 0.588 0.341 0.445 0.242 0.023 0.789 1.969 0.000 1.217 0.096 0.906 0.720 0.000 0.000 0.000 0.613 0.000 4.019 0.000 0.813 3.837 2.269 0.000 0.000 1.453 0.020 0.000 0.000 1.958 0.000 0.517 0.061 0.000 0.000 0.000 2.803 
1 test1dax_inconsistent 0.420 0.800 0.827 0.979 0.588 0.341 0.445 0.242 0.023 0.789 1.969 0.000 1.217 0.096 0.906 0.720 0.000 0.000 0.000 0.613 0.450 1.032 0.093 0.000 1.334 0.207 0.000 0.000 0.070 0.632 0.391 0.000 1.028 0.000 0.137 0.000 0.029 0.000 0.334 0.861 
0 test1dax_consistent 0.553 0.771 0.249 0.000 0.105 0.000 0.739 0.000 0.018 1.448 0.000 0.000 1.300 0.119 0.282 0.000 0.242 1.215 0.000 2.081 0.354 1.892 1.566 0.000 0.127 0.000 2.224 0.000 0.000 0.000 0.000 5.632 0.000 2.332 2.668 0.688 0.428 0.000 0.000 0.000 
1 test1dax_inconsistent 0.553 0.771 0.249 0.000 0.105 0.000 0.739 0.000 0.018 1.448 0.000 0.000 1.300 0.119 0.282 0.000 0.242 1.215 0.000 2.081 0.000 0.677 0.844 0.000 0.392 0.000 0.784 0.074 0.000 0.000 0.000 0.952 0.000 1.440 1.633 0.771 0.457 0.044 0.000 0.000 
0 test1dax_consistent 0.391 1.642 0.000 0.242 1.125 0.476 0.346 0.035 0.174 0.861 0.096 0.000 0.000 1.135 0.000 0.000 0.369 1.351 0.415 0.039 0.000 0.000 0.000 0.340 0.000 1.367 0.000 1.290 0.000 0.000 0.879 0.010 0.064 3.607 0.000 0.000 2.284 2.687 4.417 0.000 
1 test1dax_inconsistent 0.391 1.642 0.000 0.242 1.125 0.476 0.346 0.035 0.174 0.861 0.096 0.000 0.000 1.135 0.000 0.000 0.369 1.351 0.415 0.039 0.000 0.000 0.000 0.000 0.043 0.110 0.349 1.031 0.148 0.000 1.139 0.295 0.185 0.789 0.000 0.000 0.793 0.294 0.882 0.000 
0 test1dax_consistent 0.801 0.385 0.652 0.548 0.751 0.051 0.000 0.708 0.000 1.126 0.646 0.000 0.000 0.700 0.000 1.332 1.596 0.074 0.826 0.336 1.199 2.040 1.782 0.286 0.000 0.041 0.000 3.319 0.000 0.000 0.000 0.000 0.000 0.000 0.000 0.903 0.000 0.000 1.336 4.712 
1 test1dax_inconsistent 0.801 0.385 0.652 0.548 0.751 0.051 0.000 0.708 0.000 1.126 0.646 0.000 0.000 0.700 0.000 1.332 1.596 0.074 0.826 0.336 1.224 0.000 0.537 0.473 0.000 0.016 0.000 0.615 0.000 0.000 0.000 0.000 0.011 0.586 0.350 0.029 0.572 0.254 0.000 1.273 
0 test1dax_consistent 0.781 0.000 0.000 0.271 2.784 0.000 1.500 0.000 0.000 0.150 0.230 0.000 0.754 0.304 0.000 0.348 0.000 0.000 0.000 0.327 3.680 0.000 0.000 0.000 1.592 0.000 3.346 0.000 0.314 3.874 0.000 2.410 3.386 0.000 0.000 0.000 0.000 0.000 0.718 0.218 
1 test1dax_inconsistent 0.781 0.000 0.000 0.271 2.784 0.000 1.500 0.000 0.000 0.150 0.230 0.000 0.754 0.304 0.000 0.348 0.000 0.000 0.000 0.327 1.085 0.000 0.000 0.126 0.606 0.369 0.411 0.000 0.000 2.023 0.000 0.583 1.409 0.000 0.000 0.000 0.125 0.000 0.010 0.444 
0 test1dax_consistent 0.611 0.418 0.000 0.627 0.050 0.767 0.238 0.278 0.739 0.377 0.759 0.450 0.109 1.285 1.367 0.000 0.000 0.000 1.145 0.000 0.000 0.516 0.000 0.000 0.000 0.016 0.000 3.673 0.000 0.809 0.000 2.125 3.248 2.172 3.852 0.000 1.769 0.000 0.000 0.000 
1 test1dax_inconsistent 0.611 0.418 0.000 0.627 0.050 0.767 0.238 0.278 0.739 0.377 0.759 0.450 0.109 1.285 1.367 0.000 0.000 0.000 1.145 0.000 0.000 0.437 0.000 0.546 0.000 0.000 0.325 0.629 0.000 0.000 0.129 1.170 1.364 0.268 0.982 0.000 0.923 0.000 0.000 0.000 
0 test1dax_consistent 0.397 0.000 0.955 0.742 0.684 0.357 1.071 0.268 0.144 1.077 0.000 0.521 0.554 0.000 0.555 1.047 0.029 1.317 1.400 0.000 0.000 0.000 2.512 3.716 0.483 1.877 0.000 0.000 0.000 0.000 0.000 0.000 0.000 0.000 0.000 0.054 0.000 0.000 0.000 0.000 
1 test1dax_inconsistent 0.397 0.000 0.955 0.742 0.684 0.357 1.071 0.268 0.144 1.077 0.000 0.521 0.554 0.000 0.555 1.047 0.029 1.317 1.400 0.000 0.000 0.000 0.000 0.518 0.000 2.150 0.152 0.000 0.000 0.011 0.000 0.628 0.000 0.528 0.072 0.558 0.000 0.067 0.000 0.000 
0 test1dax_consistent 0.000 0.000 0.000 0.000 0.413 0.047 1.235 0.000 0.094 0.000 0.000 0.000 1.098 0.000 0.000 0.000 0.000 0.095 1.883 1.784 0.000 0.000 3.979 0.000 1.510 0.000 0.000 2.919 0.000 0.000 0.000 0.000 0.000 0.000 0.368 0.000 0.000 2.305 3.741 1.061 
1 test1dax_inconsistent 0.000 0.000 0.000 0.000 0.413 0.047 1.235 0.000 0.094 0.000 0.000 0.000 1.098 0.000 0.000 0.000 0.000 0.095 1.883 1.784 0.000 0.000 0.754 0.000 1.076 0.000 0.129 1.495 0.092 0.560 0.000 0.469 0.183 0.000 0.474 0.000 0.036 0.547 0.193 0.353 
0 test1dax_consistent 0.000 1.230 0.107 1.300 0.000 0.043 1.431 0.078 0.000 0.000 0.000 0.000 0.000 0.000 0.104 0.115 0.202 0.003 0.273 2.054 0.000 0.000 3.122 0.000 0.000 3.190 0.552 0.000 3.008 0.000 0.000 0.000 2.905 0.000 0.000 2.612 2.468 0.000 0.375 0.000 
1 test1dax_inconsistent 0.000 1.230 0.107 1.300 0.000 0.043 1.431 0.078 0.000 0.000 0.000 0.000 0.000 0.000 0.104 0.115 0.202 0.003 0.273 2.054 0.000 0.000 1.450 0.000 0.000 0.944 0.000 0.000 0.125 0.000 0.000 0.000 0.903 0.000 0.073 1.103 0.801 0.000 0.142 0.000 
0 test1dax_consistent 0.118 1.367 0.348 0.000 0.000 0.591 1.194 0.000 0.000 0.000 1.335 1.044 0.909 1.458 0.000 1.067 0.865 0.000 0.000 0.000 0.000 2.227 0.000 0.000 0.000 5.436 1.670 0.042 0.000 0.000 0.104 0.000 0.000 0.000 0.000 0.000 2.007 0.000 0.659 1.442 
1 test1dax_inconsistent 0.118 1.367 0.348 0.000 0.000 0.591 1.194 0.000 0.000 0.000 1.335 1.044 0.909 1.458 0.000 1.067 0.865 0.000 0.000 0.000 0.262 1.234 0.000 0.000 0.000 0.630 1.178 0.668 0.000 0.143 0.000 0.000 0.130 0.040 0.271 0.000 0.226 0.000 0.000 1.247 
0 test1dax_consistent 0.000 0.036 0.000 2.244 0.000 1.201 0.666 0.295 0.552 0.000 0.000 0.117 1.223 0.171 1.131 0.684 0.000 0.891 0.000 0.166 0.222 0.000 0.000 1.540 0.025 0.818 0.000 0.069 0.000 0.000 0.000 0.318 2.051 0.000 4.454 0.000 0.000 0.000 2.413 1.117 
1 test1dax_inconsistent 0.000 0.036 0.000 2.244 0.000 1.201 0.666 0.295 0.552 0.000 0.000 0.117 1.223 0.171 1.131 0.684 0.000 0.891 0.000 0.166 0.568 0.748 0.264 0.000 0.202 0.000 0.000 0.000 0.181 0.000 0.000 0.404 0.704 0.000 1.261 0.305 0.000 0.259 0.000 0.000 
0 test1dax_consistent 0.479 1.012 1.305 0.088 0.036 0.000 1.022 1.105 1.250 0.890 0.050 0.000 0.000 0.599 0.000 1.576 0.000 0.982 0.605 0.000 0.000 0.000 0.098 0.000 0.246 0.000 2.208 3.111 4.521 0.000 0.000 0.000 1.677 0.159 0.115 1.669 0.000 0.438 0.000 1.638 
1 test1dax_inconsistent 0.479 1.012 1.305 0.088 0.036 0.000 1.022 1.105 1.250 0.890 0.050 0.000 0.000 0.599 0.000 1.576 0.000 0.982 0.605 0.000 0.000 0.069 0.219 0.496 0.318 0.000 0.000 1.612 0.944 0.000 0.000 0.000 0.450 0.000 0.191 0.000 0.000 0.486 0.111 1.128 
0 test1dax_consistent 0.071 0.044 0.000 0.865 0.000 0.380 0.000 0.274 0.733 0.000 0.114 0.548 1.345 1.244 0.250 1.980 0.234 0.307 0.951 0.000 0.000 0.000 0.224 0.000 0.000 0.000 3.161 0.000 1.052 0.000 0.000 0.000 1.763 4.953 0.085 0.000 0.869 2.539 1.090 0.000 
1 test1dax_inconsistent 0.071 0.044 0.000 0.865 0.000 0.380 0.000 0.274 0.733 0.000 0.114 0.548 1.345 1.244 0.250 1.980 0.234 0.307 0.951 0.000 0.000 0.000 0.382 0.000 0.013 0.208 0.596 0.000 0.790 0.000 0.000 0.243 0.850 0.697 0.000 0.000 0.141 1.211 1.528 0.000 
0 test1dax_consistent 0.705 0.957 0.308 2.151 0.072 0.274 0.255 1.533 0.005 0.816 0.802 0.000 0.000 0.000 0.000 0.735 0.000 0.000 0.000 0.454 0.885 0.000 0.807 0.654 2.098 4.686 2.648 0.203 0.000 0.000 1.082 0.000 0.000 0.000 0.000 0.896 0.875 2.785 2.325 0.000 
1 test1dax_inconsistent 0.705 0.957 0.308 2.151 0.072 0.274 0.255 1.533 0.005 0.816 0.802 0.000 0.000 0.000 0.000 0.735 0.000 0.000 0.000 0.454 0.404 0.000 0.623 0.000 0.641 1.030 1.566 0.000 0.000 0.000 0.010 0.000 0.000 0.000 0.000 0.275 0.315 0.158 0.700 0.226 
0 test1dax_consistent 0.000 1.071 1.781 1.242 0.108 0.000 0.680 0.166 1.120 0.000 0.000 0.000 0.000 0.043 0.581 0.000 1.513 0.107 0.000 0.000 0.000 2.099 1.318 5.617 2.122 0.000 0.885 1.726 0.000 0.000 0.426 0.000 0.000 0.000 0.000 0.715 0.000 0.000 0.195 0.000 
1 test1dax_inconsistent 0.000 1.071 1.781 1.242 0.108 0.000 0.680 0.166 1.120 0.000 0.000 0.000 0.000 0.043 0.581 0.000 1.513 0.107 0.000 0.000 0.000 0.924 0.245 1.693 0.000 0.000 0.223 1.474 0.000 0.000 0.000 0.000 0.000 0.000 0.000 0.000 0.000 0.000 0.281 0.344 
0 test1dax_consistent 0.000 0.634 0.035 0.490 0.000 0.016 1.731 1.373 0.000 0.895 0.663 0.000 1.065 0.496 0.733 0.109 0.000 0.474 0.000 0.000 0.000 0.000 4.737 0.396 0.000 3.771 0.000 0.000 0.000 0.513 2.844 1.200 0.000 0.000 0.000 0.629 0.000 2.257 0.000 0.000 
1 test1dax_inconsistent 0.000 0.634 0.035 0.490 0.000 0.016 1.731 1.373 0.000 0.895 0.663 0.000 1.065 0.496 0.733 0.109 0.000 0.474 0.000 0.000 0.000 0.101 0.594 0.249 0.000 0.789 0.000 0.000 0.004 1.308 1.061 1.205 0.000 0.000 0.000 0.494 0.013 1.352 0.039 0.000 
0 test1dax_consistent 0.029 0.347 1.601 1.562 0.069 0.000 0.000 0.000 0.126 0.115 0.968 0.982 0.000 0.347 0.009 0.532 1.102 0.715 0.000 0.072 0.000 4.601 1.874 3.756 0.000 0.000 0.000 0.000 0.000 0.000 0.000 0.000 0.000 0.766 0.000 0.000 2.964 0.000 0.000 0.708 
1 test1dax_inconsistent 0.029 0.347 1.601 1.562 0.069 0.000 0.000 0.000 0.126 0.115 0.968 0.982 0.000 0.347 0.009 0.532 1.102 0.715 0.000 0.072 0.000 0.776 0.000 0.931 0.000 0.365 0.000 0.077 0.000 0.000 0.000 0.704 0.000 0.650 0.000 0.169 1.681 0.128 0.000 0.000 
0 test1dax_consistent 0.089 0.000 0.101 0.000 0.051 0.500 0.000 0.594 0.821 0.014 0.000 1.644 0.603 0.027 0.000 1.511 1.719 0.000 0.290 0.058 1.723 0.000 3.868 0.000 0.954 0.210 1.170 0.000 0.000 0.000 1.031 3.542 1.964 2.630 0.000 0.983 0.401 0.000 0.000 0.000 
1 test1dax_inconsistent 0.089 0.000 0.101 0.000 0.051 0.500 0.000 0.594 0.821 0.014 0.000 1.644 0.603 0.027 0.000 1.511 1.719 0.000 0.290 0.058 1.173 0.000 1.346 0.132 0.538 0.000 0.515 0.289 0.000 0.017 0.000 0.722 0.680 0.540 0.000 0.841 0.000 0.160 0.000 0.000 
0 test1dax_consistent 1.724 0.587 0.430 0.361 0.506 0.000 1.179 0.265 0.511 0.894 0.610 0.000 0.453 1.135 0.000 0.422 0.662 0.000 0.399 0.519 0.064 0.111 0.000 0.213 1.027 1.956 4.006 0.000 1.436 1.774 1.668 0.000 0.000 2.728 0.000 0.191 1.558 0.000 0.554 1.104 
1 test1dax_inconsistent 1.724 0.587 0.430 0.361 0.506 0.000 1.179 0.265 0.511 0.894 0.610 0.000 0.453 1.135 0.000 0.422 0.662 0.000 0.399 0.519 0.000 0.111 0.000 0.876 0.405 0.220 0.643 0.457 1.085 0.277 0.153 0.000 0.000 0.433 0.018 0.151 0.521 0.000 0.000 0.000 
0 test1dax_consistent 0.309 0.643 0.000 0.254 0.047 0.000 0.032 0.000 0.000 0.069 1.069 0.004 0.053 1.569 0.199 0.000 0.809 0.000 0.000 2.024 0.000 3.908 0.000 0.000 0.000 0.000 0.000 0.000 0.000 0.000 0.000 0.000 0.000 0.000 5.081 0.000 0.000 0.141 0.000 4.991 
1 test1dax_inconsistent 0.309 0.643 0.000 0.254 0.047 0.000 0.032 0.000 0.000 0.069 1.069 0.004 0.053 1.569 0.199 0.000 0.809 0.000 0.000 2.024 0.058 1.349 0.000 0.022 0.000 0.000 0.000 0.000 0.000 0.000 0.124 0.128 0.000 0.231 2.318 0.054 0.000 0.000 0.183 0.745 
0 test1dax_consistent 0.470 0.105 0.000 0.136 0.035 0.000 0.231 0.000 1.281 0.000 0.905 0.000 1.379 0.314 0.000 0.027 1.760 0.284 0.117 0.301 0.795 2.032 0.000 0.000 0.240 0.000 0.000 0.000 1.687 0.000 1.432 0.000 0.000 0.000 0.000 2.818 0.000 0.131 0.000 4.789 
1 test1dax_inconsistent 0.470 0.105 0.000 0.136 0.035 0.000 0.231 0.000 1.281 0.000 0.905 0.000 1.379 0.314 0.000 0.027 1.760 0.284 0.117 0.301 1.159 0.220 0.000 0.829 0.317 0.000 0.000 0.000 0.378 0.000 1.041 0.079 0.000 0.000 0.000 0.704 0.000 0.000 0.000 1.242 
0 test1dax_consistent 1.111 0.000 0.316 0.788 0.049 0.017 0.116 1.435 0.298 0.000 0.000 0.000 0.221 1.620 0.970 0.000 0.000 0.000 0.000 1.040 0.000 3.662 0.000 0.000 4.226 0.000 0.000 1.422 0.000 0.395 0.000 0.000 1.736 3.632 0.178 0.000 0.000 0.000 0.315 0.000 
1 test1dax_inconsistent 1.111 0.000 0.316 0.788 0.049 0.017 0.116 1.435 0.298 0.000 0.000 0.000 0.221 1.620 0.970 0.000 0.000 0.000 0.000 1.040 0.180 0.993 0.269 0.183 1.711 0.259 0.000 0.136 0.165 0.000 0.008 0.000 1.311 0.434 0.587 0.000 0.000 0.000 0.000 0.000 
0 test1dax_consistent 0.000 0.773 0.000 0.000 0.000 0.603 1.881 0.000 0.408 0.055 0.750 0.000 0.000 1.403 0.841 1.555 0.000 0.000 0.130 0.000 0.000 0.000 0.000 0.000 2.478 1.819 0.000 0.000 0.000 1.666 0.000 0.000 0.000 5.272 3.085 0.555 0.420 0.000 0.000 0.000 
1 test1dax_inconsistent 0.000 0.773 0.000 0.000 0.000 0.603 1.881 0.000 0.408 0.055 0.750 0.000 0.000 1.403 0.841 1.555 0.000 0.000 0.130 0.000 0.000 0.188 0.000 0.000 0.841 0.306 0.611 0.000 0.000 0.616 0.020 0.000 0.000 1.654 0.420 0.000 0.000 0.000 0.040 0.387 
0 test1dax_consistent 0.146 1.336 0.000 0.891 0.612 1.121 0.257 0.000 1.192 0.000 1.243 0.075 0.276 0.677 0.393 0.494 0.680 0.000 0.000 0.289 1.463 0.000 0.000 2.937 4.457 0.308 0.000 1.260 0.000 0.121 1.525 2.411 1.652 0.934 0.000 0.167 0.000 0.000 0.000 0.000 
1 test1dax_inconsistent 0.146 1.336 0.000 0.891 0.612 1.121 0.257 0.000 1.192 0.000 1.243 0.075 0.276 0.677 0.393 0.494 0.680 0.000 0.000 0.289 0.588 0.000 0.028 0.095 0.882 0.563 0.000 0.641 0.102 0.000 0.951 1.092 0.000 0.002 0.893 0.897 0.000 0.000 0.000 0.000 
0 test1dax_consistent 0.047 0.000 0.000 0.000 0.000 0.000 0.229 2.516 0.440 0.027 0.000 0.000 1.034 1.149 0.000 0.000 0.900 0.000 0.917 0.000 0.000 0.000 0.000 0.000 4.889 2.140 0.000 2.166 0.000 1.491 0.000 2.120 2.371 1.445 0.000 2.158 0.000 0.000 1.179 0.000 
1 test1dax_inconsistent 0.047 0.000 0.000 0.000 0.000 0.000 0.229 2.516 0.440 0.027 0.000 0.000 1.034 1.149 0.000 0.000 0.900 0.000 0.917 0.000 0.035 0.000 0.000 0.000 1.460 0.271 0.000 0.930 0.292 0.000 0.000 1.116 0.584 0.474 0.095 0.334 0.000 0.034 0.381 0.000 
0 test1dax_consistent 0.468 0.261 0.000 0.405 0.452 0.099 1.562 0.621 0.000 0.581 1.075 0.000 0.185 0.192 0.000 1.264 0.669 0.000 0.146 0.125 2.320 0.000 0.000 0.000 0.932 0.191 0.000 0.000 3.038 0.000 0.008 0.934 4.086 1.688 0.000 0.000 0.000 0.254 0.220 0.413 
1 test1dax_inconsistent 0.468 0.261 0.000 0.405 0.452 0.099 1.562 0.621 0.000 0.581 1.075 0.000 0.185 0.192 0.000 1.264 0.669 0.000 0.146 0.125 0.142 0.181 0.000 0.000 0.287 0.406 0.000 0.237 0.165 0.347 0.008 1.119 0.701 1.106 0.000 0.000 0.000 0.056 0.408 0.000 
0 test1dax_consistent 2.129 0.000 1.838 0.000 0.538 0.429 0.000 0.376 0.424 0.000 0.000 0.248 0.000 0.000 0.000 0.000 0.610 0.960 0.016 0.104 0.000 0.867 0.000 1.489 0.000 0.000 0.000 0.000 3.502 3.280 0.370 0.000 0.000 0.000 0.127 2.287 0.000 0.000 3.807 0.000 
1 test1dax_inconsistent 2.129 0.000 1.838 0.000 0.538 0.429 0.000 0.376 0.424 0.000 0.000 0.248 0.000 0.000 0.000 0.000 0.610 0.960 0.016 0.104 0.043 0.164 0.208 0.095 0.519 0.000 0.000 0.000 1.742 0.451 0.556 0.000 0.000 0.000 0.116 1.040 0.326 0.000 0.349 0.021 
0 test1dax_consistent 0.184 2.168 0.000 1.078 0.000 0.220 1.076 0.000 0.559 0.146 0.000 0.000 0.000 0.000 0.167 0.115 0.000 1.362 0.000 0.874 2.693 2.094 2.532 0.000 0.000 2.773 0.015 0.000 0.000 0.000 0.000 2.340 0.000 0.000 3.424 2.678 0.000 0.000 0.000 0.000 
1 test1dax_inconsistent 0.184 2.168 0.000 1.078 0.000 0.220 1.076 0.000 0.559 0.146 0.000 0.000 0.000 0.000 0.167 0.115 0.000 1.362 0.000 0.874 1.197 0.025 0.712 0.000 0.000 0.177 0.294 0.000 0.408 0.000 0.000 0.000 0.000 0.000 0.883 1.828 0.000 0.166 0.205 0.146 
0 test1dax_consistent 1.431 0.145 0.000 0.000 0.000 0.000 0.000 0.155 2.373 0.000 0.000 0.000 1.101 0.136 0.409 0.000 0.426 0.383 0.000 0.000 3.624 0.000 0.000 0.000 0.000 5.618 0.000 0.000 0.000 0.000 0.000 2.956 0.652 0.000 0.000 0.000 0.000 1.696 2.077 0.000 
1 test1dax_inconsistent 1.431 0.145 0.000 0.000 0.000 0.000 0.000 0.155 2.373 0.000 0.000 0.000 1.101 0.136 0.409 0.000 0.426 0.383 0.000 0.000 1.369 0.000 0.085 0.000 0.000 1.777 0.000 0.000 0.000 0.000 0.016 0.461 0.871 0.000 0.000 0.000 0.000 0.376 1.369 0.007 
0 test1dax_consistent 1.139 0.051 1.129 0.117 0.916 0.000 1.003 0.937 0.218 0.000 0.000 0.000 0.343 0.015 0.000 1.054 0.806 0.375 0.163 1.430 0.870 0.000 1.609 0.000 0.000 0.000 0.000 2.700 0.000 1.262 0.000 2.994 0.000 0.000 1.047 0.712 0.000 0.000 4.266 2.733 
1 test1dax_inconsistent 1.139 0.051 1.129 0.117 0.916 0.000 1.003 0.937 0.218 0.000 0.000 0.000 0.343 0.015 0.000 1.054 0.806 0.375 0.163 1.430 0.496 0.000 0.349 0.450 0.000 0.000 0.229 1.170 0.373 0.940 0.000 0.262 0.297 0.000 0.000 0.004 0.542 0.000 1.062 0.613 
0 test1dax_consistent 0.059 0.500 0.187 2.257 0.000 0.137 0.947 1.212 0.000 0.332 0.000 0.000 0.000 0.552 0.000 0.000 0.000 0.574 0.000 0.000 5.001 0.000 0.429 1.115 0.000 0.729 0.000 0.000 2.836 0.000 0.000 1.033 0.666 0.000 0.000 2.006 0.000 4.836 0.000 0.000 
1 test1dax_inconsistent 0.059 0.500 0.187 2.257 0.000 0.137 0.947 1.212 0.000 0.332 0.000 0.000 0.000 0.552 0.000 0.000 0.000 0.574 0.000 0.000 1.531 0.102 0.093 0.496 0.218 0.803 0.183 0.517 0.828 0.000 0.000 0.715 0.947 0.000 0.060 1.563 0.000 0.845 0.000 0.000 
0 test1dax_consistent 0.160 0.157 1.439 0.218 0.000 0.000 1.048 1.181 0.387 0.000 0.427 0.000 1.469 0.778 0.139 0.000 0.000 0.000 0.126 1.690 0.000 0.529 3.421 0.180 0.000 3.294 0.000 0.000 0.000 0.000 0.407 1.023 4.304 0.409 0.000 0.000 1.752 2.967 0.000 0.176 
1 test1dax_inconsistent 0.160 0.157 1.439 0.218 0.000 0.000 1.048 1.181 0.387 0.000 0.427 0.000 1.469 0.778 0.139 0.000 0.000 0.000 0.126 1.690 0.000 0.361 1.146 0.000 0.000 0.656 0.109 0.000 0.000 0.167 0.193 0.000 1.243 0.753 0.008 0.160 0.421 0.499 1.091 0.000 
0 test1dax_consistent 0.435 1.522 0.245 2.046 0.000 0.216 0.226 0.492 0.000 1.290 0.193 0.602 0.129 0.000 0.000 0.000 0.000 1.026 0.534 0.000 0.785 0.000 0.069 0.996 0.000 5.304 0.583 2.393 0.000 0.000 0.000 0.000 1.086 0.000 0.000 0.000 0.000 3.769 0.946 0.000 
1 test1dax_inconsistent 0.435 1.522 0.245 2.046 0.000 0.216 0.226 0.492 0.000 1.290 0.193 0.602 0.129 0.000 0.000 0.000 0.000 1.026 0.534 0.000 0.879 0.000 0.000 0.648 0.000 0.974 0.043 1.419 0.000 0.000 0.038 0.396 0.598 0.000 0.000 0.000 0.000 2.321 0.000 0.019 
0 test1dax_consistent 0.000 1.211 2.028 0.779 0.419 0.000 0.000 0.745 0.199 0.000 0.000 1.265 0.438 0.862 0.000 0.000 0.000 0.290 0.000 0.000 0.000 0.000 2.657 0.000 0.400 0.000 0.000 3.054 3.440 0.000 0.000 0.000 3.011 0.000 3.293 0.000 0.000 0.000 0.604 1.283 
1 test1dax_inconsistent 0.000 1.211 2.028 0.779 0.419 0.000 0.000 0.745 0.199 0.000 0.000 1.265 0.438 0.862 0.000 0.000 0.000 0.290 0.000 0.000 0.000 0.024 0.497 0.018 0.528 0.000 0.000 0.459 1.118 0.000 0.000 0.000 0.718 0.455 0.999 0.032 0.000 0.592 0.319 0.089 
0 test1dax_consistent 0.000 0.218 0.000 0.000 0.008 0.583 0.677 1.118 0.000 1.373 1.524 0.000 0.000 0.537 0.767 0.000 0.029 0.002 0.287 1.174 0.000 0.000 0.000 2.960 1.573 3.463 2.948 0.849 0.000 0.000 2.702 0.083 0.064 0.000 0.000 0.000 0.663 0.000 0.000 1.378 
1 test1dax_inconsistent 0.000 0.218 0.000 0.000 0.008 0.583 0.677 1.118 0.000 1.373 1.524 0.000 0.000 0.537 0.767 0.000 0.029 0.002 0.287 1.174 0.000 0.322 0.127 0.545 1.136 1.041 0.629 0.000 0.000 0.399 0.151 0.288 0.184 0.000 0.402 0.000 0.460 0.000 0.122 0.000 
0 test1dax_consistent 0.000 0.000 0.486 0.178 0.366 0.065 0.946 0.895 0.199 0.360 0.000 0.000 1.166 0.789 0.195 1.059 1.207 0.000 1.408 0.000 0.000 0.000 0.000 0.000 1.709 0.525 0.000 0.000 1.479 1.532 0.533 3.434 0.000 0.000 0.000 2.819 1.214 0.000 0.000 2.852 
1 test1dax_inconsistent 0.000 0.000 0.486 0.178 0.366 0.065 0.946 0.895 0.199 0.360 0.000 0.000 1.166 0.789 0.195 1.059 1.207 0.000 1.408 0.000 0.000 0.000 0.173 0.000 1.457 0.000 0.000 0.000 0.769 1.022 0.375 0.246 0.000 0.000 0.000 0.298 0.241 0.000 0.044 0.271 
0 test1dax_consistent 0.469 0.041 0.000 0.000 2.169 0.000 0.791 0.962 0.000 0.041 0.000 0.000 0.000 0.000 0.000 0.000 0.000 0.028 1.234 1.201 3.638 2.201 2.076 0.000 0.000 2.751 0.000 0.000 1.001 0.000 0.000 2.347 0.000 2.220 0.000 0.715 0.000 0.645 2.056 0.000 
1 test1dax_inconsistent 0.469 0.041 0.000 0.000 2.169 0.000 0.791 0.962 0.000 0.041 0.000 0.000 0.000 0.000 0.000 0.000 0.000 0.028 1.234 1.201 1.470 0.739 0.000 0.000 0.153 0.060 0.096 0.051 0.222 0.000 0.000 0.115 0.000 0.653 0.000 0.785 0.000 0.846 0.455 0.234 
0 test1dax_consistent 0.000 0.000 0.000 0.000 0.071 0.000 1.041 1.886 0.000 0.232 1.508 0.487 0.690 0.149 0.952 0.803 0.000 0.566 0.000 0.258 0.000 0.000 4.285 0.890 0.243 0.000 0.000 0.818 4.210 0.057 0.886 0.992 0.000 1.684 0.000 0.000 0.000 0.000 2.997 1.500 
1 test1dax_inconsistent 0.000 0.000 0.000 0.000 0.071 0.000 1.041 1.886 0.000 0.232 1.508 0.487 0.690 0.149 0.952 0.803 0.000 0.566 0.000 0.258 0.000 0.000 0.898 0.505 0.634 0.000 0.069 0.842 1.234 0.000 0.124 0.690 0.195 0.390 0.000 0.000 0.000 0.054 0.684 0.632 
0 test1dax_consistent 0.586 2.144 0.000 0.056 0.000 0.202 0.000 0.162 0.000 0.019 1.813 1.224 0.000 0.000 0.000 0.000 0.000 1.433 0.000 0.000 0.404 2.442 2.676 0.000 0.000 1.352 0.000 3.832 0.000 0.000 1.269 0.000 0.000 0.000 0.000 0.012 2.941 0.000 2.776 4.074 
1 test1dax_inconsistent 0.586 2.144 0.000 0.056 0.000 0.202 0.000 0.162 0.000 0.019 1.813 1.224 0.000 0.000 0.000 0.000 0.000 1.433 0.000 0.000 0.344 0.623 0.664 0.000 0.000 0.804 0.000 2.035 0.000 0.260 0.168 0.158 0.000 0.000 0.000 0.116 1.284 0.000 0.595 0.482 
0 test1dax_consistent 0.000 0.000 1.044 0.095 0.000 0.606 0.617 0.293 0.000 0.132 1.283 0.028 0.847 0.597 0.194 0.322 2.304 0.427 0.000 0.000 0.000 0.000 0.000 0.000 0.000 0.000 3.388 0.243 0.000 0.000 0.000 0.000 0.000 1.180 0.000 5.489 1.665 0.000 2.423 0.000 
1 test1dax_inconsistent 0.000 0.000 1.044 0.095 0.000 0.606 0.617 0.293 0.000 0.132 1.283 0.028 0.847 0.597 0.194 0.322 2.304 0.427 0.000 0.000 0.000 0.000 0.000 0.000 0.000 0.317 1.061 0.417 0.000 0.000 0.286 0.073 0.000 0.765 0.283 0.799 0.298 0.090 1.340 0.000 
0 test1dax_consistent 0.000 0.186 0.063 0.000 0.034 0.000 0.000 0.196 0.259 0.000 0.000 0.944 1.657 0.000 0.000 0.000 1.039 1.279 1.299 0.922 0.000 0.000 5.434 2.921 0.000 0.000 0.000 1.311 0.000 0.596 0.000 0.298 0.000 0.000 0.000 2.520 0.000 1.089 0.589 1.233 
1 test1dax_inconsistent 0.000 0.186 0.063 0.000 0.034 0.000 0.000 0.196 0.259 0.000 0.000 0.944 1.657 0.000 0.000 0.000 1.039 1.279 1.299 0.922 0.000 0.351 1.503 1.913 0.055 0.000 0.037 0.683 0.000 0.270 0.000 0.727 0.000 0.000 0.000 0.992 0.000 0.445 0.756 0.099 
0 test1dax_consistent 0.000 0.048 0.000 1.888 0.214 0.000 0.000 0.861 0.666 1.431 0.084 0.138 0.000 0.630 0.671 0.000 0.000 1.433 0.000 0.000 0.000 0.000 0.000 0.000 0.663 0.000 0.000 0.000 0.000 0.000 3.729 5.641 0.000 2.069 0.000 0.000 0.000 0.516 0.000 0.000 
1 test1dax_inconsistent 0.000 0.048 0.000 1.888 0.214 0.000 0.000 0.861 0.666 1.431 0.084 0.138 0.000 0.630 0.671 0.000 0.000 1.433 0.000 0.000 0.000 0.000 0.000 0.000 0.514 0.059 0.377 0.064 0.000 0.000 2.881 0.952 0.000 0.842 0.000 0.000 0.000 0.000 0.000 0.000 
0 test1dax_consistent 0.565 0.000 0.366 0.032 0.585 0.274 2.297 0.148 0.000 0.000 0.490 0.064 0.000 0.646 1.672 0.141 0.869 0.041 0.073 0.000 0.324 0.286 0.000 0.000 0.373 1.584 2.519 1.963 0.394 0.304 0.681 2.810 0.000 1.875 0.906 2.938 0.000 0.000 0.157 2.736 
1 test1dax_inconsistent 0.565 0.000 0.366 0.032 0.585 0.274 2.297 0.148 0.000 0.000 0.490 0.064 0.000 0.646 1.672 0.141 0.869 0.041 0.073 0.000 0.711 0.302 0.171 0.000 0.007 1.010 0.625 0.496 0.000 0.313 0.937 0.349 0.022 0.674 0.191 0.225 0.631 0.000 0.065 0.560 
0 test1dax_consistent 0.000 0.148 0.000 0.000 1.931 0.000 0.000 0.709 0.000 0.054 0.787 0.000 0.000 0.025 0.000 1.554 0.342 0.085 1.032 0.908 2.326 2.114 0.045 0.000 0.000 0.000 0.368 1.308 0.000 2.951 0.000 0.000 0.000 0.000 0.000 1.298 4.031 0.000 0.000 2.760 
1 test1dax_inconsistent 0.000 0.148 0.000 0.000 1.931 0.000 0.000 0.709 0.000 0.054 0.787 0.000 0.000 0.025 0.000 1.554 0.342 0.085 1.032 0.908 0.517 0.585 0.066 0.000 0.854 0.000 0.456 0.000 0.000 1.624 0.000 0.000 0.000 0.028 0.111 0.516 1.126 0.000 0.000 0.021 
0 test1dax_consistent 0.000 0.987 0.244 0.000 0.000 1.460 0.600 0.364 1.671 0.981 0.000 1.855 0.000 0.171 0.964 0.000 0.000 0.000 0.058 0.248 1.912 3.503 0.000 0.000 0.158 0.096 0.000 1.042 0.000 0.001 0.000 0.000 4.346 0.000 1.238 0.000 0.078 0.000 3.984 0.000 
1 test1dax_inconsistent 0.000 0.987 0.244 0.000 0.000 1.460 0.600 0.364 1.671 0.981 0.000 1.855 0.000 0.171 0.964 0.000 0.000 0.000 0.058 0.248 0.226 0.390 0.260 0.022 0.490 0.000 0.000 0.682 0.107 0.232 0.000 0.000 1.503 0.379 0.672 0.000 0.140 0.000 1.841 0.203 
0 test1dax_consistent 0.000 0.938 0.000 0.000 1.189 0.976 0.229 0.662 1.670 0.847 0.000 0.994 0.000 0.000 0.953 0.233 0.993 0.000 0.000 0.000 0.000 0.000 0.000 1.678 1.336 0.000 2.625 0.000 3.210 2.912 3.055 0.106 1.764 1.537 0.000 0.000 0.000 0.000 0.000 2.009 
1 test1dax_inconsistent 0.000 0.938 0.000 0.000 1.189 0.976 0.229 0.662 1.670 0.847 0.000 0.994 0.000 0.000 0.953 0.233 0.993 0.000 0.000 0.000 0.000 0.000 0.000 0.361 0.136 0.238 0.287 0.000 0.371 1.594 0.726 0.200 0.338 0.562 0.000 0.567 0.564 0.000 0.000 0.942 
0 test1dax_consistent 0.000 0.749 0.098 0.720 0.000 0.000 0.847 0.000 0.193 0.000 0.000 1.797 1.362 0.644 1.315 0.000 0.000 0.947 0.855 0.000 0.000 0.381 0.000 1.668 0.022 2.007 0.000 0.000 3.354 0.000 0.109 1.411 3.859 2.734 1.358 0.000 1.547 0.237 0.628 0.076 
1 test1dax_inconsistent 0.000 0.749 0.098 0.720 0.000 0.000 0.847 0.000 0.193 0.000 0.000 1.797 1.362 0.644 1.315 0.000 0.000 0.947 0.855 0.000 0.000 0.000 0.000 0.593 0.000 1.134 0.000 0.000 0.768 0.000 0.298 0.000 0.997 0.549 0.759 0.000 0.263 0.889 0.295 0.368 
0 test1dax_consistent 0.000 0.000 0.000 0.255 1.467 1.361 0.313 0.855 0.682 0.000 0.000 0.000 0.000 1.210 0.398 1.876 0.153 0.000 0.034 0.000 0.000 0.000 0.000 0.000 0.705 1.339 5.054 0.000 0.000 0.000 0.000 1.651 0.000 1.004 3.182 1.357 0.000 1.879 2.613 0.000 
1 test1dax_inconsistent 0.000 0.000 0.000 0.255 1.467 1.361 0.313 0.855 0.682 0.000 0.000 0.000 0.000 1.210 0.398 1.876 0.153 0.000 0.034 0.000 0.000 0.000 0.000 0.000 0.117 1.524 1.197 0.305 0.031 0.254 0.000 0.538 0.000 0.000 0.973 1.226 0.000 0.584 1.377 0.000 
0 test1dax_consistent 0.088 0.081 0.797 0.859 1.192 0.000 0.000 0.000 0.000 2.088 0.000 0.531 0.320 0.091 0.000 1.068 0.000 0.083 0.524 0.127 4.394 0.299 3.461 1.753 1.587 2.171 0.000 0.000 0.000 0.000 0.000 2.839 0.000 0.000 0.000 0.000 0.000 0.000 0.000 0.000 
1 test1dax_inconsistent 0.088 0.081 0.797 0.859 1.192 0.000 0.000 0.000 0.000 2.088 0.000 0.531 0.320 0.091 0.000 1.068 0.000 0.083 0.524 0.127 0.602 0.190 1.492 0.608 0.596 0.388 0.000 0.112 0.278 0.000 0.323 0.654 0.000 0.000 0.311 0.000 0.554 0.000 0.000 0.000 
0 test1dax_consistent 0.000 0.000 0.167 1.538 1.464 0.134 0.427 1.185 0.000 0.000 1.846 0.000 0.492 0.000 0.000 0.000 0.018 0.159 0.137 0.132 1.675 0.000 1.768 0.000 3.768 0.556 0.000 0.737 0.000 0.000 0.000 1.135 0.000 0.000 3.481 0.000 0.000 0.718 0.700 3.925 
1 test1dax_inconsistent 0.000 0.000 0.167 1.538 1.464 0.134 0.427 1.185 0.000 0.000 1.846 0.000 0.492 0.000 0.000 0.000 0.018 0.159 0.137 0.132 0.788 0.000 0.011 0.027 0.952 0.000 0.000 0.000 0.000 0.000 0.000 0.585 0.117 0.000 1.029 0.493 0.000 0.751 0.181 0.780 
0 test1dax_consistent 0.000 0.266 0.625 0.473 1.559 0.904 0.000 0.000 0.411 0.000 0.000 0.391 0.000 0.266 0.366 0.000 1.511 0.000 1.203 0.443 0.000 0.000 0.000 0.000 4.584 3.034 0.427 0.000 0.000 0.000 0.000 0.000 0.558 0.000 4.012 0.000 2.200 0.000 0.000 0.000 
1 test1dax_inconsistent 0.000 0.266 0.625 0.473 1.559 0.904 0.000 0.000 0.411 0.000 0.000 0.391 0.000 0.266 0.366 0.000 1.511 0.000 1.203 0.443 0.000 0.000 0.000 0.031 0.753 0.776 0.702 0.000 0.199 0.076 0.000 0.000 0.243 0.000 2.446 0.000 0.832 0.000 0.253 0.000 
0 test1dax_consistent 1.811 0.000 0.000 0.494 0.000 0.000 0.000 0.693 0.000 0.000 1.472 0.661 0.000 0.926 0.332 1.245 0.521 0.000 0.360 1.095 0.621 0.000 0.000 2.557 3.473 0.000 1.734 0.000 0.000 0.000 1.220 0.000 0.046 0.000 0.083 0.000 4.558 1.142 2.991 0.000 
1 test1dax_inconsistent 1.811 0.000 0.000 0.494 0.000 0.000 0.000 0.693 0.000 0.000 1.472 0.661 0.000 0.926 0.332 1.245 0.521 0.000 0.360 1.095 0.675 0.010 0.201 1.178 1.360 0.000 0.603 0.143 0.006 0.000 0.000 0.000 0.536 0.000 0.000 0.000 1.325 0.762 0.585 0.000 
0 test1dax_consistent 0.000 0.141 0.702 1.099 0.000 0.000 0.000 0.000 0.000 0.000 0.000 0.845 0.000 1.326 0.952 0.342 1.536 0.391 0.613 0.000 0.000 0.000 0.000 0.000 3.014 0.000 0.000 0.000 3.817 0.000 0.000 1.478 0.000 0.000 1.790 2.177 0.060 2.182 0.000 0.000 
1 test1dax_inconsistent 0.000 0.141 0.702 1.099 0.000 0.000 0.000 0.000 0.000 0.000 0.000 0.845 0.000 1.326 0.952 0.342 1.536 0.391 0.613 0.000 0.189 0.000 0.112 0.036 0.381 0.000 0.000 0.418 1.678 0.516 0.002 0.000 0.150 0.000 0.022 0.000 0.000 0.519 0.019 0.000 
0 test1dax_consistent 0.829 0.102 0.000 0.105 0.000 0.000 0.245 0.000 0.000 0.000 0.000 1.143 0.000 2.141 0.022 2.120 0.000 0.107 0.100 0.537 4.050 0.032 0.000 0.000 0.000 0.000 0.000 1.560 3.287 0.803 2.473 0.000 0.000 1.267 0.681 0.000 0.000 3.035 0.000 0.000 
1 test1dax_inconsistent 0.829 0.102 0.000 0.105 0.000 0.000 0.245 0.000 0.000 0.000 0.000 1.143 0.000 2.141 0.022 2.120 0.000 0.107 0.100 0.537 1.472 0.155 0.000 0.077 0.080 0.000 0.000 0.000 0.619 0.417 0.451 0.272 0.000 1.020 0.205 0.000 0.000 1.902 0.000 0.000 
0 test1dax_consistent 0.219 0.000 0.584 1.446 0.279 0.682 0.000 0.181 0.000 0.000 0.000 0.867 1.419 0.503 0.000 2.386 0.000 1.078 0.519 0.000 0.401 0.824 0.116 0.000 2.291 1.249 0.000 2.689 0.590 2.615 3.279 0.814 0.574 0.000 0.000 3.436 0.000 0.000 1.959 0.000 
1 test1dax_inconsistent 0.219 0.000 0.584 1.446 0.279 0.682 0.000 0.181 0.000 0.000 0.000 0.867 1.419 0.503 0.000 2.386 0.000 1.078 0.519 0.000 0.194 0.000 0.000 0.575 0.777 1.184 0.000 0.776 0.000 1.137 0.742 0.346 0.000 0.000 0.000 0.066 0.000 0.063 1.481 0.000 
0 test1dax_consistent 1.269 0.627 0.719 0.709 0.860 0.535 0.617 0.254 0.842 0.799 0.397 0.068 0.659 0.958 0.230 0.000 0.169 0.311 0.000 1.339 2.611 0.000 2.351 1.055 1.490 0.364 0.000 0.000 3.353 0.954 0.729 0.000 0.623 1.790 0.000 2.575 0.555 0.000 0.000 0.000 
1 test1dax_inconsistent 1.269 0.627 0.719 0.709 0.860 0.535 0.617 0.254 0.842 0.799 0.397 0.068 0.659 0.958 0.230 0.000 0.169 0.311 0.000 1.339 0.179 0.369 0.306 0.000 0.587 0.000 0.000 0.499 1.277 0.000 0.058 0.000 0.175 0.258 0.000 0.495 0.928 0.194 0.020 0.000 
0 test1dax_consistent 0.173 0.351 0.071 0.000 1.575 0.930 0.154 1.759 1.125 0.000 0.249 0.000 0.000 1.286 0.000 0.000 1.266 0.165 0.000 0.000 1.055 1.521 0.000 1.369 4.638 0.000 0.767 2.095 2.039 2.938 0.000 1.462 0.000 0.000 0.000 0.000 0.286 0.000 0.025 0.000 
1 test1dax_inconsistent 0.173 0.351 0.071 0.000 1.575 0.930 0.154 1.759 1.125 0.000 0.249 0.000 0.000 1.286 0.000 0.000 1.266 0.165 0.000 0.000 0.536 0.895 0.000 0.622 1.169 0.301 0.150 0.513 0.503 1.000 0.000 0.000 0.000 0.057 0.000 0.000 0.570 0.271 0.579 0.000 
0 test1dax_consistent 1.570 0.000 0.000 0.033 0.073 0.000 0.170 0.058 0.000 1.328 0.034 0.365 1.107 0.000 1.201 0.000 0.000 0.493 0.141 1.940 1.777 0.099 0.000 1.271 0.000 1.824 3.977 2.239 2.443 0.000 0.000 1.344 0.049 0.003 0.000 0.027 0.000 0.000 1.995 3.240 
1 test1dax_inconsistent 1.570 0.000 0.000 0.033 0.073 0.000 0.170 0.058 0.000 1.328 0.034 0.365 1.107 0.000 1.201 0.000 0.000 0.493 0.141 1.940 0.841 0.000 0.034 1.092 0.078 0.276 0.685 0.422 0.924 0.022 0.307 0.000 0.110 0.000 0.128 0.182 0.004 0.594 0.217 0.489 
0 test1dax_consistent 1.136 0.623 0.706 0.000 0.000 0.618 0.000 0.000 0.443 0.980 1.180 1.403 0.000 0.000 0.228 0.000 0.414 0.364 0.950 1.194 0.000 0.000 0.129 0.000 0.000 0.000 0.000 0.000 0.298 1.106 3.956 0.000 0.000 2.950 0.247 3.212 0.173 0.000 3.266 0.000 
1 test1dax_inconsistent 1.136 0.623 0.706 0.000 0.000 0.618 0.000 0.000 0.443 0.980 1.180 1.403 0.000 0.000 0.228 0.000 0.414 0.364 0.950 1.194 0.016 0.831 0.247 0.000 0.000 0.000 0.000 0.000 0.000 0.000 1.636 0.000 0.020 0.616 0.214 0.984 0.074 0.287 0.649 0.000 
0 test1dax_consistent 0.000 0.000 0.000 1.676 0.034 0.357 0.054 0.113 0.000 2.265 0.000 0.717 0.127 0.609 0.000 0.000 0.163 0.076 0.896 0.682 0.000 0.000 1.653 0.000 0.000 0.000 0.628 0.000 0.401 0.000 0.000 1.581 2.250 0.000 0.000 4.082 0.393 0.080 2.363 1.808 
1 test1dax_inconsistent 0.000 0.000 0.000 1.676 0.034 0.357 0.054 0.113 0.000 2.265 0.000 0.717 0.127 0.609 0.000 0.000 0.163 0.076 0.896 0.682 0.187 0.000 0.656 0.000 0.000 0.000 0.000 0.221 0.481 0.000 0.000 0.000 0.243 0.000 0.000 0.811 0.000 0.589 0.000 1.728 
0 test1dax_consistent 0.000 0.000 0.000 0.288 2.514 0.000 1.534 0.000 0.119 0.006 0.000 0.558 0.000 0.000 0.481 0.000 0.000 1.812 0.000 0.190 2.483 1.058 0.000 0.000 0.000 0.000 0.000 0.000 1.419 0.000 5.611 1.486 0.000 0.020 0.000 1.893 0.520 1.155 0.000 0.176 
1 test1dax_inconsistent 0.000 0.000 0.000 0.288 2.514 0.000 1.534 0.000 0.119 0.006 0.000 0.558 0.000 0.000 0.481 0.000 0.000 1.812 0.000 0.190 0.000 0.743 0.000 0.000 0.482 0.000 0.000 0.333 0.484 0.088 1.446 1.241 0.000 0.000 0.000 0.476 0.819 0.219 0.000 0.210 
0 test1dax_consistent 0.000 0.000 1.046 1.618 0.378 0.347 0.855 0.000 0.761 0.000 0.332 0.466 0.000 0.661 0.096 1.367 1.102 0.735 1.046 0.000 0.107 1.661 3.134 5.503 0.000 0.000 0.000 0.000 0.000 0.000 0.000 1.868 0.000 0.980 0.000 0.931 0.000 3.118 0.000 0.000 
1 test1dax_inconsistent 0.000 0.000 1.046 1.618 0.378 0.347 0.855 0.000 0.761 0.000 0.332 0.466 0.000 0.661 0.096 1.367 1.102 0.735 1.046 0.000 0.000 0.480 0.443 2.168 0.241 0.526 0.000 0.081 0.513 0.000 0.000 0.270 0.000 0.000 0.000 0.967 0.000 1.336 0.096 0.000 
0 test1dax_consistent 1.258 0.000 0.000 0.000 0.393 0.000 0.027 0.000 0.000 0.000 0.281 0.850 0.000 0.369 0.339 0.466 1.655 1.696 1.021 0.519 4.148 0.000 0.000 0.000 0.000 1.218 0.000 0.000 0.000 0.000 2.997 0.000 0.000 3.361 2.854 2.275 0.572 0.000 1.456 1.320 
1 test1dax_inconsistent 1.258 0.000 0.000 0.000 0.393 0.000 0.027 0.000 0.000 0.000 0.281 0.850 0.000 0.369 0.339 0.466 1.655 1.696 1.021 0.519 0.734 0.128 0.000 0.000 0.000 0.738 0.000 0.000 0.000 0.082 2.071 0.000 0.000 1.270 0.755 1.135 0.778 0.000 0.812 0.000 
0 test1dax_consistent 0.000 0.000 0.000 0.000 0.010 0.004 0.000 2.611 0.427 0.096 0.143 0.334 0.465 0.677 0.000 0.000 0.000 0.371 0.664 0.378 0.000 0.000 0.000 0.009 2.914 0.000 0.000 3.694 1.389 0.062 0.000 5.890 0.996 0.000 0.000 0.000 0.000 0.000 0.000 0.000 
1 test1dax_inconsistent 0.000 0.000 0.000 0.000 0.010 0.004 0.000 2.611 0.427 0.096 0.143 0.334 0.465 0.677 0.000 0.000 0.000 0.371 0.664 0.378 0.000 0.000 0.118 0.264 0.027 0.127 0.000 0.763 0.874 0.123 0.503 2.279 0.604 0.000 0.000 0.000 0.000 0.000 0.014 0.349 
0 test1dax_consistent 0.000 0.101 0.584 1.252 2.183 1.290 0.553 0.589 0.163 0.000 0.000 0.957 0.000 0.046 0.000 0.000 1.026 0.000 0.809 0.000 2.193 0.000 0.000 0.000 0.000 0.000 1.150 0.000 2.342 0.000 0.000 4.392 0.000 0.000 0.000 0.000 1.752 3.078 0.109 1.505 
1 test1dax_inconsistent 0.000 0.101 0.584 1.252 2.183 1.290 0.553 0.589 0.163 0.000 0.000 0.957 0.000 0.046 0.000 0.000 1.026 0.000 0.809 0.000 0.945 0.000 0.662 0.000 0.390 0.000 0.300 0.430 0.812 0.000 0.000 0.426 0.000 0.169 0.000 0.000 1.126 0.871 0.537 0.000 
0 test1dax_consistent 0.264 1.324 0.082 1.165 1.367 0.726 0.000 0.292 0.174 0.000 0.071 0.796 0.843 0.133 0.118 0.376 0.000 1.320 0.349 0.000 0.000 0.367 0.000 0.000 0.000 0.000 0.000 2.192 0.243 0.000 0.891 1.699 3.444 0.072 0.725 3.093 0.000 3.805 0.000 0.492 
1 test1dax_inconsistent 0.264 1.324 0.082 1.165 1.367 0.726 0.000 0.292 0.174 0.000 0.071 0.796 0.843 0.133 0.118 0.376 0.000 1.320 0.349 0.000 0.000 0.773 0.000 0.000 0.000 0.351 0.000 0.723 0.186 0.172 0.978 0.418 1.077 0.427 0.195 0.851 0.000 0.356 0.000 0.263 
0 test1dax_consistent 0.000 0.000 0.158 0.215 1.480 0.767 0.000 2.499 0.041 0.736 1.972 0.000 0.000 0.023 0.000 0.000 0.136 0.098 0.238 0.274 3.528 0.000 0.000 3.697 0.000 0.149 0.562 0.000 1.513 0.414 0.000 0.000 0.000 3.425 0.000 0.000 2.889 0.208 0.000 0.666 
1 test1dax_inconsistent 0.000 0.000 0.158 0.215 1.480 0.767 0.000 2.499 0.041 0.736 1.972 0.000 0.000 0.023 0.000 0.000 0.136 0.098 0.238 0.274 0.615 0.000 0.000 0.998 0.443 0.000 0.068 0.124 0.489 0.211 0.024 0.000 0.210 0.203 0.000 0.000 1.200 0.281 0.450 0.870 
0 test1dax_consistent 0.000 0.000 0.303 0.217 1.550 0.000 0.000 0.153 0.000 0.455 0.000 0.000 1.695 0.000 1.116 0.000 0.104 0.000 2.038 0.181 0.000 2.934 1.426 1.949 2.256 0.721 0.000 0.426 0.000 0.942 0.000 0.000 0.000 1.592 0.212 5.352 0.937 0.223 0.000 0.000 
1 test1dax_inconsistent 0.000 0.000 0.303 0.217 1.550 0.000 0.000 0.153 0.000 0.455 0.000 0.000 1.695 0.000 1.116 0.000 0.104 0.000 2.038 0.181 0.000 1.299 0.749 1.111 0.515 0.606 0.106 0.378 0.209 0.000 0.000 0.000 0.466 0.539 0.000 1.227 0.300 0.342 0.196 0.040 
0 test1dax_consistent 0.000 0.000 0.000 0.000 0.187 0.305 0.000 1.580 1.850 0.289 0.000 2.229 0.000 0.000 0.000 0.000 0.000 0.000 0.000 0.116 3.620 0.000 0.589 0.000 0.000 0.000 0.000 1.146 1.391 1.280 0.000 3.034 0.607 0.000 1.682 0.000 4.796 0.000 0.000 1.482 
1 test1dax_inconsistent 0.000 0.000 0.000 0.000 0.187 0.305 0.000 1.580 1.850 0.289 0.000 2.229 0.000 0.000 0.000 0.000 0.000 0.000 0.000 0.116 1.060 0.000 0.215 0.129 0.553 0.367 0.000 0.000 0.749 0.368 0.021 0.663 0.327 0.000 0.772 0.000 1.075 0.000 0.000 0.954 
0 test1dax_consistent 1.111 0.000 0.040 0.000 1.690 0.589 0.601 0.654 0.000 0.000 0.000 0.298 1.142 0.589 0.000 0.880 0.000 0.000 0.313 1.130 3.414 0.000 0.000 0.000 0.000 1.432 0.000 0.000 0.000 0.020 0.000 0.000 4.211 0.028 0.495 0.157 0.000 0.000 0.000 5.646 
1 test1dax_inconsistent 1.111 0.000 0.040 0.000 1.690 0.589 0.601 0.654 0.000 0.000 0.000 0.298 1.142 0.589 0.000 0.880 0.000 0.000 0.313 1.130 0.564 0.178 0.019 0.289 0.965 0.000 0.401 0.069 0.000 0.000 0.000 0.000 1.588 0.370 0.000 0.576 0.000 0.000 0.000 2.002 
0 test1dax_consistent 0.757 0.000 0.873 0.025 0.047 1.793 0.000 0.512 0.218 0.000 0.000 0.483 0.219 2.620 0.000 0.343 0.000 0.000 0.000 0.000 3.178 0.000 3.041 0.000 0.000 0.915 0.000 0.000 0.000 0.000 0.839 3.600 4.327 1.728 0.769 0.000 0.000 2.122 0.000 0.000 
1 test1dax_inconsistent 0.757 0.000 0.873 0.025 0.047 1.793 0.000 0.512 0.218 0.000 0.000 0.483 0.219 2.620 0.000 0.343 0.000 0.000 0.000 0.000 0.242 0.551 1.399 0.000 0.000 0.000 0.000 0.486 0.110 0.000 0.014 1.232 1.994 0.511 0.584 0.000 0.000 1.043 0.000 0.000 
0 test1dax_consistent 0.000 0.516 0.593 0.000 0.755 0.676 0.000 0.000 0.000 0.000 1.799 0.000 0.970 0.790 0.000 0.591 0.000 0.934 0.000 1.686 0.000 0.000 0.000 0.000 0.000 0.000 0.000 0.000 4.050 0.000 1.533 0.000 4.411 0.000 3.532 0.000 0.000 0.000 0.000 0.000 
1 test1dax_inconsistent 0.000 0.516 0.593 0.000 0.755 0.676 0.000 0.000 0.000 0.000 1.799 0.000 0.970 0.790 0.000 0.591 0.000 0.934 0.000 1.686 0.000 0.105 0.000 0.102 0.205 0.000 0.000 0.070 1.208 0.000 1.753 0.000 1.922 0.000 0.253 0.000 0.000 0.378 0.000 0.000 
0 test1dax_consistent 1.016 0.025 0.821 1.439 0.051 0.545 0.850 0.000 0.000 0.880 0.061 0.000 0.615 0.000 1.358 0.034 0.284 0.000 1.743 1.183 1.689 0.634 0.000 2.355 0.695 3.231 0.000 0.000 0.000 1.958 0.000 0.000 0.000 3.648 0.323 0.000 0.193 1.288 1.811 0.000 
1 test1dax_inconsistent 1.016 0.025 0.821 1.439 0.051 0.545 0.850 0.000 0.000 0.880 0.061 0.000 0.615 0.000 1.358 0.034 0.284 0.000 1.743 1.183 0.000 0.149 0.651 0.913 0.000 0.705 0.000 0.252 0.237 0.240 0.316 0.000 0.000 1.177 0.232 0.000 0.386 0.461 0.110 0.431 
0 test1dax_consistent 0.193 0.498 0.000 0.000 0.000 0.000 0.009 0.359 0.025 2.254 0.000 1.157 0.000 0.046 1.485 0.911 0.000 0.000 0.276 0.000 2.439 0.000 3.280 1.761 2.932 0.000 0.000 1.137 0.000 0.000 3.474 0.000 0.000 0.083 0.000 0.000 0.000 1.979 0.000 0.790 
1 test1dax_inconsistent 0.193 0.498 0.000 0.000 0.000 0.000 0.009 0.359 0.025 2.254 0.000 1.157 0.000 0.046 1.485 0.911 0.000 0.000 0.276 0.000 1.068 0.000 0.428 0.049 1.350 0.000 0.000 1.178 0.000 0.000 0.712 0.071 0.027 0.000 0.000 0.220 0.000 0.440 0.000 0.000 
0 test1dax_consistent 0.000 0.000 0.355 0.260 0.878 1.080 1.621 0.492 0.066 0.766 0.278 0.586 0.207 0.287 1.109 0.370 0.930 0.366 0.312 0.083 0.000 0.000 0.000 0.000 2.879 3.852 0.758 2.510 3.776 0.000 0.963 0.000 0.000 1.987 0.825 0.268 0.000 0.000 1.689 0.483 
1 test1dax_inconsistent 0.000 0.000 0.355 0.260 0.878 1.080 1.621 0.492 0.066 0.766 0.278 0.586 0.207 0.287 1.109 0.370 0.930 0.366 0.312 0.083 0.000 0.000 0.000 0.000 0.907 0.775 0.031 0.416 1.657 0.000 1.134 0.000 0.743 1.231 1.354 0.586 0.000 0.000 0.370 0.000 
0 test1dax_consistent 0.000 0.000 0.308 0.204 0.000 0.306 0.916 0.042 0.000 0.000 0.000 0.448 0.000 0.000 0.195 0.000 2.155 0.092 1.539 1.471 0.000 0.000 0.000 2.700 0.000 0.000 0.626 0.000 0.000 0.000 4.537 4.563 0.000 0.000 1.083 0.629 2.818 0.000 0.000 0.246 
1 test1dax_inconsistent 0.000 0.000 0.308 0.204 0.000 0.306 0.916 0.042 0.000 0.000 0.000 0.448 0.000 0.000 0.195 0.000 2.155 0.092 1.539 1.471 0.000 0.182 0.000 1.383 0.000 0.134 0.953 0.000 0.703 0.000 1.385 1.345 0.000 0.000 0.523 0.235 0.606 0.147 0.000 0.000 
0 test1dax_consistent 1.447 1.192 0.034 0.000 0.000 0.000 0.000 1.202 1.210 0.820 1.950 0.000 1.076 0.000 0.000 0.780 0.000 0.000 0.000 0.313 1.109 2.238 0.000 1.544 0.684 0.000 0.000 0.000 0.082 1.683 0.000 0.000 3.581 0.000 2.523 0.000 0.000 0.000 0.000 4.974 
1 test1dax_inconsistent 1.447 1.192 0.034 0.000 0.000 0.000 0.000 1.202 1.210 0.820 1.950 0.000 1.076 0.000 0.000 0.780 0.000 0.000 0.000 0.313 0.863 0.000 0.194 0.000 0.591 0.000 0.471 0.457 0.000 0.856 0.424 0.000 1.411 0.000 1.157 0.000 0.000 0.000 0.000 1.241 
0 test1dax_consistent 0.611 0.335 0.231 0.000 0.769 0.406 0.000 0.152 0.073 2.098 0.000 0.579 0.316 1.187 0.000 0.000 0.000 0.373 1.665 1.219 0.000 0.000 0.000 1.297 2.178 0.000 0.000 1.007 1.706 3.076 0.000 0.000 3.744 0.000 0.000 0.000 4.007 0.000 0.000 1.499 
1 test1dax_inconsistent 0.611 0.335 0.231 0.000 0.769 0.406 0.000 0.152 0.073 2.098 0.000 0.579 0.316 1.187 0.000 0.000 0.000 0.373 1.665 1.219 0.000 0.000 0.308 0.000 0.844 0.018 0.527 0.643 0.388 1.669 0.000 0.000 0.714 0.260 0.000 0.000 0.870 0.000 0.212 0.109 
0 test1dax_consistent 1.398 0.653 0.000 0.000 0.389 0.404 0.000 0.000 0.647 0.000 0.296 0.788 0.000 0.000 0.412 0.000 0.140 2.181 0.000 0.807 2.665 6.200 0.000 0.000 0.000 0.545 0.000 0.000 1.343 0.000 0.000 0.000 0.000 0.000 0.000 1.862 0.000 0.000 0.000 0.000 
1 test1dax_inconsistent 1.398 0.653 0.000 0.000 0.389 0.404 0.000 0.000 0.647 0.000 0.296 0.788 0.000 0.000 0.412 0.000 0.140 2.181 0.000 0.807 1.299 1.142 0.000 0.495 0.000 0.472 0.109 0.000 0.305 0.000 0.013 0.000 0.152 0.000 0.033 1.253 0.000 0.000 0.000 0.000 
0 test1dax_consistent 1.064 0.397 1.268 0.100 0.000 0.013 0.511 0.000 0.308 1.064 0.274 0.641 1.221 0.000 0.200 0.823 0.803 0.856 0.000 0.590 1.437 0.000 2.205 3.297 0.000 0.000 0.000 1.570 0.000 0.000 0.303 0.074 0.811 3.323 0.000 2.097 0.000 2.629 0.000 2.589 
1 test1dax_inconsistent 1.064 0.397 1.268 0.100 0.000 0.013 0.511 0.000 0.308 1.064 0.274 0.641 1.221 0.000 0.200 0.823 0.803 0.856 0.000 0.590 0.952 0.408 0.382 0.770 0.133 0.000 0.000 0.833 0.000 0.730 0.496 0.000 0.136 0.839 0.123 1.318 0.000 0.433 0.000 0.543 
0 test1dax_consistent 1.627 1.318 0.798 0.008 0.180 0.161 0.000 0.099 1.086 0.082 0.274 0.889 0.318 0.000 0.000 0.862 1.166 0.000 1.283 0.000 0.000 0.000 2.671 0.085 0.000 1.147 0.000 0.000 0.063 0.000 0.000 0.000 1.805 0.000 0.000 3.134 4.146 0.393 0.694 3.644 
1 test1dax_inconsistent 1.627 1.318 0.798 0.008 0.180 0.161 0.000 0.099 1.086 0.082 0.274 0.889 0.318 0.000 0.000 0.862 1.166 0.000 1.283 0.000 0.000 0.010 1.714 0.259 0.000 1.044 0.000 0.000 0.000 0.000 0.000 0.000 1.015 0.000 0.000 0.400 0.848 0.015 1.093 0.825 
0 test1dax_consistent 0.163 0.000 0.237 1.424 0.000 0.000 0.000 0.913 0.381 0.852 1.430 0.000 1.226 1.301 0.000 0.000 0.175 0.468 0.260 1.300 0.035 3.823 0.656 0.000 0.000 0.000 2.596 0.000 0.868 0.000 1.249 0.000 1.372 2.065 0.000 2.930 0.000 0.000 0.000 0.000 
1 test1dax_inconsistent 0.163 0.000 0.237 1.424 0.000 0.000 0.000 0.913 0.381 0.852 1.430 0.000 1.226 1.301 0.000 0.000 0.175 0.468 0.260 1.300 0.000 0.354 0.570 0.232 0.000 0.000 0.251 0.084 0.895 0.000 0.558 0.000 0.000 1.175 0.257 0.897 0.249 0.446 0.000 0.129 
0 test1dax_consistent 0.000 0.303 0.910 0.000 0.286 0.852 0.000 0.914 1.206 0.000 0.000 1.217 0.000 1.283 1.148 0.000 1.367 0.014 0.529 0.000 0.000 0.000 0.000 2.340 0.000 0.000 1.629 4.311 0.000 0.000 1.770 0.000 0.011 0.000 2.540 0.000 0.049 0.000 1.527 0.207 
1 test1dax_inconsistent 0.000 0.303 0.910 0.000 0.286 0.852 0.000 0.914 1.206 0.000 0.000 1.217 0.000 1.283 1.148 0.000 1.367 0.014 0.529 0.000 0.000 0.125 0.000 0.846 0.806 0.000 0.260 0.084 0.006 0.000 0.351 0.463 0.000 0.477 0.348 0.000 0.000 0.000 0.684 0.578 
0 test1dax_consistent 0.000 0.000 0.396 0.771 0.000 0.874 0.000 0.934 0.000 0.000 0.000 0.446 1.009 0.000 0.476 0.319 1.040 1.520 0.998 0.873 0.000 0.000 0.103 1.008 0.491 3.596 0.544 0.000 0.000 0.000 0.000 0.683 0.000 0.000 0.950 5.194 1.243 1.832 0.000 0.742 
1 test1dax_inconsistent 0.000 0.000 0.396 0.771 0.000 0.874 0.000 0.934 0.000 0.000 0.000 0.446 1.009 0.000 0.476 0.319 1.040 1.520 0.998 0.873 0.000 0.040 0.000 0.808 0.000 0.779 0.000 0.000 0.000 0.000 0.000 0.398 0.000 0.000 0.707 1.341 0.037 0.756 0.000 0.793 
