0 test1dax_consistent 0.069 1.071 0.274 0.516 0.751 0.061 0.000 0.024 0.504 0.736 1.813 0.000 0.216 0.380 0.621 0.912 0.034 0.272 0.476 0.482 0.165 0.754 0.000 5.175 0.000 0.017 0.000 0.026 0.000 0.546 0.000 0.216 5.621 0.073 0.000 0.000 0.045 0.000 1.599 0.000 
1 test1dax_inconsistent 0.069 1.071 0.274 0.516 0.751 0.061 0.000 0.024 0.504 0.736 1.813 0.000 0.216 0.380 0.621 0.912 0.034 0.272 0.476 0.482 0.134 1.120 0.000 1.236 0.195 0.071 0.000 0.000 0.075 0.000 0.145 0.283 2.800 0.184 0.155 0.000 0.401 0.000 1.505 0.151 
0 test1dax_consistent 0.000 0.000 0.688 0.732 0.035 1.666 0.000 0.000 0.108 0.133 1.233 0.392 0.000 0.000 0.000 0.604 0.921 0.482 0.000 1.736 0.169 0.000 2.285 3.650 0.000 0.000 0.000 2.008 3.910 0.000 0.771 1.214 0.000 1.768 0.000 0.143 0.000 1.037 0.000 0.000 
1 test1dax_inconsistent 0.000 0.000 0.688 0.732 0.035 1.666 0.000 0.000 0.108 0.133 1.233 0.392 0.000 0.000 0.000 0.604 0.921 0.482 0.000 1.736 0.177 0.000 0.092 1.463 0.000 0.051 0.000 0.329 1.296 0.000 0.915 0.000 0.000 1.196 0.000 0.361 0.536 0.391 0.000 0.579 
0 test1dax_consistent 0.672 0.000 1.375 0.000 0.000 0.600 0.044 1.978 0.495 0.018 0.000 0.000 0.000 0.000 0.000 0.000 0.000 1.634 0.000 0.000 0.000 3.752 4.823 0.000 0.000 2.357 1.325 1.567 0.000 0.352 0.000 0.000 0.000 0.000 0.218 2.010 0.178 2.203 0.000 1.248 
1 test1dax_inconsistent 0.672 0.000 1.375 0.000 0.000 0.600 0.044 1.978 0.495 0.018 0.000 0.000 0.000 0.000 0.000 0.000 0.000 1.634 0.000 0.000 0.000 1.382 1.369 0.876 0.000 1.531 0.694 0.124 0.000 0.435 0.000 0.000 0.000 0.000 0.293 0.656 0.038 1.055 0.000 1.031 
0 test1dax_consistent 0.000 0.022 0.000 0.646 0.409 0.029 0.546 1.092 0.020 0.000 0.801 0.533 1.317 0.032 1.184 0.000 0.599 1.192 0.584 0.000 0.529 0.000 0.000 0.000 0.000 0.000 5.746 0.000 0.000 2.476 0.000 0.000 2.678 2.434 0.645 0.000 0.475 0.000 0.689 0.000 
1 test1dax_inconsistent 0.000 0.022 0.000 0.646 0.409 0.029 0.546 1.092 0.020 0.000 0.801 0.533 1.317 0.032 1.184 0.000 0.599 1.192 0.584 0.000 0.679 0.000 0.000 0.135 0.000 0.000 1.951 0.142 0.000 0.537 0.000 0.000 0.703 0.891 1.196 0.000 0.000 0.000 1.157 0.000 
0 test1dax_consistent 0.000 0.145 1.531 0.190 0.041 0.000 0.000 0.043 2.548 0.000 1.135 0.000 0.358 0.040 0.480 0.055 0.000 0.000 0.000 0.000 0.000 0.000 2.427 1.101 0.960 0.000 0.000 0.000 0.000 2.716 0.000 2.751 2.686 0.128 0.000 1.481 0.000 3.078 2.032 0.000 
1 test1dax_inconsistent 0.000 0.145 1.531 0.190 0.041 0.000 0.000 0.043 2.548 0.000 1.135 0.000 0.358 0.040 0.480 0.055 0.000 0.000 0.000 0.000 0.106 0.566 1.297 0.005 0.272 0.126 0.182 0.553 0.000 0.466 0.000 0.545 0.492 0.295 0.315 0.232 0.000 1.006 0.659 0.000 
0 test1dax_consistent 0.656 0.000 0.141 0.000 0.000 0.185 0.031 0.740 0.000 0.646 0.831 1.938 0.517 0.637 0.000 0.490 1.609 0.000 1.014 0.016 0.684 0.000 4.134 1.098 0.000 0.107 0.000 0.000 1.438 0.064 0.637 0.946 0.000 0.569 0.000 0.816 4.427 0.000 1.627 0.000 
1 test1dax_inconsistent 0.656 0.000 0.141 0.000 0.000 0.185 0.031 0.740 0.000 0.646 0.831 1.938 0.517 0.637 0.000 0.490 1.609 0.000 1.014 0.016 0.022 0.000 1.339 1.108 0.076 0.437 0.000 0.000 1.028 0.281 0.088 0.330 0.487 0.786 0.000 1.080 1.657 0.000 0.000 0.097 
0 test1dax_consistent 0.857 0.000 0.000 0.000 0.671 0.837 0.746 1.375 0.000 0.000 0.460 1.579 0.189 0.000 0.009 0.148 0.533 0.000 0.406 1.202 2.172 2.655 2.072 0.000 0.612 0.000 0.106 0.598 0.000 1.540 0.634 0.700 2.120 1.896 0.110 3.610 0.000 0.000 2.214 0.644 
1 test1dax_inconsistent 0.857 0.000 0.000 0.000 0.671 0.837 0.746 1.375 0.000 0.000 0.460 1.579 0.189 0.000 0.009 0.148 0.533 0.000 0.406 1.202 1.155 0.582 0.747 0.026 0.584 0.000 0.706 0.000 0.000 0.254 0.691 0.897 1.373 0.451 0.099 0.907 0.000 0.000 0.763 0.182 
0 test1dax_consistent 0.306 1.389 0.656 0.360 0.193 0.183 0.000 0.036 1.486 0.609 0.949 0.079 0.000 0.240 0.221 1.468 0.013 1.026 0.000 0.983 0.000 0.055 0.000 0.426 0.000 0.000 0.000 2.555 0.879 1.383 3.139 1.379 3.148 0.309 0.000 0.000 0.000 0.664 0.000 2.597 
1 test1dax_inconsistent 0.306 1.389 0.656 0.360 0.193 0.183 0.000 0.036 1.486 0.609 0.949 0.079 0.000 0.240 0.221 1.468 0.013 1.026 0.000 0.983 0.192 0.000 0.000 0.102 0.105 0.162 0.000 0.177 0.634 0.183 0.863 1.011 0.771 0.887 0.230 0.452 0.000 0.000 0.000 0.662 
0 test1dax_consistent 0.818 0.292 0.000 0.000 0.671 0.000 1.875 0.000 1.978 0.000 0.000 0.000 1.019 0.014 0.000 0.288 0.036 0.000 0.000 0.426 2.029 0.000 0.000 0.000 0.000 2.255 3.806 0.000 0.000 0.000 0.000 0.000 3.009 0.000 3.437 0.024 0.000 0.000 0.000 0.622 
1 test1dax_inconsistent 0.818 0.292 0.000 0.000 0.671 0.000 1.875 0.000 1.978 0.000 0.000 0.000 1.019 0.014 0.000 0.288 0.036 0.000 0.000 0.426 0.704 0.051 0.000 0.023 0.000 0.229 0.693 0.000 0.000 0.000 0.000 0.000 1.759 0.000 1.089 0.904 0.000 0.000 0.016 0.796 
0 test1dax_consistent 1.253 0.358 1.020 0.000 0.000 0.688 0.418 0.147 0.575 0.378 0.020 0.823 0.000 0.522 1.303 0.304 0.000 0.189 0.442 0.000 0.546 5.182 0.000 0.756 0.000 0.979 0.000 0.522 0.000 0.000 0.505 3.115 0.000 0.052 0.174 0.000 0.000 2.926 0.013 0.000 
1 test1dax_inconsistent 1.253 0.358 1.020 0.000 0.000 0.688 0.418 0.147 0.575 0.378 0.020 0.823 0.000 0.522 1.303 0.304 0.000 0.189 0.442 0.000 1.015 2.032 0.000 1.228 0.010 0.249 0.000 0.823 0.150 0.000 0.903 0.747 0.000 0.000 0.000 0.010 0.000 0.222 0.000 0.000 
0 test1dax_consistent 1.744 1.642 0.166 0.000 0.204 0.314 0.583 0.000 0.023 0.481 0.303 0.075 0.000 0.018 0.464 0.602 0.660 0.000 0.401 0.721 0.114 1.346 0.000 0.245 3.549 0.000 4.309 0.320 0.000 0.456 0.000 1.082 0.000 0.000 2.601 2.723 0.000 0.000 0.591 0.816 
1 test1dax_inconsistent 1.744 1.642 0.166 0.000 0.204 0.314 0.583 0.000 0.023 0.481 0.303 0.075 0.000 0.018 0.464 0.602 0.660 0.000 0.401 0.721 0.813 0.002 0.000 0.000 1.174 0.000 1.512 0.761 0.868 0.606 0.000 0.000 0.000 0.058 0.833 0.405 0.000 0.000 0.363 0.459 
0 test1dax_consistent 0.145 0.089 0.000 0.167 1.830 0.000 0.000 2.377 0.000 0.000 0.000 0.000 0.000 0.499 0.000 0.135 1.184 0.000 0.000 0.000 3.524 2.149 3.785 0.000 0.000 0.085 0.000 0.055 1.361 0.000 0.000 0.000 0.000 0.056 1.959 0.000 0.888 0.000 3.064 0.000 
1 test1dax_inconsistent 0.145 0.089 0.000 0.167 1.830 0.000 0.000 2.377 0.000 0.000 0.000 0.000 0.000 0.499 0.000 0.135 1.184 0.000 0.000 0.000 1.969 0.369 0.925 0.000 0.193 0.453 0.000 0.664 1.054 0.107 0.080 0.000 0.127 0.097 0.830 0.572 0.000 0.000 0.513 0.000 
0 test1dax_consistent 0.000 0.046 0.302 0.000 0.000 1.372 0.530 0.142 0.000 0.420 0.729 0.021 0.557 0.126 0.084 0.401 2.093 1.282 1.091 0.000 0.000 0.000 0.000 0.702 0.000 2.466 0.939 0.008 0.938 1.496 0.000 0.000 1.724 0.000 0.000 1.971 0.487 1.181 5.529 0.000 
1 test1dax_inconsistent 0.000 0.046 0.302 0.000 0.000 1.372 0.530 0.142 0.000 0.420 0.729 0.021 0.557 0.126 0.084 0.401 2.093 1.282 1.091 0.000 0.000 0.000 0.143 0.669 0.000 1.684 0.440 0.439 0.313 1.320 0.000 0.000 0.755 0.000 0.000 0.720 0.237 0.000 1.246 0.000 
0 test1dax_consistent 0.714 0.000 0.648 0.484 0.000 0.123 0.582 0.313 1.224 0.131 0.656 0.860 0.203 0.487 0.516 0.145 0.474 0.000 1.614 1.353 0.357 0.000 0.003 1.876 0.000 0.000 0.345 0.031 0.000 4.004 1.760 0.000 1.783 0.000 0.037 0.000 0.000 0.000 1.905 3.304 
1 test1dax_inconsistent 0.714 0.000 0.648 0.484 0.000 0.123 0.582 0.313 1.224 0.131 0.656 0.860 0.203 0.487 0.516 0.145 0.474 0.000 1.614 1.353 0.359 0.363 0.469 0.070 0.000 0.000 0.578 0.000 0.000 1.022 0.280 0.285 1.473 0.000 0.129 0.000 0.000 0.000 1.188 1.497 
0 test1dax_consistent 1.095 0.057 0.429 0.107 0.172 0.000 0.071 0.000 2.354 0.624 0.198 0.613 0.174 0.000 0.000 0.416 1.021 0.528 0.000 0.000 0.765 0.000 0.000 0.218 2.407 0.000 0.000 0.000 0.009 3.987 0.974 3.229 0.018 0.000 1.384 2.067 0.833 0.000 0.000 0.000 
1 test1dax_inconsistent 1.095 0.057 0.429 0.107 0.172 0.000 0.071 0.000 2.354 0.624 0.198 0.613 0.174 0.000 0.000 0.416 1.021 0.528 0.000 0.000 0.824 0.083 0.597 0.087 1.023 0.000 0.000 0.021 0.044 1.186 0.859 1.009 0.000 0.000 0.000 1.102 0.651 0.459 0.000 0.000 
0 test1dax_consistent 0.766 0.000 0.485 0.000 0.386 1.345 0.256 0.000 0.571 0.000 0.000 0.058 0.514 0.000 0.000 0.477 0.574 2.110 0.000 0.756 0.000 2.959 0.000 0.000 0.000 4.376 0.051 0.000 3.737 0.000 0.000 0.000 0.441 0.000 0.934 0.610 0.248 0.000 0.072 2.128 
1 test1dax_inconsistent 0.766 0.000 0.485 0.000 0.386 1.345 0.256 0.000 0.571 0.000 0.000 0.058 0.514 0.000 0.000 0.477 0.574 2.110 0.000 0.756 0.118 0.571 0.000 0.000 0.000 1.312 0.284 0.029 1.992 0.000 0.172 0.000 0.899 0.000 0.008 0.248 0.003 0.160 0.766 0.682 
0 test1dax_consistent 1.360 0.880 0.400 1.095 0.864 0.000 0.000 0.830 0.669 0.618 0.000 0.000 0.000 0.563 0.407 0.224 0.505 0.570 1.234 0.000 0.925 1.278 0.481 2.136 2.618 2.291 0.000 1.871 0.000 1.442 0.000 0.000 1.796 0.000 0.115 0.297 3.595 1.591 0.305 0.000 
1 test1dax_inconsistent 1.360 0.880 0.400 1.095 0.864 0.000 0.000 0.830 0.669 0.618 0.000 0.000 0.000 0.563 0.407 0.224 0.505 0.570 1.234 0.000 0.538 0.159 0.810 0.315 0.634 0.247 0.000 0.502 0.000 0.277 0.000 0.000 0.603 0.278 0.000 0.159 1.910 0.869 0.472 0.000 
0 test1dax_consistent 0.000 2.766 0.071 0.000 0.044 0.024 0.000 0.056 0.000 0.332 0.398 0.000 0.000 0.018 0.000 0.000 1.232 0.000 0.000 0.126 0.000 5.050 0.000 0.000 0.925 0.000 0.000 2.476 0.000 0.000 0.884 0.000 0.109 0.000 0.000 0.000 0.000 0.000 4.515 0.000 
1 test1dax_inconsistent 0.000 2.766 0.071 0.000 0.044 0.024 0.000 0.056 0.000 0.332 0.398 0.000 0.000 0.018 0.000 0.000 1.232 0.000 0.000 0.126 0.000 1.037 0.000 0.000 0.000 0.000 0.000 1.307 0.000 0.000 1.569 0.000 0.808 0.000 0.000 0.000 0.000 0.000 2.036 0.083 
0 test1dax_consistent 0.000 1.349 0.814 0.000 0.485 0.657 1.298 0.335 0.000 0.000 0.897 0.000 1.776 0.607 0.000 0.164 0.512 0.381 0.664 0.962 0.000 0.011 0.403 0.000 0.020 3.990 0.081 2.227 0.000 0.000 0.296 0.000 2.809 0.019 0.000 0.000 0.000 0.538 0.000 4.927 
1 test1dax_inconsistent 0.000 1.349 0.814 0.000 0.485 0.657 1.298 0.335 0.000 0.000 0.897 0.000 1.776 0.607 0.000 0.164 0.512 0.381 0.664 0.962 0.000 0.693 0.681 0.000 0.007 0.455 0.152 1.141 0.480 0.098 0.712 0.278 0.600 0.266 0.029 0.000 0.332 0.920 0.000 2.125 
0 test1dax_consistent 0.000 0.762 0.000 0.000 1.890 0.538 0.278 0.900 0.000 1.006 0.311 0.000 0.203 0.950 0.000 1.488 1.061 0.704 0.548 0.000 0.000 3.037 0.000 0.000 1.562 0.000 0.000 1.030 0.000 0.000 4.500 0.000 0.468 0.000 0.000 0.467 2.041 3.924 0.169 0.000 
1 test1dax_inconsistent 0.000 0.762 0.000 0.000 1.890 0.538 0.278 0.900 0.000 1.006 0.311 0.000 0.203 0.950 0.000 1.488 1.061 0.704 0.548 0.000 0.106 0.938 0.000 0.000 0.000 0.221 0.000 1.263 0.000 0.082 1.140 0.000 0.949 0.000 0.118 0.902 0.196 1.772 0.561 0.000 
0 test1dax_consistent 0.000 0.000 0.056 0.262 0.962 1.084 0.000 0.000 0.000 0.242 0.215 1.525 0.000 0.518 0.317 1.006 0.000 0.485 0.000 2.158 0.149 0.000 1.168 3.164 2.660 0.105 0.000 0.000 2.326 0.630 0.892 2.786 0.000 0.000 1.909 3.084 0.000 0.094 0.000 1.389 
1 test1dax_inconsistent 0.000 0.000 0.056 0.262 0.962 1.084 0.000 0.000 0.000 0.242 0.215 1.525 0.000 0.518 0.317 1.006 0.000 0.485 0.000 2.158 0.293 0.000 0.340 0.918 0.872 0.000 0.000 0.000 0.169 0.541 0.548 0.781 0.000 0.000 1.280 0.607 0.000 0.168 0.000 1.027 
0 test1dax_consistent 0.057 0.000 0.449 0.431 0.000 1.323 1.322 0.062 0.026 0.788 0.303 0.406 1.435 0.340 0.000 1.298 0.452 0.108 0.165 0.520 0.259 0.000 1.799 0.831 0.000 2.900 1.002 0.000 0.010 0.000 0.000 0.000 4.018 0.000 0.000 2.734 1.145 0.777 0.069 1.322 
1 test1dax_inconsistent 0.057 0.000 0.449 0.431 0.000 1.323 1.322 0.062 0.026 0.788 0.303 0.406 1.435 0.340 0.000 1.298 0.452 0.108 0.165 0.520 0.534 0.000 0.467 0.000 0.000 1.162 0.187 0.118 0.409 0.000 0.000 0.432 0.678 0.252 0.000 0.486 0.688 0.535 0.323 1.173 
0 test1dax_consistent 0.000 0.000 0.000 0.643 0.034 1.885 0.000 1.665 0.000 0.805 0.498 0.000 0.000 1.501 0.647 0.431 1.071 0.000 0.000 0.000 0.000 0.000 0.083 1.251 0.000 2.579 0.000 0.934 0.000 1.727 3.583 0.000 0.000 0.000 0.000 0.000 3.215 3.690 0.000 0.000 
1 test1dax_inconsistent 0.000 0.000 0.000 0.643 0.034 1.885 0.000 1.665 0.000 0.805 0.498 0.000 0.000 1.501 0.647 0.431 1.071 0.000 0.000 0.000 0.000 0.000 0.407 1.402 0.000 0.331 0.000 0.000 0.000 1.353 1.132 0.000 0.000 0.360 0.000 0.103 1.290 0.846 0.078 0.000 
0 test1dax_consistent 0.413 0.742 0.824 0.386 1.402 0.826 0.000 0.000 0.000 0.195 0.565 0.000 0.983 1.515 0.000 0.000 0.983 0.553 0.660 0.003 2.492 0.000 0.994 0.689 0.097 0.048 0.064 0.906 0.000 2.533 0.485 0.000 0.310 3.888 0.000 2.004 2.440 0.000 0.000 0.213 
1 test1dax_inconsistent 0.413 0.742 0.824 0.386 1.402 0.826 0.000 0.000 0.000 0.195 0.565 0.000 0.983 1.515 0.000 0.000 0.983 0.553 0.660 0.003 0.816 0.344 0.000 0.642 0.961 0.703 0.279 1.050 0.471 1.060 0.194 0.000 0.173 0.887 0.000 0.659 0.591 0.000 0.000 0.359 
0 test1dax_consistent 0.000 1.735 0.000 0.000 0.121 0.000 0.000 0.000 0.381 1.167 0.000 0.825 1.008 0.067 0.496 0.437 1.505 0.000 0.703 0.102 0.000 0.000 0.000 0.000 0.000 2.090 2.455 0.000 0.228 0.000 1.559 0.000 0.000 2.910 3.652 2.125 3.474 0.000 1.141 0.000 
1 test1dax_inconsistent 0.000 1.735 0.000 0.000 0.121 0.000 0.000 0.000 0.381 1.167 0.000 0.825 1.008 0.067 0.496 0.437 1.505 0.000 0.703 0.102 0.086 0.989 0.000 0.000 0.014 0.627 0.899 0.166 0.527 0.000 0.762 0.000 0.000 1.137 1.210 1.642 1.426 0.000 0.000 0.000 
0 test1dax_consistent 0.887 0.239 0.103 0.000 0.938 0.371 0.118 0.000 0.136 0.000 0.706 0.000 0.666 0.000 0.049 0.662 1.918 0.953 0.000 0.694 1.370 1.984 0.350 0.000 1.375 0.000 1.967 0.000 2.469 0.574 0.000 0.000 0.000 0.000 0.000 0.000 2.060 2.476 0.000 5.180 
1 test1dax_inconsistent 0.887 0.239 0.103 0.000 0.938 0.371 0.118 0.000 0.136 0.000 0.706 0.000 0.666 0.000 0.049 0.662 1.918 0.953 0.000 0.694 0.264 1.258 1.105 0.000 1.187 0.000 0.913 0.000 1.454 0.000 0.311 0.000 0.000 0.000 0.000 0.000 0.816 0.882 0.000 1.373 
0 test1dax_consistent 0.000 1.351 0.000 0.230 1.097 1.278 0.011 0.871 0.000 0.000 1.370 0.172 0.603 0.118 0.000 0.066 1.012 0.000 0.000 0.100 1.482 1.613 1.153 0.000 2.807 2.625 0.601 0.000 0.000 0.000 0.000 5.401 0.410 0.997 0.000 0.000 0.000 0.000 0.217 0.000 
1 test1dax_inconsistent 0.000 1.351 0.000 0.230 1.097 1.278 0.011 0.871 0.000 0.000 1.370 0.172 0.603 0.118 0.000 0.066 1.012 0.000 0.000 0.100 0.105 0.436 0.000 0.000 1.103 1.133 0.751 0.000 0.000 0.000 0.000 1.638 0.423 1.123 0.000 0.345 0.000 0.000 0.027 0.000 
0 test1dax_consistent 0.027 0.000 0.339 1.147 0.473 0.000 0.554 0.593 0.188 0.000 0.978 0.000 0.800 0.000 0.434 1.314 0.000 0.000 0.000 1.648 0.000 1.047 1.580 2.654 0.000 0.000 0.000 0.090 0.000 0.043 4.792 0.000 0.000 0.000 1.594 2.771 0.000 0.000 0.000 2.327 
1 test1dax_inconsistent 0.027 0.000 0.339 1.147 0.473 0.000 0.554 0.593 0.188 0.000 0.978 0.000 0.800 0.000 0.434 1.314 0.000 0.000 0.000 1.648 0.000 0.748 1.168 0.515 0.000 0.733 0.000 0.355 0.104 0.774 1.127 0.000 0.266 0.000 1.001 1.442 0.000 0.000 0.000 0.797 
0 test1dax_consistent 1.037 2.093 1.193 0.737 0.072 0.008 0.000 0.000 0.000 0.000 0.000 0.000 1.082 0.000 0.054 0.058 0.000 0.958 0.142 0.158 1.402 1.246 0.000 1.961 0.000 3.618 0.000 0.000 0.000 0.000 0.000 0.603 0.000 0.000 1.118 0.078 0.000 0.000 0.020 4.465 
1 test1dax_inconsistent 1.037 2.093 1.193 0.737 0.072 0.008 0.000 0.000 0.000 0.000 0.000 0.000 1.082 0.000 0.054 0.058 0.000 0.958 0.142 0.158 1.214 0.000 0.342 0.811 0.319 0.493 0.000 0.000 0.000 0.000 0.000 1.079 0.000 0.000 0.217 0.199 0.165 0.266 0.227 1.677 
0 test1dax_consistent 0.341 1.210 0.000 0.000 0.000 0.000 0.090 0.147 0.000 0.000 0.668 0.325 0.305 0.000 0.000 0.017 2.460 0.000 1.053 1.112 2.968 0.000 2.466 0.000 0.000 0.000 0.000 0.000 0.000 0.000 1.283 2.269 0.000 1.285 0.000 0.000 4.084 0.000 2.604 0.000 
1 test1dax_inconsistent 0.341 1.210 0.000 0.000 0.000 0.000 0.090 0.147 0.000 0.000 0.668 0.325 0.305 0.000 0.000 0.017 2.460 0.000 1.053 1.112 2.178 0.272 0.402 0.000 0.000 0.000 0.000 0.000 0.000 0.109 0.305 0.953 0.628 0.093 0.300 0.000 0.843 0.000 0.501 0.487 
0 test1dax_consistent 0.367 0.000 0.000 0.757 0.000 0.000 2.381 1.456 0.000 1.176 0.052 0.158 0.000 0.047 0.000 0.040 0.110 0.000 0.238 0.000 0.000 2.860 2.860 4.561 0.101 0.000 1.787 1.331 0.000 0.000 0.000 0.000 0.000 1.421 0.000 0.000 0.000 0.000 0.000 0.000 
1 test1dax_inconsistent 0.367 0.000 0.000 0.757 0.000 0.000 2.381 1.456 0.000 1.176 0.052 0.158 0.000 0.047 0.000 0.040 0.110 0.000 0.238 0.000 0.000 0.671 1.248 1.095 0.212 0.000 1.112 0.643 0.000 0.028 0.000 0.000 0.000 0.912 0.000 0.000 0.000 0.000 0.000 0.000 
0 test1dax_consistent 0.295 1.414 0.215 0.000 1.926 0.000 0.540 0.000 0.000 0.000 0.261 1.806 0.000 1.155 0.956 0.000 0.002 0.000 0.794 0.000 0.725 0.027 0.269 0.025 3.876 0.000 5.009 0.000 0.000 0.000 0.338 0.000 0.000 1.327 1.847 2.373 0.000 0.000 0.333 0.000 
1 test1dax_inconsistent 0.295 1.414 0.215 0.000 1.926 0.000 0.540 0.000 0.000 0.000 0.261 1.806 0.000 1.155 0.956 0.000 0.002 0.000 0.794 0.000 0.124 0.948 0.336 0.340 2.221 0.000 1.644 0.000 0.000 0.000 0.437 0.172 0.000 0.460 0.486 0.445 0.000 0.000 1.041 0.000 
0 test1dax_consistent 0.000 0.771 0.914 0.000 0.554 0.900 0.139 0.000 0.000 0.000 0.115 0.783 0.187 0.000 0.000 1.959 0.000 0.324 0.960 1.584 0.000 4.210 0.000 0.000 1.962 1.627 2.332 0.000 0.000 0.000 0.174 5.088 0.000 0.000 0.000 0.026 0.000 0.000 0.000 1.241 
1 test1dax_inconsistent 0.000 0.771 0.914 0.000 0.554 0.900 0.139 0.000 0.000 0.000 0.115 0.783 0.187 0.000 0.000 1.959 0.000 0.324 0.960 1.584 0.000 1.328 0.689 0.000 1.725 0.194 0.661 0.000 0.000 0.000 0.740 1.692 0.000 0.000 0.088 0.032 0.280 0.211 0.000 1.204 
0 test1dax_consistent 0.398 0.283 0.238 1.794 0.000 0.179 0.286 1.223 0.000 0.412 0.121 1.297 0.405 0.000 0.996 0.353 0.156 0.000 1.274 0.000 0.000 2.942 3.948 1.639 0.848 0.000 0.000 2.765 0.000 2.549 0.216 1.419 0.328 0.190 0.000 0.000 0.000 0.025 0.386 0.000 
1 test1dax_inconsistent 0.398 0.283 0.238 1.794 0.000 0.179 0.286 1.223 0.000 0.412 0.121 1.297 0.405 0.000 0.996 0.353 0.156 0.000 1.274 0.000 0.000 0.393 1.383 0.825 0.298 0.269 0.331 0.218 0.000 1.578 0.218 0.000 0.760 0.870 0.000 0.036 0.000 0.404 0.324 0.000 
0 test1dax_consistent 0.104 0.000 0.627 0.020 0.812 0.000 0.000 0.966 0.000 0.015 0.000 2.000 0.735 0.283 0.781 0.000 0.647 0.000 0.615 1.455 0.000 0.000 0.000 0.000 0.000 0.969 0.000 5.173 0.000 0.000 0.000 0.000 0.180 2.075 0.355 0.052 1.278 0.000 0.077 2.715 
1 test1dax_inconsistent 0.104 0.000 0.627 0.020 0.812 0.000 0.000 0.966 0.000 0.015 0.000 2.000 0.735 0.283 0.781 0.000 0.647 0.000 0.615 1.455 0.000 0.000 0.000 0.000 0.000 0.177 0.000 1.153 0.608 0.000 0.000 0.000 0.000 1.423 0.711 0.000 0.000 0.000 0.911 0.677 
0 test1dax_consistent 0.584 0.064 0.220 0.000 0.040 0.000 1.675 0.000 0.252 0.000 2.363 0.000 0.463 0.076 0.000 0.313 0.813 0.000 0.000 0.000 0.000 2.360 1.053 0.356 0.000 0.000 1.112 0.000 0.000 4.185 0.000 0.000 0.539 0.000 1.002 0.305 0.000 3.279 3.758 2.474 
1 test1dax_inconsistent 0.584 0.064 0.220 0.000 0.040 0.000 1.675 0.000 0.252 0.000 2.363 0.000 0.463 0.076 0.000 0.313 0.813 0.000 0.000 0.000 0.000 1.047 0.642 0.514 0.000 0.000 1.421 0.171 0.000 0.965 0.512 0.072 0.000 0.103 0.121 0.517 0.158 1.030 1.348 0.681 
0 test1dax_consistent 0.403 0.000 0.049 0.117 1.500 0.015 2.047 0.000 0.000 0.459 0.000 0.000 0.000 0.666 0.000 0.046 0.833 0.534 0.943 0.050 0.000 1.555 0.000 1.181 0.618 0.777 0.000 4.202 0.000 0.000 0.000 0.000 0.670 1.846 0.000 0.000 2.715 0.002 4.103 1.754 
1 test1dax_inconsistent 0.403 0.000 0.049 0.117 1.500 0.015 2.047 0.000 0.000 0.459 0.000 0.000 0.000 0.666 0.000 0.046 0.833 0.534 0.943 0.050 0.200 1.131 0.000 1.238 0.800 0.332 0.114 1.058 0.000 0.000 0.000 0.000 0.026 0.877 0.000 0.000 0.356 0.000 1.382 1.007 
0 test1dax_consistent 0.000 0.000 0.094 0.000 0.000 0.000 0.000 0.028 0.000 1.394 0.000 0.039 3.022 0.000 0.000 0.044 0.000 0.097 0.000 0.000 0.000 0.000 0.700 2.869 0.735 0.000 0.000 2.197 0.000 0.233 0.000 2.688 0.000 0.000 2.404 0.000 0.000 0.000 5.489 0.000 
1 test1dax_inconsistent 0.000 0.000 0.094 0.000 0.000 0.000 0.000 0.028 0.000 1.394 0.000 0.039 3.022 0.000 0.000 0.044 0.000 0.097 0.000 0.000 0.000 0.000 0.758 2.333 1.223 0.000 0.000 0.103 0.000 0.427 0.000 0.608 0.726 0.000 0.377 0.000 0.000 0.000 1.853 0.000 
0 test1dax_consistent 1.044 0.000 0.000 0.595 0.600 0.000 0.820 0.100 0.488 0.142 0.278 0.000 0.000 0.000 0.490 1.310 1.784 0.834 0.000 0.124 0.000 0.000 0.000 2.085 3.152 2.664 1.714 0.077 0.022 0.224 2.621 0.000 0.060 0.000 0.584 0.000 0.000 3.180 0.587 0.000 
1 test1dax_inconsistent 1.044 0.000 0.000 0.595 0.600 0.000 0.820 0.100 0.488 0.142 0.278 0.000 0.000 0.000 0.490 1.310 1.784 0.834 0.000 0.124 0.789 0.000 0.000 0.148 1.308 0.540 0.788 0.176 0.000 0.618 1.445 0.000 0.607 0.000 0.915 0.092 0.000 0.787 0.000 0.000 
0 test1dax_consistent 0.000 0.547 0.191 0.471 0.362 1.142 0.000 0.225 0.000 1.036 1.275 0.219 0.160 1.233 0.000 0.447 0.038 0.989 0.000 0.634 0.000 0.000 0.000 0.739 0.000 4.790 0.000 1.070 0.000 1.920 0.762 0.000 1.436 0.000 0.000 3.759 0.182 0.000 0.000 0.000 
1 test1dax_inconsistent 0.000 0.547 0.191 0.471 0.362 1.142 0.000 0.225 0.000 1.036 1.275 0.219 0.160 1.233 0.000 0.447 0.038 0.989 0.000 0.634 0.000 0.027 0.000 1.089 0.000 1.777 0.000 0.253 0.000 0.147 0.000 0.000 0.207 0.348 0.098 1.191 1.383 0.048 0.000 0.000 
0 test1dax_consistent 0.828 0.101 0.000 0.000 0.319 1.002 0.666 0.293 0.000 0.000 0.206 0.948 0.141 0.000 0.112 0.327 2.331 0.000 1.068 0.000 2.201 2.928 1.525 0.000 3.192 0.062 2.208 0.000 0.000 0.000 0.804 2.057 2.634 0.000 0.814 0.534 0.000 0.000 1.404 0.000 
1 test1dax_inconsistent 0.828 0.101 0.000 0.000 0.319 1.002 0.666 0.293 0.000 0.000 0.206 0.948 0.141 0.000 0.112 0.327 2.331 0.000 1.068 0.000 1.311 0.732 0.403 0.000 0.580 0.000 0.777 0.000 0.086 0.000 0.307 0.495 0.997 0.000 0.520 0.841 0.509 0.000 0.328 0.000 
0 test1dax_consistent 0.000 0.000 0.032 0.000 0.957 0.083 0.249 0.000 1.426 0.177 1.018 0.000 0.000 0.408 1.279 0.069 1.273 1.441 0.000 0.525 0.000 0.000 0.000 0.000 4.119 0.045 0.358 0.000 2.152 0.104 2.557 0.000 1.185 3.783 1.299 0.000 0.077 0.317 2.600 0.000 
1 test1dax_inconsistent 0.000 0.000 0.032 0.000 0.957 0.083 0.249 0.000 1.426 0.177 1.018 0.000 0.000 0.408 1.279 0.069 1.273 1.441 0.000 0.525 0.000 0.000 0.043 0.000 2.004 0.322 1.089 0.000 0.409 0.755 0.767 0.000 0.000 1.154 0.467 0.000 0.604 0.437 0.811 0.323 
0 test1dax_consistent 0.000 0.000 1.340 0.126 0.000 0.000 1.415 0.000 1.385 0.373 0.101 0.000 0.000 0.000 0.004 1.430 1.332 0.000 1.435 0.000 4.893 0.000 3.295 0.510 0.000 0.885 0.000 0.000 0.000 0.000 1.675 0.000 0.000 0.000 0.000 2.672 0.000 0.000 1.064 0.000 
1 test1dax_inconsistent 0.000 0.000 1.340 0.126 0.000 0.000 1.415 0.000 1.385 0.373 0.101 0.000 0.000 0.000 0.004 1.430 1.332 0.000 1.435 0.000 1.554 0.000 1.814 0.000 0.000 0.501 0.739 0.000 0.000 0.376 0.000 0.000 0.000 0.000 0.139 0.090 0.201 0.000 0.799 0.000 
0 test1dax_consistent 0.490 0.979 0.000 0.028 0.000 0.000 0.000 0.000 0.966 0.859 0.721 1.221 0.248 0.000 1.123 0.246 1.196 0.652 0.153 0.000 2.458 0.692 1.449 2.658 0.000 0.000 0.048 0.000 0.841 0.000 0.332 0.120 2.995 1.166 1.504 0.158 1.715 2.251 2.029 1.292 
1 test1dax_inconsistent 0.490 0.979 0.000 0.028 0.000 0.000 0.000 0.000 0.966 0.859 0.721 1.221 0.248 0.000 1.123 0.246 1.196 0.652 0.153 0.000 0.577 0.843 0.312 0.624 0.095 0.000 0.257 0.000 0.805 0.000 0.152 0.723 0.661 0.367 0.222 0.306 1.075 0.677 0.473 0.056 
0 test1dax_consistent 0.062 1.250 1.720 0.000 0.146 0.000 1.311 1.639 0.000 0.000 0.000 0.457 0.135 0.000 0.000 0.000 0.000 0.030 0.000 0.000 0.638 2.231 0.030 0.000 0.873 0.000 2.742 0.182 1.331 0.000 6.039 0.000 0.000 0.000 0.000 0.000 0.000 0.305 0.000 0.000 
1 test1dax_inconsistent 0.062 1.250 1.720 0.000 0.146 0.000 1.311 1.639 0.000 0.000 0.000 0.457 0.135 0.000 0.000 0.000 0.000 0.030 0.000 0.000 0.272 1.135 0.000 0.000 0.727 0.000 0.667 0.883 0.982 0.097 1.688 0.515 0.157 0.340 0.000 0.000 0.038 0.531 0.000 0.000 
0 test1dax_consistent 0.000 0.000 0.000 0.339 0.000 0.000 1.027 0.000 0.053 1.077 0.000 0.000 0.977 0.009 2.241 0.000 0.000 0.000 1.074 0.000 0.621 0.000 0.000 1.456 3.529 0.000 0.000 0.000 3.572 0.033 0.000 1.303 0.000 0.000 3.087 3.693 0.000 0.000 0.419 0.000 
1 test1dax_inconsistent 0.000 0.000 0.000 0.339 0.000 0.000 1.027 0.000 0.053 1.077 0.000 0.000 0.977 0.009 2.241 0.000 0.000 0.000 1.074 0.000 0.933 0.000 0.000 0.166 0.816 0.000 0.172 0.081 0.938 0.394 0.000 0.959 0.012 0.000 0.492 2.089 0.000 0.365 0.107 0.000 
0 test1dax_consistent 0.000 0.335 1.076 0.603 1.282 0.410 0.000 0.719 0.944 0.844 0.000 0.117 0.835 0.629 0.756 0.000 1.207 0.000 1.202 0.020 3.317 0.000 0.000 2.988 0.308 0.263 0.000 0.034 0.914 3.734 0.000 0.000 1.313 0.000 0.000 0.000 0.278 0.000 0.000 0.000 
1 test1dax_inconsistent 0.000 0.335 1.076 0.603 1.282 0.410 0.000 0.719 0.944 0.844 0.000 0.117 0.835 0.629 0.756 0.000 1.207 0.000 1.202 0.020 0.782 0.084 0.000 0.814 0.000 0.643 0.000 0.830 0.685 0.884 0.066 0.079 1.154 0.023 0.000 0.076 0.664 0.000 0.203 0.059 
0 test1dax_consistent 0.000 0.577 0.000 0.000 0.000 0.000 1.541 0.000 0.899 0.845 0.000 0.900 0.000 0.000 0.000 0.157 0.040 1.012 1.274 1.429 0.000 4.672 0.000 3.263 2.880 0.000 1.795 0.349 0.000 0.000 0.000 0.169 0.000 0.000 0.000 0.000 0.000 1.245 3.234 0.000 
1 test1dax_inconsistent 0.000 0.577 0.000 0.000 0.000 0.000 1.541 0.000 0.899 0.845 0.000 0.900 0.000 0.000 0.000 0.157 0.040 1.012 1.274 1.429 0.000 1.493 0.000 1.211 1.150 0.000 1.204 1.014 0.111 0.069 0.009 0.239 0.000 0.000 0.000 0.000 0.000 0.000 0.856 0.000 
0 test1dax_consistent 1.430 0.000 0.023 0.000 0.578 0.000 0.741 0.000 1.258 0.000 0.176 0.116 1.075 0.051 0.205 0.323 0.000 0.000 0.271 1.829 2.370 0.000 0.240 0.000 3.258 0.000 0.000 0.000 1.823 0.000 1.687 0.537 2.418 0.000 0.496 0.000 0.000 3.384 0.423 0.000 
1 test1dax_inconsistent 1.430 0.000 0.023 0.000 0.578 0.000 0.741 0.000 1.258 0.000 0.176 0.116 1.075 0.051 0.205 0.323 0.000 0.000 0.271 1.829 0.606 0.000 0.081 0.000 1.703 0.000 0.000 0.000 0.083 0.000 0.782 0.000 0.134 0.413 0.852 0.068 0.047 0.877 0.634 0.174 
0 test1dax_consistent 0.000 0.000 0.000 0.243 0.000 0.261 0.000 1.436 1.376 1.412 1.135 0.128 0.132 0.298 0.791 0.000 0.262 0.000 1.240 0.000 0.000 0.251 0.000 1.341 0.000 2.829 1.826 1.189 3.416 0.765 1.448 2.895 2.099 1.073 0.974 2.838 1.058 1.159 0.000 0.000 
1 test1dax_inconsistent 0.000 0.000 0.000 0.243 0.000 0.261 0.000 1.436 1.376 1.412 1.135 0.128 0.132 0.298 0.791 0.000 0.262 0.000 1.240 0.000 0.000 0.639 0.000 0.307 0.000 1.072 0.834 0.672 0.729 0.263 0.817 0.812 0.698 0.480 0.901 1.048 0.638 0.273 0.000 0.000 
0 test1dax_consistent 0.059 0.770 0.000 0.066 0.000 1.210 0.000 0.388 1.297 0.000 0.000 0.000 0.258 0.000 0.000 0.532 0.211 2.362 0.000 0.903 0.575 1.167 2.525 0.000 0.000 1.900 0.000 5.119 0.411 0.000 0.490 0.000 0.148 0.000 0.034 0.329 2.004 1.597 0.000 3.437 
1 test1dax_inconsistent 0.059 0.770 0.000 0.066 0.000 1.210 0.000 0.388 1.297 0.000 0.000 0.000 0.258 0.000 0.000 0.532 0.211 2.362 0.000 0.903 0.389 0.260 1.149 0.000 0.000 0.120 0.000 2.149 0.966 0.000 0.065 0.000 0.152 0.202 1.235 0.646 0.838 0.483 0.000 0.772 
0 test1dax_consistent 0.548 0.486 0.000 0.274 0.618 1.660 0.059 1.546 0.000 0.065 0.185 0.000 0.143 0.000 1.488 0.000 1.244 0.467 0.766 1.309 0.926 2.273 0.000 0.034 2.416 2.732 0.000 1.807 0.000 0.781 0.000 0.569 0.000 0.000 0.000 0.000 2.902 3.019 0.000 0.000 
1 test1dax_inconsistent 0.548 0.486 0.000 0.274 0.618 1.660 0.059 1.546 0.000 0.065 0.185 0.000 0.143 0.000 1.488 0.000 1.244 0.467 0.766 1.309 0.057 0.305 0.000 0.000 0.154 0.319 0.000 0.933 0.493 0.508 0.168 0.875 0.414 0.000 0.078 0.000 1.462 0.966 0.000 0.004 
0 test1dax_consistent 1.146 0.357 0.000 1.647 0.784 0.955 1.085 0.151 0.000 0.000 0.807 0.000 0.000 0.332 0.000 0.566 0.199 0.143 0.092 0.299 0.251 0.437 0.000 0.574 1.849 3.175 0.348 2.449 0.359 2.402 1.099 0.000 0.000 0.384 0.000 1.852 1.927 0.000 0.000 1.483 
1 test1dax_inconsistent 1.146 0.357 0.000 1.647 0.784 0.955 1.085 0.151 0.000 0.000 0.807 0.000 0.000 0.332 0.000 0.566 0.199 0.143 0.092 0.299 1.132 0.317 0.000 0.121 0.062 0.839 0.000 0.522 0.000 1.090 0.152 0.000 0.036 0.361 0.000 0.517 0.320 0.000 0.000 1.253 
0 test1dax_consistent 0.000 0.000 1.503 0.257 0.000 0.000 0.000 0.000 1.451 0.000 1.764 0.000 0.714 1.260 0.000 1.164 0.103 0.392 0.000 0.000 3.477 0.000 3.395 0.671 0.000 0.000 1.080 0.000 2.355 0.000 0.000 2.642 0.000 3.214 0.450 0.000 0.000 0.000 0.000 0.000 
1 test1dax_inconsistent 0.000 0.000 1.503 0.257 0.000 0.000 0.000 0.000 1.451 0.000 1.764 0.000 0.714 1.260 0.000 1.164 0.103 0.392 0.000 0.000 0.459 0.000 0.752 0.000 0.093 0.000 0.785 0.000 1.089 0.000 0.853 1.049 0.000 1.773 0.619 0.184 0.391 0.000 0.000 0.000 
0 test1dax_consistent 0.540 0.000 0.387 0.000 0.000 0.701 1.470 0.142 0.000 0.284 1.710 1.154 0.140 0.258 1.170 0.273 0.177 0.000 0.641 0.000 0.148 0.000 2.357 0.000 0.000 2.808 3.918 2.500 0.000 0.000 0.600 1.369 1.350 0.134 2.273 0.000 0.994 0.000 1.165 0.000 
1 test1dax_inconsistent 0.540 0.000 0.387 0.000 0.000 0.701 1.470 0.142 0.000 0.284 1.710 1.154 0.140 0.258 1.170 0.273 0.177 0.000 0.641 0.000 0.331 0.000 1.091 0.000 0.245 0.695 1.285 1.186 0.000 0.000 0.702 1.191 0.000 0.040 0.429 0.000 0.275 0.000 1.566 0.000 
0 test1dax_consistent 1.114 0.000 0.000 0.392 0.000 0.171 0.000 0.000 1.304 0.385 0.000 0.000 0.107 1.268 0.000 1.023 0.083 0.403 0.000 1.682 1.365 0.591 0.041 0.699 1.344 0.000 3.834 0.037 0.000 1.875 1.439 0.000 0.000 3.219 0.000 0.507 4.114 0.000 0.000 0.000 
1 test1dax_inconsistent 1.114 0.000 0.000 0.392 0.000 0.171 0.000 0.000 1.304 0.385 0.000 0.000 0.107 1.268 0.000 1.023 0.083 0.403 0.000 1.682 1.283 0.827 0.000 0.397 0.660 0.000 1.086 0.000 0.000 0.353 0.000 0.000 0.000 0.648 0.000 0.403 1.687 0.000 0.000 0.000 
0 test1dax_consistent 0.000 0.012 1.370 1.178 1.070 0.564 0.189 0.786 0.148 0.412 0.000 0.220 0.935 0.773 0.177 0.000 0.000 0.323 0.171 1.279 0.000 0.000 0.465 0.816 4.755 0.000 0.864 0.906 0.387 0.324 1.414 0.037 1.558 1.327 0.000 0.000 3.225 1.218 0.761 0.000 
1 test1dax_inconsistent 0.000 0.012 1.370 1.178 1.070 0.564 0.189 0.786 0.148 0.412 0.000 0.220 0.935 0.773 0.177 0.000 0.000 0.323 0.171 1.279 0.000 0.000 0.649 0.389 1.125 0.000 0.258 0.073 0.409 0.878 0.101 0.353 0.191 0.415 0.171 0.000 1.408 0.314 0.837 0.000 
0 test1dax_consistent 0.000 0.000 0.000 0.456 0.000 1.546 0.000 0.676 0.000 1.739 0.238 1.587 0.344 0.041 0.000 0.000 0.000 0.897 0.021 1.695 0.000 3.740 1.878 0.000 4.312 1.272 0.000 0.293 0.000 1.087 0.000 0.000 0.601 0.000 0.000 0.000 0.000 0.000 0.000 3.689 
1 test1dax_inconsistent 0.000 0.000 0.000 0.456 0.000 1.546 0.000 0.676 0.000 1.739 0.238 1.587 0.344 0.041 0.000 0.000 0.000 0.897 0.021 1.695 0.000 1.454 0.460 0.048 0.642 0.563 0.000 0.000 0.000 0.718 0.061 0.450 0.697 0.000 0.000 0.000 0.000 0.000 0.011 1.938 
0 test1dax_consistent 0.000 0.324 1.089 0.228 0.228 0.329 0.996 0.586 1.221 0.666 0.000 0.697 1.671 0.000 0.000 0.312 0.000 0.065 0.031 1.006 4.258 1.522 0.248 0.000 1.363 1.632 2.982 1.366 1.570 1.054 1.992 0.000 0.752 2.701 0.000 0.970 0.000 0.000 0.000 0.785 
1 test1dax_inconsistent 0.000 0.324 1.089 0.228 0.228 0.329 0.996 0.586 1.221 0.666 0.000 0.697 1.671 0.000 0.000 0.312 0.000 0.065 0.031 1.006 1.290 0.435 0.336 0.000 0.681 1.131 1.280 0.875 0.996 0.281 0.753 0.000 0.587 0.554 0.000 0.333 0.000 0.000 0.000 0.214 
0 test1dax_consistent 0.000 0.064 0.000 1.277 0.000 0.000 0.000 0.853 0.449 1.350 0.202 0.811 0.000 1.776 0.000 0.650 0.000 0.501 0.192 0.000 1.913 0.000 0.000 0.000 0.000 0.000 0.000 0.000 0.380 5.990 0.000 0.000 0.000 0.000 0.493 1.022 0.000 0.000 2.606 0.459 
1 test1dax_inconsistent 0.000 0.064 0.000 1.277 0.000 0.000 0.000 0.853 0.449 1.350 0.202 0.811 0.000 1.776 0.000 0.650 0.000 0.501 0.192 0.000 0.553 0.000 0.000 0.045 0.244 0.000 0.000 0.000 0.896 2.175 0.000 0.000 0.000 0.375 0.000 1.373 0.000 0.310 0.369 0.000 
0 test1dax_consistent 1.804 0.000 0.186 0.000 0.000 0.924 0.000 0.413 0.891 0.990 0.563 1.285 0.282 0.000 0.000 0.000 0.652 0.758 0.000 0.147 2.194 2.624 1.311 0.000 1.707 0.000 0.000 0.028 0.000 0.000 0.000 1.543 2.857 0.000 0.000 0.253 0.000 2.835 0.000 2.830 
1 test1dax_inconsistent 1.804 0.000 0.186 0.000 0.000 0.924 0.000 0.413 0.891 0.990 0.563 1.285 0.282 0.000 0.000 0.000 0.652 0.758 0.000 0.147 0.836 0.548 0.963 0.000 0.955 0.000 0.000 0.000 0.266 0.000 0.000 1.777 0.511 0.068 0.000 0.239 0.000 1.187 0.000 0.513 
0 test1dax_consistent 0.000 0.000 0.000 0.747 0.076 0.000 0.000 0.711 2.098 0.614 0.000 0.000 0.000 0.869 0.000 0.469 0.000 0.180 0.000 1.586 0.000 2.563 3.316 0.000 3.056 0.000 1.446 1.439 0.000 0.000 0.000 0.000 0.000 4.061 0.000 0.799 0.000 0.034 0.000 1.270 
1 test1dax_inconsistent 0.000 0.000 0.000 0.747 0.076 0.000 0.000 0.711 2.098 0.614 0.000 0.000 0.000 0.869 0.000 0.469 0.000 0.180 0.000 1.586 0.000 0.545 0.507 0.000 1.335 0.000 1.320 1.098 0.511 0.217 0.000 0.002 0.000 1.039 0.625 0.960 0.000 0.000 0.000 0.839 
0 test1dax_consistent 0.112 1.177 0.000 0.709 1.238 0.000 0.217 0.699 0.098 0.830 0.824 0.000 0.809 1.230 0.049 0.420 0.730 0.113 0.035 0.260 0.020 1.216 0.202 3.229 0.239 0.000 2.477 1.115 0.883 0.875 1.021 0.577 2.769 0.000 3.349 0.065 0.616 0.835 0.000 2.322 
1 test1dax_inconsistent 0.112 1.177 0.000 0.709 1.238 0.000 0.217 0.699 0.098 0.830 0.824 0.000 0.809 1.230 0.049 0.420 0.730 0.113 0.035 0.260 0.276 0.488 0.413 0.736 0.287 0.000 1.158 0.406 0.650 0.139 0.000 0.785 0.614 0.000 0.919 0.076 0.739 0.151 0.000 1.552 
0 test1dax_consistent 0.000 0.000 0.048 0.415 0.000 0.000 0.000 0.494 0.000 1.113 1.068 0.138 0.000 0.780 0.759 2.638 0.000 0.000 0.000 0.000 1.347 0.935 0.000 1.462 0.639 1.566 1.917 0.000 4.118 0.434 3.030 0.523 1.326 0.000 0.000 1.247 0.000 1.034 0.000 0.000 
1 test1dax_inconsistent 0.000 0.000 0.048 0.415 0.000 0.000 0.000 0.494 0.000 1.113 1.068 0.138 0.000 0.780 0.759 2.638 0.000 0.000 0.000 0.000 0.199 0.000 0.000 0.366 0.099 0.010 1.296 0.000 1.041 0.980 1.888 0.290 0.759 0.578 0.299 0.000 0.000 0.270 0.000 0.000 
0 test1dax_consistent 2.069 0.042 0.000 1.456 1.238 0.000 0.904 0.000 0.000 0.000 0.000 0.272 0.000 0.000 0.664 0.000 0.000 0.081 0.395 0.719 1.530 0.048 2.802 0.000 0.094 2.193 0.000 0.000 0.000 0.000 0.395 1.239 0.000 1.873 4.055 0.000 0.000 0.000 0.000 0.419 
1 test1dax_inconsistent 2.069 0.042 0.000 1.456 1.238 0.000 0.904 0.000 0.000 0.000 0.000 0.272 0.000 0.000 0.664 0.000 0.000 0.081 0.395 0.719 1.515 0.000 0.341 0.000 0.546 0.416 0.120 0.000 0.000 0.000 0.254 0.000 0.000 1.436 1.086 0.000 0.000 0.000 0.447 0.002 
0 test1dax_consistent 1.283 0.000 1.133 0.000 0.073 0.000 0.000 0.000 0.014 0.756 0.260 1.911 1.142 0.096 0.734 0.986 0.129 0.731 0.700 0.000 1.680 0.000 3.233 0.000 0.000 0.000 0.000 0.310 0.091 0.757 5.124 0.060 2.007 3.068 0.000 1.581 0.215 0.000 1.539 0.000 
1 test1dax_inconsistent 1.283 0.000 1.133 0.000 0.073 0.000 0.000 0.000 0.014 0.756 0.260 1.911 1.142 0.096 0.734 0.986 0.129 0.731 0.700 0.000 0.851 0.000 1.526 0.000 0.000 0.000 0.000 0.343 0.000 0.762 1.389 0.860 0.411 0.699 0.000 1.224 0.636 0.000 0.445 0.000 
0 test1dax_consistent 0.000 0.000 0.000 0.000 1.181 1.108 0.194 0.145 1.135 0.747 0.757 0.428 0.000 0.000 1.206 0.165 0.922 0.422 1.036 1.022 0.000 0.000 0.000 2.625 3.891 1.441 1.705 0.000 0.402 0.000 0.124 0.000 0.000 1.683 1.175 0.000 0.000 0.000 2.007 2.321 
1 test1dax_inconsistent 0.000 0.000 0.000 0.000 1.181 1.108 0.194 0.145 1.135 0.747 0.757 0.428 0.000 0.000 1.206 0.165 0.922 0.422 1.036 1.022 0.000 0.000 0.000 0.490 1.288 0.500 0.081 0.000 0.483 0.521 0.131 0.000 0.063 1.479 0.121 0.101 0.322 0.006 0.292 0.645 
0 test1dax_consistent 1.082 0.995 0.673 0.635 0.794 0.687 0.000 0.377 0.176 0.638 0.449 0.346 0.093 0.000 0.000 0.000 0.131 0.041 1.042 1.395 3.025 1.210 3.817 1.387 0.000 1.412 0.000 0.000 0.000 0.000 0.007 0.386 3.161 0.000 0.000 0.000 0.000 0.000 0.000 0.000 
1 test1dax_inconsistent 1.082 0.995 0.673 0.635 0.794 0.687 0.000 0.377 0.176 0.638 0.449 0.346 0.093 0.000 0.000 0.000 0.131 0.041 1.042 1.395 0.943 0.085 0.917 0.921 0.148 1.205 0.000 0.581 0.055 0.338 0.477 0.142 1.854 0.000 0.000 0.000 0.331 0.000 0.000 0.000 
0 test1dax_consistent 0.000 0.977 0.000 0.000 0.522 0.543 1.790 0.104 0.000 0.234 0.046 0.360 0.000 0.130 0.184 1.390 0.000 1.308 0.000 0.735 0.000 0.047 2.369 0.000 0.000 0.715 2.483 0.000 0.000 0.000 0.442 1.555 2.095 0.000 1.574 1.087 1.524 0.000 4.465 0.201 
1 test1dax_inconsistent 0.000 0.977 0.000 0.000 0.522 0.543 1.790 0.104 0.000 0.234 0.046 0.360 0.000 0.130 0.184 1.390 0.000 1.308 0.000 0.735 0.000 0.578 0.970 0.000 0.000 0.341 0.482 0.000 0.000 0.119 0.212 0.567 0.469 0.000 0.450 1.207 1.658 0.518 1.234 0.409 
0 test1dax_consistent 0.070 0.000 0.000 0.000 0.000 1.472 1.653 0.000 0.000 0.000 2.540 0.000 0.179 0.000 0.000 0.000 0.000 0.312 0.078 0.541 2.621 2.690 0.000 0.000 1.273 0.000 3.034 1.456 0.000 0.000 1.248 0.000 0.068 0.000 1.422 0.727 3.242 3.191 1.496 0.409 
1 test1dax_inconsistent 0.070 0.000 0.000 0.000 0.000 1.472 1.653 0.000 0.000 0.000 2.540 0.000 0.179 0.000 0.000 0.000 0.000 0.312 0.078 0.541 1.124 1.048 0.000 0.000 0.579 0.668 0.708 0.381 0.000 0.000 1.105 0.000 0.576 0.000 0.464 0.283 0.899 1.326 0.691 0.267 
0 test1dax_consistent 0.000 0.489 0.911 0.088 0.000 0.061 2.588 0.000 0.148 0.000 0.000 0.000 0.120 0.000 0.315 1.254 0.319 0.571 0.000 0.347 0.795 1.261 0.117 0.019 2.187 0.000 0.831 0.000 2.128 0.000 0.000 0.236 1.416 2.711 0.000 0.773 3.264 1.174 3.391 1.303 
1 test1dax_inconsistent 0.000 0.489 0.911 0.088 0.000 0.061 2.588 0.000 0.148 0.000 0.000 0.000 0.120 0.000 0.315 1.254 0.319 0.571 0.000 0.347 0.242 0.862 0.193 0.153 0.753 0.000 0.088 0.000 1.289 0.000 0.137 0.403 0.274 0.658 0.011 0.092 0.932 0.988 0.793 0.550 
0 test1dax_consistent 0.000 1.971 0.000 1.114 0.947 0.311 0.003 0.066 0.193 1.447 0.582 0.000 0.483 0.058 0.657 0.000 0.180 0.012 0.292 0.000 0.000 0.000 0.000 0.651 0.000 0.000 0.057 0.823 5.725 0.000 2.337 0.000 0.067 2.322 0.000 1.735 0.394 0.000 1.434 0.000 
1 test1dax_inconsistent 0.000 1.971 0.000 1.114 0.947 0.311 0.003 0.066 0.193 1.447 0.582 0.000 0.483 0.058 0.657 0.000 0.180 0.012 0.292 0.000 0.000 0.000 0.000 0.721 0.000 0.000 0.077 0.000 1.375 0.130 1.654 0.085 0.000 0.606 0.000 0.035 0.423 0.000 1.496 0.000 
0 test1dax_consistent 0.169 0.232 0.364 0.869 0.248 0.000 0.124 0.708 0.618 0.000 1.046 0.000 0.000 0.000 1.120 0.000 1.684 2.127 0.000 0.000 0.002 0.000 1.662 0.790 0.000 0.000 0.000 0.000 0.000 0.060 4.984 0.000 0.919 0.000 0.000 0.000 2.227 0.011 3.136 0.000 
1 test1dax_inconsistent 0.169 0.232 0.364 0.869 0.248 0.000 0.124 0.708 0.618 0.000 1.046 0.000 0.000 0.000 1.120 0.000 1.684 2.127 0.000 0.000 0.006 0.000 1.654 0.000 0.000 0.000 0.000 0.000 0.141 0.074 0.565 0.137 0.879 0.000 0.000 0.000 1.766 0.492 1.380 0.202 
0 test1dax_consistent 0.000 0.621 0.788 0.000 0.000 0.781 0.000 0.872 0.561 0.163 2.148 0.000 0.262 0.000 1.155 0.000 0.000 0.509 0.000 0.128 0.000 1.480 0.540 0.000 0.000 0.000 1.024 0.000 0.000 1.895 0.000 0.004 2.477 0.000 2.266 0.000 0.000 0.365 0.000 4.024 
1 test1dax_inconsistent 0.000 0.621 0.788 0.000 0.000 0.781 0.000 0.872 0.561 0.163 2.148 0.000 0.262 0.000 1.155 0.000 0.000 0.509 0.000 0.128 0.000 0.470 0.376 0.674 0.000 0.000 0.810 0.158 0.000 0.807 0.590 0.219 1.472 0.000 0.336 0.000 0.000 0.415 0.278 0.588 
0 test1dax_consistent 0.000 0.000 0.253 0.029 0.000 0.683 1.851 0.000 0.377 2.341 0.550 0.275 0.148 0.000 0.211 0.000 1.106 0.000 0.884 0.628 0.275 0.000 1.133 1.206 1.786 1.027 3.060 0.255 0.000 1.000 0.000 0.000 3.556 0.000 2.837 0.000 0.251 0.000 0.012 2.190 
1 test1dax_inconsistent 0.000 0.000 0.253 0.029 0.000 0.683 1.851 0.000 0.377 2.341 0.550 0.275 0.148 0.000 0.211 0.000 1.106 0.000 0.884 0.628 0.256 0.000 0.000 0.004 0.417 0.356 1.255 0.384 0.000 1.328 0.000 0.000 1.073 0.000 1.610 0.026 0.773 0.000 0.222 0.292 
0 test1dax_consistent 0.146 0.542 0.000 0.995 0.758 0.000 0.235 0.000 0.092 0.217 0.000 0.587 0.020 1.600 0.033 0.000 0.000 0.994 0.254 1.502 1.947 0.145 0.000 0.533 0.000 0.268 5.384 0.000 0.000 0.000 0.000 1.370 0.000 2.325 0.000 0.000 0.584 0.128 1.228 0.000 
1 test1dax_inconsistent 0.146 0.542 0.000 0.995 0.758 0.000 0.235 0.000 0.092 0.217 0.000 0.587 0.020 1.600 0.033 0.000 0.000 0.994 0.254 1.502 1.514 0.371 0.000 0.545 0.032 0.464 1.613 0.000 0.000 0.000 0.000 0.000 0.000 0.248 0.000 0.000 0.329 0.343 1.676 0.000 
0 test1dax_consistent 0.000 0.000 1.808 0.574 0.729 0.503 0.000 0.000 1.472 1.015 0.000 0.000 0.649 0.000 0.437 0.476 0.547 1.202 0.000 1.139 0.267 0.239 2.991 0.884 1.795 0.098 3.325 0.000 0.090 0.911 0.000 0.558 1.629 0.307 1.246 2.476 2.409 0.000 0.000 2.624 
1 test1dax_inconsistent 0.000 0.000 1.808 0.574 0.729 0.503 0.000 0.000 1.472 1.015 0.000 0.000 0.649 0.000 0.437 0.476 0.547 1.202 0.000 1.139 0.814 0.268 1.763 0.374 0.000 0.360 0.556 0.000 0.188 0.658 0.000 0.306 0.863 0.000 0.413 0.576 0.676 0.947 0.000 1.051 
0 test1dax_consistent 0.557 0.000 1.010 0.000 0.000 0.147 0.121 0.788 0.000 0.000 0.000 0.000 0.470 0.000 0.032 0.000 1.521 0.000 2.404 1.170 0.989 0.023 0.000 0.213 0.000 2.073 0.000 3.150 3.122 0.000 0.000 0.305 0.000 2.284 1.773 0.860 0.443 1.107 0.050 2.510 
1 test1dax_inconsistent 0.557 0.000 1.010 0.000 0.000 0.147 0.121 0.788 0.000 0.000 0.000 0.000 0.470 0.000 0.032 0.000 1.521 0.000 2.404 1.170 0.366 0.000 0.107 0.403 0.000 0.506 0.000 1.459 0.793 0.000 0.000 0.000 0.000 0.454 0.381 0.161 0.056 0.472 0.712 1.320 
0 test1dax_consistent 0.000 0.000 0.221 1.077 0.104 0.619 0.667 0.000 0.191 0.000 0.558 1.418 0.140 0.000 0.806 1.198 1.028 0.113 0.125 0.190 0.000 0.000 0.822 0.188 3.470 1.267 3.415 1.359 0.308 2.099 0.884 0.400 2.346 0.000 0.348 0.000 2.107 0.860 0.000 2.214 
1 test1dax_inconsistent 0.000 0.000 0.221 1.077 0.104 0.619 0.667 0.000 0.191 0.000 0.558 1.418 0.140 0.000 0.806 1.198 1.028 0.113 0.125 0.190 0.000 0.000 0.356 0.589 0.565 1.131 0.445 0.189 0.001 1.208 0.995 0.000 1.416 0.000 0.657 0.397 0.434 0.377 0.000 0.830 
0 test1dax_consistent 0.059 1.005 1.138 1.674 0.000 1.949 0.000 0.000 0.388 0.076 0.026 0.000 0.270 0.000 0.000 0.000 0.000 0.002 0.733 0.199 0.000 0.846 0.000 1.234 0.000 0.035 1.067 2.346 0.000 0.120 0.000 0.000 5.788 0.000 0.000 0.000 0.030 0.000 0.964 2.075 
1 test1dax_inconsistent 0.059 1.005 1.138 1.674 0.000 1.949 0.000 0.000 0.388 0.076 0.026 0.000 0.270 0.000 0.000 0.000 0.000 0.002 0.733 0.199 0.000 0.000 0.601 0.153 0.000 0.000 1.104 0.059 0.000 0.611 0.000 0.000 1.745 0.023 0.000 0.000 0.679 0.000 0.000 1.808 
0 test1dax_consistent 0.533 1.436 0.000 0.364 0.343 0.684 0.000 0.660 1.219 0.000 0.748 0.000 1.348 0.938 0.935 0.547 0.000 0.000 1.000 0.191 0.333 0.000 0.000 0.000 0.000 0.000 2.433 0.000 0.000 0.000 0.000 0.155 2.131 3.843 0.203 0.000 0.000 0.385 5.219 0.000 
1 test1dax_inconsistent 0.533 1.436 0.000 0.364 0.343 0.684 0.000 0.660 1.219 0.000 0.748 0.000 1.348 0.938 0.935 0.547 0.000 0.000 1.000 0.191 0.386 0.000 0.044 0.000 0.000 0.114 0.579 0.000 0.000 0.000 0.000 0.000 0.974 2.068 0.471 0.000 0.000 0.000 1.601 0.000 
0 test1dax_consistent 0.160 2.093 0.119 0.176 0.472 0.000 1.150 0.000 0.256 0.000 0.000 0.726 0.000 0.446 1.150 0.000 0.000 1.416 0.324 0.000 1.090 0.346 4.162 1.813 0.000 0.000 0.000 1.954 0.906 0.000 0.000 3.599 1.722 0.090 1.839 0.820 0.000 0.000 2.151 0.700 
1 test1dax_inconsistent 0.160 2.093 0.119 0.176 0.472 0.000 1.150 0.000 0.256 0.000 0.000 0.726 0.000 0.446 1.150 0.000 0.000 1.416 0.324 0.000 0.658 0.013 1.286 0.438 0.000 0.000 0.000 0.885 1.059 0.057 0.343 1.269 0.688 0.692 0.377 0.787 0.543 0.000 0.902 0.091 
0 test1dax_consistent 0.095 2.312 0.697 1.249 0.000 0.231 0.817 0.000 0.729 0.000 0.008 0.139 0.220 0.000 0.500 0.333 0.000 0.863 0.000 0.000 2.100 0.000 0.000 0.225 0.000 0.000 2.703 2.630 1.020 2.185 0.000 0.000 0.000 2.811 0.000 2.172 0.032 0.923 0.000 3.423 
1 test1dax_inconsistent 0.095 2.312 0.697 1.249 0.000 0.231 0.817 0.000 0.729 0.000 0.008 0.139 0.220 0.000 0.500 0.333 0.000 0.863 0.000 0.000 1.633 0.345 0.000 0.422 0.000 0.000 0.476 1.287 0.153 0.773 0.000 0.000 0.000 1.203 0.000 0.606 0.311 0.773 0.000 0.766 
0 test1dax_consistent 0.941 0.039 0.000 0.798 0.000 0.007 0.350 0.000 0.000 2.098 0.044 0.000 0.000 0.000 0.744 1.424 0.005 1.017 0.000 0.000 0.026 0.000 0.000 5.946 0.000 2.394 0.171 0.088 0.000 0.709 0.000 0.000 0.000 2.852 2.681 0.000 0.439 0.034 0.000 0.000 
1 test1dax_inconsistent 0.941 0.039 0.000 0.798 0.000 0.007 0.350 0.000 0.000 2.098 0.044 0.000 0.000 0.000 0.744 1.424 0.005 1.017 0.000 0.000 0.000 0.000 0.000 1.571 0.000 1.686 0.835 0.000 0.000 0.164 0.000 0.000 0.116 2.034 0.270 0.000 0.966 0.000 0.232 0.000 
0 test1dax_consistent 0.000 0.000 1.126 0.000 0.505 0.995 0.668 0.000 0.000 0.000 0.485 1.637 0.641 0.000 0.599 0.000 0.434 0.015 0.000 2.024 0.284 0.000 1.135 0.000 0.000 3.600 0.000 1.777 0.000 0.000 1.310 5.099 0.073 0.000 0.034 0.000 0.000 0.000 0.000 0.095 
1 test1dax_inconsistent 0.000 0.000 1.126 0.000 0.505 0.995 0.668 0.000 0.000 0.000 0.485 1.637 0.641 0.000 0.599 0.000 0.434 0.015 0.000 2.024 0.612 0.194 0.810 0.000 0.000 1.598 0.358 0.291 0.000 0.115 1.806 0.861 0.463 0.000 0.191 0.192 0.000 0.007 0.000 0.000 
0 test1dax_consistent 0.337 1.117 0.000 0.000 0.000 0.755 0.373 0.062 1.322 1.311 0.000 0.000 1.529 0.000 0.275 0.000 0.756 1.422 0.000 0.000 1.053 0.000 0.000 0.038 0.000 0.050 1.582 0.000 0.000 0.017 0.000 2.940 4.094 1.337 0.000 0.000 3.717 2.896 0.000 0.000 
1 test1dax_inconsistent 0.337 1.117 0.000 0.000 0.000 0.755 0.373 0.062 1.322 1.311 0.000 0.000 1.529 0.000 0.275 0.000 0.756 1.422 0.000 0.000 1.805 0.000 0.000 0.370 0.057 0.768 0.568 0.000 0.031 0.050 0.000 1.758 1.546 0.750 0.000 0.000 1.056 0.748 0.000 0.000 
0 test1dax_consistent 1.206 0.502 0.000 0.001 0.293 1.993 0.151 1.048 0.643 1.313 0.969 0.000 0.180 0.000 0.000 0.013 0.046 0.154 0.000 0.376 1.255 0.000 0.000 2.214 0.000 1.848 0.608 0.105 1.069 0.021 0.000 0.000 2.492 0.245 0.536 3.935 2.924 0.000 1.184 0.000 
1 test1dax_inconsistent 1.206 0.502 0.000 0.001 0.293 1.993 0.151 1.048 0.643 1.313 0.969 0.000 0.180 0.000 0.000 0.013 0.046 0.154 0.000 0.376 0.000 0.000 0.000 0.433 0.000 1.032 0.785 1.236 0.864 0.264 0.350 0.000 0.577 0.721 0.068 1.503 0.755 0.000 0.076 0.000 
0 test1dax_consistent 0.025 0.059 0.000 0.000 0.019 0.523 0.264 0.362 0.540 0.897 0.960 0.000 1.399 0.000 0.000 0.000 0.073 1.478 0.085 1.909 3.032 0.000 0.000 1.795 2.486 0.151 0.000 0.000 0.268 0.000 0.255 0.000 1.536 0.000 1.416 0.000 0.000 5.053 0.000 0.386 
1 test1dax_inconsistent 0.025 0.059 0.000 0.000 0.019 0.523 0.264 0.362 0.540 0.897 0.960 0.000 1.399 0.000 0.000 0.000 0.073 1.478 0.085 1.909 1.246 0.000 0.000 1.054 1.453 0.388 0.073 0.000 0.000 0.000 1.140 0.000 0.000 0.000 0.000 0.022 0.000 1.657 0.000 0.411 
0 test1dax_consistent 0.000 0.000 1.290 0.895 0.843 0.000 0.000 0.000 0.000 1.185 0.076 2.010 1.079 0.000 0.000 0.000 0.039 0.170 0.000 0.068 4.767 0.706 2.207 1.068 0.000 0.661 0.339 0.000 0.462 1.460 0.000 3.234 0.000 2.961 0.000 0.000 0.000 0.000 0.000 0.000 
1 test1dax_inconsistent 0.000 0.000 1.290 0.895 0.843 0.000 0.000 0.000 0.000 1.185 0.076 2.010 1.079 0.000 0.000 0.000 0.039 0.170 0.000 0.068 1.627 0.312 1.214 1.227 0.000 0.783 0.161 0.036 0.665 0.074 0.000 0.633 0.950 1.005 0.000 0.148 0.000 0.097 0.000 0.000 
0 test1dax_consistent 0.000 0.000 0.000 0.672 0.000 0.787 0.834 0.000 0.000 0.380 0.539 0.819 1.485 0.068 0.000 0.000 0.223 1.178 0.000 1.666 0.000 0.132 0.230 1.803 0.000 2.057 2.056 4.237 0.000 3.437 0.230 0.711 2.774 0.000 1.666 0.000 0.000 0.233 0.000 0.587 
1 test1dax_inconsistent 0.000 0.000 0.000 0.672 0.000 0.787 0.834 0.000 0.000 0.380 0.539 0.819 1.485 0.068 0.000 0.000 0.223 1.178 0.000 1.666 0.000 0.209 0.000 0.970 0.056 0.988 0.558 0.817 0.000 1.571 0.538 0.371 0.848 0.131 1.457 0.000 0.000 1.184 0.000 0.029 
0 test1dax_consistent 0.000 0.000 0.187 0.000 0.195 0.000 0.000 0.000 2.177 0.959 0.127 0.042 0.782 1.488 0.340 0.051 0.000 0.000 0.000 0.230 0.000 4.346 2.257 0.000 0.603 0.000 0.000 0.711 0.107 0.801 2.621 2.975 0.000 1.213 0.000 0.000 0.000 0.000 0.328 0.140 
1 test1dax_inconsistent 0.000 0.000 0.187 0.000 0.195 0.000 0.000 0.000 2.177 0.959 0.127 0.042 0.782 1.488 0.340 0.051 0.000 0.000 0.000 0.230 0.000 1.123 1.095 0.456 0.593 0.060 0.056 1.666 0.350 0.234 0.357 1.256 0.000 0.355 0.104 0.000 0.000 0.125 0.306 0.178 
0 test1dax_consistent 0.194 0.000 0.964 2.014 0.000 1.044 0.000 0.595 0.206 0.000 0.864 0.704 0.802 0.864 0.844 0.000 0.000 0.169 0.000 0.000 0.000 1.709 0.000 1.648 0.000 2.497 0.000 1.637 0.000 2.705 0.251 3.531 1.129 0.860 0.291 0.000 2.226 0.000 0.000 0.000 
1 test1dax_inconsistent 0.194 0.000 0.964 2.014 0.000 1.044 0.000 0.595 0.206 0.000 0.864 0.704 0.802 0.864 0.844 0.000 0.000 0.169 0.000 0.000 0.209 0.158 0.243 0.129 0.000 1.722 0.000 0.214 0.000 0.803 0.306 0.516 0.996 0.085 0.218 0.000 0.589 0.000 0.000 0.000 
0 test1dax_consistent 0.025 0.000 0.876 0.116 0.470 1.498 0.000 0.000 1.024 0.100 0.819 1.505 0.696 0.520 0.000 1.496 0.000 0.000 0.487 0.670 0.000 2.804 1.864 1.732 0.000 0.965 0.000 0.000 3.167 0.000 0.000 0.000 0.086 0.000 0.000 2.064 2.086 1.708 0.778 0.000 
1 test1dax_inconsistent 0.025 0.000 0.876 0.116 0.470 1.498 0.000 0.000 1.024 0.100 0.819 1.505 0.696 0.520 0.000 1.496 0.000 0.000 0.487 0.670 0.012 0.792 0.650 0.222 0.345 1.097 0.000 0.000 1.423 0.000 0.000 0.000 0.000 0.000 0.000 1.503 0.333 0.915 0.000 0.000 
0 test1dax_consistent 0.000 0.497 0.070 1.566 0.022 0.000 0.000 0.000 0.000 0.712 0.000 0.000 1.514 0.000 1.676 0.906 0.000 0.157 0.177 0.339 0.000 0.966 0.000 1.054 0.000 1.943 3.247 0.000 0.000 0.000 0.000 0.000 5.117 0.000 0.000 0.000 0.000 0.252 0.154 1.548 
1 test1dax_inconsistent 0.000 0.497 0.070 1.566 0.022 0.000 0.000 0.000 0.000 0.712 0.000 0.000 1.514 0.000 1.676 0.906 0.000 0.157 0.177 0.339 0.000 0.631 0.000 0.575 0.000 0.000 1.785 0.000 0.118 0.107 0.000 0.089 1.503 0.000 0.260 0.444 0.288 0.359 0.000 1.156 
0 test1dax_consistent 0.000 0.508 0.000 0.000 0.130 0.000 1.979 0.270 0.000 0.354 0.262 1.417 1.102 0.000 1.400 0.000 0.605 0.053 0.000 0.058 0.993 2.052 2.140 0.000 0.000 0.000 0.000 0.081 0.000 0.000 4.778 0.000 0.000 0.000 5.578 0.000 0.152 0.000 0.023 0.000 
1 test1dax_inconsistent 0.000 0.508 0.000 0.000 0.130 0.000 1.979 0.270 0.000 0.354 0.262 1.417 1.102 0.000 1.400 0.000 0.605 0.053 0.000 0.058 0.000 0.161 0.876 0.000 0.000 0.000 0.387 0.176 0.000 0.000 1.277 0.000 0.000 0.129 2.781 0.000 0.741 0.000 0.426 0.000 
0 test1dax_consistent 0.048 1.228 0.885 0.244 0.176 0.000 0.994 0.762 0.000 1.445 0.000 0.505 0.986 0.000 0.000 0.272 1.317 0.524 0.000 0.513 0.000 0.000 1.567 4.593 0.000 0.000 0.202 0.000 0.000 1.655 2.318 0.053 2.824 0.000 0.000 1.070 0.232 2.149 0.000 0.873 
1 test1dax_inconsistent 0.048 1.228 0.885 0.244 0.176 0.000 0.994 0.762 0.000 1.445 0.000 0.505 0.986 0.000 0.000 0.272 1.317 0.524 0.000 0.513 0.000 0.000 1.134 1.720 0.000 0.000 0.000 0.000 0.000 1.504 0.385 0.114 0.680 0.000 0.000 1.264 0.000 0.499 0.021 0.637 
0 test1dax_consistent 0.000 1.944 0.175 0.091 0.000 0.000 0.573 0.000 0.000 1.211 0.578 0.175 0.186 0.000 1.758 0.000 0.000 0.183 0.469 0.000 0.000 0.362 2.810 0.000 4.869 0.000 0.160 0.493 0.000 3.425 0.000 0.000 0.000 0.000 0.000 0.000 3.188 0.000 0.000 0.000 
1 test1dax_inconsistent 0.000 1.944 0.175 0.091 0.000 0.000 0.573 0.000 0.000 1.211 0.578 0.175 0.186 0.000 1.758 0.000 0.000 0.183 0.469 0.000 0.000 0.332 0.967 0.000 1.981 0.166 0.701 0.763 0.000 0.365 0.476 0.000 0.000 0.000 0.000 0.000 1.593 0.000 0.000 0.340 
0 test1dax_consistent 0.069 0.000 0.000 0.000 0.082 0.443 0.000 1.503 0.337 0.032 0.000 0.000 0.000 1.815 0.000 2.115 0.000 0.084 0.000 0.313 0.409 0.000 0.000 0.381 0.000 0.022 0.000 2.284 0.000 0.103 0.000 0.425 0.835 0.411 5.456 0.685 1.397 2.525 0.000 0.000 
1 test1dax_inconsistent 0.069 0.000 0.000 0.000 0.082 0.443 0.000 1.503 0.337 0.032 0.000 0.000 0.000 1.815 0.000 2.115 0.000 0.084 0.000 0.313 0.000 0.000 0.000 0.252 0.501 0.000 0.000 0.129 0.000 0.149 0.000 0.571 0.220 0.622 1.873 0.269 1.426 0.316 0.000 0.000 
0 test1dax_consistent 0.647 0.103 0.326 0.002 0.732 0.000 0.000 0.510 2.238 0.000 0.730 0.272 0.000 1.093 0.000 0.000 0.236 0.256 1.286 0.402 0.457 0.000 0.767 3.382 0.000 3.078 0.000 0.000 0.738 2.389 0.000 0.020 0.000 0.000 0.510 0.000 2.414 0.000 0.968 2.172 
1 test1dax_inconsistent 0.647 0.103 0.326 0.002 0.732 0.000 0.000 0.510 2.238 0.000 0.730 0.272 0.000 1.093 0.000 0.000 0.236 0.256 1.286 0.402 0.574 0.183 0.248 0.586 0.297 0.883 0.000 0.000 0.000 1.120 0.000 0.372 0.000 0.583 0.000 0.000 1.784 0.000 0.000 0.000 
0 test1dax_consistent 0.542 0.291 0.766 0.039 0.611 0.809 1.067 0.039 1.183 0.000 0.000 0.000 1.260 0.000 0.000 0.191 0.233 1.371 0.085 0.330 0.000 0.085 1.931 0.000 0.292 0.000 0.608 0.000 0.989 1.574 0.000 0.897 3.837 0.000 0.000 3.628 0.620 3.255 0.000 0.034 
1 test1dax_inconsistent 0.542 0.291 0.766 0.039 0.611 0.809 1.067 0.039 1.183 0.000 0.000 0.000 1.260 0.000 0.000 0.191 0.233 1.371 0.085 0.330 0.870 0.232 0.938 0.000 0.000 0.000 0.489 0.000 0.357 0.562 0.000 0.040 1.206 0.377 0.000 1.007 0.079 1.553 0.000 0.000 
