0 test1dax_consistent left_hidden
0.000 0.088 0.722 0.965 1.044 0.000 0.000 0.126 0.584 0.377 0.000 1.004 0.233 0.000 0.000 1.062 0.000 1.046 1.909 0.014 
0 test1dax_consistent right_hidden
0.552 0.334 2.839 1.312 1.535 3.026 1.644 0.004 2.204 0.360 0.000 0.332 0.000 4.141 0.000 0.000 0.000 0.000 0.000 0.075 
---
1 test1dax_inconsistent left_hidden
0.000 0.088 0.722 0.965 1.044 0.000 0.000 0.126 0.584 0.377 0.000 1.004 0.233 0.000 0.000 1.062 0.000 1.046 1.909 0.014 
1 test1dax_inconsistent right_hidden
0.000 0.540 0.880 1.002 0.163 0.643 1.093 0.359 0.538 0.555 0.000 0.504 0.366 0.803 0.000 0.205 0.000 0.116 0.603 0.049 
---
0 test1dax_consistent left_hidden
0.000 0.000 0.000 0.000 0.190 0.049 0.000 0.000 0.540 0.585 0.292 1.695 0.146 1.753 0.955 0.243 0.000 1.015 0.482 0.013 
0 test1dax_consistent right_hidden
0.000 3.762 0.000 2.539 0.000 0.416 0.000 2.008 3.073 0.646 2.246 0.316 0.000 0.323 0.000 1.387 0.000 0.025 1.224 0.689 
---
1 test1dax_inconsistent left_hidden
0.000 0.000 0.000 0.000 0.190 0.049 0.000 0.000 0.540 0.585 0.292 1.695 0.146 1.753 0.955 0.243 0.000 1.015 0.482 0.013 
1 test1dax_inconsistent right_hidden
0.000 1.222 0.000 0.718 0.229 0.643 0.000 0.472 0.921 0.035 0.044 0.092 0.000 0.692 0.000 1.094 0.000 0.512 0.850 0.162 
---
0 test1dax_consistent left_hidden
0.000 0.003 0.192 0.000 0.347 0.182 0.563 1.194 0.049 0.000 0.648 0.000 0.000 0.947 0.223 0.012 0.000 0.321 2.209 0.136 
0 test1dax_consistent right_hidden
0.000 2.022 2.472 0.000 0.295 0.000 0.811 3.248 0.000 0.000 0.035 0.000 0.000 4.102 0.000 0.000 0.000 0.184 0.000 0.000 
---
1 test1dax_inconsistent left_hidden
0.000 0.003 0.192 0.000 0.347 0.182 0.563 1.194 0.049 0.000 0.648 0.000 0.000 0.947 0.223 0.012 0.000 0.321 2.209 0.136 
1 test1dax_inconsistent right_hidden
0.037 1.604 0.625 0.189 0.250 0.137 1.015 0.519 0.000 0.000 0.493 0.000 0.058 1.120 0.000 0.000 0.000 0.000 0.000 0.123 
---
0 test1dax_consistent left_hidden
0.000 1.529 1.563 0.261 0.095 1.384 0.798 0.862 0.111 0.214 0.917 1.166 0.014 0.000 0.000 0.000 0.000 0.000 0.171 0.000 
0 test1dax_consistent right_hidden
0.000 2.523 1.601 3.379 0.465 0.418 0.744 0.000 0.057 0.694 1.156 1.142 0.000 0.000 0.000 1.055 0.000 0.000 3.546 3.067 
---
1 test1dax_inconsistent left_hidden
0.000 1.529 1.563 0.261 0.095 1.384 0.798 0.862 0.111 0.214 0.917 1.166 0.014 0.000 0.000 0.000 0.000 0.000 0.171 0.000 
1 test1dax_inconsistent right_hidden
0.354 0.379 0.996 1.036 0.005 0.000 0.283 0.000 0.261 0.867 0.092 0.579 0.000 0.000 0.000 0.070 0.000 0.000 1.337 0.876 
---
0 test1dax_consistent left_hidden
0.214 0.000 0.504 0.000 0.003 0.000 1.203 0.031 1.324 0.314 0.730 1.639 0.176 0.000 0.000 1.128 0.000 0.993 0.000 0.289 
0 test1dax_consistent right_hidden
5.738 0.000 0.448 0.000 0.262 3.306 0.000 0.000 2.770 0.000 0.000 0.106 1.920 0.105 0.000 0.530 1.572 1.246 0.000 0.471 
---
1 test1dax_inconsistent left_hidden
0.214 0.000 0.504 0.000 0.003 0.000 1.203 0.031 1.324 0.314 0.730 1.639 0.176 0.000 0.000 1.128 0.000 0.993 0.000 0.289 
1 test1dax_inconsistent right_hidden
1.922 0.050 0.536 0.000 0.356 1.516 0.000 0.053 0.054 0.000 0.000 0.638 1.349 0.245 0.000 0.665 0.809 0.751 0.000 0.859 
---
0 test1dax_consistent left_hidden
0.161 0.110 0.000 1.771 0.033 0.000 0.000 0.000 1.104 0.000 1.291 0.646 1.320 0.265 0.000 0.000 0.359 0.634 0.000 0.000 
0 test1dax_consistent right_hidden
1.855 4.400 0.000 0.181 0.000 0.000 0.000 0.258 0.971 0.000 4.459 0.152 0.960 2.334 0.000 0.000 0.000 1.427 0.000 0.000 
---
1 test1dax_inconsistent left_hidden
0.161 0.110 0.000 1.771 0.033 0.000 0.000 0.000 1.104 0.000 1.291 0.646 1.320 0.265 0.000 0.000 0.359 0.634 0.000 0.000 
1 test1dax_inconsistent right_hidden
1.093 1.180 0.000 0.000 0.000 0.000 0.000 0.729 0.305 0.000 2.034 0.632 0.985 0.192 0.000 0.000 0.677 0.791 0.000 0.000 
---
0 test1dax_consistent left_hidden
0.081 0.236 1.267 0.000 0.862 0.000 0.106 0.000 0.658 0.000 1.802 0.513 1.587 0.669 0.000 0.173 1.141 0.350 0.133 0.212 
0 test1dax_consistent right_hidden
0.000 0.027 0.964 0.000 0.045 0.000 0.000 0.000 0.145 2.165 2.603 4.566 2.322 0.000 0.812 0.155 0.000 1.571 0.000 0.252 
---
1 test1dax_inconsistent left_hidden
0.081 0.236 1.267 0.000 0.862 0.000 0.106 0.000 0.658 0.000 1.802 0.513 1.587 0.669 0.000 0.173 1.141 0.350 0.133 0.212 
1 test1dax_inconsistent right_hidden
0.121 0.041 0.221 0.000 0.202 0.000 0.000 0.000 0.000 0.130 0.557 1.373 0.223 0.121 0.037 0.544 0.198 1.525 0.000 0.034 
---
0 test1dax_consistent left_hidden
0.000 0.000 0.000 0.377 0.000 1.733 0.000 0.973 1.076 0.000 0.000 0.091 0.274 0.000 0.000 0.394 0.062 0.208 0.609 2.054 
0 test1dax_consistent right_hidden
0.000 0.813 0.013 0.000 0.000 0.000 0.000 2.030 0.000 0.000 0.000 2.206 0.616 1.073 1.627 4.466 0.000 2.286 1.700 0.000 
---
1 test1dax_inconsistent left_hidden
0.000 0.000 0.000 0.377 0.000 1.733 0.000 0.973 1.076 0.000 0.000 0.091 0.274 0.000 0.000 0.394 0.062 0.208 0.609 2.054 
1 test1dax_inconsistent right_hidden
0.000 0.362 0.070 0.000 0.000 0.269 0.000 1.231 0.333 0.000 0.215 0.411 0.196 0.950 0.035 0.661 0.000 1.661 0.101 0.101 
---
0 test1dax_consistent left_hidden
0.035 0.000 2.315 0.917 0.000 0.766 0.246 0.000 0.028 0.143 0.000 0.090 0.000 0.000 0.000 0.000 1.783 0.314 0.122 0.000 
0 test1dax_consistent right_hidden
0.000 0.414 3.350 0.274 0.006 0.000 0.000 4.324 0.000 1.885 0.000 0.000 1.404 0.000 1.559 0.000 0.254 0.372 0.011 0.000 
---
1 test1dax_inconsistent left_hidden
0.035 0.000 2.315 0.917 0.000 0.766 0.246 0.000 0.028 0.143 0.000 0.090 0.000 0.000 0.000 0.000 1.783 0.314 0.122 0.000 
1 test1dax_inconsistent right_hidden
0.136 0.594 0.849 0.387 0.000 0.000 0.000 0.937 0.000 1.175 0.000 0.063 0.000 0.000 0.345 0.000 0.798 0.881 0.000 0.000 
---
0 test1dax_consistent left_hidden
0.216 0.000 0.000 0.993 1.642 0.733 0.149 0.208 0.838 0.332 0.000 0.750 0.000 0.311 1.097 0.000 0.115 0.069 0.412 0.000 
0 test1dax_consistent right_hidden
0.000 0.000 0.000 0.000 1.684 1.522 0.000 0.000 0.000 0.965 1.136 0.000 0.000 2.170 0.000 3.927 0.000 1.165 0.000 2.024 
---
1 test1dax_inconsistent left_hidden
0.216 0.000 0.000 0.993 1.642 0.733 0.149 0.208 0.838 0.332 0.000 0.750 0.000 0.311 1.097 0.000 0.115 0.069 0.412 0.000 
1 test1dax_inconsistent right_hidden
0.595 0.000 0.000 0.130 1.028 0.000 0.000 0.000 0.077 0.000 0.000 0.000 0.195 1.259 0.000 0.802 0.107 0.670 0.000 0.169 
---
0 test1dax_consistent left_hidden
0.073 0.272 0.000 0.269 1.191 0.000 0.000 0.000 3.018 0.000 0.575 0.020 0.123 0.000 0.000 0.000 0.000 0.285 1.293 0.061 
0 test1dax_consistent right_hidden
3.559 1.214 1.128 0.394 0.000 0.000 2.332 0.000 2.809 0.000 0.000 0.000 0.000 0.000 2.590 1.807 3.279 0.339 0.303 0.000 
---
1 test1dax_inconsistent left_hidden
0.073 0.272 0.000 0.269 1.191 0.000 0.000 0.000 3.018 0.000 0.575 0.020 0.123 0.000 0.000 0.000 0.000 0.285 1.293 0.061 
1 test1dax_inconsistent right_hidden
0.990 0.910 0.000 0.000 0.000 0.000 0.917 0.056 0.797 0.000 0.000 0.209 0.000 0.161 0.363 1.163 1.266 0.603 1.185 0.000 
---
0 test1dax_consistent left_hidden
0.000 1.051 0.012 0.000 0.000 0.069 0.000 0.060 2.035 0.000 0.000 1.122 0.390 0.000 0.792 0.000 1.118 0.352 0.574 0.378 
0 test1dax_consistent right_hidden
0.718 1.439 0.000 0.032 0.000 1.426 0.094 0.038 1.453 0.000 0.000 0.000 3.114 0.000 3.317 1.833 0.759 2.738 0.034 0.000 
---
1 test1dax_inconsistent left_hidden
0.000 1.051 0.012 0.000 0.000 0.069 0.000 0.060 2.035 0.000 0.000 1.122 0.390 0.000 0.792 0.000 1.118 0.352 0.574 0.378 
1 test1dax_inconsistent right_hidden
0.668 0.533 0.077 0.359 0.570 0.788 0.000 0.000 0.488 0.044 0.000 0.328 1.147 0.000 0.096 0.523 1.161 1.721 0.525 0.000 
---
0 test1dax_consistent left_hidden
0.070 1.131 0.571 0.000 0.671 0.000 0.355 0.000 2.643 0.000 0.000 0.000 0.522 0.557 1.187 0.297 0.000 0.000 0.308 0.000 
0 test1dax_consistent right_hidden
0.217 0.000 0.000 0.361 0.000 1.326 1.129 1.274 0.000 0.000 0.000 0.000 0.000 2.284 6.154 0.000 1.842 0.000 0.000 0.032 
---
1 test1dax_inconsistent left_hidden
0.070 1.131 0.571 0.000 0.671 0.000 0.355 0.000 2.643 0.000 0.000 0.000 0.522 0.557 1.187 0.297 0.000 0.000 0.308 0.000 
1 test1dax_inconsistent right_hidden
0.042 0.000 0.000 0.307 0.000 1.309 1.033 0.448 0.000 0.066 0.000 0.000 0.000 1.904 1.505 0.000 0.210 0.000 0.583 0.749 
---
0 test1dax_consistent left_hidden
1.028 0.000 0.000 0.000 0.000 0.259 1.840 0.952 0.319 0.114 0.036 0.000 1.048 0.000 1.219 1.780 0.550 0.000 0.000 0.357 
0 test1dax_consistent right_hidden
0.000 0.000 0.000 2.030 0.000 0.577 0.220 0.000 1.090 0.000 0.000 0.000 1.463 0.616 4.939 0.400 2.673 0.000 0.000 2.097 
---
1 test1dax_inconsistent left_hidden
1.028 0.000 0.000 0.000 0.000 0.259 1.840 0.952 0.319 0.114 0.036 0.000 1.048 0.000 1.219 1.780 0.550 0.000 0.000 0.357 
1 test1dax_inconsistent right_hidden
0.263 0.261 0.071 0.396 0.247 0.478 0.000 0.667 0.683 0.196 0.026 0.000 0.000 0.360 1.281 0.992 1.580 0.000 0.090 0.509 
---
0 test1dax_consistent left_hidden
0.085 0.000 0.000 0.694 0.486 0.000 0.000 2.224 1.415 0.000 0.000 0.132 0.133 0.000 0.000 1.256 0.763 0.145 0.735 0.089 
0 test1dax_consistent right_hidden
0.688 0.000 0.000 1.855 0.000 0.000 0.000 1.063 0.000 2.130 2.753 4.416 0.000 0.000 0.067 0.703 1.748 0.000 0.000 0.000 
---
1 test1dax_inconsistent left_hidden
0.085 0.000 0.000 0.694 0.486 0.000 0.000 2.224 1.415 0.000 0.000 0.132 0.133 0.000 0.000 1.256 0.763 0.145 0.735 0.089 
1 test1dax_inconsistent right_hidden
0.632 0.000 0.000 0.068 0.088 0.000 0.000 0.516 0.000 0.244 1.832 1.219 0.000 0.000 0.000 0.639 1.218 0.178 0.335 0.000 
---
0 test1dax_consistent left_hidden
1.965 0.000 0.061 0.000 0.108 1.706 0.998 0.468 0.066 0.000 1.151 0.000 0.000 0.000 0.000 0.009 1.218 0.063 0.000 0.209 
0 test1dax_consistent right_hidden
1.645 0.000 0.000 0.000 0.188 2.654 0.000 0.000 0.000 0.000 0.000 0.928 3.663 0.000 4.094 0.090 0.000 1.453 2.968 0.451 
---
1 test1dax_inconsistent left_hidden
1.965 0.000 0.061 0.000 0.108 1.706 0.998 0.468 0.066 0.000 1.151 0.000 0.000 0.000 0.000 0.009 1.218 0.063 0.000 0.209 
1 test1dax_inconsistent right_hidden
0.533 0.000 0.000 0.000 0.000 0.463 0.254 0.000 0.000 0.000 0.357 0.463 1.028 0.000 1.166 0.101 0.840 0.845 1.194 0.000 
---
0 test1dax_consistent left_hidden
0.086 0.358 1.111 1.398 0.957 0.000 0.086 0.000 1.012 0.112 0.964 0.013 0.000 1.133 0.614 0.129 0.906 0.000 0.000 0.727 
0 test1dax_consistent right_hidden
1.657 3.922 0.045 1.795 2.051 0.000 0.338 1.638 4.202 0.273 0.000 0.000 0.000 0.377 0.772 0.000 0.000 0.000 0.106 0.000 
---
1 test1dax_inconsistent left_hidden
0.086 0.358 1.111 1.398 0.957 0.000 0.086 0.000 1.012 0.112 0.964 0.013 0.000 1.133 0.614 0.129 0.906 0.000 0.000 0.727 
1 test1dax_inconsistent right_hidden
0.946 0.774 0.025 1.150 0.581 0.000 0.268 1.190 0.994 0.846 0.000 0.710 0.000 0.583 0.739 0.184 0.186 0.000 0.096 0.480 
---
0 test1dax_consistent left_hidden
0.000 0.542 0.138 0.000 0.094 0.000 0.162 1.514 0.964 0.000 1.217 0.084 0.340 0.000 0.055 1.629 0.000 1.228 1.204 0.000 
0 test1dax_consistent right_hidden
0.000 0.129 0.000 0.045 3.219 0.662 0.911 1.778 0.000 0.000 1.265 0.000 0.000 0.000 0.214 0.044 0.000 0.081 2.851 5.244 
---
1 test1dax_inconsistent left_hidden
0.000 0.542 0.138 0.000 0.094 0.000 0.162 1.514 0.964 0.000 1.217 0.084 0.340 0.000 0.055 1.629 0.000 1.228 1.204 0.000 
1 test1dax_inconsistent right_hidden
0.000 0.242 0.000 0.465 0.064 0.023 0.771 1.627 0.339 0.000 0.000 0.109 0.000 0.000 0.159 0.000 0.000 0.704 1.294 1.716 
---
0 test1dax_consistent left_hidden
1.388 1.304 0.654 0.211 0.970 0.000 0.190 0.543 0.000 0.877 0.348 0.000 1.881 0.000 0.000 0.000 0.425 0.000 0.748 0.000 
0 test1dax_consistent right_hidden
1.644 0.942 0.000 0.080 0.000 0.000 0.000 2.505 0.000 2.118 0.040 0.000 3.762 1.654 2.547 0.000 3.532 0.000 0.000 0.000 
---
1 test1dax_inconsistent left_hidden
1.388 1.304 0.654 0.211 0.970 0.000 0.190 0.543 0.000 0.877 0.348 0.000 1.881 0.000 0.000 0.000 0.425 0.000 0.748 0.000 
1 test1dax_inconsistent right_hidden
0.258 0.000 0.000 0.031 0.000 0.073 0.000 0.990 0.000 1.397 1.082 0.387 0.708 0.815 0.496 0.000 1.406 0.000 0.000 0.420 
---
0 test1dax_consistent left_hidden
1.089 0.000 1.105 0.000 0.000 0.000 0.000 0.000 0.000 0.193 0.151 0.000 0.251 0.000 0.020 1.916 1.355 0.422 1.556 0.000 
0 test1dax_consistent right_hidden
0.000 0.458 0.000 0.000 0.994 0.000 0.000 0.024 1.945 4.404 0.000 0.000 0.000 1.879 0.000 3.678 0.000 0.615 1.403 3.299 
---
1 test1dax_inconsistent left_hidden
1.089 0.000 1.105 0.000 0.000 0.000 0.000 0.000 0.000 0.193 0.151 0.000 0.251 0.000 0.020 1.916 1.355 0.422 1.556 0.000 
1 test1dax_inconsistent right_hidden
0.000 0.590 0.000 0.000 0.000 0.000 0.000 0.188 0.731 0.816 0.000 0.000 0.000 1.465 0.000 1.768 0.715 0.872 0.710 0.661 
---
0 test1dax_consistent left_hidden
0.000 0.707 0.513 0.000 0.000 0.000 0.000 0.075 0.418 1.681 0.669 0.103 1.068 0.813 1.309 0.837 0.921 0.112 0.000 0.986 
0 test1dax_consistent right_hidden
0.000 0.768 0.000 1.268 0.000 1.524 1.719 0.000 0.377 0.586 0.000 0.000 0.000 0.000 1.850 0.000 1.688 0.000 0.211 5.541 
---
1 test1dax_inconsistent left_hidden
0.000 0.707 0.513 0.000 0.000 0.000 0.000 0.075 0.418 1.681 0.669 0.103 1.068 0.813 1.309 0.837 0.921 0.112 0.000 0.986 
1 test1dax_inconsistent right_hidden
0.183 0.777 0.449 0.205 0.000 0.023 0.540 0.000 0.008 0.000 0.262 0.026 0.000 0.000 0.364 0.519 0.270 0.210 0.000 2.145 
---
0 test1dax_consistent left_hidden
0.000 0.000 0.000 1.283 0.040 0.000 0.889 0.064 0.000 1.029 0.328 0.000 0.369 0.626 0.000 0.095 2.384 0.780 0.000 0.000 
0 test1dax_consistent right_hidden
0.000 0.000 1.846 0.586 0.000 0.022 0.000 0.000 4.441 0.000 0.418 1.921 3.907 1.176 0.000 0.247 0.000 0.359 1.190 0.000 
---
1 test1dax_inconsistent left_hidden
0.000 0.000 0.000 1.283 0.040 0.000 0.889 0.064 0.000 1.029 0.328 0.000 0.369 0.626 0.000 0.095 2.384 0.780 0.000 0.000 
1 test1dax_inconsistent right_hidden
0.000 0.000 0.085 0.920 0.000 0.082 0.000 0.000 1.320 0.000 0.788 1.137 1.123 0.134 0.000 0.175 0.000 0.000 1.150 0.180 
---
0 test1dax_consistent left_hidden
0.073 0.000 0.000 1.381 0.353 0.000 1.567 0.884 0.000 0.705 0.000 0.394 0.000 0.008 0.638 0.000 1.716 1.761 0.000 0.000 
0 test1dax_consistent right_hidden
0.000 0.000 0.570 0.584 0.078 0.000 3.996 0.000 0.000 0.000 0.984 0.000 0.000 3.227 1.310 0.000 1.550 2.605 0.480 0.000 
---
1 test1dax_inconsistent left_hidden
0.073 0.000 0.000 1.381 0.353 0.000 1.567 0.884 0.000 0.705 0.000 0.394 0.000 0.008 0.638 0.000 1.716 1.761 0.000 0.000 
1 test1dax_inconsistent right_hidden
0.501 0.599 0.382 0.281 0.265 0.479 0.853 0.000 0.000 0.509 0.057 0.000 0.000 1.332 0.612 0.000 0.581 0.943 0.470 0.041 
---
0 test1dax_consistent left_hidden
0.000 0.536 0.000 1.719 0.070 0.000 0.527 0.002 1.860 0.606 1.258 0.000 1.132 0.451 1.143 0.000 0.941 0.295 0.161 0.000 
0 test1dax_consistent right_hidden
1.583 0.000 0.000 0.000 0.000 0.000 2.799 1.296 0.236 1.570 1.640 1.857 0.000 2.665 1.776 3.245 0.000 0.737 0.000 0.000 
---
1 test1dax_inconsistent left_hidden
0.000 0.536 0.000 1.719 0.070 0.000 0.527 0.002 1.860 0.606 1.258 0.000 1.132 0.451 1.143 0.000 0.941 0.295 0.161 0.000 
1 test1dax_inconsistent right_hidden
0.627 0.000 0.309 0.033 0.177 0.000 0.727 0.330 0.557 0.907 1.290 0.679 0.000 0.417 1.098 0.360 0.485 0.435 0.000 0.246 
---
0 test1dax_consistent left_hidden
1.658 0.000 0.000 0.120 0.022 0.000 1.262 1.077 0.189 0.096 0.000 0.000 0.000 0.521 0.000 0.413 2.295 0.000 0.456 0.000 
0 test1dax_consistent right_hidden
0.053 0.000 0.384 4.893 0.637 0.000 0.000 0.215 0.000 0.000 0.000 0.000 4.176 0.000 1.655 0.000 3.526 0.000 2.792 0.000 
---
1 test1dax_inconsistent left_hidden
1.658 0.000 0.000 0.120 0.022 0.000 1.262 1.077 0.189 0.096 0.000 0.000 0.000 0.521 0.000 0.413 2.295 0.000 0.456 0.000 
1 test1dax_inconsistent right_hidden
0.380 0.000 0.000 1.777 1.306 0.000 0.262 0.335 0.000 0.000 0.056 0.000 0.741 0.000 0.818 0.000 1.638 0.000 1.886 0.000 
---
0 test1dax_consistent left_hidden
0.022 0.000 0.061 0.000 0.000 0.019 0.000 1.225 0.000 1.383 0.052 0.000 1.863 0.000 0.000 0.000 1.776 0.000 0.000 0.000 
0 test1dax_consistent right_hidden
5.249 0.000 0.051 1.053 0.000 0.000 0.180 3.755 0.000 0.505 0.000 0.000 0.000 0.000 0.000 1.302 2.603 0.000 1.185 0.000 
---
1 test1dax_inconsistent left_hidden
0.022 0.000 0.061 0.000 0.000 0.019 0.000 1.225 0.000 1.383 0.052 0.000 1.863 0.000 0.000 0.000 1.776 0.000 0.000 0.000 
1 test1dax_inconsistent right_hidden
1.565 0.000 0.124 0.875 0.000 0.029 0.506 1.021 0.000 0.711 0.000 0.000 0.000 0.102 0.000 0.218 1.543 0.000 0.000 0.000 
---
0 test1dax_consistent left_hidden
0.000 0.556 0.038 0.000 0.000 0.313 0.000 0.110 0.000 0.413 0.000 0.052 1.629 0.000 0.000 2.439 0.000 0.253 0.831 0.000 
0 test1dax_consistent right_hidden
0.004 0.000 0.139 0.000 2.349 0.000 0.000 0.461 0.000 4.769 1.296 0.000 0.000 0.000 2.995 0.033 0.406 0.871 3.356 0.000 
---
1 test1dax_inconsistent left_hidden
0.000 0.556 0.038 0.000 0.000 0.313 0.000 0.110 0.000 0.413 0.000 0.052 1.629 0.000 0.000 2.439 0.000 0.253 0.831 0.000 
1 test1dax_inconsistent right_hidden
0.000 0.277 0.000 0.000 0.694 0.000 0.000 0.392 0.000 1.467 1.148 0.077 0.226 0.000 0.607 0.000 0.651 0.643 1.642 0.000 
---
0 test1dax_consistent left_hidden
0.288 0.000 2.445 0.000 0.733 0.000 0.491 0.303 1.257 0.000 0.372 1.094 0.000 0.000 0.000 0.000 0.162 0.166 0.665 0.799 
0 test1dax_consistent right_hidden
0.709 0.000 2.663 0.000 1.880 0.814 0.000 0.000 0.000 0.083 0.000 0.000 0.000 6.155 0.000 1.726 0.000 0.656 0.000 2.681 
---
1 test1dax_inconsistent left_hidden
0.288 0.000 2.445 0.000 0.733 0.000 0.491 0.303 1.257 0.000 0.372 1.094 0.000 0.000 0.000 0.000 0.162 0.166 0.665 0.799 
1 test1dax_inconsistent right_hidden
0.382 0.000 0.755 0.298 0.854 0.784 0.000 0.016 0.000 0.320 0.522 0.000 0.000 2.002 0.000 0.401 0.065 0.032 0.000 2.077 
---
0 test1dax_consistent left_hidden
0.000 0.000 0.449 0.616 1.358 0.246 0.000 0.000 0.196 0.556 1.820 0.831 0.000 0.012 0.085 0.000 0.000 0.648 0.000 1.275 
0 test1dax_consistent right_hidden
0.000 0.000 0.000 0.018 0.000 0.250 0.000 0.000 0.000 0.000 0.253 6.407 0.000 0.000 0.000 0.000 2.968 3.317 0.000 0.000 
---
1 test1dax_inconsistent left_hidden
0.000 0.000 0.449 0.616 1.358 0.246 0.000 0.000 0.196 0.556 1.820 0.831 0.000 0.012 0.085 0.000 0.000 0.648 0.000 1.275 
1 test1dax_inconsistent right_hidden
0.000 0.052 0.083 0.190 0.352 0.000 0.000 0.000 0.000 0.000 0.000 2.068 0.000 0.000 0.000 0.101 1.678 1.701 0.000 0.252 
---
0 test1dax_consistent left_hidden
0.415 0.202 0.000 0.128 0.028 0.017 1.121 0.531 0.777 0.987 1.045 0.354 1.403 0.000 0.025 0.912 0.614 0.000 0.616 0.670 
0 test1dax_consistent right_hidden
0.125 0.042 1.486 2.402 0.000 3.614 0.025 0.566 2.789 0.919 1.922 3.521 0.000 2.543 0.088 0.000 0.000 0.000 0.000 1.448 
---
1 test1dax_inconsistent left_hidden
0.415 0.202 0.000 0.128 0.028 0.017 1.121 0.531 0.777 0.987 1.045 0.354 1.403 0.000 0.025 0.912 0.614 0.000 0.616 0.670 
1 test1dax_inconsistent right_hidden
0.364 0.000 0.252 0.738 0.000 0.725 0.947 0.205 1.093 0.287 0.708 1.518 0.008 0.423 0.089 0.000 0.000 0.141 0.237 0.598 
---
0 test1dax_consistent left_hidden
0.864 0.752 0.193 0.982 0.000 1.125 0.439 1.051 0.177 0.369 0.844 0.423 0.347 0.879 1.088 0.881 0.233 0.000 0.000 0.750 
0 test1dax_consistent right_hidden
0.830 2.269 1.349 1.050 0.000 0.130 0.048 0.155 2.688 2.477 3.132 1.013 0.000 1.295 0.041 0.383 0.973 0.000 2.119 0.115 
---
1 test1dax_inconsistent left_hidden
0.864 0.752 0.193 0.982 0.000 1.125 0.439 1.051 0.177 0.369 0.844 0.423 0.347 0.879 1.088 0.881 0.233 0.000 0.000 0.750 
1 test1dax_inconsistent right_hidden
0.788 1.139 0.000 0.095 0.000 0.101 0.333 0.362 0.655 0.026 1.053 0.198 0.011 0.176 0.022 0.834 0.578 0.000 0.558 0.372 
---
0 test1dax_consistent left_hidden
0.976 0.335 0.381 0.000 0.000 1.236 0.192 0.645 0.614 0.006 0.000 0.000 1.751 0.000 0.276 0.000 1.511 0.413 0.245 0.000 
0 test1dax_consistent right_hidden
0.497 0.000 0.434 0.000 1.103 0.569 0.000 0.000 0.672 0.000 0.000 0.000 1.855 0.000 4.595 3.787 0.000 1.722 3.087 0.000 
---
1 test1dax_inconsistent left_hidden
0.976 0.335 0.381 0.000 0.000 1.236 0.192 0.645 0.614 0.006 0.000 0.000 1.751 0.000 0.276 0.000 1.511 0.413 0.245 0.000 
1 test1dax_inconsistent right_hidden
0.874 0.116 0.723 0.000 0.048 0.408 0.061 0.377 1.033 0.211 0.000 0.000 0.084 0.000 1.333 1.395 0.265 0.281 1.432 0.000 
---
0 test1dax_consistent left_hidden
0.000 1.594 0.000 0.058 0.000 0.000 0.146 2.212 0.384 0.636 0.000 0.000 0.000 0.269 0.686 0.000 0.000 1.120 0.000 0.000 
0 test1dax_consistent right_hidden
0.000 5.361 0.000 0.000 0.000 1.572 0.536 1.308 2.970 1.297 0.068 0.000 0.017 0.550 0.000 0.000 0.000 0.000 0.000 0.303 
---
1 test1dax_inconsistent left_hidden
0.000 1.594 0.000 0.058 0.000 0.000 0.146 2.212 0.384 0.636 0.000 0.000 0.000 0.269 0.686 0.000 0.000 1.120 0.000 0.000 
1 test1dax_inconsistent right_hidden
0.000 1.584 0.025 0.000 0.000 0.849 0.617 0.831 2.427 0.000 0.000 0.000 0.000 0.000 0.000 0.000 0.000 0.225 0.000 0.000 
---
0 test1dax_consistent left_hidden
1.621 0.000 0.000 0.000 0.000 0.287 0.477 1.470 0.000 0.046 0.053 0.000 0.985 0.000 1.940 0.000 0.000 0.000 0.439 0.255 
0 test1dax_consistent right_hidden
0.542 0.045 0.000 0.000 0.871 0.670 0.498 0.885 2.914 0.000 2.621 0.660 1.017 3.068 0.006 2.218 0.000 0.429 1.230 2.632 
---
1 test1dax_inconsistent left_hidden
1.621 0.000 0.000 0.000 0.000 0.287 0.477 1.470 0.000 0.046 0.053 0.000 0.985 0.000 1.940 0.000 0.000 0.000 0.439 0.255 
1 test1dax_inconsistent right_hidden
1.130 0.000 0.000 0.000 0.234 0.000 0.000 0.140 1.385 0.000 0.217 0.794 0.000 1.077 0.722 0.552 0.000 0.000 0.182 0.659 
---
0 test1dax_consistent left_hidden
0.000 0.000 0.450 1.999 0.000 1.731 0.000 0.278 0.612 0.000 0.072 0.426 0.000 1.056 0.000 1.299 0.237 0.420 0.000 0.225 
0 test1dax_consistent right_hidden
0.000 0.424 0.000 0.005 2.977 5.945 0.000 2.169 0.744 1.394 0.839 0.000 1.960 0.740 0.000 0.000 0.030 2.175 0.000 0.000 
---
1 test1dax_inconsistent left_hidden
0.000 0.000 0.450 1.999 0.000 1.731 0.000 0.278 0.612 0.000 0.072 0.426 0.000 1.056 0.000 1.299 0.237 0.420 0.000 0.225 
1 test1dax_inconsistent right_hidden
0.000 0.147 0.000 0.581 0.650 2.182 0.000 0.941 0.050 0.393 0.659 0.000 0.723 0.300 0.000 0.389 0.000 0.591 0.000 0.578 
---
0 test1dax_consistent left_hidden
0.000 0.000 0.039 1.550 0.047 0.000 0.468 0.000 1.299 0.346 2.074 0.820 0.758 0.148 0.157 0.000 0.000 0.000 1.257 0.000 
0 test1dax_consistent right_hidden
0.347 0.000 0.011 4.106 0.047 0.091 0.000 0.736 1.250 0.000 1.572 0.000 0.000 0.002 0.000 0.000 0.000 5.175 0.000 0.000 
---
1 test1dax_inconsistent left_hidden
0.000 0.000 0.039 1.550 0.047 0.000 0.468 0.000 1.299 0.346 2.074 0.820 0.758 0.148 0.157 0.000 0.000 0.000 1.257 0.000 
1 test1dax_inconsistent right_hidden
0.120 0.000 0.169 1.482 0.000 0.004 0.000 0.660 0.000 0.554 1.106 0.000 0.000 0.000 0.000 0.000 0.000 1.632 0.000 0.000 
---
0 test1dax_consistent left_hidden
0.000 0.639 0.035 0.000 0.065 0.000 0.000 1.325 1.886 0.060 0.000 0.000 0.000 0.064 0.000 2.036 0.000 0.036 0.000 0.000 
0 test1dax_consistent right_hidden
0.000 4.171 0.000 0.000 3.400 0.000 0.000 1.890 1.073 2.850 0.000 2.496 0.000 0.000 0.000 0.000 3.200 1.689 0.000 0.000 
---
1 test1dax_inconsistent left_hidden
0.000 0.639 0.035 0.000 0.065 0.000 0.000 1.325 1.886 0.060 0.000 0.000 0.000 0.064 0.000 2.036 0.000 0.036 0.000 0.000 
1 test1dax_inconsistent right_hidden
0.000 1.272 0.316 0.000 1.297 0.000 0.006 0.273 0.029 0.948 0.000 1.257 0.000 0.000 0.000 1.047 0.702 0.796 0.000 0.000 
---
0 test1dax_consistent left_hidden
0.201 0.000 0.576 0.000 0.657 0.059 0.000 0.000 0.000 1.624 0.115 0.116 0.000 0.038 0.090 0.750 0.000 2.394 0.399 0.625 
0 test1dax_consistent right_hidden
3.142 1.244 4.303 2.581 0.763 1.096 1.228 0.000 0.640 0.491 0.000 1.566 0.000 0.000 0.000 0.339 0.000 1.039 1.964 1.516 
---
1 test1dax_inconsistent left_hidden
0.201 0.000 0.576 0.000 0.657 0.059 0.000 0.000 0.000 1.624 0.115 0.116 0.000 0.038 0.090 0.750 0.000 2.394 0.399 0.625 
1 test1dax_inconsistent right_hidden
0.479 0.211 1.033 1.389 0.802 0.027 0.319 0.000 0.873 0.435 0.000 0.999 0.000 0.000 0.034 0.115 0.000 0.268 0.264 0.879 
---
0 test1dax_consistent left_hidden
0.267 0.000 2.278 0.000 0.831 0.000 0.736 0.000 0.565 0.512 0.294 0.933 0.000 0.000 0.273 0.000 1.412 0.539 0.000 0.970 
0 test1dax_consistent right_hidden
0.005 0.000 3.238 0.812 1.483 0.072 0.000 0.000 3.126 0.168 0.000 0.492 0.491 0.000 0.000 0.000 5.334 0.000 0.000 0.000 
---
1 test1dax_inconsistent left_hidden
0.267 0.000 2.278 0.000 0.831 0.000 0.736 0.000 0.565 0.512 0.294 0.933 0.000 0.000 0.273 0.000 1.412 0.539 0.000 0.970 
1 test1dax_inconsistent right_hidden
0.227 0.000 0.454 0.000 1.227 0.072 0.000 0.000 1.827 0.171 0.974 0.000 0.320 0.000 0.011 0.000 1.419 0.142 0.000 0.375 
---
0 test1dax_consistent left_hidden
0.409 0.000 0.000 1.856 0.265 0.446 0.000 0.253 0.000 0.908 0.357 0.000 0.841 0.642 0.958 0.000 0.344 0.644 0.000 0.000 
0 test1dax_consistent right_hidden
0.000 0.000 1.402 3.216 3.410 0.000 0.000 1.107 0.000 0.000 1.587 0.073 0.101 0.000 0.745 1.514 2.787 0.000 2.955 0.000 
---
1 test1dax_inconsistent left_hidden
0.409 0.000 0.000 1.856 0.265 0.446 0.000 0.253 0.000 0.908 0.357 0.000 0.841 0.642 0.958 0.000 0.344 0.644 0.000 0.000 
1 test1dax_inconsistent right_hidden
0.048 0.000 0.078 0.561 0.844 0.000 0.000 0.861 0.000 0.070 0.000 0.567 0.335 0.729 1.175 0.906 0.347 0.000 0.796 0.253 
---
0 test1dax_consistent left_hidden
1.031 0.000 0.847 1.249 0.000 0.921 0.236 0.621 0.000 0.335 1.095 0.755 0.549 1.302 0.000 0.000 0.411 0.000 0.000 0.544 
0 test1dax_consistent right_hidden
1.423 0.968 2.247 0.104 0.000 2.003 0.000 0.977 0.000 0.855 0.538 0.051 0.278 3.224 1.002 0.812 0.000 0.664 4.768 0.000 
---
1 test1dax_inconsistent left_hidden
1.031 0.000 0.847 1.249 0.000 0.921 0.236 0.621 0.000 0.335 1.095 0.755 0.549 1.302 0.000 0.000 0.411 0.000 0.000 0.544 
1 test1dax_inconsistent right_hidden
0.291 0.088 0.442 0.248 0.000 0.335 0.436 0.884 0.000 0.258 1.244 0.077 0.022 0.837 0.575 0.000 0.000 0.136 1.915 0.000 
---
0 test1dax_consistent left_hidden
0.590 0.565 0.712 0.000 0.189 1.558 0.106 0.208 0.000 1.325 2.102 0.373 0.000 0.000 0.000 1.759 0.445 0.202 0.000 0.103 
0 test1dax_consistent right_hidden
0.000 0.000 0.000 2.141 2.914 3.839 3.053 0.000 0.000 1.584 0.247 1.581 0.000 1.742 0.000 3.093 0.000 0.245 0.000 0.133 
---
1 test1dax_inconsistent left_hidden
0.590 0.565 0.712 0.000 0.189 1.558 0.106 0.208 0.000 1.325 2.102 0.373 0.000 0.000 0.000 1.759 0.445 0.202 0.000 0.103 
1 test1dax_inconsistent right_hidden
0.000 0.086 0.305 0.007 0.779 1.436 1.244 0.000 0.000 0.761 0.198 1.272 0.000 0.708 0.000 0.782 0.000 0.652 0.000 0.571 
---
0 test1dax_consistent left_hidden
0.225 0.000 0.254 0.000 0.941 0.000 2.285 0.000 0.753 0.900 0.000 0.794 0.000 0.269 1.165 0.000 0.000 0.257 0.783 1.101 
0 test1dax_consistent right_hidden
0.000 0.000 0.000 0.000 1.452 0.000 0.000 0.000 0.000 0.966 0.000 3.690 0.000 0.196 0.000 3.263 0.000 1.484 2.008 0.000 
---
1 test1dax_inconsistent left_hidden
0.225 0.000 0.254 0.000 0.941 0.000 2.285 0.000 0.753 0.900 0.000 0.794 0.000 0.269 1.165 0.000 0.000 0.257 0.783 1.101 
1 test1dax_inconsistent right_hidden
0.000 0.000 0.000 0.093 0.000 0.000 0.002 0.463 0.000 0.000 0.000 0.229 0.000 0.413 0.020 1.532 0.104 0.000 1.505 0.000 
---
0 test1dax_consistent left_hidden
0.101 0.000 1.332 0.998 0.000 0.404 0.156 0.774 0.020 0.493 0.219 0.480 0.000 0.935 0.051 2.086 0.332 0.279 0.640 0.000 
0 test1dax_consistent right_hidden
1.568 0.000 0.000 2.389 0.000 2.588 2.450 0.000 0.000 5.052 0.000 1.710 0.000 0.000 0.059 0.711 0.000 0.000 1.314 0.000 
---
1 test1dax_inconsistent left_hidden
0.101 0.000 1.332 0.998 0.000 0.404 0.156 0.774 0.020 0.493 0.219 0.480 0.000 0.935 0.051 2.086 0.332 0.279 0.640 0.000 
1 test1dax_inconsistent right_hidden
1.209 0.000 0.054 0.000 0.000 0.408 1.083 0.365 0.000 1.722 0.000 1.871 0.519 0.000 0.064 0.320 0.000 0.324 0.000 0.064 
---
0 test1dax_consistent left_hidden
1.558 0.000 0.000 0.062 1.224 0.277 0.000 1.105 0.031 0.167 0.907 0.721 0.000 0.161 0.464 0.959 0.100 1.211 0.000 1.507 
0 test1dax_consistent right_hidden
0.000 1.018 0.000 0.000 0.028 3.529 0.000 2.412 0.000 0.000 1.115 4.217 0.000 1.836 0.263 1.189 1.941 0.062 0.218 0.060 
---
1 test1dax_inconsistent left_hidden
1.558 0.000 0.000 0.062 1.224 0.277 0.000 1.105 0.031 0.167 0.907 0.721 0.000 0.161 0.464 0.959 0.100 1.211 0.000 1.507 
1 test1dax_inconsistent right_hidden
0.000 0.812 0.000 0.000 0.142 1.078 0.000 1.214 0.000 0.000 0.000 0.999 0.155 0.387 0.618 0.633 1.162 0.122 0.000 0.196 
---
0 test1dax_consistent left_hidden
1.706 0.000 0.900 0.076 0.047 0.000 0.000 0.000 0.726 0.000 0.067 0.703 0.000 0.063 0.718 1.031 0.000 2.274 0.000 0.000 
0 test1dax_consistent right_hidden
3.008 3.772 0.000 0.000 0.000 0.000 0.686 0.000 1.349 2.982 0.000 2.381 0.000 1.335 0.534 2.299 0.000 2.771 0.000 0.000 
---
1 test1dax_inconsistent left_hidden
1.706 0.000 0.900 0.076 0.047 0.000 0.000 0.000 0.726 0.000 0.067 0.703 0.000 0.063 0.718 1.031 0.000 2.274 0.000 0.000 
1 test1dax_inconsistent right_hidden
0.676 1.881 0.351 0.000 0.208 0.000 0.465 0.000 0.733 1.610 0.000 0.807 0.000 0.218 1.388 0.321 0.000 0.549 0.000 0.000 
---
0 test1dax_consistent left_hidden
1.546 0.000 0.359 0.000 0.172 0.492 0.000 0.510 0.000 0.000 0.000 0.851 0.000 0.000 0.574 0.818 0.000 0.000 2.576 0.893 
0 test1dax_consistent right_hidden
1.507 0.000 0.000 0.000 0.000 2.658 0.000 3.410 0.000 0.000 0.000 2.762 0.000 0.000 2.236 1.839 0.006 0.000 2.824 0.676 
---
1 test1dax_inconsistent left_hidden
1.546 0.000 0.359 0.000 0.172 0.492 0.000 0.510 0.000 0.000 0.000 0.851 0.000 0.000 0.574 0.818 0.000 0.000 2.576 0.893 
1 test1dax_inconsistent right_hidden
0.000 0.000 0.000 0.000 1.051 1.048 0.000 1.046 0.000 0.000 0.000 0.666 0.000 0.092 1.517 0.676 0.423 0.000 0.742 0.000 
---
0 test1dax_consistent left_hidden
0.495 0.870 1.389 0.274 0.000 1.220 0.178 0.252 0.000 0.134 0.819 0.000 0.445 0.756 0.000 1.149 0.400 0.000 0.852 0.583 
0 test1dax_consistent right_hidden
0.657 0.083 2.986 1.897 0.000 1.870 1.066 0.189 0.679 2.423 0.058 2.522 2.373 0.000 0.000 0.904 0.000 0.000 0.030 0.000 
---
1 test1dax_inconsistent left_hidden
0.495 0.870 1.389 0.274 0.000 1.220 0.178 0.252 0.000 0.134 0.819 0.000 0.445 0.756 0.000 1.149 0.400 0.000 0.852 0.583 
1 test1dax_inconsistent right_hidden
0.692 0.324 1.015 0.172 0.000 0.489 0.994 0.523 0.145 0.178 0.000 0.906 0.540 0.690 0.000 0.050 0.576 0.321 0.000 0.205 
---
0 test1dax_consistent left_hidden
0.000 0.000 1.335 2.365 0.000 0.068 0.000 0.149 0.029 0.000 0.000 0.141 1.373 0.618 0.230 0.848 0.000 0.000 0.000 0.000 
0 test1dax_consistent right_hidden
1.459 0.479 0.601 0.008 1.084 0.649 0.000 0.000 0.000 0.000 3.271 0.000 0.000 4.537 1.933 0.000 3.031 0.000 0.000 0.000 
---
1 test1dax_inconsistent left_hidden
0.000 0.000 1.335 2.365 0.000 0.068 0.000 0.149 0.029 0.000 0.000 0.141 1.373 0.618 0.230 0.848 0.000 0.000 0.000 0.000 
1 test1dax_inconsistent right_hidden
0.855 0.607 0.270 0.041 0.000 0.549 0.000 0.681 0.000 0.000 0.441 0.000 0.140 1.724 0.608 0.404 0.478 0.000 0.000 0.000 
---
0 test1dax_consistent left_hidden
0.000 0.619 0.000 0.051 0.000 0.578 1.631 0.543 0.000 2.073 0.000 0.000 0.000 0.031 0.160 0.153 0.000 1.027 0.000 0.363 
0 test1dax_consistent right_hidden
0.000 0.000 0.000 3.686 5.608 0.084 0.000 0.000 1.160 2.059 0.000 0.972 0.392 0.000 0.000 0.000 0.000 0.000 0.000 0.000 
---
1 test1dax_inconsistent left_hidden
0.000 0.619 0.000 0.051 0.000 0.578 1.631 0.543 0.000 2.073 0.000 0.000 0.000 0.031 0.160 0.153 0.000 1.027 0.000 0.363 
1 test1dax_inconsistent right_hidden
0.000 0.155 0.000 1.223 2.250 0.242 0.259 0.626 1.326 0.000 0.127 0.387 0.422 0.041 0.000 0.226 0.000 0.577 0.000 0.000 
---
0 test1dax_consistent left_hidden
0.000 0.109 0.906 0.081 0.174 1.147 0.642 0.801 0.155 0.000 0.229 0.000 1.540 0.628 0.000 1.064 0.000 0.000 1.019 0.951 
0 test1dax_consistent right_hidden
0.045 0.000 0.912 0.065 0.061 0.597 0.196 0.000 0.000 0.000 1.040 3.279 3.297 2.590 0.826 0.056 0.000 2.558 1.502 0.000 
---
1 test1dax_inconsistent left_hidden
0.000 0.109 0.906 0.081 0.174 1.147 0.642 0.801 0.155 0.000 0.229 0.000 1.540 0.628 0.000 1.064 0.000 0.000 1.019 0.951 
1 test1dax_inconsistent right_hidden
0.682 0.273 0.430 0.310 0.000 0.234 0.000 0.257 0.000 0.180 0.806 0.900 0.789 0.374 0.209 0.398 0.000 0.749 1.080 0.506 
---
0 test1dax_consistent left_hidden
0.093 0.000 1.061 0.000 0.283 0.000 1.505 0.899 1.559 0.777 0.089 0.853 0.000 0.190 0.130 0.000 0.000 0.550 0.100 1.330 
0 test1dax_consistent right_hidden
0.000 0.000 0.000 2.659 2.871 0.000 0.000 1.038 4.307 0.405 0.000 3.819 0.000 0.000 1.016 0.000 0.000 0.088 0.000 0.251 
---
1 test1dax_inconsistent left_hidden
0.093 0.000 1.061 0.000 0.283 0.000 1.505 0.899 1.559 0.777 0.089 0.853 0.000 0.190 0.130 0.000 0.000 0.550 0.100 1.330 
1 test1dax_inconsistent right_hidden
0.000 0.000 0.460 0.164 1.042 0.000 0.000 0.346 2.077 0.152 0.531 0.888 0.000 0.000 0.816 0.000 0.000 0.115 0.205 0.348 
---
0 test1dax_consistent left_hidden
0.000 0.788 0.493 2.725 0.000 0.000 0.229 0.000 0.032 0.068 0.372 0.013 0.000 0.302 0.000 0.000 0.682 1.411 0.370 0.000 
0 test1dax_consistent right_hidden
0.000 0.000 0.000 0.189 0.011 0.000 0.000 0.289 0.000 0.000 1.151 0.000 0.000 4.183 3.555 0.000 0.000 2.183 4.600 1.486 
---
1 test1dax_inconsistent left_hidden
0.000 0.788 0.493 2.725 0.000 0.000 0.229 0.000 0.032 0.068 0.372 0.013 0.000 0.302 0.000 0.000 0.682 1.411 0.370 0.000 
1 test1dax_inconsistent right_hidden
0.000 0.104 0.616 0.710 0.420 0.000 0.000 0.526 0.000 0.000 0.220 0.055 0.000 1.005 0.883 0.000 0.000 1.245 1.877 0.474 
---
0 test1dax_consistent left_hidden
0.000 0.644 1.016 0.599 0.353 0.741 0.410 0.000 0.861 0.818 0.272 0.000 0.336 0.671 0.000 0.323 0.000 0.144 1.644 0.515 
0 test1dax_consistent right_hidden
0.000 0.000 1.907 0.345 0.474 0.000 0.194 0.000 4.258 0.006 1.003 2.166 0.000 3.243 0.000 1.125 2.372 0.000 2.730 0.000 
---
1 test1dax_inconsistent left_hidden
0.000 0.644 1.016 0.599 0.353 0.741 0.410 0.000 0.861 0.818 0.272 0.000 0.336 0.671 0.000 0.323 0.000 0.144 1.644 0.515 
1 test1dax_inconsistent right_hidden
0.000 0.157 0.213 0.286 0.967 0.028 0.042 0.000 1.702 0.149 0.988 1.488 0.000 0.490 0.000 0.516 1.299 0.000 0.602 0.000 
---
0 test1dax_consistent left_hidden
0.000 0.052 0.000 0.586 0.000 0.758 0.000 0.000 0.000 0.481 0.918 0.225 0.000 2.131 0.126 0.154 0.000 1.379 0.223 1.268 
0 test1dax_consistent right_hidden
0.000 0.000 0.000 0.556 5.169 0.000 0.523 0.000 0.000 3.277 0.000 0.530 0.000 0.000 0.000 0.000 2.476 0.000 0.000 2.547 
---
1 test1dax_inconsistent left_hidden
0.000 0.052 0.000 0.586 0.000 0.758 0.000 0.000 0.000 0.481 0.918 0.225 0.000 2.131 0.126 0.154 0.000 1.379 0.223 1.268 
1 test1dax_inconsistent right_hidden
0.016 0.311 0.000 0.244 1.706 0.031 0.728 0.000 0.570 0.457 0.000 0.000 0.000 0.193 0.000 0.049 0.424 0.553 0.033 1.473 
---
0 test1dax_consistent left_hidden
0.000 0.793 0.000 0.000 0.941 0.744 1.582 0.353 1.101 0.000 0.777 0.591 0.921 0.000 0.131 0.195 0.000 0.000 0.000 0.333 
0 test1dax_consistent right_hidden
0.000 1.594 0.000 0.000 1.065 2.680 1.448 2.504 0.000 0.000 3.975 1.099 0.000 0.000 0.000 2.393 0.000 0.000 0.067 0.212 
---
1 test1dax_inconsistent left_hidden
0.000 0.793 0.000 0.000 0.941 0.744 1.582 0.353 1.101 0.000 0.777 0.591 0.921 0.000 0.131 0.195 0.000 0.000 0.000 0.333 
1 test1dax_inconsistent right_hidden
0.000 0.603 0.000 0.000 1.259 1.275 0.000 0.668 0.181 0.000 0.810 0.088 0.000 0.000 0.016 1.019 0.061 0.000 0.000 0.065 
---
0 test1dax_consistent left_hidden
1.685 0.000 0.000 0.000 0.713 0.616 1.276 0.000 0.675 0.674 0.115 1.184 1.329 0.000 0.000 0.000 0.000 0.000 0.201 0.000 
0 test1dax_consistent right_hidden
0.000 1.816 0.000 0.000 2.243 0.935 1.786 0.000 0.000 0.052 3.372 0.305 0.000 0.000 0.000 2.398 0.000 3.726 2.962 0.000 
---
1 test1dax_inconsistent left_hidden
1.685 0.000 0.000 0.000 0.713 0.616 1.276 0.000 0.675 0.674 0.115 1.184 1.329 0.000 0.000 0.000 0.000 0.000 0.201 0.000 
1 test1dax_inconsistent right_hidden
0.695 1.201 0.000 0.000 0.988 0.917 0.442 0.000 0.000 0.358 0.973 0.411 0.128 0.000 0.010 0.000 0.000 1.808 1.231 0.000 
---
0 test1dax_consistent left_hidden
0.000 0.559 0.357 0.382 0.000 1.004 0.155 1.648 0.000 1.850 0.687 0.447 0.019 0.989 0.000 0.000 0.337 1.269 0.129 0.000 
0 test1dax_consistent right_hidden
0.000 0.025 0.340 0.313 0.000 3.858 1.874 0.000 0.000 2.903 0.682 1.460 0.225 0.000 1.924 0.000 0.614 0.000 0.004 0.699 
---
1 test1dax_inconsistent left_hidden
0.000 0.559 0.357 0.382 0.000 1.004 0.155 1.648 0.000 1.850 0.687 0.447 0.019 0.989 0.000 0.000 0.337 1.269 0.129 0.000 
1 test1dax_inconsistent right_hidden
0.000 0.375 0.726 0.547 0.000 0.736 1.132 0.000 0.000 0.458 0.641 0.198 0.598 0.000 0.209 0.000 0.787 0.309 0.000 0.000 
---
0 test1dax_consistent left_hidden
0.238 1.407 0.000 0.000 0.181 0.366 1.650 0.726 0.000 0.000 0.000 0.317 1.564 0.291 0.407 0.558 0.155 1.102 1.410 0.000 
0 test1dax_consistent right_hidden
0.310 0.080 0.000 0.000 3.807 0.000 3.052 3.445 0.825 0.000 0.000 0.000 0.278 0.000 0.295 2.910 0.000 1.428 2.459 0.000 
---
1 test1dax_inconsistent left_hidden
0.238 1.407 0.000 0.000 0.181 0.366 1.650 0.726 0.000 0.000 0.000 0.317 1.564 0.291 0.407 0.558 0.155 1.102 1.410 0.000 
1 test1dax_inconsistent right_hidden
0.515 0.000 0.050 0.066 0.997 0.000 1.567 1.277 0.181 0.000 0.000 0.622 1.513 0.000 0.062 0.529 0.000 0.403 0.549 0.000 
---
0 test1dax_consistent left_hidden
0.000 0.000 0.688 0.000 1.647 0.000 0.000 1.296 0.553 0.073 0.737 0.000 1.147 0.000 0.912 0.694 0.869 0.589 0.000 0.000 
0 test1dax_consistent right_hidden
2.871 0.000 0.000 0.000 2.337 0.000 2.970 1.177 0.000 0.000 0.254 0.165 0.000 0.000 1.542 3.688 0.000 1.520 0.035 0.000 
---
1 test1dax_inconsistent left_hidden
0.000 0.000 0.688 0.000 1.647 0.000 0.000 1.296 0.553 0.073 0.737 0.000 1.147 0.000 0.912 0.694 0.869 0.589 0.000 0.000 
1 test1dax_inconsistent right_hidden
0.211 0.000 1.108 0.492 0.193 0.000 1.466 0.225 0.481 0.061 0.000 0.000 0.000 0.000 0.926 1.672 0.000 0.319 0.515 0.000 
---
0 test1dax_consistent left_hidden
0.000 0.000 0.839 0.000 0.349 0.558 0.069 0.981 0.000 0.320 0.000 0.042 0.000 1.417 0.000 0.000 0.000 0.001 0.000 2.630 
0 test1dax_consistent right_hidden
0.000 0.000 0.175 3.286 3.035 0.000 0.000 0.299 0.000 3.882 0.000 0.000 1.947 1.459 0.000 2.841 0.000 0.000 0.191 2.829 
---
1 test1dax_inconsistent left_hidden
0.000 0.000 0.839 0.000 0.349 0.558 0.069 0.981 0.000 0.320 0.000 0.042 0.000 1.417 0.000 0.000 0.000 0.001 0.000 2.630 
1 test1dax_inconsistent right_hidden
0.000 0.000 0.006 0.986 1.778 0.000 0.067 1.111 0.000 1.324 0.000 0.000 1.318 0.027 0.000 1.538 0.000 0.000 0.011 0.686 
---
0 test1dax_consistent left_hidden
0.000 2.244 0.000 0.000 0.002 0.367 0.120 0.641 0.037 1.955 0.000 0.000 1.590 0.000 0.893 0.000 0.000 0.000 0.010 0.839 
0 test1dax_consistent right_hidden
1.308 0.000 0.000 0.000 1.485 0.000 2.779 1.880 0.000 0.408 0.000 0.000 4.557 0.684 0.000 0.000 0.899 0.292 1.189 0.000 
---
1 test1dax_inconsistent left_hidden
0.000 2.244 0.000 0.000 0.002 0.367 0.120 0.641 0.037 1.955 0.000 0.000 1.590 0.000 0.893 0.000 0.000 0.000 0.010 0.839 
1 test1dax_inconsistent right_hidden
1.036 0.319 0.000 0.000 0.000 0.044 1.552 0.310 0.000 0.000 0.446 0.000 1.055 0.000 0.090 0.149 0.195 0.000 0.189 0.000 
---
0 test1dax_consistent left_hidden
0.000 0.000 0.000 0.713 0.000 1.473 1.148 0.000 2.453 0.206 0.000 0.026 0.100 0.000 1.272 0.459 0.651 0.000 0.168 0.066 
0 test1dax_consistent right_hidden
0.000 0.000 1.276 2.164 1.367 0.000 0.025 0.770 2.108 0.000 0.000 4.178 0.767 0.000 0.000 3.077 0.000 0.896 0.100 0.066 
---
1 test1dax_inconsistent left_hidden
0.000 0.000 0.000 0.713 0.000 1.473 1.148 0.000 2.453 0.206 0.000 0.026 0.100 0.000 1.272 0.459 0.651 0.000 0.168 0.066 
1 test1dax_inconsistent right_hidden
0.076 0.000 0.825 0.925 0.223 0.000 0.252 0.374 1.415 0.000 0.000 0.901 0.473 0.000 0.000 0.738 0.280 0.150 0.322 0.325 
---
0 test1dax_consistent left_hidden
0.000 0.000 0.787 0.000 0.190 0.000 0.000 0.000 2.024 0.005 0.921 1.267 0.488 0.210 0.000 0.000 0.000 1.230 0.000 0.000 
0 test1dax_consistent right_hidden
0.032 1.954 2.691 0.000 0.000 0.000 0.647 0.000 1.909 0.893 1.279 0.241 0.000 4.851 0.992 0.189 0.000 0.000 2.384 0.000 
---
1 test1dax_inconsistent left_hidden
0.000 0.000 0.787 0.000 0.190 0.000 0.000 0.000 2.024 0.005 0.921 1.267 0.488 0.210 0.000 0.000 0.000 1.230 0.000 0.000 
1 test1dax_inconsistent right_hidden
0.194 0.894 0.917 0.000 0.000 0.049 0.279 0.000 0.253 0.613 0.369 1.235 0.118 1.794 0.000 0.000 0.000 0.000 0.601 0.000 
---
0 test1dax_consistent left_hidden
2.081 0.000 0.000 0.000 0.218 0.000 0.000 0.000 0.000 1.318 0.000 0.000 0.723 0.000 0.000 0.122 1.387 0.001 0.876 0.119 
0 test1dax_consistent right_hidden
0.525 0.104 0.000 0.000 0.000 0.000 0.000 0.000 0.434 0.000 0.000 0.527 0.000 0.000 0.000 1.424 5.286 0.000 2.565 2.193 
---
1 test1dax_inconsistent left_hidden
2.081 0.000 0.000 0.000 0.218 0.000 0.000 0.000 0.000 1.318 0.000 0.000 0.723 0.000 0.000 0.122 1.387 0.001 0.876 0.119 
1 test1dax_inconsistent right_hidden
0.711 0.117 0.000 0.000 0.000 0.074 0.000 0.434 0.570 0.374 0.000 0.000 0.000 0.048 0.156 0.992 1.478 0.107 0.123 0.574 
---
0 test1dax_consistent left_hidden
0.000 0.301 0.000 2.111 0.013 1.028 0.389 0.000 0.175 1.205 0.000 0.000 0.501 0.000 0.000 0.000 0.000 0.000 1.726 0.324 
0 test1dax_consistent right_hidden
0.000 0.000 0.000 5.017 0.252 0.000 0.000 1.460 2.274 0.965 0.000 2.417 0.358 0.961 0.000 0.000 0.000 0.156 0.000 0.000 
---
1 test1dax_inconsistent left_hidden
0.000 0.301 0.000 2.111 0.013 1.028 0.389 0.000 0.175 1.205 0.000 0.000 0.501 0.000 0.000 0.000 0.000 0.000 1.726 0.324 
1 test1dax_inconsistent right_hidden
0.536 0.000 0.032 1.145 0.155 0.052 0.000 0.847 0.446 0.000 0.000 0.876 0.567 0.543 0.000 0.000 0.000 0.769 0.000 0.763 
---
0 test1dax_consistent left_hidden
0.000 0.037 0.000 0.000 1.070 0.023 0.000 2.401 0.000 0.010 0.924 0.000 0.267 0.274 0.000 0.118 1.588 0.000 0.000 0.000 
0 test1dax_consistent right_hidden
1.708 1.524 0.000 0.000 6.166 0.000 1.143 2.767 0.623 0.744 0.000 0.000 0.000 0.000 0.000 0.020 0.000 0.000 0.000 0.000 
---
1 test1dax_inconsistent left_hidden
0.000 0.037 0.000 0.000 1.070 0.023 0.000 2.401 0.000 0.010 0.924 0.000 0.267 0.274 0.000 0.118 1.588 0.000 0.000 0.000 
1 test1dax_inconsistent right_hidden
1.194 0.783 0.000 0.193 1.509 0.000 0.414 1.619 0.868 0.079 0.000 0.000 0.000 0.000 0.000 0.032 0.000 0.000 0.639 0.000 
---
0 test1dax_consistent left_hidden
1.150 1.082 0.000 0.000 0.000 2.313 0.000 0.000 0.192 0.000 0.000 0.126 0.225 1.593 0.000 1.317 0.041 0.012 0.000 0.680 
0 test1dax_consistent right_hidden
2.062 0.000 0.000 0.640 0.000 2.000 0.000 4.546 0.000 0.000 0.000 3.870 0.537 0.368 0.325 1.108 0.023 0.000 0.000 1.807 
---
1 test1dax_inconsistent left_hidden
1.150 1.082 0.000 0.000 0.000 2.313 0.000 0.000 0.192 0.000 0.000 0.126 0.225 1.593 0.000 1.317 0.041 0.012 0.000 0.680 
1 test1dax_inconsistent right_hidden
1.040 0.000 0.000 0.108 0.000 0.911 0.000 0.939 0.295 0.000 0.000 1.475 0.651 1.082 0.000 0.921 0.000 0.000 0.000 0.231 
---
0 test1dax_consistent left_hidden
0.402 1.189 1.329 0.000 0.000 0.328 1.264 0.000 0.000 1.175 0.000 0.879 1.379 0.012 0.348 1.310 0.000 0.000 0.000 0.124 
0 test1dax_consistent right_hidden
0.072 1.763 2.448 1.296 0.000 1.020 0.777 0.000 0.000 2.879 0.000 3.332 2.133 0.000 0.177 2.823 0.000 0.000 2.557 0.000 
---
1 test1dax_inconsistent left_hidden
0.402 1.189 1.329 0.000 0.000 0.328 1.264 0.000 0.000 1.175 0.000 0.879 1.379 0.012 0.348 1.310 0.000 0.000 0.000 0.124 
1 test1dax_inconsistent right_hidden
0.467 0.398 0.970 0.887 0.000 0.231 0.127 0.033 0.202 0.843 0.000 1.098 0.855 0.342 0.908 0.557 0.756 0.000 1.021 0.000 
---
0 test1dax_consistent left_hidden
0.161 0.000 1.440 0.353 0.000 0.952 0.000 0.256 1.903 0.000 0.000 0.202 0.000 0.000 0.534 0.000 1.273 0.474 1.030 0.000 
0 test1dax_consistent right_hidden
0.000 0.000 2.786 1.425 0.000 0.436 0.000 3.210 3.751 0.000 0.000 2.851 0.000 0.698 0.000 0.000 0.000 1.696 0.000 0.000 
---
1 test1dax_inconsistent left_hidden
0.161 0.000 1.440 0.353 0.000 0.952 0.000 0.256 1.903 0.000 0.000 0.202 0.000 0.000 0.534 0.000 1.273 0.474 1.030 0.000 
1 test1dax_inconsistent right_hidden
0.000 0.000 0.672 1.285 0.000 0.152 0.000 1.359 1.225 0.223 0.000 0.498 0.000 0.282 0.235 0.000 0.000 0.261 0.676 0.000 
---
0 test1dax_consistent left_hidden
0.000 0.060 0.000 0.000 1.159 0.312 0.000 0.000 0.000 2.872 0.072 0.000 0.000 0.000 0.000 0.003 0.000 0.000 0.508 0.563 
0 test1dax_consistent right_hidden
0.000 2.178 0.000 0.000 3.060 0.513 1.212 1.547 0.000 0.000 0.307 0.000 0.587 4.172 0.000 0.000 0.000 0.736 3.976 0.000 
---
1 test1dax_inconsistent left_hidden
0.000 0.060 0.000 0.000 1.159 0.312 0.000 0.000 0.000 2.872 0.072 0.000 0.000 0.000 0.000 0.003 0.000 0.000 0.508 0.563 
1 test1dax_inconsistent right_hidden
0.000 0.643 0.000 0.396 1.321 0.075 0.131 1.104 0.000 0.420 0.006 0.000 0.380 1.053 0.000 0.000 0.000 0.363 1.210 0.512 
---
0 test1dax_consistent left_hidden
0.873 0.000 0.751 0.521 0.662 0.096 0.515 0.870 0.000 0.493 0.106 2.069 0.115 0.000 0.881 0.012 0.382 0.206 0.856 0.000 
0 test1dax_consistent right_hidden
3.280 0.000 0.000 0.000 0.337 0.000 2.121 1.319 0.000 0.000 2.090 2.549 0.000 0.000 0.000 0.000 0.346 0.358 3.146 2.014 
---
1 test1dax_inconsistent left_hidden
0.873 0.000 0.751 0.521 0.662 0.096 0.515 0.870 0.000 0.493 0.106 2.069 0.115 0.000 0.881 0.012 0.382 0.206 0.856 0.000 
1 test1dax_inconsistent right_hidden
0.420 0.305 0.124 0.096 0.000 0.027 1.304 0.000 0.424 0.110 0.920 0.478 0.529 0.005 0.000 0.001 0.371 0.085 0.935 0.239 
---
0 test1dax_consistent left_hidden
1.694 0.016 0.000 0.000 0.253 0.447 1.718 0.000 0.000 0.294 1.047 0.199 0.020 1.008 0.000 0.547 0.000 0.084 0.000 0.549 
0 test1dax_consistent right_hidden
0.000 0.000 0.000 0.000 0.000 0.019 1.229 0.361 0.139 1.772 1.671 0.000 3.350 0.000 0.000 2.003 0.000 2.171 0.000 2.677 
---
1 test1dax_inconsistent left_hidden
1.694 0.016 0.000 0.000 0.253 0.447 1.718 0.000 0.000 0.294 1.047 0.199 0.020 1.008 0.000 0.547 0.000 0.084 0.000 0.549 
1 test1dax_inconsistent right_hidden
0.000 0.000 0.000 0.000 0.295 0.000 0.090 0.441 0.491 0.103 1.598 0.036 0.872 0.093 0.072 0.255 0.009 0.494 0.000 0.775 
---
0 test1dax_consistent left_hidden
0.438 1.317 0.301 0.589 0.000 0.328 0.000 0.000 1.257 0.659 0.514 0.000 0.323 0.000 0.421 1.503 0.000 0.000 1.048 0.542 
0 test1dax_consistent right_hidden
2.041 0.186 0.000 0.054 2.553 1.201 0.000 0.219 3.334 4.848 0.000 0.000 0.000 0.000 0.000 2.510 0.000 1.030 1.556 0.000 
---
1 test1dax_inconsistent left_hidden
0.438 1.317 0.301 0.589 0.000 0.328 0.000 0.000 1.257 0.659 0.514 0.000 0.323 0.000 0.421 1.503 0.000 0.000 1.048 0.542 
1 test1dax_inconsistent right_hidden
0.814 0.469 0.000 0.002 0.648 0.578 0.000 0.000 1.725 1.228 0.000 0.161 0.084 0.043 0.038 1.071 0.000 0.275 1.613 0.000 
---
0 test1dax_consistent left_hidden
0.000 0.000 0.000 0.000 0.000 0.769 1.902 0.000 0.134 0.000 0.879 0.000 0.138 0.396 0.000 0.000 0.000 0.473 0.722 1.640 
0 test1dax_consistent right_hidden
0.000 0.000 2.367 0.000 1.752 3.175 0.000 0.847 1.257 1.683 0.000 3.149 2.599 2.454 0.000 0.943 0.000 0.872 0.791 0.221 
---
1 test1dax_inconsistent left_hidden
0.000 0.000 0.000 0.000 0.000 0.769 1.902 0.000 0.134 0.000 0.879 0.000 0.138 0.396 0.000 0.000 0.000 0.473 0.722 1.640 
1 test1dax_inconsistent right_hidden
0.000 0.438 0.867 0.054 0.300 0.655 0.753 0.458 0.269 0.715 0.000 0.783 0.790 0.528 0.000 0.125 0.000 0.435 1.198 0.000 
---
0 test1dax_consistent left_hidden
0.562 0.000 0.262 0.000 0.000 0.000 0.000 0.724 1.188 0.093 0.000 0.000 1.308 0.073 0.562 1.271 0.401 0.101 1.550 0.007 
0 test1dax_consistent right_hidden
0.000 0.000 0.543 0.803 0.000 0.000 0.000 0.022 0.000 1.392 2.742 0.000 5.633 0.101 1.175 0.000 1.101 0.715 0.000 0.896 
---
1 test1dax_inconsistent left_hidden
0.562 0.000 0.262 0.000 0.000 0.000 0.000 0.724 1.188 0.093 0.000 0.000 1.308 0.073 0.562 1.271 0.401 0.101 1.550 0.007 
1 test1dax_inconsistent right_hidden
0.067 0.061 0.033 0.930 0.000 0.000 0.000 0.000 0.000 0.350 1.184 0.000 1.459 0.535 0.000 0.351 0.684 0.431 0.525 0.959 
---
0 test1dax_consistent left_hidden
0.000 0.000 0.000 0.000 0.136 0.015 0.000 0.836 0.000 1.424 0.830 0.000 0.000 0.422 1.617 0.535 0.642 0.077 0.000 1.390 
0 test1dax_consistent right_hidden
0.000 0.000 0.000 0.000 1.808 1.757 0.000 1.201 0.000 5.384 1.169 0.000 0.375 0.000 1.117 0.000 0.064 0.291 0.000 0.671 
---
1 test1dax_inconsistent left_hidden
0.000 0.000 0.000 0.000 0.136 0.015 0.000 0.836 0.000 1.424 0.830 0.000 0.000 0.422 1.617 0.535 0.642 0.077 0.000 1.390 
1 test1dax_inconsistent right_hidden
0.000 0.116 0.000 0.000 0.105 0.984 0.485 0.000 0.000 1.324 1.248 0.000 0.655 0.000 1.240 0.075 0.295 0.000 0.000 0.000 
---
0 test1dax_consistent left_hidden
0.010 1.168 0.000 0.721 0.000 1.637 0.509 0.000 0.311 0.895 0.066 0.093 0.137 1.230 0.168 0.705 1.126 1.114 0.683 0.043 
0 test1dax_consistent right_hidden
0.000 1.567 0.707 0.092 0.000 1.278 3.371 0.000 2.351 0.000 2.558 2.056 0.000 0.931 0.044 0.000 1.822 0.978 2.618 0.000 
---
1 test1dax_inconsistent left_hidden
0.010 1.168 0.000 0.721 0.000 1.637 0.509 0.000 0.311 0.895 0.066 0.093 0.137 1.230 0.168 0.705 1.126 1.114 0.683 0.043 
1 test1dax_inconsistent right_hidden
0.169 0.174 0.435 0.233 0.000 0.553 0.313 0.007 0.390 0.529 0.897 0.619 0.000 0.932 0.344 0.000 0.616 0.995 0.911 0.096 
---
0 test1dax_consistent left_hidden
0.051 0.000 0.000 0.190 1.290 0.280 2.577 0.036 0.000 0.155 0.298 0.000 0.000 0.000 0.082 0.000 0.000 1.014 0.000 1.125 
0 test1dax_consistent right_hidden
0.000 1.005 0.000 0.000 5.527 0.000 0.000 0.000 0.704 2.268 0.982 1.147 0.000 0.729 0.000 0.000 0.000 0.000 1.416 1.412 
---
1 test1dax_inconsistent left_hidden
0.051 0.000 0.000 0.190 1.290 0.280 2.577 0.036 0.000 0.155 0.298 0.000 0.000 0.000 0.082 0.000 0.000 1.014 0.000 1.125 
1 test1dax_inconsistent right_hidden
0.149 0.000 0.000 0.138 1.828 0.000 0.141 0.703 0.614 0.192 0.636 0.000 0.000 0.706 0.000 0.000 0.586 0.000 0.000 1.296 
---
0 test1dax_consistent left_hidden
0.124 0.324 0.281 0.000 0.446 0.843 0.000 0.870 1.013 0.879 0.000 0.727 1.311 0.797 0.000 1.538 0.612 0.000 0.711 0.738 
0 test1dax_consistent right_hidden
0.000 0.000 0.265 0.000 3.595 0.000 2.573 0.000 0.000 0.690 3.005 3.711 0.627 0.000 0.000 0.000 0.000 0.000 0.000 2.799 
---
1 test1dax_inconsistent left_hidden
0.124 0.324 0.281 0.000 0.446 0.843 0.000 0.870 1.013 0.879 0.000 0.727 1.311 0.797 0.000 1.538 0.612 0.000 0.711 0.738 
1 test1dax_inconsistent right_hidden
0.645 0.082 0.000 0.000 0.661 0.497 1.429 0.761 0.174 0.449 1.140 1.208 1.152 0.490 0.000 0.000 0.047 0.217 0.000 0.615 
---
0 test1dax_consistent left_hidden
0.000 0.000 0.000 0.731 0.320 0.000 0.072 0.000 0.679 0.488 0.000 0.000 0.000 0.568 1.162 0.000 1.451 0.313 1.530 1.192 
0 test1dax_consistent right_hidden
0.898 0.000 0.000 0.000 1.190 0.729 0.000 0.000 0.000 0.000 0.654 0.000 2.479 4.447 2.354 0.000 2.994 0.000 0.849 3.387 
---
1 test1dax_inconsistent left_hidden
0.000 0.000 0.000 0.731 0.320 0.000 0.072 0.000 0.679 0.488 0.000 0.000 0.000 0.568 1.162 0.000 1.451 0.313 1.530 1.192 
1 test1dax_inconsistent right_hidden
0.599 0.000 0.000 0.000 0.218 0.559 0.000 0.000 0.000 0.000 0.742 0.000 1.308 1.809 1.031 0.000 0.237 1.093 0.451 1.299 
---
0 test1dax_consistent left_hidden
0.753 0.922 0.000 1.514 0.376 0.998 0.143 0.000 0.485 0.000 0.000 0.000 0.000 1.213 0.513 1.374 0.983 0.294 1.001 0.353 
0 test1dax_consistent right_hidden
0.596 2.746 1.690 0.000 1.785 0.000 0.000 0.000 2.980 0.000 0.000 2.353 0.000 0.000 0.844 0.000 3.343 0.000 0.000 2.055 
---
1 test1dax_inconsistent left_hidden
0.753 0.922 0.000 1.514 0.376 0.998 0.143 0.000 0.485 0.000 0.000 0.000 0.000 1.213 0.513 1.374 0.983 0.294 1.001 0.353 
1 test1dax_inconsistent right_hidden
0.000 0.535 0.960 0.424 0.920 0.000 0.495 0.000 1.018 0.000 0.000 0.363 0.000 0.206 0.864 0.700 0.973 0.000 0.000 0.811 
---
0 test1dax_consistent left_hidden
0.591 0.000 0.737 1.309 0.173 0.658 0.466 0.167 0.000 0.000 0.286 1.300 1.683 0.000 0.000 0.000 0.000 0.000 0.825 1.350 
0 test1dax_consistent right_hidden
0.000 0.000 4.397 4.477 0.000 1.377 0.024 0.145 0.000 0.379 0.401 0.000 0.000 0.000 0.000 0.000 1.494 0.000 0.000 0.000 
---
1 test1dax_inconsistent left_hidden
0.591 0.000 0.737 1.309 0.173 0.658 0.466 0.167 0.000 0.000 0.286 1.300 1.683 0.000 0.000 0.000 0.000 0.000 0.825 1.350 
1 test1dax_inconsistent right_hidden
0.000 0.000 1.432 1.175 0.292 1.694 0.000 0.231 0.432 0.000 0.000 0.252 0.140 0.000 0.000 0.000 0.000 0.000 0.011 0.000 
---
0 test1dax_consistent left_hidden
1.115 0.414 1.603 0.000 0.394 0.000 1.117 0.103 0.000 0.233 0.155 0.000 0.000 0.000 0.718 0.592 1.036 0.551 1.128 0.557 
0 test1dax_consistent right_hidden
0.211 0.151 0.882 0.000 2.049 0.937 2.501 0.000 0.000 0.000 0.073 0.000 2.382 2.252 1.587 3.586 0.000 0.583 0.042 0.000 
---
1 test1dax_inconsistent left_hidden
1.115 0.414 1.603 0.000 0.394 0.000 1.117 0.103 0.000 0.233 0.155 0.000 0.000 0.000 0.718 0.592 1.036 0.551 1.128 0.557 
1 test1dax_inconsistent right_hidden
0.766 0.420 0.797 0.000 0.607 0.447 0.339 0.000 0.000 0.000 0.003 0.010 0.557 1.625 0.978 1.081 0.044 0.242 0.000 0.329 
---
0 test1dax_consistent left_hidden
0.816 0.863 0.000 2.174 0.000 0.556 1.024 0.120 0.920 0.000 0.787 0.000 0.000 0.000 0.182 0.775 0.000 0.000 0.000 0.000 
0 test1dax_consistent right_hidden
0.218 0.226 0.000 0.191 2.869 0.000 0.000 0.000 1.980 0.000 4.368 0.208 0.000 0.000 0.000 0.108 0.000 0.072 4.129 0.000 
---
1 test1dax_inconsistent left_hidden
0.816 0.863 0.000 2.174 0.000 0.556 1.024 0.120 0.920 0.000 0.787 0.000 0.000 0.000 0.182 0.775 0.000 0.000 0.000 0.000 
1 test1dax_inconsistent right_hidden
0.137 0.000 0.000 0.941 0.407 0.000 0.000 0.079 1.390 0.000 1.144 0.401 0.000 0.161 0.000 0.192 0.000 0.177 1.854 0.000 
---
0 test1dax_consistent left_hidden
0.000 0.159 0.000 0.420 0.479 0.000 0.623 0.000 1.686 0.000 0.000 1.272 0.000 0.099 1.421 0.465 0.000 1.594 0.000 0.000 
0 test1dax_consistent right_hidden
0.000 2.043 0.358 0.000 3.129 0.017 2.067 0.498 0.000 3.306 0.218 0.000 0.709 0.000 0.596 0.000 0.000 5.071 0.000 0.000 
---
1 test1dax_inconsistent left_hidden
0.000 0.159 0.000 0.420 0.479 0.000 0.623 0.000 1.686 0.000 0.000 1.272 0.000 0.099 1.421 0.465 0.000 1.594 0.000 0.000 
1 test1dax_inconsistent right_hidden
0.000 0.590 0.068 0.000 1.027 0.232 0.372 0.800 0.010 0.845 0.983 0.000 0.863 0.000 0.831 0.017 0.000 1.816 0.000 0.000 
---
0 test1dax_consistent left_hidden
1.399 0.160 0.414 2.225 0.000 0.000 0.109 0.000 0.154 0.769 1.127 0.535 0.000 0.000 0.000 0.000 0.822 0.000 1.005 0.075 
0 test1dax_consistent right_hidden
1.902 0.000 0.000 0.000 0.000 0.981 3.959 0.000 0.959 1.247 2.656 0.017 0.000 1.091 0.000 0.000 3.121 0.000 0.000 0.234 
---
1 test1dax_inconsistent left_hidden
1.399 0.160 0.414 2.225 0.000 0.000 0.109 0.000 0.154 0.769 1.127 0.535 0.000 0.000 0.000 0.000 0.822 0.000 1.005 0.075 
1 test1dax_inconsistent right_hidden
0.712 0.000 0.000 0.292 0.385 0.289 1.008 0.000 1.133 1.326 0.000 0.226 0.000 0.000 0.000 0.155 1.153 0.000 0.394 0.000 
---
0 test1dax_consistent left_hidden
0.000 0.204 0.000 0.144 0.358 0.061 0.046 0.054 0.280 0.000 1.743 0.153 0.000 0.000 0.357 0.468 1.723 0.798 0.106 0.000 
0 test1dax_consistent right_hidden
1.121 0.000 0.850 1.359 3.555 2.001 2.347 0.000 0.000 0.000 0.951 3.339 1.757 0.567 0.000 1.640 0.022 2.372 0.000 0.000 
---
1 test1dax_inconsistent left_hidden
0.000 0.204 0.000 0.144 0.358 0.061 0.046 0.054 0.280 0.000 1.743 0.153 0.000 0.000 0.357 0.468 1.723 0.798 0.106 0.000 
1 test1dax_inconsistent right_hidden
0.305 0.000 0.275 0.263 1.187 1.159 0.866 0.284 0.399 0.000 0.446 0.378 0.417 0.653 0.000 0.000 0.670 0.727 0.071 0.003 
---
0 test1dax_consistent left_hidden
0.000 0.401 0.000 1.026 0.192 0.322 0.311 0.195 0.000 1.352 0.308 0.657 0.925 0.884 0.000 0.000 1.553 1.435 0.565 0.000 
0 test1dax_consistent right_hidden
0.803 2.089 1.099 0.029 3.606 2.921 2.530 0.651 0.000 0.000 0.000 0.833 1.913 0.000 0.000 0.000 1.636 0.000 0.000 0.000 
---
1 test1dax_inconsistent left_hidden
0.000 0.401 0.000 1.026 0.192 0.322 0.311 0.195 0.000 1.352 0.308 0.657 0.925 0.884 0.000 0.000 1.553 1.435 0.565 0.000 
1 test1dax_inconsistent right_hidden
0.491 1.375 0.043 0.473 0.432 0.825 1.170 0.552 0.000 0.113 0.105 0.527 0.078 0.161 0.109 0.000 0.341 0.442 0.387 0.000 
---
0 test1dax_consistent left_hidden
0.000 0.000 1.716 0.000 0.631 0.000 0.153 0.809 0.919 1.305 0.000 0.231 0.000 0.402 0.257 0.000 0.684 0.000 0.000 1.474 
0 test1dax_consistent right_hidden
1.363 0.000 0.382 0.000 0.058 0.824 4.664 0.000 0.084 1.724 0.000 1.668 2.934 1.391 1.339 0.000 0.000 0.040 1.611 1.315 
---
1 test1dax_inconsistent left_hidden
0.000 0.000 1.716 0.000 0.631 0.000 0.153 0.809 0.919 1.305 0.000 0.231 0.000 0.402 0.257 0.000 0.684 0.000 0.000 1.474 
1 test1dax_inconsistent right_hidden
0.804 0.000 0.889 0.060 0.239 0.637 1.171 0.000 0.039 0.000 0.000 0.996 0.867 0.226 0.892 0.135 0.000 0.054 0.080 0.003 
---
0 test1dax_consistent left_hidden
0.196 0.218 0.266 0.061 0.567 1.005 0.129 0.000 0.000 1.579 0.033 0.000 0.497 0.850 0.785 0.649 0.508 0.000 1.559 0.053 
0 test1dax_consistent right_hidden
0.000 3.848 0.000 0.000 2.529 0.000 0.000 0.000 0.000 0.719 0.000 0.000 2.727 1.804 0.000 2.234 1.925 0.000 1.996 0.000 
---
1 test1dax_inconsistent left_hidden
0.196 0.218 0.266 0.061 0.567 1.005 0.129 0.000 0.000 1.579 0.033 0.000 0.497 0.850 0.785 0.649 0.508 0.000 1.559 0.053 
1 test1dax_inconsistent right_hidden
0.104 1.511 0.519 0.000 0.096 0.562 0.172 0.000 0.000 0.000 0.000 0.000 0.625 0.353 0.000 1.033 1.457 0.512 0.385 0.332 
---
0 test1dax_consistent left_hidden
0.081 1.352 0.000 0.181 0.000 1.354 1.070 0.744 0.000 0.000 0.000 0.000 1.301 0.000 1.080 1.445 0.000 0.150 0.678 1.593 
0 test1dax_consistent right_hidden
0.000 5.768 0.000 0.000 0.040 0.567 1.145 0.935 0.000 1.285 0.005 0.000 2.018 0.000 0.158 0.142 0.990 0.000 1.494 0.849 
---
1 test1dax_inconsistent left_hidden
0.081 1.352 0.000 0.181 0.000 1.354 1.070 0.744 0.000 0.000 0.000 0.000 1.301 0.000 1.080 1.445 0.000 0.150 0.678 1.593 
1 test1dax_inconsistent right_hidden
0.000 1.484 0.000 0.000 0.339 0.713 0.955 0.950 0.000 0.481 0.317 0.000 0.540 0.000 0.000 0.479 1.005 0.000 0.858 0.203 
---
0 test1dax_consistent left_hidden
0.000 0.626 0.000 0.000 1.817 0.791 1.259 0.216 0.088 0.000 0.000 0.058 0.000 0.103 0.605 0.286 0.445 1.044 0.018 0.138 
0 test1dax_consistent right_hidden
0.000 2.202 0.000 0.293 2.245 1.652 0.747 1.030 0.000 0.708 0.000 0.045 2.715 1.862 2.903 2.408 0.000 0.000 1.818 2.570 
---
1 test1dax_inconsistent left_hidden
0.000 0.626 0.000 0.000 1.817 0.791 1.259 0.216 0.088 0.000 0.000 0.058 0.000 0.103 0.605 0.286 0.445 1.044 0.018 0.138 
1 test1dax_inconsistent right_hidden
0.000 0.451 0.000 0.354 0.060 0.254 0.255 0.762 0.000 0.323 0.000 0.318 0.580 1.081 0.825 0.599 0.000 0.000 0.529 1.685 
---
0 test1dax_consistent left_hidden
0.000 0.076 0.000 0.013 1.873 1.238 0.411 0.000 0.000 1.377 1.035 0.159 0.378 1.620 0.008 0.182 0.042 0.000 0.000 0.027 
0 test1dax_consistent right_hidden
0.000 3.530 0.000 1.881 1.630 4.375 2.590 0.000 0.000 0.000 0.946 0.000 0.695 2.979 0.000 0.000 0.000 0.000 0.000 0.000 
---
1 test1dax_inconsistent left_hidden
0.000 0.076 0.000 0.013 1.873 1.238 0.411 0.000 0.000 1.377 1.035 0.159 0.378 1.620 0.008 0.182 0.042 0.000 0.000 0.027 
1 test1dax_inconsistent right_hidden
0.000 1.334 0.000 0.268 0.976 1.198 1.235 0.000 0.000 0.234 1.205 0.000 0.742 0.479 0.015 0.000 0.000 0.108 0.000 0.000 
---
0 test1dax_consistent left_hidden
0.602 1.182 1.300 0.000 0.000 0.034 0.183 0.713 1.610 0.353 0.032 0.837 0.000 0.531 0.499 0.000 0.947 0.000 0.000 0.774 
0 test1dax_consistent right_hidden
0.589 0.211 3.219 0.333 0.000 0.060 0.000 6.237 1.086 0.000 0.000 0.000 0.000 1.931 0.185 0.000 0.094 0.000 0.758 0.030 
---
1 test1dax_inconsistent left_hidden
0.602 1.182 1.300 0.000 0.000 0.034 0.183 0.713 1.610 0.353 0.032 0.837 0.000 0.531 0.499 0.000 0.947 0.000 0.000 0.774 
1 test1dax_inconsistent right_hidden
1.297 0.000 1.277 0.554 0.000 0.053 0.000 1.908 0.134 0.000 0.009 0.000 0.286 0.672 0.753 0.190 0.654 0.000 0.000 0.103 
---
0 test1dax_consistent left_hidden
0.000 0.105 0.000 0.294 0.000 1.194 0.114 1.799 0.000 0.050 0.679 0.000 2.045 0.000 0.000 0.000 1.178 0.000 0.000 0.000 
0 test1dax_consistent right_hidden
0.000 4.180 0.000 0.000 0.000 1.003 0.968 0.145 0.000 3.666 0.000 0.000 0.000 0.000 0.000 0.000 1.474 0.959 4.180 0.000 
---
1 test1dax_inconsistent left_hidden
0.000 0.105 0.000 0.294 0.000 1.194 0.114 1.799 0.000 0.050 0.679 0.000 2.045 0.000 0.000 0.000 1.178 0.000 0.000 0.000 
1 test1dax_inconsistent right_hidden
0.000 0.950 0.000 0.091 0.000 0.199 0.803 0.549 0.000 0.925 0.000 0.000 0.000 0.000 0.264 0.000 1.567 0.874 2.133 0.000 
---
0 test1dax_consistent left_hidden
0.623 0.539 1.450 0.439 1.885 0.591 0.000 0.000 0.122 0.000 0.000 0.000 0.434 0.304 0.006 0.989 0.000 0.329 1.299 0.539 
0 test1dax_consistent right_hidden
0.673 2.534 0.000 1.846 0.749 0.754 0.256 0.000 0.000 0.000 1.694 0.000 4.692 0.000 0.010 0.000 0.000 2.319 1.235 0.000 
---
1 test1dax_inconsistent left_hidden
0.623 0.539 1.450 0.439 1.885 0.591 0.000 0.000 0.122 0.000 0.000 0.000 0.434 0.304 0.006 0.989 0.000 0.329 1.299 0.539 
1 test1dax_inconsistent right_hidden
0.702 1.495 0.057 0.725 0.587 0.901 0.000 0.000 0.183 0.000 0.192 0.000 0.982 0.454 0.000 0.494 0.000 1.288 0.115 0.060 
---
0 test1dax_consistent left_hidden
0.000 0.137 2.465 0.502 0.340 0.000 0.000 0.631 1.941 0.000 0.020 0.675 0.000 0.353 0.000 0.000 0.000 0.000 0.000 0.000 
0 test1dax_consistent right_hidden
0.000 0.395 4.361 2.902 3.409 0.000 0.000 1.895 0.000 0.000 3.625 2.676 0.000 0.125 0.000 1.765 0.000 0.000 0.000 0.000 
---
1 test1dax_inconsistent left_hidden
0.000 0.137 2.465 0.502 0.340 0.000 0.000 0.631 1.941 0.000 0.020 0.675 0.000 0.353 0.000 0.000 0.000 0.000 0.000 0.000 
1 test1dax_inconsistent right_hidden
0.000 0.771 2.401 0.869 1.349 0.000 0.000 1.169 0.000 0.038 0.535 1.028 0.000 0.300 0.000 0.790 0.000 0.000 0.000 0.000 
---
0 test1dax_consistent left_hidden
0.486 0.427 0.414 0.224 0.212 1.359 0.128 0.862 0.059 0.000 0.000 0.000 0.000 0.933 0.067 2.164 0.000 0.867 0.188 0.000 
0 test1dax_consistent right_hidden
0.037 2.485 0.000 0.016 0.917 0.428 0.000 0.000 4.110 2.921 3.185 0.000 1.251 0.067 0.000 0.496 0.000 0.000 0.000 0.000 
---
1 test1dax_inconsistent left_hidden
0.486 0.427 0.414 0.224 0.212 1.359 0.128 0.862 0.059 0.000 0.000 0.000 0.000 0.933 0.067 2.164 0.000 0.867 0.188 0.000 
1 test1dax_inconsistent right_hidden
0.000 1.364 0.000 0.373 0.695 0.575 0.137 0.000 1.240 0.718 0.607 0.000 0.791 0.696 0.212 0.000 0.008 0.000 0.000 0.000 
---
0 test1dax_consistent left_hidden
0.000 0.000 0.000 0.000 1.278 0.329 0.000 0.000 0.784 0.075 0.298 0.085 0.000 0.156 0.000 0.000 1.970 0.575 0.961 1.561 
0 test1dax_consistent right_hidden
0.000 2.372 0.186 0.000 2.664 0.000 0.000 0.000 0.000 2.474 0.000 0.779 0.000 0.000 0.468 0.000 0.163 2.786 3.926 2.837 
---
1 test1dax_inconsistent left_hidden
0.000 0.000 0.000 0.000 1.278 0.329 0.000 0.000 0.784 0.075 0.298 0.085 0.000 0.156 0.000 0.000 1.970 0.575 0.961 1.561 
1 test1dax_inconsistent right_hidden
0.000 0.000 0.162 0.000 0.560 0.085 0.000 0.042 0.228 1.330 0.000 0.334 0.000 0.059 0.449 0.000 0.494 1.724 1.311 1.299 
---
