0 test2fip_consistent left_hidden
0.074 0.268 2.721 2.003 0.000 0.000 0.101 0.038 0.000 0.000 2.732 0.279 0.000 0.000 3.078 0.000 0.000 0.000 0.000 2.236 
0 test2fip_consistent right_hidden
0.000 0.159 0.207 1.055 1.659 0.507 0.000 1.460 0.000 0.156 1.991 0.041 0.000 0.000 1.739 0.000 0.000 1.965 1.257 0.064 
---
1 test2fip_inconsistent left_hidden
0.074 0.268 2.721 2.003 0.000 0.000 0.101 0.038 0.000 0.000 2.732 0.279 0.000 0.000 3.078 0.000 0.000 0.000 0.000 2.236 
1 test2fip_inconsistent right_hidden
0.000 0.665 2.594 3.255 0.806 0.000 0.000 0.662 0.000 0.000 2.842 0.000 0.000 0.000 3.556 0.000 0.000 1.483 1.103 1.897 
---
0 test2fip_consistent left_hidden
0.000 0.133 0.361 0.000 0.497 0.000 2.460 2.382 0.000 0.000 0.000 0.000 0.882 0.056 0.000 0.000 0.377 1.150 3.345 2.163 
0 test2fip_consistent right_hidden
0.000 0.000 0.000 0.000 0.337 1.707 0.785 0.000 0.000 2.117 0.000 0.182 0.888 3.481 0.000 0.012 0.000 0.934 0.000 0.000 
---
1 test2fip_inconsistent left_hidden
0.000 0.133 0.361 0.000 0.497 0.000 2.460 2.382 0.000 0.000 0.000 0.000 0.882 0.056 0.000 0.000 0.377 1.150 3.345 2.163 
1 test2fip_inconsistent right_hidden
0.000 0.000 0.000 0.000 1.677 0.436 3.348 0.000 0.000 0.642 0.000 0.122 0.598 3.941 0.000 0.000 0.000 1.494 3.421 0.000 
---
0 test2fip_consistent left_hidden
0.758 1.041 1.359 0.000 0.000 1.593 2.727 0.000 0.000 0.000 1.246 2.501 1.628 0.530 0.987 0.353 0.550 0.000 1.283 1.706 
0 test2fip_consistent right_hidden
0.000 2.872 0.000 0.000 0.000 1.445 0.000 0.000 0.000 0.000 1.294 0.950 0.000 0.031 0.000 0.074 1.861 0.000 0.000 0.968 
---
1 test2fip_inconsistent left_hidden
0.758 1.041 1.359 0.000 0.000 1.593 2.727 0.000 0.000 0.000 1.246 2.501 1.628 0.530 0.987 0.353 0.550 0.000 1.283 1.706 
1 test2fip_inconsistent right_hidden
0.669 2.450 1.014 0.000 0.000 1.049 2.851 0.000 0.000 0.000 2.130 3.487 1.932 0.667 0.000 1.960 1.194 0.000 0.352 0.718 
---
0 test2fip_consistent left_hidden
0.489 0.000 0.000 0.000 2.673 0.000 0.974 0.000 0.409 0.000 0.000 0.000 0.000 2.359 0.000 0.000 2.120 0.000 1.176 3.556 
0 test2fip_consistent right_hidden
0.000 0.000 0.000 0.000 0.100 1.821 1.564 0.000 0.835 0.000 0.000 0.000 0.040 0.241 0.000 0.687 2.469 2.148 1.412 0.000 
---
1 test2fip_inconsistent left_hidden
0.489 0.000 0.000 0.000 2.673 0.000 0.974 0.000 0.409 0.000 0.000 0.000 0.000 2.359 0.000 0.000 2.120 0.000 1.176 3.556 
1 test2fip_inconsistent right_hidden
0.000 0.000 0.000 0.000 2.309 0.320 0.685 0.000 0.708 0.000 0.000 0.000 0.000 2.040 0.000 0.000 2.128 1.291 4.396 0.792 
---
0 test2fip_consistent left_hidden
0.219 2.219 0.000 0.093 0.377 0.000 3.665 2.352 0.000 0.113 0.746 0.765 0.000 1.284 0.000 1.115 0.000 0.000 0.067 0.000 
0 test2fip_consistent right_hidden
0.123 0.000 0.015 0.840 1.306 0.000 0.205 0.205 0.208 0.096 0.114 0.000 0.092 2.713 0.000 1.731 0.000 0.000 1.353 0.000 
---
1 test2fip_inconsistent left_hidden
0.219 2.219 0.000 0.093 0.377 0.000 3.665 2.352 0.000 0.113 0.746 0.765 0.000 1.284 0.000 1.115 0.000 0.000 0.067 0.000 
1 test2fip_inconsistent right_hidden
2.452 2.755 0.109 0.247 1.432 0.000 1.913 1.793 0.000 0.645 0.000 0.000 0.596 3.387 0.000 1.707 0.000 0.000 1.918 0.000 
---
0 test2fip_consistent left_hidden
0.000 0.000 0.315 0.000 2.108 1.437 0.821 0.000 1.841 0.372 0.000 0.000 2.373 0.000 0.569 0.000 2.432 1.410 1.634 1.941 
0 test2fip_consistent right_hidden
0.000 0.000 0.000 0.000 0.057 0.381 3.464 0.000 0.105 2.118 0.000 0.000 0.000 0.734 1.195 0.000 0.000 0.000 0.000 1.672 
---
1 test2fip_inconsistent left_hidden
0.000 0.000 0.315 0.000 2.108 1.437 0.821 0.000 1.841 0.372 0.000 0.000 2.373 0.000 0.569 0.000 2.432 1.410 1.634 1.941 
1 test2fip_inconsistent right_hidden
0.000 0.000 0.000 0.000 1.145 0.862 4.258 0.000 1.263 0.850 0.000 0.000 2.249 0.000 0.027 0.000 1.867 1.617 1.188 2.971 
---
0 test2fip_consistent left_hidden
0.136 2.951 0.000 0.023 0.000 0.076 0.000 0.766 0.215 2.697 3.554 0.000 0.000 0.418 0.041 1.239 0.000 0.000 0.749 0.000 
0 test2fip_consistent right_hidden
0.000 1.261 4.018 0.682 0.247 0.010 0.000 0.116 0.093 1.606 0.000 0.000 0.000 0.227 0.029 0.000 1.061 0.000 0.315 0.000 
---
1 test2fip_inconsistent left_hidden
0.136 2.951 0.000 0.023 0.000 0.076 0.000 0.766 0.215 2.697 3.554 0.000 0.000 0.418 0.041 1.239 0.000 0.000 0.749 0.000 
1 test2fip_inconsistent right_hidden
0.000 4.274 2.577 0.815 0.000 0.000 0.000 0.368 0.000 3.018 2.319 0.000 0.000 0.677 0.000 1.583 0.875 0.000 1.397 0.000 
---
0 test2fip_consistent left_hidden
0.080 0.000 1.799 0.000 0.000 0.342 0.000 0.000 1.457 0.615 1.662 0.310 0.000 1.754 0.255 2.456 0.000 4.335 0.538 1.530 
0 test2fip_consistent right_hidden
0.053 0.000 0.174 1.119 1.092 0.753 0.000 0.155 0.000 0.172 0.000 0.162 0.870 0.000 2.643 0.641 0.000 1.533 2.251 0.106 
---
1 test2fip_inconsistent left_hidden
0.080 0.000 1.799 0.000 0.000 0.342 0.000 0.000 1.457 0.615 1.662 0.310 0.000 1.754 0.255 2.456 0.000 4.335 0.538 1.530 
1 test2fip_inconsistent right_hidden
0.000 0.000 0.893 0.789 0.489 1.022 0.000 0.000 2.309 0.000 0.000 0.086 0.504 0.047 1.517 2.871 0.000 4.674 0.432 1.555 
---
0 test2fip_consistent left_hidden
0.000 1.884 0.000 0.006 0.000 0.174 0.000 0.628 1.170 0.544 0.000 3.372 3.643 0.000 0.000 0.000 0.000 0.000 1.084 0.988 
0 test2fip_consistent right_hidden
0.000 1.180 0.000 2.808 0.208 0.023 0.692 0.553 0.177 1.596 0.000 0.395 0.141 1.914 0.000 1.693 0.000 0.000 0.421 0.000 
---
1 test2fip_inconsistent left_hidden
0.000 1.884 0.000 0.006 0.000 0.174 0.000 0.628 1.170 0.544 0.000 3.372 3.643 0.000 0.000 0.000 0.000 0.000 1.084 0.988 
1 test2fip_inconsistent right_hidden
0.000 2.869 0.000 3.192 0.000 0.220 0.894 0.606 1.944 0.612 0.000 1.755 3.185 1.015 0.000 0.713 1.040 0.000 1.085 0.750 
---
0 test2fip_consistent left_hidden
0.787 1.308 1.195 0.000 0.000 0.113 2.996 0.519 0.000 0.000 3.393 0.884 2.091 0.327 0.000 0.050 0.839 0.000 0.000 0.000 
0 test2fip_consistent right_hidden
0.000 3.031 0.501 0.000 1.275 0.543 0.107 1.503 0.089 1.515 0.066 0.000 0.983 0.134 0.000 0.105 0.000 0.705 0.563 0.000 
---
1 test2fip_inconsistent left_hidden
0.787 1.308 1.195 0.000 0.000 0.113 2.996 0.519 0.000 0.000 3.393 0.884 2.091 0.327 0.000 0.050 0.839 0.000 0.000 0.000 
1 test2fip_inconsistent right_hidden
0.000 2.932 1.390 0.000 0.698 0.000 3.512 0.512 0.000 0.530 3.454 0.136 2.664 0.503 0.000 0.000 0.000 0.000 0.513 0.000 
---
0 test2fip_consistent left_hidden
0.000 3.761 0.000 1.993 0.462 0.483 0.298 1.402 0.211 1.649 0.637 0.000 1.453 1.844 0.000 0.000 0.000 0.000 0.000 0.000 
0 test2fip_consistent right_hidden
1.282 0.534 1.587 1.111 0.222 0.569 1.079 0.061 1.836 1.951 0.000 0.000 0.776 1.931 0.000 0.000 1.639 0.000 0.000 0.000 
---
1 test2fip_inconsistent left_hidden
0.000 3.761 0.000 1.993 0.462 0.483 0.298 1.402 0.211 1.649 0.637 0.000 1.453 1.844 0.000 0.000 0.000 0.000 0.000 0.000 
1 test2fip_inconsistent right_hidden
0.422 4.350 1.837 3.098 0.000 1.632 0.312 0.051 0.016 1.315 0.078 0.000 2.721 2.279 0.000 0.000 0.000 0.000 0.000 0.053 
---
0 test2fip_consistent left_hidden
0.387 1.940 1.332 3.072 0.019 2.395 0.000 0.000 0.000 0.000 0.000 0.799 0.000 2.539 0.000 0.000 3.488 0.501 0.000 0.477 
0 test2fip_consistent right_hidden
0.000 0.011 0.093 1.110 0.000 0.882 1.970 2.635 0.000 0.000 0.000 0.829 0.000 0.000 0.000 0.000 1.456 0.000 0.987 1.562 
---
1 test2fip_inconsistent left_hidden
0.387 1.940 1.332 3.072 0.019 2.395 0.000 0.000 0.000 0.000 0.000 0.799 0.000 2.539 0.000 0.000 3.488 0.501 0.000 0.477 
1 test2fip_inconsistent right_hidden
0.000 0.317 0.329 1.046 0.000 2.320 0.913 2.064 0.000 0.000 0.000 2.457 0.000 2.683 0.000 0.000 4.054 0.000 0.217 0.779 
---
0 test2fip_consistent left_hidden
0.000 0.000 0.000 2.408 0.366 0.000 0.000 1.648 0.000 3.263 0.000 0.353 0.000 0.047 0.000 0.000 1.850 3.681 0.194 0.135 
0 test2fip_consistent right_hidden
0.000 0.000 1.648 0.742 0.625 0.000 0.193 0.000 0.000 0.054 0.000 0.000 0.821 1.608 0.035 2.553 2.055 0.168 0.068 0.716 
---
1 test2fip_inconsistent left_hidden
0.000 0.000 0.000 2.408 0.366 0.000 0.000 1.648 0.000 3.263 0.000 0.353 0.000 0.047 0.000 0.000 1.850 3.681 0.194 0.135 
1 test2fip_inconsistent right_hidden
0.000 0.000 1.208 3.176 0.594 0.000 0.000 0.000 0.000 2.122 0.000 0.000 0.606 1.327 0.000 0.000 3.842 3.177 0.000 0.000 
---
0 test2fip_consistent left_hidden
1.298 3.055 0.590 1.326 1.069 0.778 0.517 1.258 1.980 1.518 0.000 0.000 2.244 0.000 0.000 0.410 0.107 0.000 0.468 0.000 
0 test2fip_consistent right_hidden
0.097 0.157 0.000 0.000 0.000 0.000 0.809 0.705 0.291 1.485 0.659 0.000 0.000 0.000 2.723 0.000 1.076 0.000 0.000 0.000 
---
1 test2fip_inconsistent left_hidden
1.298 3.055 0.590 1.326 1.069 0.778 0.517 1.258 1.980 1.518 0.000 0.000 2.244 0.000 0.000 0.410 0.107 0.000 0.468 0.000 
1 test2fip_inconsistent right_hidden
2.029 2.747 0.000 0.878 1.993 0.000 0.135 1.094 1.783 1.536 0.000 0.000 1.197 0.001 1.736 0.000 0.475 0.218 0.118 0.000 
---
0 test2fip_consistent left_hidden
0.980 1.821 0.000 1.581 0.000 2.958 1.150 1.179 0.538 0.000 0.515 2.450 0.780 1.936 0.000 0.000 0.000 1.421 0.000 0.000 
0 test2fip_consistent right_hidden
1.712 0.145 0.401 0.377 0.000 1.845 0.000 0.000 1.586 0.000 2.664 0.107 0.815 0.249 0.000 0.000 0.580 0.047 0.002 0.000 
---
1 test2fip_inconsistent left_hidden
0.980 1.821 0.000 1.581 0.000 2.958 1.150 1.179 0.538 0.000 0.515 2.450 0.780 1.936 0.000 0.000 0.000 1.421 0.000 0.000 
1 test2fip_inconsistent right_hidden
2.111 3.470 0.063 2.196 0.791 3.566 0.000 0.660 1.473 0.000 2.481 1.224 0.640 1.057 0.000 0.000 0.667 0.394 0.000 0.000 
---
0 test2fip_consistent left_hidden
0.000 0.000 2.297 2.728 0.000 1.051 0.000 0.142 1.407 0.000 0.399 0.000 2.336 1.165 0.000 0.000 2.468 0.000 0.000 1.730 
0 test2fip_consistent right_hidden
0.000 1.104 0.300 0.826 1.756 0.539 0.000 0.000 0.205 0.000 0.916 2.003 0.199 1.415 0.154 1.760 0.211 0.499 0.000 0.325 
---
1 test2fip_inconsistent left_hidden
0.000 0.000 2.297 2.728 0.000 1.051 0.000 0.142 1.407 0.000 0.399 0.000 2.336 1.165 0.000 0.000 2.468 0.000 0.000 1.730 
1 test2fip_inconsistent right_hidden
0.000 1.255 2.044 3.255 1.120 1.913 0.000 0.000 1.311 0.000 0.758 2.221 0.969 2.109 0.000 0.966 2.373 0.649 0.000 1.106 
---
0 test2fip_consistent left_hidden
2.129 0.000 0.000 0.587 0.000 2.130 1.216 0.217 2.633 0.000 0.173 1.926 0.427 0.000 0.055 0.109 0.000 0.000 1.999 1.115 
0 test2fip_consistent right_hidden
0.157 0.154 0.000 0.000 2.142 0.350 0.860 0.191 0.855 0.000 0.168 2.131 1.281 0.000 0.149 1.289 0.151 0.222 0.138 0.029 
---
1 test2fip_inconsistent left_hidden
2.129 0.000 0.000 0.587 0.000 2.130 1.216 0.217 2.633 0.000 0.173 1.926 0.427 0.000 0.055 0.109 0.000 0.000 1.999 1.115 
1 test2fip_inconsistent right_hidden
2.504 0.000 0.000 1.570 1.920 1.084 1.233 0.302 2.921 0.000 0.752 1.636 2.998 0.000 0.000 1.256 0.678 0.200 2.698 0.965 
---
0 test2fip_consistent left_hidden
0.000 1.481 0.000 0.000 0.000 5.451 0.143 0.000 2.858 0.000 0.000 0.000 0.000 0.000 0.000 2.031 0.000 0.101 0.000 0.000 
0 test2fip_consistent right_hidden
0.000 0.037 0.000 0.000 1.221 0.418 0.000 0.000 0.934 4.079 0.000 0.023 0.000 0.370 0.142 0.000 0.330 0.000 0.000 0.732 
---
1 test2fip_inconsistent left_hidden
0.000 1.481 0.000 0.000 0.000 5.451 0.143 0.000 2.858 0.000 0.000 0.000 0.000 0.000 0.000 2.031 0.000 0.101 0.000 0.000 
1 test2fip_inconsistent right_hidden
0.000 2.137 0.000 0.000 1.576 3.312 0.000 0.000 3.314 3.761 0.000 0.000 0.000 0.654 0.000 1.037 0.000 0.000 0.674 0.052 
---
0 test2fip_consistent left_hidden
0.000 0.000 0.000 1.289 0.000 1.002 0.872 3.836 0.000 2.176 0.121 0.567 1.599 0.000 2.092 0.000 0.000 0.000 0.000 0.000 
0 test2fip_consistent right_hidden
0.000 0.000 0.000 0.000 2.045 0.000 0.312 1.873 0.000 0.251 2.204 2.287 0.000 0.000 0.000 0.750 0.000 1.081 0.000 0.000 
---
1 test2fip_inconsistent left_hidden
0.000 0.000 0.000 1.289 0.000 1.002 0.872 3.836 0.000 2.176 0.121 0.567 1.599 0.000 2.092 0.000 0.000 0.000 0.000 0.000 
1 test2fip_inconsistent right_hidden
0.000 0.000 0.000 2.068 0.994 0.266 1.961 4.213 0.000 1.276 1.153 1.411 1.733 0.000 2.133 0.096 0.000 0.838 0.030 0.000 
---
0 test2fip_consistent left_hidden
0.000 1.589 0.000 0.405 0.000 0.129 3.325 0.002 0.000 0.567 0.000 1.865 1.998 1.576 0.000 3.358 1.298 0.816 0.000 0.133 
0 test2fip_consistent right_hidden
0.000 0.637 0.379 1.687 0.856 0.000 0.137 1.140 0.558 1.097 2.000 0.323 1.153 1.839 0.029 0.159 0.383 0.398 0.000 0.959 
---
1 test2fip_inconsistent left_hidden
0.000 1.589 0.000 0.405 0.000 0.129 3.325 0.002 0.000 0.567 0.000 1.865 1.998 1.576 0.000 3.358 1.298 0.816 0.000 0.133 
1 test2fip_inconsistent right_hidden
0.000 0.970 0.000 1.771 0.291 0.000 3.175 0.798 0.000 0.739 0.546 1.545 0.817 3.109 0.000 2.856 1.544 0.437 0.000 0.000 
---
0 test2fip_consistent left_hidden
3.851 0.000 0.000 1.261 1.639 0.000 1.068 0.210 0.234 0.384 0.705 0.580 0.000 0.000 2.494 0.000 2.406 0.000 0.000 0.000 
0 test2fip_consistent right_hidden
1.200 0.000 0.000 0.902 0.518 0.000 2.134 0.001 0.000 0.002 0.000 1.691 0.000 3.404 0.030 0.000 0.000 0.000 0.000 0.000 
---
1 test2fip_inconsistent left_hidden
3.851 0.000 0.000 1.261 1.639 0.000 1.068 0.210 0.234 0.384 0.705 0.580 0.000 0.000 2.494 0.000 2.406 0.000 0.000 0.000 
1 test2fip_inconsistent right_hidden
3.681 0.000 0.984 0.499 1.985 0.000 3.558 0.165 0.000 0.954 0.000 1.853 0.000 2.161 2.231 0.000 2.674 0.000 0.000 0.000 
---
0 test2fip_consistent left_hidden
1.562 1.623 0.191 1.691 0.000 0.000 2.988 0.000 1.879 0.000 1.746 0.000 0.021 0.000 0.000 0.779 2.577 0.755 0.000 0.000 
0 test2fip_consistent right_hidden
0.499 0.238 0.000 0.129 0.179 1.764 1.239 2.000 1.111 1.816 0.764 0.145 0.096 0.000 0.000 0.948 0.082 0.000 0.212 0.330 
---
1 test2fip_inconsistent left_hidden
1.562 1.623 0.191 1.691 0.000 0.000 2.988 0.000 1.879 0.000 1.746 0.000 0.021 0.000 0.000 0.779 2.577 0.755 0.000 0.000 
1 test2fip_inconsistent right_hidden
1.829 1.530 0.000 1.164 0.000 1.330 2.656 1.500 2.930 1.479 2.058 0.000 0.000 0.000 0.000 1.691 2.683 0.000 0.000 0.212 
---
0 test2fip_consistent left_hidden
0.998 0.000 0.578 0.000 0.526 0.000 0.000 0.000 0.000 0.000 3.269 0.040 0.145 0.000 2.321 3.775 0.454 0.000 0.000 0.333 
0 test2fip_consistent right_hidden
1.067 0.003 1.476 0.302 0.000 0.000 0.058 0.000 3.265 0.000 0.907 0.028 0.394 0.000 1.708 0.109 0.701 0.048 0.934 0.552 
---
1 test2fip_inconsistent left_hidden
0.998 0.000 0.578 0.000 0.526 0.000 0.000 0.000 0.000 0.000 3.269 0.040 0.145 0.000 2.321 3.775 0.454 0.000 0.000 0.333 
1 test2fip_inconsistent right_hidden
0.696 0.000 0.937 0.201 0.000 0.000 0.000 0.000 2.524 0.000 1.751 0.000 0.407 0.000 3.827 3.427 2.999 0.351 0.297 1.247 
---
0 test2fip_consistent left_hidden
0.058 0.754 1.158 1.062 2.098 0.000 0.000 0.000 2.770 2.118 2.298 0.493 0.009 0.000 0.000 1.094 0.579 0.185 1.384 0.013 
0 test2fip_consistent right_hidden
0.000 0.000 1.737 1.463 1.376 1.008 0.000 0.338 0.397 0.998 0.316 0.108 1.986 0.000 0.041 0.891 0.501 1.068 0.054 0.405 
---
1 test2fip_inconsistent left_hidden
0.058 0.754 1.158 1.062 2.098 0.000 0.000 0.000 2.770 2.118 2.298 0.493 0.009 0.000 0.000 1.094 0.579 0.185 1.384 0.013 
1 test2fip_inconsistent right_hidden
0.000 0.000 2.477 2.234 2.901 0.566 0.000 0.000 2.560 2.253 3.253 0.000 0.639 0.000 0.000 1.987 0.000 0.685 0.967 0.414 
---
0 test2fip_consistent left_hidden
1.491 0.000 0.308 0.065 2.236 1.732 1.590 1.599 0.000 0.000 2.411 0.714 0.000 1.001 1.181 0.000 0.342 2.558 0.000 0.446 
0 test2fip_consistent right_hidden
0.531 0.000 1.879 3.458 1.882 0.000 0.000 0.000 1.067 0.000 0.809 0.442 0.858 0.000 0.522 0.046 0.054 0.082 0.000 0.000 
---
1 test2fip_inconsistent left_hidden
1.491 0.000 0.308 0.065 2.236 1.732 1.590 1.599 0.000 0.000 2.411 0.714 0.000 1.001 1.181 0.000 0.342 2.558 0.000 0.446 
1 test2fip_inconsistent right_hidden
0.859 0.000 1.052 1.968 3.948 0.000 2.660 0.000 0.864 0.000 2.400 0.000 2.079 0.000 0.505 0.047 0.054 1.896 0.000 0.000 
---
0 test2fip_consistent left_hidden
3.541 2.791 2.183 0.000 0.000 0.000 1.869 0.000 0.000 0.000 0.000 1.735 0.000 0.684 0.000 0.000 0.769 0.016 0.158 1.295 
0 test2fip_consistent right_hidden
0.315 1.049 1.162 0.003 0.052 0.000 0.166 0.000 0.854 0.105 0.056 0.033 0.000 0.091 0.000 0.000 0.000 1.839 3.289 0.155 
---
1 test2fip_inconsistent left_hidden
3.541 2.791 2.183 0.000 0.000 0.000 1.869 0.000 0.000 0.000 0.000 1.735 0.000 0.684 0.000 0.000 0.769 0.016 0.158 1.295 
1 test2fip_inconsistent right_hidden
2.946 2.898 2.909 0.000 0.000 0.000 2.238 0.000 0.000 0.000 0.000 0.000 0.000 0.270 0.000 0.000 0.000 1.528 2.570 1.576 
---
0 test2fip_consistent left_hidden
2.605 1.699 1.454 0.000 0.690 0.000 0.000 3.482 0.007 0.199 0.000 1.017 2.123 0.006 0.157 2.388 1.472 0.016 0.000 0.000 
0 test2fip_consistent right_hidden
1.097 0.000 0.000 0.000 1.055 0.133 1.214 0.275 2.045 2.127 0.000 0.000 0.140 1.319 0.082 0.029 2.246 0.285 0.000 0.000 
---
1 test2fip_inconsistent left_hidden
2.605 1.699 1.454 0.000 0.690 0.000 0.000 3.482 0.007 0.199 0.000 1.017 2.123 0.006 0.157 2.388 1.472 0.016 0.000 0.000 
1 test2fip_inconsistent right_hidden
2.781 0.162 1.621 0.000 2.348 0.000 2.189 2.995 1.325 1.455 0.000 0.000 0.000 1.053 0.000 2.144 2.405 0.354 0.000 0.000 
---
0 test2fip_consistent left_hidden
0.000 1.890 0.000 1.798 0.000 0.000 0.000 2.425 0.000 3.874 0.010 0.000 1.321 0.000 1.248 0.000 0.102 1.708 0.305 0.000 
0 test2fip_consistent right_hidden
0.607 0.000 0.000 0.951 0.866 0.000 0.000 0.150 3.325 2.517 0.740 0.000 0.000 0.000 0.000 0.000 0.064 0.000 0.000 0.000 
---
1 test2fip_inconsistent left_hidden
0.000 1.890 0.000 1.798 0.000 0.000 0.000 2.425 0.000 3.874 0.010 0.000 1.321 0.000 1.248 0.000 0.102 1.708 0.305 0.000 
1 test2fip_inconsistent right_hidden
0.245 0.174 0.000 3.824 0.907 0.000 0.000 2.664 1.796 4.831 0.469 0.000 1.458 0.000 0.369 0.365 0.000 0.622 0.000 0.000 
---
0 test2fip_consistent left_hidden
0.000 0.000 2.329 1.050 0.000 0.000 4.119 0.000 0.000 0.000 0.409 0.000 0.000 1.177 0.000 2.018 0.000 0.111 0.000 1.555 
0 test2fip_consistent right_hidden
0.000 0.000 1.740 0.000 0.000 0.000 0.671 0.000 0.000 2.232 0.297 0.000 1.744 0.000 0.000 1.193 0.000 2.557 0.000 0.037 
---
1 test2fip_inconsistent left_hidden
0.000 0.000 2.329 1.050 0.000 0.000 4.119 0.000 0.000 0.000 0.409 0.000 0.000 1.177 0.000 2.018 0.000 0.111 0.000 1.555 
1 test2fip_inconsistent right_hidden
0.000 0.000 3.376 0.154 0.000 0.000 4.400 0.000 0.000 2.037 0.000 0.000 0.286 0.011 0.000 1.506 0.000 0.953 0.000 1.924 
---
0 test2fip_consistent left_hidden
0.000 0.000 1.193 2.608 0.852 0.000 2.969 0.000 0.077 0.000 0.669 3.481 1.002 0.000 1.206 0.000 0.152 1.483 0.000 0.538 
0 test2fip_consistent right_hidden
0.000 0.005 0.325 0.000 0.143 0.019 0.272 1.681 1.181 0.000 2.782 1.777 0.086 0.000 0.000 0.000 0.000 0.000 0.000 2.069 
---
1 test2fip_inconsistent left_hidden
0.000 0.000 1.193 2.608 0.852 0.000 2.969 0.000 0.077 0.000 0.669 3.481 1.002 0.000 1.206 0.000 0.152 1.483 0.000 0.538 
1 test2fip_inconsistent right_hidden
0.000 0.000 0.581 2.555 0.055 0.000 2.316 1.951 1.018 0.000 2.538 3.538 1.290 0.000 0.513 0.000 0.000 1.547 0.000 1.197 
---
0 test2fip_consistent left_hidden
1.435 0.815 0.097 0.000 0.125 1.973 0.415 0.000 1.192 0.000 0.000 0.535 0.933 2.041 0.000 1.841 2.746 0.783 1.615 0.000 
0 test2fip_consistent right_hidden
0.118 0.000 1.007 0.087 0.596 0.092 1.566 0.608 0.000 0.000 0.712 0.000 0.093 0.233 2.026 2.358 0.903 1.391 0.039 0.024 
---
1 test2fip_inconsistent left_hidden
1.435 0.815 0.097 0.000 0.125 1.973 0.415 0.000 1.192 0.000 0.000 0.535 0.933 2.041 0.000 1.841 2.746 0.783 1.615 0.000 
1 test2fip_inconsistent right_hidden
0.993 2.023 0.631 0.000 0.325 0.996 2.449 0.140 0.000 0.000 0.211 0.000 0.495 0.818 1.061 2.303 4.344 1.684 1.618 0.000 
---
0 test2fip_consistent left_hidden
3.048 0.000 0.000 0.000 0.676 0.009 0.000 0.000 0.000 0.000 4.508 0.000 0.000 0.000 0.069 0.216 0.064 1.109 0.854 0.000 
0 test2fip_consistent right_hidden
0.282 0.000 0.000 0.000 0.078 0.000 0.000 2.382 0.000 2.349 1.765 0.000 0.000 0.384 0.152 2.370 0.893 0.571 0.000 0.000 
---
1 test2fip_inconsistent left_hidden
3.048 0.000 0.000 0.000 0.676 0.009 0.000 0.000 0.000 0.000 4.508 0.000 0.000 0.000 0.069 0.216 0.064 1.109 0.854 0.000 
1 test2fip_inconsistent right_hidden
3.967 0.000 0.000 0.000 1.358 0.000 0.000 1.976 0.000 1.517 4.728 0.000 0.000 0.000 0.000 1.845 0.000 0.146 0.000 0.000 
---
0 test2fip_consistent left_hidden
1.414 0.000 0.000 0.000 1.353 1.547 1.106 1.201 0.025 0.000 2.748 0.550 0.000 0.744 0.000 0.000 0.000 0.636 2.670 1.694 
0 test2fip_consistent right_hidden
0.000 0.000 0.073 0.000 0.000 1.521 0.052 0.176 1.809 0.000 0.000 0.095 0.024 0.043 0.000 0.000 0.000 0.000 3.495 0.419 
---
1 test2fip_inconsistent left_hidden
1.414 0.000 0.000 0.000 1.353 1.547 1.106 1.201 0.025 0.000 2.748 0.550 0.000 0.744 0.000 0.000 0.000 0.636 2.670 1.694 
1 test2fip_inconsistent right_hidden
0.941 0.000 0.165 0.000 0.006 1.248 1.197 0.512 1.646 0.000 2.410 0.000 0.509 1.363 0.000 0.000 0.078 0.000 5.446 0.000 
---
0 test2fip_consistent left_hidden
0.000 2.522 0.806 0.303 1.514 0.000 0.990 0.000 0.000 0.975 1.780 0.000 0.000 0.000 2.116 3.108 0.000 1.278 0.312 0.019 
0 test2fip_consistent right_hidden
0.000 0.897 0.000 0.000 1.949 1.116 0.000 0.000 1.879 1.196 0.000 1.847 0.475 0.000 0.025 0.013 1.837 0.287 0.000 0.584 
---
1 test2fip_inconsistent left_hidden
0.000 2.522 0.806 0.303 1.514 0.000 0.990 0.000 0.000 0.975 1.780 0.000 0.000 0.000 2.116 3.108 0.000 1.278 0.312 0.019 
1 test2fip_inconsistent right_hidden
0.000 2.624 0.469 0.000 3.413 1.719 1.694 0.000 1.248 0.778 1.373 1.371 0.000 0.000 0.087 2.824 0.672 2.502 0.587 0.447 
---
0 test2fip_consistent left_hidden
0.000 0.583 0.000 0.718 3.971 0.000 0.000 0.484 0.000 0.000 2.003 1.222 0.384 3.191 0.000 0.081 0.312 1.371 1.078 1.558 
0 test2fip_consistent right_hidden
1.127 1.858 0.000 2.289 0.038 0.000 0.103 1.175 0.000 0.015 0.050 1.196 0.043 0.903 0.000 2.189 0.539 0.576 0.000 0.044 
---
1 test2fip_inconsistent left_hidden
0.000 0.583 0.000 0.718 3.971 0.000 0.000 0.484 0.000 0.000 2.003 1.222 0.384 3.191 0.000 0.081 0.312 1.371 1.078 1.558 
1 test2fip_inconsistent right_hidden
1.200 2.831 0.000 1.595 3.899 0.000 0.000 1.061 0.000 0.000 0.099 2.512 0.000 2.641 0.000 1.008 0.482 1.097 0.161 0.776 
---
0 test2fip_consistent left_hidden
0.000 0.000 0.313 0.000 0.000 0.273 0.792 1.494 0.000 0.483 2.321 0.053 0.737 1.853 1.245 0.000 0.756 1.942 3.300 0.819 
0 test2fip_consistent right_hidden
0.000 0.539 0.093 0.000 0.000 0.000 0.089 0.625 0.000 1.324 0.926 1.233 0.000 0.200 0.347 1.130 1.820 0.893 0.295 1.609 
---
1 test2fip_inconsistent left_hidden
0.000 0.000 0.313 0.000 0.000 0.273 0.792 1.494 0.000 0.483 2.321 0.053 0.737 1.853 1.245 0.000 0.756 1.942 3.300 0.819 
1 test2fip_inconsistent right_hidden
0.000 0.000 0.000 0.000 0.014 0.695 0.213 2.744 0.000 0.000 2.469 0.954 0.000 1.333 1.287 0.000 1.667 0.000 3.595 2.415 
---
0 test2fip_consistent left_hidden
0.000 0.000 0.000 0.000 0.000 0.875 0.438 1.583 0.000 0.000 2.227 0.000 1.542 2.870 3.768 0.384 1.286 0.006 0.000 1.567 
0 test2fip_consistent right_hidden
0.124 0.325 0.000 0.975 0.000 0.455 0.493 1.407 1.942 0.274 1.906 0.000 0.207 2.020 0.175 0.880 0.959 0.000 0.000 0.000 
---
1 test2fip_inconsistent left_hidden
0.000 0.000 0.000 0.000 0.000 0.875 0.438 1.583 0.000 0.000 2.227 0.000 1.542 2.870 3.768 0.384 1.286 0.006 0.000 1.567 
1 test2fip_inconsistent right_hidden
0.000 0.000 0.000 0.582 0.000 0.372 0.260 0.552 1.563 0.027 4.579 0.000 0.669 2.155 2.457 0.766 1.657 0.000 0.000 2.702 
---
0 test2fip_consistent left_hidden
0.000 0.000 0.000 0.000 0.000 0.000 2.415 4.430 2.155 0.000 0.000 0.000 0.485 0.000 0.000 0.190 0.000 0.029 0.000 2.459 
0 test2fip_consistent right_hidden
0.000 0.000 0.000 0.048 1.915 0.010 0.000 0.592 0.332 0.000 0.000 0.786 0.000 1.052 0.000 3.484 0.000 0.000 0.124 0.586 
---
1 test2fip_inconsistent left_hidden
0.000 0.000 0.000 0.000 0.000 0.000 2.415 4.430 2.155 0.000 0.000 0.000 0.485 0.000 0.000 0.190 0.000 0.029 0.000 2.459 
1 test2fip_inconsistent right_hidden
0.000 0.000 0.000 0.000 1.631 0.000 4.372 2.726 0.313 0.000 0.000 1.328 0.000 0.742 0.000 2.073 0.000 0.000 0.000 2.901 
---
0 test2fip_consistent left_hidden
0.000 0.000 0.553 1.754 2.565 2.629 0.000 2.184 0.000 0.000 0.000 0.000 0.000 2.988 0.930 0.834 0.599 0.000 0.193 0.000 
0 test2fip_consistent right_hidden
0.000 0.805 1.817 0.107 1.986 0.182 0.000 0.418 0.000 0.000 0.000 0.000 0.364 0.244 0.757 2.569 0.000 0.321 0.843 1.219 
---
1 test2fip_inconsistent left_hidden
0.000 0.000 0.553 1.754 2.565 2.629 0.000 2.184 0.000 0.000 0.000 0.000 0.000 2.988 0.930 0.834 0.599 0.000 0.193 0.000 
1 test2fip_inconsistent right_hidden
0.000 0.260 3.022 1.473 4.123 2.298 0.000 2.227 0.000 0.000 0.000 0.000 0.933 2.126 1.627 1.591 0.000 0.000 0.399 0.618 
---
0 test2fip_consistent left_hidden
0.000 0.000 0.185 1.231 2.202 1.632 0.835 0.000 0.000 0.000 0.000 0.766 0.000 3.870 0.160 1.397 0.243 1.827 0.000 0.986 
0 test2fip_consistent right_hidden
0.000 0.000 3.571 1.074 0.000 0.737 0.000 0.000 0.000 0.000 1.369 1.340 0.000 1.650 0.000 0.000 0.262 0.000 0.077 0.055 
---
1 test2fip_inconsistent left_hidden
0.000 0.000 0.185 1.231 2.202 1.632 0.835 0.000 0.000 0.000 0.000 0.766 0.000 3.870 0.160 1.397 0.243 1.827 0.000 0.986 
1 test2fip_inconsistent right_hidden
0.000 0.000 2.269 0.458 1.144 3.128 1.092 0.000 0.000 0.000 0.000 1.200 0.000 4.249 0.000 0.933 2.048 0.216 0.052 0.000 
---
0 test2fip_consistent left_hidden
0.000 2.691 0.000 0.000 0.140 3.880 0.595 0.000 0.000 0.000 0.000 0.000 0.705 0.000 0.000 0.000 1.651 0.000 2.102 1.165 
0 test2fip_consistent right_hidden
0.000 0.204 0.000 0.000 2.013 0.376 0.701 0.000 0.000 0.000 3.277 0.000 0.145 0.000 0.739 0.000 1.671 0.000 1.325 0.000 
---
1 test2fip_inconsistent left_hidden
0.000 2.691 0.000 0.000 0.140 3.880 0.595 0.000 0.000 0.000 0.000 0.000 0.705 0.000 0.000 0.000 1.651 0.000 2.102 1.165 
1 test2fip_inconsistent right_hidden
0.000 3.907 0.000 0.000 1.127 1.934 0.635 0.000 0.000 0.000 1.990 0.000 2.734 0.000 0.000 0.000 3.223 0.000 2.250 0.000 
---
0 test2fip_consistent left_hidden
1.861 1.332 0.000 3.558 1.084 0.000 0.319 0.000 0.000 0.653 0.855 0.000 0.427 0.000 0.694 0.000 0.381 0.000 3.144 1.360 
0 test2fip_consistent right_hidden
1.823 0.027 0.000 0.101 0.882 0.000 0.000 0.159 0.032 0.000 0.000 0.000 2.242 0.899 0.000 0.000 1.006 0.000 0.000 2.965 
---
1 test2fip_inconsistent left_hidden
1.861 1.332 0.000 3.558 1.084 0.000 0.319 0.000 0.000 0.653 0.855 0.000 0.427 0.000 0.694 0.000 0.381 0.000 3.144 1.360 
1 test2fip_inconsistent right_hidden
1.609 0.260 0.000 3.723 0.795 0.000 0.000 0.000 0.000 1.159 0.266 0.000 1.381 1.148 0.044 0.000 0.671 0.000 3.629 3.402 
---
0 test2fip_consistent left_hidden
3.371 0.000 0.029 2.224 0.016 1.105 0.000 0.041 0.000 2.678 0.000 0.304 0.646 0.000 0.000 0.000 0.000 0.000 1.567 1.341 
0 test2fip_consistent right_hidden
0.587 0.000 0.708 0.300 0.198 0.032 0.700 2.589 2.162 1.182 0.000 1.402 0.180 1.378 0.005 0.000 0.000 0.152 0.155 0.810 
---
1 test2fip_inconsistent left_hidden
3.371 0.000 0.029 2.224 0.016 1.105 0.000 0.041 0.000 2.678 0.000 0.304 0.646 0.000 0.000 0.000 0.000 0.000 1.567 1.341 
1 test2fip_inconsistent right_hidden
1.857 0.000 0.781 1.947 0.000 0.834 1.504 2.005 1.612 4.253 0.000 0.528 1.331 0.412 0.000 0.000 0.000 0.731 1.691 2.499 
---
0 test2fip_consistent left_hidden
1.127 0.000 0.000 0.000 0.130 1.236 2.896 0.964 0.000 0.000 0.000 2.757 0.000 0.000 2.544 0.355 0.118 1.191 0.000 1.899 
0 test2fip_consistent right_hidden
2.097 0.022 0.000 0.000 0.000 0.031 0.000 0.070 0.000 0.195 0.000 0.000 2.405 2.045 0.000 0.038 1.408 1.570 0.000 0.532 
---
1 test2fip_inconsistent left_hidden
1.127 0.000 0.000 0.000 0.130 1.236 2.896 0.964 0.000 0.000 0.000 2.757 0.000 0.000 2.544 0.355 0.118 1.191 0.000 1.899 
1 test2fip_inconsistent right_hidden
1.761 0.180 0.000 0.000 0.000 0.000 3.296 1.294 0.000 0.000 0.000 1.495 2.167 1.282 1.185 0.000 1.348 0.841 0.172 2.865 
---
0 test2fip_consistent left_hidden
0.000 2.270 0.000 0.000 1.196 0.041 0.773 0.000 0.185 0.000 0.000 0.000 1.151 0.000 0.551 1.183 0.000 4.583 2.193 0.000 
0 test2fip_consistent right_hidden
0.536 0.000 0.393 0.000 1.433 0.000 3.563 0.000 0.000 0.985 0.000 0.000 0.000 0.354 2.788 0.000 0.000 1.188 2.233 0.000 
---
1 test2fip_inconsistent left_hidden
0.000 2.270 0.000 0.000 1.196 0.041 0.773 0.000 0.185 0.000 0.000 0.000 1.151 0.000 0.551 1.183 0.000 4.583 2.193 0.000 
1 test2fip_inconsistent right_hidden
0.000 0.167 0.000 0.000 1.359 0.000 2.773 0.000 0.000 0.752 0.000 0.000 0.000 1.630 0.866 0.000 0.000 5.962 3.325 0.000 
---
0 test2fip_consistent left_hidden
0.000 0.000 1.981 0.000 1.085 0.832 0.424 0.000 0.000 0.850 0.902 0.000 2.979 0.000 0.287 0.000 0.000 0.000 0.000 3.721 
0 test2fip_consistent right_hidden
0.479 0.079 0.544 0.000 0.465 0.741 0.000 0.000 0.342 0.388 2.296 0.864 0.122 0.684 0.845 2.812 1.771 0.000 0.000 0.280 
---
1 test2fip_inconsistent left_hidden
0.000 0.000 1.981 0.000 1.085 0.832 0.424 0.000 0.000 0.850 0.902 0.000 2.979 0.000 0.287 0.000 0.000 0.000 0.000 3.721 
1 test2fip_inconsistent right_hidden
0.144 0.040 2.607 0.000 2.559 1.163 0.000 0.000 0.000 0.973 3.520 0.864 1.589 1.259 0.910 1.952 0.763 0.000 0.000 2.915 
---
0 test2fip_consistent left_hidden
0.144 0.000 0.000 0.000 2.473 2.538 1.417 2.101 1.682 0.000 1.888 0.000 2.643 0.000 0.304 0.000 0.000 1.189 0.385 0.232 
0 test2fip_consistent right_hidden
0.000 0.677 0.000 0.000 0.878 0.056 0.000 0.000 0.094 0.000 1.545 0.000 0.092 0.000 0.285 0.308 0.232 0.000 3.576 1.230 
---
1 test2fip_inconsistent left_hidden
0.144 0.000 0.000 0.000 2.473 2.538 1.417 2.101 1.682 0.000 1.888 0.000 2.643 0.000 0.304 0.000 0.000 1.189 0.385 0.232 
1 test2fip_inconsistent right_hidden
0.000 1.517 0.000 0.000 3.231 2.346 0.532 0.000 1.252 0.000 2.709 0.000 1.965 0.000 0.201 0.000 0.000 1.729 2.850 0.455 
---
0 test2fip_consistent left_hidden
0.458 1.033 0.000 0.000 0.000 0.000 1.449 3.112 0.731 1.729 0.974 0.216 1.296 2.031 1.104 1.340 0.000 0.000 0.000 0.000 
0 test2fip_consistent right_hidden
0.909 0.000 0.000 0.000 0.000 0.000 0.208 0.000 0.030 0.785 1.226 1.201 0.640 2.668 0.565 2.466 0.000 0.000 0.000 0.000 
---
1 test2fip_inconsistent left_hidden
0.458 1.033 0.000 0.000 0.000 0.000 1.449 3.112 0.731 1.729 0.974 0.216 1.296 2.031 1.104 1.340 0.000 0.000 0.000 0.000 
1 test2fip_inconsistent right_hidden
0.861 1.065 0.000 0.000 0.000 0.000 2.512 2.276 0.000 3.088 2.017 1.625 1.437 3.727 1.233 1.384 0.000 0.000 0.166 0.000 
---
0 test2fip_consistent left_hidden
1.145 0.000 1.767 0.057 0.991 0.880 0.279 0.152 2.274 0.214 0.168 3.251 0.421 0.633 0.289 2.724 0.000 0.032 1.208 0.261 
0 test2fip_consistent right_hidden
0.033 0.000 1.720 0.662 0.315 0.753 0.588 2.069 0.084 0.609 2.292 0.379 1.206 0.052 0.612 0.052 0.812 0.660 0.375 0.383 
---
1 test2fip_inconsistent left_hidden
1.145 0.000 1.767 0.057 0.991 0.880 0.279 0.152 2.274 0.214 0.168 3.251 0.421 0.633 0.289 2.724 0.000 0.032 1.208 0.261 
1 test2fip_inconsistent right_hidden
1.675 0.000 1.733 0.655 0.901 1.694 0.798 2.256 1.318 0.964 1.667 3.039 0.606 0.435 1.433 1.370 2.752 1.728 1.374 1.239 
---
0 test2fip_consistent left_hidden
0.982 0.425 2.010 0.405 0.976 0.000 0.819 1.115 0.000 1.798 4.139 0.000 0.323 0.000 0.279 0.000 0.000 2.030 1.362 0.000 
0 test2fip_consistent right_hidden
1.462 0.171 0.000 1.333 0.802 0.000 1.597 0.000 0.000 0.289 0.689 0.274 0.485 0.125 1.405 1.476 0.000 0.000 0.035 0.000 
---
1 test2fip_inconsistent left_hidden
0.982 0.425 2.010 0.405 0.976 0.000 0.819 1.115 0.000 1.798 4.139 0.000 0.323 0.000 0.279 0.000 0.000 2.030 1.362 0.000 
1 test2fip_inconsistent right_hidden
2.175 0.358 0.966 1.402 1.423 0.000 1.690 1.527 0.000 2.632 3.523 0.005 0.000 0.000 0.817 0.000 0.000 1.960 0.355 0.000 
---
0 test2fip_consistent left_hidden
0.000 0.000 1.598 1.214 0.000 1.577 0.000 0.000 0.558 0.000 3.358 0.000 0.556 0.000 0.000 0.000 0.000 0.000 2.175 2.776 
0 test2fip_consistent right_hidden
0.399 1.682 0.945 0.196 0.751 0.119 1.364 2.745 0.261 0.000 0.804 0.000 0.497 0.000 0.000 0.000 0.073 0.078 0.361 0.856 
---
1 test2fip_inconsistent left_hidden
0.000 0.000 1.598 1.214 0.000 1.577 0.000 0.000 0.558 0.000 3.358 0.000 0.556 0.000 0.000 0.000 0.000 0.000 2.175 2.776 
1 test2fip_inconsistent right_hidden
0.109 1.924 2.049 1.861 0.069 0.881 1.492 1.703 1.234 0.000 3.666 0.000 0.000 0.000 0.000 0.000 0.138 0.000 2.732 1.996 
---
0 test2fip_consistent left_hidden
3.008 5.006 0.000 0.000 0.000 0.000 0.000 0.000 0.000 0.000 0.000 0.000 0.000 0.000 0.000 0.000 0.000 0.000 0.000 0.195 
0 test2fip_consistent right_hidden
0.727 1.129 0.000 0.000 0.000 2.835 0.000 0.000 0.005 0.976 0.000 0.000 2.601 0.000 1.141 1.821 0.000 0.000 1.591 0.695 
---
1 test2fip_inconsistent left_hidden
3.008 5.006 0.000 0.000 0.000 0.000 0.000 0.000 0.000 0.000 0.000 0.000 0.000 0.000 0.000 0.000 0.000 0.000 0.000 0.195 
1 test2fip_inconsistent right_hidden
0.337 5.438 0.000 0.000 0.000 1.653 0.000 0.000 0.000 0.000 0.000 0.000 1.313 0.000 1.030 1.601 0.000 0.000 1.184 0.453 
---
0 test2fip_consistent left_hidden
0.272 0.000 2.687 0.000 0.000 1.044 1.135 0.000 1.115 0.000 2.190 0.000 1.068 1.168 0.513 0.000 0.000 0.000 0.000 3.657 
0 test2fip_consistent right_hidden
0.088 0.000 0.000 0.000 1.260 2.219 0.000 0.000 0.097 0.733 0.000 0.000 0.089 2.771 1.945 0.726 1.259 0.000 0.000 0.000 
---
1 test2fip_inconsistent left_hidden
0.272 0.000 2.687 0.000 0.000 1.044 1.135 0.000 1.115 0.000 2.190 0.000 1.068 1.168 0.513 0.000 0.000 0.000 0.000 3.657 
1 test2fip_inconsistent right_hidden
0.242 0.000 2.487 0.000 0.139 2.329 0.000 0.000 0.364 1.171 1.583 0.019 0.395 4.188 0.738 0.000 0.960 0.000 0.000 3.402 
---
0 test2fip_consistent left_hidden
0.812 1.806 0.000 0.000 0.000 0.000 2.167 0.000 0.914 0.588 0.000 0.613 0.000 0.000 0.000 0.034 0.000 0.000 4.612 0.000 
0 test2fip_consistent right_hidden
0.000 0.612 1.326 0.624 0.027 0.000 0.083 0.129 0.000 0.000 0.000 0.055 0.000 1.335 0.909 3.973 0.000 0.000 1.271 0.000 
---
1 test2fip_inconsistent left_hidden
0.812 1.806 0.000 0.000 0.000 0.000 2.167 0.000 0.914 0.588 0.000 0.613 0.000 0.000 0.000 0.034 0.000 0.000 4.612 0.000 
1 test2fip_inconsistent right_hidden
0.000 0.000 0.408 0.870 0.000 0.110 0.577 0.825 0.630 0.000 0.000 0.181 0.000 0.892 2.888 2.347 0.000 0.000 5.446 0.000 
---
0 test2fip_consistent left_hidden
0.000 4.199 0.000 0.000 3.062 0.420 0.270 0.000 0.408 0.000 0.000 0.000 0.660 0.569 0.000 0.000 0.533 2.849 0.000 0.000 
0 test2fip_consistent right_hidden
0.000 0.574 0.000 0.000 0.000 0.169 0.000 0.998 0.637 2.699 0.000 0.034 1.959 0.000 0.000 0.000 0.000 1.247 0.000 0.199 
---
1 test2fip_inconsistent left_hidden
0.000 4.199 0.000 0.000 3.062 0.420 0.270 0.000 0.408 0.000 0.000 0.000 0.660 0.569 0.000 0.000 0.533 2.849 0.000 0.000 
1 test2fip_inconsistent right_hidden
0.000 2.728 0.000 0.443 1.140 0.676 0.000 0.375 3.329 1.057 0.000 0.000 1.191 0.192 0.000 0.000 0.000 2.530 0.000 0.103 
---
0 test2fip_consistent left_hidden
3.220 0.000 0.000 0.089 3.092 0.000 0.000 0.000 0.000 0.000 0.276 0.994 2.308 0.000 0.000 0.070 1.616 0.000 0.446 2.266 
0 test2fip_consistent right_hidden
1.888 0.708 0.000 0.000 0.135 0.027 0.000 0.174 0.000 0.000 0.000 0.086 1.538 2.086 0.000 2.248 0.009 0.000 2.803 0.285 
---
1 test2fip_inconsistent left_hidden
3.220 0.000 0.000 0.089 3.092 0.000 0.000 0.000 0.000 0.000 0.276 0.994 2.308 0.000 0.000 0.070 1.616 0.000 0.446 2.266 
1 test2fip_inconsistent right_hidden
4.327 0.327 0.000 0.000 3.066 0.000 0.000 0.130 0.000 0.000 0.000 1.752 0.643 1.258 0.000 2.299 1.719 0.000 2.395 2.018 
---
0 test2fip_consistent left_hidden
0.000 0.000 0.000 0.001 0.000 0.970 0.620 0.072 0.000 0.000 0.000 3.643 2.236 1.576 1.838 0.000 1.766 0.000 0.088 3.208 
0 test2fip_consistent right_hidden
0.000 0.005 0.000 0.686 0.127 1.239 1.792 0.137 0.036 0.000 0.000 0.000 0.000 2.875 0.000 0.000 0.000 0.000 2.525 1.797 
---
1 test2fip_inconsistent left_hidden
0.000 0.000 0.000 0.001 0.000 0.970 0.620 0.072 0.000 0.000 0.000 3.643 2.236 1.576 1.838 0.000 1.766 0.000 0.088 3.208 
1 test2fip_inconsistent right_hidden
0.000 0.000 0.000 1.308 0.135 1.179 1.812 0.091 0.927 0.000 0.000 2.210 1.144 2.350 1.455 0.000 0.000 0.000 1.568 4.419 
---
0 test2fip_consistent left_hidden
0.000 0.000 0.305 1.460 0.000 0.000 0.000 0.000 4.527 0.000 0.192 2.225 0.461 0.000 0.000 0.000 0.472 1.256 0.000 2.514 
0 test2fip_consistent right_hidden
0.000 0.000 0.431 0.377 0.001 0.000 0.363 3.030 0.000 0.000 2.092 1.124 1.684 0.000 0.000 0.114 0.000 0.000 0.000 0.000 
---
1 test2fip_inconsistent left_hidden
0.000 0.000 0.305 1.460 0.000 0.000 0.000 0.000 4.527 0.000 0.192 2.225 0.461 0.000 0.000 0.000 0.472 1.256 0.000 2.514 
1 test2fip_inconsistent right_hidden
0.000 0.000 0.000 2.571 0.000 0.000 0.000 2.496 4.275 0.000 1.582 1.518 0.706 0.000 0.000 0.057 1.524 0.000 0.000 0.000 
---
0 test2fip_consistent left_hidden
0.018 0.000 0.000 0.000 0.000 0.188 0.000 0.000 0.562 0.000 0.000 0.000 0.097 0.114 2.146 0.000 0.000 3.220 0.235 4.247 
0 test2fip_consistent right_hidden
0.700 1.875 0.000 0.000 0.000 1.721 0.000 0.000 2.140 2.771 0.000 0.000 0.092 0.000 0.169 0.000 0.000 1.831 0.574 0.080 
---
1 test2fip_inconsistent left_hidden
0.018 0.000 0.000 0.000 0.000 0.188 0.000 0.000 0.562 0.000 0.000 0.000 0.097 0.114 2.146 0.000 0.000 3.220 0.235 4.247 
1 test2fip_inconsistent right_hidden
0.000 1.353 0.000 0.000 0.000 2.105 0.000 0.000 3.934 1.053 0.000 0.000 0.000 0.000 1.815 0.000 0.000 4.160 1.799 2.935 
---
0 test2fip_consistent left_hidden
1.348 0.422 0.000 4.451 0.000 1.323 0.000 0.000 1.495 0.000 0.345 1.142 2.072 0.000 0.000 0.000 0.000 1.216 0.000 0.000 
0 test2fip_consistent right_hidden
0.217 0.434 0.175 0.688 0.000 0.396 1.176 0.000 0.000 0.060 0.002 0.385 1.489 0.000 2.128 0.506 0.104 3.061 0.000 0.287 
---
1 test2fip_inconsistent left_hidden
1.348 0.422 0.000 4.451 0.000 1.323 0.000 0.000 1.495 0.000 0.345 1.142 2.072 0.000 0.000 0.000 0.000 1.216 0.000 0.000 
1 test2fip_inconsistent right_hidden
2.213 0.045 0.000 4.044 0.000 1.858 0.369 0.000 0.000 0.000 0.083 2.001 2.340 0.000 1.300 0.000 0.000 3.305 0.000 0.000 
---
0 test2fip_consistent left_hidden
1.419 0.000 3.135 0.502 1.527 1.256 1.979 0.000 0.000 0.501 0.000 1.166 0.000 2.317 0.000 0.167 0.000 0.994 0.000 1.409 
0 test2fip_consistent right_hidden
0.000 0.000 0.000 0.501 0.286 0.061 0.093 0.000 0.000 1.499 0.483 0.000 0.035 0.825 0.000 0.340 0.000 0.491 0.000 3.616 
---
1 test2fip_inconsistent left_hidden
1.419 0.000 3.135 0.502 1.527 1.256 1.979 0.000 0.000 0.501 0.000 1.166 0.000 2.317 0.000 0.167 0.000 0.994 0.000 1.409 
1 test2fip_inconsistent right_hidden
0.873 0.000 2.841 2.045 0.269 0.386 2.044 0.000 0.000 0.568 0.000 0.439 0.000 2.804 0.000 0.768 0.000 1.671 0.000 3.727 
---
0 test2fip_consistent left_hidden
0.000 0.440 0.000 0.357 2.013 0.009 0.000 0.000 0.136 2.238 0.489 0.000 0.000 3.521 0.000 0.000 1.454 1.114 0.011 2.579 
0 test2fip_consistent right_hidden
0.000 0.000 0.000 1.304 0.000 0.000 0.008 0.000 3.310 0.095 0.139 0.000 0.000 0.192 1.960 0.000 0.261 0.775 0.000 0.000 
---
1 test2fip_inconsistent left_hidden
0.000 0.440 0.000 0.357 2.013 0.009 0.000 0.000 0.136 2.238 0.489 0.000 0.000 3.521 0.000 0.000 1.454 1.114 0.011 2.579 
1 test2fip_inconsistent right_hidden
0.000 0.000 0.000 2.573 1.757 0.000 0.014 0.000 2.417 1.749 2.076 0.000 0.000 3.045 1.170 0.000 0.237 0.000 0.006 2.409 
---
0 test2fip_consistent left_hidden
1.294 0.000 0.000 0.040 0.000 1.108 0.913 0.776 0.597 0.397 0.027 1.970 0.000 3.870 0.306 0.745 1.521 0.084 0.563 0.000 
0 test2fip_consistent right_hidden
0.148 1.582 0.000 2.323 0.000 0.130 0.909 0.000 0.226 2.031 1.250 0.085 0.983 1.479 0.000 0.399 0.834 0.035 0.000 0.000 
---
1 test2fip_inconsistent left_hidden
1.294 0.000 0.000 0.040 0.000 1.108 0.913 0.776 0.597 0.397 0.027 1.970 0.000 3.870 0.306 0.745 1.521 0.084 0.563 0.000 
1 test2fip_inconsistent right_hidden
0.779 0.425 0.000 0.986 0.000 1.003 2.079 0.000 1.564 2.234 1.216 2.215 0.908 4.393 0.000 1.543 2.419 0.000 0.000 0.000 
---
0 test2fip_consistent left_hidden
1.093 0.000 2.690 0.000 0.000 0.000 0.902 0.314 0.000 0.000 0.000 0.000 0.000 0.000 0.000 0.000 4.164 2.289 2.262 0.000 
0 test2fip_consistent right_hidden
0.609 0.000 0.000 0.735 0.000 0.492 0.000 0.635 2.732 0.000 0.000 0.000 0.000 0.117 0.000 0.000 1.262 0.000 0.000 1.242 
---
1 test2fip_inconsistent left_hidden
1.093 0.000 2.690 0.000 0.000 0.000 0.902 0.314 0.000 0.000 0.000 0.000 0.000 0.000 0.000 0.000 4.164 2.289 2.262 0.000 
1 test2fip_inconsistent right_hidden
0.000 0.000 0.000 0.000 0.000 0.202 0.000 3.841 2.340 0.000 0.000 0.000 0.000 0.204 0.519 0.000 0.624 2.316 0.298 0.573 
---
0 test2fip_consistent left_hidden
0.000 0.000 0.085 0.000 0.386 0.000 0.000 0.000 4.491 1.829 1.478 0.000 1.613 0.584 0.000 0.073 2.356 0.000 0.057 0.000 
0 test2fip_consistent right_hidden
0.000 1.025 0.408 0.000 2.201 0.828 0.000 0.000 0.231 0.075 0.167 0.049 1.489 0.000 2.547 0.000 0.800 0.000 0.396 0.000 
---
1 test2fip_inconsistent left_hidden
0.000 0.000 0.085 0.000 0.386 0.000 0.000 0.000 4.491 1.829 1.478 0.000 1.613 0.584 0.000 0.073 2.356 0.000 0.057 0.000 
1 test2fip_inconsistent right_hidden
0.000 0.650 0.040 0.000 2.463 0.000 0.000 0.000 3.624 1.042 2.015 0.000 1.686 1.136 0.920 0.000 2.044 0.000 0.214 0.000 
---
0 test2fip_consistent left_hidden
0.000 0.000 0.000 1.531 3.845 0.035 0.865 0.000 0.000 0.000 1.519 0.504 0.813 0.000 1.003 0.450 1.513 0.000 0.000 2.229 
0 test2fip_consistent right_hidden
0.000 0.000 1.591 0.131 0.518 1.048 0.041 0.000 0.000 0.000 0.507 1.410 0.391 1.464 2.257 1.670 0.124 0.501 0.000 0.414 
---
1 test2fip_inconsistent left_hidden
0.000 0.000 0.000 1.531 3.845 0.035 0.865 0.000 0.000 0.000 1.519 0.504 0.813 0.000 1.003 0.450 1.513 0.000 0.000 2.229 
1 test2fip_inconsistent right_hidden
0.060 0.000 0.486 1.373 3.278 0.802 0.073 0.000 0.000 0.000 1.619 2.530 2.022 1.031 2.666 0.948 0.198 1.450 0.000 2.195 
---
0 test2fip_consistent left_hidden
0.078 0.000 3.989 2.818 2.512 2.605 0.361 0.000 0.000 0.000 0.000 0.000 0.612 0.517 0.747 0.000 0.298 0.000 0.000 0.022 
0 test2fip_consistent right_hidden
0.000 0.031 0.316 1.066 0.000 0.814 0.000 1.315 0.000 0.001 0.000 0.000 0.300 0.278 1.585 2.831 0.733 0.000 1.910 0.000 
---
1 test2fip_inconsistent left_hidden
0.078 0.000 3.989 2.818 2.512 2.605 0.361 0.000 0.000 0.000 0.000 0.000 0.612 0.517 0.747 0.000 0.298 0.000 0.000 0.022 
1 test2fip_inconsistent right_hidden
0.000 0.038 5.198 1.978 0.838 1.541 0.000 0.171 0.000 0.000 0.000 0.000 0.001 0.000 1.569 2.978 0.299 0.000 1.185 0.000 
---
0 test2fip_consistent left_hidden
1.716 2.912 0.000 0.101 0.000 1.521 0.000 2.290 0.000 0.021 0.723 1.429 0.000 0.126 0.426 0.307 0.508 2.066 1.073 0.540 
0 test2fip_consistent right_hidden
0.449 1.309 0.000 0.572 2.593 1.249 0.000 0.000 0.486 0.000 0.292 0.227 0.000 0.035 1.390 1.299 0.294 0.185 1.420 0.105 
---
1 test2fip_inconsistent left_hidden
1.716 2.912 0.000 0.101 0.000 1.521 0.000 2.290 0.000 0.021 0.723 1.429 0.000 0.126 0.426 0.307 0.508 2.066 1.073 0.540 
1 test2fip_inconsistent right_hidden
2.119 4.186 0.000 0.000 1.248 3.101 0.104 0.868 0.130 0.000 0.490 1.518 0.000 0.148 1.369 1.001 0.420 2.010 1.978 0.000 
---
0 test2fip_consistent left_hidden
0.000 0.000 0.000 2.146 1.335 0.000 0.000 2.418 0.000 0.000 0.000 0.000 0.000 0.007 0.233 1.092 1.919 0.028 3.754 2.075 
0 test2fip_consistent right_hidden
0.000 2.094 0.000 0.737 0.869 0.030 0.000 0.245 0.000 0.000 0.000 0.032 0.036 0.000 2.400 0.184 0.565 1.484 0.232 2.506 
---
1 test2fip_inconsistent left_hidden
0.000 0.000 0.000 2.146 1.335 0.000 0.000 2.418 0.000 0.000 0.000 0.000 0.000 0.007 0.233 1.092 1.919 0.028 3.754 2.075 
1 test2fip_inconsistent right_hidden
0.000 1.596 0.000 1.584 1.400 0.000 0.000 2.045 0.000 0.000 0.000 0.177 0.046 0.000 1.699 1.631 0.342 0.368 4.123 3.852 
---
0 test2fip_consistent left_hidden
0.469 0.805 0.000 2.046 2.943 0.914 0.000 0.000 0.000 0.171 0.271 2.931 1.198 0.000 0.790 0.643 0.601 1.602 0.000 2.302 
0 test2fip_consistent right_hidden
0.358 0.176 1.405 0.286 0.130 2.058 0.000 0.084 0.000 1.373 0.000 1.537 1.146 0.000 1.124 1.725 1.088 0.000 0.078 0.044 
---
1 test2fip_inconsistent left_hidden
0.469 0.805 0.000 2.046 2.943 0.914 0.000 0.000 0.000 0.171 0.271 2.931 1.198 0.000 0.790 0.643 0.601 1.602 0.000 2.302 
1 test2fip_inconsistent right_hidden
0.277 0.759 1.171 2.280 3.141 1.933 0.000 0.000 0.000 0.976 0.205 2.454 1.784 0.000 2.252 1.819 1.668 0.404 0.000 1.915 
---
0 test2fip_consistent left_hidden
1.829 1.255 0.194 0.000 0.000 1.583 2.002 0.000 1.970 2.649 0.000 0.000 1.012 0.285 0.000 1.555 0.000 1.834 0.544 0.000 
0 test2fip_consistent right_hidden
2.028 0.058 0.005 1.974 0.907 0.670 0.209 0.001 1.247 1.338 0.000 0.000 0.000 1.592 0.000 0.040 0.000 0.740 1.712 0.000 
---
1 test2fip_inconsistent left_hidden
1.829 1.255 0.194 0.000 0.000 1.583 2.002 0.000 1.970 2.649 0.000 0.000 1.012 0.285 0.000 1.555 0.000 1.834 0.544 0.000 
1 test2fip_inconsistent right_hidden
0.970 0.000 1.061 0.912 0.483 1.101 2.541 0.056 3.551 4.377 0.000 0.000 0.085 1.347 0.000 0.459 0.000 1.873 2.127 0.000 
---
0 test2fip_consistent left_hidden
0.000 0.000 0.000 0.000 0.000 0.000 0.489 0.000 0.636 2.526 0.600 0.000 2.969 0.613 0.000 2.998 0.639 0.090 0.000 2.304 
0 test2fip_consistent right_hidden
0.000 0.000 0.000 0.000 0.000 0.000 0.182 0.000 2.721 0.973 0.110 1.242 0.220 0.179 2.702 1.118 0.000 0.000 0.266 0.145 
---
1 test2fip_inconsistent left_hidden
0.000 0.000 0.000 0.000 0.000 0.000 0.489 0.000 0.636 2.526 0.600 0.000 2.969 0.613 0.000 2.998 0.639 0.090 0.000 2.304 
1 test2fip_inconsistent right_hidden
0.000 0.000 0.897 0.000 0.000 0.000 0.357 0.000 2.199 2.605 0.796 0.670 2.192 0.951 1.785 3.956 0.163 0.000 0.000 2.607 
---
0 test2fip_consistent left_hidden
0.151 0.363 0.000 0.000 3.731 0.000 0.000 0.297 0.000 0.000 1.610 0.000 0.000 1.943 0.000 2.271 0.574 2.803 0.002 0.000 
0 test2fip_consistent right_hidden
0.000 0.000 1.813 0.000 0.643 1.757 1.732 0.694 0.000 0.000 0.921 0.000 0.000 0.099 0.296 0.022 1.010 1.436 2.260 0.262 
---
1 test2fip_inconsistent left_hidden
0.151 0.363 0.000 0.000 3.731 0.000 0.000 0.297 0.000 0.000 1.610 0.000 0.000 1.943 0.000 2.271 0.574 2.803 0.002 0.000 
1 test2fip_inconsistent right_hidden
0.000 0.000 0.359 0.000 3.226 0.919 1.396 1.802 0.000 0.000 2.178 0.006 0.086 1.799 0.000 2.078 0.000 3.344 2.181 0.097 
---
0 test2fip_consistent left_hidden
3.060 1.116 1.080 1.258 0.619 0.209 0.000 0.002 1.041 2.187 0.000 0.902 0.000 0.000 0.000 0.059 2.627 0.250 1.462 0.240 
0 test2fip_consistent right_hidden
0.065 0.880 0.180 0.336 0.666 0.000 0.732 0.044 1.128 1.345 0.173 0.228 0.000 0.381 1.967 0.000 0.000 0.044 0.000 2.947 
---
1 test2fip_inconsistent left_hidden
3.060 1.116 1.080 1.258 0.619 0.209 0.000 0.002 1.041 2.187 0.000 0.902 0.000 0.000 0.000 0.059 2.627 0.250 1.462 0.240 
1 test2fip_inconsistent right_hidden
1.350 1.555 1.806 1.407 0.284 0.000 0.529 0.000 1.477 4.050 0.000 0.163 0.000 0.028 1.033 0.000 2.060 0.675 0.756 2.915 
---
0 test2fip_consistent left_hidden
0.811 0.000 0.000 0.000 0.000 3.086 0.000 0.000 0.000 0.000 0.373 0.000 4.733 0.000 0.000 0.012 0.000 0.000 2.065 0.000 
0 test2fip_consistent right_hidden
0.000 1.356 0.049 0.000 0.802 3.098 0.000 1.403 0.000 0.000 0.996 0.035 0.869 0.061 0.000 2.251 0.000 0.000 0.187 0.000 
---
1 test2fip_inconsistent left_hidden
0.811 0.000 0.000 0.000 0.000 3.086 0.000 0.000 0.000 0.000 0.373 0.000 4.733 0.000 0.000 0.012 0.000 0.000 2.065 0.000 
1 test2fip_inconsistent right_hidden
0.000 1.018 0.006 0.000 0.716 3.408 0.000 0.831 0.000 0.000 0.444 0.000 4.716 1.978 0.000 2.005 0.000 0.000 2.462 0.000 
---
0 test2fip_consistent left_hidden
1.570 0.133 1.211 0.080 1.301 0.000 0.000 0.000 0.365 0.000 1.677 0.152 0.664 0.170 2.734 0.332 0.000 3.257 0.000 0.601 
0 test2fip_consistent right_hidden
0.000 0.899 0.086 1.965 2.100 0.047 1.680 0.013 1.034 0.000 0.219 0.037 0.131 0.000 1.770 1.825 0.000 0.623 0.000 0.000 
---
1 test2fip_inconsistent left_hidden
1.570 0.133 1.211 0.080 1.301 0.000 0.000 0.000 0.365 0.000 1.677 0.152 0.664 0.170 2.734 0.332 0.000 3.257 0.000 0.601 
1 test2fip_inconsistent right_hidden
0.443 0.384 2.254 1.023 2.410 0.000 0.957 0.000 0.849 0.000 1.059 0.215 1.450 0.000 4.480 1.094 0.000 2.934 0.000 0.000 
---
0 test2fip_consistent left_hidden
1.739 0.000 3.918 0.103 0.209 1.628 0.827 0.000 0.000 0.000 0.000 0.000 0.000 0.000 0.000 2.299 2.149 1.640 0.000 0.094 
0 test2fip_consistent right_hidden
0.000 0.000 0.000 0.000 2.335 0.000 0.970 0.000 0.000 0.000 0.000 0.000 1.749 0.000 0.047 2.279 0.000 0.000 2.201 1.214 
---
1 test2fip_inconsistent left_hidden
1.739 0.000 3.918 0.103 0.209 1.628 0.827 0.000 0.000 0.000 0.000 0.000 0.000 0.000 0.000 2.299 2.149 1.640 0.000 0.094 
1 test2fip_inconsistent right_hidden
1.469 0.000 4.226 0.000 1.146 0.672 2.148 0.000 0.000 0.000 0.000 0.000 0.869 0.000 0.000 3.395 1.889 0.000 1.310 0.538 
---
0 test2fip_consistent left_hidden
0.721 0.000 3.378 0.000 0.000 1.840 0.000 1.288 0.000 1.512 2.603 0.000 2.858 0.000 1.399 0.081 0.000 0.000 0.456 0.000 
0 test2fip_consistent right_hidden
1.042 0.000 0.172 0.000 0.000 0.211 0.000 0.000 0.000 1.798 2.112 0.000 1.294 0.000 0.030 1.158 0.000 0.000 2.503 1.018 
---
1 test2fip_inconsistent left_hidden
0.721 0.000 3.378 0.000 0.000 1.840 0.000 1.288 0.000 1.512 2.603 0.000 2.858 0.000 1.399 0.081 0.000 0.000 0.456 0.000 
1 test2fip_inconsistent right_hidden
1.632 0.000 3.518 0.000 0.000 1.753 0.000 0.000 0.027 1.586 2.764 0.000 2.819 0.000 1.818 1.037 0.000 0.000 1.738 0.891 
---
0 test2fip_consistent left_hidden
0.000 0.000 1.696 0.000 0.397 3.775 0.000 3.513 0.000 0.000 0.000 0.941 0.000 0.000 0.000 0.280 0.409 0.000 0.000 1.737 
0 test2fip_consistent right_hidden
0.000 0.000 0.941 0.000 2.155 1.214 0.000 0.000 0.000 0.000 0.358 2.843 0.000 0.000 0.000 0.676 2.215 0.000 0.000 0.000 
---
1 test2fip_inconsistent left_hidden
0.000 0.000 1.696 0.000 0.397 3.775 0.000 3.513 0.000 0.000 0.000 0.941 0.000 0.000 0.000 0.280 0.409 0.000 0.000 1.737 
1 test2fip_inconsistent right_hidden
0.000 0.000 3.583 0.000 1.336 4.037 0.000 2.727 0.000 0.000 0.000 1.238 0.000 0.000 0.000 1.136 2.088 0.000 0.000 0.630 
---
0 test2fip_consistent left_hidden
0.053 0.000 0.067 0.667 0.000 0.127 0.000 0.000 3.379 1.705 0.000 0.694 1.880 0.000 2.809 0.000 1.708 1.486 0.000 1.323 
0 test2fip_consistent right_hidden
0.040 0.000 0.072 2.707 0.000 2.084 0.144 0.468 0.382 0.000 2.416 0.000 0.000 0.000 0.569 0.015 0.635 1.016 0.000 0.000 
---
1 test2fip_inconsistent left_hidden
0.053 0.000 0.067 0.667 0.000 0.127 0.000 0.000 3.379 1.705 0.000 0.694 1.880 0.000 2.809 0.000 1.708 1.486 0.000 1.323 
1 test2fip_inconsistent right_hidden
0.033 0.000 0.000 2.186 0.000 1.523 0.020 0.000 2.956 0.000 1.088 1.476 1.061 0.000 3.710 0.000 0.663 1.325 0.000 1.376 
---
0 test2fip_consistent left_hidden
2.024 0.003 0.000 1.210 0.762 1.041 1.457 0.081 1.680 0.000 0.000 0.000 2.679 0.000 1.508 0.000 0.579 0.000 1.348 1.933 
0 test2fip_consistent right_hidden
0.000 0.000 0.000 0.288 0.058 0.150 0.000 0.056 0.695 0.781 0.000 0.000 1.102 0.198 1.474 0.271 1.078 2.844 0.271 2.132 
---
1 test2fip_inconsistent left_hidden
2.024 0.003 0.000 1.210 0.762 1.041 1.457 0.081 1.680 0.000 0.000 0.000 2.679 0.000 1.508 0.000 0.579 0.000 1.348 1.933 
1 test2fip_inconsistent right_hidden
1.967 0.000 0.000 1.544 0.140 1.751 0.587 0.000 3.490 0.000 0.000 0.000 2.370 0.000 1.527 0.000 1.417 2.241 1.663 2.991 
---
0 test2fip_consistent left_hidden
0.000 2.892 0.000 1.136 0.278 0.000 0.000 0.000 0.000 1.908 0.686 0.000 0.000 2.197 2.897 0.000 2.484 0.562 0.930 0.347 
0 test2fip_consistent right_hidden
0.000 0.165 0.000 1.682 0.197 0.189 0.000 1.285 0.000 0.101 0.065 0.042 0.600 0.497 1.325 0.002 0.816 2.554 0.000 2.150 
---
1 test2fip_inconsistent left_hidden
0.000 2.892 0.000 1.136 0.278 0.000 0.000 0.000 0.000 1.908 0.686 0.000 0.000 2.197 2.897 0.000 2.484 0.562 0.930 0.347 
1 test2fip_inconsistent right_hidden
0.000 3.440 0.000 2.550 0.213 0.000 0.000 0.324 0.000 1.277 0.429 0.000 0.344 2.124 3.266 0.000 1.445 2.235 1.398 1.175 
---
0 test2fip_consistent left_hidden
0.101 2.425 1.221 0.192 0.000 0.552 1.270 1.004 0.000 2.828 0.000 0.000 0.024 0.685 0.013 0.619 2.552 0.000 1.477 0.120 
0 test2fip_consistent right_hidden
2.799 1.685 1.269 0.537 0.000 0.737 0.398 0.132 0.000 0.203 0.293 0.730 1.328 0.031 0.109 0.106 0.815 0.000 0.000 0.000 
---
1 test2fip_inconsistent left_hidden
0.101 2.425 1.221 0.192 0.000 0.552 1.270 1.004 0.000 2.828 0.000 0.000 0.024 0.685 0.013 0.619 2.552 0.000 1.477 0.120 
1 test2fip_inconsistent right_hidden
2.169 3.164 2.494 0.016 0.000 0.099 0.732 0.994 0.000 2.893 0.000 0.000 1.035 0.877 1.775 0.755 3.161 0.000 0.242 0.000 
---
0 test2fip_consistent left_hidden
0.000 0.000 2.134 0.000 0.000 0.000 0.000 0.000 3.735 0.749 1.480 0.550 2.794 0.000 0.000 0.000 2.435 0.000 0.584 0.294 
0 test2fip_consistent right_hidden
0.000 0.000 0.191 0.823 0.000 0.000 0.691 0.000 1.814 0.000 0.133 1.104 2.341 0.000 0.000 0.647 2.037 0.000 0.122 0.044 
---
1 test2fip_inconsistent left_hidden
0.000 0.000 2.134 0.000 0.000 0.000 0.000 0.000 3.735 0.749 1.480 0.550 2.794 0.000 0.000 0.000 2.435 0.000 0.584 0.294 
1 test2fip_inconsistent right_hidden
0.000 0.000 3.574 0.000 0.000 0.000 0.438 0.000 3.586 0.007 1.720 0.557 2.624 0.000 0.000 0.000 2.687 0.000 2.508 0.000 
---
0 test2fip_consistent left_hidden
0.000 0.000 2.749 0.047 0.111 2.839 0.000 3.100 0.000 1.269 1.456 0.000 0.000 0.315 2.324 0.000 1.300 0.000 1.530 0.000 
0 test2fip_consistent right_hidden
1.393 0.256 0.371 1.867 1.803 0.854 0.112 0.732 0.492 1.403 0.000 0.704 0.000 0.032 0.291 0.000 0.186 0.000 1.857 0.000 
---
1 test2fip_inconsistent left_hidden
0.000 0.000 2.749 0.047 0.111 2.839 0.000 3.100 0.000 1.269 1.456 0.000 0.000 0.315 2.324 0.000 1.300 0.000 1.530 0.000 
1 test2fip_inconsistent right_hidden
0.934 0.000 3.976 1.255 1.112 2.569 0.255 1.392 0.326 1.993 0.000 0.227 0.009 0.000 2.471 0.000 0.949 0.000 3.938 0.000 
---
0 test2fip_consistent left_hidden
0.000 1.981 0.898 1.452 0.000 0.000 1.622 0.000 1.636 0.000 1.156 0.000 2.999 3.218 0.019 0.000 0.000 0.000 0.000 0.000 
0 test2fip_consistent right_hidden
0.000 0.098 1.619 2.782 0.000 0.000 0.000 0.000 0.086 0.000 2.929 0.000 1.006 0.011 1.450 0.000 0.000 0.000 0.000 0.000 
---
1 test2fip_inconsistent left_hidden
0.000 1.981 0.898 1.452 0.000 0.000 1.622 0.000 1.636 0.000 1.156 0.000 2.999 3.218 0.019 0.000 0.000 0.000 0.000 0.000 
1 test2fip_inconsistent right_hidden
0.000 2.196 0.333 1.302 0.000 0.000 0.652 0.000 1.256 0.000 3.027 0.000 5.072 2.017 0.998 0.000 0.000 0.000 0.000 0.000 
---
0 test2fip_consistent left_hidden
2.947 0.009 0.000 1.167 0.883 0.000 0.000 1.479 0.000 0.238 0.056 1.922 1.572 0.000 1.802 2.369 0.000 1.183 0.000 0.242 
0 test2fip_consistent right_hidden
0.443 0.027 0.077 0.427 1.450 0.000 1.067 1.271 0.000 0.000 2.890 0.178 0.524 0.000 0.553 0.248 0.000 1.730 1.229 0.200 
---
1 test2fip_inconsistent left_hidden
2.947 0.009 0.000 1.167 0.883 0.000 0.000 1.479 0.000 0.238 0.056 1.922 1.572 0.000 1.802 2.369 0.000 1.183 0.000 0.242 
1 test2fip_inconsistent right_hidden
2.788 0.000 0.000 1.429 0.617 0.000 0.234 3.338 0.214 0.000 1.737 1.324 1.516 0.000 0.031 3.044 0.000 2.707 0.940 0.049 
---
0 test2fip_consistent left_hidden
0.750 5.124 0.000 0.000 0.000 0.000 2.460 0.000 0.000 1.376 0.409 0.333 0.000 0.000 0.000 0.000 0.000 0.000 0.044 0.000 
0 test2fip_consistent right_hidden
0.774 0.265 2.867 0.000 0.051 0.000 1.332 0.000 0.000 0.279 0.129 1.261 0.267 0.100 0.065 0.000 0.786 0.000 0.573 1.071 
---
1 test2fip_inconsistent left_hidden
0.750 5.124 0.000 0.000 0.000 0.000 2.460 0.000 0.000 1.376 0.409 0.333 0.000 0.000 0.000 0.000 0.000 0.000 0.044 0.000 
1 test2fip_inconsistent right_hidden
0.746 4.691 1.803 0.000 0.000 0.000 2.509 0.000 0.000 1.262 0.566 1.004 0.118 0.000 0.000 0.000 0.635 0.000 0.256 0.650 
---
0 test2fip_consistent left_hidden
0.800 0.000 0.000 0.000 0.000 0.000 0.686 0.000 0.000 1.569 0.000 0.000 2.619 0.928 1.233 0.000 3.110 2.331 1.523 0.000 
0 test2fip_consistent right_hidden
1.267 0.000 3.477 0.000 0.938 0.000 0.505 1.532 0.000 0.000 0.000 0.533 0.014 0.000 0.060 0.013 0.075 0.822 1.816 0.000 
---
1 test2fip_inconsistent left_hidden
0.800 0.000 0.000 0.000 0.000 0.000 0.686 0.000 0.000 1.569 0.000 0.000 2.619 0.928 1.233 0.000 3.110 2.331 1.523 0.000 
1 test2fip_inconsistent right_hidden
1.095 0.000 2.772 0.000 1.074 0.000 1.671 1.161 0.000 0.000 0.000 0.000 1.817 1.901 0.000 0.000 2.611 2.476 2.914 0.000 
---
0 test2fip_consistent left_hidden
3.085 1.109 0.594 0.000 0.406 0.000 0.363 0.000 1.374 1.993 2.518 0.000 1.655 0.000 1.740 0.959 0.000 0.000 0.040 0.006 
0 test2fip_consistent right_hidden
0.518 0.000 0.000 0.000 1.661 0.000 1.634 0.213 0.022 0.319 3.319 0.000 0.172 0.000 0.000 0.045 0.000 0.000 0.119 0.000 
---
1 test2fip_inconsistent left_hidden
3.085 1.109 0.594 0.000 0.406 0.000 0.363 0.000 1.374 1.993 2.518 0.000 1.655 0.000 1.740 0.959 0.000 0.000 0.040 0.006 
1 test2fip_inconsistent right_hidden
2.909 0.000 0.000 0.000 0.635 0.000 2.885 0.000 1.707 2.865 3.352 0.000 1.700 0.000 0.399 0.211 0.000 0.000 0.024 0.000 
---
0 test2fip_consistent left_hidden
0.000 0.000 0.000 0.000 0.465 3.785 0.000 0.000 0.114 0.217 1.634 2.856 0.000 0.534 0.000 0.605 2.809 0.000 2.483 0.000 
0 test2fip_consistent right_hidden
0.000 0.000 1.150 0.000 1.539 0.044 0.128 0.000 0.035 0.000 1.536 0.107 4.045 0.329 0.000 0.397 0.202 0.019 0.226 0.000 
---
1 test2fip_inconsistent left_hidden
0.000 0.000 0.000 0.000 0.465 3.785 0.000 0.000 0.114 0.217 1.634 2.856 0.000 0.534 0.000 0.605 2.809 0.000 2.483 0.000 
1 test2fip_inconsistent right_hidden
0.000 0.000 1.126 0.000 0.425 2.336 0.000 0.000 0.000 0.000 0.580 0.000 3.357 0.207 0.000 1.209 4.451 0.000 0.000 0.000 
---
0 test2fip_consistent left_hidden
0.000 2.494 0.000 0.000 1.537 3.930 0.000 0.000 0.000 0.000 1.975 0.000 0.000 0.000 1.461 0.000 0.000 0.000 0.269 2.696 
0 test2fip_consistent right_hidden
0.000 0.078 0.000 0.031 0.000 0.266 0.000 0.000 0.000 0.000 1.185 0.000 0.000 0.000 2.842 0.000 0.000 0.000 3.392 2.093 
---
1 test2fip_inconsistent left_hidden
0.000 2.494 0.000 0.000 1.537 3.930 0.000 0.000 0.000 0.000 1.975 0.000 0.000 0.000 1.461 0.000 0.000 0.000 0.269 2.696 
1 test2fip_inconsistent right_hidden
0.000 1.685 0.000 0.000 0.000 3.953 0.000 0.000 0.000 0.000 3.798 0.000 0.000 0.000 1.873 0.000 0.000 0.000 2.759 2.252 
---
0 test2fip_consistent left_hidden
4.265 1.950 2.230 0.000 0.114 0.435 0.000 0.000 0.000 0.000 0.554 0.675 0.174 0.000 0.000 0.000 3.005 0.000 0.848 0.000 
0 test2fip_consistent right_hidden
0.221 0.755 0.091 1.431 1.722 1.790 0.013 0.000 0.521 0.000 0.000 0.000 0.000 1.560 0.000 0.000 0.249 2.230 0.345 0.000 
---
1 test2fip_inconsistent left_hidden
4.265 1.950 2.230 0.000 0.114 0.435 0.000 0.000 0.000 0.000 0.554 0.675 0.174 0.000 0.000 0.000 3.005 0.000 0.848 0.000 
1 test2fip_inconsistent right_hidden
3.684 0.365 1.476 0.523 1.068 1.762 2.017 0.000 0.214 0.000 0.000 1.626 0.000 1.129 0.000 0.000 1.927 1.503 2.038 0.000 
---
0 test2fip_consistent left_hidden
1.131 0.000 0.000 0.000 0.092 0.000 0.000 0.000 0.000 0.000 1.610 0.000 0.000 0.000 0.273 2.919 2.399 0.005 3.814 0.000 
0 test2fip_consistent right_hidden
0.000 0.000 0.050 0.000 1.650 0.041 0.000 0.000 0.000 0.000 1.153 2.441 0.593 2.245 0.059 0.000 0.000 0.212 1.344 0.000 
---
1 test2fip_inconsistent left_hidden
1.131 0.000 0.000 0.000 0.092 0.000 0.000 0.000 0.000 0.000 1.610 0.000 0.000 0.000 0.273 2.919 2.399 0.005 3.814 0.000 
1 test2fip_inconsistent right_hidden
1.907 0.000 0.000 0.000 0.683 0.000 0.000 0.000 0.000 0.000 2.110 0.218 0.000 0.704 0.000 1.151 0.090 0.000 5.996 0.000 
---
0 test2fip_consistent left_hidden
0.189 2.535 1.309 2.982 1.621 0.719 0.000 0.000 0.000 0.979 0.000 0.000 1.203 0.000 0.000 0.000 0.000 1.823 2.456 0.000 
0 test2fip_consistent right_hidden
0.000 0.087 0.000 2.598 0.000 0.076 0.000 0.000 0.027 0.311 0.000 0.000 0.218 2.954 0.733 1.848 0.000 0.664 0.232 0.000 
---
1 test2fip_inconsistent left_hidden
0.189 2.535 1.309 2.982 1.621 0.719 0.000 0.000 0.000 0.979 0.000 0.000 1.203 0.000 0.000 0.000 0.000 1.823 2.456 0.000 
1 test2fip_inconsistent right_hidden
0.000 1.899 0.000 3.357 0.043 0.000 0.000 0.000 0.000 1.854 0.000 0.000 1.885 2.781 0.686 0.526 0.000 2.810 3.671 0.000 
---
0 test2fip_consistent left_hidden
0.000 0.000 0.000 0.916 4.686 0.000 0.244 0.000 0.000 0.000 0.000 0.137 0.199 1.313 0.000 0.000 0.000 0.841 0.000 3.066 
0 test2fip_consistent right_hidden
0.000 0.083 1.910 0.235 0.918 0.000 1.122 0.000 1.493 1.815 0.000 1.321 0.527 2.287 0.000 0.000 0.000 0.334 0.618 0.266 
---
1 test2fip_inconsistent left_hidden
0.000 0.000 0.000 0.916 4.686 0.000 0.244 0.000 0.000 0.000 0.000 0.137 0.199 1.313 0.000 0.000 0.000 0.841 0.000 3.066 
1 test2fip_inconsistent right_hidden
0.000 0.000 0.926 1.659 3.328 0.000 2.069 0.000 1.292 1.406 0.000 2.352 0.000 2.006 0.000 0.000 0.000 0.000 0.560 3.376 
---
0 test2fip_consistent left_hidden
0.000 0.000 0.159 2.247 2.396 0.000 0.443 0.000 0.000 3.486 0.000 0.000 0.000 0.000 2.840 0.328 0.000 1.388 1.150 0.000 
0 test2fip_consistent right_hidden
0.000 2.635 0.000 1.627 0.423 2.365 1.094 0.000 0.000 1.002 0.000 0.000 1.051 0.000 0.000 1.541 0.106 0.093 0.000 0.000 
---
1 test2fip_inconsistent left_hidden
0.000 0.000 0.159 2.247 2.396 0.000 0.443 0.000 0.000 3.486 0.000 0.000 0.000 0.000 2.840 0.328 0.000 1.388 1.150 0.000 
1 test2fip_inconsistent right_hidden
0.000 2.212 0.000 2.464 1.583 2.016 1.654 0.000 0.000 2.460 0.000 0.000 0.000 0.000 3.553 1.485 0.000 1.858 0.148 0.000 
---
0 test2fip_consistent left_hidden
0.000 0.222 0.000 3.749 0.000 0.000 0.384 1.590 0.762 0.000 2.471 0.000 1.596 0.000 1.059 0.000 0.000 0.000 2.126 2.199 
0 test2fip_consistent right_hidden
0.000 1.843 1.387 0.894 0.021 0.598 0.459 1.336 0.021 0.000 1.833 0.445 0.535 1.289 0.107 0.000 0.000 0.000 0.177 0.688 
---
1 test2fip_inconsistent left_hidden
0.000 0.222 0.000 3.749 0.000 0.000 0.384 1.590 0.762 0.000 2.471 0.000 1.596 0.000 1.059 0.000 0.000 0.000 2.126 2.199 
1 test2fip_inconsistent right_hidden
0.000 1.521 0.889 3.121 0.000 0.181 2.337 1.830 0.000 0.000 2.508 0.000 1.036 0.862 1.250 0.000 0.000 0.000 2.124 2.729 
---
0 test2fip_consistent left_hidden
0.000 0.000 0.000 3.248 0.000 1.797 2.740 0.000 0.000 0.000 0.511 0.000 0.000 0.000 0.000 0.245 3.766 0.000 0.000 1.094 
0 test2fip_consistent right_hidden
1.846 0.000 0.000 1.723 0.000 0.518 0.108 0.862 0.000 1.734 2.865 1.007 0.175 0.000 0.000 0.000 1.261 0.007 0.477 0.503 
---
1 test2fip_inconsistent left_hidden
0.000 0.000 0.000 3.248 0.000 1.797 2.740 0.000 0.000 0.000 0.511 0.000 0.000 0.000 0.000 0.245 3.766 0.000 0.000 1.094 
1 test2fip_inconsistent right_hidden
1.410 0.000 0.000 3.655 0.000 2.754 2.694 0.175 0.000 0.887 1.889 0.271 0.047 0.000 0.000 0.000 3.981 0.000 0.166 0.492 
---
0 test2fip_consistent left_hidden
0.000 0.000 1.697 0.715 0.655 3.133 1.747 0.000 1.300 0.000 1.098 1.731 0.604 0.000 1.733 0.000 0.000 1.127 1.943 0.000 
0 test2fip_consistent right_hidden
1.426 0.000 1.691 0.000 0.094 0.224 0.131 0.000 1.357 0.399 3.094 0.181 0.054 0.000 0.144 0.000 0.000 0.896 0.058 0.000 
---
1 test2fip_inconsistent left_hidden
0.000 0.000 1.697 0.715 0.655 3.133 1.747 0.000 1.300 0.000 1.098 1.731 0.604 0.000 1.733 0.000 0.000 1.127 1.943 0.000 
1 test2fip_inconsistent right_hidden
0.397 0.000 1.678 1.543 1.996 3.096 0.494 0.000 0.962 0.000 4.390 1.214 0.000 0.000 1.196 0.000 0.000 0.198 1.966 0.000 
---
