0 test1dax_consistent 0.697 1.338 1.127 0.000 0.000 0.983 0.000 0.000 1.187 0.035 1.114 0.000 1.291 0.000 0.478 0.000 0.356 0.000 0.000 0.000 0.000 3.322 3.809 0.000 0.045 1.389 0.057 0.000 1.903 0.000 0.000 0.003 3.100 0.006 0.256 0.000 0.019 0.000 0.000 0.587 
1 test1dax_inconsistent 0.697 1.338 1.127 0.000 0.000 0.983 0.000 0.000 1.187 0.035 1.114 0.000 1.291 0.000 0.478 0.000 0.356 0.000 0.000 0.000 0.000 2.345 1.460 0.000 0.636 0.000 0.240 0.000 0.108 0.078 0.000 0.000 0.774 0.091 0.322 0.000 0.531 0.000 0.188 0.000 
0 test1dax_consistent 0.031 0.000 0.034 1.111 0.085 0.000 0.115 0.000 0.040 1.461 0.236 2.339 0.046 0.000 0.440 0.000 0.000 0.609 0.653 0.000 3.838 0.000 0.000 1.699 0.000 0.000 0.603 0.000 0.000 0.000 1.237 4.687 0.000 0.000 0.058 0.000 0.000 0.000 1.984 0.000 
1 test1dax_inconsistent 0.031 0.000 0.034 1.111 0.085 0.000 0.115 0.000 0.040 1.461 0.236 2.339 0.046 0.000 0.440 0.000 0.000 0.609 0.653 0.000 1.992 0.000 0.000 0.857 0.000 0.042 0.000 0.000 0.066 0.014 1.334 1.042 0.000 0.035 0.000 0.000 0.096 0.112 0.491 0.000 
0 test1dax_consistent 0.000 0.000 0.570 0.151 0.000 1.203 0.034 0.000 1.098 0.540 0.474 0.964 0.400 1.197 0.000 1.557 0.000 0.072 0.388 0.000 0.000 2.960 0.000 2.450 0.000 3.002 0.000 0.000 0.000 0.000 0.000 3.774 0.894 0.808 0.000 0.000 0.000 0.000 0.000 0.000 
1 test1dax_inconsistent 0.000 0.000 0.570 0.151 0.000 1.203 0.034 0.000 1.098 0.540 0.474 0.964 0.400 1.197 0.000 1.557 0.000 0.072 0.388 0.000 0.000 1.458 0.000 1.273 0.000 0.546 0.000 0.000 0.032 0.000 0.189 0.619 1.111 0.774 0.035 0.157 0.066 0.000 0.356 0.000 
0 test1dax_consistent 1.737 0.472 1.515 0.696 0.000 0.000 0.496 0.132 0.888 0.247 0.076 0.000 1.029 0.824 0.000 0.000 0.885 0.000 0.175 0.899 4.735 0.000 2.420 0.232 0.000 0.000 0.000 0.000 2.005 2.056 0.029 0.183 0.000 3.405 0.000 0.000 0.000 0.000 2.010 1.678 
1 test1dax_inconsistent 1.737 0.472 1.515 0.696 0.000 0.000 0.496 0.132 0.888 0.247 0.076 0.000 1.029 0.824 0.000 0.000 0.885 0.000 0.175 0.899 0.911 0.047 0.912 0.291 0.257 0.000 0.000 0.001 0.801 1.578 0.463 0.439 0.000 2.041 0.000 0.000 0.083 0.119 0.195 1.036 
0 test1dax_consistent 0.000 2.302 0.000 1.144 1.488 0.000 0.000 0.000 0.325 0.721 0.216 0.893 0.000 0.861 0.000 0.321 1.808 0.059 0.000 0.000 3.433 2.228 0.144 3.210 3.469 0.058 0.000 0.000 2.868 0.000 0.000 0.000 0.374 0.000 0.000 0.000 0.000 0.000 0.000 0.000 
1 test1dax_inconsistent 0.000 2.302 0.000 1.144 1.488 0.000 0.000 0.000 0.325 0.721 0.216 0.893 0.000 0.861 0.000 0.321 1.808 0.059 0.000 0.000 0.953 1.791 0.000 0.760 0.957 0.000 0.000 0.000 1.612 0.216 0.111 0.032 0.593 0.000 0.000 0.000 0.605 0.000 0.326 0.000 
0 test1dax_consistent 0.164 0.401 0.000 0.000 0.454 0.102 0.681 0.366 0.498 1.369 1.926 0.160 0.000 0.961 0.138 0.000 0.193 0.172 0.325 1.330 1.953 2.796 1.184 0.000 0.305 1.216 0.000 1.974 1.634 0.374 0.000 4.478 0.000 0.000 0.000 0.000 0.423 0.072 0.000 1.145 
1 test1dax_inconsistent 0.164 0.401 0.000 0.000 0.454 0.102 0.681 0.366 0.498 1.369 1.926 0.160 0.000 0.961 0.138 0.000 0.193 0.172 0.325 1.330 0.849 0.566 0.589 0.000 0.800 0.529 0.000 0.742 0.344 0.198 0.521 0.735 0.445 0.427 0.165 0.000 0.540 0.000 0.043 0.109 
0 test1dax_consistent 0.163 0.000 0.123 0.000 0.112 0.782 0.000 1.100 1.519 0.234 1.342 1.220 0.570 0.661 0.699 0.102 0.000 0.425 0.061 0.000 3.166 0.000 3.747 0.000 0.000 2.517 0.000 0.000 0.577 1.017 0.000 0.045 0.907 2.679 0.000 1.529 0.113 0.247 2.120 0.000 
1 test1dax_inconsistent 0.163 0.000 0.123 0.000 0.112 0.782 0.000 1.100 1.519 0.234 1.342 1.220 0.570 0.661 0.699 0.102 0.000 0.425 0.061 0.000 0.690 0.000 0.557 0.000 0.000 0.516 0.000 0.000 0.164 0.435 0.016 0.640 0.679 0.941 0.000 0.376 0.453 0.536 0.662 0.000 
0 test1dax_consistent 0.538 0.733 1.247 0.000 0.886 0.133 0.343 1.470 0.139 0.325 0.000 0.000 0.000 0.000 0.408 0.000 0.105 0.000 0.000 2.007 0.000 4.052 0.000 0.000 2.950 0.004 2.939 0.000 3.079 0.774 0.842 0.000 0.000 0.000 0.750 0.000 1.665 0.000 0.000 3.669 
1 test1dax_inconsistent 0.538 0.733 1.247 0.000 0.886 0.133 0.343 1.470 0.139 0.325 0.000 0.000 0.000 0.000 0.408 0.000 0.105 0.000 0.000 2.007 0.000 1.304 0.151 0.000 2.472 0.000 1.062 0.000 0.378 0.413 0.624 0.063 0.000 0.000 0.326 0.000 0.664 0.902 0.000 0.874 
0 test1dax_consistent 1.465 0.217 0.000 0.460 0.577 1.808 0.000 0.000 0.764 0.575 0.458 0.761 0.132 0.885 0.000 0.222 1.429 0.365 0.000 0.000 0.040 2.254 0.000 0.000 0.000 3.115 2.281 0.000 1.652 2.078 0.000 0.000 0.878 1.912 2.375 0.000 1.164 0.127 0.000 1.703 
1 test1dax_inconsistent 1.465 0.217 0.000 0.460 0.577 1.808 0.000 0.000 0.764 0.575 0.458 0.761 0.132 0.885 0.000 0.222 1.429 0.365 0.000 0.000 0.739 0.654 0.000 0.000 0.000 0.581 0.829 0.000 0.195 0.452 0.000 0.470 0.776 1.525 1.031 0.341 0.208 0.468 0.000 0.419 
0 test1dax_consistent 1.252 0.000 0.680 0.036 0.248 0.761 0.000 0.949 0.000 0.549 0.744 0.991 1.403 0.397 0.007 0.000 0.000 1.223 0.000 1.398 4.048 0.000 0.000 0.000 0.000 0.212 0.000 3.122 0.000 3.039 0.000 0.000 0.000 0.000 3.031 0.000 0.000 1.297 0.726 2.015 
1 test1dax_inconsistent 1.252 0.000 0.680 0.036 0.248 0.761 0.000 0.949 0.000 0.549 0.744 0.991 1.403 0.397 0.007 0.000 0.000 1.223 0.000 1.398 1.525 0.170 0.167 0.000 0.000 0.593 0.000 0.463 0.444 0.423 0.007 0.901 0.060 0.370 0.928 0.196 0.000 1.365 0.199 0.452 
0 test1dax_consistent 0.108 0.371 0.000 0.487 0.000 0.000 0.246 0.920 1.970 0.000 0.296 0.000 0.266 0.209 1.576 0.000 0.352 0.079 0.073 0.000 0.000 0.249 3.663 2.083 0.000 0.000 0.000 1.223 0.162 0.000 0.000 0.637 3.062 0.000 0.000 1.547 0.000 0.539 3.917 0.000 
1 test1dax_inconsistent 0.108 0.371 0.000 0.487 0.000 0.000 0.246 0.920 1.970 0.000 0.296 0.000 0.266 0.209 1.576 0.000 0.352 0.079 0.073 0.000 0.635 0.026 0.651 0.416 0.000 0.000 0.000 0.511 0.016 0.050 0.351 0.414 0.825 0.000 0.000 0.334 0.077 0.281 1.692 0.000 
0 test1dax_consistent 0.600 0.722 0.160 0.159 0.000 0.400 0.000 0.385 1.636 1.588 0.010 0.000 0.000 0.698 0.755 1.293 0.237 0.000 0.000 0.175 0.000 3.790 2.278 0.000 0.000 4.624 0.000 0.000 0.000 0.000 0.082 0.000 0.000 2.885 2.304 0.595 1.291 0.000 0.023 0.000 
1 test1dax_inconsistent 0.600 0.722 0.160 0.159 0.000 0.400 0.000 0.385 1.636 1.588 0.010 0.000 0.000 0.698 0.755 1.293 0.237 0.000 0.000 0.175 0.000 1.040 1.349 0.000 0.000 1.029 0.000 0.237 0.000 0.194 0.164 0.000 0.000 1.054 1.548 0.431 1.058 0.000 0.200 0.128 
0 test1dax_consistent 0.000 0.057 0.706 0.000 0.000 0.000 0.000 0.006 0.000 0.015 0.000 0.000 0.189 0.725 0.523 0.602 0.670 0.958 1.864 1.696 0.000 0.000 0.000 0.000 3.484 2.791 0.000 0.712 1.273 0.000 2.220 0.000 1.884 0.300 0.000 0.606 3.505 0.196 2.576 0.359 
1 test1dax_inconsistent 0.000 0.057 0.706 0.000 0.000 0.000 0.000 0.006 0.000 0.015 0.000 0.000 0.189 0.725 0.523 0.602 0.670 0.958 1.864 1.696 0.000 0.243 0.150 0.000 1.417 1.268 0.000 0.428 0.923 0.000 0.731 0.000 0.662 0.680 0.000 0.000 0.502 0.208 1.106 0.868 
0 test1dax_consistent 0.778 0.855 0.000 0.000 1.390 0.000 1.153 0.746 0.000 0.000 0.000 1.816 0.351 0.000 0.754 0.103 0.000 0.000 0.000 2.227 0.682 0.000 3.863 0.000 0.000 0.265 1.405 1.354 2.717 1.364 0.000 0.000 0.640 0.000 0.000 0.000 0.000 2.701 0.000 1.539 
1 test1dax_inconsistent 0.778 0.855 0.000 0.000 1.390 0.000 1.153 0.746 0.000 0.000 0.000 1.816 0.351 0.000 0.754 0.103 0.000 0.000 0.000 2.227 1.218 0.000 1.102 0.000 0.265 0.000 0.000 0.905 0.837 0.025 0.000 0.552 0.649 0.000 0.000 0.000 0.000 0.643 0.000 0.570 
0 test1dax_consistent 0.000 1.348 2.251 0.043 0.000 0.000 0.000 0.000 0.043 0.000 0.000 1.057 1.005 0.000 1.020 0.088 0.002 0.128 0.000 0.000 0.004 4.988 0.101 0.000 0.000 0.000 0.000 0.144 0.285 0.000 0.639 1.040 0.000 1.600 4.194 0.000 0.986 0.000 0.000 0.000 
1 test1dax_inconsistent 0.000 1.348 2.251 0.043 0.000 0.000 0.000 0.000 0.043 0.000 0.000 1.057 1.005 0.000 1.020 0.088 0.002 0.128 0.000 0.000 0.213 1.122 0.479 0.000 0.000 0.000 0.000 0.231 0.000 0.000 0.000 1.024 0.249 0.000 1.878 0.000 0.000 0.058 0.023 0.000 
0 test1dax_consistent 0.059 0.708 0.034 1.461 0.000 0.302 0.287 0.000 0.000 0.575 0.000 0.488 0.410 0.012 1.321 0.988 0.809 1.266 0.249 0.589 0.000 0.000 0.054 0.000 0.638 1.600 2.275 0.000 1.783 0.000 2.175 0.000 0.000 0.000 1.322 1.828 4.455 0.000 0.000 2.280 
1 test1dax_inconsistent 0.059 0.708 0.034 1.461 0.000 0.302 0.287 0.000 0.000 0.575 0.000 0.488 0.410 0.012 1.321 0.988 0.809 1.266 0.249 0.589 0.000 0.213 0.000 0.000 0.486 0.103 1.132 0.000 0.719 0.581 1.306 0.041 0.000 0.396 0.191 1.233 1.246 0.375 0.534 0.470 
0 test1dax_consistent 0.628 0.434 0.000 2.053 0.143 0.000 0.917 0.782 0.000 0.000 1.045 0.467 0.000 0.000 0.919 0.173 0.000 0.155 0.870 0.306 0.000 1.745 0.000 0.000 0.838 0.000 0.000 0.369 0.000 0.000 1.487 0.331 0.000 0.000 1.465 0.000 0.000 5.553 3.869 0.000 
1 test1dax_inconsistent 0.628 0.434 0.000 2.053 0.143 0.000 0.917 0.782 0.000 0.000 1.045 0.467 0.000 0.000 0.919 0.173 0.000 0.155 0.870 0.306 0.000 0.141 0.000 0.000 0.483 0.000 0.137 1.053 0.000 0.397 0.123 0.703 0.321 0.000 0.208 0.065 0.000 1.475 1.373 0.000 
0 test1dax_consistent 0.403 0.704 0.063 0.321 0.000 0.524 1.092 0.812 0.599 0.412 1.232 0.988 0.000 0.055 1.305 0.000 0.604 0.868 1.143 0.074 0.263 0.558 1.325 2.003 0.000 0.788 2.951 4.346 0.091 2.629 1.216 0.000 0.000 0.000 0.149 0.000 0.000 0.000 0.561 1.269 
1 test1dax_inconsistent 0.403 0.704 0.063 0.321 0.000 0.524 1.092 0.812 0.599 0.412 1.232 0.988 0.000 0.055 1.305 0.000 0.604 0.868 1.143 0.074 0.391 0.000 0.767 0.270 0.000 0.260 0.538 1.012 0.826 1.622 0.333 0.160 0.000 0.000 0.198 0.000 0.361 0.000 0.268 0.834 
0 test1dax_consistent 0.287 0.000 0.359 1.643 0.121 0.000 0.000 0.253 0.000 0.247 0.000 0.368 0.854 0.043 0.000 1.540 0.000 0.000 0.000 1.809 3.890 0.000 0.000 2.616 0.000 3.100 0.000 1.016 0.000 1.709 0.000 1.970 0.151 0.463 0.456 0.000 2.041 0.470 3.511 0.493 
1 test1dax_inconsistent 0.287 0.000 0.359 1.643 0.121 0.000 0.000 0.253 0.000 0.247 0.000 0.368 0.854 0.043 0.000 1.540 0.000 0.000 0.000 1.809 0.909 0.000 0.000 0.641 0.000 1.577 0.000 0.382 0.000 0.503 0.000 0.174 0.155 0.239 0.778 0.376 0.370 1.006 1.585 0.000 
0 test1dax_consistent 0.231 0.879 0.000 0.053 0.189 0.507 0.287 0.000 0.133 0.171 0.926 1.457 0.117 0.000 1.730 0.733 0.536 1.059 0.000 0.945 0.000 2.149 0.000 0.000 0.492 2.965 4.497 0.000 0.882 0.608 0.952 0.677 2.754 0.000 0.089 0.000 0.317 0.000 0.000 0.000 
1 test1dax_inconsistent 0.231 0.879 0.000 0.053 0.189 0.507 0.287 0.000 0.133 0.171 0.926 1.457 0.117 0.000 1.730 0.733 0.536 1.059 0.000 0.945 0.000 0.867 0.000 0.000 0.550 1.370 1.131 0.000 0.031 0.385 0.000 0.543 0.247 0.000 0.573 0.233 0.286 0.370 0.007 0.430 
0 test1dax_consistent 0.000 0.089 1.757 0.086 0.719 0.000 0.047 0.000 0.013 0.000 0.145 0.000 0.000 0.000 1.361 1.779 1.468 0.000 0.773 0.000 0.539 1.410 3.210 5.505 1.644 0.000 0.198 0.012 0.000 1.392 0.000 0.000 1.384 0.000 0.000 0.000 1.006 0.000 0.000 0.000 
1 test1dax_inconsistent 0.000 0.089 1.757 0.086 0.719 0.000 0.047 0.000 0.013 0.000 0.145 0.000 0.000 0.000 1.361 1.779 1.468 0.000 0.773 0.000 0.811 1.256 1.132 1.238 1.094 0.336 0.162 0.244 0.000 0.000 0.000 0.009 0.030 0.181 0.000 0.000 0.068 0.000 0.000 0.000 
0 test1dax_consistent 0.000 0.000 0.090 0.739 1.561 0.000 0.000 0.209 0.127 0.000 0.209 0.089 1.347 0.642 0.301 0.000 0.103 1.945 0.092 0.000 2.654 1.529 3.846 2.005 0.000 0.000 0.000 1.534 1.088 0.000 0.576 1.238 2.598 0.000 0.000 0.000 3.530 2.373 1.348 0.000 
1 test1dax_inconsistent 0.000 0.000 0.090 0.739 1.561 0.000 0.000 0.209 0.127 0.000 0.209 0.089 1.347 0.642 0.301 0.000 0.103 1.945 0.092 0.000 0.175 0.820 1.341 1.407 0.000 0.000 0.045 1.503 0.751 0.000 0.716 0.657 0.584 0.000 0.000 0.000 0.990 0.353 0.939 0.000 
0 test1dax_consistent 0.000 0.908 0.313 0.000 0.689 1.729 0.667 0.742 0.000 0.282 0.000 0.218 1.072 0.126 0.000 0.000 0.000 0.372 2.034 0.201 0.000 0.000 0.000 1.738 1.225 0.285 0.000 0.360 0.335 0.000 0.000 2.167 0.000 3.001 0.000 1.766 0.000 0.000 1.734 5.425 
1 test1dax_inconsistent 0.000 0.908 0.313 0.000 0.689 1.729 0.667 0.742 0.000 0.282 0.000 0.218 1.072 0.126 0.000 0.000 0.000 0.372 2.034 0.201 0.093 0.470 0.000 0.210 0.414 0.155 0.000 0.378 0.275 0.000 0.000 0.158 0.117 2.019 0.381 0.687 0.633 0.000 0.152 1.220 
0 test1dax_consistent 0.061 0.055 0.000 0.210 0.000 0.867 0.000 1.266 0.136 1.730 1.014 1.025 0.000 0.650 1.908 0.119 0.000 0.000 0.703 0.000 0.261 0.394 0.000 0.000 0.000 0.000 0.000 1.091 0.000 0.912 3.664 3.922 0.000 1.558 0.053 0.000 0.000 0.000 3.744 0.887 
1 test1dax_inconsistent 0.061 0.055 0.000 0.210 0.000 0.867 0.000 1.266 0.136 1.730 1.014 1.025 0.000 0.650 1.908 0.119 0.000 0.000 0.703 0.000 0.760 0.621 0.000 0.698 0.000 0.000 0.000 0.000 0.000 0.687 0.964 1.436 0.000 0.000 0.000 0.000 0.000 0.000 1.034 0.094 
0 test1dax_consistent 0.285 0.000 0.000 0.304 0.122 0.459 0.000 0.000 0.000 1.111 0.000 0.406 0.000 0.455 1.363 0.063 0.000 0.000 1.493 1.696 4.292 0.000 0.000 2.761 0.000 2.069 0.000 0.000 0.000 0.000 3.908 0.431 0.000 1.277 0.081 0.000 0.000 0.000 3.478 1.199 
1 test1dax_inconsistent 0.285 0.000 0.000 0.304 0.122 0.459 0.000 0.000 0.000 1.111 0.000 0.406 0.000 0.455 1.363 0.063 0.000 0.000 1.493 1.696 1.799 0.000 0.000 0.253 0.000 0.874 0.000 0.183 0.000 0.337 1.098 0.472 0.000 0.735 0.667 0.000 0.000 0.152 1.234 0.852 
0 test1dax_consistent 0.000 0.000 0.000 0.000 0.096 1.144 0.000 0.368 0.431 0.205 0.741 0.000 0.000 0.000 2.184 1.541 0.000 0.026 0.000 1.471 0.000 0.000 0.000 0.000 4.838 0.000 0.481 1.986 4.142 0.015 1.090 0.132 0.000 0.000 0.666 0.000 0.000 0.025 0.000 0.000 
1 test1dax_inconsistent 0.000 0.000 0.000 0.000 0.096 1.144 0.000 0.368 0.431 0.205 0.741 0.000 0.000 0.000 2.184 1.541 0.000 0.026 0.000 1.471 0.568 0.176 0.000 0.000 1.115 0.703 0.242 0.114 1.776 0.002 0.201 0.000 0.000 0.000 0.000 0.000 0.000 0.000 0.000 0.141 
0 test1dax_consistent 0.000 0.105 1.763 1.202 0.137 0.000 0.283 0.000 0.000 1.393 0.000 0.000 0.000 0.111 0.708 1.064 0.164 0.085 1.490 0.000 0.308 3.411 0.000 0.585 0.742 0.000 2.200 0.000 2.425 2.445 0.000 0.000 0.000 0.414 0.000 0.038 0.000 3.238 0.055 0.000 
1 test1dax_inconsistent 0.000 0.105 1.763 1.202 0.137 0.000 0.283 0.000 0.000 1.393 0.000 0.000 0.000 0.111 0.708 1.064 0.164 0.085 1.490 0.000 0.749 0.700 0.000 0.000 0.000 0.185 0.772 0.435 0.222 0.000 0.000 0.029 0.000 0.000 0.333 0.233 0.000 1.076 0.000 0.023 
0 test1dax_consistent 1.192 0.000 0.000 0.000 0.000 0.045 0.263 0.000 0.000 0.000 1.103 0.000 2.385 1.172 0.821 0.896 0.220 0.000 0.000 0.260 0.249 2.640 0.000 2.985 1.554 0.000 0.948 0.000 3.184 0.000 0.000 2.297 0.379 0.000 0.000 1.708 0.000 0.000 0.000 3.725 
1 test1dax_inconsistent 1.192 0.000 0.000 0.000 0.000 0.045 0.263 0.000 0.000 0.000 1.103 0.000 2.385 1.172 0.821 0.896 0.220 0.000 0.000 0.260 0.911 0.797 0.000 1.245 0.658 0.210 1.220 0.000 0.744 0.000 0.000 0.300 0.000 0.262 0.000 0.828 0.201 0.000 0.091 0.949 
0 test1dax_consistent 0.000 0.157 0.000 0.490 0.000 0.694 0.000 1.790 1.390 0.588 0.000 0.455 0.252 0.099 1.473 0.822 0.000 0.005 0.016 0.740 0.951 0.391 0.000 0.361 0.000 0.000 0.000 0.000 0.000 1.257 1.931 0.000 0.000 5.365 0.895 1.544 0.399 0.000 1.418 0.472 
1 test1dax_inconsistent 0.000 0.157 0.000 0.490 0.000 0.694 0.000 1.790 1.390 0.588 0.000 0.455 0.252 0.099 1.473 0.822 0.000 0.005 0.016 0.740 0.989 0.085 0.000 0.000 0.000 0.000 0.000 0.000 0.181 0.000 0.779 0.000 0.461 1.209 0.497 1.041 0.000 0.000 0.603 0.763 
0 test1dax_consistent 0.645 0.000 0.051 0.017 0.000 0.000 1.228 0.000 1.801 0.992 0.112 1.078 0.540 0.421 0.441 0.623 0.000 0.000 0.047 2.040 2.346 2.210 2.394 0.469 0.000 0.000 0.091 0.000 0.992 0.000 2.164 0.138 0.090 4.229 0.000 0.354 0.000 0.000 2.132 0.000 
1 test1dax_inconsistent 0.645 0.000 0.051 0.017 0.000 0.000 1.228 0.000 1.801 0.992 0.112 1.078 0.540 0.421 0.441 0.623 0.000 0.000 0.047 2.040 1.774 0.567 0.924 0.997 0.000 0.097 0.075 0.000 0.226 0.443 0.226 0.669 0.000 0.687 0.000 0.000 0.000 0.174 0.707 0.000 
0 test1dax_consistent 1.764 0.007 0.622 1.226 0.216 0.000 0.000 0.000 0.000 1.385 0.083 0.910 0.099 0.000 0.726 1.461 0.000 0.214 0.000 0.102 1.353 0.000 0.000 0.045 0.201 3.319 0.000 1.313 1.206 2.914 0.109 1.340 0.000 0.496 0.025 0.000 0.000 0.169 2.645 4.006 
1 test1dax_inconsistent 1.764 0.007 0.622 1.226 0.216 0.000 0.000 0.000 0.000 1.385 0.083 0.910 0.099 0.000 0.726 1.461 0.000 0.214 0.000 0.102 1.154 0.000 0.147 0.000 0.651 0.492 0.245 0.483 0.000 1.424 0.000 0.593 0.058 0.389 0.000 0.320 0.009 0.360 0.286 1.191 
0 test1dax_consistent 2.774 0.000 0.451 0.066 0.000 0.000 0.000 0.260 0.000 0.000 0.054 0.000 0.000 1.202 0.942 0.339 0.000 0.000 0.634 0.087 1.253 0.000 0.000 3.810 2.530 0.000 0.000 0.000 3.823 1.032 0.000 0.000 0.000 1.102 0.000 0.149 3.329 0.000 1.921 0.000 
1 test1dax_inconsistent 2.774 0.000 0.451 0.066 0.000 0.000 0.000 0.260 0.000 0.000 0.054 0.000 0.000 1.202 0.942 0.339 0.000 0.000 0.634 0.087 0.260 0.000 0.000 1.579 0.437 0.024 0.000 0.390 1.828 0.441 0.000 0.000 0.466 0.007 0.948 0.055 0.991 0.177 0.313 0.000 
0 test1dax_consistent 2.201 0.132 0.000 0.886 0.092 0.000 0.255 0.000 0.067 0.000 0.129 2.173 0.000 0.000 0.000 0.633 0.000 0.000 0.054 0.114 0.159 0.538 5.442 0.000 0.084 0.834 0.703 0.000 0.000 0.000 3.740 0.163 0.088 0.000 0.000 0.000 0.000 0.000 0.638 0.710 
1 test1dax_inconsistent 2.201 0.132 0.000 0.886 0.092 0.000 0.255 0.000 0.067 0.000 0.129 2.173 0.000 0.000 0.000 0.633 0.000 0.000 0.054 0.114 0.097 0.700 1.015 0.157 0.208 0.958 0.956 0.014 0.351 0.000 1.803 0.112 0.000 0.000 0.000 0.058 0.000 0.010 0.000 0.000 
0 test1dax_consistent 0.069 0.094 0.763 0.778 0.717 0.222 0.000 0.526 0.852 0.000 0.350 0.000 1.888 0.000 1.953 1.253 0.240 0.272 0.300 0.000 0.000 2.113 0.000 0.000 3.519 2.542 0.944 0.000 0.000 2.019 2.920 2.445 0.000 0.340 0.000 0.000 2.190 1.570 1.501 0.261 
1 test1dax_inconsistent 0.069 0.094 0.763 0.778 0.717 0.222 0.000 0.526 0.852 0.000 0.350 0.000 1.888 0.000 1.953 1.253 0.240 0.272 0.300 0.000 0.000 0.580 0.000 0.237 1.553 1.210 0.403 0.000 0.000 0.992 0.577 0.505 0.431 0.147 0.519 0.014 0.306 0.770 0.373 0.232 
0 test1dax_consistent 0.005 0.492 0.271 0.000 0.011 0.086 1.458 0.000 0.000 0.112 2.552 0.000 0.480 0.054 0.000 0.330 0.012 0.000 1.762 0.489 1.688 0.032 0.000 2.513 3.320 0.000 0.000 0.000 0.000 1.959 1.525 2.833 0.785 0.000 0.000 3.244 1.148 0.785 0.845 0.000 
1 test1dax_inconsistent 0.005 0.492 0.271 0.000 0.011 0.086 1.458 0.000 0.000 0.112 2.552 0.000 0.480 0.054 0.000 0.330 0.012 0.000 1.762 0.489 1.258 0.220 0.000 0.666 0.942 0.000 0.210 0.000 0.000 0.954 0.793 0.530 0.785 0.000 0.196 0.849 0.000 0.504 0.027 0.000 
0 test1dax_consistent 0.264 0.000 0.706 1.898 0.607 0.188 0.000 0.504 0.718 0.316 0.000 0.000 1.471 0.000 0.511 0.217 0.000 1.366 0.931 0.391 1.758 0.000 2.890 0.000 1.996 3.607 0.000 0.000 0.000 0.912 0.000 0.000 0.000 0.000 0.000 0.066 2.663 0.381 0.000 3.967 
1 test1dax_inconsistent 0.264 0.000 0.706 1.898 0.607 0.188 0.000 0.504 0.718 0.316 0.000 0.000 1.471 0.000 0.511 0.217 0.000 1.366 0.931 0.391 0.634 0.000 0.239 0.792 0.114 1.675 0.000 0.088 0.187 0.000 0.000 0.000 0.000 0.000 0.000 0.121 0.530 0.785 0.006 1.890 
0 test1dax_consistent 0.000 0.006 0.133 1.794 0.085 0.866 0.090 0.157 0.000 0.307 0.000 0.246 2.063 0.000 0.000 0.651 0.792 0.000 0.141 0.000 1.516 0.031 0.000 4.198 0.000 2.986 0.767 0.000 0.000 2.933 0.000 0.000 0.000 0.000 0.000 0.000 2.215 0.000 0.054 1.042 
1 test1dax_inconsistent 0.000 0.006 0.133 1.794 0.085 0.866 0.090 0.157 0.000 0.307 0.000 0.246 2.063 0.000 0.000 0.651 0.792 0.000 0.141 0.000 0.722 0.000 0.000 0.853 0.278 0.546 0.819 0.293 0.260 0.925 0.000 0.000 0.082 0.241 0.000 0.204 1.511 0.345 0.242 0.000 
0 test1dax_consistent 0.108 0.870 0.621 0.000 1.491 1.508 0.000 0.442 1.116 0.150 0.000 0.036 0.971 0.000 0.000 0.000 1.663 0.000 0.884 0.000 1.164 0.000 0.000 0.006 0.000 2.265 0.000 1.640 0.457 0.000 3.119 0.000 0.000 4.399 0.000 0.000 3.082 0.000 0.000 0.000 
1 test1dax_inconsistent 0.108 0.870 0.621 0.000 1.491 1.508 0.000 0.442 1.116 0.150 0.000 0.036 0.971 0.000 0.000 0.000 1.663 0.000 0.884 0.000 0.083 0.484 0.000 0.000 0.178 0.924 0.000 0.714 0.881 0.307 0.939 0.067 0.255 1.453 0.000 0.000 0.446 0.000 0.185 0.000 
0 test1dax_consistent 1.238 1.362 0.000 0.133 0.000 0.716 0.000 0.000 0.000 1.082 0.000 0.109 1.366 0.000 1.538 0.000 0.242 1.184 0.180 0.007 1.239 0.000 0.000 0.696 1.722 4.090 0.341 0.000 0.000 1.034 0.022 0.000 0.000 4.421 2.916 0.000 0.010 0.542 0.000 0.000 
1 test1dax_inconsistent 1.238 1.362 0.000 0.133 0.000 0.716 0.000 0.000 0.000 1.082 0.000 0.109 1.366 0.000 1.538 0.000 0.242 1.184 0.180 0.007 0.322 0.253 0.000 0.304 0.504 0.787 0.510 0.000 0.231 0.404 0.129 0.000 0.174 1.163 2.525 0.000 0.210 0.000 0.212 0.000 
0 test1dax_consistent 0.000 0.648 0.562 1.663 2.093 0.189 1.192 0.000 0.732 0.000 0.461 0.000 0.746 0.850 0.000 0.000 0.000 0.000 0.000 0.000 2.417 0.890 0.000 0.006 1.554 0.000 4.252 0.000 0.000 2.071 2.082 0.017 0.565 0.000 0.581 0.000 0.000 0.000 0.000 1.236 
1 test1dax_inconsistent 0.000 0.648 0.562 1.663 2.093 0.189 1.192 0.000 0.732 0.000 0.461 0.000 0.746 0.850 0.000 0.000 0.000 0.000 0.000 0.000 0.416 0.000 0.027 0.000 0.839 0.000 1.100 0.140 0.211 1.627 0.522 0.000 0.161 0.000 0.005 0.190 0.040 0.000 0.000 0.760 
0 test1dax_consistent 1.195 0.691 0.318 0.207 1.110 0.813 0.000 0.023 0.532 0.000 1.319 0.200 0.000 1.639 0.000 0.000 0.729 1.072 0.359 0.000 3.905 0.040 0.000 0.000 0.587 0.770 0.000 3.339 0.000 0.858 0.282 2.577 0.000 1.335 0.000 0.715 0.261 2.140 0.000 1.815 
1 test1dax_inconsistent 1.195 0.691 0.318 0.207 1.110 0.813 0.000 0.023 0.532 0.000 1.319 0.200 0.000 1.639 0.000 0.000 0.729 1.072 0.359 0.000 1.027 0.055 0.194 0.000 0.552 0.999 0.000 0.694 0.140 0.918 0.441 1.134 0.000 0.052 0.000 0.037 0.305 0.995 0.167 0.143 
0 test1dax_consistent 0.000 0.175 1.885 0.073 0.459 0.000 0.353 0.084 1.860 0.183 0.000 0.000 0.000 0.347 0.000 0.000 0.000 1.859 0.054 0.000 0.000 0.000 2.825 0.000 5.117 0.000 0.211 0.000 0.000 2.578 0.000 0.000 0.000 1.494 0.000 0.000 0.000 0.000 1.305 0.000 
1 test1dax_inconsistent 0.000 0.175 1.885 0.073 0.459 0.000 0.353 0.084 1.860 0.183 0.000 0.000 0.000 0.347 0.000 0.000 0.000 1.859 0.054 0.000 0.000 0.000 1.041 0.000 1.219 0.000 0.609 0.000 0.000 1.649 0.000 0.000 0.000 0.000 0.231 0.000 0.000 0.000 1.370 0.000 
0 test1dax_consistent 0.000 0.155 0.338 0.101 1.226 0.576 1.771 1.206 0.027 0.315 0.585 1.268 0.000 0.000 0.980 0.090 0.264 0.000 0.000 0.000 0.000 0.000 2.483 0.000 1.898 2.039 0.478 2.466 2.293 0.000 0.000 2.097 0.000 1.430 0.000 4.508 0.000 0.000 0.000 0.000 
1 test1dax_inconsistent 0.000 0.155 0.338 0.101 1.226 0.576 1.771 1.206 0.027 0.315 0.585 1.268 0.000 0.000 0.980 0.090 0.264 0.000 0.000 0.000 0.000 0.000 0.186 0.000 0.182 0.925 0.000 1.025 0.696 0.000 0.000 1.518 0.000 1.104 0.000 1.425 0.492 0.000 0.071 0.000 
0 test1dax_consistent 0.928 0.187 0.303 0.340 0.000 0.000 0.405 0.000 1.700 0.000 0.452 0.973 0.405 0.897 0.214 0.059 0.416 0.801 1.246 0.060 0.464 1.132 0.046 0.172 0.000 0.503 2.190 0.000 1.241 0.000 2.495 1.117 2.982 0.000 2.039 2.060 3.343 0.000 0.268 1.582 
1 test1dax_inconsistent 0.928 0.187 0.303 0.340 0.000 0.000 0.405 0.000 1.700 0.000 0.452 0.973 0.405 0.897 0.214 0.059 0.416 0.801 1.246 0.060 0.199 0.533 0.179 0.465 0.000 0.429 0.579 0.000 0.218 0.000 0.310 0.009 1.021 0.298 0.822 0.715 0.890 0.854 0.076 0.793 
0 test1dax_consistent 0.485 0.102 0.629 0.324 0.000 1.058 0.838 1.393 0.572 1.426 0.749 1.164 0.000 0.358 0.198 0.086 0.577 0.000 0.000 0.544 0.276 0.666 0.042 0.000 1.003 0.000 0.201 4.402 0.000 1.844 0.033 1.845 0.000 0.000 0.169 0.000 0.000 0.095 3.547 2.821 
1 test1dax_inconsistent 0.485 0.102 0.629 0.324 0.000 1.058 0.838 1.393 0.572 1.426 0.749 1.164 0.000 0.358 0.198 0.086 0.577 0.000 0.000 0.544 0.432 0.123 0.098 0.000 0.568 0.138 0.000 0.873 0.000 0.035 0.422 1.398 0.405 0.256 0.083 0.000 0.000 0.263 1.201 0.618 
0 test1dax_consistent 0.000 0.000 1.652 0.232 0.475 1.118 0.384 0.051 0.000 1.941 0.213 0.000 0.407 1.085 0.000 0.109 0.197 0.000 0.000 0.078 0.425 0.000 0.000 1.292 2.087 0.651 0.000 0.000 0.692 2.844 0.000 0.000 0.000 0.000 0.000 0.000 0.887 0.000 2.607 4.306 
1 test1dax_inconsistent 0.000 0.000 1.652 0.232 0.475 1.118 0.384 0.051 0.000 1.941 0.213 0.000 0.407 1.085 0.000 0.109 0.197 0.000 0.000 0.078 0.056 0.153 0.183 0.022 0.946 0.148 0.379 0.000 0.767 0.290 0.000 0.000 0.480 0.166 0.170 0.000 0.598 0.000 0.442 1.756 
0 test1dax_consistent 0.000 0.931 0.000 0.251 0.000 0.000 0.096 1.029 1.483 0.000 0.642 0.000 0.141 0.000 0.411 0.000 0.000 0.198 1.906 1.950 0.000 0.000 0.000 0.000 0.000 0.000 1.877 1.373 0.000 0.973 0.000 0.496 0.000 0.000 0.828 2.750 0.000 0.000 0.670 5.443 
1 test1dax_inconsistent 0.000 0.931 0.000 0.251 0.000 0.000 0.096 1.029 1.483 0.000 0.642 0.000 0.141 0.000 0.411 0.000 0.000 0.198 1.906 1.950 0.080 0.170 0.000 0.000 0.000 0.000 0.076 1.447 0.053 0.678 0.000 0.000 0.118 0.000 0.710 1.722 0.000 0.270 0.515 1.313 
0 test1dax_consistent 0.205 1.613 0.352 0.084 0.000 0.038 0.000 0.468 0.564 0.000 0.000 1.376 0.315 0.831 1.827 0.736 0.000 0.000 0.421 0.064 0.000 3.469 4.193 0.000 0.000 0.059 0.000 0.000 1.527 0.000 0.000 0.292 1.381 1.174 2.156 0.000 0.142 0.107 3.272 0.000 
1 test1dax_inconsistent 0.205 1.613 0.352 0.084 0.000 0.038 0.000 0.468 0.564 0.000 0.000 1.376 0.315 0.831 1.827 0.736 0.000 0.000 0.421 0.064 0.607 0.664 1.305 0.000 0.095 0.000 0.000 0.000 1.470 0.000 0.000 0.088 1.351 0.000 0.824 0.000 0.000 0.000 1.296 0.000 
0 test1dax_consistent 0.000 0.172 0.000 0.000 0.026 0.000 0.000 2.069 0.000 0.000 0.063 2.117 0.056 0.044 0.517 0.139 0.000 0.067 0.198 0.000 2.059 0.000 0.000 0.000 4.435 0.090 0.000 0.000 0.000 4.968 0.000 2.021 1.214 0.000 1.560 1.747 0.000 0.006 0.000 0.000 
1 test1dax_inconsistent 0.000 0.172 0.000 0.000 0.026 0.000 0.000 2.069 0.000 0.000 0.063 2.117 0.056 0.044 0.517 0.139 0.000 0.067 0.198 0.000 1.784 0.006 0.006 0.000 1.388 0.510 0.000 0.418 0.000 1.789 0.000 0.169 1.250 0.000 0.805 0.260 0.000 0.822 0.062 0.000 
0 test1dax_consistent 0.005 0.752 0.015 1.433 0.000 0.533 0.000 2.236 0.996 0.000 0.034 0.000 0.337 0.000 0.000 0.324 0.000 0.053 0.739 0.000 0.181 0.273 0.103 0.834 0.000 0.000 0.000 1.674 0.057 0.000 3.668 0.857 0.000 2.657 0.000 5.606 0.000 0.000 0.000 0.000 
1 test1dax_inconsistent 0.005 0.752 0.015 1.433 0.000 0.533 0.000 2.236 0.996 0.000 0.034 0.000 0.337 0.000 0.000 0.324 0.000 0.053 0.739 0.000 0.678 0.717 0.762 0.226 0.000 0.000 0.000 0.376 0.401 0.000 1.507 0.000 0.061 0.000 0.000 2.138 0.035 0.000 0.000 0.174 
0 test1dax_consistent 0.000 1.216 0.000 0.033 0.000 0.000 1.386 0.000 0.000 0.000 1.523 0.000 0.000 1.379 1.684 0.000 0.000 0.225 0.630 0.000 0.000 0.000 0.000 0.000 0.653 0.000 0.000 0.000 0.000 0.000 2.101 0.000 0.000 3.636 5.843 0.732 0.000 0.000 1.318 0.000 
1 test1dax_inconsistent 0.000 1.216 0.000 0.033 0.000 0.000 1.386 0.000 0.000 0.000 1.523 0.000 0.000 1.379 1.684 0.000 0.000 0.225 0.630 0.000 0.000 0.081 0.010 0.000 0.968 0.000 0.035 0.310 0.000 0.000 0.000 0.000 0.000 2.597 1.807 0.524 0.000 0.000 0.000 0.000 
0 test1dax_consistent 0.000 0.000 0.059 0.184 1.078 0.000 0.160 0.000 0.301 0.296 0.000 0.000 0.167 0.000 0.130 0.233 0.000 2.942 0.073 0.000 1.508 0.000 0.000 0.864 0.000 4.315 1.423 0.000 0.010 0.000 0.000 0.000 1.923 0.000 0.000 4.311 0.000 0.000 0.000 1.070 
1 test1dax_inconsistent 0.000 0.000 0.059 0.184 1.078 0.000 0.160 0.000 0.301 0.296 0.000 0.000 0.167 0.000 0.130 0.233 0.000 2.942 0.073 0.000 0.424 0.000 0.000 1.317 0.000 1.016 0.489 0.000 0.000 0.127 0.000 0.000 0.601 0.000 0.000 0.776 0.000 0.000 0.062 1.249 
0 test1dax_consistent 0.047 0.065 0.000 0.110 0.000 1.545 0.000 0.000 0.000 0.000 0.000 0.000 0.162 1.595 0.159 0.051 0.000 2.528 0.000 0.000 0.000 0.000 0.000 0.000 0.000 3.782 2.883 1.326 4.194 0.884 0.000 0.000 2.441 0.000 1.411 2.400 0.000 1.245 0.000 0.000 
1 test1dax_inconsistent 0.047 0.065 0.000 0.110 0.000 1.545 0.000 0.000 0.000 0.000 0.000 0.000 0.162 1.595 0.159 0.051 0.000 2.528 0.000 0.000 0.389 0.000 0.000 0.000 0.000 0.847 0.905 0.755 1.938 0.781 0.000 0.000 0.267 0.057 1.060 0.415 0.000 0.794 0.000 0.000 
0 test1dax_consistent 0.319 0.000 1.948 0.810 0.000 0.000 0.000 0.665 1.609 0.000 0.368 0.000 1.759 0.284 0.392 0.471 0.099 0.000 0.171 0.000 0.000 0.047 0.018 1.622 0.000 3.156 0.000 1.122 1.951 0.000 0.000 4.730 2.776 0.000 0.000 0.000 3.241 0.000 0.000 0.000 
1 test1dax_inconsistent 0.319 0.000 1.948 0.810 0.000 0.000 0.000 0.665 1.609 0.000 0.368 0.000 1.759 0.284 0.392 0.471 0.099 0.000 0.171 0.000 0.000 0.209 0.838 0.806 0.000 1.167 0.000 0.748 0.329 0.000 0.000 1.697 0.473 0.000 0.098 0.000 0.935 0.082 0.073 0.000 
0 test1dax_consistent 0.000 1.567 0.000 0.000 0.056 0.117 0.010 0.000 0.000 0.000 1.256 1.559 1.146 0.000 0.000 0.177 1.016 0.000 0.000 1.009 3.930 2.221 1.218 0.000 0.000 0.000 1.746 3.897 0.000 0.000 2.129 1.007 0.000 0.000 0.000 2.548 1.705 0.000 0.441 0.670 
1 test1dax_inconsistent 0.000 1.567 0.000 0.000 0.056 0.117 0.010 0.000 0.000 0.000 1.256 1.559 1.146 0.000 0.000 0.177 1.016 0.000 0.000 1.009 1.280 0.078 0.458 0.000 0.000 0.000 1.458 1.505 0.000 0.000 0.808 0.631 0.000 0.021 0.000 1.370 0.509 0.000 0.675 0.782 
0 test1dax_consistent 0.044 0.034 1.791 0.294 0.000 0.000 0.000 0.000 0.000 0.000 1.483 0.677 1.344 0.000 0.107 0.000 1.143 0.580 0.110 0.000 0.000 0.795 1.043 5.361 0.000 0.000 0.000 0.000 1.410 0.992 0.000 0.000 1.185 0.000 2.549 0.000 0.653 3.113 0.000 0.000 
1 test1dax_inconsistent 0.044 0.034 1.791 0.294 0.000 0.000 0.000 0.000 0.000 0.000 1.483 0.677 1.344 0.000 0.107 0.000 1.143 0.580 0.110 0.000 0.000 0.322 0.000 1.554 0.000 0.000 0.000 0.000 0.053 0.130 0.530 0.282 0.150 0.000 1.686 0.076 0.804 0.891 0.366 0.783 
0 test1dax_consistent 0.000 2.227 0.000 0.024 0.725 0.102 0.915 0.599 0.000 1.109 0.323 0.000 0.000 1.215 0.000 0.000 0.000 0.000 0.006 0.000 0.000 0.000 0.000 0.000 1.355 4.476 0.748 1.389 0.000 2.246 0.000 2.570 0.185 0.000 2.557 1.463 0.000 0.000 0.553 0.000 
1 test1dax_inconsistent 0.000 2.227 0.000 0.024 0.725 0.102 0.915 0.599 0.000 1.109 0.323 0.000 0.000 1.215 0.000 0.000 0.000 0.000 0.006 0.000 0.000 0.167 0.170 0.000 0.443 0.661 0.152 0.743 0.000 0.194 0.000 1.134 0.000 0.077 0.742 1.061 0.572 0.022 0.905 0.022 
0 test1dax_consistent 0.505 0.550 0.311 0.000 0.088 1.606 0.000 0.000 0.000 0.046 1.413 0.000 0.942 1.893 0.000 0.000 0.389 1.703 0.000 0.000 1.937 0.668 0.000 0.027 0.000 0.000 0.000 0.000 0.402 0.000 0.000 1.298 0.247 5.966 0.000 0.000 2.782 0.313 0.000 0.000 
1 test1dax_inconsistent 0.505 0.550 0.311 0.000 0.088 1.606 0.000 0.000 0.000 0.046 1.413 0.000 0.942 1.893 0.000 0.000 0.389 1.703 0.000 0.000 0.231 0.637 0.000 0.071 0.497 0.000 0.000 0.000 0.000 0.250 0.000 1.171 0.000 1.583 0.000 0.000 0.800 0.786 0.265 0.238 
0 test1dax_consistent 1.442 1.004 1.468 0.000 0.000 0.000 0.000 0.000 0.000 0.671 1.265 0.000 0.811 0.000 1.461 0.443 0.000 0.225 0.000 0.000 0.014 1.824 0.055 0.000 0.000 0.000 0.000 0.000 0.000 1.247 0.000 0.000 1.900 4.066 4.496 0.000 0.114 1.038 0.000 0.000 
1 test1dax_inconsistent 1.442 1.004 1.468 0.000 0.000 0.000 0.000 0.000 0.000 0.671 1.265 0.000 0.811 0.000 1.461 0.443 0.000 0.225 0.000 0.000 0.530 0.578 0.142 0.000 0.000 0.000 0.000 0.039 0.000 0.038 0.367 0.000 1.460 0.983 1.382 0.000 0.213 0.854 0.000 0.353 
0 test1dax_consistent 0.989 0.000 0.000 0.815 0.305 0.000 0.552 0.000 0.842 1.376 1.001 0.000 1.028 0.819 0.567 0.000 0.524 1.233 0.000 0.000 0.000 0.000 0.000 0.000 3.128 2.488 0.274 0.000 2.401 0.000 0.000 1.497 0.000 0.482 3.866 0.611 0.000 2.972 0.663 0.000 
1 test1dax_inconsistent 0.989 0.000 0.000 0.815 0.305 0.000 0.552 0.000 0.842 1.376 1.001 0.000 1.028 0.819 0.567 0.000 0.524 1.233 0.000 0.000 0.000 0.000 0.000 0.000 0.446 0.965 0.783 0.000 0.570 0.753 0.507 1.086 0.000 0.335 1.650 0.110 0.326 0.499 0.145 0.033 
0 test1dax_consistent 0.967 0.032 0.000 0.216 0.753 0.129 0.000 0.010 0.000 0.991 0.620 0.000 0.243 0.424 0.092 0.789 0.177 0.705 0.000 1.706 0.000 0.035 0.000 2.157 0.563 0.000 0.000 0.000 1.828 0.000 5.346 0.000 2.819 0.000 1.248 0.000 0.000 0.195 0.000 0.000 
1 test1dax_inconsistent 0.967 0.032 0.000 0.216 0.753 0.129 0.000 0.010 0.000 0.991 0.620 0.000 0.243 0.424 0.092 0.789 0.177 0.705 0.000 1.706 0.000 0.000 0.000 0.303 0.607 0.000 0.465 0.000 0.051 0.135 1.327 0.315 1.294 0.083 1.317 0.215 0.127 0.068 0.072 0.000 
0 test1dax_consistent 1.420 0.000 1.442 0.145 0.220 1.058 0.029 0.000 0.000 0.000 1.067 0.000 0.205 0.532 0.034 1.162 0.000 0.124 0.369 0.148 0.000 2.539 3.525 0.000 5.298 0.303 0.000 0.000 0.000 0.000 0.000 0.000 2.031 0.000 0.000 1.731 0.000 0.000 0.000 0.000 
1 test1dax_inconsistent 1.420 0.000 1.442 0.145 0.220 1.058 0.029 0.000 0.000 0.000 1.067 0.000 0.205 0.532 0.034 1.162 0.000 0.124 0.369 0.148 0.122 1.725 0.749 0.000 1.821 0.039 0.000 0.000 0.000 0.000 0.000 0.000 1.756 0.000 0.127 0.737 0.035 0.000 0.000 0.194 
0 test1dax_consistent 0.016 1.430 0.249 0.000 0.000 0.000 0.315 0.000 0.086 0.641 0.102 0.649 1.837 0.000 0.363 1.392 0.540 1.065 0.000 0.000 3.580 0.000 0.000 0.000 0.000 0.000 0.000 0.000 0.000 3.834 0.000 0.847 0.413 0.000 0.000 4.567 1.226 0.000 0.000 0.000 
1 test1dax_inconsistent 0.016 1.430 0.249 0.000 0.000 0.000 0.315 0.000 0.086 0.641 0.102 0.649 1.837 0.000 0.363 1.392 0.540 1.065 0.000 0.000 0.762 0.000 0.513 0.527 0.000 0.000 0.054 0.000 0.352 1.186 0.000 0.220 0.000 0.000 0.000 1.605 1.281 0.000 0.000 0.080 
0 test1dax_consistent 0.000 0.000 1.893 0.000 0.000 0.198 2.149 0.000 0.424 0.000 0.657 0.536 0.550 1.465 0.000 0.000 1.052 0.000 0.000 0.000 1.552 0.000 0.273 2.570 0.000 0.493 0.000 0.000 3.358 0.000 3.238 0.651 0.000 4.915 0.000 0.000 1.047 0.245 0.000 0.000 
1 test1dax_inconsistent 0.000 0.000 1.893 0.000 0.000 0.198 2.149 0.000 0.424 0.000 0.657 0.536 0.550 1.465 0.000 0.000 1.052 0.000 0.000 0.000 0.000 0.000 0.815 0.790 0.000 0.378 0.000 0.000 1.426 0.000 1.711 0.320 0.000 1.471 0.000 0.056 0.013 0.098 0.000 0.000 
0 test1dax_consistent 1.040 0.000 0.000 0.320 0.838 1.383 1.329 0.198 0.026 0.911 0.296 0.921 0.152 0.310 0.316 0.784 0.199 0.302 0.000 0.045 1.221 0.832 0.244 0.588 0.000 2.025 0.277 0.010 0.367 0.650 0.244 0.000 4.611 0.000 0.085 3.446 0.000 0.000 0.000 0.000 
1 test1dax_inconsistent 1.040 0.000 0.000 0.320 0.838 1.383 1.329 0.198 0.026 0.911 0.296 0.921 0.152 0.310 0.316 0.784 0.199 0.302 0.000 0.045 0.000 0.746 0.528 1.130 0.000 0.035 1.136 0.375 0.370 0.031 0.289 0.051 1.343 0.000 0.116 1.136 0.000 0.192 0.000 0.000 
0 test1dax_consistent 2.942 0.000 0.000 0.110 0.749 0.039 0.497 0.000 0.026 0.220 0.669 0.000 0.000 0.541 1.057 0.490 0.000 0.015 0.884 0.000 0.000 0.000 0.000 0.000 1.976 0.000 0.000 0.000 0.000 0.334 0.000 0.000 1.560 4.394 0.000 2.459 2.022 0.000 3.418 0.000 
1 test1dax_inconsistent 2.942 0.000 0.000 0.110 0.749 0.039 0.497 0.000 0.026 0.220 0.669 0.000 0.000 0.541 1.057 0.490 0.000 0.015 0.884 0.000 0.000 0.000 0.026 0.093 0.820 0.000 0.000 0.085 0.246 0.404 0.014 0.000 0.634 2.061 0.000 0.160 0.784 0.227 0.374 0.075 
0 test1dax_consistent 0.000 0.000 0.322 1.598 0.000 0.000 0.164 0.000 0.000 0.000 1.825 0.590 0.547 0.000 0.516 0.180 0.264 0.000 2.023 0.000 0.000 0.000 0.000 2.676 2.474 0.000 0.000 0.000 0.000 3.372 2.601 1.717 2.542 0.000 2.874 0.000 0.000 0.000 0.223 0.000 
1 test1dax_inconsistent 0.000 0.000 0.322 1.598 0.000 0.000 0.164 0.000 0.000 0.000 1.825 0.590 0.547 0.000 0.516 0.180 0.264 0.000 2.023 0.000 0.000 0.000 0.000 0.781 1.420 0.000 0.000 0.000 0.000 0.909 0.590 0.961 0.366 0.000 1.346 0.106 0.052 0.000 0.905 0.000 
0 test1dax_consistent 0.000 0.131 0.729 1.233 0.742 1.380 0.449 0.567 0.000 0.000 0.734 1.801 0.571 0.261 0.058 0.140 0.000 0.000 0.004 0.016 0.000 0.296 0.000 2.421 0.008 2.625 0.000 0.235 0.838 0.000 1.002 0.388 2.907 3.694 1.241 0.000 0.000 2.743 0.200 0.000 
1 test1dax_inconsistent 0.000 0.131 0.729 1.233 0.742 1.380 0.449 0.567 0.000 0.000 0.734 1.801 0.571 0.261 0.058 0.140 0.000 0.000 0.004 0.016 0.000 0.226 0.409 0.983 0.183 0.535 0.251 0.000 0.675 0.000 0.094 0.762 0.620 0.701 0.849 0.129 0.000 0.613 0.173 0.268 
0 test1dax_consistent 1.077 0.000 0.302 0.000 0.000 0.000 0.404 1.588 0.048 0.521 0.964 0.148 0.652 0.300 0.079 0.680 0.745 0.000 0.428 1.284 0.000 0.000 3.862 0.531 0.000 0.000 0.000 2.448 0.049 0.000 0.000 0.183 2.815 4.444 0.000 0.549 0.054 0.000 2.331 1.100 
1 test1dax_inconsistent 1.077 0.000 0.302 0.000 0.000 0.000 0.404 1.588 0.048 0.521 0.964 0.148 0.652 0.300 0.079 0.680 0.745 0.000 0.428 1.284 0.241 0.000 1.130 0.844 0.000 0.000 0.000 0.626 0.979 0.000 0.000 0.257 1.178 1.349 0.000 0.920 0.987 0.000 0.682 0.049 
0 test1dax_consistent 0.000 0.836 0.642 0.000 0.066 1.887 0.000 0.000 0.000 1.213 0.273 0.662 0.000 0.000 0.000 1.454 0.098 0.000 0.091 0.000 0.000 0.000 0.000 1.798 0.000 0.356 0.000 0.000 0.000 0.000 1.665 5.802 0.000 0.000 0.000 1.066 0.000 0.000 0.000 0.000 
1 test1dax_inconsistent 0.000 0.836 0.642 0.000 0.066 1.887 0.000 0.000 0.000 1.213 0.273 0.662 0.000 0.000 0.000 1.454 0.098 0.000 0.091 0.000 0.000 0.342 0.237 0.037 0.027 0.000 0.276 0.000 0.000 0.147 1.122 1.430 0.000 0.000 0.000 0.372 0.000 0.000 0.367 0.116 
0 test1dax_consistent 1.346 0.486 1.170 0.683 1.154 0.546 0.000 0.023 0.139 0.891 1.253 0.000 0.000 0.000 0.000 0.436 1.538 0.367 0.000 0.794 5.388 0.000 0.464 0.879 1.835 0.000 0.366 0.000 0.194 1.837 0.000 2.639 0.427 0.000 0.000 0.000 2.975 0.000 1.016 0.167 
1 test1dax_inconsistent 1.346 0.486 1.170 0.683 1.154 0.546 0.000 0.023 0.139 0.891 1.253 0.000 0.000 0.000 0.000 0.436 1.538 0.367 0.000 0.794 1.287 0.000 1.218 0.019 0.993 0.023 0.154 0.214 0.000 0.680 0.000 0.794 0.586 0.000 0.000 0.195 1.481 0.000 0.421 0.031 
0 test1dax_consistent 0.000 0.199 0.000 0.000 0.000 0.000 0.000 0.000 0.000 0.000 0.341 1.233 0.185 1.368 2.233 1.081 0.489 0.201 0.015 1.021 0.000 1.706 0.000 0.000 2.847 0.000 0.000 0.000 2.136 0.000 2.185 0.493 1.785 0.000 0.220 2.315 0.786 0.000 3.094 2.092 
1 test1dax_inconsistent 0.000 0.199 0.000 0.000 0.000 0.000 0.000 0.000 0.000 0.000 0.341 1.233 0.185 1.368 2.233 1.081 0.489 0.201 0.015 1.021 0.000 1.468 0.000 0.000 1.214 0.000 0.000 0.063 0.650 0.000 0.304 0.000 1.351 0.215 0.296 0.194 0.217 0.000 0.662 0.581 
0 test1dax_consistent 0.000 0.476 1.584 0.000 0.000 1.482 0.887 0.000 0.619 0.098 0.487 0.431 0.000 0.722 0.000 1.387 0.837 0.396 0.000 1.435 0.000 0.000 4.738 0.000 0.000 2.514 0.000 0.823 3.359 1.180 0.000 2.390 0.000 0.000 0.011 0.000 0.807 1.579 0.229 1.844 
1 test1dax_inconsistent 0.000 0.476 1.584 0.000 0.000 1.482 0.887 0.000 0.619 0.098 0.487 0.431 0.000 0.722 0.000 1.387 0.837 0.396 0.000 1.435 0.000 0.000 1.574 0.000 0.000 1.730 0.000 0.293 0.782 0.257 0.000 0.389 0.902 0.000 0.000 0.000 0.554 0.225 0.154 0.967 
0 test1dax_consistent 0.019 0.000 0.149 2.142 0.134 1.164 0.012 0.043 0.625 0.070 0.052 0.000 0.350 0.060 0.000 2.208 0.000 0.659 0.000 0.000 0.000 1.742 1.121 1.065 3.502 1.709 0.065 4.485 0.000 0.739 0.438 0.000 0.000 2.359 0.000 1.709 0.000 2.541 0.000 0.000 
1 test1dax_inconsistent 0.019 0.000 0.149 2.142 0.134 1.164 0.012 0.043 0.625 0.070 0.052 0.000 0.350 0.060 0.000 2.208 0.000 0.659 0.000 0.000 0.000 0.000 0.320 1.001 1.275 0.100 0.005 2.048 0.000 0.000 0.526 0.000 0.000 0.369 0.000 0.493 0.000 0.493 0.069 0.000 
0 test1dax_consistent 0.000 0.567 0.000 1.271 0.000 0.000 0.112 0.265 1.070 0.000 1.703 0.000 0.000 0.104 1.522 0.025 0.161 0.252 0.173 1.000 0.000 4.868 0.000 2.426 0.000 1.360 1.789 0.962 0.000 0.000 0.000 2.467 0.000 0.000 0.000 0.000 0.617 1.004 1.011 0.000 
1 test1dax_inconsistent 0.000 0.567 0.000 1.271 0.000 0.000 0.112 0.265 1.070 0.000 1.703 0.000 0.000 0.104 1.522 0.025 0.161 0.252 0.173 1.000 0.098 0.984 0.295 0.731 0.000 0.196 0.996 0.000 0.566 0.000 0.000 0.718 0.000 0.000 0.227 0.139 0.875 0.227 0.370 0.000 
0 test1dax_consistent 0.078 0.000 0.000 0.022 0.000 1.942 0.258 0.000 1.180 0.754 0.000 0.000 0.013 0.674 0.000 1.641 0.005 0.176 1.398 0.000 0.433 0.000 1.674 0.000 0.159 0.000 1.528 0.000 0.000 5.059 0.000 0.127 0.810 0.514 1.658 3.907 0.000 1.101 0.000 0.228 
1 test1dax_inconsistent 0.078 0.000 0.000 0.022 0.000 1.942 0.258 0.000 1.180 0.754 0.000 0.000 0.013 0.674 0.000 1.641 0.005 0.176 1.398 0.000 0.000 0.000 1.037 0.000 0.000 0.000 0.293 0.000 0.000 1.370 0.000 0.000 0.766 0.636 0.905 1.326 0.000 0.655 0.000 0.069 
0 test1dax_consistent 2.250 0.637 0.853 0.252 0.000 0.000 0.224 1.885 0.000 0.000 0.000 0.000 0.000 0.062 0.966 0.000 0.188 0.000 0.000 0.000 0.319 4.317 0.000 0.407 2.044 0.374 0.000 0.693 0.000 3.353 2.530 0.000 0.000 0.108 2.107 1.653 0.000 0.000 0.000 0.000 
1 test1dax_inconsistent 2.250 0.637 0.853 0.252 0.000 0.000 0.224 1.885 0.000 0.000 0.000 0.000 0.000 0.062 0.966 0.000 0.188 0.000 0.000 0.000 0.010 1.768 0.000 1.123 1.069 0.000 0.417 0.223 0.000 1.114 0.120 0.000 0.027 0.450 0.124 0.048 0.000 0.294 0.000 0.031 
0 test1dax_consistent 0.000 0.000 0.000 0.941 0.825 0.000 0.664 1.503 0.839 1.620 0.200 0.000 0.431 0.471 0.072 0.456 0.988 0.636 0.242 0.365 0.000 0.000 0.000 3.366 0.000 0.000 0.000 5.079 0.000 0.099 0.349 0.000 2.327 0.348 0.000 2.042 1.763 0.000 0.000 0.869 
1 test1dax_inconsistent 0.000 0.000 0.000 0.941 0.825 0.000 0.664 1.503 0.839 1.620 0.200 0.000 0.431 0.471 0.072 0.456 0.988 0.636 0.242 0.365 0.000 0.000 0.000 0.566 0.157 0.000 0.000 1.764 0.720 0.100 0.703 0.000 1.054 0.435 0.288 1.380 0.494 0.000 0.000 0.202 
0 test1dax_consistent 0.000 0.637 1.163 0.000 0.708 0.000 1.577 0.052 0.849 0.897 0.000 0.871 0.000 0.000 0.000 1.603 0.000 0.000 0.000 0.059 0.000 0.900 4.124 0.000 2.595 0.000 0.175 0.404 0.788 3.193 2.310 0.386 0.000 0.000 0.000 0.000 1.285 0.000 0.000 1.183 
1 test1dax_inconsistent 0.000 0.637 1.163 0.000 0.708 0.000 1.577 0.052 0.849 0.897 0.000 0.871 0.000 0.000 0.000 1.603 0.000 0.000 0.000 0.059 0.001 0.176 1.104 0.179 1.796 0.042 0.008 0.515 0.824 0.734 0.850 0.833 0.000 0.000 0.000 0.000 0.117 0.000 0.000 0.160 
0 test1dax_consistent 0.145 0.000 0.511 0.756 1.590 0.196 1.228 0.982 0.000 0.000 0.663 0.000 0.000 0.000 0.168 0.706 0.000 0.000 0.053 2.172 0.000 1.476 2.218 0.000 0.000 0.000 1.454 0.031 0.000 1.407 2.690 1.773 0.000 1.579 1.762 0.000 0.000 2.466 3.096 0.603 
1 test1dax_inconsistent 0.145 0.000 0.511 0.756 1.590 0.196 1.228 0.982 0.000 0.000 0.663 0.000 0.000 0.000 0.168 0.706 0.000 0.000 0.053 2.172 0.029 0.167 0.209 0.582 0.000 0.074 0.558 0.000 0.055 0.270 0.755 0.245 0.000 0.359 0.825 0.000 0.000 1.081 0.621 0.572 
0 test1dax_consistent 1.012 0.570 0.000 0.295 1.670 0.000 0.998 0.742 0.000 0.624 0.010 0.000 0.000 0.000 1.525 0.128 0.360 0.100 0.000 0.170 4.577 0.000 2.220 0.000 0.000 0.000 0.000 0.000 0.386 0.000 0.000 0.000 1.816 0.000 2.530 0.000 0.000 0.000 0.570 3.240 
1 test1dax_inconsistent 1.012 0.570 0.000 0.295 1.670 0.000 0.998 0.742 0.000 0.624 0.010 0.000 0.000 0.000 1.525 0.128 0.360 0.100 0.000 0.170 0.821 0.000 0.508 0.000 0.764 0.027 0.000 0.321 0.813 0.000 0.322 0.000 1.318 0.167 0.256 0.359 0.000 0.000 0.000 1.375 
0 test1dax_consistent 2.277 0.484 0.306 0.006 0.000 0.000 0.000 0.000 0.000 0.214 2.332 0.010 0.000 0.000 0.000 0.000 0.000 0.561 0.000 0.000 0.000 0.000 2.179 3.826 1.183 3.595 0.000 3.973 0.000 0.000 1.021 1.025 0.000 0.000 2.186 0.086 0.000 0.000 0.000 0.000 
1 test1dax_inconsistent 2.277 0.484 0.306 0.006 0.000 0.000 0.000 0.000 0.000 0.214 2.332 0.010 0.000 0.000 0.000 0.000 0.000 0.561 0.000 0.000 0.000 0.103 0.621 1.266 1.090 1.499 0.000 0.747 0.000 0.101 0.286 0.377 0.000 0.000 0.673 0.452 0.033 0.000 0.000 0.000 
0 test1dax_consistent 0.000 1.141 1.036 0.265 2.299 0.040 0.000 0.928 0.772 0.000 1.413 0.054 0.192 0.000 0.124 0.000 0.000 0.419 0.000 0.000 1.650 2.549 0.000 1.421 3.393 0.000 0.000 0.000 0.000 0.000 0.043 1.526 1.515 0.000 0.000 0.000 4.130 0.000 0.000 0.000 
1 test1dax_inconsistent 0.000 1.141 1.036 0.265 2.299 0.040 0.000 0.928 0.772 0.000 1.413 0.054 0.192 0.000 0.124 0.000 0.000 0.419 0.000 0.000 1.385 0.000 0.336 1.059 0.883 0.000 0.000 0.163 0.213 0.000 0.711 0.617 0.641 0.079 0.162 0.000 1.304 0.299 0.000 0.000 
0 test1dax_consistent 0.449 1.377 0.057 0.000 0.000 0.243 1.119 0.037 0.000 0.000 0.109 0.151 0.698 0.000 0.708 1.598 0.199 0.000 0.711 1.435 0.203 0.038 0.000 0.000 0.000 1.074 0.000 0.000 0.000 0.000 0.000 0.000 0.000 0.000 2.342 4.069 3.065 0.000 2.885 0.000 
1 test1dax_inconsistent 0.449 1.377 0.057 0.000 0.000 0.243 1.119 0.037 0.000 0.000 0.109 0.151 0.698 0.000 0.708 1.598 0.199 0.000 0.711 1.435 0.387 0.392 0.141 0.000 0.000 0.934 0.003 0.110 0.000 0.197 0.151 0.320 0.000 0.000 0.343 0.808 1.874 0.000 1.134 0.567 
0 test1dax_consistent 0.000 0.000 0.000 0.000 0.000 0.000 0.000 0.000 0.000 0.330 0.000 0.000 2.917 0.102 0.000 0.000 0.000 0.000 1.020 0.000 2.935 0.000 0.000 0.000 0.000 4.813 0.000 0.000 0.000 0.000 0.000 0.000 5.128 0.000 0.000 0.000 0.000 1.119 0.307 0.000 
1 test1dax_inconsistent 0.000 0.000 0.000 0.000 0.000 0.000 0.000 0.000 0.000 0.330 0.000 0.000 2.917 0.102 0.000 0.000 0.000 0.000 1.020 0.000 0.228 0.047 0.000 0.000 0.000 1.885 0.428 0.596 0.000 0.000 0.000 0.000 1.683 0.025 0.000 0.038 0.010 0.809 0.000 0.000 
0 test1dax_consistent 0.368 0.139 0.583 0.077 0.069 0.000 0.019 1.222 0.969 0.000 1.193 2.395 0.683 0.000 0.664 0.954 0.332 0.338 0.720 0.809 0.480 0.000 0.000 0.000 2.113 0.000 0.843 2.667 0.000 0.000 0.000 5.171 0.000 0.000 2.361 0.012 1.445 0.340 0.000 0.188 
1 test1dax_inconsistent 0.368 0.139 0.583 0.077 0.069 0.000 0.019 1.222 0.969 0.000 1.193 2.395 0.683 0.000 0.664 0.954 0.332 0.338 0.720 0.809 0.445 0.000 0.000 1.420 0.397 0.000 0.498 0.959 0.072 0.000 0.000 1.747 0.000 0.536 0.465 0.000 0.252 0.512 0.000 0.000 
0 test1dax_consistent 0.698 0.000 0.000 0.378 0.899 0.766 0.000 1.328 1.293 0.222 0.907 0.162 0.000 0.074 0.000 0.384 0.448 0.000 0.949 1.589 0.000 0.409 0.882 0.000 0.211 4.496 2.109 0.000 0.000 0.226 3.207 0.256 0.000 0.000 0.000 0.661 2.910 0.000 0.000 0.100 
1 test1dax_inconsistent 0.698 0.000 0.000 0.378 0.899 0.766 0.000 1.328 1.293 0.222 0.907 0.162 0.000 0.074 0.000 0.384 0.448 0.000 0.949 1.589 0.159 0.051 0.533 0.000 0.320 0.990 0.082 0.423 0.000 0.000 0.953 0.000 0.000 0.000 0.000 0.738 1.461 0.000 0.548 0.301 
0 test1dax_consistent 0.000 0.000 0.061 0.000 0.000 0.000 0.128 0.136 0.948 2.103 0.452 1.036 0.299 1.137 1.177 0.000 0.148 0.000 0.000 0.738 0.365 0.000 0.004 1.247 0.000 1.376 0.000 4.407 2.401 0.276 0.000 3.686 0.000 1.582 0.354 0.000 1.581 0.000 0.000 0.000 
1 test1dax_inconsistent 0.000 0.000 0.061 0.000 0.000 0.000 0.128 0.136 0.948 2.103 0.452 1.036 0.299 1.137 1.177 0.000 0.148 0.000 0.000 0.738 0.000 0.000 0.156 0.008 0.000 0.454 0.000 1.718 1.041 0.000 0.141 0.918 0.347 0.000 0.552 0.000 1.587 0.000 0.427 0.544 
0 test1dax_consistent 0.000 0.796 0.106 0.447 0.083 0.000 1.369 1.389 1.661 0.000 0.000 0.318 0.000 0.000 0.010 0.000 0.000 1.463 0.625 0.000 0.926 3.167 1.225 1.598 0.000 0.000 0.554 0.000 4.361 0.000 0.000 2.238 0.000 0.042 0.002 0.000 0.000 0.038 0.000 0.000 
1 test1dax_inconsistent 0.000 0.796 0.106 0.447 0.083 0.000 1.369 1.389 1.661 0.000 0.000 0.318 0.000 0.000 0.010 0.000 0.000 1.463 0.625 0.000 0.333 0.875 0.111 0.376 0.000 0.090 0.000 0.169 0.361 0.000 0.000 0.730 0.000 0.568 0.077 0.064 0.218 0.000 0.410 0.195 
0 test1dax_consistent 0.000 0.207 0.052 1.199 0.537 0.000 0.347 0.805 1.326 0.178 0.000 0.000 0.000 0.043 1.508 0.672 0.951 0.000 0.485 0.945 0.054 0.000 0.000 0.596 0.000 0.000 1.456 1.699 4.806 2.095 1.024 1.754 0.012 0.000 0.537 0.000 0.687 3.260 0.805 0.091 
1 test1dax_inconsistent 0.000 0.207 0.052 1.199 0.537 0.000 0.347 0.805 1.326 0.178 0.000 0.000 0.000 0.043 1.508 0.672 0.951 0.000 0.485 0.945 0.000 0.034 0.042 0.527 0.464 0.000 0.772 0.778 1.069 1.573 0.999 0.256 0.113 0.037 0.200 0.000 0.217 0.608 0.000 0.269 
0 test1dax_consistent 1.367 0.000 0.893 1.586 0.000 0.410 0.153 0.000 0.856 0.000 1.183 0.000 0.000 1.427 0.000 0.000 0.000 0.759 0.000 0.396 0.947 1.514 3.016 1.502 0.000 2.274 0.029 0.000 0.042 0.000 3.356 1.271 4.076 0.000 0.000 0.000 0.000 0.000 0.000 1.861 
1 test1dax_inconsistent 1.367 0.000 0.893 1.586 0.000 0.410 0.153 0.000 0.856 0.000 1.183 0.000 0.000 1.427 0.000 0.000 0.000 0.759 0.000 0.396 0.725 0.235 1.970 0.908 0.000 0.477 0.018 0.000 0.000 0.000 1.375 0.960 0.777 0.000 0.000 0.000 0.026 0.000 0.000 0.761 
0 test1dax_consistent 1.122 0.000 1.636 1.582 0.443 0.000 0.000 0.000 0.000 0.000 0.000 0.040 0.103 0.000 0.038 0.309 1.777 0.791 0.000 0.963 4.025 0.000 1.471 0.000 0.000 0.000 0.799 0.000 0.077 0.000 0.000 0.000 2.286 0.380 0.000 2.038 0.000 1.486 3.691 1.112 
1 test1dax_inconsistent 1.122 0.000 1.636 1.582 0.443 0.000 0.000 0.000 0.000 0.000 0.000 0.040 0.103 0.000 0.038 0.309 1.777 0.791 0.000 0.963 0.526 0.000 0.403 0.000 0.000 0.000 0.002 0.000 0.456 0.000 0.000 0.000 0.842 0.304 0.000 1.265 0.532 1.221 0.848 0.793 
0 test1dax_consistent 0.645 2.045 0.000 0.000 0.000 0.000 0.990 0.000 0.076 1.640 0.000 0.000 0.007 0.000 0.000 0.648 0.008 0.395 0.157 0.218 2.170 0.700 0.000 0.000 0.000 0.000 1.137 0.069 0.000 3.613 0.023 1.086 0.763 0.000 1.852 0.000 0.000 0.643 4.776 0.460 
1 test1dax_inconsistent 0.645 2.045 0.000 0.000 0.000 0.000 0.990 0.000 0.076 1.640 0.000 0.000 0.007 0.000 0.000 0.648 0.008 0.395 0.157 0.218 0.239 0.159 0.000 0.000 0.632 0.000 0.929 0.024 0.000 1.120 0.711 0.550 0.658 0.000 0.450 0.000 0.173 1.246 1.200 0.290 
0 test1dax_consistent 0.819 0.078 1.583 0.331 0.000 0.095 0.000 1.623 1.421 0.719 0.950 0.000 0.750 0.000 0.185 0.464 0.000 0.000 0.000 0.185 1.695 0.000 1.656 0.000 2.954 0.035 0.000 3.129 3.023 2.178 0.091 0.000 0.000 0.000 0.000 0.810 1.185 0.000 1.695 3.488 
1 test1dax_inconsistent 0.819 0.078 1.583 0.331 0.000 0.095 0.000 1.623 1.421 0.719 0.950 0.000 0.750 0.000 0.185 0.464 0.000 0.000 0.000 0.185 0.469 0.140 0.560 0.000 1.554 0.000 0.000 0.682 1.644 0.312 0.641 0.064 0.521 0.000 0.029 0.000 0.580 0.000 0.337 1.606 
0 test1dax_consistent 1.030 0.303 0.310 0.161 1.126 0.175 0.131 0.000 0.000 0.817 0.000 0.000 0.000 2.144 0.010 0.937 0.806 0.000 0.037 1.406 1.066 1.671 2.391 1.377 2.400 0.811 3.306 0.000 0.000 0.000 1.476 1.209 2.020 0.000 3.118 0.350 0.000 0.000 0.000 0.693 
1 test1dax_inconsistent 1.030 0.303 0.310 0.161 1.126 0.175 0.131 0.000 0.000 0.817 0.000 0.000 0.000 2.144 0.010 0.937 0.806 0.000 0.037 1.406 0.098 1.261 0.771 0.776 0.555 0.453 0.648 0.000 0.000 0.497 0.269 0.226 0.151 0.000 0.715 0.852 0.000 0.000 0.000 0.385 
0 test1dax_consistent 0.052 0.000 0.000 0.099 0.000 0.755 0.059 0.000 0.074 0.000 0.000 0.000 0.000 0.324 0.212 1.290 0.205 2.270 1.196 0.266 0.000 0.000 5.907 0.000 0.000 0.909 0.646 0.000 0.000 0.692 0.000 0.000 0.000 0.000 2.767 1.535 0.000 1.246 2.114 2.200 
1 test1dax_inconsistent 0.052 0.000 0.000 0.099 0.000 0.755 0.059 0.000 0.074 0.000 0.000 0.000 0.000 0.324 0.212 1.290 0.205 2.270 1.196 0.266 0.349 0.000 1.847 0.000 0.000 0.379 0.970 0.000 0.333 0.000 0.012 0.000 0.000 0.816 0.843 0.731 0.168 0.000 0.767 0.386 
0 test1dax_consistent 0.015 0.088 0.000 0.056 0.000 0.000 0.585 0.000 0.000 0.000 0.000 2.235 0.621 0.219 0.053 0.000 0.000 2.465 0.022 0.247 1.673 0.000 1.574 0.328 0.000 2.504 0.000 0.000 2.963 0.000 0.931 4.426 0.000 1.694 1.380 0.000 2.839 0.438 2.125 0.272 
1 test1dax_inconsistent 0.015 0.088 0.000 0.056 0.000 0.000 0.585 0.000 0.000 0.000 0.000 2.235 0.621 0.219 0.053 0.000 0.000 2.465 0.022 0.247 0.968 0.000 0.241 0.381 0.000 0.844 0.246 0.000 2.039 0.000 0.511 0.874 0.588 0.028 1.176 0.000 1.355 0.251 0.624 0.040 
0 test1dax_consistent 0.000 0.400 0.000 0.951 0.000 0.006 2.261 0.489 0.000 0.000 0.115 0.259 0.135 0.491 0.443 0.000 0.026 0.000 0.000 1.667 0.000 0.000 3.541 1.484 0.000 3.320 0.000 0.000 0.000 1.884 0.000 1.389 0.000 0.000 3.672 0.000 0.000 0.000 0.000 2.721 
1 test1dax_inconsistent 0.000 0.400 0.000 0.951 0.000 0.006 2.261 0.489 0.000 0.000 0.115 0.259 0.135 0.491 0.443 0.000 0.026 0.000 0.000 1.667 0.000 0.018 1.271 0.150 0.000 0.512 0.271 0.594 0.000 1.307 0.000 0.414 0.097 0.475 1.348 0.000 0.000 0.000 0.000 1.296 
0 test1dax_consistent 0.312 0.743 0.038 2.644 0.000 1.558 0.000 0.000 0.000 0.473 0.000 0.061 0.000 0.123 0.197 0.000 0.132 0.569 1.297 0.000 0.000 3.093 0.025 0.804 0.000 0.000 0.000 0.000 0.000 2.124 0.000 0.000 0.000 0.008 1.003 0.000 5.597 0.006 0.000 0.213 
1 test1dax_inconsistent 0.312 0.743 0.038 2.644 0.000 1.558 0.000 0.000 0.000 0.473 0.000 0.061 0.000 0.123 0.197 0.000 0.132 0.569 1.297 0.000 0.000 0.113 0.312 0.068 0.000 0.363 0.000 0.000 0.000 1.324 0.000 0.034 0.000 0.291 0.931 0.054 1.623 0.641 0.000 0.000 
0 test1dax_consistent 0.704 0.000 1.290 1.300 0.866 0.277 0.000 0.000 0.084 0.000 0.119 1.018 0.000 0.801 0.000 0.000 0.000 0.922 0.429 0.734 0.000 0.000 0.000 1.794 1.293 0.181 0.000 0.000 0.000 5.491 1.654 0.380 0.255 0.595 0.000 0.000 0.686 0.651 0.000 0.733 
1 test1dax_inconsistent 0.704 0.000 1.290 1.300 0.866 0.277 0.000 0.000 0.084 0.000 0.119 1.018 0.000 0.801 0.000 0.000 0.000 0.922 0.429 0.734 0.018 0.137 0.000 1.284 0.508 0.000 0.046 0.000 0.000 1.278 0.954 0.000 0.000 0.500 0.000 0.000 0.494 0.000 0.000 0.068 
