0 test2fip_consistent left_hidden
2.928 0.548 0.000 0.307 0.144 0.387 0.618 2.169 1.059 0.000 0.000 0.000 0.605 2.267 0.000 1.679 0.385 0.386 1.854 0.000 
0 test2fip_consistent right_hidden
0.383 1.200 0.000 0.302 0.000 0.310 0.000 0.119 0.015 0.000 0.771 0.000 2.084 0.049 1.459 2.011 0.054 1.579 0.341 0.000 
---
1 test2fip_inconsistent left_hidden
2.928 0.548 0.000 0.307 0.144 0.387 0.618 2.169 1.059 0.000 0.000 0.000 0.605 2.267 0.000 1.679 0.385 0.386 1.854 0.000 
1 test2fip_inconsistent right_hidden
2.464 1.381 0.000 0.307 0.000 0.000 0.000 2.263 1.791 0.000 0.371 0.000 3.142 1.519 0.210 3.073 0.361 1.690 0.641 0.000 
---
0 test2fip_consistent left_hidden
4.348 0.131 1.860 3.859 0.000 0.555 0.000 0.744 0.000 0.100 0.000 0.916 0.000 0.000 0.277 0.000 0.287 0.000 0.000 0.000 
0 test2fip_consistent right_hidden
0.239 0.861 0.047 0.606 0.218 1.939 2.478 0.323 0.401 1.611 0.566 0.299 0.965 0.000 0.764 1.250 1.120 0.000 0.908 0.000 
---
1 test2fip_inconsistent left_hidden
4.348 0.131 1.860 3.859 0.000 0.555 0.000 0.744 0.000 0.100 0.000 0.916 0.000 0.000 0.277 0.000 0.287 0.000 0.000 0.000 
1 test2fip_inconsistent right_hidden
4.434 0.566 0.895 1.919 0.487 1.736 2.714 0.000 0.312 1.157 0.326 0.000 0.770 0.000 0.614 0.536 1.082 0.000 0.986 0.000 
---
0 test2fip_consistent left_hidden
0.000 0.000 0.000 2.031 0.000 0.188 0.000 0.193 0.000 0.000 0.000 0.000 0.000 0.000 4.540 0.000 0.000 2.458 1.040 0.000 
0 test2fip_consistent right_hidden
0.039 0.000 0.000 0.315 1.356 2.275 1.630 0.000 1.056 0.772 0.000 0.000 0.000 1.320 1.104 1.617 0.214 0.214 0.146 0.603 
---
1 test2fip_inconsistent left_hidden
0.000 0.000 0.000 2.031 0.000 0.188 0.000 0.193 0.000 0.000 0.000 0.000 0.000 0.000 4.540 0.000 0.000 2.458 1.040 0.000 
1 test2fip_inconsistent right_hidden
0.000 0.000 0.000 3.831 1.427 1.279 2.409 0.000 0.231 0.760 0.000 0.000 0.000 0.897 2.869 1.900 0.000 0.371 1.009 0.465 
---
0 test2fip_consistent left_hidden
2.538 0.573 0.000 0.764 1.705 0.495 1.265 0.000 0.490 0.000 0.000 2.787 0.339 1.763 1.309 0.000 0.764 0.000 1.094 0.744 
0 test2fip_consistent right_hidden
0.228 0.025 0.540 0.081 0.198 0.848 0.099 0.000 0.514 0.000 0.000 3.491 0.000 0.871 0.000 0.000 0.000 0.353 0.000 0.790 
---
1 test2fip_inconsistent left_hidden
2.538 0.573 0.000 0.764 1.705 0.495 1.265 0.000 0.490 0.000 0.000 2.787 0.339 1.763 1.309 0.000 0.764 0.000 1.094 0.744 
1 test2fip_inconsistent right_hidden
2.906 0.778 1.047 1.135 0.930 0.843 1.793 0.000 0.982 0.000 0.000 4.392 0.000 1.486 0.028 0.000 0.000 0.208 1.435 0.907 
---
0 test2fip_consistent left_hidden
2.903 0.000 0.000 0.000 0.177 4.763 0.000 0.000 0.000 0.000 0.000 0.000 0.745 0.000 1.559 1.016 0.103 0.367 0.000 0.000 
0 test2fip_consistent right_hidden
0.555 0.503 0.639 0.551 0.309 1.206 0.394 2.157 0.691 1.010 0.000 1.678 0.500 1.345 0.071 0.268 0.861 0.000 0.433 0.527 
---
1 test2fip_inconsistent left_hidden
2.903 0.000 0.000 0.000 0.177 4.763 0.000 0.000 0.000 0.000 0.000 0.000 0.745 0.000 1.559 1.016 0.103 0.367 0.000 0.000 
1 test2fip_inconsistent right_hidden
3.430 0.173 0.435 0.000 0.175 4.400 0.097 1.003 1.034 1.132 0.000 1.768 0.401 0.864 0.572 1.082 0.732 0.000 0.479 0.574 
---
0 test2fip_consistent left_hidden
0.000 0.000 0.000 0.000 0.083 1.616 1.113 3.783 0.000 1.621 0.000 0.608 1.630 0.000 0.000 0.000 0.000 0.000 0.000 2.572 
0 test2fip_consistent right_hidden
2.593 0.216 0.000 0.000 0.440 0.258 1.501 1.221 0.000 0.010 0.156 1.010 0.031 0.000 1.784 0.569 0.572 0.000 0.000 1.198 
---
1 test2fip_inconsistent left_hidden
0.000 0.000 0.000 0.000 0.083 1.616 1.113 3.783 0.000 1.621 0.000 0.608 1.630 0.000 0.000 0.000 0.000 0.000 0.000 2.572 
1 test2fip_inconsistent right_hidden
1.519 0.235 0.000 0.000 0.024 2.896 1.763 3.690 0.010 1.346 0.000 1.151 0.000 0.000 1.653 1.586 1.790 0.000 0.000 2.405 
---
0 test2fip_consistent left_hidden
0.000 2.329 0.006 0.000 0.000 0.000 2.383 0.000 0.000 3.204 0.000 0.000 1.659 1.509 0.000 0.000 0.000 0.529 1.227 0.000 
0 test2fip_consistent right_hidden
0.546 0.205 0.000 0.049 0.000 0.000 0.161 1.140 2.256 1.976 0.047 1.035 1.577 0.025 0.050 0.841 0.000 0.000 1.272 0.000 
---
1 test2fip_inconsistent left_hidden
0.000 2.329 0.006 0.000 0.000 0.000 2.383 0.000 0.000 3.204 0.000 0.000 1.659 1.509 0.000 0.000 0.000 0.529 1.227 0.000 
1 test2fip_inconsistent right_hidden
0.002 2.620 0.000 0.000 0.000 0.000 2.011 0.415 1.384 4.658 0.000 0.000 2.832 0.253 0.827 0.068 0.000 0.000 0.730 0.070 
---
0 test2fip_consistent left_hidden
0.469 1.506 0.000 1.730 0.605 0.000 1.125 0.302 0.000 0.281 0.989 0.073 0.080 1.010 0.000 0.000 0.000 2.676 1.198 1.980 
0 test2fip_consistent right_hidden
0.603 0.392 0.069 2.778 0.010 0.000 1.134 0.000 0.000 0.565 0.112 1.673 0.000 0.000 0.460 0.000 0.863 0.000 1.358 0.000 
---
1 test2fip_inconsistent left_hidden
0.469 1.506 0.000 1.730 0.605 0.000 1.125 0.302 0.000 0.281 0.989 0.073 0.080 1.010 0.000 0.000 0.000 2.676 1.198 1.980 
1 test2fip_inconsistent right_hidden
0.936 2.067 0.000 3.525 0.000 0.051 1.863 0.000 0.000 1.176 1.025 1.156 0.000 0.059 0.077 0.000 0.498 2.135 2.252 2.157 
---
0 test2fip_consistent left_hidden
2.053 0.000 0.000 0.402 1.308 0.000 2.364 0.000 0.000 1.944 0.000 0.188 0.898 0.000 0.107 3.889 0.000 0.839 0.373 0.038 
0 test2fip_consistent right_hidden
0.080 0.000 0.544 0.000 0.000 0.178 0.953 0.000 0.054 2.479 0.070 0.773 1.089 0.745 1.051 0.884 0.035 0.131 1.943 0.320 
---
1 test2fip_inconsistent left_hidden
2.053 0.000 0.000 0.402 1.308 0.000 2.364 0.000 0.000 1.944 0.000 0.188 0.898 0.000 0.107 3.889 0.000 0.839 0.373 0.038 
1 test2fip_inconsistent right_hidden
0.766 0.000 0.333 0.000 0.000 0.004 2.218 0.000 0.000 2.107 0.000 0.519 1.145 0.038 0.205 4.369 0.000 1.359 1.602 0.190 
---
0 test2fip_consistent left_hidden
5.620 0.000 0.000 2.007 0.000 0.000 0.000 0.000 0.000 0.228 0.000 0.000 0.000 0.977 0.348 1.489 0.000 0.000 0.000 1.303 
0 test2fip_consistent right_hidden
0.685 2.539 0.000 0.197 0.000 0.095 0.000 0.000 0.000 2.040 0.000 0.000 0.000 0.000 1.820 1.639 0.949 0.000 0.000 0.282 
---
1 test2fip_inconsistent left_hidden
5.620 0.000 0.000 2.007 0.000 0.000 0.000 0.000 0.000 0.228 0.000 0.000 0.000 0.977 0.348 1.489 0.000 0.000 0.000 1.303 
1 test2fip_inconsistent right_hidden
4.314 1.850 0.000 1.594 0.000 0.003 0.000 0.000 0.000 1.497 0.000 0.000 0.000 0.000 1.745 2.583 0.535 0.000 0.000 1.773 
---
0 test2fip_consistent left_hidden
0.000 2.506 0.000 0.000 0.000 0.000 0.000 0.406 0.459 0.000 1.310 0.000 2.175 0.000 0.000 1.700 0.000 3.544 0.913 1.041 
0 test2fip_consistent right_hidden
0.000 0.000 2.012 0.000 0.000 0.000 1.581 2.735 0.104 0.000 0.086 0.000 0.878 0.000 0.352 0.676 0.000 0.112 1.170 0.022 
---
1 test2fip_inconsistent left_hidden
0.000 2.506 0.000 0.000 0.000 0.000 0.000 0.406 0.459 0.000 1.310 0.000 2.175 0.000 0.000 1.700 0.000 3.544 0.913 1.041 
1 test2fip_inconsistent right_hidden
0.000 0.955 2.114 0.000 0.000 0.000 0.388 1.824 0.158 0.000 0.000 0.000 2.099 0.000 0.128 1.538 0.000 3.690 3.229 0.542 
---
0 test2fip_consistent left_hidden
0.161 0.000 3.400 1.346 0.000 1.452 0.000 0.008 1.407 0.000 0.766 0.000 0.448 0.000 3.842 0.000 0.000 0.000 0.000 0.728 
0 test2fip_consistent right_hidden
1.000 0.000 0.744 2.157 0.833 0.800 0.897 0.101 0.091 0.000 0.863 1.248 0.609 0.000 0.806 0.000 2.062 0.353 0.386 0.096 
---
1 test2fip_inconsistent left_hidden
0.161 0.000 3.400 1.346 0.000 1.452 0.000 0.008 1.407 0.000 0.766 0.000 0.448 0.000 3.842 0.000 0.000 0.000 0.000 0.728 
1 test2fip_inconsistent right_hidden
1.045 0.000 3.596 2.715 0.173 0.783 0.631 0.000 2.390 0.000 1.743 0.668 0.651 0.000 2.526 0.000 1.506 0.875 0.000 1.582 
---
0 test2fip_consistent left_hidden
0.000 0.710 0.000 2.482 0.000 0.000 0.180 2.219 0.000 0.468 0.489 0.267 1.719 1.884 0.761 0.000 3.281 1.528 0.395 0.000 
0 test2fip_consistent right_hidden
0.305 0.030 0.259 0.125 0.000 0.565 1.622 1.907 0.185 2.068 1.102 0.058 0.084 1.703 0.000 0.000 0.740 0.141 0.000 0.000 
---
1 test2fip_inconsistent left_hidden
0.000 0.710 0.000 2.482 0.000 0.000 0.180 2.219 0.000 0.468 0.489 0.267 1.719 1.884 0.761 0.000 3.281 1.528 0.395 0.000 
1 test2fip_inconsistent right_hidden
0.895 0.048 0.069 2.654 0.000 0.303 1.413 3.187 0.000 1.372 0.688 0.000 2.405 1.822 0.000 0.000 3.147 1.252 0.000 0.000 
---
0 test2fip_consistent left_hidden
2.202 0.705 1.313 0.098 0.375 0.000 0.204 0.000 0.000 0.000 0.000 0.000 0.000 0.000 1.188 2.914 3.399 1.259 0.000 0.000 
0 test2fip_consistent right_hidden
0.000 0.065 0.000 0.000 2.115 0.000 1.799 0.308 1.647 0.000 0.000 0.240 0.000 0.000 0.004 2.111 0.000 0.000 0.000 0.000 
---
1 test2fip_inconsistent left_hidden
2.202 0.705 1.313 0.098 0.375 0.000 0.204 0.000 0.000 0.000 0.000 0.000 0.000 0.000 1.188 2.914 3.399 1.259 0.000 0.000 
1 test2fip_inconsistent right_hidden
3.040 1.372 0.119 0.000 2.565 0.000 1.405 0.000 0.990 0.000 0.000 0.323 0.000 0.000 1.409 2.996 1.187 1.484 0.000 0.000 
---
0 test2fip_consistent left_hidden
2.262 0.000 1.287 0.162 0.000 1.194 0.000 1.317 0.000 0.134 0.000 0.912 0.000 1.682 0.184 3.948 1.219 0.000 0.000 0.000 
0 test2fip_consistent right_hidden
1.380 2.209 0.116 0.000 1.557 0.571 0.000 0.000 1.360 0.802 0.000 0.000 2.087 0.479 0.000 0.536 0.122 0.000 0.000 0.000 
---
1 test2fip_inconsistent left_hidden
2.262 0.000 1.287 0.162 0.000 1.194 0.000 1.317 0.000 0.134 0.000 0.912 0.000 1.682 0.184 3.948 1.219 0.000 0.000 0.000 
1 test2fip_inconsistent right_hidden
3.691 1.208 1.011 0.000 0.787 2.278 0.000 1.023 0.848 1.670 0.000 0.000 1.610 1.311 0.000 2.420 1.215 0.000 0.000 0.000 
---
0 test2fip_consistent left_hidden
1.566 1.430 0.000 0.896 0.000 2.128 0.000 0.000 0.000 0.371 0.259 1.845 0.000 0.000 0.417 2.012 0.078 0.000 1.000 1.919 
0 test2fip_consistent right_hidden
0.936 0.000 0.000 0.000 0.000 0.000 0.004 0.000 1.919 0.000 1.648 1.014 1.388 0.000 0.000 1.422 1.485 1.280 0.116 0.000 
---
1 test2fip_inconsistent left_hidden
1.566 1.430 0.000 0.896 0.000 2.128 0.000 0.000 0.000 0.371 0.259 1.845 0.000 0.000 0.417 2.012 0.078 0.000 1.000 1.919 
1 test2fip_inconsistent right_hidden
1.917 1.276 0.000 0.232 0.000 2.152 0.000 0.000 0.843 0.000 2.926 1.820 0.702 0.000 0.000 2.615 1.204 0.448 2.382 1.607 
---
0 test2fip_consistent left_hidden
0.000 0.000 2.009 0.000 0.000 0.030 0.000 0.000 0.000 0.000 0.000 0.000 1.061 0.154 2.345 0.000 0.000 3.980 0.264 2.664 
0 test2fip_consistent right_hidden
0.000 0.000 1.088 0.019 0.020 0.033 0.012 2.067 0.000 0.000 0.000 0.000 1.082 0.075 1.869 0.000 1.202 0.802 2.593 0.089 
---
1 test2fip_inconsistent left_hidden
0.000 0.000 2.009 0.000 0.000 0.030 0.000 0.000 0.000 0.000 0.000 0.000 1.061 0.154 2.345 0.000 0.000 3.980 0.264 2.664 
1 test2fip_inconsistent right_hidden
0.000 0.000 0.993 0.000 0.000 0.000 0.000 1.197 0.000 0.000 0.000 0.000 0.378 0.000 3.602 0.000 2.718 2.567 2.105 3.284 
---
0 test2fip_consistent left_hidden
0.000 0.000 2.485 0.874 2.604 0.341 3.570 0.361 2.098 0.000 0.000 0.000 0.000 0.083 0.000 0.040 0.000 0.000 0.334 0.000 
0 test2fip_consistent right_hidden
0.000 0.006 0.142 0.000 2.166 0.087 1.690 0.000 1.185 0.000 0.041 0.000 0.000 0.000 0.132 1.489 2.031 0.000 1.997 0.659 
---
1 test2fip_inconsistent left_hidden
0.000 0.000 2.485 0.874 2.604 0.341 3.570 0.361 2.098 0.000 0.000 0.000 0.000 0.083 0.000 0.040 0.000 0.000 0.334 0.000 
1 test2fip_inconsistent right_hidden
0.000 0.000 2.430 1.013 1.539 0.976 4.774 0.413 2.251 0.000 0.000 0.000 0.000 0.000 0.000 1.372 1.540 0.000 0.463 1.000 
---
0 test2fip_consistent left_hidden
0.373 1.704 0.000 1.652 0.000 0.575 1.455 0.032 1.378 0.000 0.000 0.000 0.000 2.650 0.000 0.062 0.000 0.046 3.500 0.099 
0 test2fip_consistent right_hidden
1.202 1.338 0.000 0.503 0.000 0.247 0.605 1.450 0.007 0.000 0.000 0.324 0.000 0.323 2.220 0.242 0.000 1.483 1.462 0.501 
---
1 test2fip_inconsistent left_hidden
0.373 1.704 0.000 1.652 0.000 0.575 1.455 0.032 1.378 0.000 0.000 0.000 0.000 2.650 0.000 0.062 0.000 0.046 3.500 0.099 
1 test2fip_inconsistent right_hidden
1.585 2.709 0.000 1.950 0.000 0.787 2.680 2.029 0.025 0.000 0.000 0.154 0.000 2.975 1.312 0.265 0.000 1.371 2.666 0.000 
---
0 test2fip_consistent left_hidden
0.000 0.270 2.979 0.000 0.000 0.000 0.000 0.063 0.000 0.000 0.367 0.000 1.623 0.000 0.657 1.378 0.741 3.577 0.000 0.685 
0 test2fip_consistent right_hidden
0.431 2.796 0.086 0.000 0.199 0.042 0.361 0.100 1.875 0.000 0.095 0.940 0.374 0.000 0.731 0.377 0.399 0.754 0.014 0.000 
---
1 test2fip_inconsistent left_hidden
0.000 0.270 2.979 0.000 0.000 0.000 0.000 0.063 0.000 0.000 0.367 0.000 1.623 0.000 0.657 1.378 0.741 3.577 0.000 0.685 
1 test2fip_inconsistent right_hidden
0.317 2.620 0.395 0.000 1.448 0.000 1.223 0.000 0.866 0.000 1.379 0.319 2.755 0.000 1.119 2.213 0.204 3.217 0.000 0.213 
---
0 test2fip_consistent left_hidden
4.045 0.000 1.450 1.680 0.000 0.174 0.622 2.005 0.969 1.226 0.000 0.005 0.000 0.000 0.000 1.655 0.936 0.000 0.000 0.000 
0 test2fip_consistent right_hidden
0.000 0.000 1.780 0.010 0.000 1.524 0.000 0.508 0.062 1.669 0.851 0.000 0.000 0.559 0.066 1.445 1.014 0.112 0.000 1.593 
---
1 test2fip_inconsistent left_hidden
4.045 0.000 1.450 1.680 0.000 0.174 0.622 2.005 0.969 1.226 0.000 0.005 0.000 0.000 0.000 1.655 0.936 0.000 0.000 0.000 
1 test2fip_inconsistent right_hidden
2.859 0.037 3.073 0.691 0.000 0.879 0.776 2.992 0.312 1.741 0.421 0.000 0.000 0.214 0.142 1.313 2.371 0.000 0.000 1.131 
---
0 test2fip_consistent left_hidden
0.411 0.620 0.000 0.085 0.236 0.000 0.610 0.000 2.323 0.000 4.132 0.000 0.000 0.000 2.881 1.470 0.000 0.000 0.000 0.000 
0 test2fip_consistent right_hidden
0.995 0.064 0.000 0.914 0.000 0.000 0.574 0.000 2.986 2.217 0.468 0.000 0.208 0.000 0.288 0.157 1.954 1.527 0.073 0.088 
---
1 test2fip_inconsistent left_hidden
0.411 0.620 0.000 0.085 0.236 0.000 0.610 0.000 2.323 0.000 4.132 0.000 0.000 0.000 2.881 1.470 0.000 0.000 0.000 0.000 
1 test2fip_inconsistent right_hidden
1.129 0.095 0.000 0.484 0.000 0.000 1.202 0.000 3.109 2.091 4.142 0.000 0.000 0.000 1.642 0.943 1.291 1.516 0.000 0.000 
---
0 test2fip_consistent left_hidden
3.283 0.000 2.723 3.459 0.044 0.000 0.000 0.000 2.063 0.050 0.240 0.635 0.000 0.000 0.000 1.069 1.826 0.000 0.000 0.000 
0 test2fip_consistent right_hidden
0.000 0.109 0.998 0.000 0.062 0.859 0.000 0.000 0.000 0.036 2.356 0.226 2.702 0.188 0.000 1.028 0.141 0.000 0.000 0.000 
---
1 test2fip_inconsistent left_hidden
3.283 0.000 2.723 3.459 0.044 0.000 0.000 0.000 2.063 0.050 0.240 0.635 0.000 0.000 0.000 1.069 1.826 0.000 0.000 0.000 
1 test2fip_inconsistent right_hidden
2.255 0.000 4.440 1.669 0.000 0.717 0.000 0.000 0.183 0.000 2.307 0.920 2.050 0.187 0.000 1.428 0.895 0.000 0.003 0.000 
---
0 test2fip_consistent left_hidden
1.276 0.177 0.515 4.784 0.000 0.000 0.013 0.000 0.416 0.000 0.000 0.000 0.000 0.000 1.616 0.000 1.859 1.073 0.200 0.462 
0 test2fip_consistent right_hidden
0.790 0.000 1.011 0.000 0.000 0.000 1.527 0.000 0.000 0.000 1.572 0.027 0.000 0.000 0.092 0.000 2.123 2.608 0.830 0.098 
---
1 test2fip_inconsistent left_hidden
1.276 0.177 0.515 4.784 0.000 0.000 0.013 0.000 0.416 0.000 0.000 0.000 0.000 0.000 1.616 0.000 1.859 1.073 0.200 0.462 
1 test2fip_inconsistent right_hidden
1.312 0.000 0.834 4.241 0.000 0.000 1.131 0.000 0.765 0.000 0.303 0.000 0.000 0.000 1.358 0.000 2.902 2.279 0.000 1.101 
---
0 test2fip_consistent left_hidden
3.204 1.788 0.696 0.000 2.479 0.000 1.342 0.899 0.000 0.966 0.766 0.000 0.000 0.344 0.000 1.613 0.000 1.491 0.816 0.000 
0 test2fip_consistent right_hidden
0.173 0.940 0.220 0.000 0.181 0.000 0.585 0.130 0.406 0.925 1.103 1.847 0.000 1.527 0.809 2.211 0.000 1.022 0.181 0.006 
---
1 test2fip_inconsistent left_hidden
3.204 1.788 0.696 0.000 2.479 0.000 1.342 0.899 0.000 0.966 0.766 0.000 0.000 0.344 0.000 1.613 0.000 1.491 0.816 0.000 
1 test2fip_inconsistent right_hidden
2.938 1.980 1.293 0.000 2.371 0.000 1.933 1.031 0.245 0.429 1.686 1.440 0.000 1.280 0.972 3.418 0.000 0.140 1.287 0.042 
---
0 test2fip_consistent left_hidden
0.000 0.000 0.000 1.527 1.400 1.663 1.092 2.169 1.347 3.030 0.000 0.789 0.000 0.000 0.566 0.315 0.000 0.019 0.000 0.000 
0 test2fip_consistent right_hidden
0.000 0.000 0.000 0.000 0.000 0.310 0.000 0.278 0.838 2.681 0.000 0.000 0.000 0.000 0.000 0.000 0.000 2.215 0.000 2.096 
---
1 test2fip_inconsistent left_hidden
0.000 0.000 0.000 1.527 1.400 1.663 1.092 2.169 1.347 3.030 0.000 0.789 0.000 0.000 0.566 0.315 0.000 0.019 0.000 0.000 
1 test2fip_inconsistent right_hidden
0.000 0.000 0.000 2.771 2.074 1.308 0.273 1.672 1.507 4.216 0.000 0.000 0.000 0.000 0.000 0.000 0.000 1.657 0.000 0.000 
---
0 test2fip_consistent left_hidden
0.000 0.003 0.000 0.000 0.000 0.000 3.336 0.000 0.000 0.077 0.000 0.000 1.336 3.581 2.141 1.590 0.000 0.019 0.000 0.000 
0 test2fip_consistent right_hidden
0.595 0.416 0.038 1.116 0.065 0.000 0.568 1.337 0.673 0.152 0.000 0.025 0.287 0.044 1.913 0.505 0.000 2.703 0.000 0.000 
---
1 test2fip_inconsistent left_hidden
0.000 0.003 0.000 0.000 0.000 0.000 3.336 0.000 0.000 0.077 0.000 0.000 1.336 3.581 2.141 1.590 0.000 0.019 0.000 0.000 
1 test2fip_inconsistent right_hidden
0.000 0.422 0.000 0.433 0.000 0.000 4.420 0.976 0.437 0.112 0.000 0.000 2.385 1.536 2.153 0.296 0.000 2.710 0.000 0.000 
---
0 test2fip_consistent left_hidden
0.334 0.000 2.042 2.647 0.000 0.000 0.077 0.199 0.000 0.018 0.678 0.000 1.822 0.000 0.041 0.000 2.287 0.615 4.117 0.000 
0 test2fip_consistent right_hidden
1.077 0.000 0.020 3.277 0.000 0.127 2.176 0.000 0.000 0.964 0.000 0.091 0.000 0.000 0.012 0.000 0.000 0.000 1.181 0.296 
---
1 test2fip_inconsistent left_hidden
0.334 0.000 2.042 2.647 0.000 0.000 0.077 0.199 0.000 0.018 0.678 0.000 1.822 0.000 0.041 0.000 2.287 0.615 4.117 0.000 
1 test2fip_inconsistent right_hidden
0.975 0.000 2.629 3.329 0.000 0.000 1.726 0.000 0.000 0.428 0.000 0.655 1.042 0.000 0.000 0.000 1.230 0.801 4.260 0.149 
---
0 test2fip_consistent left_hidden
0.000 0.350 0.000 0.111 0.018 0.918 0.000 0.000 0.000 2.308 0.000 0.000 0.000 0.000 0.457 3.558 3.321 0.000 0.000 0.994 
0 test2fip_consistent right_hidden
1.502 0.000 1.185 0.526 2.220 1.895 0.121 0.000 0.000 0.374 0.125 0.029 1.747 0.026 0.576 0.013 1.153 0.000 0.195 0.037 
---
1 test2fip_inconsistent left_hidden
0.000 0.350 0.000 0.111 0.018 0.918 0.000 0.000 0.000 2.308 0.000 0.000 0.000 0.000 0.457 3.558 3.321 0.000 0.000 0.994 
1 test2fip_inconsistent right_hidden
0.398 0.000 1.112 0.492 1.239 3.136 0.000 0.014 0.000 1.037 1.857 0.038 1.008 0.000 0.595 1.162 4.578 0.000 0.000 0.010 
---
0 test2fip_consistent left_hidden
0.000 2.285 0.121 0.000 1.273 0.148 0.000 3.418 0.000 0.092 0.402 0.673 0.119 0.000 1.045 0.000 3.447 0.000 0.000 0.000 
0 test2fip_consistent right_hidden
0.000 0.391 1.167 0.000 2.209 0.000 0.000 0.638 0.000 1.921 0.000 0.231 0.868 0.633 0.091 1.360 0.856 1.622 0.213 0.000 
---
1 test2fip_inconsistent left_hidden
0.000 2.285 0.121 0.000 1.273 0.148 0.000 3.418 0.000 0.092 0.402 0.673 0.119 0.000 1.045 0.000 3.447 0.000 0.000 0.000 
1 test2fip_inconsistent right_hidden
0.000 2.883 1.792 0.000 3.205 0.000 0.000 3.053 0.000 1.909 0.000 0.953 0.757 0.539 0.934 0.338 2.071 0.963 0.000 0.000 
---
0 test2fip_consistent left_hidden
0.000 0.000 3.097 0.000 0.000 0.000 2.002 0.000 2.007 0.000 3.296 0.000 0.013 0.000 1.528 0.285 0.000 1.828 0.000 1.354 
0 test2fip_consistent right_hidden
0.000 0.000 0.182 0.000 1.166 0.907 0.000 0.000 0.000 0.078 0.640 0.087 2.537 0.023 0.000 2.226 0.000 1.087 0.000 1.055 
---
1 test2fip_inconsistent left_hidden
0.000 0.000 3.097 0.000 0.000 0.000 2.002 0.000 2.007 0.000 3.296 0.000 0.013 0.000 1.528 0.285 0.000 1.828 0.000 1.354 
1 test2fip_inconsistent right_hidden
0.000 0.000 2.388 0.000 0.693 0.132 0.000 0.000 1.310 0.807 4.535 0.000 2.478 0.000 0.000 1.740 0.000 0.559 0.000 0.878 
---
0 test2fip_consistent left_hidden
0.000 0.000 0.543 0.000 1.402 0.000 0.677 0.143 0.242 2.268 0.983 0.060 0.000 0.000 0.870 0.000 0.000 0.114 4.901 0.237 
0 test2fip_consistent right_hidden
0.000 0.000 0.000 0.000 0.927 0.000 0.759 0.073 3.038 0.028 0.000 0.856 1.668 0.278 0.000 0.000 0.000 0.000 1.112 2.248 
---
1 test2fip_inconsistent left_hidden
0.000 0.000 0.543 0.000 1.402 0.000 0.677 0.143 0.242 2.268 0.983 0.060 0.000 0.000 0.870 0.000 0.000 0.114 4.901 0.237 
1 test2fip_inconsistent right_hidden
0.000 0.000 0.000 0.000 0.959 0.000 2.283 0.000 1.859 0.253 0.000 0.628 1.700 0.000 0.857 0.000 0.000 0.000 5.316 1.941 
---
0 test2fip_consistent left_hidden
0.164 2.361 0.000 0.147 0.000 0.000 0.000 0.000 0.545 0.051 0.000 0.000 0.000 1.924 1.701 0.000 0.910 3.068 1.814 1.962 
0 test2fip_consistent right_hidden
0.412 0.122 0.000 0.373 0.000 0.200 0.000 0.521 0.127 0.324 0.409 0.639 0.000 0.071 3.178 0.850 0.095 1.444 0.160 0.681 
---
1 test2fip_inconsistent left_hidden
0.164 2.361 0.000 0.147 0.000 0.000 0.000 0.000 0.545 0.051 0.000 0.000 0.000 1.924 1.701 0.000 0.910 3.068 1.814 1.962 
1 test2fip_inconsistent right_hidden
0.000 1.265 1.060 0.894 0.000 0.000 0.000 0.000 0.000 0.043 0.442 1.093 0.000 1.739 3.193 0.421 0.788 2.934 1.702 3.569 
---
0 test2fip_consistent left_hidden
2.654 0.000 2.186 0.000 0.759 0.230 2.113 0.796 0.151 0.000 0.615 0.000 0.000 1.971 0.000 0.000 0.000 0.000 2.948 0.000 
0 test2fip_consistent right_hidden
0.000 0.000 3.243 0.000 0.190 0.999 0.000 0.000 1.689 0.014 0.553 0.000 0.000 0.000 0.000 0.000 0.000 0.000 0.574 0.544 
---
1 test2fip_inconsistent left_hidden
2.654 0.000 2.186 0.000 0.759 0.230 2.113 0.796 0.151 0.000 0.615 0.000 0.000 1.971 0.000 0.000 0.000 0.000 2.948 0.000 
1 test2fip_inconsistent right_hidden
1.129 0.000 4.256 0.000 1.924 1.245 1.656 1.410 0.000 0.000 0.474 0.000 0.000 1.230 0.000 0.000 0.000 0.000 1.946 1.144 
---
0 test2fip_consistent left_hidden
0.000 0.000 0.172 1.124 0.000 0.184 0.481 0.000 0.000 0.000 0.000 1.182 0.066 0.000 3.434 0.000 4.478 0.000 0.000 1.461 
0 test2fip_consistent right_hidden
0.000 0.000 1.737 0.000 0.000 1.234 0.000 0.000 1.273 0.000 0.105 0.000 0.000 0.000 2.903 1.811 0.000 0.000 0.000 1.241 
---
1 test2fip_inconsistent left_hidden
0.000 0.000 0.172 1.124 0.000 0.184 0.481 0.000 0.000 0.000 0.000 1.182 0.066 0.000 3.434 0.000 4.478 0.000 0.000 1.461 
1 test2fip_inconsistent right_hidden
0.000 0.000 1.105 3.029 0.000 2.491 0.000 0.000 0.762 0.000 0.000 0.000 0.000 0.000 3.687 1.462 2.728 0.000 0.000 1.652 
---
0 test2fip_consistent left_hidden
0.000 0.000 0.000 0.505 1.115 0.773 0.000 2.622 1.808 2.276 0.000 0.248 1.405 0.000 0.000 0.000 1.163 1.496 1.024 2.930 
0 test2fip_consistent right_hidden
0.000 0.000 0.000 0.149 0.000 0.951 0.000 0.208 0.000 0.032 0.000 0.417 0.316 0.000 0.000 1.285 0.074 1.959 0.000 2.961 
---
1 test2fip_inconsistent left_hidden
0.000 0.000 0.000 0.505 1.115 0.773 0.000 2.622 1.808 2.276 0.000 0.248 1.405 0.000 0.000 0.000 1.163 1.496 1.024 2.930 
1 test2fip_inconsistent right_hidden
0.121 0.000 0.000 0.161 1.197 0.257 0.000 2.285 2.079 1.409 0.000 0.483 1.484 0.000 0.000 0.808 0.640 1.887 0.000 5.037 
---
0 test2fip_consistent left_hidden
1.509 2.706 1.437 0.190 0.041 0.877 1.457 0.000 0.000 0.017 1.935 2.024 0.000 1.635 1.262 0.000 0.412 0.560 0.036 0.000 
0 test2fip_consistent right_hidden
0.000 2.624 0.110 0.418 0.024 0.374 0.042 0.000 0.000 0.000 0.000 2.696 0.000 0.100 0.727 0.000 1.449 0.000 0.033 0.000 
---
1 test2fip_inconsistent left_hidden
1.509 2.706 1.437 0.190 0.041 0.877 1.457 0.000 0.000 0.017 1.935 2.024 0.000 1.635 1.262 0.000 0.412 0.560 0.036 0.000 
1 test2fip_inconsistent right_hidden
0.120 2.635 1.151 0.637 0.000 1.632 1.203 0.000 0.000 0.000 1.906 3.595 0.000 1.404 1.827 0.000 1.102 0.960 0.000 0.000 
---
0 test2fip_consistent left_hidden
0.000 0.000 0.000 0.366 0.933 0.000 0.000 4.554 0.000 0.000 4.330 0.236 0.000 0.519 1.343 0.000 0.000 0.000 0.000 0.178 
0 test2fip_consistent right_hidden
0.000 0.000 0.000 0.000 2.335 0.000 0.000 0.451 0.000 0.000 1.012 0.275 0.000 1.874 1.640 0.000 1.239 2.855 0.000 0.790 
---
1 test2fip_inconsistent left_hidden
0.000 0.000 0.000 0.366 0.933 0.000 0.000 4.554 0.000 0.000 4.330 0.236 0.000 0.519 1.343 0.000 0.000 0.000 0.000 0.178 
1 test2fip_inconsistent right_hidden
0.000 0.000 0.000 0.000 1.873 0.000 0.000 3.508 0.000 0.000 3.886 1.725 0.000 0.478 1.975 0.000 1.167 2.038 0.000 1.406 
---
0 test2fip_consistent left_hidden
0.000 0.000 0.000 0.000 1.208 1.210 0.000 1.494 2.294 0.000 0.414 1.232 0.000 0.000 0.000 0.000 0.000 0.000 2.236 3.359 
0 test2fip_consistent right_hidden
0.557 0.039 0.000 0.147 0.815 3.158 0.000 0.000 0.763 1.714 0.023 0.000 0.000 0.000 0.488 0.000 0.000 0.333 0.618 0.000 
---
1 test2fip_inconsistent left_hidden
0.000 0.000 0.000 0.000 1.208 1.210 0.000 1.494 2.294 0.000 0.414 1.232 0.000 0.000 0.000 0.000 0.000 0.000 2.236 3.359 
1 test2fip_inconsistent right_hidden
1.265 0.117 0.000 0.000 1.507 2.178 0.000 0.735 2.380 1.899 0.059 0.000 0.000 0.000 0.839 0.000 0.000 0.000 3.249 2.871 
---
0 test2fip_consistent left_hidden
0.310 0.000 0.000 1.486 1.486 0.000 0.000 2.550 0.701 0.000 0.000 1.566 0.000 1.518 0.644 0.412 0.000 3.798 1.038 0.000 
0 test2fip_consistent right_hidden
0.000 0.838 0.257 0.615 0.662 0.000 0.000 2.163 2.320 0.000 0.001 0.004 0.657 0.039 0.000 0.154 0.000 0.192 0.857 1.454 
---
1 test2fip_inconsistent left_hidden
0.310 0.000 0.000 1.486 1.486 0.000 0.000 2.550 0.701 0.000 0.000 1.566 0.000 1.518 0.644 0.412 0.000 3.798 1.038 0.000 
1 test2fip_inconsistent right_hidden
0.000 0.244 0.025 1.533 0.422 0.000 0.000 3.900 2.149 0.000 0.000 1.060 0.159 1.713 0.000 0.385 0.000 2.792 1.642 1.170 
---
0 test2fip_consistent left_hidden
0.000 1.288 1.085 0.000 0.000 1.258 3.837 0.000 0.000 0.000 1.228 0.000 0.299 0.000 1.940 1.071 1.308 0.000 0.000 1.490 
0 test2fip_consistent right_hidden
1.307 0.000 0.000 0.000 0.000 1.586 0.381 0.000 0.000 2.122 0.000 0.000 1.533 0.000 0.104 0.000 1.467 0.000 0.048 1.330 
---
1 test2fip_inconsistent left_hidden
0.000 1.288 1.085 0.000 0.000 1.258 3.837 0.000 0.000 0.000 1.228 0.000 0.299 0.000 1.940 1.071 1.308 0.000 0.000 1.490 
1 test2fip_inconsistent right_hidden
0.963 1.208 0.541 0.000 0.000 3.311 2.803 0.000 0.000 0.832 0.000 0.000 1.536 0.000 0.670 0.875 1.930 0.000 0.000 3.093 
---
0 test2fip_consistent left_hidden
0.454 0.000 0.000 0.000 0.679 0.000 1.952 0.004 0.000 0.082 0.000 0.000 0.847 0.000 4.561 0.672 1.741 0.113 0.000 0.760 
0 test2fip_consistent right_hidden
0.000 0.768 1.025 0.000 0.940 0.000 0.344 0.000 3.405 0.000 0.000 0.489 0.533 0.000 0.967 0.000 0.000 1.965 0.000 1.575 
---
1 test2fip_inconsistent left_hidden
0.454 0.000 0.000 0.000 0.679 0.000 1.952 0.004 0.000 0.082 0.000 0.000 0.847 0.000 4.561 0.672 1.741 0.113 0.000 0.760 
1 test2fip_inconsistent right_hidden
0.000 0.161 0.447 0.000 0.165 0.006 3.708 0.000 2.064 0.000 0.000 0.048 0.314 0.000 4.539 0.000 0.197 1.120 0.000 2.269 
---
0 test2fip_consistent left_hidden
0.000 2.699 0.543 0.000 0.000 0.298 1.617 0.758 0.574 0.000 0.126 1.163 0.000 2.517 0.000 0.515 3.250 0.000 0.000 0.000 
0 test2fip_consistent right_hidden
0.000 0.000 0.000 0.083 0.003 1.339 0.291 0.894 0.015 0.279 0.072 3.587 0.741 0.078 0.000 0.000 0.000 0.000 0.000 0.000 
---
1 test2fip_inconsistent left_hidden
0.000 2.699 0.543 0.000 0.000 0.298 1.617 0.758 0.574 0.000 0.126 1.163 0.000 2.517 0.000 0.515 3.250 0.000 0.000 0.000 
1 test2fip_inconsistent right_hidden
0.000 2.578 0.000 0.000 0.000 0.981 1.505 0.782 0.964 0.000 0.000 5.005 0.644 1.922 0.000 0.042 1.748 0.000 0.000 0.000 
---
0 test2fip_consistent left_hidden
1.220 0.000 0.092 0.055 0.471 0.000 0.069 0.051 0.000 0.103 3.778 0.000 0.251 0.043 0.348 0.241 3.080 0.000 0.067 2.267 
0 test2fip_consistent right_hidden
0.000 0.000 0.133 0.637 0.606 1.716 0.000 0.048 0.000 1.342 0.298 0.000 0.672 1.593 0.123 0.994 0.605 0.000 1.116 1.735 
---
1 test2fip_inconsistent left_hidden
1.220 0.000 0.092 0.055 0.471 0.000 0.069 0.051 0.000 0.103 3.778 0.000 0.251 0.043 0.348 0.241 3.080 0.000 0.067 2.267 
1 test2fip_inconsistent right_hidden
0.000 0.000 0.478 1.512 0.592 1.308 0.000 0.000 0.000 1.045 2.146 0.000 2.010 1.261 0.707 2.562 2.712 0.000 3.141 1.787 
---
0 test2fip_consistent left_hidden
0.860 0.000 0.000 1.553 2.320 0.000 1.495 0.000 0.000 2.890 0.000 1.546 0.110 1.973 1.994 0.000 1.818 0.727 0.597 0.135 
0 test2fip_consistent right_hidden
1.213 0.000 0.000 1.052 1.132 0.000 0.000 0.000 0.000 0.098 0.223 0.030 0.381 0.038 2.859 0.000 0.348 0.810 0.000 1.442 
---
1 test2fip_inconsistent left_hidden
0.860 0.000 0.000 1.553 2.320 0.000 1.495 0.000 0.000 2.890 0.000 1.546 0.110 1.973 1.994 0.000 1.818 0.727 0.597 0.135 
1 test2fip_inconsistent right_hidden
1.689 0.522 0.000 1.944 3.596 0.000 1.445 0.000 0.000 1.209 0.440 1.121 0.260 1.290 3.159 0.000 1.377 0.957 0.864 1.058 
---
0 test2fip_consistent left_hidden
1.272 0.000 2.548 0.000 2.703 0.529 0.000 0.837 0.000 0.858 3.562 0.000 0.000 0.000 0.000 0.000 0.606 0.032 0.000 0.000 
0 test2fip_consistent right_hidden
1.355 0.353 0.726 0.982 0.528 1.361 0.000 0.655 0.083 0.683 0.217 0.378 1.637 1.719 0.272 1.198 0.000 0.228 0.022 0.000 
---
1 test2fip_inconsistent left_hidden
1.272 0.000 2.548 0.000 2.703 0.529 0.000 0.837 0.000 0.858 3.562 0.000 0.000 0.000 0.000 0.000 0.606 0.032 0.000 0.000 
1 test2fip_inconsistent right_hidden
2.582 0.000 2.562 0.443 1.461 1.806 0.000 2.677 0.000 1.598 2.734 0.263 1.160 0.609 0.000 0.549 0.000 0.134 0.000 0.000 
---
0 test2fip_consistent left_hidden
0.000 1.628 0.000 1.915 0.000 0.674 0.106 0.000 0.000 0.000 0.008 0.077 0.000 0.498 1.654 1.970 3.047 0.588 1.945 0.658 
0 test2fip_consistent right_hidden
0.350 1.459 0.000 0.068 0.000 0.082 0.004 0.000 0.000 0.162 2.621 0.000 0.000 1.766 0.147 0.111 1.060 1.255 0.892 0.720 
---
1 test2fip_inconsistent left_hidden
0.000 1.628 0.000 1.915 0.000 0.674 0.106 0.000 0.000 0.000 0.008 0.077 0.000 0.498 1.654 1.970 3.047 0.588 1.945 0.658 
1 test2fip_inconsistent right_hidden
0.220 2.131 0.000 0.833 0.000 0.000 0.000 0.000 0.000 0.000 1.462 0.000 0.000 1.640 1.859 2.288 3.109 1.924 2.718 0.489 
---
0 test2fip_consistent left_hidden
0.000 3.057 0.000 3.394 0.000 0.000 0.199 0.393 1.193 2.798 0.000 0.143 0.000 1.226 0.000 0.000 0.000 0.000 0.011 0.230 
0 test2fip_consistent right_hidden
0.000 0.258 0.000 0.679 0.000 0.020 2.781 0.912 1.351 0.141 0.000 0.000 0.000 2.393 0.000 0.000 0.000 0.000 1.146 0.066 
---
1 test2fip_inconsistent left_hidden
0.000 3.057 0.000 3.394 0.000 0.000 0.199 0.393 1.193 2.798 0.000 0.143 0.000 1.226 0.000 0.000 0.000 0.000 0.011 0.230 
1 test2fip_inconsistent right_hidden
0.000 2.878 0.000 3.416 0.000 0.000 1.757 0.426 3.051 1.820 0.000 0.178 0.000 1.726 0.000 0.000 0.000 0.000 0.914 0.000 
---
0 test2fip_consistent left_hidden
0.000 0.000 1.029 0.000 0.418 0.316 0.000 0.000 2.296 2.746 0.279 0.048 3.000 0.000 0.000 0.499 0.969 1.530 1.783 0.614 
0 test2fip_consistent right_hidden
0.000 1.428 0.750 0.000 2.017 1.486 0.078 0.000 0.065 0.992 1.051 0.155 1.196 0.358 0.000 0.000 1.498 0.311 0.223 0.726 
---
1 test2fip_inconsistent left_hidden
0.000 0.000 1.029 0.000 0.418 0.316 0.000 0.000 2.296 2.746 0.279 0.048 3.000 0.000 0.000 0.499 0.969 1.530 1.783 0.614 
1 test2fip_inconsistent right_hidden
0.000 0.076 1.110 0.000 1.445 1.311 0.000 0.000 2.114 2.022 0.694 0.000 3.440 0.726 0.000 0.000 2.553 0.780 1.003 0.461 
---
0 test2fip_consistent left_hidden
0.026 0.001 0.000 0.757 0.000 0.000 0.000 0.000 0.000 0.000 0.115 0.000 0.000 0.234 3.064 4.051 0.413 0.133 2.359 0.000 
0 test2fip_consistent right_hidden
0.423 0.000 0.000 0.756 2.649 2.408 0.000 0.000 0.000 0.478 0.016 0.000 0.000 0.307 0.008 0.483 0.145 1.124 0.626 1.061 
---
1 test2fip_inconsistent left_hidden
0.026 0.001 0.000 0.757 0.000 0.000 0.000 0.000 0.000 0.000 0.115 0.000 0.000 0.234 3.064 4.051 0.413 0.133 2.359 0.000 
1 test2fip_inconsistent right_hidden
0.252 0.000 0.000 2.893 1.810 1.847 0.000 0.000 0.000 0.168 0.000 0.000 0.000 0.493 1.005 4.534 0.681 1.065 1.100 0.815 
---
0 test2fip_consistent left_hidden
0.364 1.126 0.000 0.881 0.584 3.654 3.887 0.182 0.000 2.266 1.720 0.000 0.095 0.000 0.000 0.000 0.000 0.331 1.488 0.000 
0 test2fip_consistent right_hidden
0.446 1.134 0.000 0.598 2.591 0.109 0.834 1.071 0.031 0.626 0.455 1.345 0.856 0.000 0.000 1.008 0.204 1.422 0.113 0.860 
---
1 test2fip_inconsistent left_hidden
0.364 1.126 0.000 0.881 0.584 3.654 3.887 0.182 0.000 2.266 1.720 0.000 0.095 0.000 0.000 0.000 0.000 0.331 1.488 0.000 
1 test2fip_inconsistent right_hidden
0.229 0.421 0.000 0.031 2.506 3.162 2.986 0.961 0.027 1.949 2.700 0.954 0.287 0.000 0.000 0.174 0.386 1.836 1.004 0.999 
---
0 test2fip_consistent left_hidden
2.560 0.000 0.000 0.000 3.373 0.318 0.000 1.432 0.967 1.434 0.086 0.000 2.776 0.000 1.082 1.281 1.060 0.465 0.336 0.000 
0 test2fip_consistent right_hidden
0.696 0.000 1.127 0.920 1.133 0.000 0.000 0.000 0.000 0.002 0.812 0.056 0.000 0.000 0.000 0.000 3.499 0.045 0.000 0.000 
---
1 test2fip_inconsistent left_hidden
2.560 0.000 0.000 0.000 3.373 0.318 0.000 1.432 0.967 1.434 0.086 0.000 2.776 0.000 1.082 1.281 1.060 0.465 0.336 0.000 
1 test2fip_inconsistent right_hidden
2.412 0.000 0.389 0.625 3.126 0.000 0.000 1.390 0.143 0.574 0.561 0.000 2.497 0.000 0.273 0.000 3.793 0.244 0.381 0.000 
---
0 test2fip_consistent left_hidden
1.171 0.000 0.000 1.530 2.116 0.000 0.273 0.638 0.000 0.486 1.868 1.516 2.829 0.000 1.350 0.000 0.303 1.434 0.127 1.245 
0 test2fip_consistent right_hidden
2.646 0.581 0.519 0.710 0.423 0.850 0.000 0.731 0.000 0.987 0.972 0.000 0.984 1.714 0.215 0.000 0.214 0.146 0.559 0.092 
---
1 test2fip_inconsistent left_hidden
1.171 0.000 0.000 1.530 2.116 0.000 0.273 0.638 0.000 0.486 1.868 1.516 2.829 0.000 1.350 0.000 0.303 1.434 0.127 1.245 
1 test2fip_inconsistent right_hidden
2.590 0.225 0.175 2.228 2.747 0.217 0.000 1.649 0.000 0.431 2.757 0.192 2.431 1.805 1.769 0.000 0.033 1.384 0.635 0.323 
---
0 test2fip_consistent left_hidden
2.387 1.580 1.355 2.423 0.000 0.248 1.454 0.166 1.164 0.000 2.652 2.191 0.000 0.000 0.000 0.000 0.000 0.000 0.000 0.000 
0 test2fip_consistent right_hidden
0.566 2.014 0.873 0.950 0.000 0.796 0.803 0.685 2.439 0.000 0.278 0.000 2.139 0.000 0.019 0.337 0.000 0.099 0.412 0.000 
---
1 test2fip_inconsistent left_hidden
2.387 1.580 1.355 2.423 0.000 0.248 1.454 0.166 1.164 0.000 2.652 2.191 0.000 0.000 0.000 0.000 0.000 0.000 0.000 0.000 
1 test2fip_inconsistent right_hidden
2.412 2.228 1.125 3.731 0.000 0.056 0.578 0.235 2.623 0.000 2.874 0.000 1.609 0.000 0.000 0.000 0.000 0.244 0.000 0.000 
---
0 test2fip_consistent left_hidden
0.000 2.296 0.133 2.890 3.889 0.000 0.000 0.224 0.224 0.719 0.000 0.269 0.000 0.000 0.000 1.371 0.998 1.448 0.000 0.908 
0 test2fip_consistent right_hidden
0.041 0.000 1.987 0.645 1.117 1.227 0.000 0.000 0.000 0.000 0.000 0.000 0.000 0.000 2.006 0.000 0.000 0.000 0.000 2.427 
---
1 test2fip_inconsistent left_hidden
0.000 2.296 0.133 2.890 3.889 0.000 0.000 0.224 0.224 0.719 0.000 0.269 0.000 0.000 0.000 1.371 0.998 1.448 0.000 0.908 
1 test2fip_inconsistent right_hidden
0.000 0.000 1.581 1.783 4.887 0.725 0.000 0.000 0.000 1.608 0.000 0.000 0.000 0.000 0.347 0.000 0.000 0.000 0.000 1.411 
---
0 test2fip_consistent left_hidden
0.000 0.000 0.000 0.533 0.352 2.862 1.478 0.137 0.000 1.197 0.568 0.000 2.436 1.334 0.860 0.830 2.452 0.000 1.558 0.000 
0 test2fip_consistent right_hidden
0.212 0.783 0.000 2.373 0.068 0.372 0.518 0.000 0.000 2.068 0.400 0.859 0.000 0.683 0.000 0.307 1.427 0.000 0.157 0.608 
---
1 test2fip_inconsistent left_hidden
0.000 0.000 0.000 0.533 0.352 2.862 1.478 0.137 0.000 1.197 0.568 0.000 2.436 1.334 0.860 0.830 2.452 0.000 1.558 0.000 
1 test2fip_inconsistent right_hidden
0.000 0.316 0.000 2.329 1.150 3.370 1.034 0.256 0.000 1.578 0.739 0.008 1.707 0.579 0.000 0.522 3.363 0.000 1.520 0.162 
---
0 test2fip_consistent left_hidden
0.000 0.074 0.000 0.000 0.000 0.000 0.000 0.000 0.000 0.000 0.000 0.000 0.415 3.675 0.000 3.713 0.678 2.629 0.000 0.526 
0 test2fip_consistent right_hidden
0.161 0.000 1.142 0.000 0.000 2.032 1.892 1.484 0.594 0.285 0.000 0.000 0.602 0.027 0.938 0.000 1.141 0.788 0.000 0.132 
---
1 test2fip_inconsistent left_hidden
0.000 0.074 0.000 0.000 0.000 0.000 0.000 0.000 0.000 0.000 0.000 0.000 0.415 3.675 0.000 3.713 0.678 2.629 0.000 0.526 
1 test2fip_inconsistent right_hidden
0.154 0.099 0.904 0.000 0.000 1.045 2.236 0.649 0.121 0.423 0.000 0.000 1.393 2.270 0.794 3.080 2.543 0.739 0.000 1.211 
---
0 test2fip_consistent left_hidden
0.000 0.823 0.000 1.113 0.000 0.187 1.862 0.000 3.197 0.307 0.000 0.000 3.322 0.000 1.211 0.000 0.000 0.000 0.000 1.637 
0 test2fip_consistent right_hidden
0.000 0.083 0.147 0.151 1.820 0.000 0.000 0.000 0.494 0.000 0.000 0.000 1.056 0.000 1.019 0.000 0.000 0.000 2.284 2.303 
---
1 test2fip_inconsistent left_hidden
0.000 0.823 0.000 1.113 0.000 0.187 1.862 0.000 3.197 0.307 0.000 0.000 3.322 0.000 1.211 0.000 0.000 0.000 0.000 1.637 
1 test2fip_inconsistent right_hidden
0.000 0.515 0.000 2.108 1.319 0.000 1.951 0.000 3.249 0.000 0.000 0.000 2.937 0.000 2.534 0.000 0.000 0.000 2.067 1.964 
---
0 test2fip_consistent left_hidden
0.326 2.668 0.000 0.000 0.000 1.062 0.536 0.602 0.108 2.496 0.000 1.264 0.106 0.517 0.000 0.000 3.644 1.074 0.248 0.000 
0 test2fip_consistent right_hidden
2.007 0.575 0.634 1.195 1.637 2.553 0.000 0.000 0.031 0.822 0.000 0.728 0.000 0.000 0.000 0.000 1.112 0.012 0.087 0.000 
---
1 test2fip_inconsistent left_hidden
0.326 2.668 0.000 0.000 0.000 1.062 0.536 0.602 0.108 2.496 0.000 1.264 0.106 0.517 0.000 0.000 3.644 1.074 0.248 0.000 
1 test2fip_inconsistent right_hidden
0.718 2.847 0.000 0.096 1.071 2.512 0.000 0.000 0.088 2.156 0.000 1.011 0.020 0.260 0.000 0.030 4.050 0.000 0.509 0.000 
---
0 test2fip_consistent left_hidden
1.638 2.275 1.827 0.000 3.207 1.103 0.000 0.000 0.000 0.478 0.000 0.000 0.000 0.000 0.000 2.335 0.583 0.000 0.135 0.349 
0 test2fip_consistent right_hidden
0.044 0.153 0.014 0.383 2.262 0.000 0.000 0.000 0.283 0.005 0.000 0.000 0.105 0.000 0.141 0.138 3.274 0.000 0.678 0.102 
---
1 test2fip_inconsistent left_hidden
1.638 2.275 1.827 0.000 3.207 1.103 0.000 0.000 0.000 0.478 0.000 0.000 0.000 0.000 0.000 2.335 0.583 0.000 0.135 0.349 
1 test2fip_inconsistent right_hidden
1.315 1.982 0.099 0.000 4.970 0.000 0.000 0.000 0.306 1.005 0.000 0.000 0.000 0.000 0.565 2.619 2.834 0.000 0.653 0.000 
---
0 test2fip_consistent left_hidden
0.000 0.000 0.000 0.000 0.266 1.138 2.884 2.736 1.514 0.000 0.331 2.642 0.281 0.789 2.333 0.000 0.051 0.478 0.000 0.000 
0 test2fip_consistent right_hidden
0.985 0.127 0.000 0.001 0.169 2.038 0.010 0.128 0.000 0.908 0.000 1.655 0.074 0.000 0.000 0.759 1.894 0.000 1.572 0.000 
---
1 test2fip_inconsistent left_hidden
0.000 0.000 0.000 0.000 0.266 1.138 2.884 2.736 1.514 0.000 0.331 2.642 0.281 0.789 2.333 0.000 0.051 0.478 0.000 0.000 
1 test2fip_inconsistent right_hidden
0.730 0.019 0.000 0.000 1.417 3.342 0.047 1.813 3.280 0.896 0.000 1.761 0.000 0.000 0.011 0.347 1.213 0.000 2.385 0.000 
---
0 test2fip_consistent left_hidden
1.054 0.602 0.139 1.567 0.000 0.000 2.229 2.514 0.000 0.000 2.252 0.000 0.000 0.000 0.689 0.351 0.623 2.350 0.000 0.364 
0 test2fip_consistent right_hidden
0.510 0.000 0.000 0.000 0.000 0.504 1.483 0.000 0.020 0.090 0.575 0.376 0.000 0.000 0.685 0.946 2.448 0.041 1.108 0.031 
---
1 test2fip_inconsistent left_hidden
1.054 0.602 0.139 1.567 0.000 0.000 2.229 2.514 0.000 0.000 2.252 0.000 0.000 0.000 0.689 0.351 0.623 2.350 0.000 0.364 
1 test2fip_inconsistent right_hidden
1.481 0.000 0.000 0.854 0.000 0.000 2.946 1.539 0.000 0.148 2.162 0.005 0.000 0.000 2.014 1.291 1.927 2.675 1.180 0.000 
---
0 test2fip_consistent left_hidden
0.000 0.000 0.000 1.780 0.285 0.000 1.819 3.835 1.654 0.000 0.000 0.000 0.000 1.582 2.668 0.815 0.000 0.606 0.066 0.168 
0 test2fip_consistent right_hidden
0.000 0.613 0.000 0.170 0.281 0.000 0.478 0.287 0.838 0.029 0.000 0.000 0.615 0.180 0.405 1.857 1.797 1.714 2.164 0.091 
---
1 test2fip_inconsistent left_hidden
0.000 0.000 0.000 1.780 0.285 0.000 1.819 3.835 1.654 0.000 0.000 0.000 0.000 1.582 2.668 0.815 0.000 0.606 0.066 0.168 
1 test2fip_inconsistent right_hidden
0.000 0.515 0.000 1.651 0.900 0.000 1.328 2.823 0.444 0.000 0.000 0.000 0.469 1.080 2.861 3.295 0.683 1.821 1.523 0.000 
---
0 test2fip_consistent left_hidden
0.000 0.666 1.590 0.000 1.123 1.483 0.000 0.000 0.453 3.648 1.668 0.000 0.079 0.000 0.000 0.529 0.000 1.862 0.000 0.687 
0 test2fip_consistent right_hidden
0.105 3.866 0.234 0.000 0.000 0.145 0.000 0.000 0.000 0.000 0.754 0.414 0.322 0.000 0.000 0.392 0.329 0.491 0.000 0.129 
---
1 test2fip_inconsistent left_hidden
0.000 0.666 1.590 0.000 1.123 1.483 0.000 0.000 0.453 3.648 1.668 0.000 0.079 0.000 0.000 0.529 0.000 1.862 0.000 0.687 
1 test2fip_inconsistent right_hidden
0.000 5.136 0.804 0.000 0.000 0.917 0.000 0.000 0.000 3.153 1.222 0.193 0.387 0.000 0.000 0.562 0.000 1.919 0.000 1.123 
---
0 test2fip_consistent left_hidden
3.750 0.000 2.793 0.000 0.000 0.000 1.606 0.000 0.000 0.000 0.484 1.981 0.062 2.816 0.000 0.000 0.000 0.000 0.194 0.000 
0 test2fip_consistent right_hidden
1.882 0.000 0.000 0.024 3.496 1.023 0.643 0.153 0.000 0.000 0.495 0.377 0.465 0.000 0.010 0.000 0.000 0.000 0.090 0.000 
---
1 test2fip_inconsistent left_hidden
3.750 0.000 2.793 0.000 0.000 0.000 1.606 0.000 0.000 0.000 0.484 1.981 0.062 2.816 0.000 0.000 0.000 0.000 0.194 0.000 
1 test2fip_inconsistent right_hidden
3.908 0.000 2.446 0.000 2.601 0.908 1.836 1.575 0.000 0.000 0.123 1.273 0.000 1.950 0.000 0.000 0.000 0.000 0.531 0.000 
---
0 test2fip_consistent left_hidden
0.000 0.000 3.103 0.013 0.000 3.615 0.000 0.000 0.000 0.205 0.097 0.000 0.000 0.722 2.313 0.035 1.843 0.000 0.000 0.000 
0 test2fip_consistent right_hidden
0.000 0.536 0.033 0.064 0.000 0.855 0.000 0.937 0.000 0.109 1.193 0.897 1.664 0.052 0.862 1.883 2.590 0.000 0.000 0.196 
---
1 test2fip_inconsistent left_hidden
0.000 0.000 3.103 0.013 0.000 3.615 0.000 0.000 0.000 0.205 0.097 0.000 0.000 0.722 2.313 0.035 1.843 0.000 0.000 0.000 
1 test2fip_inconsistent right_hidden
0.000 0.430 2.035 2.097 0.285 2.407 0.000 0.838 0.000 0.000 1.028 0.081 0.826 0.710 3.500 3.739 1.921 0.000 0.000 0.000 
---
0 test2fip_consistent left_hidden
0.000 0.888 2.265 0.454 0.000 0.000 3.395 1.134 1.652 1.413 0.000 0.000 0.000 0.000 0.000 0.000 0.000 1.198 2.137 0.000 
0 test2fip_consistent right_hidden
0.241 2.398 1.629 0.321 0.934 0.000 0.098 2.875 0.000 0.101 0.000 0.000 0.615 0.000 0.000 0.000 0.000 0.197 0.738 0.737 
---
1 test2fip_inconsistent left_hidden
0.000 0.888 2.265 0.454 0.000 0.000 3.395 1.134 1.652 1.413 0.000 0.000 0.000 0.000 0.000 0.000 0.000 1.198 2.137 0.000 
1 test2fip_inconsistent right_hidden
0.000 2.281 3.566 0.000 1.489 0.000 1.470 2.074 1.354 0.948 0.000 0.000 0.506 0.000 0.000 0.000 0.000 1.613 4.061 0.427 
---
0 test2fip_consistent left_hidden
0.333 1.281 0.674 0.329 1.813 1.518 0.000 0.000 0.444 0.703 0.000 0.000 3.903 0.297 0.000 0.126 0.000 0.000 0.000 3.153 
0 test2fip_consistent right_hidden
1.929 0.795 0.208 2.799 0.322 0.336 1.531 0.000 1.281 0.441 0.000 0.043 0.571 0.000 0.050 0.000 0.000 0.000 0.000 0.569 
---
1 test2fip_inconsistent left_hidden
0.333 1.281 0.674 0.329 1.813 1.518 0.000 0.000 0.444 0.703 0.000 0.000 3.903 0.297 0.000 0.126 0.000 0.000 0.000 3.153 
1 test2fip_inconsistent right_hidden
1.880 0.836 1.226 2.429 1.331 2.270 0.665 0.000 1.383 0.146 0.000 0.000 3.683 0.000 0.000 0.000 0.000 0.000 0.000 3.223 
---
0 test2fip_consistent left_hidden
2.659 1.641 0.248 0.000 2.313 0.247 0.733 0.000 0.000 0.000 0.596 0.127 0.571 1.332 0.050 1.378 2.421 0.000 0.333 0.000 
0 test2fip_consistent right_hidden
0.757 0.006 1.195 0.000 0.000 0.130 0.000 0.000 0.009 1.858 0.154 0.641 0.000 0.114 0.000 1.310 0.109 0.000 1.936 2.240 
---
1 test2fip_inconsistent left_hidden
2.659 1.641 0.248 0.000 2.313 0.247 0.733 0.000 0.000 0.000 0.596 0.127 0.571 1.332 0.050 1.378 2.421 0.000 0.333 0.000 
1 test2fip_inconsistent right_hidden
3.695 0.504 1.603 0.000 1.584 0.188 0.723 0.000 0.000 1.404 0.602 0.287 0.000 0.373 0.000 2.616 2.016 0.000 1.760 1.179 
---
0 test2fip_consistent left_hidden
0.104 0.793 1.582 0.000 0.217 0.038 0.111 0.000 0.647 0.860 0.000 0.043 1.076 2.576 1.005 1.047 4.105 0.000 0.065 0.000 
0 test2fip_consistent right_hidden
1.321 0.391 0.011 0.000 1.244 1.196 0.685 1.050 0.118 1.285 0.000 1.345 0.076 1.877 1.133 0.070 0.072 0.000 1.866 0.024 
---
1 test2fip_inconsistent left_hidden
0.104 0.793 1.582 0.000 0.217 0.038 0.111 0.000 0.647 0.860 0.000 0.043 1.076 2.576 1.005 1.047 4.105 0.000 0.065 0.000 
1 test2fip_inconsistent right_hidden
1.352 0.664 1.064 0.026 1.207 0.837 0.576 0.608 1.654 3.112 0.000 1.468 1.647 1.937 1.955 0.823 2.520 0.000 1.827 0.000 
---
0 test2fip_consistent left_hidden
0.476 0.133 0.000 0.000 1.995 1.500 0.000 3.482 0.000 0.000 0.000 0.228 0.676 1.951 1.878 1.959 0.000 0.018 0.000 0.498 
0 test2fip_consistent right_hidden
0.000 0.556 1.694 0.000 0.000 0.594 0.000 0.115 0.277 0.848 0.000 1.926 0.000 1.156 0.112 0.119 0.000 2.050 0.955 0.899 
---
1 test2fip_inconsistent left_hidden
0.476 0.133 0.000 0.000 1.995 1.500 0.000 3.482 0.000 0.000 0.000 0.228 0.676 1.951 1.878 1.959 0.000 0.018 0.000 0.498 
1 test2fip_inconsistent right_hidden
0.000 0.221 1.299 0.000 1.596 1.519 0.000 2.382 0.000 0.000 0.000 1.107 1.433 2.871 1.936 0.810 0.000 2.257 0.952 1.822 
---
0 test2fip_consistent left_hidden
1.226 0.470 0.000 0.000 1.645 0.000 0.000 0.000 0.000 1.600 0.000 0.000 0.290 0.000 0.000 3.602 2.377 0.764 1.988 1.219 
0 test2fip_consistent right_hidden
0.224 0.410 0.036 0.000 0.038 0.547 0.000 0.822 0.974 0.395 0.000 0.000 0.000 3.425 0.000 1.473 1.518 0.014 0.134 0.000 
---
1 test2fip_inconsistent left_hidden
1.226 0.470 0.000 0.000 1.645 0.000 0.000 0.000 0.000 1.600 0.000 0.000 0.290 0.000 0.000 3.602 2.377 0.764 1.988 1.219 
1 test2fip_inconsistent right_hidden
0.481 0.634 0.000 0.000 0.339 0.151 0.000 0.828 0.285 1.794 0.000 0.000 0.000 2.107 0.000 4.562 2.487 0.416 1.680 1.358 
---
0 test2fip_consistent left_hidden
1.491 2.665 0.408 0.000 0.000 1.659 1.527 0.000 0.000 0.113 0.000 0.000 0.098 2.231 1.739 0.764 0.277 1.910 0.804 0.112 
0 test2fip_consistent right_hidden
0.067 0.492 0.000 1.881 0.000 0.791 1.063 0.000 0.000 0.196 0.168 0.712 0.335 0.007 1.703 0.056 2.613 0.123 0.267 0.000 
---
1 test2fip_inconsistent left_hidden
1.491 2.665 0.408 0.000 0.000 1.659 1.527 0.000 0.000 0.113 0.000 0.000 0.098 2.231 1.739 0.764 0.277 1.910 0.804 0.112 
1 test2fip_inconsistent right_hidden
1.667 2.360 0.000 1.499 0.000 1.067 1.943 0.000 0.000 0.196 0.188 0.370 0.863 2.287 3.301 1.030 1.671 0.941 1.550 0.000 
---
0 test2fip_consistent left_hidden
1.379 1.204 1.782 1.103 1.831 0.000 0.000 0.000 0.368 0.000 0.000 1.661 0.000 1.366 0.318 2.082 0.000 0.000 1.052 2.590 
0 test2fip_consistent right_hidden
0.058 1.219 2.245 0.950 0.181 0.049 2.002 0.000 0.160 0.000 0.452 0.999 0.000 0.896 0.000 0.000 0.497 0.000 1.063 0.000 
---
1 test2fip_inconsistent left_hidden
1.379 1.204 1.782 1.103 1.831 0.000 0.000 0.000 0.368 0.000 0.000 1.661 0.000 1.366 0.318 2.082 0.000 0.000 1.052 2.590 
1 test2fip_inconsistent right_hidden
1.228 1.900 2.766 0.841 0.914 0.000 1.404 0.000 0.347 0.000 0.000 1.922 0.000 1.654 0.000 2.211 0.176 0.000 1.778 2.822 
---
0 test2fip_consistent left_hidden
0.000 0.323 0.902 0.000 2.464 0.000 4.225 2.443 0.000 0.072 0.000 0.000 0.000 0.000 0.000 0.000 0.000 1.577 0.000 0.103 
0 test2fip_consistent right_hidden
0.015 1.261 0.082 1.336 0.075 1.051 0.583 1.425 0.000 0.860 0.000 0.000 0.313 2.741 0.000 0.000 0.000 0.000 0.000 0.697 
---
1 test2fip_inconsistent left_hidden
0.000 0.323 0.902 0.000 2.464 0.000 4.225 2.443 0.000 0.072 0.000 0.000 0.000 0.000 0.000 0.000 0.000 1.577 0.000 0.103 
1 test2fip_inconsistent right_hidden
0.000 2.079 1.933 1.149 0.620 0.598 3.503 3.883 0.000 0.478 0.000 0.000 0.965 1.608 0.000 0.000 0.000 0.093 0.000 0.573 
---
0 test2fip_consistent left_hidden
1.275 0.000 5.109 0.169 0.000 0.000 0.000 0.000 0.000 0.000 0.227 0.886 0.000 0.000 1.199 0.665 0.000 0.509 0.000 0.814 
0 test2fip_consistent right_hidden
0.584 0.000 0.513 1.566 0.301 1.550 0.376 0.000 0.000 1.644 1.607 0.193 0.055 0.287 1.697 0.249 0.000 0.000 0.896 0.037 
---
1 test2fip_inconsistent left_hidden
1.275 0.000 5.109 0.169 0.000 0.000 0.000 0.000 0.000 0.000 0.227 0.886 0.000 0.000 1.199 0.665 0.000 0.509 0.000 0.814 
1 test2fip_inconsistent right_hidden
1.852 0.000 4.923 1.154 0.450 1.145 0.199 0.000 0.000 0.562 1.965 0.141 0.000 0.000 1.908 0.538 0.000 0.000 0.781 0.000 
---
0 test2fip_consistent left_hidden
0.936 0.000 0.122 1.020 0.252 1.065 0.248 1.744 0.000 0.000 1.481 0.000 1.111 1.181 1.163 2.308 0.245 0.000 0.000 3.204 
0 test2fip_consistent right_hidden
0.219 0.909 0.608 0.000 0.077 3.386 0.756 1.521 0.000 0.022 0.000 0.006 1.542 0.007 0.035 0.000 0.502 0.000 0.000 0.457 
---
1 test2fip_inconsistent left_hidden
0.936 0.000 0.122 1.020 0.252 1.065 0.248 1.744 0.000 0.000 1.481 0.000 1.111 1.181 1.163 2.308 0.245 0.000 0.000 3.204 
1 test2fip_inconsistent right_hidden
1.983 0.336 0.030 0.000 0.000 3.740 0.664 2.461 0.000 0.000 0.315 0.000 1.273 1.413 1.092 1.314 0.000 0.000 0.000 3.401 
---
0 test2fip_consistent left_hidden
0.398 2.020 0.000 2.144 0.000 1.078 0.000 0.803 0.000 0.000 1.296 0.000 3.299 1.422 0.417 1.035 0.000 0.000 1.381 0.021 
0 test2fip_consistent right_hidden
1.835 0.403 0.511 1.553 0.000 2.196 0.673 0.209 0.000 0.000 0.043 0.000 0.265 0.000 1.883 0.000 0.000 0.000 0.199 0.079 
---
1 test2fip_inconsistent left_hidden
0.398 2.020 0.000 2.144 0.000 1.078 0.000 0.803 0.000 0.000 1.296 0.000 3.299 1.422 0.417 1.035 0.000 0.000 1.381 0.021 
1 test2fip_inconsistent right_hidden
2.101 2.054 0.178 2.904 0.000 2.449 0.514 1.018 0.000 0.000 1.350 0.000 2.811 0.000 1.998 0.000 0.000 0.024 0.756 0.000 
---
0 test2fip_consistent left_hidden
1.552 0.000 0.000 0.492 1.889 0.884 1.567 0.000 0.000 0.000 0.000 0.000 0.164 0.131 2.138 4.107 0.000 0.000 0.000 0.735 
0 test2fip_consistent right_hidden
0.000 1.151 0.155 2.564 0.966 1.177 0.177 0.000 0.022 0.000 0.000 0.892 0.820 0.000 0.253 0.000 0.047 0.000 0.000 1.356 
---
1 test2fip_inconsistent left_hidden
1.552 0.000 0.000 0.492 1.889 0.884 1.567 0.000 0.000 0.000 0.000 0.000 0.164 0.131 2.138 4.107 0.000 0.000 0.000 0.735 
1 test2fip_inconsistent right_hidden
0.111 0.961 0.167 2.262 3.443 0.875 1.089 0.000 0.000 0.000 0.000 0.798 0.554 0.000 1.616 2.823 0.000 0.000 0.000 0.588 
---
0 test2fip_consistent left_hidden
1.851 2.473 0.944 1.738 0.000 0.000 0.000 0.000 0.000 0.000 0.468 0.069 0.000 0.000 0.000 1.378 3.216 0.000 0.368 0.000 
0 test2fip_consistent right_hidden
0.303 0.271 0.280 0.300 0.000 1.764 0.586 0.000 0.339 0.201 0.340 0.420 0.277 2.644 0.567 0.000 1.341 0.000 0.000 0.390 
---
1 test2fip_inconsistent left_hidden
1.851 2.473 0.944 1.738 0.000 0.000 0.000 0.000 0.000 0.000 0.468 0.069 0.000 0.000 0.000 1.378 3.216 0.000 0.368 0.000 
1 test2fip_inconsistent right_hidden
1.619 1.361 1.697 1.665 0.000 1.218 0.315 0.277 0.000 0.000 0.969 1.264 0.000 2.160 0.472 0.109 4.254 0.000 0.560 0.304 
---
0 test2fip_consistent left_hidden
1.806 1.371 0.000 1.071 1.724 0.685 0.000 0.196 2.930 0.000 0.000 1.078 0.594 0.000 0.000 2.749 1.810 1.146 0.000 0.000 
0 test2fip_consistent right_hidden
0.498 3.054 0.000 0.348 0.080 1.936 0.000 0.075 0.423 0.000 0.000 0.709 1.017 0.000 0.000 0.787 0.000 0.000 0.372 0.000 
---
1 test2fip_inconsistent left_hidden
1.806 1.371 0.000 1.071 1.724 0.685 0.000 0.196 2.930 0.000 0.000 1.078 0.594 0.000 0.000 2.749 1.810 1.146 0.000 0.000 
1 test2fip_inconsistent right_hidden
1.151 3.054 0.000 0.043 1.279 1.734 0.000 0.000 2.494 0.000 0.000 1.853 0.706 0.464 0.000 3.026 1.947 1.098 1.696 0.000 
---
0 test2fip_consistent left_hidden
0.333 1.722 0.000 0.000 0.000 0.000 0.000 3.275 3.068 0.338 0.355 0.000 0.000 0.000 2.135 0.000 0.000 2.688 0.000 0.000 
0 test2fip_consistent right_hidden
0.309 0.693 0.000 0.000 0.010 0.000 0.000 1.289 0.000 1.953 2.533 2.156 0.000 1.671 0.375 0.000 0.000 0.134 0.213 0.000 
---
1 test2fip_inconsistent left_hidden
0.333 1.722 0.000 0.000 0.000 0.000 0.000 3.275 3.068 0.338 0.355 0.000 0.000 0.000 2.135 0.000 0.000 2.688 0.000 0.000 
1 test2fip_inconsistent right_hidden
1.001 2.315 0.000 0.000 0.000 0.000 0.000 3.978 1.604 2.006 1.727 1.765 0.000 1.006 2.298 0.000 0.000 1.157 0.332 0.000 
---
0 test2fip_consistent left_hidden
0.596 1.694 0.000 0.794 0.000 0.000 0.000 3.185 0.000 1.285 0.000 0.818 0.000 0.000 0.000 2.843 0.000 0.000 1.677 0.372 
0 test2fip_consistent right_hidden
1.571 0.000 1.905 0.055 0.000 0.734 0.247 0.397 0.319 0.705 0.000 0.000 0.000 0.000 0.000 3.007 0.000 1.138 0.000 0.604 
---
1 test2fip_inconsistent left_hidden
0.596 1.694 0.000 0.794 0.000 0.000 0.000 3.185 0.000 1.285 0.000 0.818 0.000 0.000 0.000 2.843 0.000 0.000 1.677 0.372 
1 test2fip_inconsistent right_hidden
0.683 0.938 0.910 0.226 0.000 0.183 0.783 3.447 0.000 0.000 0.000 0.000 0.000 0.000 0.000 4.908 0.000 0.006 1.028 0.740 
---
0 test2fip_consistent left_hidden
0.156 0.000 0.355 0.000 1.120 0.000 0.684 0.000 1.705 0.000 0.000 0.000 0.879 1.901 0.000 4.205 0.000 0.000 0.303 1.930 
0 test2fip_consistent right_hidden
0.000 0.072 0.000 0.000 2.508 0.000 0.072 0.000 0.000 0.000 0.000 0.133 1.365 2.120 0.000 0.000 0.000 0.000 2.177 0.000 
---
1 test2fip_inconsistent left_hidden
0.156 0.000 0.355 0.000 1.120 0.000 0.684 0.000 1.705 0.000 0.000 0.000 0.879 1.901 0.000 4.205 0.000 0.000 0.303 1.930 
1 test2fip_inconsistent right_hidden
0.000 0.000 0.000 0.850 0.861 0.000 1.141 0.000 0.000 0.000 0.000 0.000 2.362 3.456 0.051 2.471 0.000 0.000 2.936 2.011 
---
0 test2fip_consistent left_hidden
1.611 0.003 0.117 0.683 0.000 1.527 0.000 0.000 1.945 0.000 0.000 0.000 1.261 1.253 0.000 1.276 4.380 0.000 0.000 0.287 
0 test2fip_consistent right_hidden
1.684 1.438 0.096 0.169 0.000 0.000 0.000 0.000 2.911 0.000 0.000 0.000 0.018 0.045 0.000 0.058 0.041 0.731 0.000 0.000 
---
1 test2fip_inconsistent left_hidden
1.611 0.003 0.117 0.683 0.000 1.527 0.000 0.000 1.945 0.000 0.000 0.000 1.261 1.253 0.000 1.276 4.380 0.000 0.000 0.287 
1 test2fip_inconsistent right_hidden
2.405 0.907 0.746 1.481 0.000 0.000 0.000 0.000 4.343 0.000 0.023 0.000 0.000 0.485 0.000 0.500 3.547 0.000 0.000 0.000 
---
0 test2fip_consistent left_hidden
0.060 0.000 0.000 0.000 0.000 2.054 3.595 0.000 0.000 0.000 0.000 3.263 1.475 0.000 1.322 1.097 0.000 0.000 1.139 0.000 
0 test2fip_consistent right_hidden
0.000 0.024 0.000 0.000 1.532 0.091 0.072 0.123 1.071 1.926 1.075 2.161 0.002 1.723 0.629 0.281 0.000 0.000 0.134 0.000 
---
1 test2fip_inconsistent left_hidden
0.060 0.000 0.000 0.000 0.000 2.054 3.595 0.000 0.000 0.000 0.000 3.263 1.475 0.000 1.322 1.097 0.000 0.000 1.139 0.000 
1 test2fip_inconsistent right_hidden
1.365 0.000 0.000 0.000 0.559 1.840 1.496 0.000 0.288 1.711 1.208 3.260 1.959 1.294 1.991 1.289 0.000 0.000 1.960 0.000 
---
0 test2fip_consistent left_hidden
0.000 0.000 0.000 0.000 0.000 1.109 0.060 1.743 3.511 0.000 0.000 1.359 1.696 0.000 0.000 0.000 0.000 3.114 0.281 0.000 
0 test2fip_consistent right_hidden
0.000 0.000 1.424 0.699 2.877 0.449 0.076 0.144 0.000 0.873 0.625 0.059 1.273 1.603 0.000 0.000 0.180 0.276 0.613 0.000 
---
1 test2fip_inconsistent left_hidden
0.000 0.000 0.000 0.000 0.000 1.109 0.060 1.743 3.511 0.000 0.000 1.359 1.696 0.000 0.000 0.000 0.000 3.114 0.281 0.000 
1 test2fip_inconsistent right_hidden
0.000 0.000 0.445 1.161 2.107 2.189 0.000 1.614 1.846 0.589 0.474 0.785 3.953 1.017 0.000 0.000 0.000 1.620 0.461 0.000 
---
0 test2fip_consistent left_hidden
0.000 0.000 0.172 3.686 0.000 0.000 0.384 0.599 0.133 4.371 1.002 1.721 0.000 0.000 0.000 0.000 0.000 1.308 0.000 0.000 
0 test2fip_consistent right_hidden
0.080 1.674 0.000 1.764 0.000 0.418 0.000 3.275 1.457 0.149 0.262 0.128 0.752 0.000 2.014 0.000 0.000 0.072 0.014 0.082 
---
1 test2fip_inconsistent left_hidden
0.000 0.000 0.172 3.686 0.000 0.000 0.384 0.599 0.133 4.371 1.002 1.721 0.000 0.000 0.000 0.000 0.000 1.308 0.000 0.000 
1 test2fip_inconsistent right_hidden
0.000 3.174 0.000 2.897 0.000 0.275 0.000 3.089 0.501 3.973 0.598 0.753 0.294 0.000 0.560 0.000 0.000 1.279 0.000 0.050 
---
0 test2fip_consistent left_hidden
0.000 0.000 0.000 1.583 1.460 4.368 0.000 0.000 0.043 0.046 0.000 1.418 0.339 0.000 0.000 0.970 2.957 0.000 0.000 0.000 
0 test2fip_consistent right_hidden
0.420 0.000 0.000 0.521 0.314 1.960 0.000 0.000 1.998 2.824 0.000 0.126 1.196 0.000 0.022 0.345 0.065 0.000 0.154 0.041 
---
1 test2fip_inconsistent left_hidden
0.000 0.000 0.000 1.583 1.460 4.368 0.000 0.000 0.043 0.046 0.000 1.418 0.339 0.000 0.000 0.970 2.957 0.000 0.000 0.000 
1 test2fip_inconsistent right_hidden
0.000 0.000 0.000 0.576 1.718 4.750 0.000 0.000 0.995 1.779 0.000 1.969 0.470 0.000 0.000 0.103 2.927 0.000 0.000 0.000 
---
0 test2fip_consistent left_hidden
3.228 1.543 0.565 0.000 0.143 1.661 0.000 0.000 3.642 0.000 0.000 1.297 0.000 0.000 0.000 0.000 1.118 1.561 0.033 0.000 
0 test2fip_consistent right_hidden
0.496 0.056 0.000 1.157 2.165 1.667 1.109 0.514 0.678 0.000 0.000 0.046 0.000 0.000 1.206 0.000 1.211 0.080 1.976 0.303 
---
1 test2fip_inconsistent left_hidden
3.228 1.543 0.565 0.000 0.143 1.661 0.000 0.000 3.642 0.000 0.000 1.297 0.000 0.000 0.000 0.000 1.118 1.561 0.033 0.000 
1 test2fip_inconsistent right_hidden
3.393 0.560 0.000 0.911 1.460 2.383 0.895 0.000 3.895 0.000 0.000 0.518 0.000 0.000 1.266 0.000 1.289 0.774 0.964 0.084 
---
0 test2fip_consistent left_hidden
1.197 1.676 2.221 1.299 1.553 1.522 2.428 0.000 0.980 0.000 2.044 0.000 0.581 0.000 0.000 0.289 0.028 0.000 1.356 1.084 
0 test2fip_consistent right_hidden
0.611 1.115 0.484 0.000 0.000 1.106 0.000 0.000 1.263 0.000 0.048 2.015 0.643 0.000 0.253 0.453 0.000 0.000 1.178 0.000 
---
1 test2fip_inconsistent left_hidden
1.197 1.676 2.221 1.299 1.553 1.522 2.428 0.000 0.980 0.000 2.044 0.000 0.581 0.000 0.000 0.289 0.028 0.000 1.356 1.084 
1 test2fip_inconsistent right_hidden
1.551 1.528 2.483 0.253 1.278 2.801 1.750 0.000 1.549 0.000 1.841 0.744 1.071 0.000 0.565 0.489 0.000 0.000 1.421 0.505 
---
0 test2fip_consistent left_hidden
0.228 0.000 1.177 2.159 0.000 2.162 0.000 0.015 0.000 0.000 0.000 1.827 0.042 0.287 0.000 0.000 0.000 0.000 3.406 2.370 
0 test2fip_consistent right_hidden
0.657 1.466 0.083 0.150 2.524 1.326 1.888 0.558 0.000 0.000 0.000 0.000 0.652 0.000 0.000 0.000 0.000 0.000 0.858 0.727 
---
1 test2fip_inconsistent left_hidden
0.228 0.000 1.177 2.159 0.000 2.162 0.000 0.015 0.000 0.000 0.000 1.827 0.042 0.287 0.000 0.000 0.000 0.000 3.406 2.370 
1 test2fip_inconsistent right_hidden
0.233 1.489 1.105 0.411 1.765 2.789 1.108 0.379 0.000 0.000 0.000 0.577 0.165 0.000 0.000 0.000 0.013 0.000 3.906 2.778 
---
0 test2fip_consistent left_hidden
0.029 0.540 0.221 2.867 0.103 0.250 3.279 0.000 0.000 0.983 0.000 2.220 0.000 0.043 0.000 0.000 2.441 2.191 0.000 0.000 
0 test2fip_consistent right_hidden
0.000 2.309 0.777 0.319 0.119 1.677 0.000 0.100 1.815 0.000 0.011 0.634 0.158 0.001 0.052 0.000 0.084 0.584 0.000 0.149 
---
1 test2fip_inconsistent left_hidden
0.029 0.540 0.221 2.867 0.103 0.250 3.279 0.000 0.000 0.983 0.000 2.220 0.000 0.043 0.000 0.000 2.441 2.191 0.000 0.000 
1 test2fip_inconsistent right_hidden
0.000 1.893 1.992 2.932 0.000 1.632 3.057 0.028 1.493 0.699 0.000 1.868 0.067 0.000 0.000 0.000 1.336 0.674 0.000 0.290 
---
0 test2fip_consistent left_hidden
0.000 1.968 0.000 0.500 0.976 0.000 0.073 0.825 0.609 0.000 0.000 0.000 1.717 0.492 1.584 0.545 1.845 3.357 1.247 0.000 
0 test2fip_consistent right_hidden
0.000 0.145 0.026 0.699 0.000 0.000 0.642 1.662 0.295 0.000 0.115 1.173 0.127 0.495 1.148 0.000 1.609 0.386 1.268 1.598 
---
1 test2fip_inconsistent left_hidden
0.000 1.968 0.000 0.500 0.976 0.000 0.073 0.825 0.609 0.000 0.000 0.000 1.717 0.492 1.584 0.545 1.845 3.357 1.247 0.000 
1 test2fip_inconsistent right_hidden
0.000 2.287 0.000 1.133 0.441 0.000 1.439 1.088 0.257 0.000 0.000 0.755 1.798 0.031 1.819 0.193 2.306 3.599 1.958 0.719 
---
0 test2fip_consistent left_hidden
0.483 2.143 0.000 0.208 0.551 0.000 0.021 0.000 0.430 0.000 0.431 0.291 0.041 4.048 2.049 1.030 0.573 0.000 2.600 1.741 
0 test2fip_consistent right_hidden
1.256 0.475 0.000 2.241 0.468 0.018 0.000 0.000 0.000 0.240 1.032 0.000 0.690 0.468 0.099 1.799 2.129 0.000 0.190 0.992 
---
1 test2fip_inconsistent left_hidden
0.483 2.143 0.000 0.208 0.551 0.000 0.021 0.000 0.430 0.000 0.431 0.291 0.041 4.048 2.049 1.030 0.573 0.000 2.600 1.741 
1 test2fip_inconsistent right_hidden
0.822 2.729 0.000 2.044 0.000 0.000 0.000 0.000 0.000 0.000 1.647 0.000 0.158 1.986 0.588 0.890 1.828 0.013 2.357 3.328 
---
0 test2fip_consistent left_hidden
0.000 0.966 0.000 3.269 0.000 0.000 2.950 0.000 1.592 0.000 0.000 0.121 2.108 0.452 0.264 0.000 1.981 0.000 1.284 0.000 
0 test2fip_consistent right_hidden
0.000 0.464 0.000 1.451 0.126 0.000 1.716 0.000 1.091 1.407 0.000 0.068 0.000 2.080 1.922 0.000 0.652 0.054 0.000 0.000 
---
1 test2fip_inconsistent left_hidden
0.000 0.966 0.000 3.269 0.000 0.000 2.950 0.000 1.592 0.000 0.000 0.121 2.108 0.452 0.264 0.000 1.981 0.000 1.284 0.000 
1 test2fip_inconsistent right_hidden
0.000 0.000 0.000 4.085 0.569 0.000 3.762 0.000 1.123 0.826 0.000 0.000 1.438 0.645 0.900 0.000 0.786 0.000 2.289 0.000 
---
0 test2fip_consistent left_hidden
0.000 0.000 1.208 0.345 3.057 0.000 0.000 0.789 2.953 0.000 2.381 2.139 0.322 0.526 0.000 0.081 2.179 0.560 0.012 0.000 
0 test2fip_consistent right_hidden
0.248 0.000 0.050 0.006 2.062 2.099 0.000 0.493 1.100 0.115 0.000 0.000 0.579 2.334 0.408 0.000 0.200 0.819 0.000 0.000 
---
1 test2fip_inconsistent left_hidden
0.000 0.000 1.208 0.345 3.057 0.000 0.000 0.789 2.953 0.000 2.381 2.139 0.322 0.526 0.000 0.081 2.179 0.560 0.012 0.000 
1 test2fip_inconsistent right_hidden
0.176 0.000 0.000 0.000 2.392 2.665 0.000 0.734 1.861 0.603 0.000 0.771 0.450 1.914 0.000 0.000 4.106 0.488 0.000 0.000 
---
0 test2fip_consistent left_hidden
0.136 4.218 0.000 0.000 0.872 0.000 1.576 1.614 1.587 0.000 0.000 0.216 0.399 1.831 1.669 0.000 1.091 0.000 0.000 0.000 
0 test2fip_consistent right_hidden
0.000 0.000 0.347 0.598 0.000 0.000 2.215 0.027 0.795 0.878 0.000 1.133 0.093 0.000 0.764 0.000 0.000 0.898 1.987 0.188 
---
1 test2fip_inconsistent left_hidden
0.136 4.218 0.000 0.000 0.872 0.000 1.576 1.614 1.587 0.000 0.000 0.216 0.399 1.831 1.669 0.000 1.091 0.000 0.000 0.000 
1 test2fip_inconsistent right_hidden
0.000 3.003 1.709 0.437 0.923 0.000 3.505 2.427 0.549 0.894 0.000 0.063 0.195 1.199 1.503 0.000 0.524 0.054 1.293 0.197 
---
0 test2fip_consistent left_hidden
0.437 0.000 0.000 1.094 1.914 3.355 0.083 0.047 2.767 0.047 0.000 0.398 0.000 0.000 0.000 0.000 0.500 0.000 0.903 2.481 
0 test2fip_consistent right_hidden
2.363 0.000 0.372 1.731 0.414 0.281 0.316 1.220 0.000 0.000 0.000 0.000 0.718 0.000 0.000 0.000 1.084 1.948 0.000 0.720 
---
1 test2fip_inconsistent left_hidden
0.437 0.000 0.000 1.094 1.914 3.355 0.083 0.047 2.767 0.047 0.000 0.398 0.000 0.000 0.000 0.000 0.500 0.000 0.903 2.481 
1 test2fip_inconsistent right_hidden
3.318 0.000 0.415 1.604 2.191 1.100 0.141 1.187 2.913 0.000 0.000 0.000 0.525 0.000 1.671 0.000 0.427 1.843 0.047 2.009 
---
0 test2fip_consistent left_hidden
0.000 0.000 0.000 0.816 0.078 0.000 0.393 0.000 0.726 1.956 3.816 0.000 0.432 2.566 0.348 0.037 1.937 0.873 0.000 0.951 
0 test2fip_consistent right_hidden
0.000 0.000 0.033 1.190 0.000 0.000 0.307 0.000 0.635 0.284 0.805 0.000 1.303 0.093 2.099 0.000 0.275 1.252 1.057 1.759 
---
1 test2fip_inconsistent left_hidden
0.000 0.000 0.000 0.816 0.078 0.000 0.393 0.000 0.726 1.956 3.816 0.000 0.432 2.566 0.348 0.037 1.937 0.873 0.000 0.951 
1 test2fip_inconsistent right_hidden
0.000 0.000 0.000 1.800 0.000 0.000 1.231 0.000 0.000 1.487 3.496 0.000 1.284 1.247 1.357 0.000 2.445 1.495 0.592 2.803 
---
