0 test2fip_consistent 0.000 0.000 0.000 2.000 0.000 2.042 0.662 0.000 0.000 0.000 0.830 1.416 4.307 0.584 0.000 1.682 0.000 0.000 0.530 1.086 0.000 0.000 0.000 0.000 0.000 0.000 2.177 0.000 0.944 0.141 1.611 0.118 1.276 2.347 0.000 0.353 0.000 1.297 0.000 0.077 
1 test2fip_inconsistent 0.000 0.000 0.000 2.000 0.000 2.042 0.662 0.000 0.000 0.000 0.830 1.416 4.307 0.584 0.000 1.682 0.000 0.000 0.530 1.086 0.000 0.000 0.000 0.629 0.000 2.695 1.210 0.000 0.000 0.000 2.067 2.551 2.976 2.427 0.000 2.466 0.000 1.254 0.350 1.494 
0 test2fip_consistent 0.000 0.000 0.067 1.830 0.000 0.000 1.276 1.674 0.669 0.000 3.520 0.966 1.096 0.000 0.000 0.528 0.000 2.820 0.093 0.000 0.000 0.000 0.000 1.134 0.000 0.000 0.380 0.075 0.000 0.000 0.164 0.188 2.057 0.246 1.275 0.905 0.628 0.803 2.828 0.000 
1 test2fip_inconsistent 0.000 0.000 0.067 1.830 0.000 0.000 1.276 1.674 0.669 0.000 3.520 0.966 1.096 0.000 0.000 0.528 0.000 2.820 0.093 0.000 0.000 0.000 0.000 2.649 0.000 2.203 0.445 2.357 0.045 0.000 2.043 0.000 2.519 0.000 2.335 0.758 0.251 2.153 2.883 0.000 
0 test2fip_consistent 1.619 0.493 0.657 0.427 0.000 0.081 3.590 0.185 0.000 0.000 1.824 0.000 1.203 0.170 0.000 0.000 0.723 1.402 1.280 1.699 0.420 1.385 0.000 2.595 0.233 0.507 0.613 1.250 0.241 0.000 0.082 0.000 0.199 0.640 0.812 0.290 0.568 1.482 0.426 0.372 
1 test2fip_inconsistent 1.619 0.493 0.657 0.427 0.000 0.081 3.590 0.185 0.000 0.000 1.824 0.000 1.203 0.170 0.000 0.000 0.723 1.402 1.280 1.699 0.870 1.684 0.053 1.833 0.000 0.048 2.563 0.496 0.000 0.000 1.469 0.000 2.319 0.613 0.000 0.060 0.099 3.149 1.098 2.042 
0 test2fip_consistent 0.000 0.000 1.443 0.000 1.427 0.000 2.502 1.431 0.031 0.000 1.109 0.139 0.368 1.013 3.441 1.023 1.428 0.000 0.698 0.433 0.000 0.000 0.135 1.162 0.914 0.000 0.000 0.612 1.276 0.000 0.907 0.281 0.128 0.000 0.966 3.675 0.427 0.000 0.313 0.000 
1 test2fip_inconsistent 0.000 0.000 1.443 0.000 1.427 0.000 2.502 1.431 0.031 0.000 1.109 0.139 0.368 1.013 3.441 1.023 1.428 0.000 0.698 0.433 0.000 0.000 0.000 0.494 0.599 0.081 1.470 2.560 1.557 0.000 0.997 0.393 0.994 0.000 3.937 2.526 0.799 0.000 2.522 0.000 
0 test2fip_consistent 0.000 0.000 0.643 2.135 0.000 0.733 3.482 0.000 0.000 0.000 2.311 0.295 0.970 0.000 0.000 0.099 1.986 1.134 0.351 1.085 0.000 0.000 3.282 0.532 0.388 0.000 0.593 1.198 0.000 0.000 0.953 0.075 0.000 0.001 0.000 0.273 0.016 0.572 2.031 0.454 
1 test2fip_inconsistent 0.000 0.000 0.643 2.135 0.000 0.733 3.482 0.000 0.000 0.000 2.311 0.295 0.970 0.000 0.000 0.099 1.986 1.134 0.351 1.085 0.000 0.000 2.926 1.577 0.000 0.472 4.253 0.391 0.000 0.000 1.424 0.314 0.151 0.015 0.000 0.111 1.798 1.325 1.396 2.011 
0 test2fip_consistent 1.091 0.041 0.000 0.000 2.906 2.004 0.114 0.000 0.000 0.000 1.527 0.000 3.508 1.150 0.000 0.000 0.498 0.000 1.345 0.057 1.324 1.186 0.000 0.000 1.557 1.405 0.310 1.884 0.000 1.256 0.140 0.000 0.095 0.489 0.000 0.035 1.116 1.038 0.317 1.085 
1 test2fip_inconsistent 1.091 0.041 0.000 0.000 2.906 2.004 0.114 0.000 0.000 0.000 1.527 0.000 3.508 1.150 0.000 0.000 0.498 0.000 1.345 0.057 0.761 1.185 0.000 0.000 3.972 1.855 0.056 1.298 0.000 0.647 1.366 0.000 2.318 2.476 0.000 0.000 2.046 0.975 2.265 0.586 
0 test2fip_consistent 0.000 0.000 0.000 0.000 0.000 0.000 0.000 3.051 2.991 0.000 0.000 1.849 2.883 0.000 1.400 1.532 0.427 0.000 0.000 0.000 0.608 0.000 0.000 0.000 0.000 0.657 0.000 0.130 0.538 0.000 0.085 1.790 0.181 1.544 1.921 0.635 1.902 1.869 0.000 0.000 
1 test2fip_inconsistent 0.000 0.000 0.000 0.000 0.000 0.000 0.000 3.051 2.991 0.000 0.000 1.849 2.883 0.000 1.400 1.532 0.427 0.000 0.000 0.000 0.123 0.000 0.000 0.000 0.000 0.224 0.000 1.894 3.106 0.000 0.000 2.759 3.042 1.729 1.897 2.109 2.015 1.830 0.003 0.000 
0 test2fip_consistent 1.198 1.610 0.000 1.189 0.000 0.435 0.000 0.000 0.299 0.858 0.000 2.466 0.000 0.000 0.251 0.000 0.043 0.000 0.000 5.157 0.000 0.000 0.000 0.013 0.000 0.000 0.000 2.919 0.000 0.670 0.247 1.602 0.471 0.092 0.639 0.000 0.000 0.000 3.040 0.797 
1 test2fip_inconsistent 1.198 1.610 0.000 1.189 0.000 0.435 0.000 0.000 0.299 0.858 0.000 2.466 0.000 0.000 0.251 0.000 0.043 0.000 0.000 5.157 0.000 0.000 0.000 0.000 0.000 0.000 0.000 1.891 0.000 0.367 1.137 1.603 0.471 0.000 0.292 0.000 0.000 0.000 2.666 5.450 
0 test2fip_consistent 0.932 1.467 1.727 0.994 0.395 0.000 0.428 0.000 0.000 0.587 0.000 2.612 0.000 0.555 0.000 0.000 4.346 0.800 0.307 0.000 0.231 0.000 0.393 1.448 0.305 0.000 2.224 0.000 0.003 1.720 0.000 0.000 0.010 0.000 0.000 0.000 0.355 2.467 0.823 0.239 
1 test2fip_inconsistent 0.932 1.467 1.727 0.994 0.395 0.000 0.428 0.000 0.000 0.587 0.000 2.612 0.000 0.555 0.000 0.000 4.346 0.800 0.307 0.000 0.579 1.705 2.535 1.445 0.198 0.000 1.625 0.000 0.000 2.522 0.000 2.017 0.000 0.000 0.000 0.000 2.613 2.408 2.105 0.252 
0 test2fip_consistent 1.140 0.000 0.000 0.000 0.266 0.225 0.000 2.953 0.844 0.000 0.000 1.971 3.100 1.247 0.052 0.000 1.672 0.000 0.000 1.122 0.068 0.000 0.000 0.000 0.000 0.000 0.000 0.000 0.993 0.000 0.000 0.698 0.894 2.352 2.336 0.000 0.292 0.000 0.488 2.434 
1 test2fip_inconsistent 1.140 0.000 0.000 0.000 0.266 0.225 0.000 2.953 0.844 0.000 0.000 1.971 3.100 1.247 0.052 0.000 1.672 0.000 0.000 1.122 1.522 0.000 0.180 0.000 0.000 0.000 0.000 1.531 2.219 0.000 0.000 1.406 4.156 2.952 1.931 0.000 2.074 0.000 0.000 1.306 
0 test2fip_consistent 0.000 1.356 0.000 0.704 0.000 1.539 1.953 0.000 0.606 0.323 0.157 0.000 1.433 0.063 0.000 1.258 1.317 3.653 0.290 1.843 0.000 0.991 0.117 0.993 0.000 2.539 0.510 0.000 1.206 0.465 0.030 0.125 0.713 0.705 1.689 0.456 0.724 0.169 0.567 1.018 
1 test2fip_inconsistent 0.000 1.356 0.000 0.704 0.000 1.539 1.953 0.000 0.606 0.323 0.157 0.000 1.433 0.063 0.000 1.258 1.317 3.653 0.290 1.843 0.000 1.415 0.000 2.508 0.000 1.504 0.071 0.000 2.350 2.066 0.376 0.000 1.777 0.609 0.929 1.280 2.504 2.614 1.435 1.350 
0 test2fip_consistent 1.617 2.042 0.000 0.000 0.356 1.454 1.237 0.000 1.153 0.000 3.072 0.000 0.395 0.000 1.361 0.000 1.541 1.515 0.478 0.927 1.173 0.550 0.000 0.000 2.676 0.277 1.419 0.000 0.683 0.310 0.130 0.000 1.567 0.359 0.242 0.026 0.229 0.605 0.388 0.123 
1 test2fip_inconsistent 1.617 2.042 0.000 0.000 0.356 1.454 1.237 0.000 1.153 0.000 3.072 0.000 0.395 0.000 1.361 0.000 1.541 1.515 0.478 0.927 3.435 0.887 0.000 0.000 2.372 1.338 1.766 0.000 1.379 1.440 2.221 0.000 1.293 0.884 1.064 0.000 1.917 1.278 0.659 0.882 
0 test2fip_consistent 4.350 0.211 0.000 0.000 0.000 0.000 0.000 0.465 0.105 0.000 0.000 0.000 3.868 0.000 0.000 0.000 0.000 1.764 0.176 0.000 1.044 2.386 2.345 0.649 0.000 0.045 0.000 0.076 0.101 0.000 0.309 0.000 0.125 0.028 0.000 1.736 0.000 0.000 1.253 0.028 
1 test2fip_inconsistent 4.350 0.211 0.000 0.000 0.000 0.000 0.000 0.465 0.105 0.000 0.000 0.000 3.868 0.000 0.000 0.000 0.000 1.764 0.176 0.000 4.721 2.582 0.871 0.000 0.000 0.410 0.000 0.081 0.000 0.000 0.826 0.000 2.913 0.000 0.215 0.760 0.000 0.000 2.614 0.000 
0 test2fip_consistent 0.467 0.014 0.000 0.416 1.027 0.489 0.000 0.000 0.000 0.000 0.000 0.000 0.000 1.954 4.930 1.605 0.000 0.000 0.000 1.359 1.822 0.129 0.085 0.000 0.120 3.287 0.037 0.000 0.151 0.000 0.000 0.000 1.806 0.000 0.863 0.471 0.000 0.000 0.000 0.181 
1 test2fip_inconsistent 0.467 0.014 0.000 0.416 1.027 0.489 0.000 0.000 0.000 0.000 0.000 0.000 0.000 1.954 4.930 1.605 0.000 0.000 0.000 1.359 1.598 0.074 0.000 0.000 1.119 3.181 0.000 0.000 0.000 0.000 0.000 0.000 1.089 1.504 4.380 1.974 0.000 0.000 0.000 1.382 
0 test2fip_consistent 0.000 0.000 0.000 0.000 0.000 4.491 0.335 1.548 1.717 0.466 0.000 2.208 0.000 0.660 0.000 0.000 0.000 2.633 0.000 0.725 0.000 0.151 1.621 0.042 0.000 0.079 1.496 2.372 0.000 0.000 1.441 0.303 0.591 0.980 0.174 0.225 0.000 1.444 0.000 0.066 
1 test2fip_inconsistent 0.000 0.000 0.000 0.000 0.000 4.491 0.335 1.548 1.717 0.466 0.000 2.208 0.000 0.660 0.000 0.000 0.000 2.633 0.000 0.725 0.000 0.000 0.776 0.000 0.000 3.932 0.964 2.478 0.000 0.000 1.022 1.530 0.261 0.756 0.000 0.000 0.000 3.533 0.000 0.000 
0 test2fip_consistent 0.753 0.000 2.257 0.000 1.258 0.035 0.079 1.647 0.556 0.000 0.000 0.000 1.206 0.000 1.931 0.000 0.000 0.640 0.140 3.302 0.001 0.000 0.125 0.000 0.079 0.000 0.539 0.075 1.812 0.000 0.000 0.000 1.225 1.073 0.045 0.000 0.847 1.140 0.969 2.480 
1 test2fip_inconsistent 0.753 0.000 2.257 0.000 1.258 0.035 0.079 1.647 0.556 0.000 0.000 0.000 1.206 0.000 1.931 0.000 0.000 0.640 0.140 3.302 0.781 0.000 2.755 0.000 0.779 0.000 0.000 0.905 1.715 0.000 0.000 0.000 0.762 0.000 1.740 0.000 0.128 1.303 1.562 4.496 
0 test2fip_consistent 1.971 2.230 0.842 0.000 2.916 0.000 2.310 1.169 0.000 0.168 0.230 0.190 0.000 0.858 0.568 0.121 1.806 0.000 0.113 1.236 0.486 0.000 0.679 2.305 0.000 0.033 2.960 0.000 0.000 0.000 0.000 0.000 1.565 0.270 0.000 0.000 0.000 0.000 0.000 0.016 
1 test2fip_inconsistent 1.971 2.230 0.842 0.000 2.916 0.000 2.310 1.169 0.000 0.168 0.230 0.190 0.000 0.858 0.568 0.121 1.806 0.000 0.113 1.236 2.097 0.251 0.551 2.503 4.016 0.000 3.643 0.157 0.000 0.000 0.000 0.000 0.660 0.415 0.000 0.000 1.090 0.000 0.000 1.384 
0 test2fip_consistent 0.153 0.000 0.000 0.000 0.142 0.000 1.520 0.000 0.000 0.000 0.000 0.000 0.285 0.003 2.190 0.614 3.243 0.000 1.719 3.160 1.466 0.749 0.000 0.000 0.107 0.000 0.140 2.287 0.000 0.000 0.088 0.102 0.000 1.849 1.193 0.000 0.000 0.000 2.416 0.062 
1 test2fip_inconsistent 0.153 0.000 0.000 0.000 0.142 0.000 1.520 0.000 0.000 0.000 0.000 0.000 0.285 0.003 2.190 0.614 3.243 0.000 1.719 3.160 1.282 0.066 0.000 0.000 0.309 0.000 3.201 1.600 0.000 0.000 0.000 0.000 0.000 1.252 3.444 0.000 0.000 0.000 2.981 2.767 
0 test2fip_consistent 1.716 0.000 0.513 0.637 1.232 0.000 0.000 0.000 0.000 0.244 0.000 2.332 0.000 0.000 2.109 1.633 0.000 2.194 1.670 2.188 0.648 2.271 1.491 0.291 0.517 1.817 0.004 0.000 0.360 0.760 0.000 0.222 0.064 0.000 0.000 0.000 0.000 0.674 1.143 1.093 
1 test2fip_inconsistent 1.716 0.000 0.513 0.637 1.232 0.000 0.000 0.000 0.000 0.244 0.000 2.332 0.000 0.000 2.109 1.633 0.000 2.194 1.670 2.188 1.324 1.481 0.979 0.085 1.864 0.580 0.000 0.000 0.098 0.226 0.000 2.380 0.000 0.000 1.403 1.161 0.000 2.818 3.095 2.432 
0 test2fip_consistent 0.000 2.529 0.767 0.000 2.294 1.021 0.000 0.000 0.902 0.052 1.533 0.000 0.448 0.546 0.090 0.000 1.517 1.230 0.000 3.214 0.000 0.038 0.000 0.565 0.000 1.149 0.000 0.000 0.307 1.085 1.997 1.364 1.453 0.095 0.000 0.000 0.042 1.810 0.268 0.897 
1 test2fip_inconsistent 0.000 2.529 0.767 0.000 2.294 1.021 0.000 0.000 0.902 0.052 1.533 0.000 0.448 0.546 0.090 0.000 1.517 1.230 0.000 3.214 0.000 1.561 0.000 1.483 2.493 1.838 0.000 0.000 1.545 0.254 1.627 1.854 0.845 0.899 0.000 0.000 1.723 1.860 0.981 2.976 
0 test2fip_consistent 0.371 4.299 1.111 0.000 1.183 1.966 0.000 0.000 3.576 0.000 0.456 0.000 0.000 0.000 1.918 0.553 0.000 0.000 0.000 0.000 2.333 1.133 0.091 0.717 0.125 0.797 0.600 0.000 0.237 0.000 0.000 0.000 2.424 0.000 1.867 1.172 0.863 1.458 0.000 0.000 
1 test2fip_inconsistent 0.371 4.299 1.111 0.000 1.183 1.966 0.000 0.000 3.576 0.000 0.456 0.000 0.000 0.000 1.918 0.553 0.000 0.000 0.000 0.000 2.525 4.437 0.970 0.429 0.000 0.000 0.480 0.000 3.636 0.000 0.000 0.000 0.717 0.000 1.299 1.122 0.655 1.356 0.000 0.000 
0 test2fip_consistent 0.000 0.052 3.121 0.000 1.712 0.946 0.107 0.000 1.002 0.728 0.000 0.000 3.659 0.883 0.000 0.000 1.355 0.000 0.000 0.221 0.000 0.097 0.000 0.000 2.207 0.000 0.000 0.000 0.008 0.000 1.008 0.016 1.489 1.568 0.000 2.756 0.000 0.000 0.000 0.612 
1 test2fip_inconsistent 0.000 0.052 3.121 0.000 1.712 0.946 0.107 0.000 1.002 0.728 0.000 0.000 3.659 0.883 0.000 0.000 1.355 0.000 0.000 0.221 0.000 0.000 2.150 0.000 3.505 0.000 0.000 0.000 0.491 0.806 0.055 0.000 4.314 1.903 0.000 1.118 1.323 0.593 0.000 0.433 
0 test2fip_consistent 0.000 0.000 0.000 0.000 0.000 0.000 0.000 2.086 0.414 0.000 0.371 0.000 1.393 4.879 0.000 0.000 2.383 0.000 0.000 0.000 0.000 0.023 0.000 0.000 0.000 1.715 1.476 2.625 0.468 0.276 0.034 0.000 0.000 0.000 0.000 0.000 2.923 0.270 0.000 0.000 
1 test2fip_inconsistent 0.000 0.000 0.000 0.000 0.000 0.000 0.000 2.086 0.414 0.000 0.371 0.000 1.393 4.879 0.000 0.000 2.383 0.000 0.000 0.000 0.000 0.033 0.000 0.000 0.000 1.124 0.807 2.533 1.964 0.348 0.506 0.000 0.000 3.385 0.000 0.000 4.566 0.671 0.000 0.000 
0 test2fip_consistent 1.596 2.997 0.000 0.637 0.117 0.000 1.079 0.901 2.868 0.000 0.967 0.540 0.189 0.000 0.000 2.930 0.000 1.594 0.000 0.939 0.805 0.063 0.000 0.023 0.576 0.000 0.503 0.142 0.101 0.270 1.569 0.528 0.029 2.937 0.000 2.113 0.000 0.507 0.000 0.014 
1 test2fip_inconsistent 1.596 2.997 0.000 0.637 0.117 0.000 1.079 0.901 2.868 0.000 0.967 0.540 0.189 0.000 0.000 2.930 0.000 1.594 0.000 0.939 1.489 1.912 0.000 0.000 0.472 0.000 1.700 1.073 3.539 0.000 0.781 0.942 0.170 2.708 0.000 3.586 0.000 1.720 0.000 0.000 
0 test2fip_consistent 0.000 0.000 0.000 0.000 0.000 0.000 0.000 1.345 0.000 2.062 0.000 0.000 0.000 0.000 4.944 0.000 0.075 0.000 1.992 0.000 0.000 0.000 0.000 0.000 0.000 0.000 0.000 1.971 0.094 0.367 0.628 3.060 0.022 0.000 1.464 0.000 0.897 1.859 0.553 0.000 
1 test2fip_inconsistent 0.000 0.000 0.000 0.000 0.000 0.000 0.000 1.345 0.000 2.062 0.000 0.000 0.000 0.000 4.944 0.000 0.075 0.000 1.992 0.000 0.000 0.000 0.000 0.000 0.068 0.000 0.000 0.148 0.000 1.105 0.394 2.386 0.000 0.000 5.014 0.000 0.644 1.793 3.329 0.000 
0 test2fip_consistent 0.000 0.000 0.113 0.000 0.115 0.536 1.559 3.008 0.000 3.344 0.026 0.000 0.076 1.657 0.848 2.441 0.110 0.000 0.000 0.000 0.000 1.623 0.000 0.000 0.000 0.673 0.053 0.104 0.065 1.186 0.006 0.000 0.041 0.000 0.000 0.000 2.155 2.643 0.000 0.000 
1 test2fip_inconsistent 0.000 0.000 0.113 0.000 0.115 0.536 1.559 3.008 0.000 3.344 0.026 0.000 0.076 1.657 0.848 2.441 0.110 0.000 0.000 0.000 0.159 1.224 0.000 0.000 0.000 1.024 1.523 2.029 0.000 2.704 0.000 0.000 0.000 0.000 1.637 3.119 2.370 1.537 0.000 0.000 
0 test2fip_consistent 1.386 0.054 0.509 1.014 0.173 0.000 0.000 2.157 0.000 0.311 0.000 0.000 0.000 0.000 0.445 0.000 1.540 0.887 1.159 4.067 0.056 1.020 0.305 0.127 0.000 0.000 0.000 0.680 1.420 0.018 0.472 0.046 0.000 0.000 2.044 1.575 0.000 2.286 1.068 0.549 
1 test2fip_inconsistent 1.386 0.054 0.509 1.014 0.173 0.000 0.000 2.157 0.000 0.311 0.000 0.000 0.000 0.000 0.445 0.000 1.540 0.887 1.159 4.067 1.344 0.850 1.819 1.426 0.000 0.000 0.000 1.454 1.542 0.980 0.000 0.460 0.000 0.000 1.553 0.319 0.572 3.036 0.488 4.197 
0 test2fip_consistent 0.000 0.000 0.000 0.000 1.385 1.356 0.000 0.000 0.000 0.916 1.784 0.222 0.928 2.643 0.000 3.126 0.000 0.000 0.000 2.402 0.000 0.234 1.803 0.000 0.121 0.773 0.000 0.000 0.000 0.632 0.109 1.599 0.550 0.780 0.000 1.529 2.594 0.030 0.041 0.016 
1 test2fip_inconsistent 0.000 0.000 0.000 0.000 1.385 1.356 0.000 0.000 0.000 0.916 1.784 0.222 0.928 2.643 0.000 3.126 0.000 0.000 0.000 2.402 0.000 0.000 1.431 0.000 2.311 0.040 0.000 0.000 0.000 0.683 1.717 1.398 0.372 3.671 0.000 3.480 1.224 0.000 0.000 2.113 
0 test2fip_consistent 0.000 0.000 1.133 1.216 4.523 0.000 0.000 0.725 0.000 0.814 0.869 0.000 0.010 1.918 0.989 0.000 0.000 0.341 0.119 0.000 0.023 0.000 0.052 0.679 0.109 0.000 0.000 1.157 0.000 0.869 3.163 0.921 0.076 2.101 0.000 0.827 0.661 0.095 0.068 0.000 
1 test2fip_inconsistent 0.000 0.000 1.133 1.216 4.523 0.000 0.000 0.725 0.000 0.814 0.869 0.000 0.010 1.918 0.989 0.000 0.000 0.341 0.119 0.000 0.000 0.000 0.839 0.856 4.308 0.000 0.000 2.785 0.000 2.172 3.202 0.000 0.000 2.854 0.000 0.639 0.000 0.000 0.417 0.000 
0 test2fip_consistent 0.000 1.250 0.263 0.313 0.000 0.000 0.000 0.817 0.000 0.000 0.000 1.291 0.000 0.232 4.125 1.408 1.092 0.138 0.000 2.921 2.041 1.641 1.079 1.016 0.000 0.000 0.000 0.576 0.000 0.000 0.134 0.089 0.000 1.594 0.276 0.736 0.563 1.907 0.397 0.494 
1 test2fip_inconsistent 0.000 1.250 0.263 0.313 0.000 0.000 0.000 0.817 0.000 0.000 0.000 1.291 0.000 0.232 4.125 1.408 1.092 0.138 0.000 2.921 1.512 2.130 1.212 0.000 0.151 0.000 0.000 1.553 0.000 0.000 0.000 0.221 0.000 0.450 4.510 0.681 0.447 1.296 0.211 3.054 
0 test2fip_consistent 0.000 0.000 0.625 0.000 0.791 1.017 0.000 0.645 1.138 2.485 2.491 0.000 1.047 0.295 0.265 0.852 0.293 0.578 0.303 2.045 0.000 0.386 0.352 0.000 0.996 1.737 0.191 0.507 2.019 0.044 0.506 1.486 0.000 1.222 0.000 0.428 1.233 0.095 0.547 0.395 
1 test2fip_inconsistent 0.000 0.000 0.625 0.000 0.791 1.017 0.000 0.645 1.138 2.485 2.491 0.000 1.047 0.295 0.265 0.852 0.293 0.578 0.303 2.045 0.000 0.000 0.475 0.000 1.591 2.744 0.324 0.309 2.140 2.092 2.945 1.008 0.085 0.643 0.000 2.235 0.866 0.928 0.555 1.678 
0 test2fip_consistent 0.000 0.000 2.405 0.000 0.000 0.000 0.000 0.023 0.000 0.000 4.315 0.641 0.000 0.000 0.644 0.154 2.656 0.011 0.000 0.000 0.000 0.000 0.780 0.127 0.000 0.000 1.754 0.031 0.000 0.008 0.985 0.315 1.060 0.000 1.776 3.036 0.343 0.000 0.000 0.000 
1 test2fip_inconsistent 0.000 0.000 2.405 0.000 0.000 0.000 0.000 0.023 0.000 0.000 4.315 0.641 0.000 0.000 0.644 0.154 2.656 0.011 0.000 0.000 0.000 0.000 0.859 0.000 0.000 0.000 1.079 0.000 0.000 0.000 4.117 0.000 0.000 0.000 4.414 1.770 2.051 0.425 0.000 0.000 
0 test2fip_consistent 0.000 0.000 0.058 0.000 0.000 0.000 0.086 0.012 0.000 0.000 0.846 0.000 0.516 0.000 0.674 3.761 4.568 1.367 0.000 0.000 0.000 1.547 0.000 0.165 0.000 0.000 0.501 0.682 0.000 0.274 2.463 0.000 0.000 2.820 0.467 0.792 0.590 0.599 0.000 0.000 
1 test2fip_inconsistent 0.000 0.000 0.058 0.000 0.000 0.000 0.086 0.012 0.000 0.000 0.846 0.000 0.516 0.000 0.674 3.761 4.568 1.367 0.000 0.000 0.000 0.737 0.000 0.000 0.161 0.000 1.510 0.857 0.000 0.000 2.094 0.000 0.000 2.647 0.781 1.973 4.007 2.696 0.000 0.000 
0 test2fip_consistent 0.417 0.000 0.000 0.000 0.000 2.507 0.409 0.000 0.295 0.000 0.039 1.403 0.000 2.795 1.928 0.000 0.026 0.859 0.000 3.177 0.750 0.000 0.058 0.000 0.109 0.339 0.096 0.013 0.000 0.000 1.827 0.020 0.000 1.009 2.258 0.000 0.000 0.591 0.667 2.802 
1 test2fip_inconsistent 0.417 0.000 0.000 0.000 0.000 2.507 0.409 0.000 0.295 0.000 0.039 1.403 0.000 2.795 1.928 0.000 0.026 0.859 0.000 3.177 2.235 0.000 1.477 0.014 0.000 2.435 1.277 0.000 0.000 0.000 2.645 1.974 0.000 2.979 1.967 0.000 0.000 2.340 0.000 2.741 
0 test2fip_consistent 0.000 0.946 0.000 0.000 0.000 0.000 0.000 0.297 1.861 1.201 0.000 2.839 0.611 0.000 0.000 0.020 3.439 0.861 1.396 0.000 0.000 0.907 0.000 0.000 0.000 2.098 0.000 0.014 0.178 1.027 0.000 0.000 0.060 0.022 0.988 0.000 1.307 0.000 2.971 0.000 
1 test2fip_inconsistent 0.000 0.946 0.000 0.000 0.000 0.000 0.000 0.297 1.861 1.201 0.000 2.839 0.611 0.000 0.000 0.020 3.439 0.861 1.396 0.000 0.000 0.459 0.000 0.000 0.000 0.812 0.000 0.000 1.430 1.901 0.000 2.643 1.872 1.309 0.000 0.000 3.627 0.134 3.932 0.000 
0 test2fip_consistent 0.000 0.127 0.178 2.128 0.000 0.291 1.878 1.970 0.634 0.000 0.000 0.000 4.082 0.000 0.200 1.077 0.000 0.000 0.000 0.000 0.000 3.947 0.000 0.080 0.000 0.075 0.000 0.000 1.382 0.000 0.097 0.407 1.997 0.000 0.000 0.312 0.000 0.000 0.000 0.000 
1 test2fip_inconsistent 0.000 0.127 0.178 2.128 0.000 0.291 1.878 1.970 0.634 0.000 0.000 0.000 4.082 0.000 0.200 1.077 0.000 0.000 0.000 0.000 0.000 2.562 0.000 1.136 0.000 0.000 2.476 1.210 3.038 0.000 0.000 0.000 4.881 0.000 0.000 0.264 0.000 0.000 0.000 0.000 
0 test2fip_consistent 0.000 4.172 0.000 0.379 0.000 0.884 1.238 0.000 0.030 2.306 0.000 0.000 1.133 0.000 0.000 0.000 1.141 0.778 0.061 1.520 0.000 0.415 0.016 1.323 0.000 1.397 2.117 0.841 0.000 0.064 0.000 1.933 1.413 0.472 0.533 0.000 1.481 0.000 0.000 0.873 
1 test2fip_inconsistent 0.000 4.172 0.000 0.379 0.000 0.884 1.238 0.000 0.030 2.306 0.000 0.000 1.133 0.000 0.000 0.000 1.141 0.778 0.061 1.520 1.225 4.208 0.000 1.004 0.000 0.351 2.347 0.000 0.000 2.420 0.000 0.876 3.059 0.000 0.028 0.000 0.960 0.012 0.000 1.410 
0 test2fip_consistent 0.000 0.000 0.000 0.000 0.000 0.350 2.310 3.080 0.000 0.000 0.252 0.000 0.000 0.000 0.000 2.701 3.326 1.200 0.000 0.000 1.697 0.000 0.000 2.714 0.000 0.032 0.065 0.823 0.000 0.000 2.191 0.109 0.024 0.000 0.000 1.024 0.631 0.025 0.024 0.041 
1 test2fip_inconsistent 0.000 0.000 0.000 0.000 0.000 0.350 2.310 3.080 0.000 0.000 0.252 0.000 0.000 0.000 0.000 2.701 3.326 1.200 0.000 0.000 1.372 0.000 0.000 1.523 0.000 0.000 2.301 1.624 0.000 0.000 1.546 0.000 0.000 0.000 0.000 3.277 4.002 1.338 0.000 0.000 
0 test2fip_consistent 1.615 0.665 0.000 0.000 0.000 3.830 0.982 1.444 0.000 0.000 0.216 2.418 1.989 0.181 0.000 1.315 0.314 0.648 0.102 0.171 0.782 1.174 1.335 0.000 0.000 0.110 0.321 0.292 0.000 0.000 1.662 0.028 0.424 0.238 0.000 0.876 1.381 1.538 2.384 1.332 
1 test2fip_inconsistent 1.615 0.665 0.000 0.000 0.000 3.830 0.982 1.444 0.000 0.000 0.216 2.418 1.989 0.181 0.000 1.315 0.314 0.648 0.102 0.171 2.513 0.243 0.934 0.000 0.000 2.845 2.148 1.924 0.000 0.000 1.679 1.322 1.444 0.460 0.000 0.765 1.161 2.902 1.792 1.878 
0 test2fip_consistent 0.000 1.101 0.000 0.000 2.370 0.999 1.670 3.140 0.000 0.000 0.000 2.387 0.134 0.000 0.052 2.562 0.000 0.000 0.000 0.000 0.853 0.921 2.137 0.000 0.162 0.220 2.037 0.000 3.070 0.033 0.000 0.000 0.275 0.239 0.000 0.935 0.058 0.008 0.000 0.000 
1 test2fip_inconsistent 0.000 1.101 0.000 0.000 2.370 0.999 1.670 3.140 0.000 0.000 0.000 2.387 0.134 0.000 0.052 2.562 0.000 0.000 0.000 0.000 1.043 2.231 1.765 0.000 1.738 0.789 0.456 2.470 2.041 0.000 0.000 0.000 0.000 0.000 0.000 4.540 0.053 0.000 0.000 0.000 
0 test2fip_consistent 0.469 0.369 0.216 3.379 0.000 0.110 0.323 0.000 0.000 0.000 1.478 1.033 0.048 0.827 0.673 0.000 2.176 2.203 0.000 0.262 0.000 0.219 0.362 1.753 0.000 1.173 2.052 0.710 0.000 0.000 0.341 0.360 0.000 0.070 0.000 0.000 0.000 1.526 2.029 1.255 
1 test2fip_inconsistent 0.469 0.369 0.216 3.379 0.000 0.110 0.323 0.000 0.000 0.000 1.478 1.033 0.048 0.827 0.673 0.000 2.176 2.203 0.000 0.262 0.000 1.712 0.277 3.491 0.000 0.624 1.396 0.000 0.000 0.000 0.000 2.408 0.000 0.183 1.343 0.000 1.822 2.859 1.555 0.960 
0 test2fip_consistent 0.000 0.000 0.000 1.888 0.759 0.000 2.866 1.282 1.696 3.241 1.589 0.000 0.591 0.000 0.000 0.700 0.000 0.000 0.117 0.423 0.000 0.000 0.000 0.024 0.000 0.000 0.022 1.452 0.068 2.183 0.160 1.444 0.004 2.293 0.586 0.002 0.000 0.000 0.000 1.084 
1 test2fip_inconsistent 0.000 0.000 0.000 1.888 0.759 0.000 2.866 1.282 1.696 3.241 1.589 0.000 0.591 0.000 0.000 0.700 0.000 0.000 0.117 0.423 0.000 0.000 0.000 1.510 0.000 0.412 2.240 2.270 0.434 4.700 1.500 1.125 0.964 0.718 0.032 0.697 0.000 0.000 0.005 1.352 
0 test2fip_consistent 0.000 2.132 0.179 0.072 0.000 0.000 0.000 0.992 4.943 0.000 0.178 0.000 0.387 0.000 0.030 0.000 0.000 0.503 2.421 0.000 0.175 0.905 0.392 0.000 0.000 0.038 0.924 1.152 0.385 0.923 1.755 0.000 0.175 0.000 0.664 2.269 0.000 0.301 1.003 0.082 
1 test2fip_inconsistent 0.000 2.132 0.179 0.072 0.000 0.000 0.000 0.992 4.943 0.000 0.178 0.000 0.387 0.000 0.030 0.000 0.000 0.503 2.421 0.000 0.000 2.469 0.000 0.000 0.000 0.000 0.276 0.000 2.916 0.000 0.663 0.000 0.750 0.229 0.277 1.166 0.000 3.360 1.701 0.000 
0 test2fip_consistent 0.000 0.736 1.306 0.000 1.550 2.762 0.000 1.631 1.603 0.397 0.000 0.000 0.000 4.323 0.000 0.000 0.000 0.405 0.218 1.353 0.000 0.000 0.523 0.000 0.000 0.990 0.000 1.152 0.149 2.651 0.906 0.000 0.000 0.724 0.000 0.000 0.000 0.732 2.666 0.137 
1 test2fip_inconsistent 0.000 0.736 1.306 0.000 1.550 2.762 0.000 1.631 1.603 0.397 0.000 0.000 0.000 4.323 0.000 0.000 0.000 0.405 0.218 1.353 0.000 0.000 0.000 0.000 1.761 1.115 0.000 1.289 1.500 2.029 0.485 0.000 0.000 4.273 0.000 0.000 0.000 0.647 2.301 1.763 
0 test2fip_consistent 0.029 0.140 0.506 0.000 0.000 1.774 2.872 0.000 2.825 0.000 0.000 0.000 0.165 1.081 0.000 1.378 1.774 0.225 1.209 1.336 0.005 0.000 0.000 0.253 2.356 0.189 1.988 0.000 0.044 1.536 0.000 0.046 0.000 0.632 0.000 0.163 0.244 0.017 1.798 0.129 
1 test2fip_inconsistent 0.029 0.140 0.506 0.000 0.000 1.774 2.872 0.000 2.825 0.000 0.000 0.000 0.165 1.081 0.000 1.378 1.774 0.225 1.209 1.336 0.000 0.000 0.000 0.000 1.558 2.914 3.655 0.000 2.487 1.050 0.000 0.000 0.000 1.199 0.000 0.849 1.296 0.000 2.737 0.058 
0 test2fip_consistent 3.063 1.623 0.000 0.000 0.000 1.649 2.488 0.000 0.007 0.825 0.000 0.964 0.098 0.000 0.000 1.269 0.000 0.177 0.000 2.709 0.000 1.024 0.000 0.417 0.000 0.076 1.819 0.275 1.685 0.000 0.377 0.000 0.000 3.323 0.000 0.012 0.000 0.557 0.000 0.482 
1 test2fip_inconsistent 3.063 1.623 0.000 0.000 0.000 1.649 2.488 0.000 0.007 0.825 0.000 0.964 0.098 0.000 0.000 1.269 0.000 0.177 0.000 2.709 2.201 1.389 0.000 0.183 0.000 0.700 4.462 0.000 1.441 0.804 0.138 0.000 0.000 2.318 0.000 0.435 0.000 0.481 0.000 3.047 
0 test2fip_consistent 0.960 1.029 0.000 0.000 0.203 2.035 2.507 0.456 1.984 0.160 1.671 0.000 0.240 1.144 3.216 0.023 0.000 0.000 0.000 0.000 0.190 0.000 0.000 0.000 0.000 0.414 1.365 0.128 0.000 0.000 1.889 1.755 1.462 1.069 0.104 0.000 0.010 0.000 2.030 0.393 
1 test2fip_inconsistent 0.960 1.029 0.000 0.000 0.203 2.035 2.507 0.456 1.984 0.160 1.671 0.000 0.240 1.144 3.216 0.023 0.000 0.000 0.000 0.000 0.686 0.418 0.000 0.000 0.000 2.999 4.354 0.484 1.090 0.000 2.220 0.971 0.265 1.407 2.098 0.000 0.000 0.000 1.068 0.185 
0 test2fip_consistent 0.000 0.000 0.275 0.000 1.576 4.418 0.199 1.530 0.000 0.995 0.000 0.068 2.374 0.381 0.000 0.000 0.000 1.363 0.322 1.861 0.023 0.000 0.138 0.000 0.000 0.660 1.049 0.009 0.000 0.066 0.000 0.000 0.622 0.831 1.449 0.000 1.302 0.497 2.043 2.822 
1 test2fip_inconsistent 0.000 0.000 0.275 0.000 1.576 4.418 0.199 1.530 0.000 0.995 0.000 0.068 2.374 0.381 0.000 0.000 0.000 1.363 0.322 1.861 0.000 0.000 0.000 0.000 0.661 3.956 0.912 0.000 0.000 2.690 0.000 0.008 2.649 0.572 1.239 0.000 0.790 0.000 0.961 2.415 
0 test2fip_consistent 0.000 1.318 0.726 1.972 0.477 0.000 0.000 0.000 0.488 0.000 1.261 0.815 1.390 2.476 0.121 0.000 0.000 1.083 3.094 0.000 0.749 0.000 0.329 0.268 0.108 0.404 0.000 1.476 0.017 1.246 1.265 0.455 0.159 3.004 0.607 0.000 0.000 0.117 0.136 0.000 
1 test2fip_inconsistent 0.000 1.318 0.726 1.972 0.477 0.000 0.000 0.000 0.488 0.000 1.261 0.815 1.390 2.476 0.121 0.000 0.000 1.083 3.094 0.000 0.536 0.093 0.000 2.105 1.559 0.638 0.000 0.743 0.000 0.612 1.581 0.283 0.909 4.045 0.433 0.000 0.000 0.944 3.613 0.000 
0 test2fip_consistent 0.000 0.000 0.369 1.885 0.496 3.211 0.000 1.923 0.526 0.548 0.095 0.000 0.155 1.085 1.489 0.370 0.424 0.715 0.000 1.882 0.000 0.000 0.552 0.254 0.169 0.527 2.386 1.245 0.520 0.000 0.496 0.000 0.000 0.000 1.284 1.110 0.219 1.861 0.507 0.475 
1 test2fip_inconsistent 0.000 0.000 0.369 1.885 0.496 3.211 0.000 1.923 0.526 0.548 0.095 0.000 0.155 1.085 1.489 0.370 0.424 0.715 0.000 1.882 0.000 0.000 0.126 1.454 0.792 3.604 1.168 3.903 0.098 0.452 0.396 0.000 0.000 0.136 1.324 0.816 0.006 2.214 0.000 1.771 
0 test2fip_consistent 0.000 0.000 0.000 0.189 4.175 0.000 0.000 0.000 1.266 0.000 0.000 0.065 0.000 2.241 2.167 0.325 0.000 2.536 0.000 0.000 0.000 2.068 0.000 0.000 0.193 0.000 1.357 0.000 0.058 3.591 0.120 0.000 0.000 0.129 0.280 0.260 0.000 0.124 0.149 0.000 
1 test2fip_inconsistent 0.000 0.000 0.000 0.189 4.175 0.000 0.000 0.000 1.266 0.000 0.000 0.065 0.000 2.241 2.167 0.325 0.000 2.536 0.000 0.000 0.000 1.283 0.000 0.000 4.000 0.000 1.206 0.000 1.442 4.135 0.000 0.000 0.000 2.347 2.085 0.063 0.000 0.000 0.030 0.000 
0 test2fip_consistent 0.000 1.803 3.324 1.202 0.491 0.220 0.939 0.320 0.232 1.895 0.000 0.000 1.466 0.000 0.002 0.000 0.971 2.221 0.132 1.398 0.000 0.624 0.237 0.720 0.766 2.409 0.000 1.148 0.000 1.335 0.056 0.000 0.057 0.000 0.000 0.113 0.591 0.507 0.000 1.956 
1 test2fip_inconsistent 0.000 1.803 3.324 1.202 0.491 0.220 0.939 0.320 0.232 1.895 0.000 0.000 1.466 0.000 0.002 0.000 0.971 2.221 0.132 1.398 0.000 2.190 3.253 0.835 1.438 1.787 0.872 1.646 1.177 0.763 0.617 0.000 0.257 0.000 0.000 0.000 1.494 2.245 0.000 3.123 
0 test2fip_consistent 1.472 2.137 3.315 0.000 0.772 1.162 0.000 0.783 1.228 0.000 0.413 0.647 1.305 0.000 0.000 0.000 0.000 2.850 0.598 0.000 3.175 0.000 1.488 0.000 0.425 1.146 0.000 0.074 0.000 0.192 1.150 0.000 1.148 0.000 0.000 0.000 0.471 0.025 0.000 0.000 
1 test2fip_inconsistent 1.472 2.137 3.315 0.000 0.772 1.162 0.000 0.783 1.228 0.000 0.413 0.647 1.305 0.000 0.000 0.000 0.000 2.850 0.598 0.000 3.191 1.386 4.811 0.000 1.144 0.255 0.000 0.559 0.909 0.863 0.574 0.636 1.787 0.000 0.000 0.012 0.373 1.436 1.116 0.000 
0 test2fip_consistent 0.000 1.798 2.424 0.564 0.496 2.167 1.089 0.000 0.000 0.000 0.600 1.824 0.000 0.000 2.555 1.320 0.000 0.000 0.062 0.000 0.009 0.862 0.049 0.652 0.000 0.229 0.000 0.000 1.867 0.160 0.000 3.106 0.000 1.499 0.192 0.227 0.000 0.000 0.000 0.000 
1 test2fip_inconsistent 0.000 1.798 2.424 0.564 0.496 2.167 1.089 0.000 0.000 0.000 0.600 1.824 0.000 0.000 2.555 1.320 0.000 0.000 0.062 0.000 0.000 2.302 1.953 0.000 0.000 3.094 2.217 0.000 0.612 0.000 1.375 3.454 0.000 0.292 1.245 1.571 0.000 0.000 0.000 0.000 
0 test2fip_consistent 0.000 1.786 0.000 0.000 0.000 1.958 0.024 0.000 0.000 0.000 1.581 0.622 1.103 3.601 0.000 0.917 0.369 2.745 0.000 0.000 0.000 0.995 0.000 0.214 3.057 0.708 0.000 0.000 0.000 0.000 0.000 0.033 2.233 0.000 0.855 0.000 0.866 1.479 0.029 0.000 
1 test2fip_inconsistent 0.000 1.786 0.000 0.000 0.000 1.958 0.024 0.000 0.000 0.000 1.581 0.622 1.103 3.601 0.000 0.917 0.369 2.745 0.000 0.000 0.000 1.985 0.000 0.000 2.777 2.003 0.000 0.000 0.000 0.000 1.456 1.072 0.514 2.972 1.144 0.000 0.057 3.113 0.077 0.000 
0 test2fip_consistent 0.000 0.986 0.000 0.000 3.244 0.000 0.000 0.000 0.039 2.496 0.480 0.000 1.100 0.000 0.000 2.156 0.000 3.251 0.688 0.000 0.000 1.283 2.060 0.005 1.341 0.120 0.000 0.120 0.180 0.278 0.374 1.041 2.745 0.000 0.000 0.131 1.794 0.000 0.000 0.000 
1 test2fip_inconsistent 0.000 0.986 0.000 0.000 3.244 0.000 0.000 0.000 0.039 2.496 0.480 0.000 1.100 0.000 0.000 2.156 0.000 3.251 0.688 0.000 0.000 1.885 1.326 0.000 3.152 0.000 0.000 0.000 0.000 2.657 0.665 1.176 2.739 0.000 0.000 3.563 0.896 0.510 0.843 0.000 
0 test2fip_consistent 0.000 0.000 0.000 0.005 1.290 0.792 0.000 0.000 0.000 0.873 0.000 0.033 0.370 0.000 1.303 0.000 2.584 4.491 0.000 0.000 0.000 0.700 0.031 0.073 4.205 0.009 0.000 0.000 0.000 0.604 0.100 0.121 0.000 0.006 0.211 0.000 0.892 0.000 0.000 0.877 
1 test2fip_inconsistent 0.000 0.000 0.000 0.005 1.290 0.792 0.000 0.000 0.000 0.873 0.000 0.033 0.370 0.000 1.303 0.000 2.584 4.491 0.000 0.000 0.000 0.798 0.000 0.000 4.046 0.000 0.000 0.000 0.000 0.383 0.000 0.099 0.250 0.000 1.089 0.000 4.060 2.581 0.000 0.339 
0 test2fip_consistent 3.603 0.405 0.001 0.108 0.000 0.000 0.000 0.000 0.000 0.310 1.273 2.451 0.000 2.314 0.000 0.110 0.000 1.420 1.798 0.000 1.966 2.284 1.434 0.192 0.040 0.000 0.000 2.393 0.000 0.000 0.370 0.039 0.000 0.466 0.034 0.463 0.000 1.170 0.140 0.000 
1 test2fip_inconsistent 3.603 0.405 0.001 0.108 0.000 0.000 0.000 0.000 0.000 0.310 1.273 2.451 0.000 2.314 0.000 0.110 0.000 1.420 1.798 0.000 4.350 1.499 1.107 0.000 0.054 0.000 0.000 2.295 0.000 0.000 1.238 2.571 0.000 2.780 0.000 0.530 0.000 0.297 1.829 0.000 
0 test2fip_consistent 0.032 0.000 0.000 0.000 0.000 1.633 3.025 3.447 0.000 0.000 0.000 0.000 0.000 0.488 0.712 0.000 0.000 1.926 0.000 0.000 0.000 0.000 0.000 0.029 0.000 2.903 0.299 1.401 0.000 2.288 0.000 0.000 0.000 0.787 2.393 0.000 0.164 0.217 0.000 0.000 
1 test2fip_inconsistent 0.032 0.000 0.000 0.000 0.000 1.633 3.025 3.447 0.000 0.000 0.000 0.000 0.000 0.488 0.712 0.000 0.000 1.926 0.000 0.000 0.037 0.000 0.000 0.000 0.000 2.613 2.781 4.296 0.000 1.512 0.000 0.000 0.000 0.009 2.286 0.000 0.000 2.791 0.000 0.000 
0 test2fip_consistent 0.114 0.000 0.000 0.000 0.000 0.000 0.000 0.000 0.000 1.557 1.231 0.816 1.747 1.358 0.852 1.226 1.190 0.000 0.556 4.151 2.945 0.000 0.000 0.000 0.000 0.473 0.000 0.021 0.000 0.000 0.211 0.000 0.000 0.096 2.035 0.546 0.261 0.052 1.447 1.462 
1 test2fip_inconsistent 0.114 0.000 0.000 0.000 0.000 0.000 0.000 0.000 0.000 1.557 1.231 0.816 1.747 1.358 0.852 1.226 1.190 0.000 0.556 4.151 2.269 0.000 0.000 0.000 0.000 0.000 0.000 0.000 0.000 0.246 0.999 1.602 2.301 0.750 1.816 2.791 1.755 0.000 1.481 3.487 
0 test2fip_consistent 0.905 0.204 0.000 1.870 0.000 2.244 1.799 0.000 2.638 0.000 0.000 0.000 1.356 0.000 0.000 0.248 0.000 2.751 0.000 0.000 1.596 0.000 0.000 0.000 1.316 1.083 2.408 0.000 0.000 0.483 0.000 2.017 0.034 0.000 0.000 0.000 1.136 1.302 0.000 0.000 
1 test2fip_inconsistent 0.905 0.204 0.000 1.870 0.000 2.244 1.799 0.000 2.638 0.000 0.000 0.000 1.356 0.000 0.000 0.248 0.000 2.751 0.000 0.000 1.684 0.000 0.000 0.200 0.301 2.143 1.912 0.000 3.112 0.153 0.000 1.602 0.442 0.000 0.000 0.571 0.893 3.763 0.000 0.000 
0 test2fip_consistent 0.263 0.157 2.183 0.213 0.557 1.310 0.000 0.000 0.186 0.000 3.287 0.000 0.285 0.000 0.035 0.000 0.000 2.216 0.000 3.497 0.000 0.000 1.614 3.459 1.071 0.000 0.000 1.205 0.210 0.772 0.915 0.058 0.672 0.000 0.000 0.758 1.237 0.000 0.000 0.131 
1 test2fip_inconsistent 0.263 0.157 2.183 0.213 0.557 1.310 0.000 0.000 0.186 0.000 3.287 0.000 0.285 0.000 0.035 0.000 0.000 2.216 0.000 3.497 0.000 0.000 3.585 2.833 0.112 0.607 0.000 0.890 0.000 0.389 4.071 0.000 0.901 0.000 0.000 0.615 0.663 1.449 0.000 2.363 
0 test2fip_consistent 0.000 0.370 0.000 0.000 0.657 0.953 1.587 0.775 0.000 0.189 0.625 2.720 1.721 0.000 2.594 0.785 0.000 1.026 2.148 0.000 0.000 0.000 0.000 0.607 1.380 0.000 0.485 0.477 0.000 3.219 0.632 0.000 0.928 0.000 1.890 0.000 0.001 0.049 0.593 0.001 
1 test2fip_inconsistent 0.000 0.370 0.000 0.000 0.657 0.953 1.587 0.775 0.000 0.189 0.625 2.720 1.721 0.000 2.594 0.785 0.000 1.026 2.148 0.000 0.000 0.000 0.000 0.549 1.107 0.000 1.304 0.688 0.000 2.267 1.048 2.631 1.505 0.000 4.412 0.026 0.000 1.012 2.842 0.000 
0 test2fip_consistent 1.948 0.000 1.335 0.958 0.000 3.139 1.191 1.554 0.034 0.000 0.000 1.312 0.000 0.000 0.000 1.905 0.000 3.667 0.000 0.000 0.033 2.194 0.000 0.191 0.000 0.959 0.488 2.162 0.000 1.534 0.000 0.422 0.222 0.000 0.177 0.016 1.239 0.115 0.000 1.207 
1 test2fip_inconsistent 1.948 0.000 1.335 0.958 0.000 3.139 1.191 1.554 0.034 0.000 0.000 1.312 0.000 0.000 0.000 1.905 0.000 3.667 0.000 0.000 0.390 0.821 1.549 0.833 0.000 3.412 0.722 2.945 0.000 1.603 0.000 2.054 0.000 0.000 0.233 0.900 1.012 1.850 0.000 1.296 
0 test2fip_consistent 0.000 1.398 0.000 1.703 1.321 2.792 2.839 1.434 0.416 0.743 1.793 0.077 2.662 0.000 0.919 0.000 0.000 0.000 0.000 0.000 0.000 0.509 0.000 2.042 2.858 0.000 0.000 1.044 0.091 0.318 0.008 1.673 0.035 0.000 0.000 0.000 0.000 0.000 0.000 0.000 
1 test2fip_inconsistent 0.000 1.398 0.000 1.703 1.321 2.792 2.839 1.434 0.416 0.743 1.793 0.077 2.662 0.000 0.919 0.000 0.000 0.000 0.000 0.000 0.000 0.728 0.000 2.981 3.236 1.784 2.201 1.047 0.762 0.453 2.066 2.287 0.806 0.000 1.272 0.000 0.000 0.000 0.622 0.000 
0 test2fip_consistent 0.000 0.267 0.035 3.043 1.480 0.000 0.000 0.000 0.000 0.801 0.819 0.000 0.000 1.047 0.043 3.402 0.377 0.000 0.045 2.089 0.000 0.972 0.000 0.975 0.000 2.858 0.415 0.000 1.365 0.000 0.104 0.061 0.000 0.630 0.161 0.856 3.086 0.000 0.000 0.310 
1 test2fip_inconsistent 0.000 0.267 0.035 3.043 1.480 0.000 0.000 0.000 0.000 0.801 0.819 0.000 0.000 1.047 0.043 3.402 0.377 0.000 0.045 2.089 0.000 0.721 0.071 2.316 0.000 0.498 0.301 0.000 2.484 1.366 2.194 0.000 0.000 0.517 0.457 3.830 2.941 0.000 0.000 2.280 
0 test2fip_consistent 0.406 0.000 0.000 0.241 0.000 5.175 0.639 0.000 0.000 0.000 0.599 0.676 0.005 1.782 0.000 0.043 0.000 0.420 1.108 0.000 1.900 0.000 0.000 1.446 0.000 0.119 0.000 0.000 0.011 0.000 0.922 0.000 1.055 1.917 0.000 0.000 0.000 0.637 2.877 0.014 
1 test2fip_inconsistent 0.406 0.000 0.000 0.241 0.000 5.175 0.639 0.000 0.000 0.000 0.599 0.676 0.005 1.782 0.000 0.043 0.000 0.420 1.108 0.000 1.429 0.000 0.000 0.741 0.000 3.796 0.557 0.000 0.000 0.000 2.581 0.000 0.732 2.417 0.106 0.000 0.000 2.826 2.311 0.000 
0 test2fip_consistent 0.000 0.000 2.093 1.117 0.000 2.262 0.000 0.572 2.194 1.648 0.000 0.215 0.000 0.000 0.000 0.000 0.000 0.000 2.540 2.532 0.000 0.000 2.954 0.000 0.000 0.000 0.100 0.628 0.461 0.076 0.000 0.000 0.838 0.000 0.000 0.000 0.027 2.915 0.125 0.825 
1 test2fip_inconsistent 0.000 0.000 2.093 1.117 0.000 2.262 0.000 0.572 2.194 1.648 0.000 0.215 0.000 0.000 0.000 0.000 0.000 0.000 2.540 2.532 0.000 0.000 4.065 0.852 0.000 1.908 0.000 0.592 1.505 0.286 0.000 0.000 0.344 0.000 0.000 0.000 0.068 1.846 1.265 4.346 
0 test2fip_consistent 0.000 0.756 0.000 0.957 0.179 0.000 0.572 0.000 0.211 0.000 0.000 3.930 0.912 0.000 3.943 0.000 0.428 0.883 0.000 0.312 0.000 0.000 0.000 0.800 2.114 0.526 0.731 1.485 0.092 0.000 0.052 0.105 3.055 0.000 0.023 0.007 0.000 0.000 0.000 2.404 
1 test2fip_inconsistent 0.000 0.756 0.000 0.957 0.179 0.000 0.572 0.000 0.211 0.000 0.000 3.930 0.912 0.000 3.943 0.000 0.428 0.883 0.000 0.312 0.000 0.000 0.000 2.614 3.453 0.925 2.505 1.404 0.813 0.000 0.000 2.325 1.873 0.000 2.199 0.000 0.000 0.000 0.000 2.905 
0 test2fip_consistent 0.356 0.000 0.000 2.646 0.000 0.000 0.144 1.684 0.000 0.070 0.000 3.676 0.000 1.500 0.595 1.767 0.677 0.593 0.000 0.000 0.538 1.431 1.674 0.000 0.000 1.233 0.000 0.000 0.000 0.000 0.000 0.000 0.258 2.666 0.402 1.742 1.166 0.486 0.000 0.000 
1 test2fip_inconsistent 0.356 0.000 0.000 2.646 0.000 0.000 0.144 1.684 0.000 0.070 0.000 3.676 0.000 1.500 0.595 1.767 0.677 0.593 0.000 0.000 1.247 0.991 0.656 1.952 0.000 1.162 0.000 0.621 0.000 0.000 0.000 2.447 0.000 4.127 0.000 0.995 0.815 1.832 0.000 0.000 
0 test2fip_consistent 0.472 0.000 0.000 0.000 0.000 0.091 0.000 0.000 0.259 0.000 1.185 0.000 3.718 0.815 0.226 3.685 1.301 0.000 1.503 1.357 0.000 0.911 0.002 0.793 0.901 0.083 0.256 1.076 0.711 0.000 0.062 0.000 0.204 2.061 0.259 0.135 0.833 1.242 1.960 1.800 
1 test2fip_inconsistent 0.472 0.000 0.000 0.000 0.000 0.091 0.000 0.000 0.259 0.000 1.185 0.000 3.718 0.815 0.226 3.685 1.301 0.000 1.503 1.357 0.391 0.704 0.000 0.312 0.778 0.000 0.000 0.201 0.571 0.000 0.929 0.000 3.181 1.680 0.000 2.477 0.053 0.644 3.652 2.745 
0 test2fip_consistent 1.678 0.577 0.607 0.000 0.000 1.725 0.602 1.321 0.634 2.881 1.411 0.997 1.159 0.000 1.411 0.111 0.000 0.000 1.439 0.000 0.000 0.430 0.089 0.120 0.000 0.711 0.148 0.213 1.228 0.735 3.191 0.207 1.140 0.000 0.069 0.139 1.012 0.000 0.533 0.317 
1 test2fip_inconsistent 1.678 0.577 0.607 0.000 0.000 1.725 0.602 1.321 0.634 2.881 1.411 0.997 1.159 0.000 1.411 0.111 0.000 0.000 1.439 0.000 0.325 0.261 0.319 0.000 0.000 1.600 1.205 1.235 0.864 3.698 3.521 1.836 1.545 0.000 1.480 0.000 0.563 0.000 2.440 0.000 
0 test2fip_consistent 0.000 1.135 1.977 0.000 1.491 3.633 1.605 0.473 0.000 0.000 0.000 0.000 2.010 1.038 0.284 0.000 0.000 0.000 0.300 0.000 0.000 0.347 0.000 0.000 2.148 1.812 0.000 0.000 0.000 0.000 0.000 0.000 0.000 0.891 1.047 0.000 0.000 0.164 1.327 2.809 
1 test2fip_inconsistent 0.000 1.135 1.977 0.000 1.491 3.633 1.605 0.473 0.000 0.000 0.000 0.000 2.010 1.038 0.284 0.000 0.000 0.000 0.300 0.000 0.000 1.186 1.210 0.000 1.801 5.387 0.000 1.095 0.000 0.000 0.000 0.000 0.000 1.135 0.902 1.177 0.000 0.169 0.596 1.429 
0 test2fip_consistent 2.969 0.276 1.953 1.005 0.000 0.000 0.023 0.000 2.091 0.792 0.141 0.000 0.143 0.271 0.000 3.447 0.000 0.000 0.001 0.152 0.131 0.878 0.905 2.207 0.428 0.893 0.408 0.000 0.730 0.342 0.635 0.942 0.262 0.144 0.000 0.000 2.271 0.427 0.465 1.010 
1 test2fip_inconsistent 2.969 0.276 1.953 1.005 0.000 0.000 0.023 0.000 2.091 0.792 0.141 0.000 0.143 0.271 0.000 3.447 0.000 0.000 0.001 0.152 1.480 1.689 2.473 1.870 0.132 0.046 0.216 0.000 1.801 1.939 1.160 0.402 0.090 0.000 0.000 3.197 2.826 0.615 1.296 0.216 
0 test2fip_consistent 1.762 0.232 0.000 1.615 0.450 0.162 0.428 1.860 0.000 1.734 1.844 0.000 1.679 0.109 2.225 0.000 1.139 0.000 0.000 3.231 0.010 0.665 0.000 0.000 0.000 2.182 0.877 0.000 0.378 0.489 2.898 0.000 0.270 0.059 1.249 0.000 0.178 0.000 0.000 0.187 
1 test2fip_inconsistent 1.762 0.232 0.000 1.615 0.450 0.162 0.428 1.860 0.000 1.734 1.844 0.000 1.679 0.109 2.225 0.000 1.139 0.000 0.000 3.231 2.017 0.376 0.000 1.045 0.085 1.628 0.468 0.000 0.000 2.270 4.067 0.000 0.830 0.111 1.377 0.000 1.092 0.000 0.000 2.720 
0 test2fip_consistent 0.000 2.312 1.225 1.194 0.011 0.000 1.617 0.066 2.927 0.000 0.000 0.522 0.000 1.868 0.559 0.000 1.730 2.291 0.000 0.162 0.073 1.194 0.000 0.000 1.093 0.000 2.324 1.402 0.224 0.120 0.000 1.623 0.000 0.254 0.149 0.098 0.621 0.725 0.000 1.492 
1 test2fip_inconsistent 0.000 2.312 1.225 1.194 0.011 0.000 1.617 0.066 2.927 0.000 0.000 0.522 0.000 1.868 0.559 0.000 1.730 2.291 0.000 0.162 0.006 1.770 0.000 0.000 0.581 0.000 3.067 0.788 3.248 0.000 0.000 2.497 0.000 2.703 0.205 0.000 0.250 3.350 0.000 1.098 
0 test2fip_consistent 0.000 2.607 1.949 0.000 2.292 0.000 0.000 0.462 0.407 0.000 1.486 0.000 0.000 0.000 3.037 1.248 1.661 0.000 0.087 0.000 0.000 0.000 1.831 0.000 0.000 0.000 0.000 0.000 0.396 1.125 0.000 0.000 0.000 0.127 0.140 2.212 1.232 0.000 0.949 0.000 
1 test2fip_inconsistent 0.000 2.607 1.949 0.000 2.292 0.000 0.000 0.462 0.407 0.000 1.486 0.000 0.000 0.000 3.037 1.248 1.661 0.000 0.087 0.000 0.435 1.576 3.060 0.000 2.391 0.000 0.000 0.000 1.394 0.000 1.202 0.000 0.000 0.000 2.119 1.660 2.344 0.000 0.542 0.000 
0 test2fip_consistent 0.000 0.000 0.000 3.197 0.000 3.243 0.000 0.000 0.000 2.369 2.564 0.240 1.138 0.000 0.000 0.000 0.000 0.517 0.000 0.000 0.013 0.000 2.946 0.922 0.131 1.930 0.599 0.000 0.000 0.133 0.014 0.000 0.624 0.029 0.021 0.718 2.680 0.014 0.296 0.000 
1 test2fip_inconsistent 0.000 0.000 0.000 3.197 0.000 3.243 0.000 0.000 0.000 2.369 2.564 0.240 1.138 0.000 0.000 0.000 0.000 0.517 0.000 0.000 0.000 0.032 1.832 4.354 0.072 3.968 0.285 0.000 0.000 1.648 1.046 0.000 1.297 0.000 0.000 0.000 1.526 0.000 1.633 0.000 
0 test2fip_consistent 0.758 1.251 0.203 2.477 1.366 0.217 0.000 0.200 1.930 0.061 2.693 0.000 0.238 0.054 0.273 1.008 0.000 0.000 1.508 2.546 0.013 0.182 0.000 0.836 1.807 0.000 0.320 0.000 0.419 2.386 0.734 0.225 1.130 0.100 1.780 0.010 1.759 0.000 0.405 0.017 
1 test2fip_inconsistent 0.758 1.251 0.203 2.477 1.366 0.217 0.000 0.200 1.930 0.061 2.693 0.000 0.238 0.054 0.273 1.008 0.000 0.000 1.508 2.546 0.000 0.899 0.000 3.460 1.783 0.000 1.311 0.000 1.399 1.783 2.818 0.014 2.027 0.000 1.254 1.004 1.871 0.000 1.005 2.064 
0 test2fip_consistent 0.922 0.951 0.000 0.000 1.548 0.268 0.948 0.607 0.678 0.000 0.000 1.656 1.070 0.016 0.000 0.000 4.240 1.259 0.000 0.000 2.094 0.000 0.000 0.000 0.070 0.798 0.798 0.000 0.000 0.000 0.000 0.719 0.865 0.456 0.095 0.046 0.601 0.450 0.000 3.010 
1 test2fip_inconsistent 0.922 0.951 0.000 0.000 1.548 0.268 0.948 0.607 0.678 0.000 0.000 1.656 1.070 0.016 0.000 0.000 4.240 1.259 0.000 0.000 2.663 0.000 0.000 0.000 1.815 0.850 1.390 2.698 1.737 0.000 0.000 2.293 1.416 0.000 0.000 0.545 2.419 1.809 0.186 2.635 
0 test2fip_consistent 0.000 0.000 1.756 1.682 0.176 0.000 1.167 2.294 3.566 0.986 0.000 0.000 0.858 1.127 0.000 2.104 1.050 0.000 0.000 0.000 0.836 1.251 0.091 0.433 0.373 0.000 0.009 0.000 1.689 0.711 0.000 0.000 2.932 1.842 0.000 0.285 0.000 0.000 0.975 0.000 
1 test2fip_inconsistent 0.000 0.000 1.756 1.682 0.176 0.000 1.167 2.294 3.566 0.986 0.000 0.000 0.858 1.127 0.000 2.104 1.050 0.000 0.000 0.000 0.935 0.640 1.157 1.773 0.362 0.000 0.204 1.765 4.469 2.007 0.000 0.000 1.991 1.306 0.000 1.998 1.053 0.000 0.926 0.000 
0 test2fip_consistent 2.209 0.000 0.000 0.000 1.915 1.625 1.926 0.994 1.885 0.000 0.375 0.403 0.000 0.397 0.432 0.700 2.005 1.660 0.811 0.000 0.573 0.000 0.000 0.000 1.357 0.070 0.425 0.931 1.428 0.000 0.000 1.468 0.015 2.537 0.631 1.313 0.000 0.000 0.086 1.490 
1 test2fip_inconsistent 2.209 0.000 0.000 0.000 1.915 1.625 1.926 0.994 1.885 0.000 0.375 0.403 0.000 0.397 0.432 0.700 2.005 1.660 0.811 0.000 2.783 0.000 0.000 0.000 3.125 2.127 2.157 2.079 2.416 0.000 0.000 0.956 0.000 1.835 0.278 0.464 1.283 1.662 1.072 1.395 
0 test2fip_consistent 0.467 0.000 0.000 2.589 0.000 0.000 0.000 0.000 0.000 0.045 1.834 0.000 2.414 0.889 0.000 4.392 0.000 0.000 0.000 0.000 0.546 0.000 0.000 0.000 0.599 0.099 0.000 0.000 0.000 2.193 2.840 0.000 1.174 0.000 0.000 0.858 2.047 0.000 1.558 0.000 
1 test2fip_inconsistent 0.467 0.000 0.000 2.589 0.000 0.000 0.000 0.000 0.000 0.045 1.834 0.000 2.414 0.889 0.000 4.392 0.000 0.000 0.000 0.000 0.098 0.000 0.000 1.470 0.064 0.000 0.000 0.000 0.000 1.324 3.475 0.000 2.083 0.000 0.000 4.740 0.556 0.000 1.151 0.000 
0 test2fip_consistent 0.032 0.000 0.000 0.791 0.000 0.000 0.519 2.046 0.000 0.000 2.550 0.614 0.618 0.618 0.000 1.779 2.302 0.514 0.000 2.946 1.329 0.000 0.082 0.434 2.357 0.865 1.456 0.000 0.090 0.000 1.104 1.675 0.000 1.094 0.000 0.088 0.079 0.517 0.000 0.542 
1 test2fip_inconsistent 0.032 0.000 0.000 0.791 0.000 0.000 0.519 2.046 0.000 0.000 2.550 0.614 0.618 0.618 0.000 1.779 2.302 0.514 0.000 2.946 0.917 0.000 0.243 1.683 2.284 0.521 0.763 0.950 0.000 0.000 2.885 0.251 1.288 1.892 0.000 1.528 1.316 2.116 0.000 2.603 
0 test2fip_consistent 0.398 0.000 0.080 0.000 4.240 1.700 0.000 0.000 0.000 0.944 0.000 0.302 2.123 1.301 1.197 0.000 0.000 1.634 0.000 0.991 0.722 0.000 0.000 1.095 0.000 0.920 0.012 0.320 0.019 1.897 0.171 0.454 0.000 0.171 0.000 1.912 0.000 2.791 0.000 0.143 
1 test2fip_inconsistent 0.398 0.000 0.080 0.000 4.240 1.700 0.000 0.000 0.000 0.944 0.000 0.302 2.123 1.301 1.197 0.000 0.000 1.634 0.000 0.991 0.485 0.000 0.000 0.702 3.245 1.172 0.000 0.695 0.000 2.039 0.097 0.000 1.587 1.850 0.000 2.032 0.000 3.832 0.000 1.469 
0 test2fip_consistent 1.642 0.000 2.695 1.704 3.737 0.000 0.000 0.078 0.000 2.090 0.008 0.000 0.420 0.091 0.557 0.000 0.132 0.000 0.000 1.326 0.302 0.000 1.516 0.559 0.221 0.380 2.175 0.480 0.133 0.226 2.218 0.000 0.716 0.000 1.066 0.000 1.176 0.212 0.000 0.033 
1 test2fip_inconsistent 1.642 0.000 2.695 1.704 3.737 0.000 0.000 0.078 0.000 2.090 0.008 0.000 0.420 0.091 0.557 0.000 0.132 0.000 0.000 1.326 1.711 0.000 3.463 0.696 3.617 0.000 1.207 0.337 0.000 0.242 2.168 0.000 0.880 0.000 1.746 0.000 0.311 0.000 0.000 0.568 
0 test2fip_consistent 0.000 0.000 1.263 3.784 0.000 0.620 0.000 1.369 2.714 0.000 0.000 0.000 1.314 0.910 0.813 0.195 0.668 0.944 0.364 0.057 0.284 1.757 1.579 1.240 1.737 0.982 0.000 0.876 0.932 0.360 0.000 0.041 0.000 0.536 0.000 0.000 0.760 0.088 0.000 1.312 
1 test2fip_inconsistent 0.000 0.000 1.263 3.784 0.000 0.620 0.000 1.369 2.714 0.000 0.000 0.000 1.314 0.910 0.813 0.195 0.668 0.944 0.364 0.057 0.000 1.014 0.398 4.805 0.864 0.316 0.000 1.149 3.523 0.000 0.000 0.812 0.000 0.000 0.122 0.000 0.412 1.245 0.000 0.783 
0 test2fip_consistent 0.000 0.000 1.702 3.152 0.000 0.057 1.230 0.000 0.000 0.000 0.248 0.000 0.429 0.000 0.000 2.543 1.663 0.000 1.097 2.284 0.219 0.000 0.085 0.000 0.000 0.000 0.219 1.573 0.000 0.000 0.632 0.000 0.533 0.000 0.035 2.361 0.000 2.750 1.750 0.031 
1 test2fip_inconsistent 0.000 0.000 1.702 3.152 0.000 0.057 1.230 0.000 0.000 0.000 0.248 0.000 0.429 0.000 0.000 2.543 1.663 0.000 1.097 2.284 0.000 0.000 0.000 1.507 0.000 0.000 2.993 1.597 0.000 0.000 0.367 0.000 0.962 0.000 0.000 3.585 1.313 1.026 3.978 1.013 
0 test2fip_consistent 0.599 0.056 1.400 0.000 0.000 2.443 0.125 0.109 1.449 0.000 0.000 0.000 0.042 0.000 0.000 4.398 0.000 0.000 0.000 0.000 0.771 0.000 0.000 1.170 0.536 0.000 0.745 0.000 0.042 0.077 0.095 1.439 0.000 0.000 1.932 1.203 0.000 0.000 2.415 2.494 
1 test2fip_inconsistent 0.599 0.056 1.400 0.000 0.000 2.443 0.125 0.109 1.449 0.000 0.000 0.000 0.042 0.000 0.000 4.398 0.000 0.000 0.000 0.000 2.078 0.780 0.000 0.967 0.263 1.853 0.266 0.000 1.326 0.000 0.000 0.941 0.000 0.000 0.774 4.981 0.000 0.000 2.750 2.195 
0 test2fip_consistent 0.091 3.255 0.000 0.000 2.192 1.561 0.000 0.080 2.681 1.041 0.000 0.000 0.000 0.535 0.848 0.000 0.389 0.000 0.000 0.951 1.764 0.273 0.000 0.000 0.647 0.000 0.000 1.890 0.226 0.076 0.825 0.024 0.000 0.082 1.821 1.597 0.521 0.041 1.416 0.168 
1 test2fip_inconsistent 0.091 3.255 0.000 0.000 2.192 1.561 0.000 0.080 2.681 1.041 0.000 0.000 0.000 0.535 0.848 0.000 0.389 0.000 0.000 0.951 0.578 3.551 0.000 0.000 1.135 1.097 0.000 1.112 1.739 1.674 0.712 0.000 0.000 1.506 2.424 1.186 0.480 0.000 0.757 0.000 
0 test2fip_consistent 0.033 2.060 0.000 0.000 0.000 0.000 4.713 0.000 0.000 0.000 0.000 0.386 0.595 0.000 0.000 0.000 2.421 0.679 0.000 0.000 0.112 0.223 0.738 1.482 0.069 0.071 1.665 0.000 1.621 0.492 0.563 1.107 0.060 0.000 0.692 0.000 0.462 0.019 2.470 0.000 
1 test2fip_inconsistent 0.033 2.060 0.000 0.000 0.000 0.000 4.713 0.000 0.000 0.000 0.000 0.386 0.595 0.000 0.000 0.000 2.421 0.679 0.000 0.000 0.000 2.150 0.273 0.799 0.000 0.398 4.018 0.000 1.695 0.605 1.379 1.080 0.049 0.000 0.230 0.000 3.574 0.000 1.097 0.000 
0 test2fip_consistent 0.000 0.020 0.000 0.000 0.000 1.850 0.459 1.622 2.542 1.640 2.295 3.134 0.000 0.403 2.423 0.605 0.000 0.024 0.353 0.000 0.000 0.077 1.170 0.391 0.000 0.000 1.561 0.641 0.700 0.040 2.016 0.182 0.000 0.000 0.189 0.547 1.527 1.874 0.368 0.734 
1 test2fip_inconsistent 0.000 0.020 0.000 0.000 0.000 1.850 0.459 1.622 2.542 1.640 2.295 3.134 0.000 0.403 2.423 0.605 0.000 0.024 0.353 0.000 0.000 0.000 0.577 0.000 0.000 0.576 1.733 0.471 2.555 1.072 2.634 3.757 0.000 0.000 2.282 0.200 1.302 1.538 1.487 0.527 
0 test2fip_consistent 0.000 0.000 0.000 0.000 0.037 2.150 0.000 0.119 0.000 3.446 0.000 3.508 0.091 0.260 1.521 1.768 0.165 0.000 0.000 0.000 0.000 1.375 0.000 0.000 0.836 0.018 0.000 0.000 0.450 1.018 0.720 0.057 1.882 1.401 1.761 0.000 1.505 1.205 0.000 2.017 
1 test2fip_inconsistent 0.000 0.000 0.000 0.000 0.037 2.150 0.000 0.119 0.000 3.446 0.000 3.508 0.091 0.260 1.521 1.768 0.165 0.000 0.000 0.000 0.000 1.386 0.000 0.000 0.371 0.263 0.000 0.000 0.481 1.957 1.653 4.035 1.820 1.899 3.356 1.190 0.763 0.559 0.000 1.136 
0 test2fip_consistent 1.027 0.000 0.000 0.087 0.360 0.000 1.586 0.142 1.307 2.847 0.570 0.310 2.399 0.000 2.906 0.000 1.056 0.000 0.000 2.128 0.000 0.854 0.423 0.957 0.506 0.036 2.064 1.617 0.068 0.758 0.122 0.726 0.308 0.601 0.000 1.521 0.000 0.027 0.552 0.543 
1 test2fip_inconsistent 1.027 0.000 0.000 0.087 0.360 0.000 1.586 0.142 1.307 2.847 0.570 0.310 2.399 0.000 2.906 0.000 1.056 0.000 0.000 2.128 1.057 0.338 0.000 0.744 0.302 0.000 2.187 0.497 0.568 3.337 0.000 0.463 2.418 0.000 2.453 1.325 0.780 0.000 0.000 1.669 
0 test2fip_consistent 1.637 3.988 0.000 0.000 0.000 0.000 0.186 0.000 0.000 0.000 1.443 0.055 0.000 0.974 0.080 0.000 2.843 1.245 0.045 0.000 0.605 2.009 0.000 0.000 0.000 0.000 0.069 0.000 0.008 0.927 1.299 0.000 0.111 0.029 0.000 0.000 0.135 0.828 2.939 0.000 
1 test2fip_inconsistent 1.637 3.988 0.000 0.000 0.000 0.000 0.186 0.000 0.000 0.000 1.443 0.055 0.000 0.974 0.080 0.000 2.843 1.245 0.045 0.000 2.106 2.633 0.000 0.000 0.000 0.000 0.508 0.000 0.000 0.369 3.007 0.000 0.564 1.973 0.000 0.000 2.029 3.448 2.304 0.000 
0 test2fip_consistent 0.000 1.871 0.000 1.437 0.000 2.960 0.054 0.000 0.000 0.106 0.000 0.071 0.951 2.898 0.000 0.000 0.000 0.248 2.242 1.361 0.000 0.078 0.000 1.698 1.510 0.212 0.038 0.000 0.000 1.030 0.000 0.000 1.382 0.000 0.000 0.000 0.000 1.337 0.502 2.434 
1 test2fip_inconsistent 0.000 1.871 0.000 1.437 0.000 2.960 0.054 0.000 0.000 0.106 0.000 0.071 0.951 2.898 0.000 0.000 0.000 0.248 2.242 1.361 0.000 1.359 0.000 1.665 1.529 2.782 0.000 0.000 1.385 0.667 0.000 0.000 1.130 2.560 0.000 0.000 0.000 0.945 2.556 2.912 
0 test2fip_consistent 0.000 0.000 0.354 1.856 0.036 0.265 0.000 0.000 3.480 0.000 0.040 1.367 0.000 0.000 0.252 4.085 0.000 0.000 0.441 0.650 0.000 0.000 0.116 1.361 1.026 0.919 0.000 2.579 1.182 0.000 0.000 0.599 0.964 0.000 0.760 0.000 1.082 0.000 0.249 0.021 
1 test2fip_inconsistent 0.000 0.000 0.354 1.856 0.036 0.265 0.000 0.000 3.480 0.000 0.040 1.367 0.000 0.000 0.252 4.085 0.000 0.000 0.441 0.650 0.000 0.000 0.033 0.388 0.281 0.987 0.000 1.628 4.482 0.000 0.000 1.887 0.266 0.000 0.650 1.983 0.742 0.938 2.621 0.000 
0 test2fip_consistent 4.423 2.415 2.034 0.000 0.522 0.000 0.762 0.000 0.000 0.000 0.533 0.000 0.143 0.000 0.000 0.000 0.000 0.000 1.247 0.332 0.084 2.162 0.469 1.861 0.413 0.163 0.208 0.000 0.000 0.009 0.000 0.000 2.795 0.000 0.090 0.000 0.000 0.019 0.000 0.050 
1 test2fip_inconsistent 4.423 2.415 2.034 0.000 0.522 0.000 0.762 0.000 0.000 0.000 0.533 0.000 0.143 0.000 0.000 0.000 0.000 0.000 1.247 0.332 2.776 3.202 3.502 2.139 0.631 0.000 1.675 0.000 0.000 0.000 0.000 0.000 1.577 0.000 0.036 0.000 0.000 0.064 0.000 0.253 
0 test2fip_consistent 0.463 0.000 2.424 0.000 0.000 0.000 0.064 3.473 0.000 0.367 0.000 1.842 1.225 1.804 1.042 0.491 0.000 0.000 1.700 0.000 1.109 0.266 1.384 0.000 1.124 0.000 0.605 0.082 0.000 0.000 0.000 0.205 1.210 0.434 0.131 0.000 0.000 0.000 1.518 1.584 
1 test2fip_inconsistent 0.463 0.000 2.424 0.000 0.000 0.000 0.064 3.473 0.000 0.367 0.000 1.842 1.225 1.804 1.042 0.491 0.000 0.000 1.700 0.000 0.618 0.299 1.920 0.000 0.646 0.000 0.591 4.830 0.000 0.000 0.000 1.538 0.254 0.155 1.227 0.000 0.000 0.000 0.710 0.105 
0 test2fip_consistent 0.000 0.000 1.384 0.000 0.000 1.017 0.580 0.000 0.681 0.000 0.000 1.848 0.308 2.688 0.307 0.055 0.209 1.722 0.705 4.066 1.088 0.000 0.000 0.000 0.000 0.000 0.580 0.904 0.125 2.138 0.099 0.108 0.379 0.032 0.080 0.000 0.000 0.107 2.167 1.688 
1 test2fip_inconsistent 0.000 0.000 1.384 0.000 0.000 1.017 0.580 0.000 0.681 0.000 0.000 1.848 0.308 2.688 0.307 0.055 0.209 1.722 0.705 4.066 0.453 0.000 0.349 0.000 0.000 0.521 0.427 0.357 1.545 1.896 0.000 0.997 0.000 2.732 0.265 0.000 0.000 1.324 2.386 3.891 
