0 test2fip_consistent 4.086 1.620 0.050 0.000 0.000 2.341 0.000 0.111 0.013 0.395 1.387 0.000 0.297 0.909 0.000 0.090 0.000 0.000 2.121 0.000 1.347 0.349 0.000 0.000 0.018 0.693 0.267 1.405 0.090 1.681 0.176 0.000 1.621 0.044 0.000 1.982 0.000 0.042 0.639 0.000 
1 test2fip_inconsistent 4.086 1.620 0.050 0.000 0.000 2.341 0.000 0.111 0.013 0.395 1.387 0.000 0.297 0.909 0.000 0.090 0.000 0.000 2.121 0.000 3.219 1.502 0.000 0.000 2.807 2.955 0.000 1.149 0.000 0.449 0.334 0.000 2.185 0.566 0.000 1.510 0.000 0.078 1.240 0.000 
0 test2fip_consistent 0.000 0.147 2.155 0.000 0.112 1.546 0.433 0.000 0.000 0.000 0.000 0.000 3.252 0.641 0.199 1.212 2.539 0.269 0.280 1.163 1.017 0.199 0.770 0.105 0.900 0.154 0.000 1.108 0.991 0.000 1.007 0.000 0.393 0.878 0.252 0.000 1.147 0.530 0.594 1.419 
1 test2fip_inconsistent 0.000 0.147 2.155 0.000 0.112 1.546 0.433 0.000 0.000 0.000 0.000 0.000 3.252 0.641 0.199 1.212 2.539 0.269 0.280 1.163 0.605 0.000 2.263 0.000 0.607 0.982 1.084 0.443 0.375 0.000 0.915 0.222 2.619 0.845 0.000 1.178 3.183 0.453 0.959 1.354 
0 test2fip_consistent 0.639 1.307 0.000 0.000 1.511 0.000 1.619 0.033 0.000 0.000 1.735 0.400 0.884 3.045 0.000 0.000 0.000 2.580 1.566 0.000 1.382 0.098 0.000 0.000 0.056 1.676 0.540 0.000 0.278 0.000 2.412 0.947 0.000 0.199 1.006 0.000 0.000 0.628 0.120 0.000 
1 test2fip_inconsistent 0.639 1.307 0.000 0.000 1.511 0.000 1.619 0.033 0.000 0.000 1.735 0.400 0.884 3.045 0.000 0.000 0.000 2.580 1.566 0.000 2.001 1.113 0.089 0.000 1.481 1.413 1.124 0.000 1.146 0.459 3.715 0.479 0.478 1.670 0.202 0.000 0.000 2.471 1.430 0.000 
0 test2fip_consistent 0.000 0.811 0.764 0.000 0.000 4.150 0.000 0.000 0.516 0.111 0.155 0.000 0.000 0.201 0.000 3.577 0.559 0.000 0.000 0.000 0.000 0.108 0.776 0.000 0.090 0.804 0.000 2.788 0.213 1.004 1.278 0.000 1.510 0.438 0.000 0.195 0.000 0.000 0.255 0.000 
1 test2fip_inconsistent 0.000 0.811 0.764 0.000 0.000 4.150 0.000 0.000 0.516 0.111 0.155 0.000 0.000 0.201 0.000 3.577 0.559 0.000 0.000 0.000 0.000 0.778 2.052 0.000 0.000 4.182 0.043 2.614 0.872 0.701 0.917 0.000 0.735 0.810 0.000 1.229 0.000 0.000 0.059 0.000 
0 test2fip_consistent 1.750 0.000 0.000 0.906 0.075 0.000 0.081 2.528 0.000 0.000 0.000 0.000 0.143 1.073 0.000 4.932 0.000 0.000 0.000 0.000 0.349 0.000 0.005 0.421 0.007 1.206 0.850 0.421 0.869 0.000 0.000 0.000 0.257 0.604 0.000 1.004 3.092 0.000 0.303 0.000 
1 test2fip_inconsistent 1.750 0.000 0.000 0.906 0.075 0.000 0.081 2.528 0.000 0.000 0.000 0.000 0.143 1.073 0.000 4.932 0.000 0.000 0.000 0.000 2.373 0.000 0.000 0.978 0.000 0.995 0.689 3.137 0.634 0.000 0.000 0.000 0.336 1.959 0.000 3.111 2.568 0.000 0.000 0.000 
0 test2fip_consistent 0.676 0.000 0.000 0.070 0.000 1.205 0.000 0.421 0.238 2.927 1.486 2.355 0.625 0.006 3.966 0.000 0.108 0.000 0.000 0.496 0.281 1.662 0.000 1.601 0.091 0.600 0.000 0.523 0.000 0.879 1.519 1.556 0.164 0.000 0.136 1.172 0.090 0.000 0.000 0.000 
1 test2fip_inconsistent 0.676 0.000 0.000 0.070 0.000 1.205 0.000 0.421 0.238 2.927 1.486 2.355 0.625 0.006 3.966 0.000 0.108 0.000 0.000 0.496 0.535 1.454 0.000 1.230 0.000 0.927 0.000 0.203 0.000 2.616 3.173 3.009 1.042 0.000 2.832 0.732 1.049 0.000 0.000 0.000 
0 test2fip_consistent 2.422 0.000 3.419 0.882 0.639 0.000 0.000 2.261 0.000 0.000 0.019 0.495 0.000 0.000 1.338 0.282 0.000 0.000 1.079 0.000 0.231 0.000 1.802 0.000 0.569 0.000 0.000 0.196 0.246 0.000 0.065 0.241 0.061 0.000 0.027 1.584 0.000 0.196 2.529 0.328 
1 test2fip_inconsistent 2.422 0.000 3.419 0.882 0.639 0.000 0.000 2.261 0.000 0.000 0.019 0.495 0.000 0.000 1.338 0.282 0.000 0.000 1.079 0.000 2.001 0.000 3.660 1.831 0.308 0.000 0.000 1.370 0.000 1.987 0.000 0.000 0.557 0.000 0.933 1.050 0.000 0.468 3.236 0.220 
0 test2fip_consistent 0.000 0.221 0.203 0.074 0.163 0.852 1.569 0.000 0.624 0.181 0.091 2.856 0.000 0.030 2.583 0.375 0.000 1.769 0.177 2.563 0.000 0.000 0.003 1.231 2.024 0.418 1.842 0.000 0.216 0.711 1.845 0.251 0.000 0.000 0.302 0.790 0.000 0.204 0.309 0.000 
1 test2fip_inconsistent 0.000 0.221 0.203 0.074 0.163 0.852 1.569 0.000 0.624 0.181 0.091 2.856 0.000 0.030 2.583 0.375 0.000 1.769 0.177 2.563 0.000 0.000 0.000 0.719 1.955 0.000 3.575 0.000 1.486 0.887 0.781 2.640 0.000 0.000 2.305 1.611 0.000 1.062 0.000 0.517 
0 test2fip_consistent 0.000 0.539 1.811 0.000 1.380 0.068 0.462 0.000 2.020 0.373 0.000 0.000 0.095 1.962 1.510 0.000 0.598 3.098 0.468 0.000 0.000 1.054 0.000 0.000 0.000 0.000 0.000 0.012 0.527 0.000 0.000 0.013 0.000 2.306 0.336 0.000 0.000 0.000 3.294 1.458 
1 test2fip_inconsistent 0.000 0.539 1.811 0.000 1.380 0.068 0.462 0.000 2.020 0.373 0.000 0.000 0.095 1.962 1.510 0.000 0.598 3.098 0.468 0.000 0.000 1.253 0.000 0.000 1.816 0.000 0.000 0.000 2.150 0.000 0.000 0.000 0.000 2.944 1.742 0.000 0.725 2.838 3.095 2.020 
0 test2fip_consistent 0.545 0.545 2.883 0.224 1.211 0.720 0.019 3.889 0.000 0.948 0.000 0.281 0.091 0.000 1.649 0.001 0.715 0.000 1.609 0.000 0.103 0.911 0.217 0.000 0.632 2.224 0.000 0.000 0.753 0.000 0.000 0.000 0.032 0.000 0.527 0.815 0.934 0.000 2.341 0.113 
1 test2fip_inconsistent 0.545 0.545 2.883 0.224 1.211 0.720 0.019 3.889 0.000 0.948 0.000 0.281 0.091 0.000 1.649 0.001 0.715 0.000 1.609 0.000 1.017 0.371 2.086 0.000 0.612 2.491 0.101 3.438 1.107 0.277 0.013 0.748 0.135 0.000 0.666 0.610 0.318 0.000 3.695 0.000 
0 test2fip_consistent 3.174 0.000 0.480 0.000 1.197 0.000 1.244 0.785 0.000 0.511 0.000 3.292 1.112 0.000 0.000 0.000 0.379 0.000 0.000 2.346 0.016 0.000 0.287 0.131 0.798 0.000 0.753 0.000 0.000 0.342 0.000 0.000 1.481 0.000 1.646 0.740 3.114 0.000 0.000 0.000 
1 test2fip_inconsistent 3.174 0.000 0.480 0.000 1.197 0.000 1.244 0.785 0.000 0.511 0.000 3.292 1.112 0.000 0.000 0.000 0.379 0.000 0.000 2.346 1.313 0.000 0.658 0.052 1.900 0.000 0.805 0.000 0.000 1.402 0.000 2.579 1.665 0.000 1.500 0.996 3.323 0.000 0.000 1.256 
0 test2fip_consistent 0.000 0.000 1.453 0.000 0.429 0.000 0.000 1.165 1.795 0.000 0.074 0.000 0.000 1.822 4.821 0.002 0.000 0.000 0.000 0.000 0.093 1.201 1.040 0.000 0.000 0.534 0.747 0.261 0.886 0.000 2.056 0.099 0.122 1.011 0.607 0.607 0.065 0.739 0.000 0.913 
1 test2fip_inconsistent 0.000 0.000 1.453 0.000 0.429 0.000 0.000 1.165 1.795 0.000 0.074 0.000 0.000 1.822 4.821 0.002 0.000 0.000 0.000 0.000 0.000 1.038 2.041 0.000 0.298 0.191 0.410 1.729 0.778 0.000 1.478 0.000 0.217 2.591 3.679 0.202 0.000 0.598 0.000 0.416 
0 test2fip_consistent 0.169 1.297 1.096 0.163 0.000 0.024 0.484 2.747 0.995 0.000 0.000 0.000 0.408 0.000 0.000 0.000 0.000 4.715 0.000 0.000 0.000 0.422 0.062 2.809 0.000 1.155 1.686 0.969 0.000 0.049 0.304 0.000 0.000 1.453 0.000 0.000 0.000 0.825 0.000 0.029 
1 test2fip_inconsistent 0.169 1.297 1.096 0.163 0.000 0.024 0.484 2.747 0.995 0.000 0.000 0.000 0.408 0.000 0.000 0.000 0.000 4.715 0.000 0.000 0.000 1.016 0.000 2.217 0.000 0.633 1.113 3.443 0.334 0.000 0.000 0.000 0.000 1.653 0.000 0.000 0.000 4.284 0.000 0.000 
0 test2fip_consistent 0.000 0.031 0.886 0.000 1.775 0.300 2.747 0.842 0.047 0.000 2.851 1.201 0.344 0.000 0.000 0.000 0.251 2.437 0.000 2.899 0.792 0.031 0.245 1.233 0.024 0.000 1.003 0.786 0.872 0.082 1.172 0.852 1.580 0.000 0.000 1.922 0.367 0.082 0.953 0.685 
1 test2fip_inconsistent 0.000 0.031 0.886 0.000 1.775 0.300 2.747 0.842 0.047 0.000 2.851 1.201 0.344 0.000 0.000 0.000 0.251 2.437 0.000 2.899 0.219 0.000 1.608 0.990 0.320 0.000 2.106 1.978 0.484 0.964 2.280 1.874 0.868 0.000 0.000 1.417 0.981 1.558 0.123 2.283 
0 test2fip_consistent 0.000 0.000 2.160 0.234 2.727 0.646 1.478 0.694 0.303 0.000 1.320 0.835 2.377 0.000 1.094 0.000 2.071 0.000 0.000 0.847 1.250 0.000 0.163 2.291 0.637 0.877 1.658 0.840 1.034 0.000 0.042 0.780 0.023 0.000 0.153 0.000 0.019 0.000 0.000 0.876 
1 test2fip_inconsistent 0.000 0.000 2.160 0.234 2.727 0.646 1.478 0.694 0.303 0.000 1.320 0.835 2.377 0.000 1.094 0.000 2.071 0.000 0.000 0.847 0.553 0.000 1.261 1.731 1.839 1.787 2.928 0.592 1.894 0.000 1.131 1.670 1.392 0.000 0.686 0.000 2.239 0.000 0.000 0.996 
0 test2fip_consistent 0.000 0.000 0.000 0.038 3.306 0.000 1.787 1.009 1.634 0.406 0.402 3.796 0.000 0.125 0.000 0.000 0.000 0.000 0.596 0.000 0.912 0.098 0.000 0.000 0.071 0.000 0.742 1.407 1.415 2.385 0.892 0.174 0.000 0.000 0.000 0.000 0.072 1.496 1.296 0.000 
1 test2fip_inconsistent 0.000 0.000 0.000 0.038 3.306 0.000 1.787 1.009 1.634 0.406 0.402 3.796 0.000 0.125 0.000 0.000 0.000 0.000 0.596 0.000 0.680 0.000 0.000 0.000 2.892 0.000 0.687 2.831 2.760 2.662 1.215 2.210 0.000 0.000 0.000 0.000 0.605 1.046 0.431 0.000 
0 test2fip_consistent 1.913 2.348 0.000 0.633 0.000 0.000 0.000 0.000 0.698 0.000 0.564 0.000 1.815 0.000 1.465 2.262 0.433 0.000 1.526 1.688 1.327 0.173 0.039 0.459 0.000 0.000 0.000 0.000 1.424 0.000 1.392 0.000 0.038 1.318 0.751 0.897 0.005 0.000 0.718 1.802 
1 test2fip_inconsistent 1.913 2.348 0.000 0.633 0.000 0.000 0.000 0.000 0.698 0.000 0.564 0.000 1.815 0.000 1.465 2.262 0.433 0.000 1.526 1.688 1.570 1.826 0.000 1.245 0.000 0.000 0.000 0.000 1.494 0.000 1.540 0.000 2.097 0.980 1.805 2.327 0.387 0.000 2.254 2.763 
0 test2fip_consistent 0.000 0.000 0.235 0.000 0.000 0.305 2.603 0.000 2.247 1.973 0.854 0.000 2.071 0.000 0.000 2.946 0.303 0.000 0.458 0.079 0.000 2.012 0.000 0.000 0.000 0.000 0.046 0.000 0.000 0.000 0.314 0.000 0.074 0.681 0.555 0.517 0.063 0.000 3.361 0.236 
1 test2fip_inconsistent 0.000 0.000 0.235 0.000 0.000 0.305 2.603 0.000 2.247 1.973 0.854 0.000 2.071 0.000 0.000 2.946 0.303 0.000 0.458 0.079 0.000 2.114 0.000 0.000 0.000 0.040 0.724 0.000 0.127 2.362 0.790 0.000 0.767 0.297 0.456 3.860 0.172 0.000 2.903 0.000 
0 test2fip_consistent 0.000 0.000 0.341 1.501 0.052 0.104 0.000 0.000 3.714 0.000 0.000 0.000 1.150 1.020 1.155 0.181 1.891 0.558 0.000 2.279 0.000 2.631 0.062 0.577 1.062 0.192 0.000 0.000 0.671 0.000 0.000 0.000 0.000 1.459 0.135 0.000 0.020 1.137 0.000 1.529 
1 test2fip_inconsistent 0.000 0.000 0.341 1.501 0.052 0.104 0.000 0.000 3.714 0.000 0.000 0.000 1.150 1.020 1.155 0.181 1.891 0.558 0.000 2.279 0.000 2.268 0.000 1.098 0.491 0.000 0.000 0.000 3.442 0.000 0.000 0.000 1.665 2.380 0.147 0.000 2.984 1.519 0.000 2.218 
0 test2fip_consistent 0.593 0.000 3.581 0.000 0.318 0.000 0.111 1.622 1.794 0.535 0.000 0.000 1.924 0.000 3.095 0.000 0.000 0.596 1.628 0.570 0.621 0.002 1.112 0.479 0.223 0.000 0.000 0.000 0.000 0.484 0.973 0.000 0.000 0.000 0.000 0.000 0.000 2.143 0.902 2.482 
1 test2fip_inconsistent 0.593 0.000 3.581 0.000 0.318 0.000 0.111 1.622 1.794 0.535 0.000 0.000 1.924 0.000 3.095 0.000 0.000 0.596 1.628 0.570 1.333 0.000 3.272 0.409 0.000 0.000 0.000 0.225 1.242 1.054 0.148 0.000 1.493 0.000 2.504 0.000 0.000 1.554 0.562 2.727 
0 test2fip_consistent 0.487 1.736 0.662 0.283 0.000 0.401 0.000 2.046 0.000 0.095 0.000 0.000 3.905 0.662 0.000 2.347 0.833 0.000 0.000 0.609 0.362 0.000 1.569 0.042 0.000 0.000 0.000 1.176 0.000 0.578 0.000 0.000 0.106 0.622 1.664 2.230 0.000 1.199 1.312 0.966 
1 test2fip_inconsistent 0.487 1.736 0.662 0.283 0.000 0.401 0.000 2.046 0.000 0.095 0.000 0.000 3.905 0.662 0.000 2.347 0.833 0.000 0.000 0.609 0.930 0.000 0.892 0.860 0.000 0.508 0.000 1.738 0.000 0.264 0.000 0.000 3.551 1.506 1.619 3.118 0.626 0.941 0.821 1.819 
0 test2fip_consistent 0.000 1.696 0.232 0.000 0.000 0.000 2.890 0.000 0.000 0.255 0.000 0.136 0.000 2.180 1.429 2.337 0.000 2.842 0.000 0.026 0.007 0.000 1.466 1.533 0.259 0.693 0.000 0.000 0.000 0.110 0.697 0.343 0.000 0.000 0.000 2.381 0.617 0.000 1.386 0.930 
1 test2fip_inconsistent 0.000 1.696 0.232 0.000 0.000 0.000 2.890 0.000 0.000 0.255 0.000 0.136 0.000 2.180 1.429 2.337 0.000 2.842 0.000 0.026 0.194 2.362 1.137 1.294 0.000 0.333 0.839 0.000 0.000 1.330 0.228 0.376 0.000 1.583 0.000 4.207 0.000 0.753 0.756 0.530 
0 test2fip_consistent 0.000 1.539 0.000 1.256 2.438 0.000 0.000 0.166 0.000 0.000 0.740 0.000 2.441 0.000 0.000 1.342 1.023 0.000 0.565 2.944 0.273 0.000 0.000 0.062 0.457 0.000 0.000 0.000 0.880 0.207 0.000 0.871 1.784 2.410 0.000 1.389 0.734 0.000 1.261 0.134 
1 test2fip_inconsistent 0.000 1.539 0.000 1.256 2.438 0.000 0.000 0.166 0.000 0.000 0.740 0.000 2.441 0.000 0.000 1.342 1.023 0.000 0.565 2.944 0.190 0.174 0.000 0.000 1.692 0.000 0.000 0.000 0.477 0.057 0.000 0.131 2.829 1.879 0.000 1.055 2.503 0.000 0.858 3.731 
0 test2fip_consistent 0.000 0.000 1.037 1.686 0.358 1.313 2.208 0.000 0.947 0.000 1.315 0.000 0.000 0.000 2.779 1.495 0.000 1.283 0.431 0.000 0.000 0.000 0.106 0.636 1.706 0.499 1.418 0.263 0.000 0.489 0.127 0.000 0.000 1.371 0.452 0.642 0.246 1.505 1.567 0.000 
1 test2fip_inconsistent 0.000 0.000 1.037 1.686 0.358 1.313 2.208 0.000 0.947 0.000 1.315 0.000 0.000 0.000 2.779 1.495 0.000 1.283 0.431 0.000 0.000 0.000 2.003 2.180 1.346 0.735 3.298 0.195 0.637 0.364 1.382 0.000 0.000 1.187 2.580 2.284 0.000 1.000 1.368 0.000 
0 test2fip_consistent 1.800 2.475 1.085 0.000 0.092 0.000 0.000 0.000 2.094 1.269 0.000 0.000 0.000 0.000 4.210 0.179 0.000 0.000 0.000 0.000 0.000 0.182 0.661 0.039 0.052 0.000 0.792 0.000 0.000 0.000 0.000 0.000 0.000 0.264 1.461 1.528 2.048 0.000 1.890 2.044 
1 test2fip_inconsistent 1.800 2.475 1.085 0.000 0.092 0.000 0.000 0.000 2.094 1.269 0.000 0.000 0.000 0.000 4.210 0.179 0.000 0.000 0.000 0.000 1.526 0.291 0.423 0.000 0.000 0.000 0.499 0.000 2.397 0.294 0.000 0.000 0.000 0.029 4.024 0.666 1.038 0.000 2.213 1.895 
0 test2fip_consistent 2.047 0.028 2.653 0.431 1.903 1.261 0.000 0.000 0.000 0.453 0.907 0.000 0.744 1.323 0.000 0.000 0.900 0.000 0.095 2.996 0.622 0.000 0.000 3.204 0.874 0.000 0.000 0.365 0.000 0.000 0.018 0.000 0.147 0.000 1.863 0.000 0.000 0.000 0.968 1.410 
1 test2fip_inconsistent 2.047 0.028 2.653 0.431 1.903 1.261 0.000 0.000 0.000 0.453 0.907 0.000 0.744 1.323 0.000 0.000 0.900 0.000 0.095 2.996 1.914 0.000 2.494 2.826 2.431 0.830 0.000 0.169 0.641 0.000 0.586 0.000 0.821 1.331 0.823 0.000 0.000 0.000 1.024 2.683 
0 test2fip_consistent 0.190 0.000 0.025 0.000 1.256 2.394 3.410 0.024 0.062 0.938 0.000 0.442 0.000 0.000 2.839 1.980 0.000 0.513 0.000 0.000 0.439 0.559 0.121 1.669 0.684 0.584 0.592 1.224 0.000 0.613 0.000 0.316 0.000 0.000 0.246 0.777 0.383 2.595 0.000 0.000 
1 test2fip_inconsistent 0.190 0.000 0.025 0.000 1.256 2.394 3.410 0.024 0.062 0.938 0.000 0.442 0.000 0.000 2.839 1.980 0.000 0.513 0.000 0.000 0.540 0.974 0.000 1.399 0.917 2.470 3.126 0.494 0.000 0.000 0.000 0.123 0.027 0.000 2.000 1.907 0.288 2.987 0.000 1.116 
0 test2fip_consistent 0.000 0.905 2.635 1.401 0.314 0.000 0.516 0.472 0.873 1.556 0.546 0.231 0.476 1.905 0.006 0.000 1.325 2.002 1.190 1.311 0.000 0.266 0.000 1.283 0.148 1.247 1.189 0.083 2.263 0.015 0.043 0.041 0.000 0.130 0.000 0.000 0.806 1.373 0.744 0.067 
1 test2fip_inconsistent 0.000 0.905 2.635 1.401 0.314 0.000 0.516 0.472 0.873 1.556 0.546 0.231 0.476 1.905 0.006 0.000 1.325 2.002 1.190 1.311 0.000 0.749 1.915 2.115 0.023 0.981 1.335 0.664 2.775 1.575 0.993 0.000 0.551 1.247 0.000 0.000 1.030 3.305 1.240 1.038 
0 test2fip_consistent 0.000 1.751 2.761 3.277 0.000 3.617 0.000 0.000 0.534 0.000 0.000 0.381 0.000 0.000 0.000 0.000 0.444 0.946 0.535 0.000 0.000 0.749 1.535 1.097 0.028 0.105 0.349 0.976 0.769 0.000 0.000 0.360 0.429 0.000 0.000 0.818 0.000 0.185 2.212 2.534 
1 test2fip_inconsistent 0.000 1.751 2.761 3.277 0.000 3.617 0.000 0.000 0.534 0.000 0.000 0.381 0.000 0.000 0.000 0.000 0.444 0.946 0.535 0.000 0.000 0.981 2.381 3.935 0.000 2.620 0.000 0.918 1.258 0.000 0.000 0.418 0.103 0.000 0.000 0.654 0.065 0.795 2.302 1.604 
0 test2fip_consistent 1.239 0.412 0.524 0.000 1.186 0.000 0.000 0.000 3.548 0.000 0.486 3.099 1.256 1.659 1.045 0.000 0.635 0.275 0.682 0.170 0.235 0.402 0.000 0.000 0.000 0.040 1.308 0.049 1.491 0.822 1.513 0.000 0.000 0.199 0.054 0.000 1.179 2.621 0.268 0.000 
1 test2fip_inconsistent 1.239 0.412 0.524 0.000 1.186 0.000 0.000 0.000 3.548 0.000 0.486 3.099 1.256 1.659 1.045 0.000 0.635 0.275 0.682 0.170 1.490 0.684 0.376 0.000 0.000 0.478 0.361 0.118 4.284 0.402 1.595 2.429 0.773 0.681 0.771 0.000 0.582 2.207 1.044 0.000 
0 test2fip_consistent 2.421 0.000 0.716 0.000 0.000 0.211 2.722 0.000 2.360 0.000 0.000 0.000 0.000 0.000 0.000 0.000 0.585 0.000 0.000 3.038 0.000 0.000 0.726 0.000 0.364 0.000 0.244 0.542 1.468 0.000 1.923 0.000 0.000 1.008 0.000 0.000 2.455 0.223 0.000 0.000 
1 test2fip_inconsistent 2.421 0.000 0.716 0.000 0.000 0.211 2.722 0.000 2.360 0.000 0.000 0.000 0.000 0.000 0.000 0.000 0.585 0.000 0.000 3.038 1.930 0.000 0.778 0.000 0.000 0.000 0.896 1.903 1.449 0.000 3.256 0.000 0.000 0.716 0.000 0.000 3.211 0.120 0.000 2.659 
0 test2fip_consistent 0.000 0.000 0.000 0.000 3.242 2.808 0.248 0.157 0.000 0.513 0.285 0.000 0.210 2.198 0.000 0.856 2.928 0.000 0.000 0.000 0.000 0.000 0.289 0.472 0.630 0.143 1.027 0.153 0.000 0.086 2.958 0.021 0.250 0.412 0.000 1.214 1.261 0.000 0.303 0.000 
1 test2fip_inconsistent 0.000 0.000 0.000 0.000 3.242 2.808 0.248 0.157 0.000 0.513 0.285 0.000 0.210 2.198 0.000 0.856 2.928 0.000 0.000 0.000 0.000 0.000 0.043 0.245 2.465 3.035 1.717 1.380 0.000 0.550 3.059 0.000 0.000 1.428 0.000 0.954 2.831 0.000 0.104 0.000 
0 test2fip_consistent 0.000 0.000 0.000 0.319 4.553 1.374 0.000 2.299 0.000 1.253 0.000 0.000 0.000 0.000 0.295 1.178 0.000 0.000 0.400 0.000 0.000 0.000 0.479 0.646 2.764 0.044 2.044 0.242 0.000 0.172 0.000 0.000 0.119 0.000 0.000 1.609 0.000 0.000 0.197 0.000 
1 test2fip_inconsistent 0.000 0.000 0.000 0.319 4.553 1.374 0.000 2.299 0.000 1.253 0.000 0.000 0.000 0.000 0.295 1.178 0.000 0.000 0.400 0.000 0.000 0.000 0.000 0.083 4.706 2.360 1.462 2.477 0.000 0.202 0.013 0.000 1.680 0.000 0.000 0.799 0.000 0.000 0.172 0.000 
0 test2fip_consistent 0.121 0.000 0.000 1.098 0.000 0.238 1.397 2.352 0.559 0.681 0.000 1.573 1.949 0.431 0.016 1.978 2.254 0.000 0.606 2.001 1.548 0.148 0.000 0.752 0.066 0.063 0.408 1.652 2.141 0.000 0.000 0.000 0.572 0.000 0.000 0.284 0.223 0.069 1.280 0.714 
1 test2fip_inconsistent 0.121 0.000 0.000 1.098 0.000 0.238 1.397 2.352 0.559 0.681 0.000 1.573 1.949 0.431 0.016 1.978 2.254 0.000 0.606 2.001 1.036 0.000 0.000 0.894 0.000 0.000 2.068 3.488 1.663 0.199 0.000 0.080 2.177 0.000 0.000 1.766 1.962 0.000 1.712 1.411 
0 test2fip_consistent 0.000 0.000 1.823 0.014 2.980 0.000 0.000 0.000 3.111 0.000 0.427 0.267 0.000 1.625 0.000 0.000 1.350 0.906 0.000 1.237 0.000 0.000 1.126 0.000 0.143 0.000 0.198 0.180 1.234 0.000 0.342 0.354 3.606 0.020 0.000 0.000 0.318 0.000 0.027 0.000 
1 test2fip_inconsistent 0.000 0.000 1.823 0.014 2.980 0.000 0.000 0.000 3.111 0.000 0.427 0.267 0.000 1.625 0.000 0.000 1.350 0.906 0.000 1.237 0.000 0.000 3.246 0.000 1.961 0.000 0.000 0.975 2.896 0.008 1.235 0.208 2.685 1.300 0.000 0.000 1.759 0.417 0.000 0.133 
0 test2fip_consistent 0.613 1.019 0.693 0.000 1.853 0.382 0.000 0.554 0.820 0.127 0.000 1.709 0.000 1.692 1.263 0.568 0.453 0.000 2.005 1.646 0.422 0.054 0.216 0.000 0.700 0.276 0.000 0.031 0.005 2.111 0.071 2.418 0.000 1.249 0.000 0.111 0.262 0.000 0.137 0.070 
1 test2fip_inconsistent 0.613 1.019 0.693 0.000 1.853 0.382 0.000 0.554 0.820 0.127 0.000 1.709 0.000 1.692 1.263 0.568 0.453 0.000 2.005 1.646 1.492 1.058 0.643 0.000 2.210 0.228 0.000 0.000 0.562 2.024 0.000 3.673 0.000 2.353 0.561 0.874 0.001 0.000 1.675 1.461 
0 test2fip_consistent 0.000 0.000 1.078 0.000 0.000 0.427 0.454 0.000 1.933 1.528 2.086 0.160 0.350 2.014 1.736 0.000 0.000 2.023 1.421 1.554 0.000 0.000 0.000 0.752 0.000 0.044 3.134 0.000 1.758 1.643 0.447 0.285 0.000 0.000 0.072 0.313 0.000 0.000 0.000 0.145 
1 test2fip_inconsistent 0.000 0.000 1.078 0.000 0.000 0.427 0.454 0.000 1.933 1.528 2.086 0.160 0.350 2.014 1.736 0.000 0.000 2.023 1.421 1.554 0.000 0.000 0.678 0.821 0.000 0.000 2.627 0.000 3.060 2.555 1.836 0.111 0.000 1.554 1.630 0.311 0.000 1.459 1.095 1.086 
0 test2fip_consistent 0.812 0.000 0.000 0.000 0.000 0.000 1.826 0.000 1.526 0.600 0.196 0.087 0.000 0.098 0.508 0.000 0.000 3.844 0.339 2.900 0.593 1.754 0.000 0.353 0.000 0.000 0.000 0.000 0.509 1.293 0.000 1.482 1.780 1.018 0.324 0.000 0.677 0.000 1.181 0.334 
1 test2fip_inconsistent 0.812 0.000 0.000 0.000 0.000 0.000 1.826 0.000 1.526 0.600 0.196 0.087 0.000 0.098 0.508 0.000 0.000 3.844 0.339 2.900 2.081 1.053 2.398 0.852 0.000 0.000 1.293 0.000 2.007 0.751 0.000 0.885 1.601 0.700 0.896 0.000 0.377 1.148 1.929 1.938 
0 test2fip_consistent 2.365 0.000 0.000 0.000 3.735 0.000 2.589 2.076 0.000 0.000 0.000 0.000 0.538 0.000 0.000 0.000 0.011 0.000 1.933 0.262 0.000 0.000 1.845 0.000 0.597 0.239 1.257 0.047 3.328 0.081 0.000 0.000 0.342 0.000 0.747 0.000 0.000 0.002 0.602 0.058 
1 test2fip_inconsistent 2.365 0.000 0.000 0.000 3.735 0.000 2.589 2.076 0.000 0.000 0.000 0.000 0.538 0.000 0.000 0.000 0.011 0.000 1.933 0.262 0.268 0.000 1.452 0.000 3.412 0.000 2.686 1.638 2.269 0.000 0.000 0.000 0.700 0.000 0.706 0.000 0.467 0.000 2.533 0.000 
0 test2fip_consistent 0.000 0.000 2.512 0.000 1.610 0.000 3.250 0.005 0.801 0.000 0.000 2.934 0.076 0.000 0.481 0.000 0.000 0.000 0.000 2.645 0.000 1.677 0.071 1.316 0.175 1.865 0.262 0.366 0.678 1.143 0.000 1.048 0.851 0.000 0.000 0.331 0.000 0.000 0.794 0.643 
1 test2fip_inconsistent 0.000 0.000 2.512 0.000 1.610 0.000 3.250 0.005 0.801 0.000 0.000 2.934 0.076 0.000 0.481 0.000 0.000 0.000 0.000 2.645 0.000 0.967 1.707 0.998 1.769 1.686 1.379 0.302 0.379 0.820 0.000 3.318 0.502 0.000 0.000 0.014 0.000 0.076 0.176 2.727 
0 test2fip_consistent 0.000 0.856 0.432 0.108 0.000 0.000 0.000 0.323 0.600 0.000 0.492 0.212 2.219 0.000 0.000 1.243 0.000 0.000 5.127 0.592 0.286 0.000 0.918 1.949 0.000 0.000 0.142 0.000 0.000 0.000 0.158 2.100 0.797 2.379 0.000 0.717 0.000 1.219 0.000 0.000 
1 test2fip_inconsistent 0.000 0.856 0.432 0.108 0.000 0.000 0.000 0.323 0.600 0.000 0.492 0.212 2.219 0.000 0.000 1.243 0.000 0.000 5.127 0.592 0.000 0.138 0.799 3.088 0.000 0.000 0.204 0.000 0.000 0.000 1.089 1.701 1.246 2.111 0.000 1.534 0.000 1.309 4.080 0.000 
0 test2fip_consistent 0.418 0.033 0.274 0.000 0.000 0.309 2.777 0.000 0.000 2.802 0.927 0.000 0.000 1.386 0.000 2.056 1.671 1.534 0.000 1.791 0.260 0.000 0.972 0.300 0.000 0.327 0.000 1.913 0.000 1.609 0.693 0.000 0.000 0.000 0.000 0.000 1.409 1.388 0.000 0.794 
1 test2fip_inconsistent 0.418 0.033 0.274 0.000 0.000 0.309 2.777 0.000 0.000 2.802 0.927 0.000 0.000 1.386 0.000 2.056 1.671 1.534 0.000 1.791 0.526 0.000 0.614 0.000 0.000 0.300 2.742 1.431 0.000 2.948 0.551 0.000 0.000 0.630 0.000 1.428 1.866 2.063 0.000 2.225 
0 test2fip_consistent 0.191 0.000 0.000 0.000 0.336 1.427 0.871 0.110 0.000 0.000 0.000 4.877 1.818 0.000 0.000 1.976 0.008 0.043 0.000 0.000 0.246 0.035 2.161 0.000 1.265 0.000 0.299 2.202 0.000 0.000 0.000 0.000 1.366 0.000 0.531 0.000 0.402 0.310 0.000 0.384 
1 test2fip_inconsistent 0.191 0.000 0.000 0.000 0.336 1.427 0.871 0.110 0.000 0.000 0.000 4.877 1.818 0.000 0.000 1.976 0.008 0.043 0.000 0.000 1.433 0.000 1.656 0.000 0.615 0.000 1.972 2.005 0.000 0.000 0.000 2.940 3.063 0.000 0.000 0.444 0.000 1.519 0.000 0.000 
0 test2fip_consistent 0.000 0.000 2.153 1.377 0.096 2.315 0.000 0.252 1.177 2.053 1.242 0.000 0.221 0.372 0.000 1.566 1.843 1.702 0.000 0.350 0.909 0.000 0.528 0.022 0.046 0.000 0.353 2.280 0.000 0.431 0.000 0.000 1.909 1.229 0.000 0.345 0.000 0.914 0.000 0.000 
1 test2fip_inconsistent 0.000 0.000 2.153 1.377 0.096 2.315 0.000 0.252 1.177 2.053 1.242 0.000 0.221 0.372 0.000 1.566 1.843 1.702 0.000 0.350 0.796 0.000 2.600 0.986 0.000 1.521 0.155 2.016 0.161 2.511 0.310 0.000 1.925 1.387 0.000 2.250 0.962 2.034 0.000 0.000 
0 test2fip_consistent 2.018 0.000 1.610 0.000 0.000 0.000 1.859 0.000 0.622 0.000 0.000 0.699 0.035 0.000 4.271 0.002 0.363 0.036 0.000 0.000 0.000 0.000 1.520 0.000 0.257 0.000 0.213 0.000 0.000 1.303 0.000 0.000 0.000 0.000 2.350 0.684 2.157 0.000 0.839 0.000 
1 test2fip_inconsistent 2.018 0.000 1.610 0.000 0.000 0.000 1.859 0.000 0.622 0.000 0.000 0.699 0.035 0.000 4.271 0.002 0.363 0.036 0.000 0.000 1.274 0.000 3.617 0.000 0.000 0.000 1.955 0.000 1.119 1.067 0.000 0.520 0.000 0.000 3.817 0.397 1.956 0.029 0.609 0.000 
0 test2fip_consistent 1.832 0.000 0.000 0.000 0.000 0.000 0.000 0.000 5.061 1.952 0.000 0.000 3.223 0.176 0.000 0.000 0.000 0.000 0.000 0.006 0.540 0.000 1.228 0.000 0.000 0.000 0.000 0.000 1.042 0.572 0.754 2.163 0.440 2.175 0.000 0.000 0.109 0.716 0.000 0.524 
1 test2fip_inconsistent 1.832 0.000 0.000 0.000 0.000 0.000 0.000 0.000 5.061 1.952 0.000 0.000 3.223 0.176 0.000 0.000 0.000 0.000 0.000 0.006 1.620 0.000 1.009 0.000 0.022 0.000 0.000 0.000 2.747 2.138 0.279 1.930 3.369 2.037 0.000 0.000 0.232 0.277 0.000 1.439 
0 test2fip_consistent 0.000 2.045 0.382 0.000 0.000 1.423 0.402 0.000 0.000 0.788 0.350 0.239 0.000 0.085 1.062 4.782 0.000 0.000 0.000 1.897 0.000 1.339 0.088 0.086 0.062 0.612 0.271 0.000 0.000 0.404 0.264 0.028 0.000 3.035 0.070 0.280 0.000 0.511 0.000 1.333 
1 test2fip_inconsistent 0.000 2.045 0.382 0.000 0.000 1.423 0.402 0.000 0.000 0.788 0.350 0.239 0.000 0.085 1.062 4.782 0.000 0.000 0.000 1.897 0.000 1.515 0.000 0.000 0.000 0.897 0.000 0.000 0.000 1.234 0.267 0.000 0.000 2.506 0.862 4.159 0.000 0.000 0.000 2.635 
0 test2fip_consistent 0.000 0.000 0.046 0.000 0.000 2.729 0.000 0.000 0.000 1.236 0.318 0.000 2.868 0.000 0.000 2.241 0.914 0.000 0.335 2.987 0.000 0.000 0.966 1.691 0.000 0.120 0.135 0.000 0.000 0.195 0.182 1.531 0.658 0.000 1.307 1.956 0.077 0.065 0.511 0.507 
1 test2fip_inconsistent 0.000 0.000 0.046 0.000 0.000 2.729 0.000 0.000 0.000 1.236 0.318 0.000 2.868 0.000 0.000 2.241 0.914 0.000 0.335 2.987 0.000 0.000 0.149 1.161 0.000 3.033 0.000 0.000 0.000 1.046 0.000 0.880 2.558 0.000 0.936 3.641 0.420 0.000 1.145 2.000 
0 test2fip_consistent 0.183 1.304 0.972 0.000 0.000 0.000 1.978 0.000 0.527 2.678 2.339 2.374 0.853 0.777 1.393 0.000 0.275 0.340 0.480 0.000 1.520 0.580 0.000 0.000 0.000 0.258 0.102 0.000 0.082 0.000 1.719 0.075 0.770 0.972 0.145 0.000 0.371 0.000 1.542 1.756 
1 test2fip_inconsistent 0.183 1.304 0.972 0.000 0.000 0.000 1.978 0.000 0.527 2.678 2.339 2.374 0.853 0.777 1.393 0.000 0.275 0.340 0.480 0.000 1.528 2.051 0.350 0.000 0.000 0.133 1.882 0.000 0.900 1.582 3.190 1.763 1.858 2.061 0.782 0.000 0.561 0.198 1.221 1.653 
0 test2fip_consistent 0.000 0.000 2.348 0.000 0.000 0.029 0.000 0.000 2.266 0.637 2.994 0.000 0.000 1.690 0.000 0.793 1.225 0.000 1.326 2.217 0.000 0.000 0.000 0.563 0.000 0.207 0.000 0.044 2.248 0.000 0.211 0.984 0.000 0.238 0.056 0.152 1.897 2.101 0.000 0.408 
1 test2fip_inconsistent 0.000 0.000 2.348 0.000 0.000 0.029 0.000 0.000 2.266 0.637 2.994 0.000 0.000 1.690 0.000 0.793 1.225 0.000 1.326 2.217 0.000 0.000 2.551 0.732 0.000 0.253 0.000 0.000 3.150 0.000 1.931 0.519 0.000 0.354 1.104 0.402 3.196 1.472 1.193 0.850 
0 test2fip_consistent 0.000 0.000 0.000 0.000 0.487 0.000 0.314 2.108 0.512 0.062 0.000 0.000 0.000 1.070 2.095 0.870 0.000 4.016 0.000 0.000 0.000 0.455 1.138 0.255 0.207 0.640 1.837 0.182 0.965 0.155 0.944 0.244 1.459 0.000 0.897 0.525 0.000 1.146 1.661 0.000 
1 test2fip_inconsistent 0.000 0.000 0.000 0.000 0.487 0.000 0.314 2.108 0.512 0.062 0.000 0.000 0.000 1.070 2.095 0.870 0.000 4.016 0.000 0.000 0.000 0.286 0.637 0.945 0.863 0.180 1.232 1.216 1.177 0.020 0.457 0.000 1.409 0.000 3.060 2.212 0.000 3.889 0.934 0.000 
0 test2fip_consistent 1.168 4.534 0.570 1.821 0.279 0.000 0.000 0.000 1.501 1.774 0.000 0.000 0.000 0.000 0.000 0.000 0.000 0.000 0.000 0.000 1.925 0.073 0.560 2.658 0.335 0.041 0.000 0.000 0.000 0.276 0.000 0.000 0.000 1.956 0.512 0.008 0.000 0.000 0.000 0.009 
1 test2fip_inconsistent 1.168 4.534 0.570 1.821 0.279 0.000 0.000 0.000 1.501 1.774 0.000 0.000 0.000 0.000 0.000 0.000 0.000 0.000 0.000 0.000 2.285 3.625 1.883 2.654 0.147 0.000 0.000 0.000 0.000 1.813 0.000 0.000 0.000 1.776 0.520 0.000 0.000 0.000 0.000 0.000 
0 test2fip_consistent 0.000 0.028 1.032 0.000 1.203 0.000 1.227 0.000 0.975 0.179 1.074 2.421 0.000 2.305 0.000 0.000 1.585 2.460 0.000 0.357 0.566 0.384 0.397 0.000 0.000 0.000 0.000 0.000 0.119 1.018 0.017 1.574 0.000 0.035 1.075 0.000 2.969 0.941 0.000 0.194 
1 test2fip_inconsistent 0.000 0.028 1.032 0.000 1.203 0.000 1.227 0.000 0.975 0.179 1.074 2.421 0.000 2.305 0.000 0.000 1.585 2.460 0.000 0.357 0.114 0.251 2.057 0.000 0.579 0.000 1.029 0.000 0.000 0.562 1.555 3.386 0.000 1.703 0.916 0.000 3.022 2.432 0.000 0.000 
0 test2fip_consistent 0.410 0.000 0.000 0.169 0.503 0.000 1.351 0.572 0.000 0.000 0.347 1.343 3.249 0.000 0.092 1.497 0.645 3.073 0.450 0.000 0.083 0.445 0.412 2.015 0.000 0.000 0.000 0.000 0.000 2.062 0.000 1.865 1.408 0.043 0.037 0.023 0.095 0.000 0.000 0.000 
1 test2fip_inconsistent 0.410 0.000 0.000 0.169 0.503 0.000 1.351 0.572 0.000 0.000 0.347 1.343 3.249 0.000 0.092 1.497 0.645 3.073 0.450 0.000 0.000 0.000 0.000 0.781 1.148 0.000 0.122 0.997 0.000 2.501 0.000 2.511 3.347 0.000 0.000 1.064 0.647 2.592 0.000 0.000 
0 test2fip_consistent 0.000 0.000 0.666 0.000 0.011 0.446 0.000 1.402 0.000 0.000 0.000 0.000 0.000 0.000 4.015 0.000 0.000 0.107 3.946 0.000 0.000 1.993 0.364 0.000 1.150 1.230 1.496 1.585 0.000 0.000 0.245 0.000 0.828 0.000 1.282 0.268 0.140 0.238 0.238 0.000 
1 test2fip_inconsistent 0.000 0.000 0.666 0.000 0.011 0.446 0.000 1.402 0.000 0.000 0.000 0.000 0.000 0.000 4.015 0.000 0.000 0.107 3.946 0.000 0.000 1.468 0.243 0.000 1.768 0.863 1.280 1.193 0.000 0.000 0.204 0.000 0.220 0.000 4.828 0.210 0.080 0.202 2.644 0.000 
0 test2fip_consistent 1.010 0.461 1.813 0.000 0.000 0.000 0.000 0.091 2.976 0.358 0.988 1.320 0.717 2.377 0.823 0.000 0.002 0.354 0.000 2.271 1.900 0.332 1.411 0.443 0.089 0.000 0.000 1.978 0.265 0.460 0.175 0.110 0.423 0.420 1.680 0.000 0.193 0.175 0.000 1.088 
1 test2fip_inconsistent 1.010 0.461 1.813 0.000 0.000 0.000 0.000 0.091 2.976 0.358 0.988 1.320 0.717 2.377 0.823 0.000 0.002 0.354 0.000 2.271 2.251 0.093 2.591 0.000 0.000 0.013 0.000 1.399 3.669 0.027 0.885 0.000 0.000 0.295 1.583 0.000 0.921 0.505 0.000 1.980 
0 test2fip_consistent 2.156 0.000 2.076 0.000 1.343 0.000 0.661 0.319 0.000 1.603 1.898 3.478 0.000 0.000 0.000 0.544 2.140 0.000 0.126 0.000 0.869 0.000 0.034 0.000 0.461 1.342 0.001 1.082 0.441 0.000 0.148 1.674 1.346 1.986 0.000 0.504 0.002 0.000 0.000 0.482 
1 test2fip_inconsistent 2.156 0.000 2.076 0.000 1.343 0.000 0.661 0.319 0.000 1.603 1.898 3.478 0.000 0.000 0.000 0.544 2.140 0.000 0.126 0.000 3.083 0.000 1.614 0.000 1.380 0.321 1.946 0.238 0.000 0.100 1.631 3.151 0.983 1.408 0.000 0.017 1.082 0.000 0.000 1.086 
0 test2fip_consistent 0.000 0.000 1.779 0.000 2.741 0.000 3.074 4.058 0.151 0.000 0.000 0.000 0.000 0.067 0.000 0.372 0.050 0.517 0.000 0.000 0.000 0.000 1.743 0.000 1.089 0.264 0.386 0.196 0.000 0.027 0.000 0.000 0.000 2.546 0.000 0.077 0.410 0.836 0.775 0.000 
1 test2fip_inconsistent 0.000 0.000 1.779 0.000 2.741 0.000 3.074 4.058 0.151 0.000 0.000 0.000 0.000 0.067 0.000 0.372 0.050 0.517 0.000 0.000 0.000 0.000 2.372 0.000 3.396 0.687 1.704 2.540 0.057 0.000 0.000 0.000 0.000 2.414 0.000 0.346 0.251 2.130 0.624 0.000 
0 test2fip_consistent 3.895 0.188 0.000 0.000 1.817 2.465 0.000 0.000 0.000 0.000 0.000 0.000 0.000 0.016 0.000 0.000 0.640 0.321 0.000 1.027 0.122 0.005 0.000 0.000 0.118 2.051 0.025 0.875 0.000 0.346 0.000 0.000 0.039 0.399 0.000 0.985 2.430 0.165 0.000 0.000 
1 test2fip_inconsistent 3.895 0.188 0.000 0.000 1.817 2.465 0.000 0.000 0.000 0.000 0.000 0.000 0.000 0.016 0.000 0.000 0.640 0.321 0.000 1.027 2.885 0.899 0.000 0.000 1.016 4.247 0.000 1.427 0.000 0.000 0.000 0.000 0.000 0.256 0.000 0.788 2.003 0.679 0.000 0.642 
0 test2fip_consistent 0.000 0.000 0.438 0.692 0.000 0.755 0.181 0.000 0.000 3.114 0.416 2.579 2.053 0.000 0.069 0.000 2.126 0.000 1.823 0.000 0.094 0.777 0.714 2.456 0.000 0.336 1.558 1.037 0.000 0.240 0.112 1.205 0.017 0.027 1.236 0.000 0.000 0.000 0.767 0.000 
1 test2fip_inconsistent 0.000 0.000 0.438 0.692 0.000 0.755 0.181 0.000 0.000 3.114 0.416 2.579 2.053 0.000 0.069 0.000 2.126 0.000 1.823 0.000 0.162 0.311 0.771 2.322 0.000 0.000 0.376 0.065 0.000 3.526 0.024 2.719 0.319 0.000 0.718 0.000 0.000 0.000 2.326 0.000 
0 test2fip_consistent 0.000 1.450 0.000 2.628 0.000 0.000 1.829 1.084 0.000 0.212 0.000 0.000 0.000 0.431 0.199 0.000 0.000 0.000 1.946 3.373 1.018 1.432 0.138 0.402 0.000 0.000 1.023 0.281 0.000 0.578 0.000 0.000 0.000 2.373 0.793 0.294 0.000 1.563 0.000 0.000 
1 test2fip_inconsistent 0.000 1.450 0.000 2.628 0.000 0.000 1.829 1.084 0.000 0.212 0.000 0.000 0.000 0.431 0.199 0.000 0.000 0.000 1.946 3.373 0.720 0.874 0.292 2.468 0.000 0.000 3.314 0.007 0.000 0.475 0.000 0.000 0.000 1.935 0.792 1.197 0.000 2.015 1.869 1.939 
0 test2fip_consistent 1.776 0.607 0.000 2.501 0.000 0.351 2.852 0.367 0.000 0.000 0.000 0.819 0.333 1.755 0.000 0.000 1.455 2.297 0.000 1.551 0.000 2.314 0.279 0.000 0.000 1.455 0.938 0.000 0.000 0.528 1.077 1.118 0.000 0.452 0.000 1.139 0.099 0.031 0.538 0.029 
1 test2fip_inconsistent 1.776 0.607 0.000 2.501 0.000 0.351 2.852 0.367 0.000 0.000 0.000 0.819 0.333 1.755 0.000 0.000 1.455 2.297 0.000 1.551 3.502 2.531 0.000 0.000 0.000 0.721 2.345 0.000 0.000 0.263 0.778 0.926 0.006 1.303 0.000 0.885 0.288 1.574 0.000 0.835 
0 test2fip_consistent 0.000 0.000 0.000 0.118 1.385 0.000 0.104 0.000 0.000 0.015 0.000 0.000 0.000 1.000 0.028 0.218 0.000 0.904 5.079 1.821 0.000 0.000 0.807 2.329 0.000 0.000 0.368 0.000 0.000 2.548 0.008 0.000 0.000 1.750 0.004 0.622 0.000 0.577 1.411 0.000 
1 test2fip_inconsistent 0.000 0.000 0.000 0.118 1.385 0.000 0.104 0.000 0.000 0.015 0.000 0.000 0.000 1.000 0.028 0.218 0.000 0.904 5.079 1.821 0.000 0.000 0.500 1.985 0.202 0.000 0.082 0.000 0.000 2.299 0.000 0.000 0.000 0.338 0.435 0.261 0.000 2.970 4.629 0.039 
0 test2fip_consistent 0.000 0.000 0.000 0.591 0.000 0.000 0.364 3.317 0.000 0.000 0.000 0.000 0.000 0.000 0.000 0.000 0.000 2.312 3.700 0.000 0.000 0.000 0.000 0.375 0.000 0.000 2.936 0.000 0.000 1.982 0.000 0.000 0.000 0.000 0.000 0.322 0.000 0.834 2.102 0.000 
1 test2fip_inconsistent 0.000 0.000 0.000 0.591 0.000 0.000 0.364 3.317 0.000 0.000 0.000 0.000 0.000 0.000 0.000 0.000 0.000 2.312 3.700 0.000 0.000 0.000 0.000 0.000 0.000 0.000 2.254 2.745 0.009 1.792 0.000 0.000 0.004 0.000 0.000 0.768 0.000 2.685 4.159 0.000 
0 test2fip_consistent 0.433 0.000 0.000 0.000 2.338 0.000 0.000 0.000 0.000 0.048 1.008 0.813 2.950 0.577 1.105 0.000 2.374 0.000 2.063 1.945 0.843 0.000 1.901 1.337 0.291 0.000 0.087 0.000 0.000 0.378 0.019 1.249 0.548 0.443 0.473 0.000 0.000 0.203 0.901 2.130 
1 test2fip_inconsistent 0.433 0.000 0.000 0.000 2.338 0.000 0.000 0.000 0.000 0.048 1.008 0.813 2.950 0.577 1.105 0.000 2.374 0.000 2.063 1.945 1.039 0.000 1.514 1.082 2.184 0.000 0.158 0.000 0.000 0.000 0.224 0.635 1.544 2.391 1.059 0.000 1.795 0.000 1.525 2.942 
0 test2fip_consistent 1.116 1.350 0.100 2.760 0.000 0.539 0.000 0.000 1.101 1.910 0.000 0.163 0.000 0.537 2.221 1.001 0.000 1.005 2.904 0.922 0.143 0.000 1.590 0.671 0.000 1.984 1.849 0.325 0.780 0.167 0.000 1.065 0.000 0.013 0.158 0.000 0.000 0.224 0.680 0.992 
1 test2fip_inconsistent 1.116 1.350 0.100 2.760 0.000 0.539 0.000 0.000 1.101 1.910 0.000 0.163 0.000 0.537 2.221 1.001 0.000 1.005 2.904 0.922 1.378 0.000 0.889 3.014 0.000 1.323 1.374 0.000 1.641 0.543 0.000 2.397 0.000 0.624 0.222 0.491 0.000 0.452 3.182 1.451 
0 test2fip_consistent 1.099 0.000 0.000 0.915 0.000 0.522 0.174 0.000 1.823 0.141 0.000 0.882 0.060 0.000 2.687 2.026 0.229 2.889 0.069 1.385 0.097 0.000 0.433 0.000 0.000 0.257 0.813 1.961 0.666 2.161 0.000 0.025 0.605 0.027 0.944 1.528 0.320 0.204 0.445 0.167 
1 test2fip_inconsistent 1.099 0.000 0.000 0.915 0.000 0.522 0.174 0.000 1.823 0.141 0.000 0.882 0.060 0.000 2.687 2.026 0.229 2.889 0.069 1.385 0.465 0.000 0.972 0.000 0.000 1.011 1.185 1.344 1.597 1.819 0.000 0.000 0.446 1.543 3.712 2.140 0.361 1.542 0.673 1.218 
0 test2fip_consistent 0.000 1.104 0.589 0.489 0.000 0.353 2.107 0.000 2.319 1.287 0.655 0.189 0.000 2.577 2.795 0.710 0.587 0.218 1.390 0.000 0.000 0.700 2.423 0.000 0.000 0.040 1.338 0.000 0.063 0.988 0.000 1.477 0.000 0.923 0.000 0.754 0.591 1.328 0.087 0.000 
1 test2fip_inconsistent 0.000 1.104 0.589 0.489 0.000 0.353 2.107 0.000 2.319 1.287 0.655 0.189 0.000 2.577 2.795 0.710 0.587 0.218 1.390 0.000 0.000 1.472 1.459 0.599 0.000 0.995 3.807 0.000 1.194 2.000 0.000 0.654 0.000 2.657 2.071 0.123 0.386 0.966 0.489 0.000 
0 test2fip_consistent 0.000 2.301 0.000 0.000 0.485 1.567 0.000 0.000 0.886 0.000 0.000 0.000 1.666 0.187 0.631 0.000 3.102 2.390 0.808 0.422 0.313 0.052 1.188 0.000 0.097 0.372 0.000 0.731 0.247 0.000 0.000 2.149 0.791 0.000 0.449 0.762 0.664 0.482 1.605 1.412 
1 test2fip_inconsistent 0.000 2.301 0.000 0.000 0.485 1.567 0.000 0.000 0.886 0.000 0.000 0.000 1.666 0.187 0.631 0.000 3.102 2.390 0.808 0.422 0.000 1.589 0.393 0.000 0.361 0.260 0.000 0.529 0.752 0.000 0.000 1.767 2.328 0.000 0.073 0.185 3.915 1.905 1.077 0.922 
0 test2fip_consistent 0.395 2.273 3.495 0.000 0.000 0.000 0.860 0.000 0.000 2.103 0.000 0.000 2.485 0.402 0.000 0.000 0.749 1.583 0.000 0.008 0.108 0.549 0.983 0.000 0.004 0.000 0.288 3.106 0.017 0.367 0.000 0.000 0.537 0.000 0.000 0.000 0.000 0.000 0.271 1.407 
1 test2fip_inconsistent 0.395 2.273 3.495 0.000 0.000 0.000 0.860 0.000 0.000 2.103 0.000 0.000 2.485 0.402 0.000 0.000 0.749 1.583 0.000 0.008 0.000 1.494 3.926 0.000 0.000 0.000 1.437 2.707 0.000 1.793 0.000 0.000 1.605 0.000 0.000 0.000 0.000 0.128 0.247 0.436 
0 test2fip_consistent 0.011 0.000 0.000 2.300 2.676 0.000 1.476 0.000 0.000 0.175 0.597 2.715 0.000 0.000 0.205 0.000 2.540 1.316 0.282 0.000 0.000 0.000 0.000 0.374 0.268 0.028 1.749 1.659 0.000 1.147 0.004 2.000 0.000 0.000 2.193 0.000 0.120 0.588 0.000 0.007 
1 test2fip_inconsistent 0.011 0.000 0.000 2.300 2.676 0.000 1.476 0.000 0.000 0.175 0.597 2.715 0.000 0.000 0.205 0.000 2.540 1.316 0.282 0.000 0.000 0.000 0.000 2.475 2.412 0.004 1.331 1.125 0.000 0.658 0.834 4.514 0.000 0.000 1.590 0.000 1.920 0.505 0.589 0.000 
0 test2fip_consistent 0.303 0.000 0.000 0.000 2.719 0.000 0.000 1.355 0.711 2.432 0.000 0.707 0.000 0.000 3.898 0.000 0.000 0.018 0.000 0.000 0.927 0.924 0.000 2.147 0.091 0.410 0.000 0.416 0.000 0.109 0.000 2.273 1.151 0.000 1.316 0.000 0.047 0.008 0.000 0.316 
1 test2fip_inconsistent 0.303 0.000 0.000 0.000 2.719 0.000 0.000 1.355 0.711 2.432 0.000 0.707 0.000 0.000 3.898 0.000 0.000 0.018 0.000 0.000 0.670 0.696 0.000 2.273 2.780 0.000 0.000 1.553 0.000 0.000 0.000 2.112 0.772 0.000 4.305 0.000 0.000 0.039 0.000 0.144 
0 test2fip_consistent 0.000 1.235 2.302 0.000 0.756 1.913 0.515 3.062 0.997 0.000 0.000 0.000 1.440 1.098 0.000 2.206 0.000 0.000 0.000 0.000 0.000 0.000 0.375 0.913 2.965 0.384 0.096 1.455 0.532 0.633 0.279 0.972 0.094 0.018 0.000 0.000 0.038 0.027 0.014 0.000 
1 test2fip_inconsistent 0.000 1.235 2.302 0.000 0.756 1.913 0.515 3.062 0.997 0.000 0.000 0.000 1.440 1.098 0.000 2.206 0.000 0.000 0.000 0.000 0.000 0.000 2.377 0.606 2.528 1.612 1.164 3.222 0.903 0.044 0.849 2.397 0.630 0.200 0.000 1.898 0.277 0.000 0.000 0.000 
0 test2fip_consistent 0.559 0.000 0.521 0.000 0.000 2.867 0.000 0.000 1.427 2.109 0.000 0.000 0.000 0.000 0.000 0.000 0.000 4.016 0.973 0.000 0.896 0.235 0.000 0.000 0.000 0.000 0.000 1.268 1.569 0.496 0.000 1.540 1.800 0.000 0.000 0.000 0.000 0.852 2.629 0.000 
1 test2fip_inconsistent 0.559 0.000 0.521 0.000 0.000 2.867 0.000 0.000 1.427 2.109 0.000 0.000 0.000 0.000 0.000 0.000 0.000 4.016 0.973 0.000 0.057 0.000 0.000 0.000 0.000 2.218 0.000 0.961 0.722 2.744 0.000 0.339 0.695 0.000 0.000 0.000 0.000 0.926 4.754 0.000 
0 test2fip_consistent 3.890 2.479 0.000 0.000 1.720 0.000 0.000 0.000 0.000 0.000 1.584 0.000 0.000 0.000 0.000 2.418 0.000 0.838 0.886 0.288 0.000 2.194 0.000 0.000 2.723 0.000 0.000 1.127 1.206 0.000 0.602 0.953 0.000 0.000 0.000 0.960 0.000 0.000 0.055 0.000 
1 test2fip_inconsistent 3.890 2.479 0.000 0.000 1.720 0.000 0.000 0.000 0.000 0.000 1.584 0.000 0.000 0.000 0.000 2.418 0.000 0.838 0.886 0.288 2.917 3.494 0.000 0.000 3.897 0.000 0.000 0.506 0.306 0.002 1.620 0.392 0.000 0.000 0.000 1.858 0.000 0.130 0.549 0.000 
0 test2fip_consistent 0.000 0.000 0.394 0.000 0.000 2.193 0.000 0.000 2.370 2.744 0.000 0.000 0.000 3.012 1.566 0.000 0.000 0.000 0.064 0.000 1.062 0.000 0.467 0.000 0.000 0.000 0.000 0.083 1.970 0.864 1.844 0.000 0.000 0.051 0.281 0.000 0.000 0.017 1.993 0.000 
1 test2fip_inconsistent 0.000 0.000 0.394 0.000 0.000 2.193 0.000 0.000 2.370 2.744 0.000 0.000 0.000 3.012 1.566 0.000 0.000 0.000 0.064 0.000 0.647 0.000 0.216 1.449 0.000 0.727 0.000 0.000 3.399 3.191 0.621 0.005 0.000 2.321 1.512 0.000 0.000 0.000 1.645 0.000 
0 test2fip_consistent 0.000 0.000 0.142 2.150 1.637 0.000 0.000 0.000 1.261 0.303 0.000 1.571 0.000 1.018 3.235 2.350 1.530 0.000 0.000 0.000 0.000 0.039 0.063 1.917 0.000 0.095 0.000 0.000 0.102 0.797 1.391 0.000 0.000 0.501 0.430 0.349 0.000 0.000 2.329 0.000 
1 test2fip_inconsistent 0.000 0.000 0.142 2.150 1.637 0.000 0.000 0.000 1.261 0.303 0.000 1.571 0.000 1.018 3.235 2.350 1.530 0.000 0.000 0.000 0.000 0.000 0.000 2.674 1.596 0.073 0.000 0.000 0.222 0.447 1.751 0.813 0.000 1.444 2.681 3.202 0.137 0.000 2.571 0.000 
0 test2fip_consistent 0.537 0.378 0.000 0.000 0.000 0.246 1.397 2.200 1.392 2.640 0.859 1.390 1.505 0.000 0.000 1.250 0.923 0.335 0.054 0.712 0.756 0.000 0.000 0.000 0.000 1.831 0.942 0.039 0.975 0.000 0.000 0.000 1.068 0.000 0.000 0.649 1.539 1.492 0.000 1.149 
1 test2fip_inconsistent 0.537 0.378 0.000 0.000 0.000 0.246 1.397 2.200 1.392 2.640 0.859 1.390 1.505 0.000 0.000 1.250 0.923 0.335 0.054 0.712 1.724 0.000 0.000 0.000 0.000 1.146 0.927 1.678 2.167 2.258 0.414 1.759 1.655 0.000 0.000 0.986 2.659 1.210 0.000 1.707 
0 test2fip_consistent 0.000 0.412 0.000 0.000 1.044 0.519 1.719 0.000 0.000 0.107 0.000 0.000 0.000 0.000 2.338 3.518 0.962 0.901 2.172 0.000 0.000 0.000 0.123 0.364 0.414 0.246 0.506 0.000 0.000 0.846 1.860 0.000 0.000 0.813 0.447 0.645 2.096 2.236 0.357 0.000 
1 test2fip_inconsistent 0.000 0.412 0.000 0.000 1.044 0.519 1.719 0.000 0.000 0.107 0.000 0.000 0.000 0.000 2.338 3.518 0.962 0.901 2.172 0.000 0.000 0.961 0.304 0.288 0.000 0.000 0.899 0.054 0.000 0.625 0.771 0.000 0.000 0.000 1.423 4.427 1.652 2.130 2.711 0.000 
0 test2fip_consistent 1.091 0.471 0.000 3.829 2.039 0.000 0.000 0.000 0.322 0.000 0.000 0.000 1.816 2.554 1.282 0.000 1.431 0.000 0.000 0.235 0.073 0.364 0.000 1.540 0.000 0.000 1.363 0.000 0.000 1.232 0.000 0.071 0.209 1.123 0.000 0.000 0.395 2.889 0.254 0.543 
1 test2fip_inconsistent 1.091 0.471 0.000 3.829 2.039 0.000 0.000 0.000 0.322 0.000 0.000 0.000 1.816 2.554 1.282 0.000 1.431 0.000 0.000 0.235 0.000 1.488 0.000 3.868 2.170 0.000 1.314 0.000 0.000 1.006 0.000 0.000 1.310 2.053 0.002 0.000 1.589 2.131 0.000 1.271 
0 test2fip_consistent 0.000 0.760 2.106 0.000 0.891 1.353 0.000 0.000 2.502 2.132 0.540 1.621 2.622 0.000 0.076 1.370 0.474 0.000 0.000 0.000 0.000 0.194 0.726 0.000 0.000 0.000 1.238 0.572 0.010 2.856 0.223 0.000 0.723 0.906 0.007 0.145 0.091 0.821 0.102 0.000 
1 test2fip_inconsistent 0.000 0.760 2.106 0.000 0.891 1.353 0.000 0.000 2.502 2.132 0.540 1.621 2.622 0.000 0.076 1.370 0.474 0.000 0.000 0.000 0.000 1.146 1.056 0.000 0.000 0.000 0.486 0.175 2.592 4.296 0.000 1.827 1.556 0.057 0.000 1.634 0.000 0.000 0.000 0.000 
0 test2fip_consistent 0.000 0.634 1.227 2.161 0.000 0.000 0.000 0.000 0.000 2.787 1.102 0.000 0.000 0.000 2.463 0.000 2.674 0.000 0.363 0.000 0.043 2.245 0.023 0.995 0.018 1.708 0.692 0.905 0.002 1.725 0.069 0.225 0.668 0.000 0.523 0.000 0.225 0.250 0.078 0.000 
1 test2fip_inconsistent 0.000 0.634 1.227 2.161 0.000 0.000 0.000 0.000 0.000 2.787 1.102 0.000 0.000 0.000 2.463 0.000 2.674 0.000 0.363 0.000 0.000 1.578 2.317 2.778 0.000 1.351 0.605 0.699 0.000 3.634 0.084 0.005 0.109 0.000 1.548 0.000 1.865 0.000 0.724 0.000 
0 test2fip_consistent 0.065 0.000 0.000 0.000 0.000 0.000 0.430 0.144 3.863 1.547 0.000 0.000 0.000 4.456 0.000 1.754 0.000 0.000 0.000 0.000 0.000 0.000 0.056 0.000 1.327 2.488 0.181 1.371 0.801 0.040 0.000 0.000 0.091 0.385 0.423 1.902 0.000 0.000 0.740 0.000 
1 test2fip_inconsistent 0.065 0.000 0.000 0.000 0.000 0.000 0.430 0.144 3.863 1.547 0.000 0.000 0.000 4.456 0.000 1.754 0.000 0.000 0.000 0.000 0.000 0.005 0.000 0.000 1.076 2.378 1.886 0.973 2.260 1.263 0.000 0.000 0.138 3.416 0.341 1.727 0.000 0.000 1.152 0.000 
0 test2fip_consistent 1.703 1.473 0.864 0.013 2.921 0.292 0.000 1.009 0.201 3.144 0.000 0.000 0.000 0.737 0.866 0.000 0.040 0.000 0.277 0.000 3.082 0.407 0.087 0.000 0.084 1.082 0.598 1.119 0.714 0.226 0.000 0.000 0.000 1.091 0.238 0.000 1.108 0.000 0.000 0.000 
1 test2fip_inconsistent 1.703 1.473 0.864 0.013 2.921 0.292 0.000 1.009 0.201 3.144 0.000 0.000 0.000 0.737 0.866 0.000 0.040 0.000 0.277 0.000 3.238 2.005 1.669 0.000 1.127 0.954 0.661 0.744 0.772 3.110 0.000 0.000 0.000 2.142 1.016 0.000 1.126 0.000 0.000 0.000 
0 test2fip_consistent 2.088 1.048 0.053 0.000 2.473 2.081 0.172 0.000 0.000 0.634 0.000 1.529 2.454 0.000 0.000 0.000 0.000 0.246 2.302 0.330 0.000 0.030 1.925 0.000 1.512 1.862 1.671 0.000 0.000 1.323 0.000 0.471 0.452 0.000 0.000 0.000 0.100 0.000 0.152 0.000 
1 test2fip_inconsistent 2.088 1.048 0.053 0.000 2.473 2.081 0.172 0.000 0.000 0.634 0.000 1.529 2.454 0.000 0.000 0.000 0.000 0.246 2.302 0.330 1.644 0.504 1.708 0.000 3.061 3.546 1.438 0.000 0.000 0.836 0.000 2.001 2.649 0.000 0.000 0.016 0.353 0.200 1.073 0.000 
0 test2fip_consistent 1.748 0.435 2.598 0.000 2.024 0.000 0.000 0.000 0.000 0.000 1.214 0.175 2.326 0.000 1.470 0.000 1.700 0.192 0.869 0.112 1.262 0.553 0.000 0.193 0.000 1.058 0.000 1.140 0.000 0.000 0.000 0.000 0.538 0.178 1.378 0.000 1.360 2.027 0.280 0.000 
1 test2fip_inconsistent 1.748 0.435 2.598 0.000 2.024 0.000 0.000 0.000 0.000 0.000 1.214 0.175 2.326 0.000 1.470 0.000 1.700 0.192 0.869 0.112 1.218 0.361 2.807 0.000 0.802 0.492 0.000 0.454 0.000 0.000 0.099 0.000 3.132 0.000 2.114 0.000 2.570 1.441 1.134 0.000 
0 test2fip_consistent 0.000 0.000 0.214 0.000 1.769 0.000 0.000 0.000 0.000 2.511 0.451 0.000 2.520 1.302 0.000 0.000 0.000 3.027 1.209 0.601 0.000 0.000 0.000 1.493 1.978 0.198 0.000 1.179 0.000 0.409 0.000 0.046 0.000 1.060 0.196 0.000 0.000 0.523 2.525 0.339 
1 test2fip_inconsistent 0.000 0.000 0.214 0.000 1.769 0.000 0.000 0.000 0.000 2.511 0.451 0.000 2.520 1.302 0.000 0.000 0.000 3.027 1.209 0.601 0.000 0.000 0.349 0.958 2.773 0.000 0.000 0.000 0.000 1.898 0.000 0.086 2.355 0.495 0.000 0.000 0.000 2.846 2.684 0.740 
0 test2fip_consistent 0.634 0.000 0.141 2.645 1.864 0.263 0.306 0.000 1.692 0.124 0.664 0.000 0.829 0.628 0.000 0.000 0.000 0.242 1.761 3.254 0.286 0.081 0.000 2.618 0.091 0.025 0.000 0.000 0.000 0.393 1.543 0.000 0.326 1.687 0.000 1.279 0.000 0.000 0.677 0.000 
1 test2fip_inconsistent 0.634 0.000 0.141 2.645 1.864 0.263 0.306 0.000 1.692 0.124 0.664 0.000 0.829 0.628 0.000 0.000 0.000 0.242 1.761 3.254 0.745 0.010 0.000 4.452 1.889 0.115 0.379 0.000 0.629 0.000 0.909 0.000 0.579 1.080 0.000 0.627 0.000 0.000 1.671 2.729 
0 test2fip_consistent 0.022 0.646 0.000 0.172 0.240 3.963 0.000 1.428 1.144 1.456 1.599 2.396 0.000 0.000 0.000 0.454 0.000 0.423 0.538 0.663 0.000 0.515 1.498 0.007 0.021 0.239 1.606 0.703 0.761 1.047 2.357 0.143 0.348 0.000 0.040 0.080 0.000 0.775 0.130 0.249 
1 test2fip_inconsistent 0.022 0.646 0.000 0.172 0.240 3.963 0.000 1.428 1.144 1.456 1.599 2.396 0.000 0.000 0.000 0.454 0.000 0.423 0.538 0.663 0.000 0.273 0.919 0.417 0.000 3.237 1.501 1.004 1.449 1.909 3.032 2.032 1.317 0.000 0.000 0.144 0.000 1.095 0.758 0.064 
0 test2fip_consistent 0.000 0.000 0.000 0.000 0.000 0.226 0.557 0.000 2.084 2.038 0.774 0.000 0.000 0.575 2.538 1.159 0.000 0.199 3.464 1.018 0.000 0.000 0.000 2.072 0.000 1.442 2.526 0.449 0.576 0.225 0.314 0.000 1.004 0.286 0.000 0.000 0.230 0.784 0.266 0.306 
1 test2fip_inconsistent 0.000 0.000 0.000 0.000 0.000 0.226 0.557 0.000 2.084 2.038 0.774 0.000 0.000 0.575 2.538 1.159 0.000 0.199 3.464 1.018 0.000 0.000 0.000 1.483 0.074 2.700 3.001 0.746 2.426 1.692 0.728 0.000 0.801 1.596 1.708 0.000 0.007 0.972 2.367 1.130 
0 test2fip_consistent 0.000 0.000 0.049 0.000 0.000 0.000 0.000 0.000 3.343 0.000 3.957 0.000 0.000 0.000 1.745 0.028 0.514 0.000 0.298 1.797 0.004 0.000 0.000 1.000 0.020 0.070 0.520 0.000 1.018 0.000 0.666 0.000 0.099 0.098 1.888 1.670 0.789 2.842 0.000 0.000 
1 test2fip_inconsistent 0.000 0.000 0.049 0.000 0.000 0.000 0.000 0.000 3.343 0.000 3.957 0.000 0.000 0.000 1.745 0.028 0.514 0.000 0.298 1.797 0.000 0.000 0.708 0.000 0.000 0.070 0.424 0.000 3.762 0.000 3.553 0.029 0.164 0.000 2.622 1.551 0.749 1.618 0.000 0.214 
0 test2fip_consistent 0.000 0.000 1.846 2.337 0.000 3.019 0.000 0.326 0.000 0.000 1.419 1.941 0.223 1.534 0.000 0.000 0.903 0.000 2.440 0.681 0.000 0.609 0.510 0.000 2.168 0.000 1.191 0.000 0.000 0.568 0.000 2.273 0.000 0.543 0.000 0.000 0.007 0.000 1.232 1.215 
1 test2fip_inconsistent 0.000 0.000 1.846 2.337 0.000 3.019 0.000 0.326 0.000 0.000 1.419 1.941 0.223 1.534 0.000 0.000 0.903 0.000 2.440 0.681 0.000 0.320 3.001 2.145 1.189 0.925 0.826 0.000 0.000 0.011 0.576 3.995 0.000 0.851 0.000 0.000 0.173 0.000 0.650 0.817 
0 test2fip_consistent 0.000 0.859 0.135 0.014 0.000 0.000 0.000 0.000 2.808 2.032 0.000 0.000 0.976 0.000 0.000 0.000 3.147 0.039 2.270 0.000 1.129 0.373 2.023 0.192 0.000 1.411 0.026 0.000 0.127 2.194 0.000 0.030 1.028 0.436 0.002 0.000 0.091 0.348 0.933 0.000 
1 test2fip_inconsistent 0.000 0.859 0.135 0.014 0.000 0.000 0.000 0.000 2.808 2.032 0.000 0.000 0.976 0.000 0.000 0.000 3.147 0.039 2.270 0.000 0.457 0.140 1.539 0.074 0.000 0.515 0.000 0.000 1.951 3.381 0.000 0.000 2.122 0.044 0.000 0.000 2.647 0.000 2.471 0.000 
0 test2fip_consistent 0.000 0.000 0.147 0.237 0.000 0.000 1.197 3.574 0.821 2.603 0.347 0.000 0.000 1.336 0.000 1.264 1.221 1.012 0.000 0.000 0.000 0.000 0.000 1.056 0.412 0.615 1.404 0.079 0.298 1.263 1.804 0.000 0.000 0.884 0.000 0.081 1.500 0.693 0.000 0.365 
1 test2fip_inconsistent 0.000 0.000 0.147 0.237 0.000 0.000 1.197 3.574 0.821 2.603 0.347 0.000 0.000 1.336 0.000 1.264 1.221 1.012 0.000 0.000 0.000 0.000 0.519 0.522 0.316 0.551 1.685 2.690 0.694 3.425 1.743 0.000 0.000 2.363 0.000 1.021 0.847 1.092 0.000 0.000 
0 test2fip_consistent 2.695 0.998 0.000 0.000 0.000 0.000 2.455 0.676 0.000 0.538 2.816 0.000 0.000 1.443 0.594 0.000 0.000 1.232 0.861 1.191 0.107 0.170 0.000 0.000 3.091 0.000 0.491 0.430 0.000 0.142 1.710 0.000 0.000 0.408 0.000 1.134 0.000 0.631 0.022 0.444 
1 test2fip_inconsistent 2.695 0.998 0.000 0.000 0.000 0.000 2.455 0.676 0.000 0.538 2.816 0.000 0.000 1.443 0.594 0.000 0.000 1.232 0.861 1.191 1.296 0.611 0.000 0.000 1.920 0.000 2.288 1.009 0.000 0.000 3.635 0.000 0.000 2.080 0.000 0.999 0.000 2.452 0.308 1.456 
0 test2fip_consistent 0.000 1.907 0.000 0.060 0.157 0.000 1.022 2.871 0.000 0.000 0.000 0.000 0.000 0.341 1.221 0.000 0.000 0.000 0.000 4.377 0.000 1.326 0.000 1.666 2.021 0.097 0.133 0.533 1.053 0.000 0.000 1.421 0.469 1.497 0.789 0.027 1.301 0.207 0.000 0.009 
1 test2fip_inconsistent 0.000 1.907 0.000 0.060 0.157 0.000 1.022 2.871 0.000 0.000 0.000 0.000 0.000 0.341 1.221 0.000 0.000 0.000 0.000 4.377 0.000 2.829 0.000 1.191 2.420 0.000 0.283 3.062 0.785 0.000 0.000 0.930 1.004 1.721 0.345 0.000 0.281 0.535 0.000 2.634 
0 test2fip_consistent 2.744 3.328 0.000 1.845 0.000 1.251 0.073 0.785 0.000 0.000 0.418 0.000 1.707 0.339 1.221 0.000 0.000 0.056 0.000 0.000 0.100 1.558 0.000 0.038 0.000 0.947 0.621 1.862 0.000 0.000 0.143 0.627 0.338 0.877 0.000 0.894 0.000 1.874 0.000 0.000 
1 test2fip_inconsistent 2.744 3.328 0.000 1.845 0.000 1.251 0.073 0.785 0.000 0.000 0.418 0.000 1.707 0.339 1.221 0.000 0.000 0.056 0.000 0.000 1.848 3.173 0.000 1.703 0.000 2.143 0.155 2.992 0.000 0.000 1.291 0.591 1.220 0.917 1.139 0.580 0.000 1.486 0.000 0.000 
0 test2fip_consistent 0.000 1.564 0.042 0.736 0.974 0.000 1.208 0.000 0.000 0.060 1.813 0.000 0.000 0.346 0.187 0.000 1.157 1.042 0.000 4.411 0.316 3.274 0.873 0.000 0.216 0.338 0.000 0.000 0.082 0.782 0.316 0.000 0.000 0.295 0.683 0.920 0.496 0.169 0.000 0.210 
1 test2fip_inconsistent 0.000 1.564 0.042 0.736 0.974 0.000 1.208 0.000 0.000 0.060 1.813 0.000 0.000 0.346 0.187 0.000 1.157 1.042 0.000 4.411 0.242 4.051 0.769 0.000 2.007 0.000 0.000 1.120 0.000 0.688 1.363 0.000 0.000 0.608 1.043 0.356 1.381 0.486 0.000 3.334 
0 test2fip_consistent 0.000 0.237 0.000 0.000 1.238 1.953 0.000 0.000 0.000 0.238 0.000 0.800 3.438 1.908 1.719 0.000 2.497 0.362 0.000 0.000 0.000 0.222 0.458 0.000 0.019 0.028 0.000 0.071 0.115 2.107 0.140 1.155 1.351 0.662 0.841 0.000 0.119 1.163 0.344 1.820 
1 test2fip_inconsistent 0.000 0.237 0.000 0.000 1.238 1.953 0.000 0.000 0.000 0.238 0.000 0.800 3.438 1.908 1.719 0.000 2.497 0.362 0.000 0.000 0.000 0.691 0.494 0.000 1.007 1.473 0.000 0.000 0.000 1.037 0.000 2.483 3.830 1.747 1.797 0.000 1.294 0.737 1.029 1.052 
0 test2fip_consistent 4.518 0.012 0.000 0.000 0.000 0.000 0.013 0.515 0.000 0.368 0.000 0.000 1.205 0.000 3.714 0.481 0.621 0.000 0.086 0.000 0.857 2.749 0.000 0.764 0.164 0.000 0.000 1.763 0.000 0.408 0.000 0.000 0.045 0.000 1.832 0.520 0.083 0.000 1.630 0.075 
1 test2fip_inconsistent 4.518 0.012 0.000 0.000 0.000 0.000 0.013 0.515 0.000 0.368 0.000 0.000 1.205 0.000 3.714 0.481 0.621 0.000 0.086 0.000 5.132 2.185 0.000 0.175 0.160 0.000 0.000 0.818 0.000 0.384 0.000 0.000 0.000 0.000 1.644 1.294 0.057 0.000 1.502 0.000 
