0 test1dax_consistent 1.217 0.541 1.156 0.000 0.014 0.000 0.000 0.264 2.219 0.820 0.000 0.496 0.377 0.000 0.000 0.000 0.000 0.000 0.000 1.391 0.000 0.000 0.000 0.130 0.000 1.694 0.000 0.000 4.622 0.000 3.232 0.950 0.300 0.000 0.000 2.305 0.000 1.315 0.000 2.596 
1 test1dax_inconsistent 1.217 0.541 1.156 0.000 0.014 0.000 0.000 0.264 2.219 0.820 0.000 0.496 0.377 0.000 0.000 0.000 0.000 0.000 0.000 1.391 0.000 0.000 0.987 0.041 0.025 0.473 0.000 0.000 1.259 0.000 0.564 0.528 0.146 0.000 0.000 1.102 0.000 0.872 0.000 0.098 
0 test1dax_consistent 0.109 0.000 0.000 0.157 1.641 1.691 0.000 0.086 0.000 0.532 0.000 1.274 0.000 0.000 0.000 0.000 0.258 0.835 2.226 1.423 0.046 0.000 0.149 0.000 1.547 3.637 0.000 0.000 0.000 1.040 0.000 3.504 1.623 0.000 2.266 0.000 0.000 0.000 3.303 3.515 
1 test1dax_inconsistent 0.109 0.000 0.000 0.157 1.641 1.691 0.000 0.086 0.000 0.532 0.000 1.274 0.000 0.000 0.000 0.000 0.258 0.835 2.226 1.423 0.000 0.000 0.143 0.000 0.324 0.768 0.184 0.000 0.000 0.665 0.545 2.121 1.371 0.000 1.064 0.000 0.013 0.216 1.022 0.725 
0 test1dax_consistent 0.964 0.687 1.615 0.091 0.000 0.000 1.557 0.037 0.930 0.145 0.070 0.000 0.238 0.187 1.580 0.353 0.000 0.000 0.000 0.292 0.000 0.000 0.000 3.232 0.000 0.289 1.812 0.000 0.000 0.000 2.659 0.000 2.313 0.000 3.248 0.000 0.000 1.752 0.000 0.436 
1 test1dax_inconsistent 0.964 0.687 1.615 0.091 0.000 0.000 1.557 0.037 0.930 0.145 0.070 0.000 0.238 0.187 1.580 0.353 0.000 0.000 0.000 0.292 0.000 0.000 0.000 0.591 0.000 0.307 1.408 0.000 0.000 0.253 0.870 0.000 0.573 0.000 0.447 0.000 0.000 0.327 0.000 0.957 
0 test1dax_consistent 0.000 0.000 0.000 1.629 0.664 0.000 0.000 0.139 0.278 0.000 1.141 1.683 0.000 1.331 0.000 1.379 0.020 0.050 0.235 1.445 1.547 4.616 0.000 2.707 3.207 0.000 0.000 0.552 0.000 0.885 1.481 0.000 0.000 0.000 0.000 0.776 2.942 0.196 0.000 0.798 
1 test1dax_inconsistent 0.000 0.000 0.000 1.629 0.664 0.000 0.000 0.139 0.278 0.000 1.141 1.683 0.000 1.331 0.000 1.379 0.020 0.050 0.235 1.445 0.815 1.246 0.075 0.750 0.756 0.032 0.000 0.636 0.155 0.982 0.270 0.457 0.000 0.000 0.000 0.531 0.913 0.511 0.000 0.302 
0 test1dax_consistent 0.000 1.937 0.072 1.219 1.313 0.000 0.000 0.081 0.510 0.985 0.000 0.000 0.000 0.149 0.051 0.586 0.943 0.000 0.000 0.000 1.065 0.000 2.001 0.000 1.583 0.000 0.000 4.390 4.928 0.210 0.659 0.000 0.000 0.000 0.000 0.179 0.000 0.000 0.000 0.000 
1 test1dax_inconsistent 0.000 1.937 0.072 1.219 1.313 0.000 0.000 0.081 0.510 0.985 0.000 0.000 0.000 0.149 0.051 0.586 0.943 0.000 0.000 0.000 0.458 0.571 0.737 0.058 0.000 0.000 0.000 0.925 1.138 0.000 1.014 0.000 0.041 0.000 0.000 0.523 0.431 0.045 0.000 0.000 
0 test1dax_consistent 0.335 0.006 0.000 0.000 0.523 1.506 0.000 0.008 0.000 0.000 2.169 0.233 0.084 0.020 1.613 0.000 0.000 0.000 0.868 0.542 0.304 5.236 0.366 0.000 0.000 3.882 0.000 0.000 0.000 0.000 0.000 0.000 0.000 0.000 1.172 0.000 0.000 2.463 3.351 0.054 
1 test1dax_inconsistent 0.335 0.006 0.000 0.000 0.523 1.506 0.000 0.008 0.000 0.000 2.169 0.233 0.084 0.020 1.613 0.000 0.000 0.000 0.868 0.542 0.000 2.021 0.587 0.486 0.000 0.776 0.000 0.052 0.000 0.000 0.121 0.000 0.000 0.000 0.000 0.000 0.000 0.685 1.787 0.595 
0 test1dax_consistent 0.172 0.000 0.000 0.989 0.344 0.331 0.972 0.000 0.000 0.286 1.745 0.800 0.136 2.006 0.000 0.088 0.000 0.000 0.500 1.442 0.000 2.039 3.011 2.104 2.116 0.000 1.759 0.000 0.000 0.000 1.900 0.887 3.755 0.008 0.000 0.000 0.000 3.723 0.000 0.034 
1 test1dax_inconsistent 0.172 0.000 0.000 0.989 0.344 0.331 0.972 0.000 0.000 0.286 1.745 0.800 0.136 2.006 0.000 0.088 0.000 0.000 0.500 1.442 0.000 1.398 0.861 0.623 0.950 0.000 1.807 0.000 0.000 0.230 1.242 0.660 1.206 0.047 0.000 0.000 0.000 0.507 0.099 0.000 
0 test1dax_consistent 1.345 0.896 0.971 0.284 0.164 0.973 0.000 0.518 0.870 0.572 2.026 0.783 0.243 0.000 0.779 0.000 0.436 0.055 0.000 0.721 0.092 1.282 0.000 0.000 0.066 3.079 0.000 2.392 2.866 0.000 0.000 2.538 0.000 0.516 0.883 0.000 0.000 3.476 0.000 1.357 
1 test1dax_inconsistent 1.345 0.896 0.971 0.284 0.164 0.973 0.000 0.518 0.870 0.572 2.026 0.783 0.243 0.000 0.779 0.000 0.436 0.055 0.000 0.721 0.381 0.736 0.217 0.000 0.000 0.450 0.000 0.042 1.612 0.303 0.452 0.900 0.072 0.183 0.147 0.166 0.220 0.748 0.000 1.130 
0 test1dax_consistent 0.000 0.488 0.000 1.108 0.000 0.332 0.000 1.299 0.167 0.000 0.146 0.000 0.000 0.300 0.547 1.850 1.867 0.000 0.000 0.666 0.000 0.000 0.000 0.000 0.000 0.000 0.000 0.000 1.422 0.000 0.000 0.000 0.000 4.232 0.970 3.287 4.347 0.000 0.452 0.841 
1 test1dax_inconsistent 0.000 0.488 0.000 1.108 0.000 0.332 0.000 1.299 0.167 0.000 0.146 0.000 0.000 0.300 0.547 1.850 1.867 0.000 0.000 0.666 0.000 0.000 0.000 0.000 0.161 0.087 0.000 0.048 0.769 0.000 0.104 0.000 0.000 1.238 0.440 2.506 0.969 0.000 0.949 0.448 
0 test1dax_consistent 0.000 0.424 0.315 0.228 0.078 0.000 0.221 0.150 0.000 0.012 1.058 0.287 1.308 0.064 0.018 0.851 1.534 1.239 0.000 0.058 0.000 3.787 0.963 0.000 0.000 0.103 0.024 1.375 0.000 2.958 0.000 1.733 2.316 0.000 3.472 1.815 0.000 0.000 2.150 0.000 
1 test1dax_inconsistent 0.000 0.424 0.315 0.228 0.078 0.000 0.221 0.150 0.000 0.012 1.058 0.287 1.308 0.064 0.018 0.851 1.534 1.239 0.000 0.058 0.000 1.267 0.781 0.276 0.000 0.072 0.095 1.105 0.000 0.736 0.581 0.000 1.354 0.003 0.921 0.000 0.000 0.247 0.653 0.127 
0 test1dax_consistent 0.067 2.022 0.000 0.000 0.858 1.475 0.000 0.403 0.250 0.000 0.162 0.000 0.000 0.635 0.952 0.391 1.340 1.307 0.000 0.000 0.000 1.297 0.000 0.000 6.372 1.298 0.000 0.000 1.542 0.000 0.512 0.000 0.000 0.000 1.617 1.944 0.000 0.000 0.000 0.000 
1 test1dax_inconsistent 0.067 2.022 0.000 0.000 0.858 1.475 0.000 0.403 0.250 0.000 0.162 0.000 0.000 0.635 0.952 0.391 1.340 1.307 0.000 0.000 0.000 0.000 0.011 0.000 1.951 0.595 0.000 0.004 1.075 0.397 0.228 0.000 0.000 0.000 1.431 0.764 0.000 0.439 0.000 0.140 
0 test1dax_consistent 0.000 0.000 0.082 0.000 0.000 1.879 1.753 0.028 0.000 0.239 0.000 0.316 0.000 0.000 1.376 0.000 0.000 0.290 0.000 1.229 0.000 2.877 0.000 0.000 0.000 0.000 1.568 2.444 0.000 0.000 0.000 3.976 0.000 0.000 0.000 0.000 0.000 0.175 2.734 1.146 
1 test1dax_inconsistent 0.000 0.000 0.082 0.000 0.000 1.879 1.753 0.028 0.000 0.239 0.000 0.316 0.000 0.000 1.376 0.000 0.000 0.290 0.000 1.229 0.000 1.451 0.000 0.000 0.000 0.000 0.000 1.547 0.000 0.479 0.094 0.615 0.000 0.000 0.079 0.000 0.000 0.704 0.770 0.731 
0 test1dax_consistent 0.000 0.000 0.000 1.446 0.000 1.159 0.235 0.000 1.757 0.491 0.000 0.135 0.268 0.000 0.042 0.542 0.000 0.612 0.000 1.473 0.000 0.000 0.000 5.205 0.006 0.000 0.000 0.000 1.108 0.000 0.657 0.000 1.922 0.000 3.423 0.000 0.000 0.000 0.000 0.000 
1 test1dax_inconsistent 0.000 0.000 0.000 1.446 0.000 1.159 0.235 0.000 1.757 0.491 0.000 0.135 0.268 0.000 0.042 0.542 0.000 0.612 0.000 1.473 0.393 0.183 0.000 0.939 0.000 0.000 0.287 0.000 0.391 0.482 0.931 0.000 1.122 0.000 2.362 0.000 0.000 0.000 0.000 0.000 
0 test1dax_consistent 0.000 0.141 0.000 0.000 1.909 0.154 0.025 0.000 0.000 0.191 0.000 0.258 1.067 0.000 0.000 0.026 1.825 1.591 0.000 0.000 0.000 0.000 0.156 0.000 0.000 0.000 0.591 1.160 0.000 0.065 0.000 3.594 0.305 0.000 2.905 0.000 0.000 3.324 2.888 0.000 
1 test1dax_inconsistent 0.000 0.141 0.000 0.000 1.909 0.154 0.025 0.000 0.000 0.191 0.000 0.258 1.067 0.000 0.000 0.026 1.825 1.591 0.000 0.000 0.000 0.000 0.000 0.186 0.000 0.000 0.609 0.402 0.000 0.500 0.000 2.288 0.000 0.000 0.548 0.000 0.271 0.100 0.253 0.000 
0 test1dax_consistent 0.000 1.089 0.878 0.643 0.000 1.630 1.675 0.000 0.000 0.097 0.763 0.000 0.000 0.000 0.664 0.160 0.000 0.000 0.000 0.000 0.000 2.628 2.706 0.000 0.000 3.955 0.870 0.829 0.000 0.000 1.308 0.000 0.000 2.876 0.000 0.000 1.700 0.000 0.000 1.504 
1 test1dax_inconsistent 0.000 1.089 0.878 0.643 0.000 1.630 1.675 0.000 0.000 0.097 0.763 0.000 0.000 0.000 0.664 0.160 0.000 0.000 0.000 0.000 0.000 0.465 1.792 0.000 0.000 0.621 0.759 0.341 0.465 0.000 0.000 0.529 0.000 1.097 0.130 0.000 0.436 0.000 0.577 0.201 
0 test1dax_consistent 0.542 0.000 2.053 0.182 0.302 0.000 0.000 0.154 0.000 0.020 1.933 0.913 0.169 1.176 0.057 0.000 0.000 0.728 0.000 0.000 0.761 2.778 0.000 0.000 0.000 0.000 0.000 0.000 1.893 4.195 0.000 1.218 0.865 1.560 1.725 0.373 1.161 0.894 0.799 0.000 
1 test1dax_inconsistent 0.542 0.000 2.053 0.182 0.302 0.000 0.000 0.154 0.000 0.020 1.933 0.913 0.169 1.176 0.057 0.000 0.000 0.728 0.000 0.000 0.977 0.304 0.074 0.000 0.557 0.000 0.000 0.000 0.763 0.970 0.477 0.513 0.732 0.069 0.000 0.000 0.065 0.774 0.101 0.000 
0 test1dax_consistent 0.064 1.112 0.000 0.006 0.128 0.000 0.026 0.077 0.000 0.000 0.000 0.000 1.486 0.886 0.053 0.158 2.079 1.444 0.000 0.000 2.322 4.645 0.000 0.410 0.000 0.000 0.555 0.000 0.609 0.000 2.295 2.017 0.000 0.000 0.000 0.000 0.568 4.408 0.222 0.000 
1 test1dax_inconsistent 0.064 1.112 0.000 0.006 0.128 0.000 0.026 0.077 0.000 0.000 0.000 0.000 1.486 0.886 0.053 0.158 2.079 1.444 0.000 0.000 0.569 1.250 0.000 0.550 0.000 0.045 0.299 0.000 0.780 0.000 1.179 0.497 0.000 0.449 0.000 0.036 0.000 1.105 0.435 0.000 
0 test1dax_consistent 0.209 0.241 0.922 0.414 0.069 0.000 1.428 0.000 0.000 0.000 0.000 1.186 1.186 1.703 0.611 0.168 0.541 0.401 0.858 0.203 0.000 0.000 0.791 1.361 3.510 0.000 0.000 0.000 1.100 0.000 0.196 2.649 1.971 0.000 0.040 0.000 0.000 1.959 2.318 1.204 
1 test1dax_inconsistent 0.209 0.241 0.922 0.414 0.069 0.000 1.428 0.000 0.000 0.000 0.000 1.186 1.186 1.703 0.611 0.168 0.541 0.401 0.858 0.203 0.000 0.341 0.786 0.000 0.910 0.092 0.495 0.000 0.500 0.000 0.053 0.015 0.145 0.332 0.063 0.000 0.287 0.255 1.080 0.323 
0 test1dax_consistent 0.000 0.282 0.861 0.002 0.000 0.574 1.661 1.526 0.000 0.000 0.000 0.114 1.247 0.000 0.671 1.286 0.000 0.000 0.081 1.131 2.193 0.561 3.599 0.000 0.000 0.000 2.719 0.203 0.000 0.000 0.000 0.000 0.000 1.659 0.000 3.386 0.653 2.275 0.000 0.000 
1 test1dax_inconsistent 0.000 0.282 0.861 0.002 0.000 0.574 1.661 1.526 0.000 0.000 0.000 0.114 1.247 0.000 0.671 1.286 0.000 0.000 0.081 1.131 0.921 0.689 1.173 0.000 0.000 0.000 0.625 0.277 0.000 0.000 0.000 0.000 0.000 0.252 0.244 1.593 0.102 1.309 0.000 0.000 
0 test1dax_consistent 0.036 3.069 0.000 0.652 0.065 0.000 0.297 1.335 0.007 0.000 0.033 0.000 0.000 0.000 0.000 1.075 0.418 0.000 0.000 0.000 0.010 3.455 0.000 1.874 0.000 0.098 0.000 0.603 0.008 0.972 0.000 0.000 0.000 0.000 0.000 6.396 1.188 0.475 0.000 0.000 
1 test1dax_inconsistent 0.036 3.069 0.000 0.652 0.065 0.000 0.297 1.335 0.007 0.000 0.033 0.000 0.000 0.000 0.000 1.075 0.418 0.000 0.000 0.000 0.000 0.462 0.000 1.985 0.000 0.000 0.000 1.100 0.098 0.007 0.357 0.000 0.000 0.000 0.037 2.305 0.989 0.025 0.000 0.000 
0 test1dax_consistent 0.000 1.092 0.065 0.000 1.704 0.000 0.006 0.000 0.000 1.347 0.473 0.000 0.000 0.213 2.120 0.658 0.000 0.000 0.068 0.000 0.000 0.932 1.713 0.847 0.881 0.000 2.934 0.000 0.000 0.000 0.000 0.000 0.000 1.441 1.748 3.698 1.867 1.279 0.000 3.866 
1 test1dax_inconsistent 0.000 1.092 0.065 0.000 1.704 0.000 0.006 0.000 0.000 1.347 0.473 0.000 0.000 0.213 2.120 0.658 0.000 0.000 0.068 0.000 0.000 0.000 0.289 0.631 0.000 0.037 0.756 0.000 0.000 0.000 0.409 0.070 0.000 0.930 1.054 1.027 0.864 0.153 0.000 1.103 
0 test1dax_consistent 2.014 0.000 0.000 0.110 0.007 0.729 0.000 1.685 0.144 1.036 0.410 0.000 0.876 0.811 0.000 0.000 0.000 0.000 0.000 1.475 2.047 0.000 0.371 5.669 0.000 0.000 0.000 1.701 0.568 0.000 0.055 0.000 0.000 1.115 0.000 1.300 0.000 0.638 1.727 0.559 
1 test1dax_inconsistent 2.014 0.000 0.000 0.110 0.007 0.729 0.000 1.685 0.144 1.036 0.410 0.000 0.876 0.811 0.000 0.000 0.000 0.000 0.000 1.475 0.000 0.000 0.393 1.605 0.000 0.000 0.258 1.101 0.000 0.175 0.333 0.000 0.157 0.399 0.000 0.468 0.070 1.259 0.396 1.122 
0 test1dax_consistent 0.950 0.440 0.055 0.000 0.000 1.280 0.000 0.195 0.120 0.797 0.000 1.778 0.546 0.000 0.971 0.000 0.446 1.555 0.000 0.000 0.000 1.043 1.031 0.000 0.000 3.746 0.000 1.150 2.496 0.000 0.972 0.509 2.911 0.000 0.424 1.944 0.786 0.000 0.000 2.180 
1 test1dax_inconsistent 0.950 0.440 0.055 0.000 0.000 1.280 0.000 0.195 0.120 0.797 0.000 1.778 0.546 0.000 0.971 0.000 0.446 1.555 0.000 0.000 0.967 0.146 0.986 0.000 0.000 1.021 0.000 0.584 0.776 0.483 0.358 0.108 0.439 0.000 0.387 0.313 0.629 0.165 0.037 0.313 
0 test1dax_consistent 0.000 0.000 0.000 0.000 1.165 0.382 0.378 0.421 0.000 1.256 1.866 1.025 1.214 0.515 0.010 0.000 0.820 0.000 0.162 0.000 1.295 1.746 0.956 0.000 3.691 1.130 0.000 0.000 0.854 2.408 0.586 0.000 0.524 0.000 0.000 3.546 0.000 0.000 0.000 0.000 
1 test1dax_inconsistent 0.000 0.000 0.000 0.000 1.165 0.382 0.378 0.421 0.000 1.256 1.866 1.025 1.214 0.515 0.010 0.000 0.820 0.000 0.162 0.000 0.303 0.420 0.395 0.000 1.110 0.000 0.008 0.000 1.164 0.940 0.335 0.235 0.730 0.071 0.000 0.565 0.000 0.000 0.000 0.000 
0 test1dax_consistent 0.000 1.544 0.000 1.169 1.322 0.955 0.000 0.000 0.930 0.000 0.000 0.000 1.098 0.000 0.130 0.000 1.797 0.515 0.000 0.059 4.409 0.000 1.010 1.361 0.000 0.000 0.000 0.000 0.215 0.000 0.000 4.458 0.000 0.000 0.000 0.000 3.321 1.292 0.986 0.000 
1 test1dax_inconsistent 0.000 1.544 0.000 1.169 1.322 0.955 0.000 0.000 0.930 0.000 0.000 0.000 1.098 0.000 0.130 0.000 1.797 0.515 0.000 0.059 0.805 0.000 0.332 0.550 0.125 0.000 0.000 0.000 0.837 0.000 0.009 1.248 0.000 0.000 0.187 0.000 2.107 1.038 0.361 0.000 
0 test1dax_consistent 0.102 1.018 0.000 1.672 0.003 1.150 0.065 0.067 0.443 0.410 0.227 0.508 0.629 0.000 0.000 0.273 0.086 0.369 1.313 1.046 1.251 3.042 0.000 0.640 1.450 0.000 2.044 0.000 0.000 1.710 0.153 3.827 0.000 1.106 0.000 3.110 0.000 0.725 0.905 1.328 
1 test1dax_inconsistent 0.102 1.018 0.000 1.672 0.003 1.150 0.065 0.067 0.443 0.410 0.227 0.508 0.629 0.000 0.000 0.273 0.086 0.369 1.313 1.046 0.285 0.506 0.000 0.443 0.430 0.569 0.792 0.000 0.385 0.426 0.496 0.970 0.126 0.283 0.216 1.244 0.000 0.657 0.196 1.001 
0 test1dax_consistent 1.294 0.000 0.000 0.356 0.089 0.000 0.097 0.953 0.023 1.771 0.854 0.000 0.000 0.000 2.175 0.095 0.212 0.000 0.000 0.126 0.000 0.000 0.000 0.000 3.555 0.000 1.148 4.303 0.000 0.076 0.000 0.000 0.000 3.178 0.144 0.000 0.224 2.173 0.000 0.000 
1 test1dax_inconsistent 1.294 0.000 0.000 0.356 0.089 0.000 0.097 0.953 0.023 1.771 0.854 0.000 0.000 0.000 2.175 0.095 0.212 0.000 0.000 0.126 0.000 0.260 0.000 0.327 1.669 0.000 0.116 0.912 0.000 0.821 0.019 0.038 0.260 0.552 0.116 0.215 0.229 1.335 0.000 0.000 
0 test1dax_consistent 0.153 0.555 0.771 0.855 0.000 0.363 0.720 0.780 0.696 1.021 0.000 1.488 0.084 0.652 0.000 0.762 0.000 0.000 1.185 0.000 0.000 0.000 3.052 1.935 0.635 0.000 0.000 2.298 2.450 2.821 0.000 0.000 0.000 3.297 0.000 0.441 0.000 0.000 0.368 0.000 
1 test1dax_inconsistent 0.153 0.555 0.771 0.855 0.000 0.363 0.720 0.780 0.696 1.021 0.000 1.488 0.084 0.652 0.000 0.762 0.000 0.000 1.185 0.000 0.000 0.000 0.832 0.567 0.637 0.746 0.423 0.189 1.133 0.297 0.392 0.288 0.000 1.144 0.381 0.000 0.000 0.000 0.216 0.000 
0 test1dax_consistent 1.512 0.160 0.000 0.155 0.000 0.687 0.000 2.018 0.077 0.003 0.732 1.056 0.000 0.574 0.958 0.000 0.000 0.000 0.076 0.000 0.000 0.000 2.851 0.000 0.000 0.000 0.437 0.000 1.519 0.000 1.391 0.000 5.293 0.000 1.879 0.000 0.000 0.000 0.000 0.000 
1 test1dax_inconsistent 1.512 0.160 0.000 0.155 0.000 0.687 0.000 2.018 0.077 0.003 0.732 1.056 0.000 0.574 0.958 0.000 0.000 0.000 0.076 0.000 0.000 0.000 0.126 0.000 0.000 0.043 0.528 0.106 1.697 0.130 1.564 0.024 1.270 0.000 1.778 0.000 0.000 0.000 0.000 0.032 
0 test1dax_consistent 0.452 0.902 0.328 0.200 0.804 0.000 0.880 1.159 0.370 0.000 0.237 0.042 0.160 0.352 0.130 0.572 0.000 1.573 0.920 0.000 0.172 2.312 0.999 0.194 0.000 0.000 0.704 0.000 4.057 0.041 0.000 2.662 0.847 0.000 0.000 0.000 0.931 0.000 0.000 0.000 
1 test1dax_inconsistent 0.452 0.902 0.328 0.200 0.804 0.000 0.880 1.159 0.370 0.000 0.237 0.042 0.160 0.352 0.130 0.572 0.000 1.573 0.920 0.000 0.224 0.000 0.000 0.180 0.000 0.070 0.057 0.000 0.956 0.469 0.000 0.570 0.000 0.263 0.435 0.312 0.841 0.000 0.590 0.000 
0 test1dax_consistent 2.188 0.000 0.463 0.000 0.142 0.191 0.000 0.309 1.756 1.755 0.207 0.192 0.108 0.000 0.583 0.000 0.000 0.000 0.000 0.000 2.055 1.496 2.672 0.000 1.862 0.000 0.093 0.000 0.000 0.253 3.137 0.000 0.550 2.628 0.000 0.281 1.617 0.278 0.000 0.866 
1 test1dax_inconsistent 2.188 0.000 0.463 0.000 0.142 0.191 0.000 0.309 1.756 1.755 0.207 0.192 0.108 0.000 0.583 0.000 0.000 0.000 0.000 0.000 0.245 0.468 0.989 0.000 0.419 0.516 0.009 0.000 0.000 0.230 1.274 0.038 0.076 0.169 0.000 0.068 0.360 0.000 0.000 0.378 
0 test1dax_consistent 0.000 0.000 0.409 0.182 0.355 0.011 0.731 0.715 0.121 0.045 0.548 0.840 0.120 0.070 0.399 0.830 0.343 0.000 1.905 0.041 1.941 0.000 0.000 0.906 2.112 0.000 3.286 3.389 0.000 0.536 1.146 2.948 0.020 0.781 0.000 1.652 0.000 0.000 0.000 0.000 
1 test1dax_inconsistent 0.000 0.000 0.409 0.182 0.355 0.011 0.731 0.715 0.121 0.045 0.548 0.840 0.120 0.070 0.399 0.830 0.343 0.000 1.905 0.041 0.550 0.000 0.000 0.587 0.472 0.000 1.153 0.579 0.000 0.343 0.239 0.817 0.410 0.000 0.000 0.415 0.000 0.000 0.712 0.000 
0 test1dax_consistent 0.000 0.012 0.000 0.044 0.041 0.000 1.280 0.053 0.000 1.308 0.000 0.000 0.568 0.065 0.328 2.120 1.520 0.161 0.000 0.688 2.768 0.000 0.000 0.000 0.000 0.000 0.000 4.160 0.000 0.000 0.000 0.000 0.000 0.000 0.000 0.000 2.905 0.125 0.000 4.175 
1 test1dax_inconsistent 0.000 0.012 0.000 0.044 0.041 0.000 1.280 0.053 0.000 1.308 0.000 0.000 0.568 0.065 0.328 2.120 1.520 0.161 0.000 0.688 1.137 0.514 0.000 0.695 0.000 0.000 0.000 1.324 0.034 0.000 0.317 0.000 0.000 0.000 0.000 0.387 0.383 0.000 0.000 1.538 
0 test1dax_consistent 0.950 1.062 1.078 1.444 0.020 0.000 0.000 0.091 0.000 0.000 0.900 0.000 1.898 0.000 0.000 0.000 0.397 0.751 0.000 0.000 0.059 0.155 3.125 3.344 0.030 0.404 1.927 0.986 0.000 0.000 0.000 3.368 0.000 2.986 0.000 0.000 0.000 1.344 0.000 0.000 
1 test1dax_inconsistent 0.950 1.062 1.078 1.444 0.020 0.000 0.000 0.091 0.000 0.000 0.900 0.000 1.898 0.000 0.000 0.000 0.397 0.751 0.000 0.000 0.000 0.309 0.608 0.323 0.086 0.746 0.677 0.984 0.000 0.000 0.000 1.653 0.677 0.837 0.000 0.324 0.489 0.696 0.000 0.000 
0 test1dax_consistent 1.279 0.000 1.314 0.000 0.000 0.000 0.000 0.000 1.496 1.271 0.000 0.000 0.258 0.000 0.000 0.000 0.171 0.000 0.805 0.863 0.000 0.000 0.000 0.000 0.000 0.000 0.000 0.000 3.688 1.826 3.363 1.702 0.000 2.096 0.000 0.000 0.000 0.000 3.459 0.000 
1 test1dax_inconsistent 1.279 0.000 1.314 0.000 0.000 0.000 0.000 0.000 1.496 1.271 0.000 0.000 0.258 0.000 0.000 0.000 0.171 0.000 0.805 0.863 0.218 0.125 0.000 0.000 0.073 0.000 0.216 0.000 1.130 1.299 0.324 0.688 0.283 1.374 0.000 0.000 0.364 0.000 0.615 0.428 
0 test1dax_consistent 0.151 0.000 0.000 0.000 0.297 0.891 0.025 0.000 0.000 0.000 1.065 0.000 1.752 0.092 0.254 0.000 0.000 0.571 2.286 0.476 0.000 1.818 0.000 0.000 3.774 0.000 2.242 0.000 0.268 3.516 0.748 0.826 0.000 0.000 0.000 0.000 0.000 3.533 0.000 0.000 
1 test1dax_inconsistent 0.151 0.000 0.000 0.000 0.297 0.891 0.025 0.000 0.000 0.000 1.065 0.000 1.752 0.092 0.254 0.000 0.000 0.571 2.286 0.476 0.000 0.609 0.000 0.000 1.904 0.000 1.006 0.000 0.231 0.441 0.000 0.309 0.000 0.000 0.000 0.000 0.000 0.895 0.000 0.342 
0 test1dax_consistent 0.679 0.000 0.454 0.000 0.000 1.184 0.000 0.028 1.200 0.000 0.000 0.000 0.949 0.408 1.272 0.511 0.249 0.133 0.000 1.219 3.383 0.000 0.000 0.000 1.220 0.000 0.000 0.000 3.031 3.269 4.574 0.000 0.663 0.327 0.000 0.112 0.000 0.000 0.000 0.000 
1 test1dax_inconsistent 0.679 0.000 0.454 0.000 0.000 1.184 0.000 0.028 1.200 0.000 0.000 0.000 0.949 0.408 1.272 0.511 0.249 0.133 0.000 1.219 0.200 0.000 0.000 0.217 0.303 1.076 0.000 0.000 0.861 1.500 1.482 0.000 0.000 0.784 0.333 0.418 0.000 0.000 0.000 0.259 
0 test1dax_consistent 0.000 0.909 0.000 1.094 0.398 1.455 0.000 1.699 1.476 0.565 0.000 0.000 0.315 0.000 0.000 0.439 0.000 0.000 0.000 1.123 1.082 0.000 2.212 0.000 0.000 0.708 0.000 3.823 0.000 0.017 0.000 0.000 0.000 0.000 0.000 2.146 0.000 0.000 0.000 4.400 
1 test1dax_inconsistent 0.000 0.909 0.000 1.094 0.398 1.455 0.000 1.699 1.476 0.565 0.000 0.000 0.315 0.000 0.000 0.439 0.000 0.000 0.000 1.123 0.035 0.000 0.459 0.000 0.000 0.000 0.000 1.353 0.064 0.009 0.008 0.000 0.000 0.000 0.000 1.086 0.000 0.000 0.199 1.126 
0 test1dax_consistent 0.845 0.335 2.017 0.000 0.321 0.548 0.000 0.521 0.134 1.102 1.165 0.000 0.588 0.309 0.000 0.051 0.000 0.904 0.587 0.098 3.697 0.178 1.961 0.000 0.787 1.947 0.000 2.270 3.083 0.397 1.958 0.000 0.004 0.000 0.000 0.000 0.000 3.415 0.000 0.000 
1 test1dax_inconsistent 0.845 0.335 2.017 0.000 0.321 0.548 0.000 0.521 0.134 1.102 1.165 0.000 0.588 0.309 0.000 0.051 0.000 0.904 0.587 0.098 0.946 0.000 0.874 0.000 0.119 0.500 0.000 0.611 0.991 0.000 0.389 0.000 0.365 0.000 0.000 0.000 0.798 1.767 0.320 0.000 
0 test1dax_consistent 0.000 0.891 0.555 0.000 0.000 0.254 0.249 0.610 0.077 2.832 0.000 0.000 0.292 0.181 1.256 0.176 0.000 0.000 0.000 0.415 0.000 0.000 0.000 2.548 0.000 0.333 2.637 0.402 3.509 0.000 0.687 0.000 0.000 2.660 1.875 0.000 0.000 0.000 2.122 0.228 
1 test1dax_inconsistent 0.000 0.891 0.555 0.000 0.000 0.254 0.249 0.610 0.077 2.832 0.000 0.000 0.292 0.181 1.256 0.176 0.000 0.000 0.000 0.415 0.271 0.000 0.000 0.436 0.000 0.000 0.577 0.000 1.409 0.000 0.000 0.000 0.670 0.757 0.817 0.000 0.000 0.000 0.678 0.000 
0 test1dax_consistent 0.000 0.157 0.000 0.000 0.000 0.194 0.202 0.000 0.000 2.124 2.211 0.235 0.000 0.000 0.000 0.033 0.028 0.788 0.000 0.000 4.608 0.000 1.725 0.000 0.285 2.042 2.700 0.000 0.000 0.000 0.000 0.000 0.000 0.000 1.137 0.000 0.000 0.000 0.000 0.000 
1 test1dax_inconsistent 0.000 0.157 0.000 0.000 0.000 0.194 0.202 0.000 0.000 2.124 2.211 0.235 0.000 0.000 0.000 0.033 0.028 0.788 0.000 0.000 0.835 0.433 0.305 0.000 0.441 1.390 0.167 0.000 0.000 0.040 0.000 0.000 0.000 0.000 1.231 0.081 0.000 0.000 0.000 0.000 
0 test1dax_consistent 1.706 0.135 1.139 0.307 0.000 0.838 0.990 1.212 1.066 0.000 0.708 0.099 0.000 0.000 0.000 1.612 0.053 0.000 0.000 0.000 3.240 3.343 1.337 0.000 0.000 0.000 1.622 1.795 0.000 0.000 0.012 0.000 1.107 0.000 0.000 4.795 0.337 0.000 0.000 0.817 
1 test1dax_inconsistent 1.706 0.135 1.139 0.307 0.000 0.838 0.990 1.212 1.066 0.000 0.708 0.099 0.000 0.000 0.000 1.612 0.053 0.000 0.000 0.000 1.085 1.533 0.753 0.029 0.000 0.156 1.025 0.319 0.017 0.000 0.000 0.000 0.522 0.000 0.044 0.897 0.076 0.000 0.000 1.116 
0 test1dax_consistent 0.000 0.000 0.077 0.669 1.889 0.579 0.272 0.019 2.516 0.460 0.935 0.000 0.098 0.000 0.000 0.000 0.000 0.000 0.061 0.036 0.000 0.000 0.000 0.000 1.399 3.913 0.391 2.202 2.740 0.000 0.332 0.156 0.000 0.000 0.197 0.000 0.000 0.000 5.053 0.000 
1 test1dax_inconsistent 0.000 0.000 0.077 0.669 1.889 0.579 0.272 0.019 2.516 0.460 0.935 0.000 0.098 0.000 0.000 0.000 0.000 0.000 0.061 0.036 0.266 0.000 0.180 0.411 0.276 2.291 1.188 0.772 0.344 0.000 0.000 0.098 0.000 0.407 0.240 0.000 0.000 0.000 1.178 0.000 
0 test1dax_consistent 0.000 0.000 0.629 0.000 0.680 0.283 0.282 0.849 0.531 1.127 0.000 0.000 0.118 0.223 1.027 0.757 1.687 0.792 0.220 0.113 0.000 0.000 0.843 0.000 0.111 1.849 3.854 0.000 0.794 1.593 0.000 0.000 0.000 1.238 1.404 0.000 3.790 0.696 0.000 0.000 
1 test1dax_inconsistent 0.000 0.000 0.629 0.000 0.680 0.283 0.282 0.849 0.531 1.127 0.000 0.000 0.118 0.223 1.027 0.757 1.687 0.792 0.220 0.113 0.000 0.000 0.709 0.000 1.014 0.866 0.998 0.274 0.451 0.000 0.141 0.000 0.048 0.179 0.132 0.000 0.687 0.282 0.837 0.633 
0 test1dax_consistent 0.000 0.000 1.296 0.637 0.000 1.474 1.621 0.000 1.326 0.000 1.130 0.000 0.317 0.000 1.300 1.047 0.000 0.000 0.067 0.000 0.000 0.859 0.000 0.115 2.536 0.784 0.000 2.033 2.185 3.404 1.994 0.153 0.000 0.000 2.920 0.705 0.000 0.000 0.000 0.000 
1 test1dax_inconsistent 0.000 0.000 1.296 0.637 0.000 1.474 1.621 0.000 1.326 0.000 1.130 0.000 0.317 0.000 1.300 1.047 0.000 0.000 0.067 0.000 0.022 0.000 0.000 0.000 0.711 0.920 0.542 1.140 0.000 0.617 0.422 0.277 0.211 0.000 0.415 0.176 0.049 0.000 0.642 0.000 
0 test1dax_consistent 0.000 0.000 0.518 0.000 0.000 0.801 0.467 0.693 0.481 0.000 0.000 0.625 0.000 1.576 2.585 0.000 0.000 0.000 0.000 0.908 0.000 0.000 3.548 2.871 0.000 2.473 1.290 5.532 0.000 0.000 0.000 0.000 0.000 0.000 0.806 3.390 0.000 0.000 0.000 0.000 
1 test1dax_inconsistent 0.000 0.000 0.518 0.000 0.000 0.801 0.467 0.693 0.481 0.000 0.000 0.625 0.000 1.576 2.585 0.000 0.000 0.000 0.000 0.908 0.000 0.000 1.389 1.303 0.000 0.181 0.740 1.881 0.000 0.130 0.433 0.000 0.060 0.000 1.021 0.579 0.000 0.000 0.000 0.935 
0 test1dax_consistent 0.000 0.004 0.000 0.000 0.000 0.108 0.000 2.287 0.000 1.313 0.114 0.000 0.620 1.211 0.000 0.000 1.508 0.000 0.000 0.678 0.000 0.000 0.000 2.769 0.000 0.000 0.000 2.066 0.000 1.950 3.953 0.000 0.000 0.000 0.000 0.168 2.265 3.387 0.916 0.000 
1 test1dax_inconsistent 0.000 0.004 0.000 0.000 0.000 0.108 0.000 2.287 0.000 1.313 0.114 0.000 0.620 1.211 0.000 0.000 1.508 0.000 0.000 0.678 0.324 0.439 0.000 1.566 0.078 0.000 0.000 0.155 0.000 1.115 0.832 0.000 0.038 0.092 0.000 0.000 1.069 1.102 0.000 0.444 
0 test1dax_consistent 0.513 0.000 0.000 0.000 0.000 1.793 0.093 0.096 0.000 0.000 0.000 1.233 0.000 0.000 0.373 0.445 0.000 0.077 0.320 2.346 0.205 0.000 0.000 0.000 0.000 1.487 3.886 0.008 0.736 0.000 0.794 2.375 1.177 0.000 0.000 1.401 0.000 0.000 5.365 0.923 
1 test1dax_inconsistent 0.513 0.000 0.000 0.000 0.000 1.793 0.093 0.096 0.000 0.000 0.000 1.233 0.000 0.000 0.373 0.445 0.000 0.077 0.320 2.346 0.597 0.000 0.000 0.000 0.000 1.650 0.670 0.032 0.758 0.384 0.362 0.665 0.000 0.000 0.202 0.288 0.000 0.000 2.571 0.091 
0 test1dax_consistent 0.695 0.000 0.000 1.721 1.151 0.074 0.101 0.000 1.156 0.000 0.198 0.008 0.000 2.297 0.000 1.456 0.211 0.200 0.052 0.000 3.921 0.000 0.000 0.000 2.766 1.727 0.818 0.123 0.000 2.892 0.000 2.101 1.615 0.000 0.392 0.482 0.000 0.000 0.000 0.000 
1 test1dax_inconsistent 0.695 0.000 0.000 1.721 1.151 0.074 0.101 0.000 1.156 0.000 0.198 0.008 0.000 2.297 0.000 1.456 0.211 0.200 0.052 0.000 1.158 0.000 0.000 0.034 0.700 0.026 0.416 0.027 0.000 0.753 0.539 0.562 0.548 0.492 0.000 0.682 0.000 0.000 0.000 0.036 
0 test1dax_consistent 1.002 0.980 0.661 1.222 0.535 0.312 0.246 0.000 0.404 0.485 0.000 0.066 0.313 0.788 1.334 0.000 0.798 0.000 0.310 1.020 0.026 2.423 0.000 1.517 2.807 0.567 0.000 1.015 0.000 0.158 0.000 0.000 2.193 0.666 2.922 4.331 0.036 0.000 0.470 0.000 
1 test1dax_inconsistent 1.002 0.980 0.661 1.222 0.535 0.312 0.246 0.000 0.404 0.485 0.000 0.066 0.313 0.788 1.334 0.000 0.798 0.000 0.310 1.020 0.000 0.794 0.660 0.475 0.880 0.597 0.804 0.329 0.000 0.883 0.000 0.000 1.290 0.178 0.241 1.068 0.000 0.000 0.019 0.228 
0 test1dax_consistent 1.265 1.419 1.414 0.000 0.000 0.000 1.023 0.310 0.072 0.000 1.012 0.000 0.000 0.000 0.000 0.000 0.000 0.374 0.067 1.378 2.794 0.000 0.000 0.000 0.000 0.000 3.606 0.000 0.000 0.000 4.063 4.709 0.000 0.422 0.000 0.000 1.308 0.000 0.000 1.691 
1 test1dax_inconsistent 1.265 1.419 1.414 0.000 0.000 0.000 1.023 0.310 0.072 0.000 1.012 0.000 0.000 0.000 0.000 0.000 0.000 0.374 0.067 1.378 1.367 0.275 0.000 0.000 0.000 0.000 1.800 0.000 0.632 0.000 1.986 1.025 0.000 0.288 0.591 0.079 0.000 0.921 0.000 0.000 
0 test1dax_consistent 0.000 0.157 0.004 0.000 0.061 0.000 0.000 0.000 0.000 0.000 0.671 0.000 2.194 0.981 0.376 0.000 1.432 0.000 1.672 0.000 0.000 0.000 3.250 0.664 0.886 0.963 0.000 0.000 1.631 0.000 2.182 0.000 0.000 0.494 4.275 0.000 0.637 0.000 0.085 0.000 
1 test1dax_inconsistent 0.000 0.157 0.004 0.000 0.061 0.000 0.000 0.000 0.000 0.000 0.671 0.000 2.194 0.981 0.376 0.000 1.432 0.000 1.672 0.000 0.000 0.424 1.436 0.000 0.000 0.297 0.091 0.000 0.636 0.161 0.000 0.000 0.678 0.516 0.668 0.000 0.079 0.000 0.282 0.153 
0 test1dax_consistent 0.859 0.012 0.294 0.000 0.862 0.000 0.000 1.499 0.000 0.000 1.317 0.000 0.779 0.406 2.074 0.000 0.000 0.000 0.000 1.306 0.680 0.959 2.401 0.000 0.000 0.000 0.000 1.366 0.000 0.000 0.000 0.571 5.005 2.308 0.000 1.081 0.000 0.000 1.534 0.000 
1 test1dax_inconsistent 0.859 0.012 0.294 0.000 0.862 0.000 0.000 1.499 0.000 0.000 1.317 0.000 0.779 0.406 2.074 0.000 0.000 0.000 0.000 1.306 0.581 0.126 0.869 0.000 0.123 0.282 0.000 0.119 0.000 0.000 0.122 1.245 0.972 1.282 0.036 0.000 0.000 0.015 0.495 0.000 
0 test1dax_consistent 0.621 0.000 0.000 0.000 0.295 0.539 0.031 0.885 1.035 0.000 0.000 0.000 0.000 1.636 1.166 0.000 1.688 0.736 0.422 0.198 1.017 0.000 0.000 0.000 1.806 1.029 0.000 0.000 2.558 0.000 0.377 0.000 0.000 3.436 0.000 0.000 0.000 2.793 0.852 0.000 
1 test1dax_inconsistent 0.621 0.000 0.000 0.000 0.295 0.539 0.031 0.885 1.035 0.000 0.000 0.000 0.000 1.636 1.166 0.000 1.688 0.736 0.422 0.198 1.234 0.000 0.000 0.000 0.472 0.819 0.000 0.000 0.000 0.000 0.000 0.000 0.000 0.488 0.000 0.034 0.086 1.179 0.000 0.105 
0 test1dax_consistent 0.031 0.000 0.000 0.794 0.110 0.514 0.833 0.859 0.000 1.143 0.000 1.298 0.552 0.000 0.582 0.541 2.246 0.277 0.000 0.000 0.000 0.000 0.000 3.831 0.000 2.056 3.476 2.067 0.000 2.100 0.000 0.000 0.817 0.000 0.000 2.843 0.199 1.543 0.000 0.000 
1 test1dax_inconsistent 0.031 0.000 0.000 0.794 0.110 0.514 0.833 0.859 0.000 1.143 0.000 1.298 0.552 0.000 0.582 0.541 2.246 0.277 0.000 0.000 0.077 0.000 0.000 0.858 0.000 1.191 1.247 2.019 0.000 0.937 0.000 0.000 0.421 0.085 0.193 0.480 0.723 0.190 0.000 0.000 
0 test1dax_consistent 0.902 0.688 0.000 0.134 0.000 0.000 0.420 1.674 0.000 0.133 0.177 0.000 0.230 0.000 1.537 0.000 2.036 0.000 0.260 0.195 0.976 0.816 0.323 0.165 0.000 0.000 1.511 5.627 0.000 0.000 1.342 0.000 1.242 0.410 0.000 0.000 0.000 2.701 0.000 0.649 
1 test1dax_inconsistent 0.902 0.688 0.000 0.134 0.000 0.000 0.420 1.674 0.000 0.133 0.177 0.000 0.230 0.000 1.537 0.000 2.036 0.000 0.260 0.195 0.000 0.808 0.000 0.000 0.237 0.000 1.346 1.568 0.000 0.000 0.041 0.000 0.000 0.160 0.000 0.000 0.102 1.340 0.000 0.589 
0 test1dax_consistent 0.191 0.010 0.000 0.000 0.155 0.000 0.000 0.312 0.000 1.106 0.000 0.000 0.481 2.798 0.901 0.000 0.000 0.167 0.986 0.000 0.000 1.041 1.903 0.141 2.646 0.000 0.000 0.000 0.000 1.892 0.000 1.558 3.320 0.000 3.227 0.000 0.000 0.065 0.000 2.068 
1 test1dax_inconsistent 0.191 0.010 0.000 0.000 0.155 0.000 0.000 0.312 0.000 1.106 0.000 0.000 0.481 2.798 0.901 0.000 0.000 0.167 0.986 0.000 0.000 0.000 0.832 0.000 0.589 0.000 0.000 0.000 0.439 0.439 0.000 0.339 0.655 0.000 1.396 0.000 0.000 0.000 0.259 0.571 
0 test1dax_consistent 0.669 1.558 1.400 0.000 0.536 0.000 0.610 1.357 0.000 0.162 0.376 1.596 0.000 0.000 0.000 0.000 1.510 0.493 0.000 0.150 6.488 1.129 0.000 0.000 0.000 0.000 1.375 2.653 0.000 0.000 1.693 1.255 1.341 0.000 0.000 0.000 0.000 0.000 0.000 0.000 
1 test1dax_inconsistent 0.669 1.558 1.400 0.000 0.536 0.000 0.610 1.357 0.000 0.162 0.376 1.596 0.000 0.000 0.000 0.000 1.510 0.493 0.000 0.150 2.424 0.000 0.646 0.127 0.330 0.000 0.283 0.704 0.000 0.000 0.000 1.233 0.652 0.022 0.000 0.000 0.000 0.000 0.000 0.672 
0 test1dax_consistent 0.524 1.064 1.001 0.943 0.000 1.314 0.454 0.864 0.577 0.000 0.703 0.000 0.482 0.536 0.000 0.000 0.763 0.000 0.450 1.634 4.748 0.000 0.000 0.000 0.000 1.561 0.000 0.000 0.000 0.000 0.930 0.703 2.166 0.000 1.469 0.636 0.918 0.000 1.825 3.173 
1 test1dax_inconsistent 0.524 1.064 1.001 0.943 0.000 1.314 0.454 0.864 0.577 0.000 0.703 0.000 0.482 0.536 0.000 0.000 0.763 0.000 0.450 1.634 1.592 0.000 0.608 0.000 0.000 0.691 0.000 0.356 0.000 0.000 1.522 0.000 0.147 0.158 0.623 0.099 0.856 0.000 0.583 0.481 
0 test1dax_consistent 0.634 0.144 0.000 0.000 0.000 0.039 0.000 0.530 0.579 0.235 1.243 0.000 0.941 0.862 0.075 1.001 2.077 0.000 0.680 1.238 0.841 1.420 0.000 0.000 0.000 0.098 0.000 0.000 1.403 1.631 6.146 0.000 0.002 3.444 0.000 0.000 0.704 0.000 0.221 0.000 
1 test1dax_inconsistent 0.634 0.144 0.000 0.000 0.000 0.039 0.000 0.530 0.579 0.235 1.243 0.000 0.941 0.862 0.075 1.001 2.077 0.000 0.680 1.238 0.643 0.119 0.000 0.006 0.000 0.000 0.000 0.231 0.006 1.191 1.716 0.000 0.000 1.832 0.000 0.000 1.486 0.040 0.528 0.000 
0 test1dax_consistent 0.121 0.134 0.351 1.504 0.000 0.000 1.130 0.898 0.000 0.000 0.156 0.053 0.777 1.062 1.321 0.000 0.000 1.101 0.000 0.000 0.000 0.027 4.164 0.000 0.000 0.000 0.000 3.711 0.000 0.000 0.264 0.000 1.480 0.000 3.800 0.000 0.000 0.000 0.000 1.287 
1 test1dax_inconsistent 0.121 0.134 0.351 1.504 0.000 0.000 1.130 0.898 0.000 0.000 0.156 0.053 0.777 1.062 1.321 0.000 0.000 1.101 0.000 0.000 0.053 0.163 2.200 0.419 0.253 0.109 0.710 1.183 0.000 0.000 0.458 0.082 0.019 0.118 0.606 0.000 0.191 0.646 0.055 0.000 
0 test1dax_consistent 0.000 0.000 0.000 0.531 0.959 0.000 0.056 0.000 1.587 0.059 0.810 0.000 0.368 0.247 0.000 0.000 0.026 2.027 0.075 1.174 0.000 0.000 0.000 1.041 3.849 0.000 1.154 0.000 0.082 0.000 0.000 0.000 0.000 3.010 3.568 0.000 1.693 0.000 0.000 2.824 
1 test1dax_inconsistent 0.000 0.000 0.000 0.531 0.959 0.000 0.056 0.000 1.587 0.059 0.810 0.000 0.368 0.247 0.000 0.000 0.026 2.027 0.075 1.174 0.000 0.000 0.000 0.000 1.136 0.000 0.000 0.065 0.438 0.554 0.000 0.000 0.000 0.611 1.457 0.000 1.306 0.071 0.562 1.065 
0 test1dax_consistent 1.364 1.168 0.000 0.000 0.000 1.927 0.000 0.841 1.488 0.219 0.339 0.243 0.000 0.000 1.246 0.000 0.395 0.640 0.286 0.188 0.000 2.732 0.000 0.000 2.469 6.129 0.000 0.000 0.000 0.166 0.000 0.000 0.000 0.000 0.000 0.000 0.000 0.018 0.000 0.000 
1 test1dax_inconsistent 1.364 1.168 0.000 0.000 0.000 1.927 0.000 0.841 1.488 0.219 0.339 0.243 0.000 0.000 1.246 0.000 0.395 0.640 0.286 0.188 0.007 0.768 0.000 0.000 2.002 1.328 0.000 0.000 0.000 0.355 0.000 0.000 0.076 0.000 0.000 0.000 0.455 0.000 1.024 0.000 
0 test1dax_consistent 0.884 0.677 0.000 0.115 0.500 0.742 0.000 0.475 0.172 0.870 0.397 0.603 0.397 1.313 0.100 0.000 1.807 0.539 0.000 0.645 2.473 0.000 0.000 0.000 0.975 0.000 4.473 1.854 0.000 1.351 0.000 0.043 0.000 0.000 0.000 0.787 1.529 0.000 3.412 0.000 
1 test1dax_inconsistent 0.884 0.677 0.000 0.115 0.500 0.742 0.000 0.475 0.172 0.870 0.397 0.603 0.397 1.313 0.100 0.000 1.807 0.539 0.000 0.645 1.744 0.000 0.000 0.000 0.120 0.033 1.273 1.297 0.488 0.000 0.000 0.398 0.000 0.037 0.000 0.005 0.495 0.000 0.598 0.000 
0 test1dax_consistent 0.126 0.911 0.721 0.000 1.165 0.481 0.304 0.000 0.473 0.000 0.000 1.739 0.300 0.000 0.338 0.931 0.016 1.514 0.000 0.000 0.000 0.000 0.000 0.000 4.283 0.854 0.000 0.000 0.626 3.012 1.903 0.000 2.352 1.417 0.547 0.586 0.000 2.084 3.073 0.952 
1 test1dax_inconsistent 0.126 0.911 0.721 0.000 1.165 0.481 0.304 0.000 0.473 0.000 0.000 1.739 0.300 0.000 0.338 0.931 0.016 1.514 0.000 0.000 0.211 0.338 0.000 0.000 0.777 0.025 0.057 0.000 0.748 1.725 1.336 0.359 0.330 0.596 0.549 0.974 0.000 0.534 1.110 0.631 
0 test1dax_consistent 1.715 0.000 1.044 0.368 0.000 0.042 0.000 0.000 0.327 0.134 0.000 1.887 1.134 0.655 0.222 0.000 0.456 0.000 0.000 0.807 0.000 0.000 0.327 0.000 0.000 0.000 2.640 0.000 0.164 0.000 0.000 0.000 4.952 2.423 0.246 0.297 0.194 0.000 1.923 2.791 
1 test1dax_inconsistent 1.715 0.000 1.044 0.368 0.000 0.042 0.000 0.000 0.327 0.134 0.000 1.887 1.134 0.655 0.222 0.000 0.456 0.000 0.000 0.807 0.557 0.106 0.670 0.019 0.000 0.000 1.223 0.000 0.408 0.000 0.000 0.818 0.708 0.554 0.600 0.285 0.421 0.000 0.935 1.268 
0 test1dax_consistent 0.000 0.842 0.313 0.164 0.101 0.000 1.671 1.140 0.204 0.969 0.229 0.000 0.213 0.689 1.539 0.000 0.000 0.000 0.383 0.000 0.000 0.000 0.000 0.000 0.000 0.000 2.936 2.810 1.347 0.000 0.000 0.000 0.000 4.056 0.000 0.000 2.622 0.000 0.000 2.843 
1 test1dax_inconsistent 0.000 0.842 0.313 0.164 0.101 0.000 1.671 1.140 0.204 0.969 0.229 0.000 0.213 0.689 1.539 0.000 0.000 0.000 0.383 0.000 0.000 0.000 0.000 0.027 0.000 0.000 0.077 2.257 0.079 0.573 0.079 0.000 0.000 1.407 0.000 0.000 0.841 0.000 0.050 1.227 
0 test1dax_consistent 0.000 2.079 0.742 0.187 0.000 0.049 0.274 0.000 0.171 0.000 0.000 0.398 0.031 1.266 0.410 0.000 1.002 0.000 0.000 1.847 0.000 0.703 2.685 4.140 0.152 0.000 2.237 0.830 0.028 0.000 2.119 0.380 0.000 0.205 0.000 0.694 0.000 0.000 0.000 2.333 
1 test1dax_inconsistent 0.000 2.079 0.742 0.187 0.000 0.049 0.274 0.000 0.171 0.000 0.000 0.398 0.031 1.266 0.410 0.000 1.002 0.000 0.000 1.847 0.000 0.070 0.851 0.770 0.238 0.000 1.595 0.082 0.750 0.015 0.324 0.667 0.191 0.319 0.000 0.000 0.103 0.000 0.000 0.241 
0 test1dax_consistent 0.145 2.158 0.331 0.000 0.086 0.954 0.000 0.260 0.000 1.334 0.000 0.000 0.000 0.044 0.000 1.015 0.000 1.735 0.000 0.025 0.042 2.926 0.302 0.000 2.091 0.011 0.011 0.000 0.000 1.954 1.800 0.000 0.000 0.000 0.000 2.369 0.000 1.402 0.000 4.833 
1 test1dax_inconsistent 0.145 2.158 0.331 0.000 0.086 0.954 0.000 0.260 0.000 1.334 0.000 0.000 0.000 0.044 0.000 1.015 0.000 1.735 0.000 0.025 0.000 1.127 0.853 0.000 1.580 0.000 0.000 0.000 0.000 0.517 0.000 0.000 0.000 0.270 0.000 0.478 0.213 0.000 0.000 1.404 
0 test1dax_consistent 0.000 0.082 0.528 1.567 1.262 0.000 0.000 0.297 0.689 0.000 0.000 0.622 0.000 1.994 0.000 0.000 0.000 0.918 0.000 0.631 0.000 0.000 0.000 0.459 0.000 0.000 1.770 3.187 2.313 0.000 0.000 0.000 0.000 0.053 0.000 3.041 2.501 0.300 3.471 2.716 
1 test1dax_inconsistent 0.000 0.082 0.528 1.567 1.262 0.000 0.000 0.297 0.689 0.000 0.000 0.622 0.000 1.994 0.000 0.000 0.000 0.918 0.000 0.631 0.132 0.044 0.277 0.692 0.370 0.000 0.896 1.097 0.686 0.000 0.000 0.250 0.000 0.455 0.150 0.558 0.269 0.092 1.667 0.234 
0 test1dax_consistent 0.537 0.000 0.000 0.172 0.471 0.000 0.746 1.212 0.000 0.495 0.000 0.076 0.114 0.179 2.553 0.711 0.000 0.000 0.580 0.228 0.000 0.000 0.000 0.000 0.000 0.000 0.570 0.000 0.000 3.146 0.000 0.000 0.000 3.011 1.175 2.892 0.000 0.714 0.000 4.006 
1 test1dax_inconsistent 0.537 0.000 0.000 0.172 0.471 0.000 0.746 1.212 0.000 0.495 0.000 0.076 0.114 0.179 2.553 0.711 0.000 0.000 0.580 0.228 0.224 0.265 0.000 0.000 0.026 0.000 0.486 1.219 0.000 0.791 0.000 0.280 0.000 1.497 0.094 0.094 0.002 0.593 0.304 1.595 
0 test1dax_consistent 0.000 1.034 0.089 1.142 0.143 0.000 0.000 0.109 0.757 0.000 0.000 1.338 0.000 0.000 0.586 0.622 0.000 0.032 1.735 1.380 0.000 0.000 1.032 0.000 1.384 3.451 0.000 0.000 0.000 1.765 0.457 3.124 0.000 1.633 1.368 0.000 0.000 1.462 0.000 0.516 
1 test1dax_inconsistent 0.000 1.034 0.089 1.142 0.143 0.000 0.000 0.109 0.757 0.000 0.000 1.338 0.000 0.000 0.586 0.622 0.000 0.032 1.735 1.380 0.000 0.183 1.036 0.436 0.809 0.340 0.000 0.181 0.000 0.200 0.000 0.456 0.000 0.807 1.027 0.250 0.040 0.063 0.199 0.581 
0 test1dax_consistent 0.000 0.000 1.422 1.715 0.884 0.000 0.023 0.000 0.979 0.000 0.077 1.684 0.000 0.443 0.122 0.708 0.000 0.169 0.000 0.270 0.000 0.000 0.000 3.536 0.000 0.000 0.000 0.000 1.672 0.889 0.000 2.762 3.075 1.682 0.000 0.000 0.000 0.000 3.602 0.808 
1 test1dax_inconsistent 0.000 0.000 1.422 1.715 0.884 0.000 0.023 0.000 0.979 0.000 0.077 1.684 0.000 0.443 0.122 0.708 0.000 0.169 0.000 0.270 0.000 0.000 0.000 0.959 0.227 0.000 0.166 0.000 1.736 0.089 0.000 0.230 1.471 0.609 0.001 0.039 0.000 0.000 1.133 1.248 
0 test1dax_consistent 0.902 0.000 0.000 0.607 2.359 0.000 0.221 0.000 1.311 0.715 0.000 0.477 0.000 0.955 0.000 0.484 0.219 0.000 0.166 1.244 3.924 0.000 3.475 0.326 0.000 0.088 0.000 0.000 2.298 3.512 0.000 2.180 0.000 0.000 1.136 0.754 0.000 0.000 0.191 1.138 
1 test1dax_inconsistent 0.902 0.000 0.000 0.607 2.359 0.000 0.221 0.000 1.311 0.715 0.000 0.477 0.000 0.955 0.000 0.484 0.219 0.000 0.166 1.244 1.159 0.000 0.670 1.103 0.000 0.518 0.000 0.000 0.382 1.332 0.000 0.845 0.000 0.000 0.000 0.161 0.094 0.298 0.379 0.398 
0 test1dax_consistent 0.000 0.000 1.026 0.081 0.691 0.000 0.955 0.000 0.000 0.000 0.000 1.497 0.000 0.868 0.236 1.244 0.275 0.000 1.701 0.000 2.831 0.000 0.844 4.293 3.068 0.168 0.000 0.000 0.000 0.000 0.000 0.000 0.764 0.688 2.271 0.303 1.347 0.000 0.000 0.000 
1 test1dax_inconsistent 0.000 0.000 1.026 0.081 0.691 0.000 0.955 0.000 0.000 0.000 0.000 1.497 0.000 0.868 0.236 1.244 0.275 0.000 1.701 0.000 0.612 0.000 0.901 0.825 2.040 0.400 0.095 0.000 0.531 0.000 0.000 0.000 0.051 0.000 0.629 0.036 0.000 0.000 0.000 0.112 
0 test1dax_consistent 0.000 0.000 0.000 0.953 0.000 0.735 0.103 1.513 0.149 0.066 0.656 0.466 0.724 0.900 0.041 0.999 0.000 0.000 0.173 1.531 0.000 0.000 0.241 0.750 0.000 0.000 0.008 0.000 0.011 0.135 3.143 4.824 0.000 0.921 4.800 0.000 0.000 0.000 0.340 1.189 
1 test1dax_inconsistent 0.000 0.000 0.000 0.953 0.000 0.735 0.103 1.513 0.149 0.066 0.656 0.466 0.724 0.900 0.041 0.999 0.000 0.000 0.173 1.531 0.000 0.000 0.000 0.000 0.000 0.105 0.000 0.000 0.454 0.072 1.012 1.138 0.000 1.434 1.734 0.137 0.281 0.000 0.586 0.340 
0 test1dax_consistent 0.000 0.000 0.000 0.000 0.000 0.619 0.806 0.000 0.000 0.000 3.228 0.000 0.000 0.000 0.581 0.222 0.000 0.000 0.703 0.000 0.000 0.000 2.435 1.306 2.014 4.585 0.020 0.000 3.728 0.000 0.000 0.000 0.000 0.000 4.568 0.000 0.000 0.000 0.000 0.000 
1 test1dax_inconsistent 0.000 0.000 0.000 0.000 0.000 0.619 0.806 0.000 0.000 0.000 3.228 0.000 0.000 0.000 0.581 0.222 0.000 0.000 0.703 0.000 0.000 0.030 1.148 0.320 0.867 2.018 0.000 0.000 0.376 0.000 0.547 0.317 0.000 0.000 1.545 0.000 0.000 0.000 0.149 0.175 
0 test1dax_consistent 2.103 0.000 0.181 0.267 0.000 1.919 1.511 0.039 0.001 0.806 0.000 0.000 0.000 0.000 0.000 0.000 0.000 0.199 0.000 0.039 1.883 0.000 1.700 1.046 0.000 3.377 0.000 2.768 0.000 0.000 1.677 0.000 0.000 0.551 0.000 0.000 1.752 0.704 2.456 0.000 
1 test1dax_inconsistent 2.103 0.000 0.181 0.267 0.000 1.919 1.511 0.039 0.001 0.806 0.000 0.000 0.000 0.000 0.000 0.000 0.000 0.199 0.000 0.039 0.233 0.036 0.332 0.700 0.000 0.472 0.030 0.623 0.199 0.000 0.000 0.000 0.000 0.611 0.000 0.001 1.137 0.679 0.266 0.000 
0 test1dax_consistent 0.000 0.012 0.114 0.166 0.000 0.000 0.000 0.000 1.206 0.000 0.000 0.000 0.881 1.358 0.090 0.000 2.386 0.222 0.542 0.000 0.000 2.609 0.000 0.000 0.000 0.000 0.000 0.000 0.595 0.000 1.178 1.923 0.000 2.954 4.381 0.000 3.130 0.000 0.000 0.000 
1 test1dax_inconsistent 0.000 0.012 0.114 0.166 0.000 0.000 0.000 0.000 1.206 0.000 0.000 0.000 0.881 1.358 0.090 0.000 2.386 0.222 0.542 0.000 0.038 0.800 0.000 0.000 0.000 0.000 0.000 0.122 1.118 0.238 0.000 1.195 0.000 0.312 2.181 0.000 0.727 0.000 0.621 0.025 
0 test1dax_consistent 0.217 0.000 0.166 0.334 0.000 0.863 1.952 1.654 0.414 0.559 0.719 0.000 0.000 0.566 0.692 0.506 0.000 0.000 0.265 0.078 0.223 0.030 3.533 0.166 0.677 3.320 1.062 0.000 0.793 0.000 0.060 0.000 0.000 1.204 0.000 2.818 0.000 0.000 0.074 0.000 
1 test1dax_inconsistent 0.217 0.000 0.166 0.334 0.000 0.863 1.952 1.654 0.414 0.559 0.719 0.000 0.000 0.566 0.692 0.506 0.000 0.000 0.265 0.078 0.000 0.328 1.376 0.503 0.000 0.000 0.633 0.000 0.154 0.000 0.000 0.465 0.000 0.946 0.464 0.145 0.000 0.040 0.380 0.178 
0 test1dax_consistent 1.290 0.059 0.981 0.000 0.000 0.462 0.194 0.023 0.149 0.000 0.905 0.000 0.399 0.085 1.459 1.598 0.000 0.042 0.000 0.453 0.000 0.000 3.082 0.000 0.000 3.137 0.482 0.000 0.776 1.702 0.000 0.000 0.017 6.226 0.000 0.000 0.000 0.000 0.000 1.795 
1 test1dax_inconsistent 1.290 0.059 0.981 0.000 0.000 0.462 0.194 0.023 0.149 0.000 0.905 0.000 0.399 0.085 1.459 1.598 0.000 0.042 0.000 0.453 0.000 0.535 0.312 0.353 0.000 0.976 0.582 0.000 0.937 0.257 0.000 0.000 0.596 2.368 0.000 0.274 0.000 0.094 0.002 0.583 
0 test1dax_consistent 0.000 0.048 0.000 0.000 1.609 1.405 0.791 1.046 0.439 1.403 1.014 0.417 0.961 0.000 0.445 0.000 0.161 0.318 0.255 0.000 0.038 0.336 2.674 0.040 3.986 0.919 0.210 1.836 0.000 0.000 0.696 0.178 0.262 0.000 2.201 0.000 0.000 0.000 1.687 2.928 
1 test1dax_inconsistent 0.000 0.048 0.000 0.000 1.609 1.405 0.791 1.046 0.439 1.403 1.014 0.417 0.961 0.000 0.445 0.000 0.161 0.318 0.255 0.000 0.201 0.000 0.726 0.141 1.302 0.373 0.296 0.000 0.629 0.284 0.703 0.194 0.494 0.000 0.528 0.035 0.000 0.099 0.853 0.626 
0 test1dax_consistent 0.000 1.630 1.002 0.846 0.979 1.313 0.648 1.033 0.000 0.970 0.000 0.000 0.000 0.000 0.000 0.430 0.000 0.946 0.084 0.000 1.704 0.000 0.000 1.612 4.223 0.678 0.000 0.000 0.000 0.000 0.000 0.000 0.000 1.526 0.000 2.732 3.520 0.053 0.000 0.299 
1 test1dax_inconsistent 0.000 1.630 1.002 0.846 0.979 1.313 0.648 1.033 0.000 0.970 0.000 0.000 0.000 0.000 0.000 0.430 0.000 0.946 0.084 0.000 0.217 0.086 0.314 1.658 0.765 0.000 0.000 0.078 0.000 0.000 0.000 0.000 0.000 0.639 0.000 1.335 0.955 0.227 0.000 1.002 
0 test1dax_consistent 1.306 0.196 0.000 0.969 0.089 0.000 0.000 0.000 0.000 1.165 0.106 0.238 1.544 0.429 1.583 0.854 0.000 0.000 0.093 0.000 0.000 0.000 0.000 2.382 4.594 0.000 0.000 0.000 0.000 3.204 0.000 2.308 2.890 0.000 1.613 0.000 0.000 0.000 2.585 0.000 
1 test1dax_inconsistent 1.306 0.196 0.000 0.969 0.089 0.000 0.000 0.000 0.000 1.165 0.106 0.238 1.544 0.429 1.583 0.854 0.000 0.000 0.093 0.000 0.275 0.000 0.000 1.264 0.943 0.016 0.000 0.000 0.000 0.212 0.000 1.710 1.142 0.000 0.795 0.000 0.171 0.000 1.587 0.000 
0 test1dax_consistent 0.845 1.484 1.226 0.000 0.168 0.783 0.700 0.453 0.690 0.000 0.000 1.002 1.209 0.676 0.000 0.000 0.340 1.064 0.660 0.887 0.115 4.703 1.747 0.000 0.000 1.491 0.000 0.000 0.000 0.000 0.000 0.000 1.015 0.614 0.000 1.586 0.000 0.360 3.334 0.000 
1 test1dax_inconsistent 0.845 1.484 1.226 0.000 0.168 0.783 0.700 0.453 0.690 0.000 0.000 1.002 1.209 0.676 0.000 0.000 0.340 1.064 0.660 0.887 0.587 0.753 0.810 0.000 0.047 0.001 0.000 0.616 0.000 0.000 0.000 0.000 0.000 0.390 0.051 1.575 0.046 0.798 1.094 0.216 
0 test1dax_consistent 0.791 0.000 0.000 0.621 0.000 0.831 0.000 2.585 0.823 0.065 0.084 0.000 0.019 0.035 0.816 0.000 0.000 0.229 0.136 2.036 2.518 0.000 0.000 0.000 0.000 0.000 0.000 3.969 2.380 1.461 0.000 2.106 0.000 0.000 3.545 0.000 3.443 1.121 0.000 0.000 
1 test1dax_inconsistent 0.791 0.000 0.000 0.621 0.000 0.831 0.000 2.585 0.823 0.065 0.084 0.000 0.019 0.035 0.816 0.000 0.000 0.229 0.136 2.036 1.154 0.000 0.532 0.000 0.000 0.141 0.000 0.835 0.862 0.842 0.120 0.847 0.000 0.000 1.552 0.000 0.915 1.207 0.000 0.000 
0 test1dax_consistent 0.187 1.015 0.000 0.000 0.000 0.000 0.388 0.019 0.000 1.025 0.000 0.000 0.000 0.817 0.221 0.713 0.938 1.125 1.734 1.011 3.316 0.000 0.000 0.000 0.000 2.986 2.460 0.000 1.645 0.099 0.000 0.347 1.097 2.408 0.195 4.222 0.000 0.000 0.000 2.029 
1 test1dax_inconsistent 0.187 1.015 0.000 0.000 0.000 0.000 0.388 0.019 0.000 1.025 0.000 0.000 0.000 0.817 0.221 0.713 0.938 1.125 1.734 1.011 0.744 0.000 0.000 0.469 0.657 0.971 0.365 0.000 0.241 0.343 0.260 0.085 0.227 1.142 0.504 1.376 0.000 0.000 0.000 0.859 
0 test1dax_consistent 0.921 0.028 0.554 0.496 0.000 1.137 0.115 0.969 0.003 0.578 0.561 0.000 1.850 0.000 0.641 0.074 0.480 0.679 0.175 0.000 1.168 0.000 2.646 3.576 2.927 0.000 3.397 2.486 1.414 0.000 0.000 0.000 0.316 0.000 0.000 0.450 0.000 0.000 0.000 0.000 
1 test1dax_inconsistent 0.921 0.028 0.554 0.496 0.000 1.137 0.115 0.969 0.003 0.578 0.561 0.000 1.850 0.000 0.641 0.074 0.480 0.679 0.175 0.000 0.333 0.000 1.470 0.601 1.063 0.030 0.649 0.012 0.905 0.021 0.000 0.057 0.608 0.000 0.454 0.891 0.023 0.000 0.092 0.324 
0 test1dax_consistent 1.870 0.247 1.306 1.827 0.443 0.170 0.848 0.144 0.000 0.106 0.000 0.230 0.000 0.618 0.000 0.422 0.000 0.000 0.000 0.372 0.000 0.000 0.019 3.664 0.000 0.000 0.000 2.968 0.317 0.000 0.000 2.053 2.678 0.000 0.000 0.370 0.000 1.031 1.412 2.993 
1 test1dax_inconsistent 1.870 0.247 1.306 1.827 0.443 0.170 0.848 0.144 0.000 0.106 0.000 0.230 0.000 0.618 0.000 0.422 0.000 0.000 0.000 0.372 0.686 0.000 0.000 0.944 0.050 0.321 0.366 0.660 0.085 0.383 0.000 0.529 0.224 0.000 0.000 0.000 0.000 0.607 0.000 1.059 
0 test1dax_consistent 0.000 0.614 1.940 0.944 1.207 0.092 0.000 0.000 0.504 0.000 0.000 1.715 0.000 0.562 0.000 0.000 0.204 0.667 0.000 0.000 0.000 1.565 1.008 0.643 0.000 3.045 2.978 0.664 0.000 0.000 0.000 0.000 0.000 0.387 4.918 0.041 0.459 0.086 0.000 0.000 
1 test1dax_inconsistent 0.000 0.614 1.940 0.944 1.207 0.092 0.000 0.000 0.504 0.000 0.000 1.715 0.000 0.562 0.000 0.000 0.204 0.667 0.000 0.000 0.000 0.000 0.437 0.653 0.000 1.375 1.277 0.657 0.409 0.000 0.130 0.345 0.000 0.330 1.328 0.008 0.499 0.262 0.000 0.000 
0 test1dax_consistent 0.000 1.193 0.249 0.000 0.709 0.000 0.000 0.330 0.567 1.699 1.057 0.161 0.423 0.000 1.473 0.000 0.373 0.000 1.190 0.000 0.000 0.000 0.908 2.399 0.250 0.000 0.000 2.251 2.568 0.000 0.151 0.000 4.015 0.000 1.472 0.000 0.000 3.209 0.349 0.000 
1 test1dax_inconsistent 0.000 1.193 0.249 0.000 0.709 0.000 0.000 0.330 0.567 1.699 1.057 0.161 0.423 0.000 1.473 0.000 0.373 0.000 1.190 0.000 0.000 0.000 0.520 0.459 0.000 0.000 0.000 0.401 0.090 0.000 0.313 0.000 1.106 0.333 0.046 0.000 0.215 1.811 0.099 0.000 
0 test1dax_consistent 0.000 0.036 0.000 0.372 0.000 0.012 0.000 0.000 1.790 0.011 0.776 0.105 0.131 0.134 1.801 0.755 0.000 1.042 0.000 0.593 3.007 0.000 0.000 0.000 0.000 0.000 0.000 0.000 0.000 4.255 4.109 0.000 0.000 0.000 1.033 0.238 2.420 0.004 0.000 1.604 
1 test1dax_inconsistent 0.000 0.036 0.000 0.372 0.000 0.012 0.000 0.000 1.790 0.011 0.776 0.105 0.131 0.134 1.801 0.755 0.000 1.042 0.000 0.593 1.062 0.417 0.000 0.000 0.000 0.000 0.000 0.000 0.000 1.927 1.107 0.000 0.000 0.325 0.143 0.352 1.316 0.558 0.000 0.000 
0 test1dax_consistent 0.000 1.104 0.001 0.000 0.188 0.968 1.426 0.000 1.135 0.298 0.000 0.000 1.033 1.035 0.525 0.264 0.540 0.000 0.149 1.811 0.044 0.947 1.126 1.435 0.526 4.489 0.000 0.027 1.308 2.317 0.146 0.000 0.000 0.000 1.348 0.000 0.000 2.431 1.060 1.597 
1 test1dax_inconsistent 0.000 1.104 0.001 0.000 0.188 0.968 1.426 0.000 1.135 0.298 0.000 0.000 1.033 1.035 0.525 0.264 0.540 0.000 0.149 1.811 0.006 0.000 0.540 0.417 0.494 1.158 0.770 0.164 0.862 0.603 0.639 0.000 0.427 0.000 0.217 0.000 0.000 0.290 0.435 0.206 
0 test1dax_consistent 0.000 0.540 0.144 0.000 0.617 0.000 0.366 0.398 0.000 0.012 0.000 0.335 0.318 2.656 0.000 0.759 1.137 0.133 0.000 0.092 1.398 1.098 0.000 0.000 0.000 0.000 0.000 1.094 1.699 0.049 2.824 1.077 4.655 1.484 0.000 1.885 0.913 0.000 0.000 0.557 
1 test1dax_inconsistent 0.000 0.540 0.144 0.000 0.617 0.000 0.366 0.398 0.000 0.012 0.000 0.335 0.318 2.656 0.000 0.759 1.137 0.133 0.000 0.092 0.301 0.305 0.000 0.201 0.176 0.000 0.000 0.801 0.414 0.000 0.877 0.000 1.638 0.000 0.000 0.538 0.123 0.000 0.231 0.801 
0 test1dax_consistent 0.370 0.000 1.909 0.000 1.502 0.428 0.151 0.044 0.000 0.000 0.000 0.584 0.445 0.000 0.000 0.260 0.000 2.047 0.000 0.000 0.000 0.000 1.769 0.000 0.000 4.783 3.209 0.000 0.000 0.000 1.505 1.745 0.339 1.056 0.000 2.347 0.000 0.000 0.955 0.000 
1 test1dax_inconsistent 0.370 0.000 1.909 0.000 1.502 0.428 0.151 0.044 0.000 0.000 0.000 0.584 0.445 0.000 0.000 0.260 0.000 2.047 0.000 0.000 0.000 0.000 0.000 0.000 0.408 1.239 0.520 0.118 0.965 0.000 0.437 1.330 0.000 1.144 0.000 0.859 0.000 0.000 0.000 0.000 
0 test1dax_consistent 1.375 1.679 1.536 0.172 0.000 0.000 0.008 1.306 0.000 0.000 0.000 0.889 1.529 0.000 0.000 0.033 0.000 0.000 0.000 0.000 1.066 1.579 0.271 0.148 0.000 0.082 0.000 0.000 0.640 0.000 2.828 3.560 0.258 0.000 0.000 0.015 1.949 3.577 0.000 0.941 
1 test1dax_inconsistent 1.375 1.679 1.536 0.172 0.000 0.000 0.008 1.306 0.000 0.000 0.000 0.889 1.529 0.000 0.000 0.033 0.000 0.000 0.000 0.000 0.834 0.396 0.670 0.146 0.000 0.000 0.000 0.522 0.592 0.067 1.084 0.845 0.000 0.000 0.000 0.000 1.285 0.800 0.331 0.000 
0 test1dax_consistent 0.509 0.231 0.000 0.143 0.398 1.209 0.770 0.000 0.263 0.000 1.224 0.000 0.000 0.353 1.807 0.754 0.467 0.816 0.281 0.496 0.000 0.636 3.197 0.000 0.296 0.000 0.000 0.000 0.972 0.000 2.035 1.654 2.033 0.527 0.373 1.773 2.000 0.000 0.359 3.223 
1 test1dax_inconsistent 0.509 0.231 0.000 0.143 0.398 1.209 0.770 0.000 0.263 0.000 1.224 0.000 0.000 0.353 1.807 0.754 0.467 0.816 0.281 0.496 0.169 0.740 1.008 0.000 0.000 0.000 0.000 0.000 0.334 0.214 0.000 0.826 0.147 0.712 0.057 0.015 0.760 0.000 0.747 0.613 
0 test1dax_consistent 0.546 0.000 0.852 1.530 0.000 0.544 0.605 0.000 0.000 0.027 0.916 0.824 1.046 0.126 1.130 0.849 0.470 0.750 0.576 0.876 1.554 0.000 0.710 0.000 0.060 1.909 0.000 0.000 0.000 0.000 0.481 0.000 2.277 0.000 0.000 0.000 4.206 0.000 4.425 0.000 
1 test1dax_inconsistent 0.546 0.000 0.852 1.530 0.000 0.544 0.605 0.000 0.000 0.027 0.916 0.824 1.046 0.126 1.130 0.849 0.470 0.750 0.576 0.876 0.875 0.000 0.501 0.631 0.000 0.000 0.198 0.000 0.000 0.000 0.165 0.455 0.763 0.000 0.000 0.000 1.915 0.000 1.316 0.430 
0 test1dax_consistent 0.000 0.000 0.000 0.000 1.055 0.000 0.000 0.000 0.564 0.790 0.000 0.213 1.216 0.000 0.000 1.622 1.025 0.000 1.878 0.386 0.000 0.000 0.000 0.000 0.000 0.000 4.950 0.000 0.228 0.000 3.486 0.000 2.668 0.000 0.555 0.000 0.000 0.000 3.480 0.000 
1 test1dax_inconsistent 0.000 0.000 0.000 0.000 1.055 0.000 0.000 0.000 0.564 0.790 0.000 0.213 1.216 0.000 0.000 1.622 1.025 0.000 1.878 0.386 0.000 0.000 0.000 0.000 0.000 0.000 2.190 0.000 1.325 0.101 0.881 0.000 0.000 0.000 0.536 0.000 0.172 0.000 1.128 0.635 
0 test1dax_consistent 0.876 2.874 0.000 0.058 0.878 0.000 0.469 0.395 0.000 0.000 0.172 0.000 0.000 0.000 0.279 0.000 0.000 0.003 0.000 0.000 0.000 0.000 0.000 2.506 5.273 0.000 0.000 0.000 0.000 0.000 0.000 4.935 0.000 0.000 0.000 0.000 1.341 0.000 0.000 0.000 
1 test1dax_inconsistent 0.876 2.874 0.000 0.058 0.878 0.000 0.469 0.395 0.000 0.000 0.172 0.000 0.000 0.000 0.279 0.000 0.000 0.003 0.000 0.000 0.000 0.000 0.142 2.003 0.857 0.000 0.000 0.000 0.000 0.000 0.000 1.652 0.000 0.000 0.247 0.000 1.089 0.000 0.000 0.000 
