0 test1dax_consistent left_hidden0.764 1.080 1.357 0.303 0.259 1.563 0.000 0.197 0.000 1.316 0.562 0.000 1.331 0.111 1.294 0.000 0.417 0.000 0.139 0.306 
0 test1dax_consistent right_hidden0.000 0.000 2.532 0.326 0.000 0.331 0.523 1.951 0.531 2.659 0.000 0.000 1.214 0.000 0.138 0.000 3.054 3.524 0.000 0.192 
1 test1dax_inconsistent left_hidden0.764 1.080 1.357 0.303 0.259 1.563 0.000 0.197 0.000 1.316 0.562 0.000 1.331 0.111 1.294 0.000 0.417 0.000 0.139 0.306 
1 test1dax_inconsistent right_hidden0.000 0.000 1.434 1.031 0.000 0.000 0.253 1.078 0.328 1.544 0.000 0.000 0.402 0.000 0.580 0.000 2.093 1.584 0.029 0.103 
0 test1dax_consistent left_hidden0.247 0.684 0.484 1.011 0.451 0.000 0.334 1.856 1.157 0.000 0.000 0.000 0.875 0.199 0.000 0.584 1.689 0.339 0.046 0.028 
0 test1dax_consistent right_hidden0.000 0.224 0.044 0.339 0.104 0.000 1.074 1.513 0.000 0.000 0.000 0.000 3.735 4.252 0.000 0.053 0.000 0.427 1.010 0.948 
1 test1dax_inconsistent left_hidden0.247 0.684 0.484 1.011 0.451 0.000 0.334 1.856 1.157 0.000 0.000 0.000 0.875 0.199 0.000 0.584 1.689 0.339 0.046 0.028 
1 test1dax_inconsistent right_hidden0.148 0.881 0.263 0.628 0.184 0.000 0.158 0.334 0.177 0.000 0.000 0.000 1.031 2.443 0.000 0.085 0.033 0.682 0.845 0.288 
0 test1dax_consistent left_hidden0.526 0.171 2.200 0.000 0.275 0.788 0.631 0.000 0.000 0.850 1.299 0.025 0.440 0.270 0.741 0.844 1.140 0.432 0.019 0.000 
0 test1dax_consistent right_hidden0.216 3.863 0.654 0.725 1.645 2.170 0.018 0.000 0.000 0.000 1.655 0.000 2.933 0.000 0.303 0.051 0.090 0.000 1.670 0.000 
1 test1dax_inconsistent left_hidden0.526 0.171 2.200 0.000 0.275 0.788 0.631 0.000 0.000 0.850 1.299 0.025 0.440 0.270 0.741 0.844 1.140 0.432 0.019 0.000 
1 test1dax_inconsistent right_hidden0.073 1.139 0.000 0.335 0.547 0.889 0.000 0.000 0.000 0.040 1.592 0.000 1.689 0.000 0.000 0.240 0.069 0.067 0.811 0.000 
0 test1dax_consistent left_hidden0.281 0.078 1.351 1.261 1.238 0.577 0.305 0.000 0.639 0.304 0.118 0.000 0.000 0.571 0.292 0.937 0.453 0.000 1.745 0.000 
0 test1dax_consistent right_hidden1.397 1.836 2.410 2.342 1.300 0.269 0.000 1.382 0.000 2.715 0.027 0.000 0.000 0.000 0.000 1.696 0.000 1.415 0.007 0.000 
1 test1dax_inconsistent left_hidden0.281 0.078 1.351 1.261 1.238 0.577 0.305 0.000 0.639 0.304 0.118 0.000 0.000 0.571 0.292 0.937 0.453 0.000 1.745 0.000 
1 test1dax_inconsistent right_hidden0.871 0.497 0.894 1.219 0.731 0.562 0.000 0.189 0.000 1.290 0.358 0.000 0.130 0.000 0.046 0.728 0.166 0.980 0.559 0.000 
0 test1dax_consistent left_hidden0.639 1.141 0.000 1.683 0.000 0.061 0.754 0.486 0.499 0.000 0.859 1.255 0.000 0.479 0.706 0.000 0.228 0.531 0.000 1.302 
0 test1dax_consistent right_hidden2.707 0.094 0.000 0.198 0.000 0.236 0.000 0.000 3.208 1.456 1.600 2.355 0.000 0.666 1.499 0.617 0.176 0.000 1.782 0.124 
1 test1dax_inconsistent left_hidden0.639 1.141 0.000 1.683 0.000 0.061 0.754 0.486 0.499 0.000 0.859 1.255 0.000 0.479 0.706 0.000 0.228 0.531 0.000 1.302 
1 test1dax_inconsistent right_hidden0.907 0.943 0.034 0.219 0.035 0.719 0.000 0.000 1.243 0.103 1.195 0.353 0.000 0.186 0.620 0.534 0.624 0.000 0.467 0.230 
0 test1dax_consistent left_hidden1.107 1.059 0.000 0.382 0.417 1.339 0.000 0.344 0.895 1.946 1.172 0.410 0.732 0.908 0.000 0.000 0.196 0.000 0.000 0.000 
0 test1dax_consistent right_hidden0.000 0.415 0.000 0.000 2.036 3.011 0.000 0.511 2.006 1.877 1.546 2.966 1.678 0.000 0.000 0.000 0.000 0.000 0.000 1.899 
1 test1dax_inconsistent left_hidden1.107 1.059 0.000 0.382 0.417 1.339 0.000 0.344 0.895 1.946 1.172 0.410 0.732 0.908 0.000 0.000 0.196 0.000 0.000 0.000 
1 test1dax_inconsistent right_hidden0.108 0.043 0.000 0.000 1.226 0.953 0.189 0.174 0.246 1.851 0.313 2.033 1.035 0.000 0.000 0.000 0.030 0.144 0.000 1.175 
0 test1dax_consistent left_hidden0.000 0.801 0.981 0.000 0.606 0.274 0.000 1.052 1.502 0.010 1.892 0.039 1.137 0.109 0.022 0.266 0.000 1.162 0.379 0.231 
0 test1dax_consistent right_hidden0.000 0.000 1.258 0.000 0.030 0.000 0.576 1.950 2.467 2.830 0.004 0.000 0.025 0.000 0.000 0.025 0.000 0.442 0.032 3.836 
1 test1dax_inconsistent left_hidden0.000 0.801 0.981 0.000 0.606 0.274 0.000 1.052 1.502 0.010 1.892 0.039 1.137 0.109 0.022 0.266 0.000 1.162 0.379 0.231 
1 test1dax_inconsistent right_hidden0.006 0.000 1.095 0.000 0.173 0.393 0.472 0.595 1.868 1.455 0.363 0.000 0.445 0.000 0.000 0.000 0.000 0.063 0.252 1.117 
0 test1dax_consistent left_hidden0.000 0.150 0.404 0.974 1.137 1.599 0.000 0.983 0.000 0.000 0.013 0.121 0.461 0.000 0.699 0.042 0.030 0.269 2.483 0.000 
0 test1dax_consistent right_hidden1.728 1.275 0.000 0.117 0.405 1.342 0.000 5.161 0.000 0.162 0.000 1.161 1.295 1.451 0.426 1.609 0.032 0.000 0.000 0.000 
1 test1dax_inconsistent left_hidden0.000 0.150 0.404 0.974 1.137 1.599 0.000 0.983 0.000 0.000 0.013 0.121 0.461 0.000 0.699 0.042 0.030 0.269 2.483 0.000 
1 test1dax_inconsistent right_hidden0.397 0.847 0.130 0.434 0.932 0.381 0.065 2.093 0.168 0.000 0.000 0.561 0.472 1.325 0.436 0.929 0.193 0.074 0.000 0.000 
0 test1dax_consistent left_hidden0.533 0.000 0.959 0.316 0.480 1.561 0.000 0.000 2.107 0.138 0.000 0.130 0.375 0.000 0.532 0.633 0.180 1.028 0.218 0.152 
0 test1dax_consistent right_hidden4.017 0.691 1.172 0.000 0.086 0.188 2.725 0.000 2.381 0.000 0.000 0.000 0.785 0.000 0.272 0.574 0.000 0.000 1.065 0.000 
1 test1dax_inconsistent left_hidden0.533 0.000 0.959 0.316 0.480 1.561 0.000 0.000 2.107 0.138 0.000 0.130 0.375 0.000 0.532 0.633 0.180 1.028 0.218 0.152 
1 test1dax_inconsistent right_hidden1.366 0.710 0.271 0.000 0.433 0.800 1.849 0.000 1.504 0.000 0.000 0.000 0.327 0.000 0.000 0.226 0.039 0.149 0.000 0.000 
0 test1dax_consistent left_hidden0.147 1.140 0.000 0.636 0.229 1.548 0.000 0.353 0.709 1.722 0.848 0.000 0.428 0.360 1.714 0.000 0.000 0.000 0.000 0.000 
0 test1dax_consistent right_hidden0.000 2.508 0.000 0.000 0.000 0.176 1.975 0.000 2.554 2.008 0.000 0.588 1.771 0.000 1.500 0.000 0.000 0.000 0.000 2.822 
1 test1dax_inconsistent left_hidden0.147 1.140 0.000 0.636 0.229 1.548 0.000 0.353 0.709 1.722 0.848 0.000 0.428 0.360 1.714 0.000 0.000 0.000 0.000 0.000 
1 test1dax_inconsistent right_hidden0.000 1.803 0.000 0.454 0.053 0.150 0.217 0.159 1.358 0.676 0.000 0.713 1.440 0.285 0.182 0.000 0.000 0.000 0.332 1.350 
0 test1dax_consistent left_hidden0.175 1.509 0.513 0.446 0.350 2.152 0.046 0.000 0.569 0.000 0.413 0.240 0.000 0.000 0.684 0.000 0.975 1.242 0.297 0.000 
0 test1dax_consistent right_hidden2.222 0.000 0.450 2.209 0.127 0.393 0.000 0.000 0.000 0.551 0.052 3.821 0.000 4.224 0.000 0.000 1.058 0.000 0.000 0.000 
1 test1dax_inconsistent left_hidden0.175 1.509 0.513 0.446 0.350 2.152 0.046 0.000 0.569 0.000 0.413 0.240 0.000 0.000 0.684 0.000 0.975 1.242 0.297 0.000 
1 test1dax_inconsistent right_hidden1.326 0.093 0.784 0.483 0.153 0.846 0.000 0.011 0.000 0.926 0.199 1.111 0.000 2.193 0.000 0.000 0.047 0.000 0.000 0.000 
0 test1dax_consistent left_hidden0.201 0.827 1.364 0.918 0.000 0.000 0.000 1.358 0.000 0.264 0.186 0.000 0.010 1.268 0.107 1.023 1.606 0.000 0.000 0.364 
0 test1dax_consistent right_hidden0.000 0.000 1.842 0.000 0.000 0.000 0.000 0.000 0.000 0.000 0.000 0.000 0.000 4.605 0.000 1.241 0.000 0.000 1.496 0.966 
1 test1dax_inconsistent left_hidden0.201 0.827 1.364 0.918 0.000 0.000 0.000 1.358 0.000 0.264 0.186 0.000 0.010 1.268 0.107 1.023 1.606 0.000 0.000 0.364 
1 test1dax_inconsistent right_hidden0.000 0.010 0.535 0.313 0.000 0.000 0.000 0.000 0.000 0.000 0.067 0.000 0.000 2.489 0.000 0.278 0.000 0.000 0.000 0.197 
0 test1dax_consistent left_hidden0.133 0.666 2.158 0.000 2.095 0.181 0.000 0.000 0.000 0.053 0.059 0.000 0.000 0.757 1.109 0.337 0.151 0.467 0.000 1.408 
0 test1dax_consistent right_hidden0.393 1.670 1.024 0.000 4.170 1.506 2.248 0.000 0.302 0.019 0.000 0.336 3.160 1.456 0.057 0.000 0.221 0.328 0.000 1.764 
1 test1dax_inconsistent left_hidden0.133 0.666 2.158 0.000 2.095 0.181 0.000 0.000 0.000 0.053 0.059 0.000 0.000 0.757 1.109 0.337 0.151 0.467 0.000 1.408 
1 test1dax_inconsistent right_hidden0.335 0.291 0.667 0.000 2.264 0.430 0.466 0.000 0.445 0.100 0.000 0.537 0.903 0.346 0.000 0.328 0.000 0.005 0.000 1.167 
0 test1dax_consistent left_hidden0.000 0.494 1.462 0.000 0.000 0.000 1.254 0.000 0.163 0.000 0.000 0.000 0.031 0.854 1.591 2.063 0.163 0.000 0.042 0.863 
0 test1dax_consistent right_hidden0.000 2.608 0.236 0.000 0.000 0.000 0.295 2.386 0.157 0.000 0.000 0.000 0.091 1.373 2.290 1.330 0.000 0.000 2.213 3.590 
1 test1dax_inconsistent left_hidden0.000 0.494 1.462 0.000 0.000 0.000 1.254 0.000 0.163 0.000 0.000 0.000 0.031 0.854 1.591 2.063 0.163 0.000 0.042 0.863 
1 test1dax_inconsistent right_hidden0.000 2.003 0.509 0.000 0.000 0.000 0.000 1.023 0.324 0.000 0.000 0.145 0.328 1.187 1.328 0.450 0.000 0.000 0.342 1.098 
0 test1dax_consistent left_hidden0.405 0.247 1.307 0.000 0.000 0.000 0.000 0.000 0.000 1.187 0.000 0.000 0.000 0.635 0.275 1.613 0.699 1.880 0.000 0.000 
0 test1dax_consistent right_hidden0.000 2.361 0.070 0.438 0.000 0.000 0.000 1.173 0.000 0.000 0.000 0.000 0.000 0.000 1.072 3.750 1.899 3.002 0.000 0.000 
1 test1dax_inconsistent left_hidden0.405 0.247 1.307 0.000 0.000 0.000 0.000 0.000 0.000 1.187 0.000 0.000 0.000 0.635 0.275 1.613 0.699 1.880 0.000 0.000 
1 test1dax_inconsistent right_hidden0.077 0.420 0.119 0.620 0.000 0.000 0.000 0.893 0.000 0.272 0.000 0.000 0.000 0.024 0.253 1.470 0.639 2.274 0.000 0.000 
0 test1dax_consistent left_hidden0.147 0.146 0.519 0.135 0.000 0.571 1.130 0.000 0.305 0.000 1.101 0.415 0.778 1.888 0.160 0.000 0.684 1.199 0.877 0.306 
0 test1dax_consistent right_hidden0.000 0.356 0.000 0.000 0.000 4.741 0.000 0.000 1.084 0.000 1.370 0.760 0.468 2.086 0.000 0.000 0.152 0.000 1.517 0.005 
1 test1dax_inconsistent left_hidden0.147 0.146 0.519 0.135 0.000 0.571 1.130 0.000 0.305 0.000 1.101 0.415 0.778 1.888 0.160 0.000 0.684 1.199 0.877 0.306 
1 test1dax_inconsistent right_hidden0.000 0.213 0.000 0.000 0.126 1.782 0.000 0.000 1.033 0.310 0.786 0.681 0.929 0.249 0.000 0.000 0.239 0.118 1.104 0.226 
0 test1dax_consistent left_hidden0.761 0.468 0.898 0.000 0.000 0.289 0.591 0.270 0.202 0.019 0.000 0.000 2.148 0.000 0.168 0.302 0.863 1.621 0.512 1.116 
0 test1dax_consistent right_hidden1.051 1.600 0.000 2.639 0.000 0.000 1.191 0.000 3.599 0.005 0.267 0.789 1.925 0.000 0.252 0.337 0.444 0.913 0.470 1.462 
1 test1dax_inconsistent left_hidden0.761 0.468 0.898 0.000 0.000 0.289 0.591 0.270 0.202 0.019 0.000 0.000 2.148 0.000 0.168 0.302 0.863 1.621 0.512 1.116 
1 test1dax_inconsistent right_hidden1.179 1.515 0.444 1.428 0.000 0.000 0.297 0.000 1.393 0.000 0.342 0.162 0.399 0.000 0.399 0.748 0.829 0.421 0.434 0.566 
0 test1dax_consistent left_hidden0.249 0.242 2.232 0.163 0.000 0.985 0.000 0.512 0.013 0.000 0.400 0.000 0.000 1.110 0.000 0.907 0.000 1.727 0.550 0.028 
0 test1dax_consistent right_hidden0.632 0.042 0.054 0.556 0.000 0.585 0.343 1.317 1.360 0.000 2.188 0.000 2.916 0.000 0.000 2.159 0.000 1.767 0.000 2.603 
1 test1dax_inconsistent left_hidden0.249 0.242 2.232 0.163 0.000 0.985 0.000 0.512 0.013 0.000 0.400 0.000 0.000 1.110 0.000 0.907 0.000 1.727 0.550 0.028 
1 test1dax_inconsistent right_hidden0.301 0.136 0.513 0.337 0.050 0.057 0.306 0.905 0.231 0.137 1.635 0.000 0.918 0.404 0.098 1.534 0.267 1.004 0.000 0.756 
0 test1dax_consistent left_hidden0.000 0.000 0.000 0.281 1.502 0.471 0.200 0.000 0.000 0.550 0.000 0.307 1.924 0.000 1.782 0.000 0.886 0.348 1.164 0.000 
0 test1dax_consistent right_hidden0.000 0.000 0.000 0.000 0.225 3.125 1.259 0.083 2.374 0.000 2.603 0.110 0.846 0.000 1.989 1.012 0.000 0.000 0.000 0.382 
1 test1dax_inconsistent left_hidden0.000 0.000 0.000 0.281 1.502 0.471 0.200 0.000 0.000 0.550 0.000 0.307 1.924 0.000 1.782 0.000 0.886 0.348 1.164 0.000 
1 test1dax_inconsistent right_hidden0.000 0.000 0.000 0.000 0.644 1.671 0.278 0.458 0.918 0.000 0.408 0.070 1.156 0.000 1.077 0.378 0.000 0.119 0.000 0.209 
0 test1dax_consistent left_hidden0.081 0.000 0.857 1.321 0.000 0.000 2.315 0.000 0.780 0.446 0.000 0.000 0.636 0.000 1.012 0.000 0.858 0.034 0.000 0.000 
0 test1dax_consistent right_hidden0.000 0.000 0.000 0.007 0.000 2.465 0.091 0.000 0.448 1.276 1.114 0.000 0.000 0.000 0.902 2.453 4.517 0.000 0.000 1.254 
1 test1dax_inconsistent left_hidden0.081 0.000 0.857 1.321 0.000 0.000 2.315 0.000 0.780 0.446 0.000 0.000 0.636 0.000 1.012 0.000 0.858 0.034 0.000 0.000 
1 test1dax_inconsistent right_hidden0.000 0.000 0.000 0.000 0.000 0.557 0.563 0.000 0.697 1.085 0.212 0.000 0.022 0.000 0.427 1.018 2.405 0.000 0.186 0.432 
0 test1dax_consistent left_hidden0.309 0.369 0.157 0.000 1.058 0.487 0.619 0.130 0.492 1.451 0.993 0.405 1.081 2.014 1.068 0.076 0.000 0.438 0.000 0.000 
0 test1dax_consistent right_hidden0.083 1.132 0.000 0.000 0.770 0.000 0.397 0.000 0.000 2.200 0.000 2.280 0.975 3.868 0.000 2.175 0.000 0.000 0.000 1.367 
1 test1dax_inconsistent left_hidden0.309 0.369 0.157 0.000 1.058 0.487 0.619 0.130 0.492 1.451 0.993 0.405 1.081 2.014 1.068 0.076 0.000 0.438 0.000 0.000 
1 test1dax_inconsistent right_hidden0.000 0.000 0.000 0.000 0.016 0.000 0.000 0.000 0.058 0.980 0.511 0.837 0.736 1.274 0.000 1.364 0.000 0.022 0.000 0.211 
0 test1dax_consistent left_hidden0.795 0.376 1.543 0.179 0.900 0.328 0.902 1.003 1.401 0.000 0.000 0.000 1.120 0.000 0.462 1.297 0.668 1.142 0.000 0.387 
0 test1dax_consistent right_hidden0.975 0.502 3.415 0.000 0.000 0.000 2.950 2.062 1.745 0.000 0.000 0.000 0.005 1.834 0.000 0.582 0.000 0.000 0.000 0.000 
1 test1dax_inconsistent left_hidden0.795 0.376 1.543 0.179 0.900 0.328 0.902 1.003 1.401 0.000 0.000 0.000 1.120 0.000 0.462 1.297 0.668 1.142 0.000 0.387 
1 test1dax_inconsistent right_hidden0.295 0.271 2.095 0.000 0.124 0.000 1.045 0.437 0.203 0.000 0.000 0.000 0.642 1.118 0.060 0.390 0.000 0.000 0.000 0.000 
0 test1dax_consistent left_hidden0.000 0.108 0.000 0.000 1.279 0.645 0.324 0.000 0.827 0.003 0.887 1.748 0.400 0.872 1.537 0.077 0.848 0.000 0.000 0.000 
0 test1dax_consistent right_hidden0.000 2.960 0.000 1.333 1.112 0.764 1.913 0.000 0.000 0.000 0.169 3.444 0.000 0.000 0.017 0.000 2.891 0.000 0.828 0.024 
1 test1dax_inconsistent left_hidden0.000 0.108 0.000 0.000 1.279 0.645 0.324 0.000 0.827 0.003 0.887 1.748 0.400 0.872 1.537 0.077 0.848 0.000 0.000 0.000 
1 test1dax_inconsistent right_hidden0.043 1.918 0.000 0.390 1.051 0.871 1.042 0.000 0.327 0.000 0.458 1.047 0.000 0.153 0.509 0.075 1.343 0.000 0.000 0.406 
0 test1dax_consistent left_hidden1.355 1.811 0.699 0.000 0.669 0.791 0.000 0.021 0.000 0.916 0.525 0.299 0.000 0.000 1.540 0.000 0.000 0.751 0.000 0.676 
0 test1dax_consistent right_hidden0.010 2.680 2.750 1.463 0.191 0.000 0.000 0.027 0.000 0.440 0.000 0.768 2.389 0.000 0.018 0.000 0.276 2.915 0.883 0.000 
1 test1dax_inconsistent left_hidden1.355 1.811 0.699 0.000 0.669 0.791 0.000 0.021 0.000 0.916 0.525 0.299 0.000 0.000 1.540 0.000 0.000 0.751 0.000 0.676 
1 test1dax_inconsistent right_hidden0.189 1.945 1.863 0.460 0.336 0.028 0.000 0.000 0.174 0.000 0.154 0.000 0.711 0.054 0.171 0.100 0.167 0.815 0.266 0.205 
0 test1dax_consistent left_hidden1.467 0.000 0.000 0.666 0.429 0.000 0.000 0.000 0.096 0.675 0.883 0.000 0.000 0.000 1.930 0.000 0.123 0.940 0.663 0.767 
0 test1dax_consistent right_hidden1.638 0.000 0.000 2.956 1.342 0.000 3.179 0.000 0.569 0.016 0.000 0.000 0.000 0.000 0.159 0.856 0.464 2.215 2.332 0.150 
1 test1dax_inconsistent left_hidden1.467 0.000 0.000 0.666 0.429 0.000 0.000 0.000 0.096 0.675 0.883 0.000 0.000 0.000 1.930 0.000 0.123 0.940 0.663 0.767 
1 test1dax_inconsistent right_hidden1.281 0.000 0.016 1.113 0.829 0.000 1.091 0.000 0.000 0.000 0.000 0.000 0.000 0.000 0.077 0.344 0.725 0.877 1.669 0.000 
0 test1dax_consistent left_hidden0.000 0.178 0.578 0.729 0.110 1.105 0.195 0.000 0.000 2.264 0.000 0.000 1.585 0.000 1.055 0.000 0.932 0.524 0.345 0.000 
0 test1dax_consistent right_hidden0.352 1.903 2.064 0.000 0.000 0.000 2.732 2.583 0.000 2.551 1.245 1.606 0.159 0.000 0.000 1.423 0.111 0.462 0.000 0.000 
1 test1dax_inconsistent left_hidden0.000 0.178 0.578 0.729 0.110 1.105 0.195 0.000 0.000 2.264 0.000 0.000 1.585 0.000 1.055 0.000 0.932 0.524 0.345 0.000 
1 test1dax_inconsistent right_hidden0.942 0.991 0.681 0.044 0.000 0.148 1.672 1.111 0.000 0.813 0.279 0.480 0.000 0.000 0.279 0.372 0.807 0.368 0.000 0.000 
0 test1dax_consistent left_hidden0.491 0.585 0.559 1.218 0.376 0.497 0.611 0.000 0.000 0.269 0.383 2.258 0.254 0.000 0.000 0.357 0.949 1.088 0.299 0.948 
0 test1dax_consistent right_hidden0.000 0.000 0.862 0.124 0.000 0.000 0.000 0.000 3.371 0.626 0.000 0.000 0.000 0.096 0.000 0.000 0.292 2.021 0.000 3.530 
1 test1dax_inconsistent left_hidden0.491 0.585 0.559 1.218 0.376 0.497 0.611 0.000 0.000 0.269 0.383 2.258 0.254 0.000 0.000 0.357 0.949 1.088 0.299 0.948 
1 test1dax_inconsistent right_hidden0.077 0.028 1.151 0.230 0.000 0.000 0.132 0.000 1.398 1.100 0.152 0.077 0.000 0.127 0.000 0.000 0.000 0.167 0.000 1.807 
0 test1dax_consistent left_hidden0.000 0.000 2.650 0.000 0.050 0.210 0.000 0.740 0.000 0.429 0.000 0.000 0.100 1.632 0.103 0.000 0.531 0.500 1.087 0.142 
0 test1dax_consistent right_hidden1.830 0.000 3.624 0.000 0.000 1.847 0.455 3.089 1.284 0.081 0.000 0.000 0.979 0.705 0.454 0.000 1.860 0.000 1.102 0.595 
1 test1dax_inconsistent left_hidden0.000 0.000 2.650 0.000 0.050 0.210 0.000 0.740 0.000 0.429 0.000 0.000 0.100 1.632 0.103 0.000 0.531 0.500 1.087 0.142 
1 test1dax_inconsistent right_hidden0.664 0.000 1.882 0.000 0.000 0.984 0.000 0.990 0.497 0.000 0.000 0.000 0.761 0.745 0.128 0.000 0.941 0.000 0.990 0.752 
0 test1dax_consistent left_hidden1.781 0.000 0.866 1.453 0.000 0.000 1.644 0.000 1.102 0.423 0.000 0.000 0.497 1.100 0.000 0.122 0.000 0.642 0.089 0.000 
0 test1dax_consistent right_hidden1.522 0.000 0.552 3.018 0.000 0.000 0.000 0.000 0.000 0.396 0.285 0.000 1.115 2.352 1.065 0.000 0.000 4.066 1.345 0.000 
1 test1dax_inconsistent left_hidden1.781 0.000 0.866 1.453 0.000 0.000 1.644 0.000 1.102 0.423 0.000 0.000 0.497 1.100 0.000 0.122 0.000 0.642 0.089 0.000 
1 test1dax_inconsistent right_hidden1.309 0.225 0.796 1.387 0.000 0.000 0.300 0.000 0.048 0.785 0.000 0.000 0.897 0.460 0.217 0.146 0.000 2.100 0.198 0.000 
0 test1dax_consistent left_hidden0.243 1.055 0.000 1.085 0.046 2.560 0.000 1.083 0.234 0.000 0.000 0.087 0.000 0.624 0.000 0.000 1.176 0.446 0.000 0.293 
0 test1dax_consistent right_hidden1.999 0.000 0.000 3.497 0.000 2.334 0.035 0.000 0.000 0.000 0.000 0.000 0.000 0.465 0.189 2.537 1.613 0.000 0.000 2.043 
1 test1dax_inconsistent left_hidden0.243 1.055 0.000 1.085 0.046 2.560 0.000 1.083 0.234 0.000 0.000 0.087 0.000 0.624 0.000 0.000 1.176 0.446 0.000 0.293 
1 test1dax_inconsistent right_hidden1.212 0.000 0.000 1.264 0.104 0.844 0.000 0.000 0.098 0.000 0.000 0.043 0.135 0.673 0.446 0.445 1.236 0.000 0.091 1.230 
0 test1dax_consistent left_hidden2.558 1.406 0.064 0.322 0.000 0.585 1.266 0.629 0.916 0.000 0.111 0.000 0.022 0.000 0.000 0.000 0.000 0.366 0.000 0.429 
0 test1dax_consistent right_hidden3.499 2.249 0.000 1.022 0.033 0.523 0.978 1.037 0.916 1.164 0.000 0.000 0.000 0.000 0.000 0.000 3.558 0.459 0.000 1.351 
1 test1dax_inconsistent left_hidden2.558 1.406 0.064 0.322 0.000 0.585 1.266 0.629 0.916 0.000 0.111 0.000 0.022 0.000 0.000 0.000 0.000 0.366 0.000 0.429 
1 test1dax_inconsistent right_hidden1.585 1.414 0.031 0.184 0.031 0.690 0.134 1.054 0.384 0.250 0.000 0.000 0.000 0.000 0.000 0.000 1.266 0.121 0.000 0.454 
0 test1dax_consistent left_hidden0.966 1.671 0.531 0.302 0.130 2.036 0.263 0.099 0.867 0.000 1.351 0.000 0.460 0.000 0.718 0.000 0.239 0.598 0.265 0.181 
0 test1dax_consistent right_hidden0.000 3.284 0.534 0.000 0.000 0.620 1.887 0.000 3.253 0.000 0.150 0.000 0.000 0.000 1.060 0.000 0.038 1.853 1.950 0.000 
1 test1dax_inconsistent left_hidden0.966 1.671 0.531 0.302 0.130 2.036 0.263 0.099 0.867 0.000 1.351 0.000 0.460 0.000 0.718 0.000 0.239 0.598 0.265 0.181 
1 test1dax_inconsistent right_hidden0.088 0.670 0.000 0.000 0.207 0.916 1.660 0.000 1.668 0.000 0.689 0.000 0.182 0.000 0.622 0.000 0.199 1.306 1.055 0.000 
0 test1dax_consistent left_hidden1.883 0.791 1.246 1.038 0.036 0.000 0.014 0.000 1.160 0.037 0.000 0.000 1.227 0.644 0.011 1.109 0.000 0.499 0.411 0.223 
0 test1dax_consistent right_hidden1.350 1.597 0.000 1.871 0.000 0.000 0.000 0.298 2.921 0.000 1.105 0.000 0.658 3.197 1.408 0.185 0.496 0.113 0.072 0.250 
1 test1dax_inconsistent left_hidden1.883 0.791 1.246 1.038 0.036 0.000 0.014 0.000 1.160 0.037 0.000 0.000 1.227 0.644 0.011 1.109 0.000 0.499 0.411 0.223 
1 test1dax_inconsistent right_hidden1.215 0.553 0.077 0.429 0.000 0.000 0.109 0.093 0.901 0.000 0.246 0.000 0.071 1.685 1.115 0.203 0.000 0.635 0.242 0.000 
0 test1dax_consistent left_hidden2.403 0.437 0.000 0.000 0.000 0.000 0.084 0.070 0.065 0.000 0.000 0.000 0.707 0.000 0.000 0.000 1.179 0.852 1.561 1.540 
0 test1dax_consistent right_hidden0.000 4.059 0.000 0.913 0.000 0.122 0.584 0.000 0.000 1.225 0.280 0.000 1.262 0.000 0.000 0.844 0.000 0.000 0.000 2.379 
1 test1dax_inconsistent left_hidden2.403 0.437 0.000 0.000 0.000 0.000 0.084 0.070 0.065 0.000 0.000 0.000 0.707 0.000 0.000 0.000 1.179 0.852 1.561 1.540 
1 test1dax_inconsistent right_hidden0.480 1.002 0.206 0.155 0.000 0.262 0.720 0.000 0.000 0.156 0.487 0.014 0.412 0.000 0.000 0.674 0.000 0.000 0.000 1.143 
0 test1dax_consistent left_hidden0.342 0.863 1.471 0.177 0.000 0.847 0.887 0.051 2.000 0.215 0.142 0.099 0.247 0.945 0.000 0.630 0.000 1.007 0.144 0.007 
0 test1dax_consistent right_hidden2.284 2.058 2.060 0.000 0.000 0.172 0.000 0.000 0.066 0.945 0.000 0.000 0.094 2.093 0.771 0.000 3.925 0.023 0.000 0.000 
1 test1dax_inconsistent left_hidden0.342 0.863 1.471 0.177 0.000 0.847 0.887 0.051 2.000 0.215 0.142 0.099 0.247 0.945 0.000 0.630 0.000 1.007 0.144 0.007 
1 test1dax_inconsistent right_hidden0.875 0.957 0.365 0.000 0.000 0.247 0.000 0.000 0.256 0.883 0.000 0.059 0.104 1.624 0.182 0.000 1.655 0.283 0.098 0.000 
0 test1dax_consistent left_hidden1.884 0.809 0.347 1.182 0.000 0.000 0.398 0.975 0.399 1.353 0.755 0.000 0.987 0.000 1.106 0.888 0.000 0.244 1.171 0.000 
0 test1dax_consistent right_hidden3.667 2.432 0.000 1.551 0.274 0.000 0.000 0.630 0.000 1.879 0.110 1.239 1.956 0.000 0.647 1.055 0.000 0.000 1.809 0.789 
1 test1dax_inconsistent left_hidden1.884 0.809 0.347 1.182 0.000 0.000 0.398 0.975 0.399 1.353 0.755 0.000 0.987 0.000 1.106 0.888 0.000 0.244 1.171 0.000 
1 test1dax_inconsistent right_hidden1.955 0.694 0.005 0.471 0.042 0.000 0.000 0.581 0.000 0.986 0.750 0.643 0.717 0.000 0.728 0.347 0.000 0.103 1.157 0.062 
0 test1dax_consistent left_hidden0.139 0.069 0.229 0.000 0.000 0.081 0.348 0.000 0.000 0.857 0.000 0.538 1.629 0.000 0.229 0.000 2.820 0.170 0.000 0.000 
0 test1dax_consistent right_hidden0.000 3.104 1.588 0.000 0.258 0.000 1.429 0.499 0.000 0.206 0.931 0.044 0.158 0.000 2.132 0.000 4.171 0.000 0.000 0.000 
1 test1dax_inconsistent left_hidden0.139 0.069 0.229 0.000 0.000 0.081 0.348 0.000 0.000 0.857 0.000 0.538 1.629 0.000 0.229 0.000 2.820 0.170 0.000 0.000 
1 test1dax_inconsistent right_hidden0.000 1.337 1.035 0.000 0.607 0.000 0.144 0.000 0.000 0.000 0.532 0.000 0.654 0.000 1.440 0.000 1.776 0.000 0.042 0.000 
0 test1dax_consistent left_hidden0.803 1.566 0.000 0.117 0.000 0.000 0.000 0.000 0.151 0.264 1.747 0.361 0.000 0.000 0.979 0.734 0.340 1.873 0.254 0.296 
0 test1dax_consistent right_hidden0.631 1.783 1.127 2.237 0.314 0.000 0.000 1.282 0.000 0.000 1.514 0.000 0.000 0.000 4.350 0.000 0.000 0.000 1.338 0.490 
1 test1dax_inconsistent left_hidden0.803 1.566 0.000 0.117 0.000 0.000 0.000 0.000 0.151 0.264 1.747 0.361 0.000 0.000 0.979 0.734 0.340 1.873 0.254 0.296 
1 test1dax_inconsistent right_hidden0.000 0.867 0.214 1.347 0.358 0.000 0.000 1.028 0.000 0.000 1.329 0.094 0.000 0.048 1.556 0.000 0.000 0.041 1.418 0.495 
0 test1dax_consistent left_hidden1.045 2.205 0.372 0.000 0.000 0.716 0.408 0.000 0.893 0.041 1.391 0.000 0.035 0.815 0.303 0.491 0.000 0.093 0.000 0.000 
0 test1dax_consistent right_hidden0.303 1.367 0.000 0.000 0.000 0.763 0.000 0.000 0.000 0.000 0.670 0.000 0.000 2.911 0.516 1.928 4.458 0.511 0.000 0.000 
1 test1dax_inconsistent left_hidden1.045 2.205 0.372 0.000 0.000 0.716 0.408 0.000 0.893 0.041 1.391 0.000 0.035 0.815 0.303 0.491 0.000 0.093 0.000 0.000 
1 test1dax_inconsistent right_hidden0.461 0.848 0.000 0.000 0.000 0.000 0.066 0.000 0.000 0.019 0.885 0.000 0.101 1.212 0.492 1.586 1.740 0.570 0.000 0.123 
0 test1dax_consistent left_hidden0.000 0.269 0.000 0.000 0.562 0.067 0.181 0.052 0.000 0.000 1.393 0.248 0.821 0.000 1.466 0.414 1.067 0.003 0.000 2.350 
0 test1dax_consistent right_hidden0.000 0.000 0.000 0.671 1.106 0.789 0.665 1.337 0.000 0.000 1.145 0.000 3.960 0.000 0.093 0.763 2.737 0.170 0.591 2.277 
1 test1dax_inconsistent left_hidden0.000 0.269 0.000 0.000 0.562 0.067 0.181 0.052 0.000 0.000 1.393 0.248 0.821 0.000 1.466 0.414 1.067 0.003 0.000 2.350 
1 test1dax_inconsistent right_hidden0.000 0.000 0.000 0.107 1.132 0.935 0.000 0.859 0.000 0.000 0.125 0.192 1.462 0.480 0.382 0.838 1.650 0.479 0.250 1.025 
0 test1dax_consistent left_hidden0.471 0.074 1.231 1.632 1.134 0.854 0.000 0.171 0.785 0.000 1.442 0.311 0.091 0.000 0.781 0.000 1.222 0.000 0.302 0.058 
0 test1dax_consistent right_hidden0.516 0.000 4.512 2.271 0.508 2.111 0.000 0.000 0.000 0.000 0.375 0.755 1.955 0.000 0.000 0.000 0.618 0.000 0.788 0.000 
1 test1dax_inconsistent left_hidden0.471 0.074 1.231 1.632 1.134 0.854 0.000 0.171 0.785 0.000 1.442 0.311 0.091 0.000 0.781 0.000 1.222 0.000 0.302 0.058 
1 test1dax_inconsistent right_hidden0.000 0.000 1.474 1.162 0.273 1.450 0.036 0.000 0.000 0.000 0.000 0.561 0.183 0.000 0.000 0.000 1.058 0.000 0.969 0.000 
0 test1dax_consistent left_hidden0.000 1.185 1.302 0.000 1.287 1.907 0.000 0.000 0.746 0.853 0.000 0.000 1.059 1.186 0.192 0.436 0.283 0.101 0.103 0.000 
0 test1dax_consistent right_hidden0.000 1.004 4.043 0.000 1.421 2.049 0.000 0.000 0.681 0.463 1.205 0.000 0.869 3.073 0.026 0.214 2.317 0.210 0.001 0.000 
1 test1dax_inconsistent left_hidden0.000 1.185 1.302 0.000 1.287 1.907 0.000 0.000 0.746 0.853 0.000 0.000 1.059 1.186 0.192 0.436 0.283 0.101 0.103 0.000 
1 test1dax_inconsistent right_hidden0.000 1.356 1.700 0.000 1.223 0.388 0.000 0.000 0.130 0.399 0.852 0.000 1.115 1.365 0.088 0.533 0.639 0.000 0.552 0.019 
0 test1dax_consistent left_hidden0.000 0.000 0.000 0.016 1.158 0.000 1.275 0.797 0.436 0.000 0.000 0.000 0.375 1.798 0.000 0.213 0.821 0.000 2.366 0.000 
0 test1dax_consistent right_hidden0.112 1.536 0.089 0.000 0.000 0.000 0.117 0.467 0.000 2.156 0.000 0.000 2.956 2.077 2.235 1.662 0.000 0.000 2.144 0.000 
1 test1dax_inconsistent left_hidden0.000 0.000 0.000 0.016 1.158 0.000 1.275 0.797 0.436 0.000 0.000 0.000 0.375 1.798 0.000 0.213 0.821 0.000 2.366 0.000 
1 test1dax_inconsistent right_hidden0.354 0.828 0.000 0.000 0.476 0.000 0.574 0.000 0.000 1.323 0.000 0.000 0.940 1.706 0.476 0.489 0.134 0.000 0.481 0.000 
0 test1dax_consistent left_hidden0.874 0.000 0.204 1.216 0.000 0.067 0.000 0.209 0.239 0.000 0.231 0.457 0.367 1.055 0.000 0.341 0.406 0.000 1.258 2.277 
0 test1dax_consistent right_hidden0.018 1.626 0.000 3.266 0.000 0.000 0.000 0.041 0.000 0.273 0.461 1.718 2.975 1.821 0.041 2.220 0.000 0.000 0.050 0.000 
1 test1dax_inconsistent left_hidden0.874 0.000 0.204 1.216 0.000 0.067 0.000 0.209 0.239 0.000 0.231 0.457 0.367 1.055 0.000 0.341 0.406 0.000 1.258 2.277 
1 test1dax_inconsistent right_hidden0.138 1.013 0.026 1.387 0.050 0.043 0.000 0.286 0.118 0.000 0.659 0.086 0.593 1.542 0.322 1.969 0.000 0.000 0.390 0.591 
0 test1dax_consistent left_hidden0.000 0.639 1.045 0.231 0.000 1.450 0.577 1.700 0.599 0.302 0.706 0.025 0.000 0.000 0.244 0.274 0.000 1.780 0.000 0.046 
0 test1dax_consistent right_hidden0.000 0.122 0.000 0.000 0.000 0.200 4.396 0.000 0.000 0.000 1.173 3.503 0.000 0.000 0.168 0.199 0.000 1.563 0.000 1.813 
1 test1dax_inconsistent left_hidden0.000 0.639 1.045 0.231 0.000 1.450 0.577 1.700 0.599 0.302 0.706 0.025 0.000 0.000 0.244 0.274 0.000 1.780 0.000 0.046 
1 test1dax_inconsistent right_hidden0.000 0.243 0.000 0.039 0.000 0.848 1.138 0.198 0.000 0.000 0.927 1.919 0.000 0.000 0.782 0.439 0.000 1.353 0.000 1.582 
0 test1dax_consistent left_hidden0.287 0.000 0.411 0.590 2.147 1.126 0.638 0.557 0.107 0.442 1.458 0.554 0.000 0.391 0.000 0.203 0.971 0.836 1.196 0.105 
0 test1dax_consistent right_hidden0.386 0.039 0.000 0.000 0.063 1.197 0.000 2.567 0.816 0.000 0.000 1.003 0.288 0.740 0.000 0.000 4.810 0.158 0.000 0.000 
1 test1dax_inconsistent left_hidden0.287 0.000 0.411 0.590 2.147 1.126 0.638 0.557 0.107 0.442 1.458 0.554 0.000 0.391 0.000 0.203 0.971 0.836 1.196 0.105 
1 test1dax_inconsistent right_hidden0.435 0.202 0.000 0.000 0.701 1.097 0.353 0.747 0.976 0.006 0.000 0.948 0.461 0.062 0.017 0.000 2.109 0.141 0.192 0.000 
0 test1dax_consistent left_hidden0.886 0.000 0.000 0.798 0.005 0.000 0.978 0.121 0.542 0.000 1.039 1.092 2.503 0.000 0.944 0.706 0.000 0.000 0.166 1.270 
0 test1dax_consistent right_hidden0.755 0.000 1.563 1.680 0.000 0.189 0.160 0.151 0.032 0.000 2.060 0.805 1.331 1.192 0.000 1.164 3.339 1.957 0.288 1.058 
1 test1dax_inconsistent left_hidden0.886 0.000 0.000 0.798 0.005 0.000 0.978 0.121 0.542 0.000 1.039 1.092 2.503 0.000 0.944 0.706 0.000 0.000 0.166 1.270 
1 test1dax_inconsistent right_hidden0.437 0.000 0.904 0.082 0.000 0.228 0.334 0.821 0.148 0.046 1.115 0.506 1.192 0.656 0.307 0.390 1.123 0.710 0.243 0.652 
0 test1dax_consistent left_hidden0.301 1.166 0.000 0.008 0.000 0.000 0.507 1.019 0.000 1.544 0.610 0.000 1.047 0.785 0.000 0.000 0.000 0.744 0.733 1.537 
0 test1dax_consistent right_hidden1.436 0.160 0.000 1.823 0.000 0.000 0.000 3.004 1.189 0.110 0.707 0.000 1.823 3.294 0.703 0.122 0.000 1.813 2.684 0.028 
1 test1dax_inconsistent left_hidden0.301 1.166 0.000 0.008 0.000 0.000 0.507 1.019 0.000 1.544 0.610 0.000 1.047 0.785 0.000 0.000 0.000 0.744 0.733 1.537 
1 test1dax_inconsistent right_hidden1.155 0.208 0.000 0.516 0.000 0.023 0.036 1.096 0.334 0.456 0.214 0.000 0.174 1.554 0.362 0.000 0.000 1.634 1.404 0.071 
0 test1dax_consistent left_hidden1.441 1.330 0.191 1.400 0.170 0.076 1.045 0.000 1.201 0.743 0.374 0.325 0.700 0.115 1.168 0.199 0.273 0.467 0.000 0.383 
0 test1dax_consistent right_hidden0.344 1.605 0.000 1.146 0.131 0.226 0.464 0.000 1.415 0.000 0.864 1.732 2.237 3.712 0.059 0.000 0.000 0.000 0.000 1.437 
1 test1dax_inconsistent left_hidden1.441 1.330 0.191 1.400 0.170 0.076 1.045 0.000 1.201 0.743 0.374 0.325 0.700 0.115 1.168 0.199 0.273 0.467 0.000 0.383 
1 test1dax_inconsistent right_hidden0.311 0.478 0.533 1.305 0.449 0.207 0.248 0.000 1.048 0.000 0.595 0.415 1.607 1.263 0.249 0.000 0.247 0.000 0.101 0.786 
0 test1dax_consistent left_hidden1.094 0.000 0.420 0.102 0.129 0.476 1.293 0.000 1.649 0.205 0.171 0.000 0.665 1.310 0.441 0.000 1.024 0.822 0.000 1.183 
0 test1dax_consistent right_hidden1.367 0.000 0.000 0.207 2.487 2.591 0.864 0.529 2.010 0.000 0.000 0.751 0.000 1.777 0.000 2.418 0.578 0.106 0.000 0.103 
1 test1dax_inconsistent left_hidden1.094 0.000 0.420 0.102 0.129 0.476 1.293 0.000 1.649 0.205 0.171 0.000 0.665 1.310 0.441 0.000 1.024 0.822 0.000 1.183 
1 test1dax_inconsistent right_hidden1.044 0.000 0.043 0.381 1.037 1.441 0.452 0.624 0.721 0.070 0.000 0.284 0.000 1.135 0.171 0.462 0.000 0.306 0.000 0.303 
0 test1dax_consistent left_hidden1.175 0.484 0.424 0.938 0.218 0.365 0.000 0.332 0.021 0.000 0.000 0.353 1.906 0.000 0.511 0.091 0.716 0.640 1.734 0.000 
0 test1dax_consistent right_hidden3.437 0.189 0.540 1.707 0.806 0.000 1.344 2.544 0.000 0.000 1.472 0.742 0.917 0.000 2.257 0.000 0.000 0.052 1.045 0.000 
1 test1dax_inconsistent left_hidden1.175 0.484 0.424 0.938 0.218 0.365 0.000 0.332 0.021 0.000 0.000 0.353 1.906 0.000 0.511 0.091 0.716 0.640 1.734 0.000 
1 test1dax_inconsistent right_hidden0.851 0.721 1.090 0.658 0.310 0.000 0.192 1.433 0.000 0.000 0.494 0.094 0.601 0.000 1.550 0.173 0.000 0.000 0.359 0.000 
0 test1dax_consistent left_hidden1.542 1.035 0.372 0.466 0.445 0.023 0.000 0.000 0.184 0.698 0.685 0.000 2.272 0.000 0.000 0.494 0.305 1.577 0.000 0.000 
0 test1dax_consistent right_hidden1.408 2.341 0.000 3.103 1.070 0.044 1.411 0.454 0.000 0.000 2.461 0.000 1.542 0.000 0.000 0.000 1.507 0.159 2.216 0.875 
1 test1dax_inconsistent left_hidden1.542 1.035 0.372 0.466 0.445 0.023 0.000 0.000 0.184 0.698 0.685 0.000 2.272 0.000 0.000 0.494 0.305 1.577 0.000 0.000 
1 test1dax_inconsistent right_hidden0.181 0.780 0.000 1.501 0.775 0.111 0.442 0.400 0.000 0.000 0.766 0.000 0.832 0.000 0.000 0.129 1.195 0.630 0.484 0.542 
0 test1dax_consistent left_hidden0.000 1.756 0.219 0.000 0.000 0.191 0.640 0.557 2.004 0.471 0.285 0.227 0.532 0.000 0.143 0.000 1.523 0.573 0.693 0.000 
0 test1dax_consistent right_hidden0.307 2.298 0.026 0.000 1.276 0.000 1.835 0.000 2.225 0.000 0.387 1.834 2.534 0.000 0.000 0.000 0.011 0.659 2.095 0.020 
1 test1dax_inconsistent left_hidden0.000 1.756 0.219 0.000 0.000 0.191 0.640 0.557 2.004 0.471 0.285 0.227 0.532 0.000 0.143 0.000 1.523 0.573 0.693 0.000 
1 test1dax_inconsistent right_hidden0.684 0.724 0.054 0.000 0.912 0.000 1.065 0.000 1.228 0.000 0.760 0.999 0.645 0.000 0.000 0.000 0.121 0.902 0.896 0.480 
0 test1dax_consistent left_hidden0.100 0.299 0.381 0.595 1.146 0.387 0.722 0.000 0.222 0.109 1.825 0.000 0.000 0.934 0.682 1.760 0.000 0.411 0.182 0.608 
0 test1dax_consistent right_hidden0.239 1.330 0.004 1.144 3.379 0.213 0.579 0.136 0.000 0.000 0.651 0.257 0.000 0.000 0.205 0.000 0.000 3.431 2.999 0.000 
1 test1dax_inconsistent left_hidden0.100 0.299 0.381 0.595 1.146 0.387 0.722 0.000 0.222 0.109 1.825 0.000 0.000 0.934 0.682 1.760 0.000 0.411 0.182 0.608 
1 test1dax_inconsistent right_hidden0.500 0.954 0.000 1.317 1.543 0.591 1.194 0.530 0.087 0.000 0.066 0.109 0.321 0.426 0.000 0.000 0.000 1.048 1.160 0.016 
0 test1dax_consistent left_hidden0.039 0.859 0.219 0.757 0.000 0.640 1.708 0.372 0.276 0.000 0.517 0.581 1.382 0.313 0.216 1.269 0.000 1.680 0.000 0.000 
0 test1dax_consistent right_hidden1.062 0.411 0.000 1.697 0.333 0.000 0.130 0.068 1.706 1.295 2.477 0.000 0.435 2.133 0.851 0.021 1.436 3.327 0.000 0.000 
1 test1dax_inconsistent left_hidden0.039 0.859 0.219 0.757 0.000 0.640 1.708 0.372 0.276 0.000 0.517 0.581 1.382 0.313 0.216 1.269 0.000 1.680 0.000 0.000 
1 test1dax_inconsistent right_hidden0.224 0.444 0.054 0.231 0.833 0.000 0.105 0.000 0.980 0.232 1.383 0.093 0.822 0.748 0.546 0.000 0.640 1.819 0.000 0.234 
0 test1dax_consistent left_hidden0.447 0.000 2.327 0.000 0.000 0.000 0.431 0.000 0.817 1.765 0.000 0.322 0.000 0.000 0.000 0.281 0.356 0.968 0.340 0.687 
0 test1dax_consistent right_hidden0.000 0.000 1.355 0.000 0.000 0.000 1.812 0.000 1.121 1.843 0.917 1.863 0.000 0.000 0.177 0.517 0.000 4.300 0.833 2.241 
1 test1dax_inconsistent left_hidden0.447 0.000 2.327 0.000 0.000 0.000 0.431 0.000 0.817 1.765 0.000 0.322 0.000 0.000 0.000 0.281 0.356 0.968 0.340 0.687 
1 test1dax_inconsistent right_hidden0.000 0.000 0.980 0.000 0.000 0.000 1.032 0.013 0.485 0.433 0.521 0.698 0.000 0.000 0.020 0.422 0.000 1.663 0.756 1.858 
0 test1dax_consistent left_hidden0.991 2.128 0.000 0.567 0.000 0.122 0.000 0.000 1.733 0.000 0.197 0.421 0.418 0.592 0.856 0.000 0.722 0.817 0.000 0.128 
0 test1dax_consistent right_hidden3.256 1.229 1.699 0.042 0.000 1.464 0.773 0.000 1.266 0.000 0.000 0.002 0.000 1.225 2.995 0.000 2.534 1.676 0.000 0.000 
1 test1dax_inconsistent left_hidden0.991 2.128 0.000 0.567 0.000 0.122 0.000 0.000 1.733 0.000 0.197 0.421 0.418 0.592 0.856 0.000 0.722 0.817 0.000 0.128 
1 test1dax_inconsistent right_hidden1.505 0.229 0.814 0.166 0.099 0.731 0.592 0.000 1.102 0.000 0.000 0.097 0.000 0.789 1.858 0.000 1.067 0.412 0.000 0.000 
0 test1dax_consistent left_hidden0.614 0.000 0.000 0.349 0.000 0.000 0.993 0.000 0.847 1.636 0.000 0.202 0.177 0.225 0.000 0.320 1.146 0.000 2.351 0.000 
0 test1dax_consistent right_hidden3.831 0.000 0.000 2.718 0.121 0.433 0.140 0.028 0.000 0.411 2.000 0.000 0.000 2.032 0.479 0.793 2.221 0.000 0.732 0.000 
1 test1dax_inconsistent left_hidden0.614 0.000 0.000 0.349 0.000 0.000 0.993 0.000 0.847 1.636 0.000 0.202 0.177 0.225 0.000 0.320 1.146 0.000 2.351 0.000 
1 test1dax_inconsistent right_hidden2.233 0.237 0.060 0.818 0.000 0.985 0.000 0.000 0.000 0.166 0.553 0.000 0.000 0.920 0.000 1.195 0.745 0.000 0.584 0.000 
0 test1dax_consistent left_hidden0.000 0.502 0.000 0.000 0.000 0.000 0.921 1.906 0.359 0.000 0.240 0.187 2.228 0.000 0.000 0.628 1.162 1.026 0.153 0.257 
0 test1dax_consistent right_hidden0.000 0.322 0.000 2.535 0.908 0.000 2.261 0.179 0.000 0.000 0.541 0.000 0.063 0.000 1.146 4.708 0.419 1.606 0.000 0.000 
1 test1dax_inconsistent left_hidden0.000 0.502 0.000 0.000 0.000 0.000 0.921 1.906 0.359 0.000 0.240 0.187 2.228 0.000 0.000 0.628 1.162 1.026 0.153 0.257 
1 test1dax_inconsistent right_hidden0.000 0.701 0.000 1.521 0.150 0.000 1.272 0.396 0.004 0.000 0.022 0.000 0.386 0.000 0.000 1.923 0.000 1.917 0.000 0.089 
0 test1dax_consistent left_hidden0.000 0.574 0.000 0.263 1.412 0.291 0.038 0.475 0.000 0.000 2.228 1.463 0.001 0.689 0.000 0.000 0.402 0.273 0.430 0.097 
0 test1dax_consistent right_hidden0.000 0.000 0.000 0.194 3.220 0.393 0.041 3.898 0.738 0.000 0.015 2.375 0.000 0.464 0.000 0.000 0.000 2.031 0.885 0.000 
1 test1dax_inconsistent left_hidden0.000 0.574 0.000 0.263 1.412 0.291 0.038 0.475 0.000 0.000 2.228 1.463 0.001 0.689 0.000 0.000 0.402 0.273 0.430 0.097 
1 test1dax_inconsistent right_hidden0.000 0.012 0.000 0.650 1.750 0.289 0.000 1.442 0.384 0.000 0.368 1.747 0.000 0.345 0.000 0.000 0.000 0.297 0.768 0.000 
0 test1dax_consistent left_hidden0.273 0.416 0.806 0.000 0.000 0.000 0.758 0.940 0.000 0.000 0.064 0.884 0.466 1.131 0.000 2.152 0.000 0.013 0.231 1.377 
0 test1dax_consistent right_hidden0.052 3.001 0.206 1.656 0.000 0.000 0.000 1.027 0.000 3.305 0.489 0.036 0.000 0.842 0.000 0.043 0.000 0.465 0.031 3.556 
1 test1dax_inconsistent left_hidden0.273 0.416 0.806 0.000 0.000 0.000 0.758 0.940 0.000 0.000 0.064 0.884 0.466 1.131 0.000 2.152 0.000 0.013 0.231 1.377 
1 test1dax_inconsistent right_hidden0.000 1.416 0.264 0.802 0.000 0.000 0.000 0.015 0.419 0.845 0.648 0.287 0.000 1.267 0.041 0.260 0.000 0.813 0.495 1.772 
0 test1dax_consistent left_hidden0.342 0.000 0.000 1.202 0.232 0.647 0.189 0.000 0.000 0.000 0.000 1.612 0.000 0.199 0.862 1.284 0.015 0.502 0.330 2.080 
0 test1dax_consistent right_hidden0.000 0.000 0.000 4.637 0.176 0.050 1.279 0.000 0.000 1.210 0.000 1.815 0.000 0.000 0.000 0.991 0.000 0.368 0.000 3.267 
1 test1dax_inconsistent left_hidden0.342 0.000 0.000 1.202 0.232 0.647 0.189 0.000 0.000 0.000 0.000 1.612 0.000 0.199 0.862 1.284 0.015 0.502 0.330 2.080 
1 test1dax_inconsistent right_hidden0.000 0.000 0.000 2.327 0.280 0.332 0.702 0.000 0.000 0.366 0.000 0.680 0.000 0.402 0.000 1.507 0.130 0.559 0.000 0.632 
0 test1dax_consistent left_hidden0.234 0.000 0.000 0.893 0.000 0.000 2.131 0.000 0.000 0.000 0.075 0.100 0.936 0.120 0.000 0.000 0.049 2.364 0.369 0.000 
0 test1dax_consistent right_hidden0.000 0.000 0.000 0.064 1.143 0.000 1.545 0.000 0.740 0.000 0.800 0.000 0.000 0.045 1.773 0.000 4.528 2.932 1.707 1.229 
1 test1dax_inconsistent left_hidden0.234 0.000 0.000 0.893 0.000 0.000 2.131 0.000 0.000 0.000 0.075 0.100 0.936 0.120 0.000 0.000 0.049 2.364 0.369 0.000 
1 test1dax_inconsistent right_hidden0.000 0.000 0.000 0.201 1.057 0.000 0.134 0.000 0.828 0.055 0.759 0.000 0.054 0.000 0.833 0.027 1.732 1.058 0.962 1.822 
0 test1dax_consistent left_hidden0.958 0.036 0.745 0.781 0.329 0.273 0.110 0.213 1.508 0.250 0.815 0.000 1.102 0.000 1.875 0.000 1.372 0.426 0.000 0.346 
0 test1dax_consistent right_hidden3.067 1.485 1.979 0.007 2.677 0.000 0.057 0.000 1.678 0.260 0.882 0.267 0.074 0.850 0.804 0.550 0.059 0.951 0.000 0.928 
1 test1dax_inconsistent left_hidden0.958 0.036 0.745 0.781 0.329 0.273 0.110 0.213 1.508 0.250 0.815 0.000 1.102 0.000 1.875 0.000 1.372 0.426 0.000 0.346 
1 test1dax_inconsistent right_hidden0.590 0.537 0.513 0.346 0.855 0.000 0.483 0.000 1.378 0.000 0.620 0.353 0.059 0.193 0.318 0.035 0.000 0.351 0.000 1.201 
0 test1dax_consistent left_hidden0.150 0.588 2.160 1.300 0.853 0.378 0.343 0.000 1.415 0.000 0.243 0.388 1.966 0.000 0.000 0.000 0.000 0.020 0.006 0.199 
0 test1dax_consistent right_hidden0.000 0.211 1.650 0.144 3.398 1.168 0.500 2.016 2.621 0.000 0.354 2.164 0.000 0.000 0.000 0.000 0.528 1.272 0.000 1.635 
1 test1dax_inconsistent left_hidden0.150 0.588 2.160 1.300 0.853 0.378 0.343 0.000 1.415 0.000 0.243 0.388 1.966 0.000 0.000 0.000 0.000 0.020 0.006 0.199 
1 test1dax_inconsistent right_hidden0.000 0.351 0.998 0.561 1.173 0.678 0.637 1.186 0.882 0.000 0.532 1.252 0.008 0.000 0.000 0.000 0.092 0.400 0.309 0.072 
0 test1dax_consistent left_hidden0.309 0.000 0.484 0.874 0.000 1.128 1.209 0.000 0.829 0.000 0.160 0.320 0.523 0.457 0.863 0.000 0.000 0.347 1.292 2.049 
0 test1dax_consistent right_hidden0.000 0.000 0.095 1.347 0.000 0.144 0.181 0.000 2.630 0.000 0.000 1.385 2.228 2.352 0.717 2.159 1.622 0.000 1.080 0.873 
1 test1dax_inconsistent left_hidden0.309 0.000 0.484 0.874 0.000 1.128 1.209 0.000 0.829 0.000 0.160 0.320 0.523 0.457 0.863 0.000 0.000 0.347 1.292 2.049 
1 test1dax_inconsistent right_hidden0.000 0.000 0.293 0.348 0.000 0.601 0.739 0.000 0.920 0.222 0.014 0.652 1.620 1.244 0.896 0.416 0.784 0.320 0.443 0.222 
0 test1dax_consistent left_hidden0.000 1.367 0.000 0.932 0.000 1.541 0.702 0.590 0.210 0.000 0.912 0.037 1.144 0.000 1.761 0.409 0.398 0.445 0.134 0.000 
0 test1dax_consistent right_hidden0.000 0.000 0.246 1.999 2.464 2.146 2.302 0.000 0.000 0.000 0.415 3.531 0.360 0.000 0.166 0.000 0.172 0.000 0.000 0.554 
1 test1dax_inconsistent left_hidden0.000 1.367 0.000 0.932 0.000 1.541 0.702 0.590 0.210 0.000 0.912 0.037 1.144 0.000 1.761 0.409 0.398 0.445 0.134 0.000 
1 test1dax_inconsistent right_hidden0.000 0.156 0.000 0.871 1.270 1.745 0.871 0.066 0.000 0.000 0.688 1.098 0.234 0.000 0.000 0.000 0.254 0.155 0.000 0.000 
0 test1dax_consistent left_hidden0.000 0.707 0.459 0.636 0.000 0.000 0.360 0.284 0.639 0.000 0.000 0.695 0.713 0.965 0.000 0.363 2.444 1.080 0.099 0.331 
0 test1dax_consistent right_hidden0.000 1.744 0.988 0.000 0.000 0.000 5.115 2.180 0.248 0.000 0.000 1.659 0.027 0.000 0.000 0.000 0.892 0.521 0.000 0.000 
1 test1dax_inconsistent left_hidden0.000 0.707 0.459 0.636 0.000 0.000 0.360 0.284 0.639 0.000 0.000 0.695 0.713 0.965 0.000 0.363 2.444 1.080 0.099 0.331 
1 test1dax_inconsistent right_hidden0.000 1.008 0.277 0.000 0.000 0.009 2.316 0.402 0.320 0.045 0.000 1.849 0.202 0.000 0.000 0.526 0.182 0.370 0.000 0.158 
0 test1dax_consistent left_hidden0.185 0.255 0.389 0.254 1.802 0.000 0.920 0.000 0.000 2.219 0.274 1.150 0.468 0.000 0.000 0.336 0.000 0.430 0.411 0.000 
0 test1dax_consistent right_hidden3.040 0.000 0.000 0.277 0.216 0.000 1.671 0.000 0.000 3.058 0.267 1.564 1.439 0.053 1.357 0.000 0.000 0.963 0.544 0.000 
1 test1dax_inconsistent left_hidden0.185 0.255 0.389 0.254 1.802 0.000 0.920 0.000 0.000 2.219 0.274 1.150 0.468 0.000 0.000 0.336 0.000 0.430 0.411 0.000 
1 test1dax_inconsistent right_hidden0.981 0.030 0.000 0.000 0.000 0.000 0.305 0.000 0.019 1.437 0.479 0.924 1.056 0.086 0.105 0.000 0.000 1.226 0.783 0.000 
0 test1dax_consistent left_hidden1.617 0.000 0.000 0.000 0.328 0.295 0.744 0.000 0.199 0.732 0.395 2.270 0.518 0.289 0.789 0.431 1.165 0.000 0.467 0.000 
0 test1dax_consistent right_hidden1.321 0.000 0.000 0.000 0.156 4.489 1.734 0.253 0.278 0.653 1.334 0.000 3.045 0.000 0.384 0.737 1.157 0.000 0.305 0.044 
1 test1dax_inconsistent left_hidden1.617 0.000 0.000 0.000 0.328 0.295 0.744 0.000 0.199 0.732 0.395 2.270 0.518 0.289 0.789 0.431 1.165 0.000 0.467 0.000 
1 test1dax_inconsistent right_hidden0.992 0.000 0.089 0.000 0.256 1.695 0.586 0.144 0.793 1.083 1.546 0.192 1.108 0.063 0.092 0.564 0.000 0.000 0.287 0.235 
0 test1dax_consistent left_hidden1.120 0.000 1.130 0.244 0.664 1.152 0.000 0.799 0.516 0.000 1.371 0.000 0.105 0.150 0.342 0.000 1.428 1.609 0.000 0.000 
0 test1dax_consistent right_hidden0.810 0.000 2.813 0.000 0.000 3.632 1.604 0.942 0.195 0.149 0.135 2.196 0.834 0.000 1.029 0.000 2.196 0.000 0.000 0.000 
1 test1dax_inconsistent left_hidden1.120 0.000 1.130 0.244 0.664 1.152 0.000 0.799 0.516 0.000 1.371 0.000 0.105 0.150 0.342 0.000 1.428 1.609 0.000 0.000 
1 test1dax_inconsistent right_hidden1.234 0.000 0.921 0.000 0.000 1.408 0.516 0.123 0.784 0.000 0.234 0.748 0.846 0.000 0.644 0.000 1.074 0.072 0.000 0.000 
0 test1dax_consistent left_hidden0.000 0.170 0.496 0.000 0.000 1.785 0.850 0.000 0.000 0.427 0.488 1.487 0.000 0.000 0.269 0.000 0.000 0.841 2.143 0.235 
0 test1dax_consistent right_hidden0.542 0.037 3.106 0.868 2.519 2.436 2.363 0.000 1.025 0.000 0.748 0.137 1.286 0.000 1.380 0.000 0.000 0.000 0.264 0.616 
1 test1dax_inconsistent left_hidden0.000 0.170 0.496 0.000 0.000 1.785 0.850 0.000 0.000 0.427 0.488 1.487 0.000 0.000 0.269 0.000 0.000 0.841 2.143 0.235 
1 test1dax_inconsistent right_hidden0.000 0.000 1.239 0.673 0.748 1.603 1.240 0.000 0.580 0.000 0.316 0.000 0.837 0.000 0.065 0.000 0.000 0.000 0.660 0.616 
0 test1dax_consistent left_hidden0.000 0.506 1.684 0.123 0.393 0.910 0.542 0.000 0.919 0.000 0.000 0.010 0.005 2.446 0.400 0.000 0.617 0.000 0.214 0.000 
0 test1dax_consistent right_hidden0.000 0.000 1.654 0.851 0.720 0.086 4.299 1.398 0.000 0.000 0.000 0.000 0.000 2.580 2.269 0.000 0.270 0.000 0.034 0.000 
1 test1dax_inconsistent left_hidden0.000 0.506 1.684 0.123 0.393 0.910 0.542 0.000 0.919 0.000 0.000 0.010 0.005 2.446 0.400 0.000 0.617 0.000 0.214 0.000 
1 test1dax_inconsistent right_hidden0.000 0.000 1.322 0.164 0.745 0.435 2.222 0.895 0.001 0.030 0.000 0.000 0.000 0.894 0.387 0.000 0.458 0.000 0.119 0.000 
0 test1dax_consistent left_hidden1.394 0.659 0.000 0.860 0.000 0.228 0.000 1.870 0.000 0.316 0.122 0.061 0.000 0.168 0.694 0.245 0.000 1.437 0.909 0.058 
0 test1dax_consistent right_hidden1.673 2.152 0.000 0.212 0.708 0.370 0.000 0.000 5.056 0.038 0.518 0.000 0.000 0.000 0.000 1.334 0.000 0.761 0.000 0.000 
1 test1dax_inconsistent left_hidden1.394 0.659 0.000 0.860 0.000 0.228 0.000 1.870 0.000 0.316 0.122 0.061 0.000 0.168 0.694 0.245 0.000 1.437 0.909 0.058 
1 test1dax_inconsistent right_hidden1.045 0.018 0.000 0.624 0.243 0.523 0.000 0.482 2.658 0.253 0.605 0.012 0.018 0.169 0.540 0.236 0.000 0.191 0.092 0.000 
0 test1dax_consistent left_hidden0.467 0.050 0.461 0.853 0.000 0.380 2.016 0.000 0.000 1.035 1.359 0.998 0.977 0.457 0.000 0.484 1.001 0.000 0.781 0.000 
0 test1dax_consistent right_hidden0.250 0.066 2.337 0.492 0.000 2.579 0.571 0.000 2.914 0.190 0.666 1.528 0.681 1.606 0.000 1.024 2.360 0.000 0.387 0.000 
1 test1dax_inconsistent left_hidden0.467 0.050 0.461 0.853 0.000 0.380 2.016 0.000 0.000 1.035 1.359 0.998 0.977 0.457 0.000 0.484 1.001 0.000 0.781 0.000 
1 test1dax_inconsistent right_hidden0.266 0.029 0.890 0.914 0.000 0.849 0.738 0.151 1.393 0.269 0.553 1.368 0.743 0.406 0.000 0.220 1.303 0.000 0.000 0.000 
0 test1dax_consistent left_hidden0.162 0.834 0.000 2.347 0.000 0.254 0.168 0.832 0.000 0.319 0.331 0.953 0.000 1.422 0.474 0.423 0.462 0.069 0.000 0.000 
0 test1dax_consistent right_hidden3.410 0.000 0.000 0.170 0.041 0.000 2.640 1.119 3.684 0.543 0.000 0.000 0.140 0.000 0.000 0.000 0.000 0.000 0.000 0.473 
1 test1dax_inconsistent left_hidden0.162 0.834 0.000 2.347 0.000 0.254 0.168 0.832 0.000 0.319 0.331 0.953 0.000 1.422 0.474 0.423 0.462 0.069 0.000 0.000 
1 test1dax_inconsistent right_hidden2.441 0.053 0.000 0.437 0.183 0.000 1.123 0.432 1.311 0.000 0.000 0.235 0.000 0.107 0.000 0.000 0.000 0.133 0.000 0.000 
0 test1dax_consistent left_hidden1.739 1.436 0.167 0.490 0.000 0.000 0.177 0.000 0.733 0.445 0.421 1.243 0.030 0.000 0.000 1.649 0.000 0.175 0.000 0.699 
0 test1dax_consistent right_hidden1.188 0.011 0.000 0.000 0.000 0.000 0.135 0.000 2.315 1.278 0.000 2.736 0.000 0.000 0.000 0.989 0.000 3.064 2.346 0.106 
1 test1dax_inconsistent left_hidden1.739 1.436 0.167 0.490 0.000 0.000 0.177 0.000 0.733 0.445 0.421 1.243 0.030 0.000 0.000 1.649 0.000 0.175 0.000 0.699 
1 test1dax_inconsistent right_hidden0.836 0.309 0.000 0.363 0.000 0.000 0.165 0.000 1.761 0.982 0.000 0.742 0.000 0.000 0.000 0.109 0.000 1.176 0.631 0.289 
0 test1dax_consistent left_hidden0.000 2.362 0.007 0.000 0.000 0.381 0.055 0.970 0.065 0.000 0.000 2.361 0.331 0.000 0.074 0.875 0.089 0.000 0.000 0.018 
0 test1dax_consistent right_hidden0.000 0.886 0.469 0.000 0.991 1.378 0.674 0.370 0.093 1.334 0.000 1.477 2.785 0.238 0.000 3.846 0.000 1.700 0.000 0.071 
1 test1dax_inconsistent left_hidden0.000 2.362 0.007 0.000 0.000 0.381 0.055 0.970 0.065 0.000 0.000 2.361 0.331 0.000 0.074 0.875 0.089 0.000 0.000 0.018 
1 test1dax_inconsistent right_hidden0.000 0.620 0.557 0.000 1.299 0.460 0.709 0.000 0.506 0.720 0.000 0.710 0.886 0.394 0.252 0.759 0.000 1.134 0.000 0.368 
0 test1dax_consistent left_hidden1.557 0.582 1.132 0.540 1.048 0.156 0.981 0.629 0.000 0.000 0.000 0.270 0.000 0.765 0.384 0.299 0.128 1.244 0.000 1.406 
0 test1dax_consistent right_hidden1.407 0.000 0.415 0.562 0.696 0.000 1.363 0.000 0.000 0.000 0.000 0.337 2.618 0.000 0.000 0.362 0.457 4.919 0.000 0.472 
1 test1dax_inconsistent left_hidden1.557 0.582 1.132 0.540 1.048 0.156 0.981 0.629 0.000 0.000 0.000 0.270 0.000 0.765 0.384 0.299 0.128 1.244 0.000 1.406 
1 test1dax_inconsistent right_hidden0.968 0.124 0.000 0.175 0.774 0.000 1.309 0.469 0.000 0.109 0.000 0.691 1.368 0.048 0.393 0.154 0.586 1.802 0.000 0.774 
0 test1dax_consistent left_hidden0.501 0.789 2.467 0.731 0.285 1.751 0.200 0.000 0.076 0.000 0.425 0.431 0.000 0.000 0.145 0.415 0.000 0.178 0.000 0.000 
0 test1dax_consistent right_hidden0.000 0.000 0.000 1.146 0.000 0.052 0.461 0.000 0.000 0.000 1.871 4.482 0.000 1.280 2.199 0.576 0.000 0.000 0.000 0.000 
1 test1dax_inconsistent left_hidden0.501 0.789 2.467 0.731 0.285 1.751 0.200 0.000 0.076 0.000 0.425 0.431 0.000 0.000 0.145 0.415 0.000 0.178 0.000 0.000 
1 test1dax_inconsistent right_hidden0.000 0.000 0.070 1.240 0.000 0.269 0.379 0.064 0.000 0.000 0.721 1.458 0.000 0.322 1.942 0.520 0.000 0.000 0.092 0.000 
0 test1dax_consistent left_hidden0.489 0.316 0.000 0.320 0.000 0.089 0.555 0.000 0.000 0.000 1.035 0.000 2.082 0.000 2.458 0.165 0.000 0.000 0.000 0.000 
0 test1dax_consistent right_hidden3.015 2.616 0.000 0.750 0.000 2.363 2.402 0.612 2.509 0.000 0.204 0.000 0.000 0.000 1.465 0.000 0.000 0.000 0.596 0.000 
1 test1dax_inconsistent left_hidden0.489 0.316 0.000 0.320 0.000 0.089 0.555 0.000 0.000 0.000 1.035 0.000 2.082 0.000 2.458 0.165 0.000 0.000 0.000 0.000 
1 test1dax_inconsistent right_hidden1.499 0.666 0.000 1.022 0.000 1.490 1.652 0.154 0.844 0.000 0.548 0.000 0.000 0.000 0.753 0.000 0.000 0.010 0.000 0.000 
0 test1dax_consistent left_hidden0.000 0.157 0.053 0.448 0.470 1.212 0.435 1.437 0.649 0.000 0.575 0.000 0.180 1.465 0.027 0.597 1.358 1.664 0.000 0.088 
0 test1dax_consistent right_hidden2.485 0.328 0.221 0.897 0.000 0.180 0.782 0.496 0.000 2.671 2.429 0.128 0.000 1.941 0.000 0.271 2.733 1.500 0.000 0.190 
1 test1dax_inconsistent left_hidden0.000 0.157 0.053 0.448 0.470 1.212 0.435 1.437 0.649 0.000 0.575 0.000 0.180 1.465 0.027 0.597 1.358 1.664 0.000 0.088 
1 test1dax_inconsistent right_hidden1.033 0.609 0.000 0.300 0.000 0.597 0.575 0.730 0.000 0.855 1.705 0.307 0.000 1.842 0.000 0.000 0.820 0.587 0.000 0.157 
0 test1dax_consistent left_hidden0.844 0.000 0.000 0.428 0.804 1.132 0.567 0.063 1.585 1.202 0.000 1.193 0.786 0.000 0.647 0.250 1.553 0.986 0.021 0.000 
0 test1dax_consistent right_hidden0.231 0.917 0.033 0.783 1.543 1.822 0.000 0.125 0.000 1.760 0.000 2.083 1.420 0.000 0.096 0.000 3.180 0.479 2.506 0.000 
1 test1dax_inconsistent left_hidden0.844 0.000 0.000 0.428 0.804 1.132 0.567 0.063 1.585 1.202 0.000 1.193 0.786 0.000 0.647 0.250 1.553 0.986 0.021 0.000 
1 test1dax_inconsistent right_hidden0.087 0.452 0.100 0.792 0.000 0.275 0.000 0.541 0.000 0.938 0.000 1.454 0.636 0.065 0.613 0.555 1.850 0.429 0.682 0.000 
0 test1dax_consistent left_hidden0.000 0.000 0.000 0.000 0.789 0.606 0.735 0.000 0.360 1.994 1.110 0.000 0.000 1.145 0.002 0.000 0.040 1.228 0.838 1.223 
0 test1dax_consistent right_hidden0.093 0.000 0.000 0.000 1.706 0.000 1.998 0.341 3.194 0.106 0.000 0.000 0.000 3.036 0.000 0.000 0.000 1.194 3.138 1.210 
1 test1dax_inconsistent left_hidden0.000 0.000 0.000 0.000 0.789 0.606 0.735 0.000 0.360 1.994 1.110 0.000 0.000 1.145 0.002 0.000 0.040 1.228 0.838 1.223 
1 test1dax_inconsistent right_hidden0.020 0.000 0.000 0.000 0.363 0.000 1.219 0.297 1.455 0.162 0.151 0.000 0.000 0.763 0.000 0.000 0.000 1.169 1.654 0.638 
0 test1dax_consistent left_hidden0.104 1.223 0.394 2.214 0.000 0.561 0.589 0.669 0.000 0.000 0.000 0.000 0.000 0.513 0.000 0.725 0.807 0.000 1.902 0.000 
0 test1dax_consistent right_hidden2.019 0.000 0.545 0.820 0.000 0.873 0.000 0.297 0.606 0.000 0.000 2.777 1.117 1.548 0.901 0.000 2.531 1.001 2.164 0.000 
1 test1dax_inconsistent left_hidden0.104 1.223 0.394 2.214 0.000 0.561 0.589 0.669 0.000 0.000 0.000 0.000 0.000 0.513 0.000 0.725 0.807 0.000 1.902 0.000 
1 test1dax_inconsistent right_hidden1.005 0.000 0.321 1.146 0.000 0.909 0.080 0.000 0.063 0.000 0.000 0.872 0.365 0.617 0.803 0.286 1.021 0.266 0.737 0.000 
0 test1dax_consistent left_hidden0.000 0.257 0.047 0.000 0.000 0.056 0.131 0.656 0.000 0.397 0.000 2.256 0.413 0.264 0.722 0.000 0.155 0.492 2.002 0.000 
0 test1dax_consistent right_hidden0.627 1.375 1.238 1.215 0.000 0.796 1.054 0.000 0.000 3.147 0.515 0.539 3.167 1.656 0.157 0.000 0.230 0.163 0.418 0.000 
1 test1dax_inconsistent left_hidden0.000 0.257 0.047 0.000 0.000 0.056 0.131 0.656 0.000 0.397 0.000 2.256 0.413 0.264 0.722 0.000 0.155 0.492 2.002 0.000 
1 test1dax_inconsistent right_hidden0.621 1.065 0.912 0.785 0.000 0.380 0.403 0.000 0.000 1.032 0.503 0.589 1.047 0.384 0.661 0.000 0.608 0.514 0.550 0.222 
0 test1dax_consistent left_hidden1.297 0.589 0.000 0.000 0.000 0.330 1.198 0.745 0.000 0.000 0.957 0.000 1.309 0.000 1.465 0.068 0.005 0.000 0.835 1.687 
0 test1dax_consistent right_hidden2.509 0.000 0.000 0.719 0.000 1.990 0.000 0.000 0.000 0.000 0.437 1.393 4.349 0.000 2.830 0.312 0.000 0.000 0.000 0.000 
1 test1dax_inconsistent left_hidden1.297 0.589 0.000 0.000 0.000 0.330 1.198 0.745 0.000 0.000 0.957 0.000 1.309 0.000 1.465 0.068 0.005 0.000 0.835 1.687 
1 test1dax_inconsistent right_hidden1.239 0.000 0.000 0.000 0.000 0.000 0.342 0.000 0.000 0.000 0.809 0.311 1.831 0.000 1.684 0.527 0.041 0.000 0.249 0.000 
0 test1dax_consistent left_hidden1.903 1.450 0.000 0.353 0.278 0.049 0.563 0.000 0.000 1.373 0.000 0.000 1.410 0.000 0.705 0.777 0.366 0.000 0.000 0.152 
0 test1dax_consistent right_hidden2.121 0.000 0.000 1.821 0.000 0.000 0.033 1.211 0.522 0.000 2.292 0.000 0.000 0.000 3.223 3.228 0.000 2.207 0.457 0.020 
1 test1dax_inconsistent left_hidden1.903 1.450 0.000 0.353 0.278 0.049 0.563 0.000 0.000 1.373 0.000 0.000 1.410 0.000 0.705 0.777 0.366 0.000 0.000 0.152 
1 test1dax_inconsistent right_hidden1.721 0.000 0.000 1.129 0.075 0.210 0.000 0.756 0.017 0.000 0.835 0.000 0.045 0.125 1.014 1.909 0.000 0.582 0.775 0.083 
0 test1dax_consistent left_hidden0.313 0.000 0.000 0.000 0.574 0.000 0.000 0.000 0.000 0.000 0.172 0.000 0.127 0.184 2.051 0.086 2.240 0.158 0.966 0.000 
0 test1dax_consistent right_hidden2.480 3.167 0.000 0.000 0.236 0.000 0.000 0.000 0.000 0.000 0.652 0.000 0.000 2.600 0.028 2.245 1.738 0.706 0.000 1.023 
1 test1dax_inconsistent left_hidden0.313 0.000 0.000 0.000 0.574 0.000 0.000 0.000 0.000 0.000 0.172 0.000 0.127 0.184 2.051 0.086 2.240 0.158 0.966 0.000 
1 test1dax_inconsistent right_hidden1.348 1.132 0.000 0.000 0.211 0.259 0.098 0.000 0.000 0.065 0.032 0.000 0.000 1.072 0.887 0.990 0.499 0.190 0.000 0.966 
0 test1dax_consistent left_hidden0.000 0.192 0.000 1.712 0.281 0.692 0.000 0.722 0.000 0.331 0.872 1.161 0.286 0.128 2.029 0.000 0.238 0.205 0.000 0.000 
0 test1dax_consistent right_hidden0.000 0.000 0.000 0.000 0.019 0.000 0.000 1.618 0.000 0.000 0.564 1.640 0.063 1.698 3.637 0.000 0.000 2.150 0.068 2.057 
1 test1dax_inconsistent left_hidden0.000 0.192 0.000 1.712 0.281 0.692 0.000 0.722 0.000 0.331 0.872 1.161 0.286 0.128 2.029 0.000 0.238 0.205 0.000 0.000 
1 test1dax_inconsistent right_hidden0.000 0.038 0.000 0.000 0.151 0.000 0.000 0.396 0.000 0.000 0.727 0.681 0.304 0.140 1.500 0.000 0.861 1.742 0.000 0.908 
0 test1dax_consistent left_hidden0.188 0.403 0.743 1.404 0.839 0.324 0.000 0.000 0.837 0.792 0.411 1.156 0.121 0.607 0.778 1.238 0.000 0.512 1.677 0.030 
0 test1dax_consistent right_hidden0.013 0.682 0.000 2.097 0.190 1.893 0.000 0.000 1.066 1.669 0.621 0.162 0.000 0.000 0.100 0.000 0.000 1.017 4.084 0.308 
1 test1dax_inconsistent left_hidden0.188 0.403 0.743 1.404 0.839 0.324 0.000 0.000 0.837 0.792 0.411 1.156 0.121 0.607 0.778 1.238 0.000 0.512 1.677 0.030 
1 test1dax_inconsistent right_hidden0.392 0.942 0.051 0.533 0.769 1.343 0.000 0.000 0.548 0.365 1.038 0.673 0.132 0.544 0.607 0.233 0.000 0.875 1.512 0.204 
0 test1dax_consistent left_hidden0.302 0.274 0.000 0.215 0.351 0.000 0.000 0.000 0.055 2.560 0.511 0.443 0.590 0.000 0.344 0.912 0.814 1.173 0.170 0.509 
0 test1dax_consistent right_hidden1.249 0.000 0.000 1.044 1.205 0.440 3.272 0.000 0.970 1.977 0.000 1.771 1.224 1.977 0.000 0.234 2.305 0.573 0.000 0.469 
1 test1dax_inconsistent left_hidden0.302 0.274 0.000 0.215 0.351 0.000 0.000 0.000 0.055 2.560 0.511 0.443 0.590 0.000 0.344 0.912 0.814 1.173 0.170 0.509 
1 test1dax_inconsistent right_hidden0.498 0.000 0.000 0.553 1.183 0.206 1.145 0.025 0.560 1.198 0.323 0.262 0.697 0.903 0.000 0.393 1.082 0.195 0.000 0.001 
0 test1dax_consistent left_hidden0.000 0.267 1.478 0.056 0.000 0.402 0.084 0.143 0.680 0.598 1.190 0.315 1.732 0.000 1.527 0.000 0.602 0.000 0.046 0.459 
0 test1dax_consistent right_hidden0.785 0.084 1.987 0.069 0.000 0.000 0.000 0.005 0.979 3.000 0.000 0.152 2.363 0.000 1.164 0.000 2.473 0.000 0.000 0.524 
1 test1dax_inconsistent left_hidden0.000 0.267 1.478 0.056 0.000 0.402 0.084 0.143 0.680 0.598 1.190 0.315 1.732 0.000 1.527 0.000 0.602 0.000 0.046 0.459 
1 test1dax_inconsistent right_hidden0.386 0.000 0.651 0.101 0.106 0.000 0.000 0.404 1.102 1.644 0.000 0.581 0.925 0.000 0.724 0.000 0.622 0.000 0.000 0.615 
0 test1dax_consistent left_hidden0.439 0.060 0.272 1.442 0.000 0.836 0.457 0.000 0.719 1.482 0.446 0.000 0.567 0.378 0.607 0.230 0.000 0.178 1.770 1.644 
0 test1dax_consistent right_hidden0.022 2.554 0.851 0.000 0.000 1.971 0.302 0.095 1.813 0.881 0.044 0.439 0.000 0.000 0.084 0.752 0.000 0.988 3.554 1.483 
1 test1dax_inconsistent left_hidden0.439 0.060 0.272 1.442 0.000 0.836 0.457 0.000 0.719 1.482 0.446 0.000 0.567 0.378 0.607 0.230 0.000 0.178 1.770 1.644 
1 test1dax_inconsistent right_hidden0.452 1.058 0.349 0.000 0.341 0.558 0.582 0.000 1.284 1.042 0.288 0.198 0.000 0.000 0.419 0.232 0.000 0.761 1.132 1.288 
0 test1dax_consistent left_hidden0.345 0.417 0.000 0.090 1.683 0.000 0.010 0.468 2.534 0.562 0.666 0.000 0.000 0.112 0.000 0.000 0.000 0.113 0.491 0.168 
0 test1dax_consistent right_hidden0.000 0.033 0.984 2.282 2.169 0.000 0.000 0.000 0.684 3.331 0.000 1.328 0.087 0.310 0.692 0.000 0.795 1.159 0.929 1.640 
1 test1dax_inconsistent left_hidden0.345 0.417 0.000 0.090 1.683 0.000 0.010 0.468 2.534 0.562 0.666 0.000 0.000 0.112 0.000 0.000 0.000 0.113 0.491 0.168 
1 test1dax_inconsistent right_hidden0.000 0.362 0.647 1.534 1.147 0.187 0.000 0.000 0.383 0.942 0.161 0.360 0.151 0.388 0.158 0.000 0.000 0.565 0.911 0.516 
0 test1dax_consistent left_hidden0.000 0.878 1.098 0.555 1.145 0.000 0.615 0.000 0.897 2.019 0.000 0.337 0.987 0.715 0.000 1.334 0.300 0.000 0.021 0.294 
0 test1dax_consistent right_hidden0.601 0.000 0.401 3.390 0.071 0.000 3.208 0.000 0.000 0.968 0.000 2.089 3.115 0.028 0.000 0.000 0.000 1.062 1.880 0.000 
1 test1dax_inconsistent left_hidden0.000 0.878 1.098 0.555 1.145 0.000 0.615 0.000 0.897 2.019 0.000 0.337 0.987 0.715 0.000 1.334 0.300 0.000 0.021 0.294 
1 test1dax_inconsistent right_hidden0.000 0.207 0.583 1.400 0.235 0.146 0.775 0.000 0.000 0.405 0.000 1.025 2.112 0.532 0.023 0.024 0.000 1.435 0.945 0.000 
0 test1dax_consistent left_hidden0.000 1.584 0.587 0.000 0.000 1.160 0.000 1.163 1.886 0.000 0.000 0.944 0.000 0.000 0.044 0.662 0.238 0.000 0.555 0.298 
0 test1dax_consistent right_hidden0.000 0.259 0.949 1.311 1.485 0.824 0.000 0.549 3.755 0.325 2.845 0.794 0.000 2.063 0.697 0.000 0.000 0.000 0.058 0.263 
1 test1dax_inconsistent left_hidden0.000 1.584 0.587 0.000 0.000 1.160 0.000 1.163 1.886 0.000 0.000 0.944 0.000 0.000 0.044 0.662 0.238 0.000 0.555 0.298 
1 test1dax_inconsistent right_hidden0.036 0.375 0.878 0.476 0.783 0.131 0.000 1.036 1.350 0.378 1.003 0.566 0.000 0.852 0.221 0.000 0.000 0.000 0.299 0.257 
0 test1dax_consistent left_hidden0.000 0.407 0.016 1.778 0.000 0.098 1.181 0.000 0.000 1.615 0.542 0.644 1.030 0.026 1.048 0.996 0.276 0.000 0.000 0.000 
0 test1dax_consistent right_hidden0.000 0.000 2.021 0.361 0.002 0.000 0.015 0.000 0.000 1.902 1.822 1.109 0.761 0.000 4.107 0.806 0.000 0.000 0.000 3.315 
1 test1dax_inconsistent left_hidden0.000 0.407 0.016 1.778 0.000 0.098 1.181 0.000 0.000 1.615 0.542 0.644 1.030 0.026 1.048 0.996 0.276 0.000 0.000 0.000 
1 test1dax_inconsistent right_hidden0.000 0.238 1.293 1.173 0.100 0.000 0.433 0.000 0.000 0.590 0.786 0.000 0.841 0.000 1.995 0.325 0.211 0.000 0.000 1.365 
0 test1dax_consistent left_hidden1.628 0.563 0.441 0.010 0.591 0.080 0.722 0.478 0.000 1.351 0.274 0.580 1.555 0.986 0.000 0.353 0.017 0.000 0.000 0.221 
0 test1dax_consistent right_hidden0.008 0.111 0.000 0.000 0.936 0.000 3.537 0.000 0.000 0.000 2.824 0.000 2.486 0.214 0.000 0.000 0.025 0.640 0.000 1.480 
1 test1dax_inconsistent left_hidden1.628 0.563 0.441 0.010 0.591 0.080 0.722 0.478 0.000 1.351 0.274 0.580 1.555 0.986 0.000 0.353 0.017 0.000 0.000 0.221 
1 test1dax_inconsistent right_hidden0.046 0.413 0.000 0.000 0.978 0.004 1.295 0.000 0.000 0.059 2.036 0.154 0.280 0.312 0.000 0.022 0.000 0.271 0.000 0.577 
0 test1dax_consistent left_hidden0.000 0.000 1.342 0.299 0.721 0.580 0.000 0.000 0.000 1.143 1.048 0.000 0.098 1.817 0.000 0.434 0.356 1.109 1.048 0.000 
0 test1dax_consistent right_hidden0.000 0.586 0.000 0.000 3.065 2.085 0.000 0.346 0.000 2.442 0.000 0.000 0.755 1.549 0.000 0.031 2.677 0.193 2.685 0.000 
1 test1dax_inconsistent left_hidden0.000 0.000 1.342 0.299 0.721 0.580 0.000 0.000 0.000 1.143 1.048 0.000 0.098 1.817 0.000 0.434 0.356 1.109 1.048 0.000 
1 test1dax_inconsistent right_hidden0.000 0.117 0.000 0.000 1.547 1.725 0.000 0.000 0.000 0.431 0.000 0.000 0.519 0.724 0.000 0.478 1.334 0.764 0.732 0.000 
