0 test1dax_consistent left_hidden0.000 1.684 0.000 2.505 0.034 0.000 0.000 0.394 0.000 0.000 0.000 0.070 0.000 0.000 0.000 0.000 0.414 1.590 0.264 0.000 
0 test1dax_consistent right_hidden0.044 0.715 0.000 0.000 0.000 1.486 4.155 0.000 0.000 0.000 0.000 1.076 0.000 0.000 0.000 0.000 3.313 1.359 2.981 0.000 
1 test1dax_inconsistent left_hidden0.000 1.684 0.000 2.505 0.034 0.000 0.000 0.394 0.000 0.000 0.000 0.070 0.000 0.000 0.000 0.000 0.414 1.590 0.264 0.000 
1 test1dax_inconsistent right_hidden0.156 0.465 0.000 0.000 0.000 0.920 1.576 0.000 0.000 0.000 0.000 0.734 0.039 0.000 0.000 0.094 0.794 1.378 1.566 0.000 
0 test1dax_consistent left_hidden2.211 0.000 0.843 0.772 0.417 0.905 0.000 1.237 0.000 0.000 0.000 0.050 1.436 0.000 0.000 0.409 0.754 0.000 0.236 0.683 
0 test1dax_consistent right_hidden0.000 0.000 2.755 0.837 0.000 2.249 0.000 3.411 0.000 0.000 3.153 0.000 0.000 0.000 0.000 0.453 0.744 0.000 0.000 0.133 
1 test1dax_inconsistent left_hidden2.211 0.000 0.843 0.772 0.417 0.905 0.000 1.237 0.000 0.000 0.000 0.050 1.436 0.000 0.000 0.409 0.754 0.000 0.236 0.683 
1 test1dax_inconsistent right_hidden0.000 0.158 0.829 0.741 0.000 0.679 0.000 1.700 0.000 0.216 1.649 0.067 0.000 0.000 0.000 0.634 0.356 0.000 0.333 0.833 
0 test1dax_consistent left_hidden0.467 0.645 0.104 0.000 1.842 0.000 0.000 1.258 0.000 1.381 0.000 0.489 0.156 0.440 0.000 0.134 0.000 1.387 0.392 1.382 
0 test1dax_consistent right_hidden0.000 0.145 0.000 3.448 1.815 1.361 0.000 0.093 0.008 3.871 0.000 0.000 0.408 1.383 0.000 0.843 1.535 0.000 0.358 1.213 
1 test1dax_inconsistent left_hidden0.467 0.645 0.104 0.000 1.842 0.000 0.000 1.258 0.000 1.381 0.000 0.489 0.156 0.440 0.000 0.134 0.000 1.387 0.392 1.382 
1 test1dax_inconsistent right_hidden0.016 0.228 0.000 0.706 0.258 0.549 0.111 0.000 0.000 2.149 0.000 0.000 0.930 0.491 0.000 0.506 0.874 0.711 0.713 0.294 
0 test1dax_consistent left_hidden2.997 0.137 0.642 0.074 0.036 0.000 0.309 0.256 1.493 0.176 0.033 0.175 0.013 0.000 0.000 0.000 0.000 0.432 0.000 0.000 
0 test1dax_consistent right_hidden3.318 0.511 0.432 0.000 0.821 0.006 3.012 0.000 0.246 0.000 0.503 1.209 3.611 0.000 0.000 0.000 0.000 0.000 0.000 1.110 
1 test1dax_inconsistent left_hidden2.997 0.137 0.642 0.074 0.036 0.000 0.309 0.256 1.493 0.176 0.033 0.175 0.013 0.000 0.000 0.000 0.000 0.432 0.000 0.000 
1 test1dax_inconsistent right_hidden0.909 0.576 0.724 0.585 0.859 0.000 1.542 0.000 0.398 0.000 0.826 0.886 1.380 0.000 0.000 0.000 0.000 0.516 0.000 0.000 
0 test1dax_consistent left_hidden0.071 0.000 0.000 0.093 0.000 1.071 0.000 0.318 2.228 0.000 0.969 0.000 1.686 0.353 0.314 0.648 0.153 0.000 0.518 0.000 
0 test1dax_consistent right_hidden0.152 0.000 0.000 1.064 0.000 0.029 0.000 0.000 2.313 2.985 0.453 0.000 0.075 0.000 1.127 2.132 0.882 0.000 0.637 3.538 
1 test1dax_inconsistent left_hidden0.071 0.000 0.000 0.093 0.000 1.071 0.000 0.318 2.228 0.000 0.969 0.000 1.686 0.353 0.314 0.648 0.153 0.000 0.518 0.000 
1 test1dax_inconsistent right_hidden0.000 0.182 0.000 0.231 0.010 0.077 0.000 0.000 1.542 0.953 0.031 0.143 0.030 0.000 0.814 1.398 1.117 0.000 0.479 0.769 
0 test1dax_consistent left_hidden0.262 0.000 0.337 0.489 0.000 0.296 0.000 0.000 0.439 1.900 0.000 0.292 0.000 0.366 1.616 1.863 0.000 0.482 0.570 0.580 
0 test1dax_consistent right_hidden0.000 0.000 0.000 2.240 2.376 0.000 0.000 0.000 0.121 2.329 3.320 0.024 0.261 0.000 1.604 1.902 0.000 0.000 0.082 1.398 
1 test1dax_inconsistent left_hidden0.262 0.000 0.337 0.489 0.000 0.296 0.000 0.000 0.439 1.900 0.000 0.292 0.000 0.366 1.616 1.863 0.000 0.482 0.570 0.580 
1 test1dax_inconsistent right_hidden0.315 0.000 0.000 0.357 1.070 0.047 0.122 0.000 0.480 1.551 1.324 0.000 0.660 0.089 1.346 0.949 0.000 0.000 0.122 0.311 
0 test1dax_consistent left_hidden0.576 0.382 0.000 0.000 1.409 0.000 0.932 0.121 1.806 0.293 0.278 0.000 0.000 1.336 0.000 0.982 0.000 0.235 0.000 1.828 
0 test1dax_consistent right_hidden2.725 0.000 0.000 0.000 0.141 3.643 1.618 0.000 0.123 0.100 0.000 0.000 0.058 0.000 0.000 2.935 0.000 0.000 2.265 0.000 
1 test1dax_inconsistent left_hidden0.576 0.382 0.000 0.000 1.409 0.000 0.932 0.121 1.806 0.293 0.278 0.000 0.000 1.336 0.000 0.982 0.000 0.235 0.000 1.828 
1 test1dax_inconsistent right_hidden1.268 0.000 0.000 0.000 0.548 1.132 0.000 0.029 0.523 0.657 0.000 0.000 0.407 0.069 0.058 2.174 0.000 0.000 1.203 0.191 
0 test1dax_consistent left_hidden1.687 0.029 0.626 1.814 0.000 0.000 0.000 0.888 0.000 0.000 1.036 0.004 0.853 0.000 0.000 0.000 0.000 0.911 0.000 1.270 
0 test1dax_consistent right_hidden0.407 0.470 0.193 1.299 0.821 1.787 0.000 2.973 0.000 0.000 0.000 0.000 1.011 2.908 0.000 0.000 1.923 2.405 0.686 0.000 
1 test1dax_inconsistent left_hidden1.687 0.029 0.626 1.814 0.000 0.000 0.000 0.888 0.000 0.000 1.036 0.004 0.853 0.000 0.000 0.000 0.000 0.911 0.000 1.270 
1 test1dax_inconsistent right_hidden0.371 0.000 0.000 0.715 0.000 0.678 0.000 1.593 0.086 0.000 0.122 0.000 1.413 0.825 0.000 0.000 0.448 0.408 0.369 0.666 
0 test1dax_consistent left_hidden0.478 0.000 0.592 0.244 1.720 0.000 0.000 0.000 0.770 0.000 0.000 0.000 0.261 0.348 0.602 1.760 0.405 0.049 0.110 2.469 
0 test1dax_consistent right_hidden2.000 0.112 0.000 0.000 3.428 1.352 0.000 0.000 1.190 1.596 0.000 0.000 0.000 1.424 3.031 1.120 0.000 1.028 1.030 0.000 
1 test1dax_inconsistent left_hidden0.478 0.000 0.592 0.244 1.720 0.000 0.000 0.000 0.770 0.000 0.000 0.000 0.261 0.348 0.602 1.760 0.405 0.049 0.110 2.469 
1 test1dax_inconsistent right_hidden0.776 0.162 0.413 0.259 1.081 0.741 0.000 0.222 0.557 0.389 0.100 0.000 0.000 0.395 1.390 1.405 0.320 0.989 0.822 0.000 
0 test1dax_consistent left_hidden2.153 1.758 0.000 0.000 0.000 0.655 0.663 0.000 0.000 0.000 0.000 0.992 0.719 0.119 0.000 0.000 1.205 0.000 1.081 0.000 
0 test1dax_consistent right_hidden3.778 0.000 0.000 0.681 0.000 2.454 0.000 0.000 0.000 1.934 0.000 2.376 0.000 0.338 0.000 0.000 2.623 0.000 0.000 0.000 
1 test1dax_inconsistent left_hidden2.153 1.758 0.000 0.000 0.000 0.655 0.663 0.000 0.000 0.000 0.000 0.992 0.719 0.119 0.000 0.000 1.205 0.000 1.081 0.000 
1 test1dax_inconsistent right_hidden2.094 0.000 0.000 0.426 0.000 1.091 0.000 0.000 0.692 0.418 0.000 1.059 0.000 0.000 0.040 0.000 0.390 0.000 0.000 0.000 
0 test1dax_consistent left_hidden0.739 0.879 0.074 0.000 0.791 0.350 1.073 0.000 0.119 0.856 0.054 0.000 0.000 0.000 0.613 0.000 0.027 2.549 0.385 0.000 
0 test1dax_consistent right_hidden2.169 1.066 0.000 0.000 1.295 0.000 2.260 0.000 0.949 2.276 0.000 1.376 2.888 0.006 1.364 0.000 0.000 0.606 0.081 1.969 
1 test1dax_inconsistent left_hidden0.739 0.879 0.074 0.000 0.791 0.350 1.073 0.000 0.119 0.856 0.054 0.000 0.000 0.000 0.613 0.000 0.027 2.549 0.385 0.000 
1 test1dax_inconsistent right_hidden0.310 0.939 0.000 0.000 1.014 0.061 0.637 0.000 0.573 1.253 0.000 0.691 1.490 0.198 0.208 0.000 0.000 0.417 0.866 0.717 
0 test1dax_consistent left_hidden0.247 0.000 1.562 1.009 1.622 1.074 0.674 1.152 0.000 0.969 0.796 0.358 0.000 0.314 0.027 0.000 0.000 0.000 0.000 0.000 
0 test1dax_consistent right_hidden0.000 0.000 1.736 0.784 3.380 1.957 2.034 2.395 0.000 0.000 0.000 0.000 0.000 0.150 3.544 0.000 0.000 0.000 0.408 0.000 
1 test1dax_inconsistent left_hidden0.247 0.000 1.562 1.009 1.622 1.074 0.674 1.152 0.000 0.969 0.796 0.358 0.000 0.314 0.027 0.000 0.000 0.000 0.000 0.000 
1 test1dax_inconsistent right_hidden0.000 0.000 1.024 1.285 1.269 1.001 1.392 0.722 0.000 0.171 0.000 0.000 0.000 0.138 1.048 0.033 0.000 0.000 0.000 0.000 
0 test1dax_consistent left_hidden0.058 0.000 0.000 0.000 1.207 0.802 0.763 0.169 0.537 0.759 0.786 0.177 1.534 0.000 1.148 0.879 0.000 0.000 1.381 1.150 
0 test1dax_consistent right_hidden3.301 0.000 0.000 0.000 2.677 0.000 0.000 0.000 0.162 0.419 2.576 0.000 0.412 0.000 0.227 1.184 0.099 0.000 2.528 1.851 
1 test1dax_inconsistent left_hidden0.058 0.000 0.000 0.000 1.207 0.802 0.763 0.169 0.537 0.759 0.786 0.177 1.534 0.000 1.148 0.879 0.000 0.000 1.381 1.150 
1 test1dax_inconsistent right_hidden1.725 0.000 0.000 0.000 0.980 0.176 0.000 0.260 0.000 1.030 1.269 0.571 0.509 0.000 0.000 1.084 0.475 0.000 0.548 0.003 
0 test1dax_consistent left_hidden0.000 1.190 0.000 0.000 1.209 0.000 0.256 0.081 0.997 2.084 0.894 0.136 1.407 0.262 0.936 0.077 0.712 0.438 0.309 0.000 
0 test1dax_consistent right_hidden0.367 0.329 0.000 0.000 0.954 0.000 0.270 0.107 0.843 2.703 2.765 0.737 0.534 1.567 2.326 0.000 0.694 3.038 1.007 0.000 
1 test1dax_inconsistent left_hidden0.000 1.190 0.000 0.000 1.209 0.000 0.256 0.081 0.997 2.084 0.894 0.136 1.407 0.262 0.936 0.077 0.712 0.438 0.309 0.000 
1 test1dax_inconsistent right_hidden0.530 0.203 0.000 0.000 0.178 0.000 0.402 0.490 0.078 1.121 1.049 0.282 0.909 0.738 0.733 0.025 0.031 1.443 0.875 0.000 
0 test1dax_consistent left_hidden0.000 0.019 0.468 0.736 1.019 0.000 0.091 0.000 0.812 0.000 0.263 0.000 1.019 0.492 0.000 2.283 0.000 1.416 0.000 0.473 
0 test1dax_consistent right_hidden1.220 1.350 0.000 0.960 3.525 0.265 1.012 0.000 0.000 0.000 2.773 1.995 1.781 1.499 0.000 1.449 0.000 0.149 1.489 0.439 
1 test1dax_inconsistent left_hidden0.000 0.019 0.468 0.736 1.019 0.000 0.091 0.000 0.812 0.000 0.263 0.000 1.019 0.492 0.000 2.283 0.000 1.416 0.000 0.473 
1 test1dax_inconsistent right_hidden0.802 0.692 0.482 1.060 1.143 0.848 0.755 0.000 0.000 0.000 0.722 0.818 0.330 1.031 0.003 1.072 0.016 0.173 0.453 0.005 
0 test1dax_consistent left_hidden0.310 0.000 0.000 0.000 0.913 1.782 0.000 0.000 0.588 0.000 0.525 0.000 0.263 2.075 0.281 0.000 0.361 1.402 0.405 0.519 
0 test1dax_consistent right_hidden0.937 0.000 0.552 0.171 0.000 0.912 2.206 1.456 0.000 0.000 0.244 0.123 0.000 0.834 1.082 0.000 0.716 2.998 1.584 3.448 
1 test1dax_inconsistent left_hidden0.310 0.000 0.000 0.000 0.913 1.782 0.000 0.000 0.588 0.000 0.525 0.000 0.263 2.075 0.281 0.000 0.361 1.402 0.405 0.519 
1 test1dax_inconsistent right_hidden0.914 0.000 0.267 0.040 0.366 0.403 0.823 0.707 0.018 0.000 0.359 0.249 0.000 0.000 0.256 0.000 0.942 1.654 1.307 0.777 
0 test1dax_consistent left_hidden0.488 0.179 0.000 0.941 0.767 0.104 0.793 1.605 0.000 1.067 0.508 0.000 1.214 1.116 0.300 1.098 0.021 0.000 1.299 0.021 
0 test1dax_consistent right_hidden2.157 1.941 1.231 0.000 0.000 1.450 0.000 0.426 2.673 0.298 1.217 0.139 0.055 2.302 0.000 0.039 0.000 1.793 0.193 1.962 
1 test1dax_inconsistent left_hidden0.488 0.179 0.000 0.941 0.767 0.104 0.793 1.605 0.000 1.067 0.508 0.000 1.214 1.116 0.300 1.098 0.021 0.000 1.299 0.021 
1 test1dax_inconsistent right_hidden0.513 0.292 0.830 0.000 0.585 0.285 0.356 0.228 0.727 0.000 1.028 0.000 0.393 1.021 0.000 0.456 0.000 1.019 0.777 0.389 
0 test1dax_consistent left_hidden0.000 0.000 0.020 0.030 0.061 0.704 1.296 1.563 2.156 0.000 0.000 0.000 0.000 0.507 1.486 0.003 0.162 0.000 0.000 0.000 
0 test1dax_consistent right_hidden0.141 0.000 0.000 0.000 0.000 0.799 1.853 0.838 0.000 0.000 0.085 0.000 0.000 0.000 3.499 2.517 1.364 0.023 0.379 2.965 
1 test1dax_inconsistent left_hidden0.000 0.000 0.020 0.030 0.061 0.704 1.296 1.563 2.156 0.000 0.000 0.000 0.000 0.507 1.486 0.003 0.162 0.000 0.000 0.000 
1 test1dax_inconsistent right_hidden0.000 0.000 0.271 0.014 0.000 0.843 1.070 0.000 0.460 0.000 0.024 0.017 0.000 0.032 1.602 0.554 1.318 0.000 0.057 0.692 
0 test1dax_consistent left_hidden0.032 0.000 1.571 0.000 0.321 0.000 0.410 0.755 1.085 0.556 0.000 0.180 0.000 0.000 1.345 0.143 0.286 1.257 0.000 1.712 
0 test1dax_consistent right_hidden1.514 0.000 0.000 0.139 0.000 0.630 3.874 2.293 0.000 1.402 0.329 0.519 1.181 0.000 0.069 0.057 0.346 0.976 0.000 2.573 
1 test1dax_inconsistent left_hidden0.032 0.000 1.571 0.000 0.321 0.000 0.410 0.755 1.085 0.556 0.000 0.180 0.000 0.000 1.345 0.143 0.286 1.257 0.000 1.712 
1 test1dax_inconsistent right_hidden0.779 0.000 0.377 0.138 0.000 0.258 1.584 0.628 0.000 0.337 0.639 0.243 1.107 0.000 0.867 0.167 0.767 1.005 0.000 0.527 
0 test1dax_consistent left_hidden0.000 0.000 0.241 0.000 0.672 0.239 0.000 1.940 1.260 0.000 0.281 0.447 0.000 1.773 0.000 0.000 1.627 0.355 0.054 0.000 
0 test1dax_consistent right_hidden0.000 1.957 0.819 0.000 0.000 0.441 0.000 0.516 3.126 2.809 0.000 0.279 2.054 1.637 0.000 0.000 0.058 0.287 0.000 0.206 
1 test1dax_inconsistent left_hidden0.000 0.000 0.241 0.000 0.672 0.239 0.000 1.940 1.260 0.000 0.281 0.447 0.000 1.773 0.000 0.000 1.627 0.355 0.054 0.000 
1 test1dax_inconsistent right_hidden0.321 1.280 0.262 0.000 0.000 0.446 0.000 0.299 0.607 1.170 0.142 0.267 0.952 1.126 0.000 0.000 0.055 0.248 0.015 0.364 
0 test1dax_consistent left_hidden0.171 0.000 0.361 0.228 0.008 1.311 0.399 0.337 0.815 0.328 0.263 0.862 0.000 1.803 0.503 1.744 0.289 0.000 0.000 0.423 
0 test1dax_consistent right_hidden0.000 0.000 0.000 4.576 0.000 2.133 2.242 1.047 0.111 0.000 0.708 0.465 0.000 0.778 0.000 1.705 0.041 0.058 0.000 1.277 
1 test1dax_inconsistent left_hidden0.171 0.000 0.361 0.228 0.008 1.311 0.399 0.337 0.815 0.328 0.263 0.862 0.000 1.803 0.503 1.744 0.289 0.000 0.000 0.423 
1 test1dax_inconsistent right_hidden0.000 0.000 0.127 2.465 0.000 0.415 0.756 1.057 0.474 0.000 0.511 0.418 0.120 1.018 0.000 1.092 0.293 0.209 0.000 0.204 
0 test1dax_consistent left_hidden0.000 0.292 2.550 0.000 0.103 0.000 0.000 0.000 1.179 0.145 0.564 0.000 0.183 0.000 0.000 0.158 0.703 0.063 0.145 0.935 
0 test1dax_consistent right_hidden0.000 0.000 0.935 1.389 1.385 0.000 0.000 0.000 0.000 1.804 2.575 0.000 2.290 0.045 0.000 4.218 0.000 0.000 0.000 0.000 
1 test1dax_inconsistent left_hidden0.000 0.292 2.550 0.000 0.103 0.000 0.000 0.000 1.179 0.145 0.564 0.000 0.183 0.000 0.000 0.158 0.703 0.063 0.145 0.935 
1 test1dax_inconsistent right_hidden0.000 0.020 0.431 0.159 0.229 0.000 0.000 0.000 0.000 0.243 1.162 0.000 1.888 0.322 0.000 1.593 0.000 0.007 0.000 0.327 
0 test1dax_consistent left_hidden0.000 0.000 0.415 1.388 0.055 1.204 0.000 0.000 0.000 0.000 0.000 0.499 0.702 0.897 0.000 0.663 0.812 0.304 2.675 0.000 
0 test1dax_consistent right_hidden0.025 1.719 0.034 0.211 0.130 3.702 0.000 1.174 2.828 0.000 0.000 0.101 0.000 0.315 0.000 0.009 2.604 1.021 1.418 0.000 
1 test1dax_inconsistent left_hidden0.000 0.000 0.415 1.388 0.055 1.204 0.000 0.000 0.000 0.000 0.000 0.499 0.702 0.897 0.000 0.663 0.812 0.304 2.675 0.000 
1 test1dax_inconsistent right_hidden0.000 0.319 0.169 0.000 0.013 1.178 0.000 1.161 1.124 0.000 0.000 0.331 0.000 0.257 0.000 0.251 1.838 0.692 0.922 0.000 
0 test1dax_consistent left_hidden0.000 0.000 0.167 0.363 0.233 0.000 0.601 0.000 1.355 0.511 0.000 2.462 0.804 0.076 0.000 0.745 0.000 0.010 1.023 1.292 
0 test1dax_consistent right_hidden0.000 0.000 1.033 0.608 0.000 0.299 0.800 0.464 2.723 0.000 0.000 1.254 0.028 0.000 3.484 2.677 0.000 0.022 0.330 1.132 
1 test1dax_inconsistent left_hidden0.000 0.000 0.167 0.363 0.233 0.000 0.601 0.000 1.355 0.511 0.000 2.462 0.804 0.076 0.000 0.745 0.000 0.010 1.023 1.292 
1 test1dax_inconsistent right_hidden0.003 0.182 0.000 0.158 0.000 0.640 1.080 0.015 1.543 0.271 0.093 0.234 0.211 0.327 0.970 1.122 0.000 0.136 0.735 0.189 
0 test1dax_consistent left_hidden0.000 0.780 0.000 0.096 1.489 0.044 1.967 0.587 0.000 1.385 0.000 0.000 0.184 0.000 0.000 0.000 1.621 0.000 0.397 0.341 
0 test1dax_consistent right_hidden0.152 0.000 1.640 1.751 0.000 3.335 0.827 1.538 0.636 2.212 0.000 0.000 0.000 1.226 0.299 0.000 2.565 1.213 0.000 1.673 
1 test1dax_inconsistent left_hidden0.000 0.780 0.000 0.096 1.489 0.044 1.967 0.587 0.000 1.385 0.000 0.000 0.184 0.000 0.000 0.000 1.621 0.000 0.397 0.341 
1 test1dax_inconsistent right_hidden0.296 0.657 0.212 0.608 0.000 2.217 0.303 0.176 0.319 0.824 0.000 0.000 0.000 0.321 0.431 0.000 0.727 0.339 0.000 0.615 
0 test1dax_consistent left_hidden1.788 0.000 0.000 0.340 0.434 0.375 0.048 0.706 1.266 1.188 0.731 1.654 0.000 1.023 0.317 0.000 0.000 0.000 0.902 0.829 
0 test1dax_consistent right_hidden1.364 0.666 0.000 1.337 2.537 1.070 0.002 0.000 1.582 1.136 0.000 2.396 0.000 0.013 1.878 3.025 2.002 1.395 0.092 0.000 
1 test1dax_inconsistent left_hidden1.788 0.000 0.000 0.340 0.434 0.375 0.048 0.706 1.266 1.188 0.731 1.654 0.000 1.023 0.317 0.000 0.000 0.000 0.902 0.829 
1 test1dax_inconsistent right_hidden1.038 0.304 0.000 0.752 0.924 0.742 0.000 0.036 0.657 0.756 0.000 1.474 0.000 0.650 1.022 0.860 0.682 0.393 0.081 0.000 
0 test1dax_consistent left_hidden0.000 0.000 0.000 0.790 0.865 0.561 0.814 1.835 0.095 0.212 0.000 2.053 0.000 0.000 0.000 0.813 0.355 0.785 0.000 0.341 
0 test1dax_consistent right_hidden0.000 1.921 1.521 0.659 0.003 4.256 0.430 1.235 1.181 0.000 3.099 0.209 0.000 0.000 0.000 1.385 0.076 1.058 0.653 0.000 
1 test1dax_inconsistent left_hidden0.000 0.000 0.000 0.790 0.865 0.561 0.814 1.835 0.095 0.212 0.000 2.053 0.000 0.000 0.000 0.813 0.355 0.785 0.000 0.341 
1 test1dax_inconsistent right_hidden0.000 0.354 0.638 0.831 0.640 1.595 0.825 0.440 0.639 0.000 1.608 0.225 0.000 0.000 0.072 0.282 0.608 1.317 0.000 0.000 
0 test1dax_consistent left_hidden0.431 0.515 0.000 0.000 0.016 0.290 0.990 0.000 0.000 0.184 0.855 0.000 0.000 0.296 0.784 0.619 3.113 0.972 0.000 0.000 
0 test1dax_consistent right_hidden1.275 0.783 0.000 2.155 0.294 0.000 0.000 0.282 0.279 0.246 0.713 0.018 0.000 0.000 0.744 4.143 0.714 2.035 2.136 0.000 
1 test1dax_inconsistent left_hidden0.431 0.515 0.000 0.000 0.016 0.290 0.990 0.000 0.000 0.184 0.855 0.000 0.000 0.296 0.784 0.619 3.113 0.972 0.000 0.000 
1 test1dax_inconsistent right_hidden0.226 0.088 0.000 0.742 0.457 0.000 0.471 0.000 0.000 0.188 0.713 0.053 0.003 0.041 0.080 1.508 1.132 1.590 1.531 0.000 
0 test1dax_consistent left_hidden0.885 0.464 0.477 0.421 0.000 0.000 0.000 1.230 0.350 2.228 0.599 0.572 0.585 0.000 0.077 0.741 0.628 0.985 0.000 1.242 
0 test1dax_consistent right_hidden0.106 0.150 0.200 0.000 0.000 0.000 0.000 0.534 1.440 3.014 0.944 0.676 1.251 0.000 1.994 3.652 0.243 0.000 0.000 0.150 
1 test1dax_inconsistent left_hidden0.885 0.464 0.477 0.421 0.000 0.000 0.000 1.230 0.350 2.228 0.599 0.572 0.585 0.000 0.077 0.741 0.628 0.985 0.000 1.242 
1 test1dax_inconsistent right_hidden0.297 0.544 0.000 0.000 0.000 0.000 0.000 0.030 1.023 1.163 0.869 0.161 1.101 0.000 0.872 0.852 0.541 0.000 0.000 0.654 
0 test1dax_consistent left_hidden0.488 0.000 0.242 0.166 0.148 1.057 0.000 2.142 0.369 0.000 1.219 0.619 0.051 0.821 1.419 0.249 0.153 1.584 0.000 0.000 
0 test1dax_consistent right_hidden0.441 2.972 2.688 0.842 1.790 0.766 1.810 0.552 0.040 0.000 1.695 0.000 0.000 0.663 1.368 0.000 0.212 1.071 0.230 0.000 
1 test1dax_inconsistent left_hidden0.488 0.000 0.242 0.166 0.148 1.057 0.000 2.142 0.369 0.000 1.219 0.619 0.051 0.821 1.419 0.249 0.153 1.584 0.000 0.000 
1 test1dax_inconsistent right_hidden0.451 0.810 1.029 0.616 0.515 0.968 0.307 0.719 0.281 0.060 0.464 0.556 0.000 0.704 0.848 0.085 0.076 0.488 0.000 0.000 
0 test1dax_consistent left_hidden0.000 0.000 0.000 0.000 0.210 1.736 0.640 0.822 0.559 0.000 0.553 1.856 0.000 1.408 0.507 0.178 0.292 0.050 0.000 0.000 
0 test1dax_consistent right_hidden0.000 1.938 0.000 0.000 1.127 0.903 1.893 0.925 2.082 0.000 2.194 2.980 3.021 0.123 0.126 0.426 0.000 0.620 0.000 0.308 
1 test1dax_inconsistent left_hidden0.000 0.000 0.000 0.000 0.210 1.736 0.640 0.822 0.559 0.000 0.553 1.856 0.000 1.408 0.507 0.178 0.292 0.050 0.000 0.000 
1 test1dax_inconsistent right_hidden0.000 0.805 0.000 0.000 0.673 0.431 0.345 0.566 0.761 0.000 0.753 0.642 1.790 0.861 0.637 0.024 0.000 0.499 0.060 0.493 
0 test1dax_consistent left_hidden1.469 0.000 0.000 0.406 0.529 0.526 0.000 0.339 0.000 0.941 0.000 0.601 2.501 0.474 1.399 0.000 0.323 0.865 0.502 0.000 
0 test1dax_consistent right_hidden0.000 0.000 0.000 0.000 0.043 0.000 1.466 3.823 0.000 0.000 0.000 0.185 1.768 0.000 1.384 0.777 2.130 3.784 0.000 0.000 
1 test1dax_inconsistent left_hidden1.469 0.000 0.000 0.406 0.529 0.526 0.000 0.339 0.000 0.941 0.000 0.601 2.501 0.474 1.399 0.000 0.323 0.865 0.502 0.000 
1 test1dax_inconsistent right_hidden0.165 0.000 0.000 0.006 0.000 0.000 0.151 1.314 0.000 0.000 0.000 0.000 1.068 0.000 1.275 0.101 0.334 2.343 0.338 0.000 
0 test1dax_consistent left_hidden2.751 0.613 0.336 0.000 0.000 0.000 0.000 0.875 0.000 0.000 0.297 0.000 0.678 0.653 0.795 0.000 1.329 1.077 0.048 0.207 
0 test1dax_consistent right_hidden1.543 1.289 0.076 0.000 0.000 3.562 0.000 1.338 0.000 0.000 2.146 0.000 0.000 0.084 1.946 0.000 1.930 0.975 3.021 0.000 
1 test1dax_inconsistent left_hidden2.751 0.613 0.336 0.000 0.000 0.000 0.000 0.875 0.000 0.000 0.297 0.000 0.678 0.653 0.795 0.000 1.329 1.077 0.048 0.207 
1 test1dax_inconsistent right_hidden1.580 0.273 0.569 0.070 0.000 1.623 0.000 0.461 0.035 0.000 0.314 0.000 0.000 0.174 0.808 0.000 0.640 0.576 1.723 0.000 
0 test1dax_consistent left_hidden0.155 0.240 0.000 1.370 1.883 0.000 0.000 1.348 0.053 1.181 0.000 0.000 0.550 0.000 1.564 0.031 0.434 0.059 0.512 0.265 
0 test1dax_consistent right_hidden0.240 0.289 1.217 0.000 3.084 0.000 0.000 1.683 0.310 2.582 0.000 0.210 1.323 2.269 0.274 0.000 0.168 2.028 0.320 1.146 
1 test1dax_inconsistent left_hidden0.155 0.240 0.000 1.370 1.883 0.000 0.000 1.348 0.053 1.181 0.000 0.000 0.550 0.000 1.564 0.031 0.434 0.059 0.512 0.265 
1 test1dax_inconsistent right_hidden0.000 0.678 0.887 0.741 0.864 0.000 0.000 0.409 0.325 1.129 0.586 0.429 0.665 0.785 0.628 0.000 0.627 0.965 0.321 0.795 
0 test1dax_consistent left_hidden1.185 0.000 0.702 0.000 0.000 0.706 0.002 0.000 0.860 0.000 0.041 0.293 0.798 1.524 0.000 0.000 0.000 2.209 0.507 0.000 
0 test1dax_consistent right_hidden1.911 0.000 0.000 0.000 0.000 1.312 0.000 0.448 3.021 2.065 2.002 0.000 3.474 1.193 0.067 1.562 0.000 0.000 0.664 0.000 
1 test1dax_inconsistent left_hidden1.185 0.000 0.702 0.000 0.000 0.706 0.002 0.000 0.860 0.000 0.041 0.293 0.798 1.524 0.000 0.000 0.000 2.209 0.507 0.000 
1 test1dax_inconsistent right_hidden1.487 0.000 0.000 0.000 0.000 0.635 0.000 0.114 1.781 0.728 0.368 0.000 1.246 0.637 0.303 0.893 0.000 0.257 0.866 0.000 
0 test1dax_consistent left_hidden0.118 0.876 0.000 0.000 0.110 0.147 2.355 0.000 1.145 0.863 1.440 0.000 0.000 1.673 0.000 0.198 0.038 0.765 1.010 0.112 
0 test1dax_consistent right_hidden0.000 0.156 0.000 0.000 3.747 0.470 2.036 0.000 0.507 1.580 0.000 0.015 0.000 0.503 0.000 0.670 0.000 0.000 1.691 3.708 
1 test1dax_inconsistent left_hidden0.118 0.876 0.000 0.000 0.110 0.147 2.355 0.000 1.145 0.863 1.440 0.000 0.000 1.673 0.000 0.198 0.038 0.765 1.010 0.112 
1 test1dax_inconsistent right_hidden0.132 0.503 0.000 0.000 1.215 0.483 1.653 0.118 0.399 1.392 0.000 0.000 0.000 0.120 0.000 0.914 0.000 0.156 0.997 1.207 
0 test1dax_consistent left_hidden1.128 0.084 0.000 0.000 1.129 0.326 0.788 0.240 0.114 2.102 0.319 0.000 0.127 1.224 0.095 0.675 0.000 0.000 0.182 0.852 
0 test1dax_consistent right_hidden1.371 0.941 0.000 0.000 0.064 0.371 2.590 1.214 3.480 1.694 0.000 0.837 0.000 2.424 0.274 1.484 0.000 0.507 0.000 1.923 
1 test1dax_inconsistent left_hidden1.128 0.084 0.000 0.000 1.129 0.326 0.788 0.240 0.114 2.102 0.319 0.000 0.127 1.224 0.095 0.675 0.000 0.000 0.182 0.852 
1 test1dax_inconsistent right_hidden0.260 0.757 0.000 0.063 0.438 0.368 0.836 0.187 1.388 1.184 0.000 0.622 0.000 0.607 0.881 1.030 0.000 0.145 0.000 0.809 
0 test1dax_consistent left_hidden0.468 0.249 1.532 0.000 0.000 0.985 1.525 0.694 0.611 0.339 0.515 1.000 0.721 0.693 0.699 0.000 0.951 1.214 0.936 0.152 
0 test1dax_consistent right_hidden0.836 0.452 0.649 2.418 0.735 1.124 0.981 0.178 0.257 2.069 1.095 1.401 0.654 1.796 3.082 0.956 0.503 0.000 1.900 0.162 
1 test1dax_inconsistent left_hidden0.468 0.249 1.532 0.000 0.000 0.985 1.525 0.694 0.611 0.339 0.515 1.000 0.721 0.693 0.699 0.000 0.951 1.214 0.936 0.152 
1 test1dax_inconsistent right_hidden0.855 0.000 0.484 0.309 0.107 0.353 0.599 0.093 0.490 0.800 0.452 0.859 0.124 0.399 2.049 0.097 0.170 0.462 0.481 0.876 
0 test1dax_consistent left_hidden0.000 0.000 0.000 0.000 1.464 0.477 0.000 0.754 0.036 1.196 0.044 0.000 2.246 1.103 1.231 0.613 0.000 0.000 0.020 0.711 
0 test1dax_consistent right_hidden2.262 0.000 0.000 0.000 0.127 0.000 0.268 1.102 1.962 0.895 0.473 0.000 2.560 3.110 1.367 0.816 0.000 1.732 0.000 2.766 
1 test1dax_inconsistent left_hidden0.000 0.000 0.000 0.000 1.464 0.477 0.000 0.754 0.036 1.196 0.044 0.000 2.246 1.103 1.231 0.613 0.000 0.000 0.020 0.711 
1 test1dax_inconsistent right_hidden1.043 0.000 0.000 0.000 0.717 0.085 0.646 1.480 0.775 0.729 0.450 0.000 1.145 1.346 0.560 0.000 0.000 0.756 0.000 0.902 
0 test1dax_consistent left_hidden0.349 2.636 1.582 1.425 0.000 0.000 0.334 0.000 0.675 0.000 0.203 0.063 0.556 0.000 0.000 0.000 0.603 0.427 0.335 0.000 
0 test1dax_consistent right_hidden2.729 2.720 1.778 0.000 0.000 2.352 0.968 0.000 0.419 0.225 0.000 1.061 0.012 0.000 0.763 0.000 0.464 3.230 0.583 0.000 
1 test1dax_inconsistent left_hidden0.349 2.636 1.582 1.425 0.000 0.000 0.334 0.000 0.675 0.000 0.203 0.063 0.556 0.000 0.000 0.000 0.603 0.427 0.335 0.000 
1 test1dax_inconsistent right_hidden1.863 1.580 0.430 0.000 0.000 0.838 0.487 0.000 0.509 0.366 0.000 0.137 0.330 0.000 0.058 0.000 0.669 1.300 1.020 0.000 
0 test1dax_consistent left_hidden0.135 0.000 0.923 0.000 0.000 0.308 0.702 1.829 0.000 0.547 1.331 0.000 0.000 0.810 0.570 1.198 0.000 0.000 0.000 0.379 
0 test1dax_consistent right_hidden0.000 0.000 1.536 0.944 1.211 0.828 0.222 0.000 0.865 0.619 0.082 0.000 0.000 5.449 0.000 0.000 0.000 0.000 0.473 1.956 
1 test1dax_inconsistent left_hidden0.135 0.000 0.923 0.000 0.000 0.308 0.702 1.829 0.000 0.547 1.331 0.000 0.000 0.810 0.570 1.198 0.000 0.000 0.000 0.379 
1 test1dax_inconsistent right_hidden0.000 0.000 0.444 0.318 1.449 0.000 0.508 0.367 0.000 0.000 0.122 0.000 0.000 2.172 0.000 0.103 0.000 0.065 0.833 0.577 
0 test1dax_consistent left_hidden0.000 0.480 0.897 0.934 0.167 0.000 0.000 1.717 0.000 0.801 0.000 0.395 0.164 0.000 0.000 0.026 1.241 1.103 0.000 1.918 
0 test1dax_consistent right_hidden0.000 0.000 0.000 0.511 0.370 1.496 0.000 0.640 1.584 3.668 0.000 2.683 0.260 0.000 0.000 0.154 0.000 0.253 0.000 2.862 
1 test1dax_inconsistent left_hidden0.000 0.480 0.897 0.934 0.167 0.000 0.000 1.717 0.000 0.801 0.000 0.395 0.164 0.000 0.000 0.026 1.241 1.103 0.000 1.918 
1 test1dax_inconsistent right_hidden0.000 0.024 0.000 0.832 0.563 0.193 0.000 0.955 0.938 1.477 0.000 0.851 0.000 0.000 0.000 0.000 0.000 0.565 0.000 1.606 
0 test1dax_consistent left_hidden0.000 0.337 2.183 1.309 0.000 0.000 0.997 0.168 1.080 0.000 0.000 0.395 0.968 1.269 0.000 0.205 0.394 0.000 0.434 0.000 
0 test1dax_consistent right_hidden0.000 0.000 0.621 1.975 0.000 0.334 1.676 2.828 3.097 0.269 3.234 0.710 0.646 0.000 0.000 1.599 0.036 0.000 0.172 0.000 
1 test1dax_inconsistent left_hidden0.000 0.337 2.183 1.309 0.000 0.000 0.997 0.168 1.080 0.000 0.000 0.395 0.968 1.269 0.000 0.205 0.394 0.000 0.434 0.000 
1 test1dax_inconsistent right_hidden0.000 0.000 0.436 1.641 0.014 0.219 0.556 0.631 0.649 0.480 1.660 0.715 0.008 0.706 0.000 0.176 0.000 0.000 0.775 0.065 
0 test1dax_consistent left_hidden0.008 0.372 1.318 0.000 0.000 1.443 0.578 0.633 0.991 0.240 0.442 0.048 0.000 0.695 0.211 0.000 0.000 1.320 0.000 2.175 
0 test1dax_consistent right_hidden0.000 2.732 1.196 0.000 0.000 2.119 0.000 0.000 3.354 0.541 0.000 0.000 0.000 1.515 0.000 0.000 1.058 0.648 2.524 1.405 
1 test1dax_inconsistent left_hidden0.008 0.372 1.318 0.000 0.000 1.443 0.578 0.633 0.991 0.240 0.442 0.048 0.000 0.695 0.211 0.000 0.000 1.320 0.000 2.175 
1 test1dax_inconsistent right_hidden0.000 1.436 0.853 0.000 0.000 0.976 0.023 0.000 1.176 0.431 0.623 0.000 0.000 0.206 0.000 0.000 0.125 0.000 1.388 1.370 
0 test1dax_consistent left_hidden0.665 0.833 0.051 0.615 1.051 0.000 0.351 0.636 0.713 0.000 1.031 0.000 1.861 0.000 0.718 0.531 0.000 1.123 0.748 0.633 
0 test1dax_consistent right_hidden0.000 0.167 0.380 2.858 0.935 0.000 0.000 3.931 0.000 0.000 1.081 0.000 0.715 0.000 0.000 0.000 0.000 0.933 0.780 1.906 
1 test1dax_inconsistent left_hidden0.665 0.833 0.051 0.615 1.051 0.000 0.351 0.636 0.713 0.000 1.031 0.000 1.861 0.000 0.718 0.531 0.000 1.123 0.748 0.633 
1 test1dax_inconsistent right_hidden0.298 1.051 0.662 0.914 0.000 0.000 0.025 1.169 0.278 0.000 0.730 0.000 1.244 0.000 0.000 0.000 0.000 0.404 0.062 0.273 
0 test1dax_consistent left_hidden0.146 0.224 0.000 0.135 0.000 0.000 1.829 0.439 1.677 1.205 0.000 0.000 1.835 0.513 0.095 1.016 0.000 0.000 0.416 0.297 
0 test1dax_consistent right_hidden2.584 0.000 0.000 0.000 0.000 3.887 0.035 1.693 0.422 2.612 0.000 0.727 0.439 1.384 0.000 0.101 0.000 0.590 1.572 0.309 
1 test1dax_inconsistent left_hidden0.146 0.224 0.000 0.135 0.000 0.000 1.829 0.439 1.677 1.205 0.000 0.000 1.835 0.513 0.095 1.016 0.000 0.000 0.416 0.297 
1 test1dax_inconsistent right_hidden0.765 0.053 0.000 0.000 0.000 1.448 0.000 0.408 0.450 2.433 0.098 0.653 0.171 0.201 0.000 0.188 0.000 0.414 0.368 0.500 
0 test1dax_consistent left_hidden0.694 0.000 0.000 1.712 0.205 0.000 1.258 0.148 0.000 0.011 0.000 0.000 0.000 0.254 2.327 0.000 1.064 0.921 0.000 0.000 
0 test1dax_consistent right_hidden0.462 2.032 0.000 1.215 0.000 2.596 1.293 0.728 0.000 0.000 0.000 2.142 1.092 0.000 3.581 0.207 1.044 0.000 0.000 1.585 
1 test1dax_inconsistent left_hidden0.694 0.000 0.000 1.712 0.205 0.000 1.258 0.148 0.000 0.011 0.000 0.000 0.000 0.254 2.327 0.000 1.064 0.921 0.000 0.000 
1 test1dax_inconsistent right_hidden0.887 0.378 0.000 0.550 0.009 0.725 0.483 0.026 0.000 0.000 0.000 1.215 0.437 0.189 2.084 0.336 1.080 0.401 0.000 0.620 
0 test1dax_consistent left_hidden0.000 0.000 1.451 0.224 0.279 1.245 0.000 0.000 0.000 0.000 0.000 2.370 0.000 0.018 0.275 1.101 0.602 0.000 0.598 0.000 
0 test1dax_consistent right_hidden2.378 1.541 0.603 1.450 2.328 0.000 0.000 0.000 0.735 0.132 2.905 2.160 0.000 0.000 0.069 2.143 0.360 0.000 0.794 0.747 
1 test1dax_inconsistent left_hidden0.000 0.000 1.451 0.224 0.279 1.245 0.000 0.000 0.000 0.000 0.000 2.370 0.000 0.018 0.275 1.101 0.602 0.000 0.598 0.000 
1 test1dax_inconsistent right_hidden0.708 0.751 0.144 0.240 1.396 0.000 0.000 0.000 1.090 0.344 1.161 0.584 0.000 0.000 0.352 0.520 0.844 0.000 0.879 0.253 
0 test1dax_consistent left_hidden1.280 1.473 0.206 0.947 0.547 0.000 0.111 0.885 1.784 1.280 0.501 0.000 0.481 0.679 0.000 0.331 0.630 0.383 0.567 0.417 
0 test1dax_consistent right_hidden0.000 1.601 0.000 1.471 1.138 0.000 1.639 2.401 0.013 0.153 0.000 0.000 3.516 0.095 0.000 0.634 2.013 0.668 0.208 0.271 
1 test1dax_inconsistent left_hidden1.280 1.473 0.206 0.947 0.547 0.000 0.111 0.885 1.784 1.280 0.501 0.000 0.481 0.679 0.000 0.331 0.630 0.383 0.567 0.417 
1 test1dax_inconsistent right_hidden0.175 1.177 0.000 0.754 0.029 0.000 0.598 1.042 0.432 0.778 0.326 0.000 1.044 0.192 0.047 0.806 1.081 0.546 0.487 0.512 
0 test1dax_consistent left_hidden0.000 0.200 0.000 0.000 0.000 0.893 0.000 0.000 0.718 1.469 2.171 0.000 1.520 0.000 0.000 0.437 0.466 0.678 0.000 0.000 
0 test1dax_consistent right_hidden0.285 0.000 0.900 2.574 0.000 1.611 1.379 1.627 0.053 1.835 0.052 0.716 0.000 0.000 0.000 1.045 0.000 2.948 2.090 0.000 
1 test1dax_inconsistent left_hidden0.000 0.200 0.000 0.000 0.000 0.893 0.000 0.000 0.718 1.469 2.171 0.000 1.520 0.000 0.000 0.437 0.466 0.678 0.000 0.000 
1 test1dax_inconsistent right_hidden0.195 0.000 0.515 0.662 0.273 1.243 0.892 0.659 0.000 1.001 0.441 0.681 0.322 0.000 0.123 0.982 0.150 0.809 0.779 0.000 
0 test1dax_consistent left_hidden1.203 0.483 0.661 2.133 0.392 0.404 0.000 0.692 0.912 0.325 0.000 0.939 0.469 0.000 0.210 0.308 0.479 1.448 0.000 0.000 
0 test1dax_consistent right_hidden1.353 3.567 0.734 0.000 0.000 1.274 0.000 0.099 0.153 0.467 0.000 0.000 0.000 2.994 1.458 1.806 0.084 2.643 0.000 0.000 
1 test1dax_inconsistent left_hidden1.203 0.483 0.661 2.133 0.392 0.404 0.000 0.692 0.912 0.325 0.000 0.939 0.469 0.000 0.210 0.308 0.479 1.448 0.000 0.000 
1 test1dax_inconsistent right_hidden1.205 1.069 0.654 0.270 0.000 0.623 0.000 0.000 0.183 1.095 0.000 0.000 0.000 0.645 1.187 1.175 0.000 1.325 0.000 0.056 
0 test1dax_consistent left_hidden0.000 0.264 0.149 1.417 0.337 0.050 0.000 0.336 0.377 0.000 1.421 0.345 0.055 0.000 0.197 0.000 0.000 2.040 1.188 0.000 
0 test1dax_consistent right_hidden0.000 0.000 0.000 0.666 0.821 2.796 0.000 0.000 0.300 0.000 0.544 0.000 0.000 5.143 0.000 0.000 0.000 0.000 0.000 0.000 
1 test1dax_inconsistent left_hidden0.000 0.264 0.149 1.417 0.337 0.050 0.000 0.336 0.377 0.000 1.421 0.345 0.055 0.000 0.197 0.000 0.000 2.040 1.188 0.000 
1 test1dax_inconsistent right_hidden0.000 0.000 0.000 0.501 1.112 0.580 0.000 0.000 1.015 0.000 0.818 0.000 0.000 1.808 0.000 0.088 0.000 0.000 0.000 0.000 
0 test1dax_consistent left_hidden2.390 0.490 1.173 0.548 0.291 0.000 0.179 1.088 0.000 0.032 0.152 1.227 0.000 0.008 1.060 0.306 0.000 0.784 0.530 0.000 
0 test1dax_consistent right_hidden2.254 0.000 0.296 0.291 0.000 0.000 1.798 0.000 0.000 0.480 0.603 0.115 0.871 0.000 1.844 1.773 0.000 2.558 3.168 0.000 
1 test1dax_inconsistent left_hidden2.390 0.490 1.173 0.548 0.291 0.000 0.179 1.088 0.000 0.032 0.152 1.227 0.000 0.008 1.060 0.306 0.000 0.784 0.530 0.000 
1 test1dax_inconsistent right_hidden0.751 0.121 0.031 0.440 0.000 0.033 0.802 0.000 0.000 0.269 1.244 0.140 0.000 0.000 0.987 1.291 0.000 0.524 1.705 0.000 
0 test1dax_consistent left_hidden0.556 0.000 0.000 0.414 1.007 1.420 1.214 0.353 0.946 0.944 0.506 1.341 0.000 0.535 1.076 0.890 0.298 0.265 0.273 0.000 
0 test1dax_consistent right_hidden0.000 0.000 0.000 0.032 0.064 0.004 3.027 0.000 0.245 0.000 0.793 0.069 0.000 0.068 1.426 4.265 1.264 1.976 0.237 0.000 
1 test1dax_inconsistent left_hidden0.556 0.000 0.000 0.414 1.007 1.420 1.214 0.353 0.946 0.944 0.506 1.341 0.000 0.535 1.076 0.890 0.298 0.265 0.273 0.000 
1 test1dax_inconsistent right_hidden0.035 0.000 0.013 0.190 0.003 0.575 1.263 0.027 0.000 0.000 0.734 0.334 0.000 0.479 0.911 1.520 0.492 1.050 0.840 0.000 
0 test1dax_consistent left_hidden0.095 0.335 0.571 0.000 0.072 0.000 1.018 0.000 0.000 1.211 0.002 0.557 0.000 0.830 1.328 0.156 0.482 1.288 2.289 0.252 
0 test1dax_consistent right_hidden0.306 0.000 1.582 0.390 0.963 0.000 0.000 0.156 4.479 0.000 0.000 1.746 1.386 1.488 0.000 0.803 0.382 1.931 0.560 0.000 
1 test1dax_inconsistent left_hidden0.095 0.335 0.571 0.000 0.072 0.000 1.018 0.000 0.000 1.211 0.002 0.557 0.000 0.830 1.328 0.156 0.482 1.288 2.289 0.252 
1 test1dax_inconsistent right_hidden0.296 0.000 1.307 0.000 0.000 0.000 0.000 0.120 1.541 0.636 0.000 0.373 0.193 1.334 0.000 0.000 0.610 0.482 0.365 0.349 
0 test1dax_consistent left_hidden0.002 0.269 0.000 0.000 0.000 0.034 1.704 0.000 1.481 0.274 1.366 0.000 0.007 0.310 0.000 0.000 1.568 1.983 0.000 0.000 
0 test1dax_consistent right_hidden1.006 0.000 0.000 0.000 4.908 0.000 1.965 0.503 1.002 0.000 2.356 0.000 0.000 0.335 0.011 0.000 1.366 0.562 0.000 0.000 
1 test1dax_inconsistent left_hidden0.002 0.269 0.000 0.000 0.000 0.034 1.704 0.000 1.481 0.274 1.366 0.000 0.007 0.310 0.000 0.000 1.568 1.983 0.000 0.000 
1 test1dax_inconsistent right_hidden0.000 0.000 0.144 0.000 1.688 0.000 1.389 0.412 0.028 0.000 1.072 0.232 0.000 0.686 0.486 0.107 0.801 0.520 0.000 0.054 
0 test1dax_consistent left_hidden0.000 0.800 0.602 1.509 0.000 0.940 1.695 0.000 0.891 0.882 0.695 0.504 0.000 1.292 0.000 0.000 0.572 0.260 1.004 0.000 
0 test1dax_consistent right_hidden2.481 2.067 0.988 0.017 1.090 2.588 0.094 1.476 0.922 2.109 0.000 0.161 0.601 1.099 0.565 0.000 1.278 0.957 1.047 1.114 
1 test1dax_inconsistent left_hidden0.000 0.800 0.602 1.509 0.000 0.940 1.695 0.000 0.891 0.882 0.695 0.504 0.000 1.292 0.000 0.000 0.572 0.260 1.004 0.000 
1 test1dax_inconsistent right_hidden0.783 0.869 0.000 0.251 0.557 0.819 0.598 0.466 0.850 0.396 0.000 0.073 0.239 1.059 0.827 0.000 0.812 0.833 0.316 0.896 
0 test1dax_consistent left_hidden0.000 0.890 0.527 0.005 0.567 0.000 0.267 0.000 0.959 0.000 0.000 0.000 0.000 1.723 2.179 0.725 0.000 0.000 0.821 1.592 
0 test1dax_consistent right_hidden0.000 0.000 0.901 0.000 1.915 0.000 0.000 0.000 3.844 0.000 0.000 0.000 0.000 1.186 0.006 2.419 0.000 0.000 0.017 3.663 
1 test1dax_inconsistent left_hidden0.000 0.890 0.527 0.005 0.567 0.000 0.267 0.000 0.959 0.000 0.000 0.000 0.000 1.723 2.179 0.725 0.000 0.000 0.821 1.592 
1 test1dax_inconsistent right_hidden0.000 0.000 0.000 0.000 1.208 0.000 0.000 0.000 1.194 0.096 0.000 0.000 0.000 1.095 0.204 1.865 0.075 0.043 0.000 1.694 
0 test1dax_consistent left_hidden1.123 0.219 0.000 0.442 1.081 1.315 0.673 0.000 0.673 1.665 0.234 0.438 0.783 0.000 0.219 0.335 0.235 1.609 0.000 0.372 
0 test1dax_consistent right_hidden2.034 0.000 2.330 0.000 1.596 0.961 1.385 0.000 0.000 0.789 1.938 1.380 1.109 1.255 0.000 0.000 3.045 1.896 1.122 0.058 
1 test1dax_inconsistent left_hidden1.123 0.219 0.000 0.442 1.081 1.315 0.673 0.000 0.673 1.665 0.234 0.438 0.783 0.000 0.219 0.335 0.235 1.609 0.000 0.372 
1 test1dax_inconsistent right_hidden0.805 0.000 1.192 0.000 0.497 0.519 1.014 0.000 0.222 0.800 0.871 0.702 0.162 0.462 0.000 0.083 1.239 1.606 0.517 0.000 
0 test1dax_consistent left_hidden0.000 0.386 0.000 1.490 0.401 0.000 0.025 0.040 0.000 1.080 0.694 0.000 1.199 1.947 0.000 0.000 0.233 0.000 1.432 0.804 
0 test1dax_consistent right_hidden0.000 0.000 0.000 0.000 0.000 0.000 0.000 0.000 1.539 4.185 0.000 0.000 1.891 0.000 0.625 0.000 3.815 0.000 2.681 0.283 
1 test1dax_inconsistent left_hidden0.000 0.386 0.000 1.490 0.401 0.000 0.025 0.040 0.000 1.080 0.694 0.000 1.199 1.947 0.000 0.000 0.233 0.000 1.432 0.804 
1 test1dax_inconsistent right_hidden0.096 0.117 0.000 0.079 0.060 0.000 0.000 0.100 0.818 2.073 0.000 0.000 1.591 0.110 1.051 0.000 1.525 0.000 0.420 0.739 
0 test1dax_consistent left_hidden1.097 0.178 0.000 0.183 1.841 0.380 1.462 0.000 0.000 0.282 0.529 0.000 1.862 0.150 0.198 0.145 0.000 0.000 0.703 0.187 
0 test1dax_consistent right_hidden4.456 0.000 0.000 0.000 2.265 0.000 0.000 0.000 0.672 2.262 2.003 0.000 1.573 0.000 0.000 0.000 0.000 0.000 0.907 0.000 
1 test1dax_inconsistent left_hidden1.097 0.178 0.000 0.183 1.841 0.380 1.462 0.000 0.000 0.282 0.529 0.000 1.862 0.150 0.198 0.145 0.000 0.000 0.703 0.187 
1 test1dax_inconsistent right_hidden1.270 0.000 0.000 0.960 1.343 0.309 0.000 0.000 0.713 1.097 1.173 0.000 0.386 0.000 0.000 0.063 0.000 0.000 1.046 0.099 
0 test1dax_consistent left_hidden0.242 0.289 0.000 0.000 0.000 1.225 0.588 0.422 0.350 0.276 0.502 0.000 0.000 2.381 1.835 0.266 0.409 0.502 0.349 0.000 
0 test1dax_consistent right_hidden0.000 0.031 0.000 0.000 0.917 0.041 0.782 2.903 0.000 0.000 0.016 0.000 0.000 3.511 3.643 0.000 0.000 0.079 0.000 0.000 
1 test1dax_inconsistent left_hidden0.242 0.289 0.000 0.000 0.000 1.225 0.588 0.422 0.350 0.276 0.502 0.000 0.000 2.381 1.835 0.266 0.409 0.502 0.349 0.000 
1 test1dax_inconsistent right_hidden0.000 0.359 0.008 0.000 0.000 0.104 0.757 0.576 0.000 0.063 0.321 0.000 0.000 2.634 1.459 0.030 0.113 0.000 0.000 0.000 
0 test1dax_consistent left_hidden1.184 0.374 0.214 0.000 0.839 0.586 0.362 0.145 0.827 1.886 0.743 0.572 1.364 0.180 0.000 0.890 0.362 0.000 0.757 0.000 
0 test1dax_consistent right_hidden0.000 3.189 0.943 0.000 0.000 1.354 0.000 0.000 1.954 1.188 0.950 0.817 1.953 2.046 0.000 0.000 0.046 0.000 1.071 3.249 
1 test1dax_inconsistent left_hidden1.184 0.374 0.214 0.000 0.839 0.586 0.362 0.145 0.827 1.886 0.743 0.572 1.364 0.180 0.000 0.890 0.362 0.000 0.757 0.000 
1 test1dax_inconsistent right_hidden0.572 1.155 0.694 0.000 0.012 0.851 0.000 0.000 0.873 0.417 0.113 0.091 1.622 0.903 0.000 0.000 0.483 0.000 0.820 0.918 
0 test1dax_consistent left_hidden0.000 0.000 0.000 0.000 0.000 0.730 0.856 0.349 1.186 0.000 0.000 0.898 0.019 0.000 0.041 0.000 0.000 3.001 0.029 0.078 
0 test1dax_consistent right_hidden0.000 0.439 2.088 0.000 1.122 2.313 0.000 2.853 0.177 0.000 2.641 1.316 0.000 0.708 3.161 0.000 0.055 0.003 0.000 0.000 
1 test1dax_inconsistent left_hidden0.000 0.000 0.000 0.000 0.000 0.730 0.856 0.349 1.186 0.000 0.000 0.898 0.019 0.000 0.041 0.000 0.000 3.001 0.029 0.078 
1 test1dax_inconsistent right_hidden0.000 0.153 1.033 0.000 0.635 1.475 0.000 1.277 0.482 0.000 0.634 0.000 0.000 0.617 1.269 0.000 0.479 0.866 0.000 0.001 
0 test1dax_consistent left_hidden0.000 0.978 0.622 0.113 0.014 0.000 0.000 0.453 1.448 0.104 0.302 0.419 0.359 0.021 1.058 1.078 1.473 0.000 0.792 1.951 
0 test1dax_consistent right_hidden1.522 0.000 4.401 1.040 0.357 0.000 1.023 0.591 1.586 0.000 1.049 0.139 0.058 0.000 1.253 0.563 0.114 0.000 0.576 1.662 
1 test1dax_inconsistent left_hidden0.000 0.978 0.622 0.113 0.014 0.000 0.000 0.453 1.448 0.104 0.302 0.419 0.359 0.021 1.058 1.078 1.473 0.000 0.792 1.951 
1 test1dax_inconsistent right_hidden0.200 0.000 2.252 0.315 0.529 0.172 0.199 0.000 0.276 0.000 0.267 0.161 0.320 0.000 0.131 1.311 0.097 0.000 0.772 0.210 
0 test1dax_consistent left_hidden0.442 0.176 0.150 0.000 0.647 1.620 0.000 0.401 0.813 0.000 0.845 2.210 0.854 0.018 0.950 0.000 0.000 0.000 0.309 0.000 
0 test1dax_consistent right_hidden0.021 0.000 0.000 0.000 0.000 0.000 3.695 0.179 0.000 0.000 3.327 1.116 0.000 0.069 0.004 0.000 0.430 2.300 2.646 0.000 
1 test1dax_inconsistent left_hidden0.442 0.176 0.150 0.000 0.647 1.620 0.000 0.401 0.813 0.000 0.845 2.210 0.854 0.018 0.950 0.000 0.000 0.000 0.309 0.000 
1 test1dax_inconsistent right_hidden0.322 0.000 0.000 0.000 0.000 0.000 1.151 0.437 0.273 0.000 1.296 0.626 0.418 0.435 0.498 0.000 0.000 0.605 1.991 0.000 
0 test1dax_consistent left_hidden0.642 0.704 0.061 1.346 0.724 0.246 0.000 0.494 0.000 0.308 0.008 1.769 0.329 0.515 0.000 0.132 0.333 0.233 0.862 1.621 
0 test1dax_consistent right_hidden0.040 0.000 0.000 0.075 0.112 0.000 1.611 0.000 0.000 0.000 0.407 0.333 2.171 0.911 0.000 0.021 4.516 2.737 0.000 0.000 
1 test1dax_inconsistent left_hidden0.642 0.704 0.061 1.346 0.724 0.246 0.000 0.494 0.000 0.308 0.008 1.769 0.329 0.515 0.000 0.132 0.333 0.233 0.862 1.621 
1 test1dax_inconsistent right_hidden0.513 0.000 0.000 0.424 0.131 0.000 1.152 0.000 0.285 0.000 0.204 0.082 1.946 0.688 0.000 0.384 1.603 0.503 0.054 0.000 
0 test1dax_consistent left_hidden0.793 0.000 0.000 0.664 0.685 0.057 0.000 0.082 0.940 0.382 0.391 0.000 0.000 0.000 0.686 1.706 1.637 0.149 1.274 1.358 
0 test1dax_consistent right_hidden0.066 0.000 1.850 0.835 0.000 4.103 0.000 0.000 0.237 0.583 0.927 0.000 0.000 0.000 0.266 0.000 2.676 0.000 0.901 3.021 
1 test1dax_inconsistent left_hidden0.793 0.000 0.000 0.664 0.685 0.057 0.000 0.082 0.940 0.382 0.391 0.000 0.000 0.000 0.686 1.706 1.637 0.149 1.274 1.358 
1 test1dax_inconsistent right_hidden0.321 0.004 0.451 0.325 0.560 2.316 0.000 0.053 0.150 1.266 0.960 0.000 0.000 0.000 0.000 0.253 1.621 0.183 0.168 0.938 
0 test1dax_consistent left_hidden0.205 0.000 1.300 2.010 0.455 0.567 0.000 1.112 1.111 0.000 0.410 0.988 0.765 0.000 0.886 0.000 0.140 0.816 0.432 0.247 
0 test1dax_consistent right_hidden0.000 0.000 1.458 0.082 1.272 0.350 0.000 0.000 4.748 0.000 0.000 0.117 0.013 0.000 0.090 0.000 0.130 2.988 0.528 0.089 
1 test1dax_inconsistent left_hidden0.205 0.000 1.300 2.010 0.455 0.567 0.000 1.112 1.111 0.000 0.410 0.988 0.765 0.000 0.886 0.000 0.140 0.816 0.432 0.247 
1 test1dax_inconsistent right_hidden0.000 0.174 1.294 0.620 0.000 0.563 0.000 0.000 1.946 0.585 0.000 0.493 0.774 0.000 0.000 0.000 0.575 1.337 0.000 0.226 
0 test1dax_consistent left_hidden0.000 0.464 1.014 0.000 0.000 0.271 2.268 1.026 0.329 0.081 2.141 0.000 0.000 0.000 0.005 0.000 0.287 0.000 0.266 0.000 
0 test1dax_consistent right_hidden0.146 2.570 0.000 3.654 0.000 0.769 1.038 1.186 2.053 1.063 0.000 0.000 0.427 3.115 0.000 0.000 0.603 0.000 0.931 0.755 
1 test1dax_inconsistent left_hidden0.000 0.464 1.014 0.000 0.000 0.271 2.268 1.026 0.329 0.081 2.141 0.000 0.000 0.000 0.005 0.000 0.287 0.000 0.266 0.000 
1 test1dax_inconsistent right_hidden0.000 0.784 0.000 1.363 0.000 0.727 0.801 1.039 1.247 0.730 0.000 0.000 0.124 0.984 0.000 0.000 0.074 0.000 0.953 0.754 
0 test1dax_consistent left_hidden1.175 0.409 0.000 1.631 0.411 1.948 0.000 1.124 1.185 1.622 0.000 0.000 0.000 0.000 0.220 0.000 0.549 0.000 0.000 0.148 
0 test1dax_consistent right_hidden2.805 0.000 0.000 2.028 0.783 0.000 0.000 0.218 0.000 0.000 0.000 0.000 0.000 2.531 3.916 0.000 0.000 2.808 0.495 0.000 
1 test1dax_inconsistent left_hidden1.175 0.409 0.000 1.631 0.411 1.948 0.000 1.124 1.185 1.622 0.000 0.000 0.000 0.000 0.220 0.000 0.549 0.000 0.000 0.148 
1 test1dax_inconsistent right_hidden1.872 0.000 0.000 1.399 0.896 0.306 0.000 0.644 0.229 0.000 0.000 0.000 0.000 0.617 1.282 0.000 0.000 1.196 0.463 0.000 
0 test1dax_consistent left_hidden0.000 0.506 0.283 0.074 1.692 0.000 0.993 0.888 0.250 1.374 0.569 0.000 0.340 0.000 1.219 0.860 0.520 0.047 0.500 0.564 
0 test1dax_consistent right_hidden0.000 2.345 0.000 0.000 0.860 0.429 0.336 0.064 3.656 0.806 3.653 0.924 0.000 0.000 0.466 0.000 0.163 0.000 0.314 1.266 
1 test1dax_inconsistent left_hidden0.000 0.506 0.283 0.074 1.692 0.000 0.993 0.888 0.250 1.374 0.569 0.000 0.340 0.000 1.219 0.860 0.520 0.047 0.500 0.564 
1 test1dax_inconsistent right_hidden0.000 1.599 0.103 0.000 0.000 0.362 0.370 0.737 1.129 0.067 1.638 0.498 0.000 0.000 0.790 0.205 0.000 0.000 0.524 0.157 
0 test1dax_consistent left_hidden1.238 0.093 0.000 1.399 0.428 0.455 0.430 1.767 0.908 0.000 0.416 0.000 1.744 0.975 0.931 0.162 0.000 0.000 0.000 0.000 
0 test1dax_consistent right_hidden0.000 0.000 0.000 0.697 0.274 2.212 0.000 3.982 0.671 0.000 0.000 0.000 0.000 0.142 0.000 0.000 1.157 2.821 1.426 0.000 
1 test1dax_inconsistent left_hidden1.238 0.093 0.000 1.399 0.428 0.455 0.430 1.767 0.908 0.000 0.416 0.000 1.744 0.975 0.931 0.162 0.000 0.000 0.000 0.000 
1 test1dax_inconsistent right_hidden0.000 0.000 0.000 0.955 0.528 0.607 0.000 1.596 1.062 0.000 0.000 0.000 0.000 0.000 0.041 0.000 0.000 1.163 0.790 0.000 
0 test1dax_consistent left_hidden1.346 0.816 0.000 0.687 0.721 0.000 0.638 0.370 0.938 0.232 0.000 0.000 0.000 1.219 0.000 0.961 0.958 0.477 1.992 0.084 
0 test1dax_consistent right_hidden0.246 0.363 0.077 2.756 1.047 1.951 0.677 0.000 2.806 2.218 0.000 0.000 0.000 0.220 0.458 0.936 0.000 2.882 1.634 0.000 
1 test1dax_inconsistent left_hidden1.346 0.816 0.000 0.687 0.721 0.000 0.638 0.370 0.938 0.232 0.000 0.000 0.000 1.219 0.000 0.961 0.958 0.477 1.992 0.084 
1 test1dax_inconsistent right_hidden0.000 0.653 0.000 0.854 0.649 0.993 0.360 0.000 0.617 1.322 0.000 0.000 0.000 0.199 0.004 1.407 0.000 1.666 0.581 0.000 
0 test1dax_consistent left_hidden0.164 0.000 0.887 1.475 0.000 0.000 0.000 0.605 0.174 1.147 0.000 0.157 0.577 0.149 0.000 1.343 0.477 0.331 2.078 0.000 
0 test1dax_consistent right_hidden3.645 0.000 2.705 0.366 0.000 1.070 0.000 0.558 0.275 0.000 1.244 1.299 0.000 0.000 0.000 0.000 0.000 3.525 0.066 0.000 
1 test1dax_inconsistent left_hidden0.164 0.000 0.887 1.475 0.000 0.000 0.000 0.605 0.174 1.147 0.000 0.157 0.577 0.149 0.000 1.343 0.477 0.331 2.078 0.000 
1 test1dax_inconsistent right_hidden1.628 0.000 1.477 0.829 0.000 0.035 0.000 0.795 0.620 0.173 1.005 0.000 0.118 0.279 0.000 0.149 0.000 0.890 0.706 0.000 
0 test1dax_consistent left_hidden0.538 0.776 0.180 0.000 0.244 2.175 1.232 0.467 0.572 0.024 0.293 1.275 0.949 0.123 0.000 0.000 0.278 1.127 0.000 0.000 
0 test1dax_consistent right_hidden0.672 0.000 0.000 0.000 0.245 4.421 2.023 0.000 0.000 1.953 0.254 0.000 1.639 0.000 0.000 0.000 0.000 0.289 2.594 0.000 
1 test1dax_inconsistent left_hidden0.538 0.776 0.180 0.000 0.244 2.175 1.232 0.467 0.572 0.024 0.293 1.275 0.949 0.123 0.000 0.000 0.278 1.127 0.000 0.000 
1 test1dax_inconsistent right_hidden0.876 0.159 0.000 0.000 0.210 1.753 1.051 0.000 0.000 0.479 0.902 0.090 0.496 0.146 0.000 0.000 0.000 0.056 0.830 0.000 
0 test1dax_consistent left_hidden0.881 0.893 1.433 1.090 0.000 1.328 0.059 0.568 0.000 0.798 1.308 1.383 0.035 0.000 0.000 0.573 0.390 0.000 1.133 0.000 
0 test1dax_consistent right_hidden0.735 0.040 2.286 0.487 2.022 1.071 2.329 0.000 1.068 0.697 2.140 1.894 0.000 1.744 0.566 0.000 0.567 0.000 2.554 0.000 
1 test1dax_inconsistent left_hidden0.881 0.893 1.433 1.090 0.000 1.328 0.059 0.568 0.000 0.798 1.308 1.383 0.035 0.000 0.000 0.573 0.390 0.000 1.133 0.000 
1 test1dax_inconsistent right_hidden0.924 0.483 0.796 0.487 0.593 0.731 0.814 0.000 0.462 0.977 1.306 1.231 0.000 0.875 0.057 0.000 0.330 0.000 0.949 0.000 
0 test1dax_consistent left_hidden0.000 0.000 0.013 0.331 0.276 0.000 0.277 0.000 0.813 0.614 0.000 2.720 0.000 0.000 0.962 0.000 0.106 1.680 0.353 0.000 
0 test1dax_consistent right_hidden0.042 0.000 2.030 2.000 0.381 0.000 0.445 0.019 2.254 0.000 0.000 2.068 0.193 0.000 0.247 4.018 0.524 2.270 0.435 0.000 
1 test1dax_inconsistent left_hidden0.000 0.000 0.013 0.331 0.276 0.000 0.277 0.000 0.813 0.614 0.000 2.720 0.000 0.000 0.962 0.000 0.106 1.680 0.353 0.000 
1 test1dax_inconsistent right_hidden0.182 0.000 0.762 1.037 0.512 0.000 0.770 0.000 0.397 0.053 0.000 0.889 0.341 0.000 0.608 2.124 0.995 0.724 0.728 0.000 
0 test1dax_consistent left_hidden0.000 0.771 0.000 0.000 0.000 0.727 1.350 0.266 0.987 0.000 0.767 0.168 0.454 0.000 0.000 1.404 0.000 1.668 1.557 0.454 
0 test1dax_consistent right_hidden0.554 0.206 0.000 0.000 0.225 0.000 4.146 0.000 1.692 0.000 1.987 0.804 0.106 1.279 0.486 2.473 0.000 1.749 0.057 1.176 
1 test1dax_inconsistent left_hidden0.000 0.771 0.000 0.000 0.000 0.727 1.350 0.266 0.987 0.000 0.767 0.168 0.454 0.000 0.000 1.404 0.000 1.668 1.557 0.454 
1 test1dax_inconsistent right_hidden0.000 0.255 0.000 0.000 0.468 0.283 1.816 0.000 0.480 0.123 0.516 0.069 0.053 0.410 0.000 1.465 0.000 1.881 0.633 0.241 
0 test1dax_consistent left_hidden0.000 0.671 0.405 1.049 1.485 2.143 0.000 0.740 0.000 0.000 1.157 0.477 0.000 0.587 0.317 0.050 0.298 0.650 0.768 0.000 
0 test1dax_consistent right_hidden0.000 1.491 0.285 0.363 1.101 1.973 0.000 0.000 1.286 0.000 1.141 0.000 0.000 0.000 0.387 0.566 1.799 0.200 4.493 0.000 
1 test1dax_inconsistent left_hidden0.000 0.671 0.405 1.049 1.485 2.143 0.000 0.740 0.000 0.000 1.157 0.477 0.000 0.587 0.317 0.050 0.298 0.650 0.768 0.000 
1 test1dax_inconsistent right_hidden0.000 0.401 0.506 0.344 0.164 1.047 0.020 0.024 0.969 0.000 0.000 0.000 0.084 0.352 0.000 0.781 0.056 0.317 1.553 0.536 
0 test1dax_consistent left_hidden0.837 0.000 0.173 0.767 0.972 0.888 0.007 0.000 0.789 0.000 0.222 0.158 1.303 1.864 0.000 0.180 0.247 1.399 0.875 0.262 
0 test1dax_consistent right_hidden0.292 0.000 1.049 1.394 1.602 1.433 0.000 2.138 1.295 0.000 0.000 1.598 0.352 2.036 0.046 0.000 1.458 0.119 3.586 0.802 
1 test1dax_inconsistent left_hidden0.837 0.000 0.173 0.767 0.972 0.888 0.007 0.000 0.789 0.000 0.222 0.158 1.303 1.864 0.000 0.180 0.247 1.399 0.875 0.262 
1 test1dax_inconsistent right_hidden0.731 0.061 0.474 0.401 0.378 0.542 0.000 0.753 0.572 0.000 0.000 0.569 0.505 0.671 0.063 0.282 0.151 0.471 1.754 1.137 
0 test1dax_consistent left_hidden0.000 0.000 0.000 0.602 0.000 0.000 0.153 1.114 1.673 0.000 0.000 0.000 0.000 0.001 0.247 0.000 0.219 0.000 2.989 0.041 
0 test1dax_consistent right_hidden0.000 0.000 0.000 3.404 0.000 3.439 0.837 1.401 1.679 0.000 0.000 0.000 0.000 0.196 1.046 2.164 0.461 0.790 1.089 2.140 
1 test1dax_inconsistent left_hidden0.000 0.000 0.000 0.602 0.000 0.000 0.153 1.114 1.673 0.000 0.000 0.000 0.000 0.001 0.247 0.000 0.219 0.000 2.989 0.041 
1 test1dax_inconsistent right_hidden0.000 0.000 0.000 1.162 0.000 0.852 0.082 1.199 1.038 0.000 0.000 0.000 0.000 0.567 0.964 0.852 0.279 0.637 0.827 1.127 
0 test1dax_consistent left_hidden0.083 0.329 0.000 1.581 0.521 0.000 0.007 0.193 0.189 1.321 0.000 0.000 0.000 0.000 0.000 0.283 2.859 0.000 1.111 0.000 
0 test1dax_consistent right_hidden0.000 0.322 1.412 1.475 1.407 2.550 1.245 0.212 0.818 0.000 0.798 0.000 0.000 0.722 1.650 0.000 3.953 0.000 1.190 1.702 
1 test1dax_inconsistent left_hidden0.083 0.329 0.000 1.581 0.521 0.000 0.007 0.193 0.189 1.321 0.000 0.000 0.000 0.000 0.000 0.283 2.859 0.000 1.111 0.000 
1 test1dax_inconsistent right_hidden0.000 0.428 0.942 1.156 0.156 0.531 1.012 0.055 0.693 0.393 0.284 0.019 0.000 0.100 0.603 0.000 1.832 0.000 1.173 0.347 
0 test1dax_consistent left_hidden0.000 1.373 1.404 0.324 0.000 0.660 0.482 1.080 0.000 0.204 0.000 0.932 0.198 0.051 2.345 0.096 0.345 0.818 0.539 0.662 
0 test1dax_consistent right_hidden0.008 0.105 0.000 0.144 0.000 0.728 0.963 0.922 0.196 0.000 0.000 0.752 0.000 1.728 3.785 0.033 0.214 0.000 0.000 3.938 
1 test1dax_inconsistent left_hidden0.000 1.373 1.404 0.324 0.000 0.660 0.482 1.080 0.000 0.204 0.000 0.932 0.198 0.051 2.345 0.096 0.345 0.818 0.539 0.662 
1 test1dax_inconsistent right_hidden0.164 0.000 0.441 0.235 0.000 0.707 0.762 0.485 0.000 0.461 0.000 0.000 0.360 0.678 2.403 0.433 0.000 0.186 0.234 1.007 
0 test1dax_consistent left_hidden0.468 1.966 0.599 0.000 0.476 0.924 0.628 1.353 0.000 0.293 0.273 0.000 0.000 0.000 0.000 1.868 0.469 0.000 0.103 0.000 
0 test1dax_consistent right_hidden0.000 0.075 0.000 0.869 3.930 0.398 1.474 0.996 0.000 0.000 0.123 0.000 0.000 0.130 0.000 2.058 3.926 0.145 0.000 0.411 
1 test1dax_inconsistent left_hidden0.468 1.966 0.599 0.000 0.476 0.924 0.628 1.353 0.000 0.293 0.273 0.000 0.000 0.000 0.000 1.868 0.469 0.000 0.103 0.000 
1 test1dax_inconsistent right_hidden0.325 0.000 0.000 0.000 1.066 0.454 0.593 1.368 0.000 0.000 0.109 0.000 0.000 0.553 0.000 1.365 1.611 0.291 0.000 0.000 
0 test1dax_consistent left_hidden0.000 0.783 2.184 0.336 0.811 0.057 1.537 0.395 0.000 0.305 0.000 0.354 2.000 0.000 0.000 0.000 0.448 0.240 0.000 0.000 
0 test1dax_consistent right_hidden0.000 0.000 1.971 1.451 0.000 1.653 0.009 0.447 1.248 0.000 2.228 0.000 2.191 0.000 0.000 0.000 4.904 0.000 0.000 0.000 
1 test1dax_inconsistent left_hidden0.000 0.783 2.184 0.336 0.811 0.057 1.537 0.395 0.000 0.305 0.000 0.354 2.000 0.000 0.000 0.000 0.448 0.240 0.000 0.000 
1 test1dax_inconsistent right_hidden0.000 0.000 0.607 1.129 0.000 0.373 0.057 0.000 0.301 0.000 1.001 0.000 1.860 0.000 0.000 0.000 2.429 0.000 0.000 0.000 
0 test1dax_consistent left_hidden1.418 0.734 0.649 0.696 0.000 0.393 0.974 0.798 1.879 0.849 1.166 0.402 1.158 0.000 0.368 0.000 0.000 0.000 0.033 0.000 
0 test1dax_consistent right_hidden2.995 0.830 1.983 0.000 0.000 1.563 2.282 0.050 0.000 0.992 0.000 1.629 0.047 2.733 0.000 0.000 0.000 1.661 1.177 0.028 
1 test1dax_inconsistent left_hidden1.418 0.734 0.649 0.696 0.000 0.393 0.974 0.798 1.879 0.849 1.166 0.402 1.158 0.000 0.368 0.000 0.000 0.000 0.033 0.000 
1 test1dax_inconsistent right_hidden1.390 0.860 0.620 0.459 0.000 1.229 0.677 0.515 0.176 1.107 0.231 0.536 0.396 0.871 0.000 0.000 0.000 0.348 0.896 0.194 
0 test1dax_consistent left_hidden0.512 0.000 0.605 0.146 1.169 0.000 0.000 0.305 0.094 0.017 0.471 0.507 0.000 2.540 0.177 0.000 0.026 0.453 1.163 0.954 
0 test1dax_consistent right_hidden0.000 0.000 0.206 1.314 0.007 1.202 2.054 2.365 0.000 0.008 2.651 0.000 0.000 1.966 0.000 3.643 0.535 0.000 0.781 0.044 
1 test1dax_inconsistent left_hidden0.512 0.000 0.605 0.146 1.169 0.000 0.000 0.305 0.094 0.017 0.471 0.507 0.000 2.540 0.177 0.000 0.026 0.453 1.163 0.954 
1 test1dax_inconsistent right_hidden0.601 0.309 0.322 1.063 0.481 0.665 0.508 1.135 0.000 0.000 1.761 0.000 0.000 0.366 0.000 1.380 0.280 0.000 1.239 0.240 
0 test1dax_consistent left_hidden0.755 0.000 0.801 0.000 0.967 0.000 0.000 0.000 0.000 0.273 1.291 0.418 0.000 0.000 0.852 0.518 0.000 0.859 2.217 0.743 
0 test1dax_consistent right_hidden0.000 0.530 0.000 0.000 0.000 0.109 0.000 0.005 0.000 0.040 3.803 1.259 0.000 4.051 1.665 1.555 0.000 0.000 1.659 0.000 
1 test1dax_inconsistent left_hidden0.755 0.000 0.801 0.000 0.967 0.000 0.000 0.000 0.000 0.273 1.291 0.418 0.000 0.000 0.852 0.518 0.000 0.859 2.217 0.743 
1 test1dax_inconsistent right_hidden0.341 0.000 0.000 0.027 0.000 0.250 0.000 0.599 0.534 0.059 0.700 0.094 0.000 2.090 1.361 1.283 0.000 0.217 0.154 0.434 
0 test1dax_consistent left_hidden0.000 1.030 0.956 0.311 0.387 0.229 0.354 0.000 0.729 0.000 0.323 0.000 0.000 0.211 2.626 0.000 1.021 0.000 0.205 0.860 
0 test1dax_consistent right_hidden0.000 0.700 2.995 0.082 1.851 0.573 0.943 0.000 0.000 2.525 1.673 2.420 0.000 0.370 1.873 0.000 0.000 0.000 2.009 0.271 
1 test1dax_inconsistent left_hidden0.000 1.030 0.956 0.311 0.387 0.229 0.354 0.000 0.729 0.000 0.323 0.000 0.000 0.211 2.626 0.000 1.021 0.000 0.205 0.860 
1 test1dax_inconsistent right_hidden0.000 0.729 1.250 0.270 0.372 0.948 0.480 0.000 0.000 1.007 0.484 1.395 0.000 0.011 1.380 0.000 0.274 0.000 1.134 0.000 
0 test1dax_consistent left_hidden1.491 0.235 0.000 1.473 0.583 0.000 0.635 0.000 0.317 1.015 0.901 1.150 1.529 0.518 0.243 0.020 0.000 0.465 0.135 0.000 
0 test1dax_consistent right_hidden3.901 0.000 0.000 0.000 0.159 3.315 1.394 0.000 2.187 1.168 0.000 1.143 1.592 0.115 1.178 0.000 0.000 0.283 0.000 0.000 
1 test1dax_inconsistent left_hidden1.491 0.235 0.000 1.473 0.583 0.000 0.635 0.000 0.317 1.015 0.901 1.150 1.529 0.518 0.243 0.020 0.000 0.465 0.135 0.000 
1 test1dax_inconsistent right_hidden1.694 0.000 0.365 0.187 0.010 0.777 0.150 0.000 1.396 0.708 0.472 1.110 0.970 0.535 0.000 0.000 0.000 0.064 0.068 0.000 
0 test1dax_consistent left_hidden0.458 0.000 1.064 0.000 0.879 0.301 1.176 0.215 1.989 0.955 1.087 0.000 0.043 0.000 0.316 0.000 0.344 0.004 0.396 0.000 
0 test1dax_consistent right_hidden0.273 1.479 0.263 0.023 0.092 1.832 1.160 0.362 1.789 0.000 1.352 1.064 0.000 1.978 1.217 1.845 2.407 2.682 0.503 1.346 
1 test1dax_inconsistent left_hidden0.458 0.000 1.064 0.000 0.879 0.301 1.176 0.215 1.989 0.955 1.087 0.000 0.043 0.000 0.316 0.000 0.344 0.004 0.396 0.000 
1 test1dax_inconsistent right_hidden0.460 0.698 0.590 0.502 0.566 1.104 1.407 0.083 0.621 0.000 0.734 0.392 0.119 0.944 0.984 0.453 0.837 0.852 0.123 0.587 
0 test1dax_consistent left_hidden0.000 0.000 0.814 0.000 0.000 1.825 0.000 0.292 0.686 0.000 0.731 0.557 0.563 0.203 1.837 1.145 0.000 1.308 0.401 0.000 
0 test1dax_consistent right_hidden2.604 1.065 0.059 1.074 0.000 3.134 0.000 0.000 0.101 0.000 0.000 0.000 1.151 0.000 3.643 0.308 0.000 0.000 0.104 0.000 
1 test1dax_inconsistent left_hidden0.000 0.000 0.814 0.000 0.000 1.825 0.000 0.292 0.686 0.000 0.731 0.557 0.563 0.203 1.837 1.145 0.000 1.308 0.401 0.000 
1 test1dax_inconsistent right_hidden0.441 0.752 0.011 0.918 0.144 0.919 0.030 0.000 0.294 0.044 0.037 0.000 1.258 0.000 1.570 0.979 0.000 0.283 0.438 0.000 
0 test1dax_consistent left_hidden0.000 0.211 1.886 1.357 0.000 0.441 0.000 0.000 1.040 0.000 0.441 0.000 0.000 0.000 0.000 1.166 2.004 0.416 0.055 0.450 
0 test1dax_consistent right_hidden0.000 0.000 3.990 0.038 3.233 0.223 0.371 1.106 0.000 1.567 0.000 0.000 0.000 0.000 0.000 0.000 2.157 2.560 0.000 0.676 
1 test1dax_inconsistent left_hidden0.000 0.211 1.886 1.357 0.000 0.441 0.000 0.000 1.040 0.000 0.441 0.000 0.000 0.000 0.000 1.166 2.004 0.416 0.055 0.450 
1 test1dax_inconsistent right_hidden0.246 0.002 1.879 0.057 1.153 0.712 0.357 0.519 0.781 0.130 0.000 0.000 0.225 0.000 0.000 0.000 0.298 0.763 0.347 0.000 
0 test1dax_consistent left_hidden0.273 0.000 0.000 0.530 0.765 0.247 0.051 0.267 0.000 0.000 2.074 0.162 0.559 0.000 0.342 0.078 1.957 0.529 1.313 0.314 
0 test1dax_consistent right_hidden1.424 0.000 0.000 3.528 0.000 0.269 0.000 0.000 0.785 0.000 1.975 0.000 0.164 0.000 0.322 0.106 0.000 3.260 2.869 0.000 
1 test1dax_inconsistent left_hidden0.273 0.000 0.000 0.530 0.765 0.247 0.051 0.267 0.000 0.000 2.074 0.162 0.559 0.000 0.342 0.078 1.957 0.529 1.313 0.314 
1 test1dax_inconsistent right_hidden0.781 0.000 0.152 2.284 0.244 1.114 0.000 0.000 0.221 0.305 0.251 0.119 0.193 0.000 0.134 0.189 0.000 1.129 1.064 0.043 
0 test1dax_consistent left_hidden1.749 0.747 0.289 0.808 0.000 0.000 0.661 0.000 0.946 0.641 0.326 0.432 0.000 0.000 0.000 0.000 1.431 1.436 0.000 1.104 
0 test1dax_consistent right_hidden2.366 0.954 1.812 1.095 2.041 0.000 0.447 0.000 0.000 0.599 0.750 3.042 2.412 0.000 0.000 2.602 0.216 0.761 0.000 0.315 
1 test1dax_inconsistent left_hidden1.749 0.747 0.289 0.808 0.000 0.000 0.661 0.000 0.946 0.641 0.326 0.432 0.000 0.000 0.000 0.000 1.431 1.436 0.000 1.104 
1 test1dax_inconsistent right_hidden1.311 1.365 0.942 0.214 0.769 0.000 0.188 0.000 0.210 0.494 0.137 1.328 1.267 0.000 0.000 0.707 0.273 1.068 0.252 0.083 
0 test1dax_consistent left_hidden0.000 0.352 0.000 0.910 1.150 0.583 0.000 1.241 1.640 0.000 0.678 0.587 0.000 0.411 0.000 0.000 0.000 0.386 0.000 2.165 
0 test1dax_consistent right_hidden0.636 2.942 0.000 3.779 0.040 1.039 0.000 0.376 0.055 0.000 0.082 1.505 0.000 0.000 0.000 0.000 0.000 2.422 0.968 1.833 
1 test1dax_inconsistent left_hidden0.000 0.352 0.000 0.910 1.150 0.583 0.000 1.241 1.640 0.000 0.678 0.587 0.000 0.411 0.000 0.000 0.000 0.386 0.000 2.165 
1 test1dax_inconsistent right_hidden0.339 1.368 0.069 1.204 0.000 0.549 0.000 0.701 0.918 0.000 0.350 1.416 0.000 0.000 0.000 0.000 0.000 0.768 0.553 1.281 
0 test1dax_consistent left_hidden0.241 0.000 0.679 2.798 0.000 0.020 0.323 0.000 0.796 0.096 0.715 0.440 0.000 0.075 0.956 0.346 0.000 0.968 0.125 0.773 
0 test1dax_consistent right_hidden0.000 3.431 1.347 4.174 0.000 0.000 0.000 0.000 0.000 0.000 0.000 0.635 0.324 0.907 0.000 0.000 0.000 2.301 0.000 0.000 
1 test1dax_inconsistent left_hidden0.241 0.000 0.679 2.798 0.000 0.020 0.323 0.000 0.796 0.096 0.715 0.440 0.000 0.075 0.956 0.346 0.000 0.968 0.125 0.773 
1 test1dax_inconsistent right_hidden0.000 0.763 1.917 1.515 0.000 0.000 0.000 0.000 0.006 0.000 0.000 0.357 0.207 0.747 0.152 0.000 0.000 1.229 0.000 0.000 
0 test1dax_consistent left_hidden0.000 0.350 0.242 0.158 1.775 0.869 0.588 0.128 0.786 0.139 0.000 0.000 1.657 0.352 0.948 0.376 1.352 0.477 0.876 0.102 
0 test1dax_consistent right_hidden0.386 0.687 0.330 0.939 0.023 2.684 0.000 0.276 1.511 2.435 1.072 0.000 2.217 2.003 1.375 0.307 0.079 0.000 0.771 2.167 
1 test1dax_inconsistent left_hidden0.000 0.350 0.242 0.158 1.775 0.869 0.588 0.128 0.786 0.139 0.000 0.000 1.657 0.352 0.948 0.376 1.352 0.477 0.876 0.102 
1 test1dax_inconsistent right_hidden0.331 0.203 0.315 0.404 0.850 1.247 0.069 0.604 0.464 1.078 0.311 0.000 1.057 0.558 0.194 0.000 0.475 0.000 0.000 1.191 
0 test1dax_consistent left_hidden0.446 0.819 1.064 0.587 0.000 0.000 0.549 0.000 0.039 0.658 1.104 0.000 0.681 1.448 0.576 2.164 0.116 0.470 0.986 0.000 
0 test1dax_consistent right_hidden0.650 0.000 0.422 1.042 0.000 0.000 0.715 0.000 0.360 0.138 1.615 1.304 2.421 0.000 1.460 2.831 2.783 2.073 1.825 0.101 
1 test1dax_inconsistent left_hidden0.446 0.819 1.064 0.587 0.000 0.000 0.549 0.000 0.039 0.658 1.104 0.000 0.681 1.448 0.576 2.164 0.116 0.470 0.986 0.000 
1 test1dax_inconsistent right_hidden0.409 0.000 0.976 0.095 0.000 0.000 0.181 0.000 0.796 0.194 0.664 0.689 0.564 0.251 1.198 0.680 1.331 0.717 0.722 0.064 
