0 test1dax_consistent left_hidden0.290 1.698 0.000 0.000 0.458 0.001 1.641 0.194 0.000 1.012 0.161 0.314 0.000 0.000 0.089 0.066 0.109 0.000 1.677 1.508 
0 test1dax_consistent right_hidden1.000 0.000 0.000 0.010 1.507 0.000 4.743 0.011 0.012 0.037 0.271 1.058 0.000 0.000 0.712 0.000 0.483 0.096 2.721 0.000 
1 test1dax_inconsistent left_hidden0.290 1.698 0.000 0.000 0.458 0.001 1.641 0.194 0.000 1.012 0.161 0.314 0.000 0.000 0.089 0.066 0.109 0.000 1.677 1.508 
1 test1dax_inconsistent right_hidden0.000 0.087 0.000 0.042 0.343 0.167 2.255 0.143 0.108 0.028 0.199 0.480 0.000 0.000 0.531 0.714 0.939 0.446 0.903 0.392 
0 test1dax_consistent left_hidden0.079 0.181 0.000 0.000 0.000 0.442 0.922 0.000 0.000 0.432 0.000 0.109 2.511 0.047 0.219 0.000 1.000 0.900 1.100 0.808 
0 test1dax_consistent right_hidden0.000 1.332 0.129 0.934 0.000 1.276 1.462 0.000 0.000 0.310 0.000 3.600 3.182 0.000 0.000 0.000 3.178 1.304 0.000 0.668 
1 test1dax_inconsistent left_hidden0.079 0.181 0.000 0.000 0.000 0.442 0.922 0.000 0.000 0.432 0.000 0.109 2.511 0.047 0.219 0.000 1.000 0.900 1.100 0.808 
1 test1dax_inconsistent right_hidden0.000 0.586 0.000 0.927 0.000 1.057 0.258 0.076 0.000 0.052 0.000 1.779 1.393 0.000 0.299 0.000 0.887 0.271 0.126 0.992 
0 test1dax_consistent left_hidden1.881 0.000 0.506 0.500 0.000 1.728 0.038 0.522 0.000 0.000 0.000 0.306 0.203 0.000 1.247 0.192 0.000 0.000 1.389 0.205 
0 test1dax_consistent right_hidden0.340 1.633 0.000 0.000 2.526 1.106 1.527 0.000 1.307 0.000 0.000 1.685 0.894 4.090 0.000 0.000 1.763 0.000 0.000 0.000 
1 test1dax_inconsistent left_hidden1.881 0.000 0.506 0.500 0.000 1.728 0.038 0.522 0.000 0.000 0.000 0.306 0.203 0.000 1.247 0.192 0.000 0.000 1.389 0.205 
1 test1dax_inconsistent right_hidden0.692 0.324 0.000 0.000 0.790 0.000 0.609 0.000 0.489 0.000 0.000 1.411 0.630 1.811 0.062 0.000 0.357 0.000 0.000 0.059 
0 test1dax_consistent left_hidden0.067 0.099 0.000 1.795 0.000 0.685 1.609 1.044 0.155 0.000 0.938 0.772 0.000 0.807 0.105 0.269 0.897 0.000 0.861 0.504 
0 test1dax_consistent right_hidden0.000 1.664 0.000 0.000 0.000 0.000 3.386 2.191 0.000 0.000 0.098 0.000 0.000 1.458 1.595 0.000 0.153 3.495 0.656 1.507 
1 test1dax_inconsistent left_hidden0.067 0.099 0.000 1.795 0.000 0.685 1.609 1.044 0.155 0.000 0.938 0.772 0.000 0.807 0.105 0.269 0.897 0.000 0.861 0.504 
1 test1dax_inconsistent right_hidden0.315 0.854 0.000 0.026 0.000 0.303 1.796 0.113 0.000 0.000 0.561 0.000 0.000 0.332 1.260 0.547 0.664 1.308 0.157 0.093 
0 test1dax_consistent left_hidden1.851 0.000 0.284 0.000 0.070 0.788 0.241 0.000 0.697 0.027 0.000 0.392 0.000 0.967 1.120 0.000 2.342 0.006 0.000 0.516 
0 test1dax_consistent right_hidden2.652 0.000 0.000 0.352 0.000 2.841 0.326 0.809 0.651 0.206 0.027 0.000 0.761 0.824 0.589 0.029 0.000 0.000 3.847 0.517 
1 test1dax_inconsistent left_hidden1.851 0.000 0.284 0.000 0.070 0.788 0.241 0.000 0.697 0.027 0.000 0.392 0.000 0.967 1.120 0.000 2.342 0.006 0.000 0.516 
1 test1dax_inconsistent right_hidden0.418 0.018 0.135 0.000 0.051 1.123 0.559 0.231 0.572 0.453 0.402 0.000 0.000 1.246 0.128 0.000 0.145 0.000 1.614 0.578 
0 test1dax_consistent left_hidden0.181 0.906 0.570 0.000 0.475 0.000 0.523 0.374 0.192 1.200 0.766 0.060 1.175 1.297 0.000 1.089 0.232 1.936 0.716 0.765 
0 test1dax_consistent right_hidden0.233 0.115 0.704 0.000 2.063 2.927 0.142 0.332 1.734 1.129 0.277 0.000 0.127 2.670 0.398 0.451 1.122 3.012 0.000 0.000 
1 test1dax_inconsistent left_hidden0.181 0.906 0.570 0.000 0.475 0.000 0.523 0.374 0.192 1.200 0.766 0.060 1.175 1.297 0.000 1.089 0.232 1.936 0.716 0.765 
1 test1dax_inconsistent right_hidden0.462 0.085 0.542 0.000 1.017 1.012 0.093 0.628 0.300 1.094 0.088 0.000 0.427 0.692 0.932 0.357 0.977 1.092 0.366 0.020 
0 test1dax_consistent left_hidden0.219 1.501 0.000 0.000 1.269 1.164 1.806 0.371 0.000 0.668 0.218 0.320 0.000 0.002 0.000 0.403 0.432 1.201 0.229 0.915 
0 test1dax_consistent right_hidden0.000 0.588 0.000 0.000 2.726 2.610 0.088 3.070 1.455 1.534 0.000 0.498 0.000 0.012 0.000 2.901 1.061 0.000 1.610 0.000 
1 test1dax_inconsistent left_hidden0.219 1.501 0.000 0.000 1.269 1.164 1.806 0.371 0.000 0.668 0.218 0.320 0.000 0.002 0.000 0.403 0.432 1.201 0.229 0.915 
1 test1dax_inconsistent right_hidden0.000 0.934 0.000 0.000 1.139 1.118 0.503 1.016 0.904 1.176 0.000 0.784 0.000 0.000 0.000 0.905 0.473 0.000 0.665 0.049 
0 test1dax_consistent left_hidden0.363 1.007 0.082 0.337 0.852 0.155 0.000 0.048 0.334 0.000 0.000 0.000 0.000 0.007 2.322 1.512 0.000 0.000 0.932 1.012 
0 test1dax_consistent right_hidden0.701 2.700 1.191 0.833 0.000 4.495 0.380 0.040 0.032 0.000 1.274 0.000 0.000 0.000 0.000 0.397 0.000 1.572 2.078 2.367 
1 test1dax_inconsistent left_hidden0.363 1.007 0.082 0.337 0.852 0.155 0.000 0.048 0.334 0.000 0.000 0.000 0.000 0.007 2.322 1.512 0.000 0.000 0.932 1.012 
1 test1dax_inconsistent right_hidden0.958 1.772 0.512 0.000 0.000 1.546 0.594 0.012 0.068 0.000 0.525 0.000 0.043 0.126 0.242 0.000 0.239 0.384 1.396 0.599 
0 test1dax_consistent left_hidden0.191 0.000 0.329 0.306 0.065 0.271 0.000 0.440 0.000 0.115 1.185 0.293 0.680 2.569 0.093 0.000 1.122 1.252 0.005 0.000 
0 test1dax_consistent right_hidden0.098 0.000 0.004 0.066 0.000 0.000 0.000 2.220 0.000 1.309 0.182 0.401 3.056 0.072 0.000 0.000 2.448 3.239 2.692 0.135 
1 test1dax_inconsistent left_hidden0.191 0.000 0.329 0.306 0.065 0.271 0.000 0.440 0.000 0.115 1.185 0.293 0.680 2.569 0.093 0.000 1.122 1.252 0.005 0.000 
1 test1dax_inconsistent right_hidden0.008 0.000 0.637 0.088 0.000 0.000 0.000 0.897 0.098 0.783 0.607 0.271 1.523 0.785 0.173 0.361 1.098 0.819 1.735 0.815 
0 test1dax_consistent left_hidden1.207 1.370 1.293 0.000 0.000 0.000 0.335 0.050 0.000 0.860 0.143 0.000 1.658 1.170 0.625 0.000 0.472 0.062 0.000 1.027 
0 test1dax_consistent right_hidden1.458 0.968 0.299 0.000 0.823 0.419 0.166 0.024 1.638 0.632 1.846 2.458 0.063 0.000 3.989 0.049 0.543 0.000 0.614 2.224 
1 test1dax_inconsistent left_hidden1.207 1.370 1.293 0.000 0.000 0.000 0.335 0.050 0.000 0.860 0.143 0.000 1.658 1.170 0.625 0.000 0.472 0.062 0.000 1.027 
1 test1dax_inconsistent right_hidden0.000 0.613 0.632 0.023 0.261 0.000 0.000 0.000 1.487 0.000 1.065 0.598 0.000 0.281 1.169 0.000 0.827 0.000 0.632 1.487 
0 test1dax_consistent left_hidden0.164 0.046 0.420 0.000 0.024 1.386 0.000 2.492 0.750 0.000 0.000 0.175 0.000 0.445 0.054 1.114 0.000 1.392 0.488 0.000 
0 test1dax_consistent right_hidden0.391 0.000 0.000 0.000 0.000 0.157 1.326 2.620 1.982 1.196 0.000 0.069 0.000 2.595 0.000 0.000 3.772 1.091 0.000 0.000 
1 test1dax_inconsistent left_hidden0.164 0.046 0.420 0.000 0.024 1.386 0.000 2.492 0.750 0.000 0.000 0.175 0.000 0.445 0.054 1.114 0.000 1.392 0.488 0.000 
1 test1dax_inconsistent right_hidden0.466 0.000 0.000 0.000 0.029 0.384 0.131 0.711 0.628 0.000 0.000 0.071 0.339 1.976 0.000 0.114 1.142 0.871 0.000 0.000 
0 test1dax_consistent left_hidden0.030 0.583 0.217 1.758 0.000 0.359 1.244 0.000 0.663 0.204 1.325 0.392 0.246 0.000 0.000 0.037 0.000 1.087 1.765 0.272 
0 test1dax_consistent right_hidden0.000 0.354 1.069 0.000 0.000 0.000 0.000 2.856 2.461 2.043 0.195 0.075 0.000 0.000 0.000 0.000 0.656 2.381 3.438 0.304 
1 test1dax_inconsistent left_hidden0.030 0.583 0.217 1.758 0.000 0.359 1.244 0.000 0.663 0.204 1.325 0.392 0.246 0.000 0.000 0.037 0.000 1.087 1.765 0.272 
1 test1dax_inconsistent right_hidden0.000 0.476 1.263 0.000 0.000 0.000 0.246 1.276 0.685 0.323 1.052 0.070 0.000 0.000 0.000 0.024 0.811 1.462 0.953 0.330 
0 test1dax_consistent left_hidden0.814 0.026 0.000 0.217 0.000 1.056 0.000 1.189 0.049 0.001 1.166 0.000 1.450 1.154 0.000 0.072 0.238 1.038 0.000 1.444 
0 test1dax_consistent right_hidden0.000 0.000 0.000 0.000 0.000 3.352 0.000 0.024 0.074 0.000 0.000 3.055 0.401 0.386 0.000 0.000 3.674 0.009 0.634 0.399 
1 test1dax_inconsistent left_hidden0.814 0.026 0.000 0.217 0.000 1.056 0.000 1.189 0.049 0.001 1.166 0.000 1.450 1.154 0.000 0.072 0.238 1.038 0.000 1.444 
1 test1dax_inconsistent right_hidden0.000 0.000 0.238 0.000 0.000 0.705 0.000 0.000 0.258 0.302 0.056 1.341 0.136 1.051 0.000 0.095 2.211 0.066 0.831 0.727 
0 test1dax_consistent left_hidden0.262 0.000 0.086 0.002 0.595 0.000 0.127 0.155 0.000 0.000 1.924 0.000 1.800 1.266 0.000 1.719 0.000 0.000 1.580 0.000 
0 test1dax_consistent right_hidden2.142 1.408 2.139 0.045 0.000 0.000 3.170 4.129 1.305 0.000 0.000 2.419 0.000 0.037 0.000 2.098 0.630 0.000 1.324 0.000 
1 test1dax_inconsistent left_hidden0.262 0.000 0.086 0.002 0.595 0.000 0.127 0.155 0.000 0.000 1.924 0.000 1.800 1.266 0.000 1.719 0.000 0.000 1.580 0.000 
1 test1dax_inconsistent right_hidden1.431 0.908 0.503 0.007 0.000 0.127 1.654 1.367 0.780 0.000 0.000 1.108 0.000 0.279 0.030 0.863 0.683 0.000 1.146 0.000 
0 test1dax_consistent left_hidden0.804 0.265 0.042 0.383 0.969 0.382 0.000 0.641 0.529 0.508 0.243 0.000 0.052 1.432 2.393 0.000 0.221 1.041 1.118 0.328 
0 test1dax_consistent right_hidden0.138 0.000 3.129 1.801 0.690 2.482 0.000 0.533 0.000 3.372 0.000 0.941 0.192 0.091 0.533 0.000 0.000 0.051 2.175 0.702 
1 test1dax_inconsistent left_hidden0.804 0.265 0.042 0.383 0.969 0.382 0.000 0.641 0.529 0.508 0.243 0.000 0.052 1.432 2.393 0.000 0.221 1.041 1.118 0.328 
1 test1dax_inconsistent right_hidden0.554 0.018 1.660 0.160 1.243 1.238 0.051 0.758 0.000 1.209 0.000 0.858 0.516 0.432 0.411 0.000 0.315 0.242 0.589 0.289 
0 test1dax_consistent left_hidden0.000 0.819 0.414 0.000 2.394 0.140 0.761 0.764 0.194 0.000 0.000 1.167 0.000 0.000 0.292 1.632 0.128 0.630 0.625 0.000 
0 test1dax_consistent right_hidden0.953 2.642 1.568 0.000 1.759 0.000 0.322 4.030 0.076 0.000 0.363 0.285 2.138 0.000 0.000 0.000 0.000 2.839 0.000 0.000 
1 test1dax_inconsistent left_hidden0.000 0.819 0.414 0.000 2.394 0.140 0.761 0.764 0.194 0.000 0.000 1.167 0.000 0.000 0.292 1.632 0.128 0.630 0.625 0.000 
1 test1dax_inconsistent right_hidden0.720 1.179 1.866 0.000 0.582 0.274 0.426 1.567 0.000 0.000 0.150 0.216 0.432 0.000 0.000 0.704 0.000 1.799 0.000 0.000 
0 test1dax_consistent left_hidden0.000 0.017 0.173 0.431 1.834 1.024 0.600 0.000 0.023 1.156 0.000 0.721 0.000 1.959 1.046 0.166 0.000 0.000 0.185 0.298 
0 test1dax_consistent right_hidden0.000 1.538 2.397 0.801 1.906 1.227 1.854 0.000 0.000 0.587 1.717 0.140 1.739 0.000 0.456 0.320 0.000 0.000 2.982 2.002 
1 test1dax_inconsistent left_hidden0.000 0.017 0.173 0.431 1.834 1.024 0.600 0.000 0.023 1.156 0.000 0.721 0.000 1.959 1.046 0.166 0.000 0.000 0.185 0.298 
1 test1dax_inconsistent right_hidden0.000 0.433 0.836 0.894 0.226 0.314 1.096 0.000 0.000 0.051 0.286 0.179 0.361 0.674 0.839 0.292 0.000 0.097 0.980 1.001 
0 test1dax_consistent left_hidden1.363 0.033 0.495 0.000 0.000 1.577 0.000 0.000 0.875 0.000 0.295 0.000 1.854 0.100 0.000 1.321 0.000 0.000 0.917 0.439 
0 test1dax_consistent right_hidden2.044 0.000 4.228 2.180 0.000 0.000 2.331 1.744 1.438 0.000 0.000 0.007 0.060 0.000 0.000 1.045 0.000 0.000 1.111 0.000 
1 test1dax_inconsistent left_hidden1.363 0.033 0.495 0.000 0.000 1.577 0.000 0.000 0.875 0.000 0.295 0.000 1.854 0.100 0.000 1.321 0.000 0.000 0.917 0.439 
1 test1dax_inconsistent right_hidden0.487 0.000 1.670 1.272 0.000 0.000 0.976 0.641 1.646 0.000 0.122 0.000 0.000 0.173 0.000 0.000 0.000 0.000 1.012 0.000 
0 test1dax_consistent left_hidden1.775 0.363 0.388 0.000 0.142 0.000 0.000 0.000 0.139 2.369 0.000 0.350 0.583 0.000 0.784 0.652 0.714 0.187 0.000 0.101 
0 test1dax_consistent right_hidden1.604 2.320 0.000 4.126 2.326 0.829 0.000 0.000 0.000 0.091 0.000 0.000 1.307 0.000 1.920 0.000 0.000 0.000 0.000 0.000 
1 test1dax_inconsistent left_hidden1.775 0.363 0.388 0.000 0.142 0.000 0.000 0.000 0.139 2.369 0.000 0.350 0.583 0.000 0.784 0.652 0.714 0.187 0.000 0.101 
1 test1dax_inconsistent right_hidden0.655 1.744 0.000 1.375 0.985 0.299 0.000 0.000 0.000 0.617 0.000 0.000 0.821 0.000 0.207 0.288 0.310 0.488 0.000 0.000 
0 test1dax_consistent left_hidden1.174 1.134 1.203 0.140 0.269 0.000 0.646 2.386 0.000 0.000 0.067 0.000 0.000 0.505 0.161 0.000 0.921 0.199 0.251 0.000 
0 test1dax_consistent right_hidden1.955 0.031 1.598 0.000 0.000 0.000 0.000 1.233 5.145 0.000 0.000 0.000 0.000 2.825 0.000 0.000 0.000 0.252 0.344 0.158 
1 test1dax_inconsistent left_hidden1.174 1.134 1.203 0.140 0.269 0.000 0.646 2.386 0.000 0.000 0.067 0.000 0.000 0.505 0.161 0.000 0.921 0.199 0.251 0.000 
1 test1dax_inconsistent right_hidden0.712 0.000 0.011 0.022 0.000 0.000 0.000 1.098 2.314 0.308 0.000 0.000 0.000 0.891 0.454 0.000 0.000 1.163 0.000 0.227 
0 test1dax_consistent left_hidden0.454 0.161 0.265 0.002 1.481 0.853 0.258 0.000 2.652 0.169 0.004 0.349 0.616 0.212 0.000 0.921 0.278 0.209 0.234 0.252 
0 test1dax_consistent right_hidden0.000 0.000 0.000 0.000 0.000 0.000 0.000 2.449 1.828 0.583 1.762 0.000 2.424 0.045 2.562 0.000 0.000 3.284 0.000 0.000 
1 test1dax_inconsistent left_hidden0.454 0.161 0.265 0.002 1.481 0.853 0.258 0.000 2.652 0.169 0.004 0.349 0.616 0.212 0.000 0.921 0.278 0.209 0.234 0.252 
1 test1dax_inconsistent right_hidden0.161 0.000 0.000 0.031 0.387 0.000 0.000 0.398 0.362 0.091 1.520 0.000 1.220 0.670 0.880 0.104 0.000 1.661 0.086 0.000 
0 test1dax_consistent left_hidden1.018 0.557 0.383 0.000 0.690 0.094 0.727 0.805 0.000 0.000 0.000 0.009 0.000 1.008 2.365 0.517 0.308 0.000 1.450 0.000 
0 test1dax_consistent right_hidden0.003 0.159 0.000 0.130 0.224 0.614 0.000 4.297 0.086 0.000 0.000 0.000 1.888 0.820 0.163 0.000 0.000 0.634 3.536 0.000 
1 test1dax_inconsistent left_hidden1.018 0.557 0.383 0.000 0.690 0.094 0.727 0.805 0.000 0.000 0.000 0.009 0.000 1.008 2.365 0.517 0.308 0.000 1.450 0.000 
1 test1dax_inconsistent right_hidden0.217 0.000 0.177 0.390 0.140 0.658 0.000 2.139 0.456 0.000 0.348 0.000 0.112 0.000 0.858 0.484 0.248 0.021 0.746 0.354 
0 test1dax_consistent left_hidden0.000 0.000 2.382 0.000 0.000 0.000 0.074 0.000 0.000 1.744 0.656 0.000 0.000 0.000 0.363 0.263 0.332 0.000 1.343 1.159 
0 test1dax_consistent right_hidden0.915 0.000 0.000 0.447 3.389 0.000 0.471 0.000 2.713 1.460 3.864 0.000 0.000 0.000 0.000 1.709 1.671 0.000 0.032 0.000 
1 test1dax_inconsistent left_hidden0.000 0.000 2.382 0.000 0.000 0.000 0.074 0.000 0.000 1.744 0.656 0.000 0.000 0.000 0.363 0.263 0.332 0.000 1.343 1.159 
1 test1dax_inconsistent right_hidden0.261 0.080 0.000 0.259 0.819 0.000 0.298 0.000 1.469 1.022 1.673 0.000 0.000 0.000 0.000 0.518 1.174 0.000 0.000 0.808 
0 test1dax_consistent left_hidden0.651 0.000 0.998 0.903 0.808 0.756 0.426 0.000 0.000 0.747 0.000 0.000 0.352 2.319 0.314 0.000 0.942 1.193 0.240 0.000 
0 test1dax_consistent right_hidden0.680 0.000 2.392 1.868 1.434 0.750 1.235 0.000 0.000 0.000 3.951 0.000 0.045 2.243 0.000 1.896 2.759 0.034 0.000 0.283 
1 test1dax_inconsistent left_hidden0.651 0.000 0.998 0.903 0.808 0.756 0.426 0.000 0.000 0.747 0.000 0.000 0.352 2.319 0.314 0.000 0.942 1.193 0.240 0.000 
1 test1dax_inconsistent right_hidden0.088 0.000 1.547 0.322 1.140 0.650 1.036 0.000 0.000 0.003 1.382 0.000 0.000 1.121 0.000 1.240 0.820 0.192 0.000 0.336 
0 test1dax_consistent left_hidden1.623 0.000 0.000 0.205 0.000 0.087 1.675 0.330 1.831 0.225 0.121 0.433 0.000 0.823 0.000 0.000 0.000 0.957 0.224 0.163 
0 test1dax_consistent right_hidden0.177 3.572 1.664 0.000 0.000 2.604 1.497 0.395 0.049 1.944 1.609 0.000 0.000 0.906 0.000 0.085 0.338 0.728 0.222 2.753 
1 test1dax_inconsistent left_hidden1.623 0.000 0.000 0.205 0.000 0.087 1.675 0.330 1.831 0.225 0.121 0.433 0.000 0.823 0.000 0.000 0.000 0.957 0.224 0.163 
1 test1dax_inconsistent right_hidden0.050 1.936 0.418 0.000 0.000 1.083 0.158 0.000 0.750 0.615 0.680 0.141 0.000 0.908 0.051 0.365 0.181 1.011 0.228 0.721 
0 test1dax_consistent left_hidden0.000 0.326 0.000 0.000 0.983 0.000 0.000 0.515 0.290 0.767 0.953 0.010 0.457 0.000 0.520 2.652 1.227 0.038 0.931 0.241 
0 test1dax_consistent right_hidden1.202 0.000 0.000 0.000 2.220 2.805 0.000 0.459 0.063 1.117 0.107 0.000 2.835 2.143 1.860 0.041 2.533 0.000 0.022 0.000 
1 test1dax_inconsistent left_hidden0.000 0.326 0.000 0.000 0.983 0.000 0.000 0.515 0.290 0.767 0.953 0.010 0.457 0.000 0.520 2.652 1.227 0.038 0.931 0.241 
1 test1dax_inconsistent right_hidden0.359 0.111 0.435 0.000 0.600 0.832 0.000 0.690 0.102 0.617 0.513 0.000 2.061 0.914 0.590 0.040 0.620 0.000 0.660 0.206 
0 test1dax_consistent left_hidden0.167 0.000 0.000 0.861 0.916 0.000 0.971 1.373 0.003 0.657 0.621 1.059 1.908 0.000 0.000 0.496 0.960 0.326 0.000 0.701 
0 test1dax_consistent right_hidden1.836 0.000 0.000 0.933 3.355 1.176 1.355 0.000 0.000 0.000 2.322 0.535 2.691 2.129 2.935 0.000 0.509 0.000 0.000 0.426 
1 test1dax_inconsistent left_hidden0.167 0.000 0.000 0.861 0.916 0.000 0.971 1.373 0.003 0.657 0.621 1.059 1.908 0.000 0.000 0.496 0.960 0.326 0.000 0.701 
1 test1dax_inconsistent right_hidden1.088 0.000 0.000 0.527 0.855 0.000 1.217 0.108 0.000 0.409 0.798 0.821 1.048 0.942 1.339 0.018 0.000 0.000 0.000 0.356 
0 test1dax_consistent left_hidden0.085 1.843 0.089 0.000 0.031 0.625 0.000 0.082 1.959 0.000 1.525 0.076 0.273 0.000 0.000 1.906 0.002 0.000 0.062 0.000 
0 test1dax_consistent right_hidden0.000 0.127 2.325 0.000 0.000 3.340 0.131 0.000 0.051 0.915 1.797 0.477 0.000 2.793 0.000 1.998 0.086 0.000 0.000 1.793 
1 test1dax_inconsistent left_hidden0.085 1.843 0.089 0.000 0.031 0.625 0.000 0.082 1.959 0.000 1.525 0.076 0.273 0.000 0.000 1.906 0.002 0.000 0.062 0.000 
1 test1dax_inconsistent right_hidden0.118 0.656 0.466 0.000 0.000 1.420 0.378 0.062 0.146 0.124 1.029 0.375 0.150 1.574 0.038 0.198 0.260 0.000 0.000 0.810 
0 test1dax_consistent left_hidden0.318 0.310 0.200 1.417 0.000 1.156 0.000 0.000 1.552 0.793 0.000 0.226 0.609 0.000 0.010 1.706 0.670 0.000 0.962 0.269 
0 test1dax_consistent right_hidden0.000 1.844 0.000 3.216 1.854 0.000 3.070 2.021 0.816 0.000 0.000 0.000 2.416 0.000 0.000 0.512 0.500 0.000 0.000 0.531 
1 test1dax_inconsistent left_hidden0.318 0.310 0.200 1.417 0.000 1.156 0.000 0.000 1.552 0.793 0.000 0.226 0.609 0.000 0.010 1.706 0.670 0.000 0.962 0.269 
1 test1dax_inconsistent right_hidden0.000 1.084 0.000 1.308 0.358 0.000 0.821 0.554 0.000 0.000 0.000 0.000 0.945 0.000 0.000 1.233 0.084 0.000 0.154 0.487 
0 test1dax_consistent left_hidden2.115 1.301 0.056 0.602 0.392 1.059 0.739 0.000 0.000 0.000 0.898 0.000 1.360 0.000 0.165 0.466 0.000 0.034 0.544 1.071 
0 test1dax_consistent right_hidden3.911 0.391 0.685 0.547 1.332 0.000 0.000 0.000 0.000 0.000 3.054 0.000 0.000 0.000 0.000 0.362 0.000 4.087 0.000 1.340 
1 test1dax_inconsistent left_hidden2.115 1.301 0.056 0.602 0.392 1.059 0.739 0.000 0.000 0.000 0.898 0.000 1.360 0.000 0.165 0.466 0.000 0.034 0.544 1.071 
1 test1dax_inconsistent right_hidden1.267 0.010 0.219 1.188 0.147 0.061 0.152 0.000 0.000 0.000 1.667 0.000 0.000 0.000 0.059 0.944 0.000 2.214 0.000 0.011 
0 test1dax_consistent left_hidden1.679 1.382 1.871 0.309 0.000 0.322 0.000 0.000 0.976 0.925 0.321 0.839 0.000 0.000 0.000 0.041 0.000 0.022 0.212 0.213 
0 test1dax_consistent right_hidden0.099 2.028 1.773 3.231 0.160 2.174 3.081 0.841 0.894 0.180 0.000 0.000 0.000 0.350 0.484 0.000 0.144 2.338 0.181 0.000 
1 test1dax_inconsistent left_hidden1.679 1.382 1.871 0.309 0.000 0.322 0.000 0.000 0.976 0.925 0.321 0.839 0.000 0.000 0.000 0.041 0.000 0.022 0.212 0.213 
1 test1dax_inconsistent right_hidden0.510 0.575 0.746 1.153 0.165 1.702 0.708 0.795 0.625 0.000 0.000 0.000 0.000 0.918 0.295 0.000 0.000 1.425 0.398 0.000 
0 test1dax_consistent left_hidden0.000 0.000 0.278 0.607 0.000 1.439 0.267 0.000 0.152 0.000 0.000 2.340 0.524 0.000 0.195 2.202 0.268 0.000 0.000 0.000 
0 test1dax_consistent right_hidden3.592 0.000 1.884 0.482 0.000 4.431 0.133 0.443 0.057 0.000 0.000 1.298 0.716 0.000 0.000 1.490 0.000 0.062 1.376 0.000 
1 test1dax_inconsistent left_hidden0.000 0.000 0.278 0.607 0.000 1.439 0.267 0.000 0.152 0.000 0.000 2.340 0.524 0.000 0.195 2.202 0.268 0.000 0.000 0.000 
1 test1dax_inconsistent right_hidden0.958 0.000 1.344 0.716 0.000 1.850 0.000 0.551 0.159 0.000 0.000 0.306 0.478 0.000 0.000 1.388 0.000 0.152 0.788 0.000 
0 test1dax_consistent left_hidden0.894 0.000 0.244 1.502 0.000 0.000 0.000 1.284 0.750 1.133 0.000 0.954 0.000 0.717 0.786 0.853 0.000 1.723 0.000 0.503 
0 test1dax_consistent right_hidden0.000 3.186 0.387 0.530 0.169 0.000 0.657 0.585 4.159 0.054 2.529 0.000 0.000 0.931 0.000 0.229 0.940 0.863 0.000 1.503 
1 test1dax_inconsistent left_hidden0.894 0.000 0.244 1.502 0.000 0.000 0.000 1.284 0.750 1.133 0.000 0.954 0.000 0.717 0.786 0.853 0.000 1.723 0.000 0.503 
1 test1dax_inconsistent right_hidden0.000 1.466 0.067 0.562 0.000 0.012 0.858 0.732 1.652 0.411 0.681 0.127 0.000 0.287 0.001 0.382 0.000 0.686 0.021 0.254 
0 test1dax_consistent left_hidden0.000 0.000 0.292 1.122 0.032 0.000 0.000 0.000 2.152 0.445 0.000 0.090 0.366 0.000 0.740 0.000 1.423 1.375 0.000 0.821 
0 test1dax_consistent right_hidden0.000 0.000 0.000 0.018 4.097 0.000 0.000 0.000 2.242 2.342 0.000 0.000 0.696 0.000 0.564 0.221 0.000 2.510 0.000 0.803 
1 test1dax_inconsistent left_hidden0.000 0.000 0.292 1.122 0.032 0.000 0.000 0.000 2.152 0.445 0.000 0.090 0.366 0.000 0.740 0.000 1.423 1.375 0.000 0.821 
1 test1dax_inconsistent right_hidden0.000 0.000 0.000 0.462 1.387 0.000 0.000 0.000 1.465 1.320 0.000 0.088 0.000 0.000 0.833 0.312 0.565 0.844 0.000 0.139 
0 test1dax_consistent left_hidden0.090 1.405 1.091 0.060 0.000 0.000 0.288 0.425 0.680 0.301 0.836 2.386 0.093 0.056 0.161 0.615 0.471 0.083 0.000 0.116 
0 test1dax_consistent right_hidden1.265 0.021 0.000 0.000 0.000 2.682 0.000 0.000 0.986 3.577 0.000 2.542 1.530 0.000 0.865 0.000 0.000 2.626 0.000 1.504 
1 test1dax_inconsistent left_hidden0.090 1.405 1.091 0.060 0.000 0.000 0.288 0.425 0.680 0.301 0.836 2.386 0.093 0.056 0.161 0.615 0.471 0.083 0.000 0.116 
1 test1dax_inconsistent right_hidden0.547 0.488 0.007 0.000 0.000 0.949 0.000 0.442 0.453 1.367 0.000 1.054 1.230 0.000 1.065 0.000 0.000 0.646 0.000 0.465 
0 test1dax_consistent left_hidden0.461 0.000 1.564 0.000 0.000 0.000 0.134 0.351 1.475 0.118 1.433 1.319 0.320 1.033 0.249 1.271 0.000 0.064 1.030 0.000 
0 test1dax_consistent right_hidden0.735 0.000 0.806 1.789 0.000 1.069 0.107 3.023 1.090 0.495 0.034 1.129 3.216 0.544 0.000 0.662 0.000 2.245 0.260 0.025 
1 test1dax_inconsistent left_hidden0.461 0.000 1.564 0.000 0.000 0.000 0.134 0.351 1.475 0.118 1.433 1.319 0.320 1.033 0.249 1.271 0.000 0.064 1.030 0.000 
1 test1dax_inconsistent right_hidden1.071 0.000 0.368 0.714 0.000 0.175 0.172 0.827 0.608 0.502 0.000 0.968 1.697 0.969 0.000 0.641 0.038 0.477 0.444 0.000 
0 test1dax_consistent left_hidden0.000 0.289 0.000 0.396 0.187 1.300 0.238 0.839 0.019 0.000 1.857 0.000 0.000 2.479 0.000 0.536 0.000 0.000 0.000 0.000 
0 test1dax_consistent right_hidden0.000 0.067 0.000 1.812 1.078 3.509 0.019 0.000 0.000 0.000 2.187 0.000 0.959 0.275 0.000 0.000 0.000 2.103 1.940 2.397 
1 test1dax_inconsistent left_hidden0.000 0.289 0.000 0.396 0.187 1.300 0.238 0.839 0.019 0.000 1.857 0.000 0.000 2.479 0.000 0.536 0.000 0.000 0.000 0.000 
1 test1dax_inconsistent right_hidden0.111 0.359 0.000 1.043 0.250 1.144 0.278 0.215 0.000 0.000 1.402 0.373 0.138 0.235 0.000 0.055 0.000 0.429 0.719 0.745 
0 test1dax_consistent left_hidden1.098 0.976 1.465 0.229 0.000 0.000 1.478 0.000 1.704 0.005 0.000 0.218 0.684 0.439 0.948 0.817 0.000 0.000 1.613 0.000 
0 test1dax_consistent right_hidden0.000 0.000 3.594 0.136 0.000 0.000 3.156 0.000 0.182 0.000 0.000 2.211 0.000 3.632 0.703 0.004 0.000 0.000 0.833 0.296 
1 test1dax_inconsistent left_hidden1.098 0.976 1.465 0.229 0.000 0.000 1.478 0.000 1.704 0.005 0.000 0.218 0.684 0.439 0.948 0.817 0.000 0.000 1.613 0.000 
1 test1dax_inconsistent right_hidden0.000 0.127 1.216 0.557 0.000 0.000 1.388 0.000 0.485 0.000 0.000 0.298 0.000 1.495 0.598 0.120 0.140 0.000 1.065 0.999 
0 test1dax_consistent left_hidden0.000 0.123 0.000 0.000 0.094 1.094 0.097 1.745 0.101 1.624 0.000 0.054 1.203 1.525 0.000 1.850 0.027 0.000 0.000 0.053 
0 test1dax_consistent right_hidden0.000 0.000 0.000 0.376 2.877 1.330 1.882 2.970 0.000 0.536 0.000 0.691 0.039 1.882 1.446 3.320 0.000 1.041 0.000 0.596 
1 test1dax_inconsistent left_hidden0.000 0.123 0.000 0.000 0.094 1.094 0.097 1.745 0.101 1.624 0.000 0.054 1.203 1.525 0.000 1.850 0.027 0.000 0.000 0.053 
1 test1dax_inconsistent right_hidden0.000 0.071 0.000 0.321 1.766 0.796 1.085 0.957 0.081 1.197 0.000 0.496 0.381 0.966 0.814 1.139 0.000 0.609 0.000 0.385 
0 test1dax_consistent left_hidden1.102 0.000 1.786 0.204 0.000 0.000 0.133 0.072 1.759 0.032 0.972 0.041 1.492 0.000 0.202 0.022 1.161 0.327 0.375 0.000 
0 test1dax_consistent right_hidden0.000 0.000 1.054 0.554 0.000 0.000 0.923 0.065 0.435 1.205 3.031 3.048 0.037 1.962 0.000 2.826 0.000 1.200 0.934 1.978 
1 test1dax_inconsistent left_hidden1.102 0.000 1.786 0.204 0.000 0.000 0.133 0.072 1.759 0.032 0.972 0.041 1.492 0.000 0.202 0.022 1.161 0.327 0.375 0.000 
1 test1dax_inconsistent right_hidden0.000 0.000 0.000 0.199 0.000 0.000 0.543 0.060 0.375 0.303 1.733 0.963 0.383 0.636 0.000 1.318 0.171 0.593 0.338 0.977 
0 test1dax_consistent left_hidden0.184 0.000 0.133 0.550 1.537 1.158 0.818 0.282 0.187 0.652 1.422 0.000 0.969 0.234 0.176 0.097 0.392 0.992 0.000 1.160 
0 test1dax_consistent right_hidden0.220 0.516 0.186 0.829 3.742 0.000 0.000 0.000 0.000 0.121 0.524 0.000 0.000 1.329 1.768 0.000 1.616 3.611 0.000 1.758 
1 test1dax_inconsistent left_hidden0.184 0.000 0.133 0.550 1.537 1.158 0.818 0.282 0.187 0.652 1.422 0.000 0.969 0.234 0.176 0.097 0.392 0.992 0.000 1.160 
1 test1dax_inconsistent right_hidden0.000 0.348 0.674 0.851 1.766 0.566 0.000 0.000 0.000 0.278 0.146 0.082 0.110 1.508 0.925 0.004 0.582 0.907 0.000 0.440 
0 test1dax_consistent left_hidden0.257 0.000 0.947 0.447 0.000 0.000 0.826 0.000 1.267 0.795 1.611 0.155 0.000 1.758 0.038 0.022 0.265 0.610 0.823 0.746 
0 test1dax_consistent right_hidden2.441 1.702 0.629 0.000 0.000 3.336 0.000 1.352 1.149 0.186 1.229 0.498 0.655 2.258 0.000 1.485 0.000 2.471 0.020 0.645 
1 test1dax_inconsistent left_hidden0.257 0.000 0.947 0.447 0.000 0.000 0.826 0.000 1.267 0.795 1.611 0.155 0.000 1.758 0.038 0.022 0.265 0.610 0.823 0.746 
1 test1dax_inconsistent right_hidden1.615 0.616 0.501 0.000 0.000 1.183 0.005 0.452 0.252 0.523 1.032 0.324 0.309 0.806 0.222 0.975 0.040 0.479 0.106 0.286 
0 test1dax_consistent left_hidden0.000 1.147 0.217 1.010 0.777 0.000 0.000 2.420 0.083 0.000 0.376 0.224 0.002 0.000 0.000 1.167 0.000 0.389 0.500 0.000 
0 test1dax_consistent right_hidden0.983 0.064 0.000 0.000 0.000 0.000 0.000 0.000 1.857 0.000 0.533 2.004 0.000 0.000 2.683 4.097 0.000 2.954 0.000 0.000 
1 test1dax_inconsistent left_hidden0.000 1.147 0.217 1.010 0.777 0.000 0.000 2.420 0.083 0.000 0.376 0.224 0.002 0.000 0.000 1.167 0.000 0.389 0.500 0.000 
1 test1dax_inconsistent right_hidden0.148 0.149 0.000 0.391 0.000 0.000 0.043 0.032 0.694 0.000 0.687 1.830 0.000 0.000 0.706 1.458 0.000 1.735 0.000 0.000 
0 test1dax_consistent left_hidden0.908 0.000 0.463 0.325 1.976 1.025 0.655 0.000 0.000 0.000 0.295 0.255 0.000 0.108 0.405 1.504 1.207 0.322 0.000 1.341 
0 test1dax_consistent right_hidden0.755 2.747 2.458 0.000 1.076 0.000 0.045 0.146 0.000 0.000 0.636 0.048 0.000 4.124 0.930 0.734 0.452 0.000 1.419 0.891 
1 test1dax_inconsistent left_hidden0.908 0.000 0.463 0.325 1.976 1.025 0.655 0.000 0.000 0.000 0.295 0.255 0.000 0.108 0.405 1.504 1.207 0.322 0.000 1.341 
1 test1dax_inconsistent right_hidden0.344 1.749 0.885 0.000 0.278 0.000 0.329 0.405 0.320 0.000 0.718 0.000 0.000 1.400 0.339 0.758 0.678 0.000 1.063 0.000 
0 test1dax_consistent left_hidden0.000 0.862 0.832 0.284 0.000 0.301 0.585 0.000 0.031 0.000 0.060 1.986 0.952 0.000 0.227 0.841 0.187 1.850 0.643 0.352 
0 test1dax_consistent right_hidden0.000 0.012 0.292 0.310 0.000 0.000 2.014 3.165 4.896 0.000 0.000 0.839 1.710 0.000 0.000 0.392 0.000 1.558 2.013 0.000 
1 test1dax_inconsistent left_hidden0.000 0.862 0.832 0.284 0.000 0.301 0.585 0.000 0.031 0.000 0.060 1.986 0.952 0.000 0.227 0.841 0.187 1.850 0.643 0.352 
1 test1dax_inconsistent right_hidden0.009 0.000 0.566 0.377 0.000 0.000 0.530 1.533 1.400 0.000 0.000 0.245 1.816 0.000 0.000 0.000 0.147 1.448 0.889 0.000 
0 test1dax_consistent left_hidden0.384 0.009 0.219 0.273 0.219 0.853 0.000 0.000 0.000 0.000 0.738 0.000 0.029 0.936 0.000 0.000 0.000 0.174 2.687 1.506 
0 test1dax_consistent right_hidden0.098 0.000 1.367 2.077 0.000 0.191 0.000 0.000 0.335 0.000 0.000 1.539 2.634 2.011 2.006 2.040 2.743 0.000 0.000 0.204 
1 test1dax_inconsistent left_hidden0.384 0.009 0.219 0.273 0.219 0.853 0.000 0.000 0.000 0.000 0.738 0.000 0.029 0.936 0.000 0.000 0.000 0.174 2.687 1.506 
1 test1dax_inconsistent right_hidden0.662 0.028 0.439 1.224 0.000 0.184 0.000 0.014 0.158 0.119 0.632 0.960 0.600 1.208 1.293 0.458 1.472 0.292 0.531 0.187 
0 test1dax_consistent left_hidden0.000 2.499 0.503 0.000 0.330 0.000 0.000 0.000 0.000 0.000 0.767 1.146 0.660 0.226 0.968 1.383 0.788 0.019 0.454 0.157 
0 test1dax_consistent right_hidden0.000 2.925 2.122 1.159 0.000 0.948 0.000 0.000 0.000 0.000 0.848 1.774 0.000 1.241 0.000 1.871 1.919 0.128 2.213 2.920 
1 test1dax_inconsistent left_hidden0.000 2.499 0.503 0.000 0.330 0.000 0.000 0.000 0.000 0.000 0.767 1.146 0.660 0.226 0.968 1.383 0.788 0.019 0.454 0.157 
1 test1dax_inconsistent right_hidden0.000 0.882 1.160 0.498 0.184 0.000 0.000 0.000 0.000 0.000 0.453 1.031 0.803 0.466 0.000 0.550 1.762 0.605 1.406 0.754 
0 test1dax_consistent left_hidden0.000 1.430 0.000 1.670 0.585 0.000 0.030 1.824 0.000 1.048 0.000 0.209 0.106 0.395 0.000 0.048 0.101 1.132 0.454 0.000 
0 test1dax_consistent right_hidden0.000 0.923 0.114 0.000 0.117 0.210 0.000 0.335 4.953 0.000 0.000 0.274 2.461 0.772 0.000 1.265 0.000 0.684 0.023 0.586 
1 test1dax_inconsistent left_hidden0.000 1.430 0.000 1.670 0.585 0.000 0.030 1.824 0.000 1.048 0.000 0.209 0.106 0.395 0.000 0.048 0.101 1.132 0.454 0.000 
1 test1dax_inconsistent right_hidden0.490 0.000 0.473 0.240 0.228 0.386 0.000 0.169 1.092 0.000 0.000 0.512 1.347 1.101 0.083 0.322 0.602 0.766 0.192 0.424 
0 test1dax_consistent left_hidden1.017 0.723 0.478 1.362 0.239 0.191 0.368 0.000 0.000 0.059 1.333 0.887 0.301 0.000 0.008 0.000 1.731 0.317 0.979 0.022 
0 test1dax_consistent right_hidden0.000 1.109 3.322 0.000 0.717 0.211 2.847 0.000 0.000 0.192 2.532 0.000 0.159 2.159 0.798 0.000 0.695 1.501 0.796 0.209 
1 test1dax_inconsistent left_hidden1.017 0.723 0.478 1.362 0.239 0.191 0.368 0.000 0.000 0.059 1.333 0.887 0.301 0.000 0.008 0.000 1.731 0.317 0.979 0.022 
1 test1dax_inconsistent right_hidden0.355 0.959 1.733 0.067 0.284 0.000 0.837 0.000 0.000 0.752 0.506 0.523 0.000 0.588 0.470 0.473 0.198 1.273 0.000 0.091 
0 test1dax_consistent left_hidden0.396 0.331 0.000 0.000 0.357 0.462 0.000 1.091 0.000 1.860 0.000 0.573 0.288 0.196 0.000 0.365 1.154 0.000 1.840 0.187 
0 test1dax_consistent right_hidden0.435 0.000 1.812 2.520 0.339 0.398 0.551 0.000 0.291 0.117 0.000 0.000 2.860 0.000 0.000 4.204 0.000 0.000 1.381 0.000 
1 test1dax_inconsistent left_hidden0.396 0.331 0.000 0.000 0.357 0.462 0.000 1.091 0.000 1.860 0.000 0.573 0.288 0.196 0.000 0.365 1.154 0.000 1.840 0.187 
1 test1dax_inconsistent right_hidden0.640 0.000 0.288 1.800 0.516 0.608 0.901 0.559 0.434 0.436 0.000 0.397 0.410 0.000 0.000 1.734 0.000 0.000 0.276 0.000 
0 test1dax_consistent left_hidden0.206 1.464 1.512 0.185 0.052 0.990 0.584 0.000 0.000 0.824 0.000 1.418 0.341 0.000 1.690 0.000 0.601 0.000 0.159 1.107 
0 test1dax_consistent right_hidden0.000 0.040 0.120 0.000 0.632 0.429 0.000 0.000 5.811 0.713 0.056 1.085 0.000 0.000 0.022 0.148 1.495 0.000 0.811 0.248 
1 test1dax_inconsistent left_hidden0.206 1.464 1.512 0.185 0.052 0.990 0.584 0.000 0.000 0.824 0.000 1.418 0.341 0.000 1.690 0.000 0.601 0.000 0.159 1.107 
1 test1dax_inconsistent right_hidden0.000 0.000 0.257 0.000 0.680 0.290 0.000 0.000 2.070 0.721 0.339 1.032 0.601 0.000 0.389 0.281 0.386 0.000 1.362 0.744 
0 test1dax_consistent left_hidden0.620 0.222 1.188 0.504 2.390 0.193 0.686 0.614 0.000 0.000 1.123 0.108 0.064 0.444 0.595 0.405 0.523 0.548 0.470 0.284 
0 test1dax_consistent right_hidden0.084 0.000 1.032 0.000 1.662 0.740 2.081 0.000 2.423 0.000 0.263 0.101 0.454 1.364 0.000 1.695 2.649 1.723 0.384 1.462 
1 test1dax_inconsistent left_hidden0.620 0.222 1.188 0.504 2.390 0.193 0.686 0.614 0.000 0.000 1.123 0.108 0.064 0.444 0.595 0.405 0.523 0.548 0.470 0.284 
1 test1dax_inconsistent right_hidden0.515 0.161 0.937 0.216 1.071 0.548 0.469 0.135 0.734 0.000 0.000 0.301 0.054 0.952 0.527 0.299 0.664 0.563 0.486 0.951 
0 test1dax_consistent left_hidden0.000 0.020 0.012 0.192 1.607 0.000 0.000 1.884 0.121 1.470 0.169 0.796 0.000 0.000 1.645 0.104 0.000 0.000 0.207 0.000 
0 test1dax_consistent right_hidden0.000 0.271 1.450 1.749 0.000 1.328 1.177 1.261 1.710 0.147 1.108 0.000 0.000 0.000 2.892 0.000 0.082 1.204 3.082 2.324 
1 test1dax_inconsistent left_hidden0.000 0.020 0.012 0.192 1.607 0.000 0.000 1.884 0.121 1.470 0.169 0.796 0.000 0.000 1.645 0.104 0.000 0.000 0.207 0.000 
1 test1dax_inconsistent right_hidden0.000 0.260 0.569 1.069 0.143 0.441 0.265 1.029 0.996 0.448 0.724 0.000 0.000 0.000 0.569 0.000 0.217 1.132 0.939 1.112 
0 test1dax_consistent left_hidden1.084 0.858 0.000 0.000 0.000 0.922 1.211 0.000 1.332 0.000 0.144 0.415 0.055 1.822 0.745 0.224 0.000 0.000 1.040 0.416 
0 test1dax_consistent right_hidden0.071 3.919 0.595 0.000 0.000 1.795 0.389 2.258 0.916 0.000 0.000 0.000 0.021 0.000 0.000 1.195 0.000 0.000 0.030 3.195 
1 test1dax_inconsistent left_hidden1.084 0.858 0.000 0.000 0.000 0.922 1.211 0.000 1.332 0.000 0.144 0.415 0.055 1.822 0.745 0.224 0.000 0.000 1.040 0.416 
1 test1dax_inconsistent right_hidden0.492 1.065 0.895 0.000 0.000 1.289 0.817 0.296 0.188 0.000 0.000 0.318 0.206 0.000 0.000 1.404 0.000 0.000 0.012 1.429 
0 test1dax_consistent left_hidden0.396 1.180 0.000 0.000 0.000 0.000 0.195 0.089 1.084 0.000 0.000 0.053 0.601 3.020 0.000 0.969 0.000 0.019 0.143 0.261 
0 test1dax_consistent right_hidden0.127 0.015 0.000 0.000 0.000 1.645 0.000 1.495 2.157 0.000 0.000 0.000 0.337 3.708 1.732 0.000 0.000 0.034 2.879 1.788 
1 test1dax_inconsistent left_hidden0.396 1.180 0.000 0.000 0.000 0.000 0.195 0.089 1.084 0.000 0.000 0.053 0.601 3.020 0.000 0.969 0.000 0.019 0.143 0.261 
1 test1dax_inconsistent right_hidden0.465 0.944 0.106 0.065 0.000 0.586 0.132 0.594 0.447 0.000 0.000 0.000 0.696 1.128 0.815 0.000 0.000 0.173 1.242 0.797 
0 test1dax_consistent left_hidden1.558 0.835 0.165 0.000 0.096 0.000 0.000 0.000 0.019 0.000 0.566 0.596 0.000 1.166 0.000 0.023 2.610 0.058 0.000 1.199 
0 test1dax_consistent right_hidden2.825 1.749 0.515 2.255 0.000 0.011 0.000 0.000 2.114 0.581 1.448 0.000 0.000 2.149 0.593 3.667 0.159 0.026 0.000 0.000 
1 test1dax_inconsistent left_hidden1.558 0.835 0.165 0.000 0.096 0.000 0.000 0.000 0.019 0.000 0.566 0.596 0.000 1.166 0.000 0.023 2.610 0.058 0.000 1.199 
1 test1dax_inconsistent right_hidden1.520 0.935 0.807 0.846 0.000 0.055 0.189 0.000 0.693 0.617 0.886 0.000 0.000 1.139 0.101 1.253 0.044 0.000 0.267 0.078 
0 test1dax_consistent left_hidden0.000 0.000 0.095 1.267 0.758 0.000 0.000 0.000 0.609 0.595 0.013 0.000 1.594 1.229 0.720 0.568 1.836 0.420 1.279 0.674 
0 test1dax_consistent right_hidden0.000 0.000 0.677 0.000 1.710 3.689 0.384 0.000 0.000 1.340 0.000 0.000 0.000 2.375 0.661 0.443 2.965 2.113 0.000 0.000 
1 test1dax_inconsistent left_hidden0.000 0.000 0.095 1.267 0.758 0.000 0.000 0.000 0.609 0.595 0.013 0.000 1.594 1.229 0.720 0.568 1.836 0.420 1.279 0.674 
1 test1dax_inconsistent right_hidden0.000 0.000 0.452 0.158 1.094 1.665 0.243 0.000 0.500 0.564 0.001 0.000 0.000 1.870 0.342 0.744 0.870 0.628 0.000 0.000 
0 test1dax_consistent left_hidden0.057 0.000 0.000 0.280 0.000 2.190 1.385 0.533 0.031 0.307 0.000 0.000 1.029 1.685 0.000 0.166 0.541 0.000 0.461 0.000 
0 test1dax_consistent right_hidden1.200 0.558 0.000 1.168 3.244 0.605 2.172 0.286 0.377 0.000 1.426 0.000 0.006 2.631 0.342 0.401 0.000 0.000 2.882 0.000 
1 test1dax_inconsistent left_hidden0.057 0.000 0.000 0.280 0.000 2.190 1.385 0.533 0.031 0.307 0.000 0.000 1.029 1.685 0.000 0.166 0.541 0.000 0.461 0.000 
1 test1dax_inconsistent right_hidden0.554 0.144 0.000 0.707 1.076 0.238 1.644 0.000 0.328 0.000 0.774 0.000 0.429 1.112 0.617 0.647 0.000 0.000 1.038 0.000 
0 test1dax_consistent left_hidden0.529 0.747 0.014 0.000 1.567 1.354 0.486 0.811 0.000 0.000 0.000 0.000 0.000 0.000 1.114 0.000 2.314 0.000 0.000 0.000 
0 test1dax_consistent right_hidden0.113 0.018 0.000 0.090 3.799 0.246 2.272 0.078 0.000 1.285 0.000 2.567 0.000 1.299 1.132 0.000 0.007 2.348 1.612 0.000 
1 test1dax_inconsistent left_hidden0.529 0.747 0.014 0.000 1.567 1.354 0.486 0.811 0.000 0.000 0.000 0.000 0.000 0.000 1.114 0.000 2.314 0.000 0.000 0.000 
1 test1dax_inconsistent right_hidden0.153 0.330 0.000 0.567 2.010 0.000 0.761 0.731 0.000 0.482 0.383 0.706 0.000 0.822 0.348 0.000 0.000 0.537 0.303 0.036 
0 test1dax_consistent left_hidden0.000 0.000 0.000 0.198 0.000 1.123 0.000 0.000 0.000 2.877 0.105 1.113 0.000 0.407 0.000 1.169 0.000 0.000 0.000 0.000 
0 test1dax_consistent right_hidden0.132 0.000 0.000 2.708 2.408 0.000 2.299 3.631 1.240 0.680 1.475 0.003 0.910 0.682 0.133 0.970 1.141 1.380 0.000 0.000 
1 test1dax_inconsistent left_hidden0.000 0.000 0.000 0.198 0.000 1.123 0.000 0.000 0.000 2.877 0.105 1.113 0.000 0.407 0.000 1.169 0.000 0.000 0.000 0.000 
1 test1dax_inconsistent right_hidden0.511 0.000 0.000 1.000 0.300 0.209 0.857 1.138 0.000 0.177 0.651 0.731 0.285 1.021 0.000 0.653 0.989 0.582 0.000 0.000 
0 test1dax_consistent left_hidden0.958 0.308 0.000 0.150 0.238 2.334 1.967 0.433 0.903 0.027 0.033 1.132 0.119 0.303 0.049 0.000 0.010 0.000 0.411 0.359 
0 test1dax_consistent right_hidden3.917 1.260 0.000 2.208 0.891 2.145 0.138 0.693 0.000 0.031 0.172 1.722 0.000 0.036 0.238 2.382 0.254 0.000 0.244 1.067 
1 test1dax_inconsistent left_hidden0.958 0.308 0.000 0.150 0.238 2.334 1.967 0.433 0.903 0.027 0.033 1.132 0.119 0.303 0.049 0.000 0.010 0.000 0.411 0.359 
1 test1dax_inconsistent right_hidden1.787 0.000 0.000 1.205 0.824 0.484 0.514 1.059 0.519 0.000 0.025 1.102 0.000 0.157 0.331 0.527 0.563 0.000 0.352 0.458 
0 test1dax_consistent left_hidden0.298 0.000 0.000 1.436 0.000 1.027 0.365 0.000 0.000 0.909 0.000 0.317 1.732 0.000 0.000 0.162 0.723 1.958 0.000 0.488 
0 test1dax_consistent right_hidden0.000 0.000 0.000 1.938 0.045 0.826 2.417 0.000 0.344 0.000 2.015 0.000 2.672 3.229 0.000 2.082 0.063 0.000 2.448 0.000 
1 test1dax_inconsistent left_hidden0.298 0.000 0.000 1.436 0.000 1.027 0.365 0.000 0.000 0.909 0.000 0.317 1.732 0.000 0.000 0.162 0.723 1.958 0.000 0.488 
1 test1dax_inconsistent right_hidden0.342 0.000 0.000 0.796 0.104 0.205 1.279 0.000 0.741 0.000 1.290 0.000 1.637 0.736 0.000 0.393 0.001 0.373 0.524 0.000 
0 test1dax_consistent left_hidden0.000 0.438 1.086 0.000 0.342 0.037 1.000 1.800 0.626 0.069 0.000 1.261 1.238 1.326 0.091 0.000 0.095 0.518 0.000 0.679 
0 test1dax_consistent right_hidden0.000 3.501 0.366 1.614 0.000 0.394 0.000 0.391 0.117 0.695 0.179 0.323 0.947 2.125 0.110 0.000 2.093 2.371 0.000 2.056 
1 test1dax_inconsistent left_hidden0.000 0.438 1.086 0.000 0.342 0.037 1.000 1.800 0.626 0.069 0.000 1.261 1.238 1.326 0.091 0.000 0.095 0.518 0.000 0.679 
1 test1dax_inconsistent right_hidden0.000 1.357 0.906 0.436 0.003 0.646 0.300 0.065 0.621 0.000 0.000 0.759 0.161 1.510 0.276 0.096 0.943 0.748 0.000 1.085 
0 test1dax_consistent left_hidden0.000 0.000 1.672 0.085 0.000 0.283 0.752 0.594 1.205 1.013 0.941 0.000 0.019 0.987 0.000 0.335 1.222 1.450 0.041 0.000 
0 test1dax_consistent right_hidden0.000 1.972 4.623 0.000 0.000 0.444 0.000 0.433 0.044 0.265 0.000 0.000 0.000 1.278 0.936 0.000 1.800 0.000 1.771 0.000 
1 test1dax_inconsistent left_hidden0.000 0.000 1.672 0.085 0.000 0.283 0.752 0.594 1.205 1.013 0.941 0.000 0.019 0.987 0.000 0.335 1.222 1.450 0.041 0.000 
1 test1dax_inconsistent right_hidden0.038 1.350 1.291 0.000 0.000 1.014 0.128 0.787 0.319 0.796 0.357 0.132 0.000 0.484 0.747 0.536 1.309 0.577 0.902 0.000 
0 test1dax_consistent left_hidden1.705 0.045 1.781 0.079 0.278 0.000 0.000 0.000 0.000 0.243 1.436 0.087 0.000 0.183 0.860 0.118 0.296 0.778 1.048 0.751 
0 test1dax_consistent right_hidden0.084 1.549 0.000 1.470 0.000 0.000 0.000 0.389 2.405 0.017 1.787 0.000 0.000 0.000 2.348 0.000 0.212 3.176 3.160 0.004 
1 test1dax_inconsistent left_hidden1.705 0.045 1.781 0.079 0.278 0.000 0.000 0.000 0.000 0.243 1.436 0.087 0.000 0.183 0.860 0.118 0.296 0.778 1.048 0.751 
1 test1dax_inconsistent right_hidden0.582 0.703 0.205 0.969 0.008 0.000 0.000 0.099 0.767 0.000 0.437 0.000 0.000 0.018 1.082 0.177 0.025 1.048 2.172 0.292 
0 test1dax_consistent left_hidden0.320 0.256 1.722 0.000 0.427 0.045 0.601 1.254 0.667 1.422 0.110 0.004 0.000 0.000 0.000 0.616 1.977 0.000 0.000 0.759 
0 test1dax_consistent right_hidden0.000 2.014 0.968 0.625 0.091 0.000 2.998 0.538 1.352 2.116 1.209 3.006 0.369 0.000 0.000 0.000 1.799 1.938 0.222 0.913 
1 test1dax_inconsistent left_hidden0.320 0.256 1.722 0.000 0.427 0.045 0.601 1.254 0.667 1.422 0.110 0.004 0.000 0.000 0.000 0.616 1.977 0.000 0.000 0.759 
1 test1dax_inconsistent right_hidden0.180 0.652 1.110 0.000 0.280 0.000 1.336 0.545 0.995 0.455 1.039 0.908 0.341 0.000 0.000 0.000 0.344 0.755 0.540 0.427 
0 test1dax_consistent left_hidden0.166 1.499 0.002 0.000 1.287 0.000 0.000 0.098 0.000 1.697 1.128 0.071 0.000 0.743 0.026 1.504 0.000 0.329 0.310 1.399 
0 test1dax_consistent right_hidden0.709 1.426 0.000 0.000 1.889 0.000 0.048 0.591 0.000 0.461 1.041 0.009 0.000 0.000 0.000 0.125 0.000 1.225 3.621 4.152 
1 test1dax_inconsistent left_hidden0.166 1.499 0.002 0.000 1.287 0.000 0.000 0.098 0.000 1.697 1.128 0.071 0.000 0.743 0.026 1.504 0.000 0.329 0.310 1.399 
1 test1dax_inconsistent right_hidden0.416 0.131 0.082 0.001 0.719 0.000 0.291 0.043 0.000 1.343 0.745 0.000 0.000 0.204 0.055 0.679 0.182 0.938 1.968 1.254 
0 test1dax_consistent left_hidden0.000 0.249 1.253 0.954 0.825 0.147 0.243 1.313 0.000 0.540 0.582 0.143 0.560 0.226 0.000 1.640 0.006 1.852 0.000 0.000 
0 test1dax_consistent right_hidden0.000 0.000 0.085 0.000 1.228 0.259 0.289 3.015 0.000 4.223 0.337 0.000 1.147 0.000 0.000 2.291 0.000 0.000 0.000 1.601 
1 test1dax_inconsistent left_hidden0.000 0.249 1.253 0.954 0.825 0.147 0.243 1.313 0.000 0.540 0.582 0.143 0.560 0.226 0.000 1.640 0.006 1.852 0.000 0.000 
1 test1dax_inconsistent right_hidden0.000 0.259 0.490 0.000 0.991 0.810 0.267 0.449 0.000 2.012 0.600 0.000 0.121 0.039 0.074 0.622 0.000 0.392 0.000 0.950 
0 test1dax_consistent left_hidden0.000 0.656 1.276 1.507 0.286 1.462 0.000 0.000 0.265 1.615 0.000 0.000 0.527 0.690 0.000 0.261 0.524 0.972 0.000 0.332 
0 test1dax_consistent right_hidden2.339 0.256 0.572 2.520 0.504 1.210 0.000 0.474 1.509 0.435 0.000 3.833 0.000 0.532 0.000 0.000 0.000 0.651 0.000 2.500 
1 test1dax_inconsistent left_hidden0.000 0.656 1.276 1.507 0.286 1.462 0.000 0.000 0.265 1.615 0.000 0.000 0.527 0.690 0.000 0.261 0.524 0.972 0.000 0.332 
1 test1dax_inconsistent right_hidden0.848 0.708 0.843 0.585 0.708 0.283 0.000 0.065 0.438 0.000 0.000 1.328 0.000 0.196 0.000 0.000 0.000 1.087 0.000 1.092 
0 test1dax_consistent left_hidden0.700 1.819 0.668 0.000 0.355 1.282 0.279 0.810 1.530 0.000 0.000 0.607 0.918 0.000 0.011 0.000 0.592 0.558 0.814 0.000 
0 test1dax_consistent right_hidden0.283 2.512 0.550 0.000 0.000 0.000 2.110 0.000 0.314 0.000 2.013 0.000 1.044 1.710 0.000 0.000 0.000 0.000 4.983 0.000 
1 test1dax_inconsistent left_hidden0.700 1.819 0.668 0.000 0.355 1.282 0.279 0.810 1.530 0.000 0.000 0.607 0.918 0.000 0.011 0.000 0.592 0.558 0.814 0.000 
1 test1dax_inconsistent right_hidden0.000 0.423 0.368 0.000 0.000 0.000 0.823 0.000 0.575 0.000 0.566 0.000 1.128 0.673 0.000 0.000 0.000 0.298 2.555 0.000 
0 test1dax_consistent left_hidden0.000 0.000 0.233 1.280 1.498 0.584 0.635 0.496 0.000 0.041 0.198 0.431 0.000 1.018 0.425 0.000 0.333 0.055 1.342 1.807 
0 test1dax_consistent right_hidden0.169 0.000 0.000 0.000 0.711 1.077 2.306 0.000 0.000 0.000 4.021 0.732 0.395 0.000 0.249 0.000 1.319 0.000 0.000 3.501 
1 test1dax_inconsistent left_hidden0.000 0.000 0.233 1.280 1.498 0.584 0.635 0.496 0.000 0.041 0.198 0.431 0.000 1.018 0.425 0.000 0.333 0.055 1.342 1.807 
1 test1dax_inconsistent right_hidden0.149 0.000 0.000 0.000 0.000 1.437 0.816 0.000 0.000 0.027 1.367 0.000 0.136 0.000 0.543 0.000 0.870 0.000 0.000 1.444 
0 test1dax_consistent left_hidden1.151 1.118 0.000 0.000 0.222 0.000 1.118 0.393 0.737 0.000 0.000 0.054 0.000 1.853 0.000 0.010 0.000 1.524 0.649 1.280 
0 test1dax_consistent right_hidden1.632 0.710 0.000 0.000 0.320 0.000 1.787 0.407 0.000 0.000 0.535 1.360 0.000 0.032 0.000 2.197 0.000 5.301 0.122 0.049 
1 test1dax_inconsistent left_hidden1.151 1.118 0.000 0.000 0.222 0.000 1.118 0.393 0.737 0.000 0.000 0.054 0.000 1.853 0.000 0.010 0.000 1.524 0.649 1.280 
1 test1dax_inconsistent right_hidden1.249 0.422 0.165 0.000 0.557 0.000 0.995 0.830 0.000 0.000 0.779 0.503 0.000 0.000 0.000 1.962 0.120 1.538 0.398 0.000 
0 test1dax_consistent left_hidden0.911 0.000 0.000 0.099 0.000 0.296 0.755 0.361 0.000 0.000 0.000 0.000 0.000 0.000 0.574 0.481 3.212 0.000 0.223 0.000 
0 test1dax_consistent right_hidden3.249 0.019 4.080 0.388 0.000 0.000 0.773 0.000 0.000 1.351 0.000 1.736 0.000 0.000 0.000 0.000 2.467 0.360 0.000 0.000 
1 test1dax_inconsistent left_hidden0.911 0.000 0.000 0.099 0.000 0.296 0.755 0.361 0.000 0.000 0.000 0.000 0.000 0.000 0.574 0.481 3.212 0.000 0.223 0.000 
1 test1dax_inconsistent right_hidden1.722 0.025 1.805 0.415 0.000 0.918 0.722 0.000 0.000 0.890 0.000 0.143 0.000 0.000 0.061 0.417 0.553 0.786 0.072 0.000 
0 test1dax_consistent left_hidden0.279 0.599 0.000 0.000 0.000 1.031 0.723 0.397 1.054 0.904 0.000 0.304 1.880 0.000 0.000 1.977 0.029 0.019 0.021 0.439 
0 test1dax_consistent right_hidden0.000 0.620 0.006 0.000 0.000 3.063 0.000 3.228 0.000 1.059 1.067 0.000 1.328 0.000 0.000 0.296 3.586 0.248 0.007 0.000 
1 test1dax_inconsistent left_hidden0.279 0.599 0.000 0.000 0.000 1.031 0.723 0.397 1.054 0.904 0.000 0.304 1.880 0.000 0.000 1.977 0.029 0.019 0.021 0.439 
1 test1dax_inconsistent right_hidden0.097 0.000 0.042 0.000 0.000 0.752 0.113 1.809 0.893 0.431 0.563 0.000 1.100 0.000 0.000 0.000 1.966 0.000 0.000 0.000 
0 test1dax_consistent left_hidden1.068 0.606 0.502 0.000 1.178 0.456 1.754 0.000 0.455 1.336 0.000 1.377 0.906 0.792 0.000 0.761 0.000 0.793 0.128 0.000 
0 test1dax_consistent right_hidden0.810 0.058 1.910 0.000 0.410 1.648 0.000 0.000 2.817 0.000 0.082 1.272 0.380 0.000 4.518 0.000 0.000 0.000 1.067 0.000 
1 test1dax_inconsistent left_hidden1.068 0.606 0.502 0.000 1.178 0.456 1.754 0.000 0.455 1.336 0.000 1.377 0.906 0.792 0.000 0.761 0.000 0.793 0.128 0.000 
1 test1dax_inconsistent right_hidden0.592 0.000 0.605 0.000 0.655 0.464 0.052 0.000 2.269 0.000 0.062 0.539 0.558 0.000 1.512 0.053 0.351 0.000 0.581 0.000 
0 test1dax_consistent left_hidden0.829 0.000 0.000 0.046 1.011 0.791 0.751 0.000 1.235 0.721 0.000 0.000 0.000 1.165 0.326 0.000 2.263 0.605 0.280 0.464 
0 test1dax_consistent right_hidden0.020 0.000 0.545 0.000 1.831 0.264 0.000 0.127 3.558 0.000 0.666 0.000 0.574 1.080 3.570 0.000 0.925 0.978 1.671 1.473 
1 test1dax_inconsistent left_hidden0.829 0.000 0.000 0.046 1.011 0.791 0.751 0.000 1.235 0.721 0.000 0.000 0.000 1.165 0.326 0.000 2.263 0.605 0.280 0.464 
1 test1dax_inconsistent right_hidden0.751 0.019 0.434 0.058 0.766 0.495 0.322 0.000 1.962 0.000 0.643 0.000 0.499 0.419 1.285 0.000 0.347 0.416 0.404 0.729 
0 test1dax_consistent left_hidden0.050 1.267 1.248 1.132 0.346 2.175 0.000 0.009 0.000 0.582 0.572 0.350 0.000 0.000 0.036 0.000 0.099 0.000 0.805 1.082 
0 test1dax_consistent right_hidden0.000 3.782 0.736 0.608 0.276 0.289 0.041 0.000 0.000 1.719 0.000 4.104 0.000 0.352 0.045 0.037 0.000 0.000 1.579 0.000 
1 test1dax_inconsistent left_hidden0.050 1.267 1.248 1.132 0.346 2.175 0.000 0.009 0.000 0.582 0.572 0.350 0.000 0.000 0.036 0.000 0.099 0.000 0.805 1.082 
1 test1dax_inconsistent right_hidden0.000 2.158 0.000 0.165 0.273 0.766 0.000 0.000 0.000 1.054 0.000 1.388 0.000 0.000 0.000 0.056 0.000 0.000 0.576 0.300 
0 test1dax_consistent left_hidden0.000 0.007 1.888 0.014 1.789 0.857 0.000 0.612 0.745 0.255 0.000 0.425 0.858 1.299 0.586 0.000 0.817 0.578 0.344 0.379 
0 test1dax_consistent right_hidden0.420 1.819 0.290 0.025 0.506 0.000 1.670 0.108 0.131 2.041 0.000 0.720 3.212 2.337 0.290 0.000 0.000 2.690 0.037 0.361 
1 test1dax_inconsistent left_hidden0.000 0.007 1.888 0.014 1.789 0.857 0.000 0.612 0.745 0.255 0.000 0.425 0.858 1.299 0.586 0.000 0.817 0.578 0.344 0.379 
1 test1dax_inconsistent right_hidden0.134 1.183 0.643 0.000 0.000 0.107 1.492 0.295 0.791 0.820 0.000 0.318 1.238 0.827 0.281 0.000 0.000 0.453 0.258 0.785 
0 test1dax_consistent left_hidden0.332 0.335 0.613 1.336 0.065 0.000 0.496 0.044 1.268 0.189 0.441 0.200 0.586 0.020 0.466 0.013 2.085 0.000 1.326 0.000 
0 test1dax_consistent right_hidden0.000 0.669 2.454 1.462 0.000 0.000 0.000 0.208 0.644 1.661 0.476 0.000 1.717 0.446 0.158 0.000 0.000 4.510 0.343 0.000 
1 test1dax_inconsistent left_hidden0.332 0.335 0.613 1.336 0.065 0.000 0.496 0.044 1.268 0.189 0.441 0.200 0.586 0.020 0.466 0.013 2.085 0.000 1.326 0.000 
1 test1dax_inconsistent right_hidden0.268 0.578 1.248 0.414 0.285 0.000 0.000 0.425 0.260 0.793 0.681 0.000 1.125 0.531 0.156 0.000 0.160 1.356 1.086 0.000 
0 test1dax_consistent left_hidden0.597 2.153 0.331 0.000 1.405 0.920 0.000 0.116 1.141 0.926 0.000 0.357 0.180 0.047 0.105 0.911 0.965 0.702 0.000 0.000 
0 test1dax_consistent right_hidden0.872 0.078 1.808 0.000 0.000 3.017 1.797 1.036 2.785 0.906 0.560 2.281 1.187 0.063 0.000 2.779 0.000 0.299 0.000 0.000 
1 test1dax_inconsistent left_hidden0.597 2.153 0.331 0.000 1.405 0.920 0.000 0.116 1.141 0.926 0.000 0.357 0.180 0.047 0.105 0.911 0.965 0.702 0.000 0.000 
1 test1dax_inconsistent right_hidden1.328 0.604 0.845 0.000 0.000 1.022 0.580 0.757 0.882 0.513 0.260 0.656 0.541 0.000 0.159 1.646 0.000 0.443 0.000 0.000 
0 test1dax_consistent left_hidden0.141 0.230 0.000 0.148 0.192 0.071 0.056 0.455 0.000 0.000 0.403 0.000 0.001 0.000 2.747 1.838 0.506 0.000 0.529 0.000 
0 test1dax_consistent right_hidden2.338 0.000 0.000 0.000 0.000 0.011 0.000 0.000 0.285 0.000 0.000 0.335 0.000 0.000 2.988 0.000 4.845 0.000 0.809 0.266 
1 test1dax_inconsistent left_hidden0.141 0.230 0.000 0.148 0.192 0.071 0.056 0.455 0.000 0.000 0.403 0.000 0.001 0.000 2.747 1.838 0.506 0.000 0.529 0.000 
1 test1dax_inconsistent right_hidden1.306 0.000 0.000 0.000 0.266 0.323 0.000 0.000 0.000 0.000 0.000 0.000 0.000 0.298 1.444 0.135 1.764 0.000 0.000 0.575 
0 test1dax_consistent left_hidden0.563 0.174 0.330 0.002 1.499 0.056 0.188 0.000 0.000 0.000 0.328 0.000 1.792 0.873 0.000 1.219 1.787 0.000 0.418 0.002 
0 test1dax_consistent right_hidden3.093 1.814 0.000 1.278 0.000 0.000 0.000 0.734 0.000 3.431 0.480 0.000 0.319 2.651 0.000 0.000 1.092 0.000 2.132 0.000 
1 test1dax_inconsistent left_hidden0.563 0.174 0.330 0.002 1.499 0.056 0.188 0.000 0.000 0.000 0.328 0.000 1.792 0.873 0.000 1.219 1.787 0.000 0.418 0.002 
1 test1dax_inconsistent right_hidden0.536 1.052 0.000 0.544 0.323 0.000 0.000 0.102 0.000 1.354 0.022 0.000 0.752 1.772 0.000 0.000 0.836 0.000 0.900 0.000 
0 test1dax_consistent left_hidden0.280 0.000 0.884 0.000 0.343 1.968 0.955 0.338 0.000 0.835 0.000 0.000 0.415 0.331 0.000 1.890 0.000 0.505 0.849 0.502 
0 test1dax_consistent right_hidden2.504 0.000 0.000 2.924 0.000 1.020 0.000 0.000 1.961 0.091 2.423 1.270 2.427 0.773 0.000 1.031 0.361 1.081 1.874 0.085 
1 test1dax_inconsistent left_hidden0.280 0.000 0.884 0.000 0.343 1.968 0.955 0.338 0.000 0.835 0.000 0.000 0.415 0.331 0.000 1.890 0.000 0.505 0.849 0.502 
1 test1dax_inconsistent right_hidden0.610 0.000 0.278 1.839 0.000 1.337 0.000 0.000 1.192 0.247 1.476 0.545 0.920 0.172 0.000 0.719 0.222 0.235 0.382 0.062 
0 test1dax_consistent left_hidden0.937 0.931 1.842 0.043 0.000 0.894 0.322 0.000 1.416 0.422 1.712 0.000 0.346 0.132 1.443 0.000 0.000 0.014 0.599 0.000 
0 test1dax_consistent right_hidden0.000 1.608 2.315 1.513 0.000 0.000 0.000 0.929 2.235 0.000 0.120 0.000 0.000 0.000 2.469 0.000 1.713 3.425 2.063 0.000 
1 test1dax_inconsistent left_hidden0.937 0.931 1.842 0.043 0.000 0.894 0.322 0.000 1.416 0.422 1.712 0.000 0.346 0.132 1.443 0.000 0.000 0.014 0.599 0.000 
1 test1dax_inconsistent right_hidden0.000 0.576 1.534 0.506 0.000 0.447 0.000 0.284 0.871 0.255 0.551 0.007 0.000 0.000 0.825 0.000 0.967 0.837 1.458 0.000 
0 test1dax_consistent left_hidden0.333 1.643 1.266 0.430 0.000 0.724 0.000 0.037 0.114 1.431 0.486 0.000 1.052 0.112 0.907 0.000 1.318 0.170 0.265 0.307 
0 test1dax_consistent right_hidden2.683 0.887 0.474 2.081 0.000 0.000 0.000 2.779 0.288 2.347 1.252 0.000 0.058 0.000 0.000 0.000 0.091 0.000 0.172 3.485 
1 test1dax_inconsistent left_hidden0.333 1.643 1.266 0.430 0.000 0.724 0.000 0.037 0.114 1.431 0.486 0.000 1.052 0.112 0.907 0.000 1.318 0.170 0.265 0.307 
1 test1dax_inconsistent right_hidden1.517 0.949 0.355 1.373 0.000 0.000 0.253 1.230 0.735 0.810 0.362 0.000 0.000 0.000 0.000 0.045 0.355 0.000 0.708 0.899 
0 test1dax_consistent left_hidden2.525 0.342 0.000 0.000 1.128 0.000 0.000 0.000 0.018 0.020 0.828 0.374 0.349 0.638 0.000 0.000 1.427 0.000 0.366 0.950 
0 test1dax_consistent right_hidden0.499 0.538 0.559 2.550 2.639 0.000 1.630 0.000 3.435 0.279 2.127 0.000 0.043 0.329 0.000 0.000 0.569 0.000 0.000 3.258 
1 test1dax_inconsistent left_hidden2.525 0.342 0.000 0.000 1.128 0.000 0.000 0.000 0.018 0.020 0.828 0.374 0.349 0.638 0.000 0.000 1.427 0.000 0.366 0.950 
1 test1dax_inconsistent right_hidden0.000 0.241 0.320 0.771 0.711 0.000 0.283 0.036 1.272 0.470 2.061 0.393 0.082 0.557 0.000 0.000 0.517 0.005 0.000 1.547 
0 test1dax_consistent left_hidden1.102 0.000 0.716 0.135 1.977 0.000 0.000 0.412 0.075 1.635 1.460 0.404 0.000 0.000 1.335 0.169 0.000 0.000 0.000 0.000 
0 test1dax_consistent right_hidden0.881 0.000 0.127 0.227 0.388 2.758 0.410 0.503 0.000 1.253 2.707 0.120 2.480 0.483 3.389 1.287 0.172 0.000 0.000 1.244 
1 test1dax_inconsistent left_hidden1.102 0.000 0.716 0.135 1.977 0.000 0.000 0.412 0.075 1.635 1.460 0.404 0.000 0.000 1.335 0.169 0.000 0.000 0.000 0.000 
1 test1dax_inconsistent right_hidden0.000 0.000 0.131 0.173 0.653 0.976 0.378 0.902 0.577 0.926 1.827 0.205 0.644 0.541 0.803 0.414 0.136 0.000 0.000 0.349 
0 test1dax_consistent left_hidden0.000 1.240 0.000 0.000 0.272 0.355 0.386 0.455 0.640 1.407 0.408 0.051 0.000 0.524 1.524 0.006 1.653 1.043 0.000 0.552 
0 test1dax_consistent right_hidden0.879 0.200 0.000 0.000 1.254 0.961 0.000 2.743 0.479 0.125 3.438 0.365 0.399 0.000 2.433 0.000 1.315 0.990 3.406 0.000 
1 test1dax_inconsistent left_hidden0.000 1.240 0.000 0.000 0.272 0.355 0.386 0.455 0.640 1.407 0.408 0.051 0.000 0.524 1.524 0.006 1.653 1.043 0.000 0.552 
1 test1dax_inconsistent right_hidden0.338 0.000 0.000 0.000 0.339 0.867 0.024 1.660 0.551 0.850 2.139 0.771 0.000 0.150 0.885 0.000 0.362 0.342 0.995 0.000 
0 test1dax_consistent left_hidden0.389 0.000 0.000 0.000 0.485 1.088 2.187 0.495 1.400 1.194 0.000 0.000 0.806 1.022 0.279 0.000 0.000 0.711 0.000 0.000 
0 test1dax_consistent right_hidden0.000 4.111 0.000 0.000 0.000 1.305 0.000 0.000 0.000 0.000 0.092 0.000 0.000 3.407 1.053 0.000 0.000 3.062 0.000 0.359 
1 test1dax_inconsistent left_hidden0.389 0.000 0.000 0.000 0.485 1.088 2.187 0.495 1.400 1.194 0.000 0.000 0.806 1.022 0.279 0.000 0.000 0.711 0.000 0.000 
1 test1dax_inconsistent right_hidden0.121 1.685 0.000 0.000 0.000 1.237 0.122 0.038 0.000 0.000 0.142 0.000 0.000 1.489 1.616 0.000 0.000 0.917 0.000 0.133 
0 test1dax_consistent left_hidden0.000 0.000 0.502 0.333 0.705 2.918 0.000 1.409 0.142 0.000 0.000 0.330 0.000 0.000 0.053 0.000 1.650 0.000 0.000 0.000 
0 test1dax_consistent right_hidden0.000 0.000 3.105 0.000 2.378 0.901 0.000 0.000 0.000 0.000 0.000 0.048 0.000 0.000 0.000 4.116 0.000 1.544 0.197 1.331 
1 test1dax_inconsistent left_hidden0.000 0.000 0.502 0.333 0.705 2.918 0.000 1.409 0.142 0.000 0.000 0.330 0.000 0.000 0.053 0.000 1.650 0.000 0.000 0.000 
1 test1dax_inconsistent right_hidden0.128 0.000 1.037 0.000 1.543 1.117 0.000 0.345 0.000 0.000 0.074 0.000 0.000 0.360 0.030 1.559 0.553 1.465 0.366 0.929 
0 test1dax_consistent left_hidden1.635 0.000 0.000 0.314 0.971 0.000 0.410 0.000 0.701 1.626 0.605 1.401 0.000 0.141 1.012 0.634 0.000 0.000 1.217 0.473 
0 test1dax_consistent right_hidden1.555 0.000 0.304 0.474 0.138 0.000 3.381 0.000 1.804 2.839 0.000 2.021 0.000 0.014 1.210 0.580 0.000 0.000 0.661 0.343 
1 test1dax_inconsistent left_hidden1.635 0.000 0.000 0.314 0.971 0.000 0.410 0.000 0.701 1.626 0.605 1.401 0.000 0.141 1.012 0.634 0.000 0.000 1.217 0.473 
1 test1dax_inconsistent right_hidden0.363 0.391 0.000 0.518 0.727 0.000 1.598 0.000 0.377 0.316 0.000 0.816 0.000 1.022 0.555 0.472 0.000 0.000 0.367 0.756 
0 test1dax_consistent left_hidden0.830 0.079 0.000 0.118 0.290 0.000 0.255 0.000 2.142 1.411 0.000 0.160 1.383 0.000 0.000 0.153 1.352 0.000 0.000 0.993 
0 test1dax_consistent right_hidden0.208 0.000 1.247 0.622 2.163 0.000 0.000 0.118 0.442 4.377 0.000 0.350 0.991 0.000 0.949 0.000 0.292 1.613 0.000 1.838 
1 test1dax_inconsistent left_hidden0.830 0.079 0.000 0.118 0.290 0.000 0.255 0.000 2.142 1.411 0.000 0.160 1.383 0.000 0.000 0.153 1.352 0.000 0.000 0.993 
1 test1dax_inconsistent right_hidden0.502 0.122 0.763 0.561 1.308 0.000 0.000 0.000 0.493 1.358 0.267 0.434 0.040 0.000 0.908 0.051 0.257 0.385 0.023 0.820 
0 test1dax_consistent left_hidden0.633 0.000 0.000 0.546 0.000 1.103 0.000 0.063 0.371 0.000 0.609 0.455 1.247 0.873 0.207 0.482 0.725 0.000 0.227 2.250 
0 test1dax_consistent right_hidden0.000 1.362 0.000 0.072 1.843 0.000 1.230 0.380 0.437 0.000 0.000 0.568 0.000 0.971 0.918 1.719 0.000 0.000 0.000 4.811 
1 test1dax_inconsistent left_hidden0.633 0.000 0.000 0.546 0.000 1.103 0.000 0.063 0.371 0.000 0.609 0.455 1.247 0.873 0.207 0.482 0.725 0.000 0.227 2.250 
1 test1dax_inconsistent right_hidden0.000 1.041 0.000 0.035 0.218 0.000 0.624 0.556 0.956 0.358 0.000 0.897 0.000 0.064 0.062 0.504 0.196 0.000 0.139 1.994 
0 test1dax_consistent left_hidden0.000 0.000 1.243 0.046 0.418 0.000 0.371 0.405 1.783 0.000 0.269 0.189 0.538 0.746 2.069 0.644 0.892 0.620 0.000 0.000 
0 test1dax_consistent right_hidden0.000 0.000 0.000 0.280 0.113 0.000 2.465 2.025 0.039 0.000 0.034 0.802 0.002 1.178 5.230 0.000 1.906 0.000 0.000 0.098 
1 test1dax_inconsistent left_hidden0.000 0.000 1.243 0.046 0.418 0.000 0.371 0.405 1.783 0.000 0.269 0.189 0.538 0.746 2.069 0.644 0.892 0.620 0.000 0.000 
1 test1dax_inconsistent right_hidden0.000 0.000 0.000 0.684 0.000 0.000 1.780 0.657 0.000 0.000 0.529 0.000 0.523 1.322 1.890 0.249 0.410 0.000 0.285 0.224 
0 test1dax_consistent left_hidden0.000 0.000 0.163 2.235 2.026 0.795 0.636 0.000 0.000 0.000 0.088 0.111 0.172 1.373 0.000 0.792 0.000 0.005 0.000 1.448 
0 test1dax_consistent right_hidden0.000 0.000 2.424 0.987 2.901 0.130 1.302 0.000 0.000 0.155 3.109 2.979 0.000 0.957 0.000 0.010 0.334 1.563 2.041 0.000 
1 test1dax_inconsistent left_hidden0.000 0.000 0.163 2.235 2.026 0.795 0.636 0.000 0.000 0.000 0.088 0.111 0.172 1.373 0.000 0.792 0.000 0.005 0.000 1.448 
1 test1dax_inconsistent right_hidden0.000 0.045 0.843 0.377 1.576 0.136 1.266 0.000 0.000 0.000 1.346 0.979 0.341 0.481 0.000 0.435 0.297 1.072 0.643 0.045 
0 test1dax_consistent left_hidden1.398 0.017 0.233 0.000 1.014 1.386 0.137 2.189 0.879 0.003 0.000 0.467 0.000 0.053 0.000 0.891 0.259 0.941 0.188 0.854 
0 test1dax_consistent right_hidden0.000 2.677 0.666 0.000 0.876 0.438 1.422 1.508 0.239 0.456 0.000 0.000 0.000 0.000 0.000 2.194 0.755 1.181 3.815 2.929 
1 test1dax_inconsistent left_hidden1.398 0.017 0.233 0.000 1.014 1.386 0.137 2.189 0.879 0.003 0.000 0.467 0.000 0.053 0.000 0.891 0.259 0.941 0.188 0.854 
1 test1dax_inconsistent right_hidden0.000 1.309 0.553 0.000 0.469 1.113 0.755 0.609 0.491 0.438 0.000 0.000 0.000 0.000 0.000 0.618 0.362 0.055 1.936 0.690 
0 test1dax_consistent left_hidden0.850 1.952 0.000 0.553 0.772 0.000 0.000 0.308 0.532 0.172 0.529 0.284 0.000 0.163 1.541 0.288 0.000 0.000 1.009 0.515 
0 test1dax_consistent right_hidden0.000 0.907 0.000 0.906 0.128 0.000 0.000 4.397 1.300 0.000 0.428 1.449 0.000 3.151 1.650 0.819 0.000 0.000 1.434 0.398 
1 test1dax_inconsistent left_hidden0.850 1.952 0.000 0.553 0.772 0.000 0.000 0.308 0.532 0.172 0.529 0.284 0.000 0.163 1.541 0.288 0.000 0.000 1.009 0.515 
1 test1dax_inconsistent right_hidden0.060 0.038 0.000 1.071 0.580 0.000 0.000 1.640 0.438 0.095 0.489 0.704 0.000 1.489 0.638 0.696 0.000 0.040 1.247 0.672 
0 test1dax_consistent left_hidden0.000 0.000 0.693 0.452 0.383 1.100 0.857 0.000 1.386 0.346 0.293 0.000 0.276 0.711 1.019 0.355 0.678 1.091 1.399 0.898 
0 test1dax_consistent right_hidden0.000 1.373 0.000 2.421 0.457 0.657 0.000 0.000 0.186 0.929 0.000 0.000 0.000 2.193 0.525 4.319 2.099 0.240 0.000 0.299 
1 test1dax_inconsistent left_hidden0.000 0.000 0.693 0.452 0.383 1.100 0.857 0.000 1.386 0.346 0.293 0.000 0.276 0.711 1.019 0.355 0.678 1.091 1.399 0.898 
1 test1dax_inconsistent right_hidden0.000 0.316 0.694 1.169 0.767 0.932 0.000 0.000 0.236 0.350 0.000 0.000 0.187 0.228 0.132 1.320 1.376 0.176 0.245 0.303 
0 test1dax_consistent left_hidden2.548 0.745 0.000 0.005 0.000 0.878 0.226 0.566 0.991 0.306 1.275 0.581 0.164 0.502 0.343 0.044 0.251 0.504 0.000 0.000 
0 test1dax_consistent right_hidden0.418 0.902 1.687 0.000 1.210 1.544 1.162 0.000 0.000 3.276 0.093 2.495 0.757 1.662 2.428 0.576 0.000 3.178 0.000 0.742 
1 test1dax_inconsistent left_hidden2.548 0.745 0.000 0.005 0.000 0.878 0.226 0.566 0.991 0.306 1.275 0.581 0.164 0.502 0.343 0.044 0.251 0.504 0.000 0.000 
1 test1dax_inconsistent right_hidden0.408 0.444 0.419 0.019 0.611 0.694 0.360 0.000 0.000 1.283 0.568 1.682 0.342 1.264 1.108 0.478 0.000 1.005 0.000 0.375 
0 test1dax_consistent left_hidden0.000 0.009 0.144 0.000 0.000 0.333 0.833 0.000 0.600 0.518 0.774 0.524 0.000 1.527 0.590 1.713 0.000 0.186 1.674 0.911 
0 test1dax_consistent right_hidden0.338 0.000 0.000 0.000 0.000 0.000 0.340 0.000 2.097 3.052 4.529 1.542 0.000 2.222 0.021 0.000 1.147 0.000 0.681 0.235 
1 test1dax_inconsistent left_hidden0.000 0.009 0.144 0.000 0.000 0.333 0.833 0.000 0.600 0.518 0.774 0.524 0.000 1.527 0.590 1.713 0.000 0.186 1.674 0.911 
1 test1dax_inconsistent right_hidden0.507 0.000 0.000 0.000 0.000 0.000 0.000 0.354 1.323 1.613 1.372 1.379 0.417 0.667 0.096 0.281 0.185 0.038 0.689 0.906 
