0 test1dax_consistent left_hidden0.158 1.288 3.177 0.000 0.000 0.000 0.720 0.377 0.007 2.498 0.000 0.000 0.000 2.157 0.009 0.000 0.000 0.664 0.000 1.873 
0 test1dax_consistent right_hidden0.000 0.933 3.765 0.000 0.039 0.170 2.661 2.896 2.511 0.000 0.000 0.000 0.000 0.398 3.087 0.000 0.232 0.450 0.107 0.000 
1 test1dax_inconsistent left_hidden0.158 1.288 3.177 0.000 0.000 0.000 0.720 0.377 0.007 2.498 0.000 0.000 0.000 2.157 0.009 0.000 0.000 0.664 0.000 1.873 
1 test1dax_inconsistent right_hidden0.125 0.000 0.000 0.017 0.864 0.259 2.207 0.635 0.368 0.846 0.157 0.000 0.000 1.387 1.590 0.000 0.871 0.000 0.776 0.092 
0 test1dax_consistent left_hidden0.148 1.761 0.000 0.770 0.000 0.000 0.905 2.328 1.665 0.000 0.040 0.000 2.761 2.449 0.000 0.503 0.129 0.000 0.100 0.000 
0 test1dax_consistent right_hidden0.642 3.853 0.519 0.470 1.508 0.000 2.436 0.445 0.000 1.150 1.289 1.714 0.794 2.580 0.147 0.300 1.838 0.000 1.540 0.000 
1 test1dax_inconsistent left_hidden0.148 1.761 0.000 0.770 0.000 0.000 0.905 2.328 1.665 0.000 0.040 0.000 2.761 2.449 0.000 0.503 0.129 0.000 0.100 0.000 
1 test1dax_inconsistent right_hidden1.571 0.266 1.621 1.175 0.419 0.004 0.000 0.733 0.000 1.057 0.000 0.000 0.000 0.386 1.213 0.378 0.000 0.000 0.770 0.000 
0 test1dax_consistent left_hidden0.000 2.534 0.000 0.482 0.000 0.000 0.008 0.000 0.000 2.368 0.040 0.000 0.000 2.816 0.000 2.088 1.068 0.034 0.000 0.000 
0 test1dax_consistent right_hidden0.000 0.505 2.846 1.170 1.620 0.143 1.104 0.080 0.000 4.497 0.250 0.000 0.000 1.473 0.000 1.858 0.000 0.000 0.663 1.211 
1 test1dax_inconsistent left_hidden0.000 2.534 0.000 0.482 0.000 0.000 0.008 0.000 0.000 2.368 0.040 0.000 0.000 2.816 0.000 2.088 1.068 0.034 0.000 0.000 
1 test1dax_inconsistent right_hidden0.000 1.203 0.887 0.000 1.816 0.692 1.073 1.457 0.000 0.000 0.344 0.000 0.000 1.038 0.000 0.108 0.000 0.258 0.000 1.313 
0 test1dax_consistent left_hidden2.053 3.363 0.000 0.956 0.000 0.000 0.000 1.240 0.000 0.132 2.723 0.000 0.000 0.321 0.229 0.000 0.089 0.435 0.000 0.000 
0 test1dax_consistent right_hidden0.038 0.000 0.000 0.256 3.696 0.000 0.075 0.000 0.937 0.000 0.000 0.000 0.000 4.605 0.000 0.000 0.469 1.199 2.406 0.000 
1 test1dax_inconsistent left_hidden2.053 3.363 0.000 0.956 0.000 0.000 0.000 1.240 0.000 0.132 2.723 0.000 0.000 0.321 0.229 0.000 0.089 0.435 0.000 0.000 
1 test1dax_inconsistent right_hidden0.377 0.000 0.328 2.248 0.000 0.253 0.012 0.057 0.768 0.000 0.000 0.000 0.032 0.000 0.000 0.000 0.232 3.156 1.093 0.000 
0 test1dax_consistent left_hidden1.803 0.000 0.000 0.000 0.000 0.000 0.000 0.262 0.000 1.228 0.690 0.000 0.000 1.466 0.080 0.537 0.000 3.735 0.000 2.281 
0 test1dax_consistent right_hidden3.433 0.000 0.000 0.000 0.000 0.000 1.931 1.518 0.000 0.531 2.219 1.027 0.000 3.567 0.693 0.000 4.007 0.000 0.000 0.101 
1 test1dax_inconsistent left_hidden1.803 0.000 0.000 0.000 0.000 0.000 0.000 0.262 0.000 1.228 0.690 0.000 0.000 1.466 0.080 0.537 0.000 3.735 0.000 2.281 
1 test1dax_inconsistent right_hidden0.399 0.000 0.160 0.000 0.000 0.000 1.425 0.000 0.000 0.000 0.289 1.837 0.000 1.943 0.211 0.000 0.301 0.056 0.000 2.033 
0 test1dax_consistent left_hidden0.000 3.311 0.693 0.388 0.089 0.000 1.394 1.342 0.000 0.000 0.605 0.000 1.948 0.000 0.000 1.610 1.605 0.000 0.000 0.000 
0 test1dax_consistent right_hidden2.660 0.064 1.175 2.854 0.000 0.000 1.396 2.447 0.000 2.672 0.710 0.000 0.000 0.980 3.527 0.000 0.674 0.000 0.000 0.000 
1 test1dax_inconsistent left_hidden0.000 3.311 0.693 0.388 0.089 0.000 1.394 1.342 0.000 0.000 0.605 0.000 1.948 0.000 0.000 1.610 1.605 0.000 0.000 0.000 
1 test1dax_inconsistent right_hidden0.166 0.120 0.000 0.514 0.000 0.000 0.000 0.464 0.000 1.029 1.539 0.000 0.000 2.139 1.417 0.000 0.000 0.000 0.000 0.000 
0 test1dax_consistent left_hidden0.000 0.000 0.753 0.416 2.827 0.000 0.000 1.316 0.311 0.957 0.673 1.241 0.104 3.361 0.878 0.948 0.135 0.041 0.385 0.374 
0 test1dax_consistent right_hidden0.742 2.410 1.763 0.000 0.264 0.000 0.549 0.000 0.000 0.000 0.000 4.254 0.000 1.884 0.755 1.952 2.462 1.500 0.000 0.583 
1 test1dax_inconsistent left_hidden0.000 0.000 0.753 0.416 2.827 0.000 0.000 1.316 0.311 0.957 0.673 1.241 0.104 3.361 0.878 0.948 0.135 0.041 0.385 0.374 
1 test1dax_inconsistent right_hidden0.000 2.010 0.309 0.000 0.073 0.221 1.849 0.002 0.000 0.000 0.000 0.637 0.000 0.093 0.000 0.000 0.000 1.228 0.000 1.691 
0 test1dax_consistent left_hidden0.000 0.000 0.574 0.029 0.000 0.000 1.022 0.122 2.355 1.099 0.000 0.085 0.000 1.364 0.029 0.653 1.108 0.000 3.614 0.056 
0 test1dax_consistent right_hidden0.000 0.000 2.996 1.222 1.575 0.000 0.634 0.000 0.276 1.546 0.041 0.061 0.204 0.199 0.151 1.886 4.170 1.946 0.062 1.827 
1 test1dax_inconsistent left_hidden0.000 0.000 0.574 0.029 0.000 0.000 1.022 0.122 2.355 1.099 0.000 0.085 0.000 1.364 0.029 0.653 1.108 0.000 3.614 0.056 
1 test1dax_inconsistent right_hidden0.000 1.267 1.108 0.820 1.118 0.000 0.817 0.000 0.000 0.424 0.243 0.912 0.260 0.796 1.888 0.422 0.469 0.000 0.958 0.000 
0 test1dax_consistent left_hidden2.898 0.104 0.113 0.000 2.554 1.482 1.649 0.000 0.000 0.643 0.000 1.108 0.543 0.875 1.535 0.011 0.542 0.000 0.000 0.279 
0 test1dax_consistent right_hidden4.671 0.000 0.000 3.627 0.000 1.491 0.194 0.821 0.000 0.265 0.842 1.182 0.354 0.000 1.277 1.799 0.000 0.985 0.000 1.214 
1 test1dax_inconsistent left_hidden2.898 0.104 0.113 0.000 2.554 1.482 1.649 0.000 0.000 0.643 0.000 1.108 0.543 0.875 1.535 0.011 0.542 0.000 0.000 0.279 
1 test1dax_inconsistent right_hidden0.524 0.000 0.000 0.798 0.214 0.000 0.503 0.749 0.000 1.458 2.503 0.202 0.858 0.245 0.000 0.131 0.000 0.473 0.000 0.000 
0 test1dax_consistent left_hidden0.085 2.615 1.028 0.000 0.048 1.608 0.000 1.443 0.000 0.000 1.860 1.586 0.175 0.487 0.000 0.000 1.735 1.240 1.959 0.249 
0 test1dax_consistent right_hidden2.714 3.528 0.697 0.380 1.212 1.495 0.505 2.558 0.000 0.000 2.622 1.421 0.000 2.584 0.000 0.274 1.440 1.969 0.997 0.000 
1 test1dax_inconsistent left_hidden0.085 2.615 1.028 0.000 0.048 1.608 0.000 1.443 0.000 0.000 1.860 1.586 0.175 0.487 0.000 0.000 1.735 1.240 1.959 0.249 
1 test1dax_inconsistent right_hidden0.259 0.834 1.964 1.968 0.377 0.409 0.087 0.407 0.000 0.000 0.468 1.059 0.096 0.196 0.000 0.722 0.783 0.371 0.000 0.011 
0 test1dax_consistent left_hidden0.920 0.000 0.051 1.074 0.000 1.882 0.019 0.000 1.590 3.391 0.000 0.217 0.000 0.000 2.121 0.000 0.000 1.350 0.000 0.000 
0 test1dax_consistent right_hidden2.101 0.000 0.000 4.431 0.267 1.026 0.000 0.109 0.000 2.120 1.021 0.182 1.182 0.000 3.318 0.000 0.000 0.000 0.000 0.703 
1 test1dax_inconsistent left_hidden0.920 0.000 0.051 1.074 0.000 1.882 0.019 0.000 1.590 3.391 0.000 0.217 0.000 0.000 2.121 0.000 0.000 1.350 0.000 0.000 
1 test1dax_inconsistent right_hidden1.205 0.000 0.490 0.150 1.951 0.000 0.153 1.355 0.000 0.059 0.879 1.246 0.189 0.000 0.940 0.000 0.000 0.000 0.000 0.000 
0 test1dax_consistent left_hidden0.000 0.000 1.477 2.252 1.187 0.141 0.000 0.900 0.000 0.014 0.000 0.067 3.739 0.185 0.000 0.000 1.103 0.000 0.000 0.000 
0 test1dax_consistent right_hidden0.431 1.972 0.365 1.328 4.544 0.000 0.000 0.080 0.202 2.715 1.819 0.049 2.792 1.431 0.399 0.688 1.131 0.000 2.000 0.000 
1 test1dax_inconsistent left_hidden0.000 0.000 1.477 2.252 1.187 0.141 0.000 0.900 0.000 0.014 0.000 0.067 3.739 0.185 0.000 0.000 1.103 0.000 0.000 0.000 
1 test1dax_inconsistent right_hidden1.417 0.539 2.358 0.405 0.259 0.000 0.000 0.260 0.875 0.393 0.673 0.219 1.553 0.000 0.567 0.000 0.985 0.000 1.703 0.000 
0 test1dax_consistent left_hidden1.393 1.129 0.000 0.000 0.000 0.196 0.953 0.016 0.000 0.000 1.268 0.267 0.000 0.000 2.048 0.000 2.652 2.464 0.000 1.870 
0 test1dax_consistent right_hidden2.434 1.023 0.000 1.409 0.366 3.990 1.349 0.000 0.000 0.000 0.365 0.000 0.000 0.000 3.635 0.000 0.362 2.173 0.000 0.050 
1 test1dax_inconsistent left_hidden1.393 1.129 0.000 0.000 0.000 0.196 0.953 0.016 0.000 0.000 1.268 0.267 0.000 0.000 2.048 0.000 2.652 2.464 0.000 1.870 
1 test1dax_inconsistent right_hidden2.758 0.217 0.000 0.000 1.574 0.706 0.000 0.000 0.000 0.000 1.785 0.000 0.000 0.000 0.345 0.000 0.000 0.512 0.000 0.099 
0 test1dax_consistent left_hidden0.000 0.000 2.045 2.059 0.000 1.753 0.000 0.000 0.000 2.539 1.166 1.300 0.000 1.992 0.000 0.000 0.467 0.000 0.662 0.957 
0 test1dax_consistent right_hidden1.490 0.000 1.970 3.002 0.736 0.142 0.000 0.000 2.064 4.444 1.186 0.000 0.000 1.177 0.838 1.045 1.832 1.249 0.000 1.145 
1 test1dax_inconsistent left_hidden0.000 0.000 2.045 2.059 0.000 1.753 0.000 0.000 0.000 2.539 1.166 1.300 0.000 1.992 0.000 0.000 0.467 0.000 0.662 0.957 
1 test1dax_inconsistent right_hidden0.597 0.000 2.496 0.229 1.158 0.000 0.000 1.721 0.946 0.000 0.745 0.000 0.000 0.000 1.541 0.094 0.195 0.796 0.000 0.000 
0 test1dax_consistent left_hidden0.294 0.716 0.873 0.691 0.719 0.000 0.000 0.000 0.000 2.338 1.529 0.000 0.775 0.063 2.605 0.769 0.000 2.242 1.731 0.000 
0 test1dax_consistent right_hidden0.000 3.625 0.159 1.154 0.000 0.000 1.575 0.000 0.641 1.560 0.206 0.000 1.879 0.000 2.036 1.224 0.000 1.233 5.118 0.000 
1 test1dax_inconsistent left_hidden0.294 0.716 0.873 0.691 0.719 0.000 0.000 0.000 0.000 2.338 1.529 0.000 0.775 0.063 2.605 0.769 0.000 2.242 1.731 0.000 
1 test1dax_inconsistent right_hidden0.000 0.905 0.054 0.000 1.051 0.000 1.426 0.000 1.504 0.000 0.000 0.649 2.831 0.000 0.000 1.068 0.000 1.705 0.182 0.325 
0 test1dax_consistent left_hidden1.219 0.000 0.651 3.893 0.000 0.053 0.052 0.000 0.000 0.000 0.000 1.690 0.000 0.124 0.000 0.079 1.891 1.365 0.817 0.197 
0 test1dax_consistent right_hidden3.408 0.131 0.000 3.173 1.070 1.877 1.840 0.000 0.874 0.000 0.000 0.629 0.125 0.762 0.000 0.330 0.000 0.000 3.154 2.493 
1 test1dax_inconsistent left_hidden1.219 0.000 0.651 3.893 0.000 0.053 0.052 0.000 0.000 0.000 0.000 1.690 0.000 0.124 0.000 0.079 1.891 1.365 0.817 0.197 
1 test1dax_inconsistent right_hidden0.042 0.158 0.040 0.537 0.000 0.011 0.028 0.000 0.000 1.176 0.000 0.000 0.145 1.926 0.322 0.703 0.767 0.000 1.795 1.588 
0 test1dax_consistent left_hidden0.249 3.065 1.734 0.291 0.000 0.000 0.251 0.349 1.284 0.000 1.579 1.310 0.000 0.000 0.122 0.000 0.000 0.000 0.094 2.486 
0 test1dax_consistent right_hidden1.924 1.941 1.330 0.000 3.912 0.000 0.047 1.786 2.608 0.000 0.000 0.324 0.000 0.815 1.397 1.976 0.000 0.274 0.709 0.878 
1 test1dax_inconsistent left_hidden0.249 3.065 1.734 0.291 0.000 0.000 0.251 0.349 1.284 0.000 1.579 1.310 0.000 0.000 0.122 0.000 0.000 0.000 0.094 2.486 
1 test1dax_inconsistent right_hidden0.275 0.155 0.096 1.061 0.468 0.000 1.571 0.000 1.357 0.000 0.000 1.364 0.000 1.604 1.145 0.321 0.000 1.689 0.522 0.000 
0 test1dax_consistent left_hidden2.133 0.000 0.000 0.000 0.000 0.089 0.000 0.000 1.219 0.000 0.000 1.450 1.018 1.264 1.500 0.696 1.217 0.420 3.353 0.729 
0 test1dax_consistent right_hidden0.180 0.484 2.414 0.000 0.000 0.051 0.000 0.923 0.000 0.000 0.000 0.618 0.739 0.000 2.956 4.433 0.000 1.401 3.604 0.000 
1 test1dax_inconsistent left_hidden2.133 0.000 0.000 0.000 0.000 0.089 0.000 0.000 1.219 0.000 0.000 1.450 1.018 1.264 1.500 0.696 1.217 0.420 3.353 0.729 
1 test1dax_inconsistent right_hidden0.000 2.273 0.000 0.000 0.000 1.016 0.000 1.948 0.000 0.326 0.000 1.023 0.585 0.000 1.135 0.934 0.000 0.961 0.388 0.000 
0 test1dax_consistent left_hidden1.198 2.806 1.287 1.719 0.000 1.149 0.000 0.527 0.000 0.000 0.771 2.609 0.000 1.752 0.030 0.000 0.000 0.000 0.000 0.000 
0 test1dax_consistent right_hidden3.958 1.097 0.000 1.968 1.767 0.000 3.262 1.357 0.000 3.365 1.237 2.204 0.988 0.350 0.000 0.000 0.108 0.000 0.000 0.995 
1 test1dax_inconsistent left_hidden1.198 2.806 1.287 1.719 0.000 1.149 0.000 0.527 0.000 0.000 0.771 2.609 0.000 1.752 0.030 0.000 0.000 0.000 0.000 0.000 
1 test1dax_inconsistent right_hidden0.000 0.434 0.000 0.000 0.163 0.000 1.670 2.228 0.000 1.438 0.000 0.308 0.056 0.343 0.000 0.000 0.150 0.000 0.000 2.147 
0 test1dax_consistent left_hidden0.124 0.000 2.019 0.000 0.000 0.131 0.188 0.068 0.000 0.000 0.413 0.000 1.676 0.337 0.000 2.714 0.000 0.036 2.242 2.489 
0 test1dax_consistent right_hidden0.974 0.000 0.000 0.000 0.000 1.137 0.147 0.164 0.000 0.377 0.000 4.427 0.000 0.004 0.000 1.048 0.000 2.449 3.110 2.470 
1 test1dax_inconsistent left_hidden0.124 0.000 2.019 0.000 0.000 0.131 0.188 0.068 0.000 0.000 0.413 0.000 1.676 0.337 0.000 2.714 0.000 0.036 2.242 2.489 
1 test1dax_inconsistent right_hidden0.000 0.016 0.000 0.000 0.129 0.000 0.421 0.194 0.076 1.723 0.000 0.329 0.001 2.341 0.000 0.342 0.000 1.845 0.000 0.812 
0 test1dax_consistent left_hidden0.000 0.002 0.000 1.369 0.705 3.161 0.653 0.000 0.000 0.000 0.572 0.000 1.911 1.932 1.807 0.000 0.000 1.596 0.029 0.202 
0 test1dax_consistent right_hidden0.000 0.060 0.000 0.000 0.536 1.512 3.350 0.214 0.000 2.683 1.849 2.448 0.000 3.133 0.314 1.090 0.193 0.202 0.149 3.475 
1 test1dax_inconsistent left_hidden0.000 0.002 0.000 1.369 0.705 3.161 0.653 0.000 0.000 0.000 0.572 0.000 1.911 1.932 1.807 0.000 0.000 1.596 0.029 0.202 
1 test1dax_inconsistent right_hidden0.000 0.000 0.000 0.000 0.115 2.629 0.281 0.611 0.684 1.842 1.069 0.000 0.582 1.153 0.025 0.000 0.000 1.736 0.233 0.000 
0 test1dax_consistent left_hidden0.639 0.000 0.000 0.000 3.698 0.000 0.035 0.000 0.000 0.423 0.000 0.128 1.712 1.579 0.670 0.000 0.749 1.343 0.000 1.738 
0 test1dax_consistent right_hidden2.444 0.000 0.000 1.230 3.486 2.043 1.067 2.605 0.705 0.679 0.000 0.373 0.000 2.334 0.700 0.000 0.000 1.694 0.863 1.873 
1 test1dax_inconsistent left_hidden0.639 0.000 0.000 0.000 3.698 0.000 0.035 0.000 0.000 0.423 0.000 0.128 1.712 1.579 0.670 0.000 0.749 1.343 0.000 1.738 
1 test1dax_inconsistent right_hidden0.000 0.450 0.000 0.000 0.939 1.614 0.948 0.558 2.584 0.503 0.000 0.000 0.000 1.017 0.380 0.439 0.000 0.000 0.000 0.849 
0 test1dax_consistent left_hidden0.099 0.000 1.649 2.325 1.832 0.000 0.062 0.000 0.000 0.670 0.692 0.784 0.000 1.169 1.609 0.000 1.603 2.634 0.000 0.000 
0 test1dax_consistent right_hidden0.000 0.000 3.928 3.140 2.206 0.000 0.925 0.000 1.267 0.000 2.103 0.437 0.000 1.881 0.397 0.751 1.177 0.103 0.812 1.783 
1 test1dax_inconsistent left_hidden0.099 0.000 1.649 2.325 1.832 0.000 0.062 0.000 0.000 0.670 0.692 0.784 0.000 1.169 1.609 0.000 1.603 2.634 0.000 0.000 
1 test1dax_inconsistent right_hidden0.000 0.000 0.564 0.000 1.381 0.000 2.170 0.055 0.942 0.000 0.385 0.382 0.000 0.130 1.321 0.596 0.000 0.000 1.332 0.000 
0 test1dax_consistent left_hidden0.000 2.177 1.247 1.864 1.547 0.000 0.315 0.000 1.668 0.000 0.093 0.000 1.766 0.306 1.547 1.792 1.706 0.000 0.075 0.744 
0 test1dax_consistent right_hidden0.000 0.000 0.000 0.459 0.000 0.000 0.169 0.789 0.000 0.000 0.267 0.074 4.607 3.567 0.000 1.918 2.885 0.000 0.000 0.055 
1 test1dax_inconsistent left_hidden0.000 2.177 1.247 1.864 1.547 0.000 0.315 0.000 1.668 0.000 0.093 0.000 1.766 0.306 1.547 1.792 1.706 0.000 0.075 0.744 
1 test1dax_inconsistent right_hidden0.000 0.000 0.346 0.000 0.099 0.000 1.335 0.031 0.478 0.000 2.139 0.000 0.931 2.192 0.231 0.000 0.993 0.000 0.000 1.410 
0 test1dax_consistent left_hidden0.000 0.545 1.750 2.760 0.000 0.000 2.453 0.573 1.168 0.000 0.000 1.205 1.338 0.000 0.000 0.976 0.000 1.709 0.000 1.716 
0 test1dax_consistent right_hidden0.000 0.117 0.979 2.790 0.000 0.000 3.601 0.546 1.299 0.000 1.194 1.898 0.045 0.000 0.000 1.659 1.373 1.461 2.239 1.277 
1 test1dax_inconsistent left_hidden0.000 0.545 1.750 2.760 0.000 0.000 2.453 0.573 1.168 0.000 0.000 1.205 1.338 0.000 0.000 0.976 0.000 1.709 0.000 1.716 
1 test1dax_inconsistent right_hidden0.000 0.193 0.000 0.000 0.473 0.000 1.037 1.154 0.130 0.000 0.314 0.000 0.000 0.066 0.000 0.000 1.401 2.717 0.032 0.000 
0 test1dax_consistent left_hidden0.000 1.171 0.000 0.000 0.217 1.151 0.000 0.036 0.475 0.000 0.506 0.000 0.000 0.000 3.755 0.083 0.116 1.890 1.050 2.338 
0 test1dax_consistent right_hidden2.184 1.530 2.312 0.237 0.258 1.224 0.334 1.009 0.000 2.253 0.000 0.000 0.000 0.000 5.600 1.331 0.153 0.000 1.069 0.540 
1 test1dax_inconsistent left_hidden0.000 1.171 0.000 0.000 0.217 1.151 0.000 0.036 0.475 0.000 0.506 0.000 0.000 0.000 3.755 0.083 0.116 1.890 1.050 2.338 
1 test1dax_inconsistent right_hidden0.120 0.959 2.614 0.619 1.577 0.000 2.098 0.452 0.460 0.000 0.000 0.000 0.000 0.000 0.489 0.485 1.456 0.000 0.847 1.084 
0 test1dax_consistent left_hidden2.892 0.309 0.000 0.000 0.000 2.230 0.000 0.511 2.002 0.384 1.145 0.000 1.611 1.084 0.000 0.120 0.619 1.791 0.194 0.000 
0 test1dax_consistent right_hidden2.772 2.217 0.000 0.000 0.578 3.059 0.000 4.575 0.768 0.839 0.000 0.000 0.000 0.048 0.000 0.000 0.153 0.579 0.000 0.000 
1 test1dax_inconsistent left_hidden2.892 0.309 0.000 0.000 0.000 2.230 0.000 0.511 2.002 0.384 1.145 0.000 1.611 1.084 0.000 0.120 0.619 1.791 0.194 0.000 
1 test1dax_inconsistent right_hidden0.000 0.000 0.000 0.000 3.030 0.306 0.000 0.992 0.000 0.761 0.042 0.000 0.000 0.136 0.318 1.568 1.262 0.586 0.000 0.000 
0 test1dax_consistent left_hidden0.073 0.243 0.668 0.000 0.361 0.000 0.172 0.043 2.676 0.331 0.000 1.507 0.000 0.674 0.000 3.199 1.044 0.000 0.000 1.864 
0 test1dax_consistent right_hidden0.000 0.252 0.000 0.000 2.500 1.714 0.245 0.193 0.259 0.326 0.000 0.518 0.611 0.000 0.157 2.025 3.540 0.000 1.197 4.294 
1 test1dax_inconsistent left_hidden0.073 0.243 0.668 0.000 0.361 0.000 0.172 0.043 2.676 0.331 0.000 1.507 0.000 0.674 0.000 3.199 1.044 0.000 0.000 1.864 
1 test1dax_inconsistent right_hidden0.000 0.401 0.000 0.034 0.948 0.830 0.776 1.051 1.072 0.216 0.000 2.248 0.000 0.000 0.000 0.000 0.223 0.000 1.174 1.339 
0 test1dax_consistent left_hidden0.536 0.069 0.000 0.347 0.000 0.000 0.950 1.442 0.000 3.625 0.520 0.552 0.000 0.000 0.000 0.714 2.189 0.000 1.561 0.000 
0 test1dax_consistent right_hidden0.000 0.039 0.448 1.683 0.000 0.000 0.630 1.244 2.069 1.975 1.001 1.353 0.000 1.800 2.802 3.425 2.131 0.523 0.164 0.000 
1 test1dax_inconsistent left_hidden0.536 0.069 0.000 0.347 0.000 0.000 0.950 1.442 0.000 3.625 0.520 0.552 0.000 0.000 0.000 0.714 2.189 0.000 1.561 0.000 
1 test1dax_inconsistent right_hidden0.000 0.617 1.793 0.169 0.000 0.295 1.165 0.000 1.002 0.000 0.678 1.232 0.381 1.832 0.522 0.896 0.000 0.000 0.292 0.000 
0 test1dax_consistent left_hidden1.201 0.000 0.032 0.000 1.656 0.316 3.261 0.000 0.000 0.198 2.744 1.442 0.000 0.071 0.427 0.000 0.000 0.000 1.085 0.000 
0 test1dax_consistent right_hidden0.871 0.777 1.839 0.284 0.452 0.329 1.021 3.943 0.982 1.563 3.200 0.876 0.000 0.891 0.301 1.823 0.000 0.463 2.209 0.000 
1 test1dax_inconsistent left_hidden1.201 0.000 0.032 0.000 1.656 0.316 3.261 0.000 0.000 0.198 2.744 1.442 0.000 0.071 0.427 0.000 0.000 0.000 1.085 0.000 
1 test1dax_inconsistent right_hidden0.617 1.266 1.632 0.892 0.935 0.000 0.000 0.412 0.000 0.015 0.393 0.000 0.046 1.565 0.771 0.169 0.000 0.000 0.099 0.000 
0 test1dax_consistent left_hidden0.571 0.725 0.000 0.000 0.000 0.000 0.000 0.000 3.324 0.000 0.000 0.000 0.575 0.662 0.000 2.674 1.896 1.779 0.000 0.001 
0 test1dax_consistent right_hidden3.406 0.000 4.039 0.529 0.000 0.000 0.000 0.000 1.208 0.000 0.427 0.000 0.000 1.555 0.950 2.413 3.317 0.281 0.005 2.082 
1 test1dax_inconsistent left_hidden0.571 0.725 0.000 0.000 0.000 0.000 0.000 0.000 3.324 0.000 0.000 0.000 0.575 0.662 0.000 2.674 1.896 1.779 0.000 0.001 
1 test1dax_inconsistent right_hidden0.000 0.000 1.127 0.831 0.000 0.000 0.000 0.000 0.152 0.000 2.131 0.000 0.000 1.464 0.797 0.011 1.498 0.000 0.000 0.676 
0 test1dax_consistent left_hidden0.023 0.000 0.000 0.177 0.414 0.000 1.870 0.572 0.852 0.000 0.314 0.000 0.061 1.058 2.386 1.200 2.804 0.000 0.387 1.665 
0 test1dax_consistent right_hidden0.000 0.000 0.000 1.778 2.403 0.000 0.633 0.000 0.000 0.000 0.647 0.301 0.000 4.628 0.167 0.259 1.217 0.544 1.228 1.899 
1 test1dax_inconsistent left_hidden0.023 0.000 0.000 0.177 0.414 0.000 1.870 0.572 0.852 0.000 0.314 0.000 0.061 1.058 2.386 1.200 2.804 0.000 0.387 1.665 
1 test1dax_inconsistent right_hidden0.000 0.000 0.000 0.000 0.389 0.249 1.939 0.963 0.170 0.000 0.134 0.951 0.057 0.154 0.468 0.369 0.513 0.721 2.408 0.000 
0 test1dax_consistent left_hidden2.341 0.000 0.000 0.007 0.000 1.913 0.000 0.108 0.000 1.735 0.000 0.000 1.324 0.197 0.000 0.000 1.287 0.985 2.824 0.285 
0 test1dax_consistent right_hidden3.186 0.000 1.566 0.794 0.000 0.312 1.475 0.000 0.556 0.000 0.000 3.437 0.000 0.843 3.468 1.046 0.870 0.054 1.174 1.744 
1 test1dax_inconsistent left_hidden2.341 0.000 0.000 0.007 0.000 1.913 0.000 0.108 0.000 1.735 0.000 0.000 1.324 0.197 0.000 0.000 1.287 0.985 2.824 0.285 
1 test1dax_inconsistent right_hidden1.297 0.136 0.000 2.088 0.000 0.733 0.443 0.000 0.722 0.000 0.000 0.699 0.000 0.798 0.165 1.027 0.000 0.046 1.188 0.770 
0 test1dax_consistent left_hidden1.750 0.000 0.000 0.119 0.634 1.026 0.067 0.000 0.932 0.338 0.733 0.000 2.887 1.905 0.000 1.889 1.328 0.000 0.000 1.133 
0 test1dax_consistent right_hidden0.885 0.365 0.000 3.152 0.000 0.087 0.000 2.473 2.218 2.382 1.943 2.550 0.000 0.177 0.906 1.055 0.387 0.407 0.505 0.000 
1 test1dax_inconsistent left_hidden1.750 0.000 0.000 0.119 0.634 1.026 0.067 0.000 0.932 0.338 0.733 0.000 2.887 1.905 0.000 1.889 1.328 0.000 0.000 1.133 
1 test1dax_inconsistent right_hidden0.237 1.270 0.000 0.238 0.000 0.533 0.000 0.000 1.666 0.559 0.053 0.344 0.059 0.929 2.060 0.000 0.412 0.746 0.519 0.000 
0 test1dax_consistent left_hidden0.000 0.000 0.000 0.000 2.973 0.000 0.000 0.000 0.000 0.000 1.520 0.000 0.410 2.659 0.000 0.000 0.000 0.000 2.978 0.000 
0 test1dax_consistent right_hidden2.778 1.436 2.246 0.000 0.391 0.000 0.000 0.000 0.505 0.000 0.000 0.000 1.673 1.720 0.409 0.301 0.459 0.000 5.635 0.000 
1 test1dax_inconsistent left_hidden0.000 0.000 0.000 0.000 2.973 0.000 0.000 0.000 0.000 0.000 1.520 0.000 0.410 2.659 0.000 0.000 0.000 0.000 2.978 0.000 
1 test1dax_inconsistent right_hidden0.342 0.000 1.841 0.000 1.179 0.000 0.000 0.000 0.000 0.000 0.169 0.057 1.844 0.000 0.187 0.786 1.574 0.000 0.910 0.132 
0 test1dax_consistent left_hidden0.000 0.000 1.451 2.078 1.607 0.000 1.694 0.000 0.000 0.288 0.027 0.000 0.000 2.208 0.000 0.447 2.167 0.450 1.596 0.736 
0 test1dax_consistent right_hidden0.000 0.016 0.000 1.494 4.265 0.160 0.819 0.000 0.000 2.120 0.000 0.000 0.000 0.000 0.000 0.327 4.112 1.464 0.334 2.439 
1 test1dax_inconsistent left_hidden0.000 0.000 1.451 2.078 1.607 0.000 1.694 0.000 0.000 0.288 0.027 0.000 0.000 2.208 0.000 0.447 2.167 0.450 1.596 0.736 
1 test1dax_inconsistent right_hidden0.000 0.883 0.000 0.000 0.000 1.430 0.000 0.000 0.000 2.629 0.000 0.559 0.000 0.246 0.000 0.000 0.041 1.357 0.000 1.035 
0 test1dax_consistent left_hidden1.163 0.269 0.000 0.000 0.000 0.000 0.000 0.000 0.019 0.000 4.187 1.747 0.000 0.000 0.322 0.875 0.391 1.946 0.000 0.857 
0 test1dax_consistent right_hidden0.291 0.154 0.258 1.080 0.000 0.000 0.000 4.694 0.000 0.479 2.513 0.039 1.081 1.802 0.000 0.000 2.692 0.355 0.730 0.023 
1 test1dax_inconsistent left_hidden1.163 0.269 0.000 0.000 0.000 0.000 0.000 0.000 0.019 0.000 4.187 1.747 0.000 0.000 0.322 0.875 0.391 1.946 0.000 0.857 
1 test1dax_inconsistent right_hidden0.662 1.353 1.581 0.385 0.000 0.559 1.985 0.000 0.000 1.570 0.000 0.000 0.819 0.785 0.000 0.782 0.000 0.211 1.168 0.069 
0 test1dax_consistent left_hidden0.000 3.677 1.086 0.000 0.000 0.000 0.468 2.093 0.240 1.114 0.000 0.200 0.000 0.112 0.000 2.431 0.000 0.000 0.000 0.017 
0 test1dax_consistent right_hidden0.014 2.742 1.077 0.000 4.016 1.463 0.000 0.000 1.383 1.882 0.185 2.310 1.092 0.331 0.000 0.412 0.038 1.255 1.037 0.000 
1 test1dax_inconsistent left_hidden0.000 3.677 1.086 0.000 0.000 0.000 0.468 2.093 0.240 1.114 0.000 0.200 0.000 0.112 0.000 2.431 0.000 0.000 0.000 0.017 
1 test1dax_inconsistent right_hidden0.500 0.000 0.000 0.000 0.054 0.359 0.000 1.126 0.840 1.463 0.039 1.787 0.000 1.184 0.000 0.000 0.669 0.565 0.402 0.070 
0 test1dax_consistent left_hidden0.105 1.251 0.569 1.408 0.087 2.720 0.000 0.000 0.000 0.161 0.382 0.000 0.479 0.000 0.000 2.880 0.016 0.000 1.813 1.794 
0 test1dax_consistent right_hidden1.918 1.856 0.836 1.990 0.000 2.452 0.000 0.363 0.000 1.685 1.091 0.000 0.000 0.000 0.000 1.601 1.430 0.000 3.488 3.671 
1 test1dax_inconsistent left_hidden0.105 1.251 0.569 1.408 0.087 2.720 0.000 0.000 0.000 0.161 0.382 0.000 0.479 0.000 0.000 2.880 0.016 0.000 1.813 1.794 
1 test1dax_inconsistent right_hidden0.479 0.054 1.899 0.237 0.880 0.952 0.000 2.145 0.000 0.764 1.350 0.000 0.000 0.000 0.000 0.012 1.409 0.000 0.000 0.000 
0 test1dax_consistent left_hidden0.097 0.000 1.935 0.000 0.000 0.292 1.700 1.119 2.025 1.131 0.075 0.008 1.691 1.322 0.930 0.000 0.345 1.359 0.963 1.792 
0 test1dax_consistent right_hidden1.400 0.000 1.716 0.000 0.000 0.000 4.815 0.000 2.367 0.000 0.031 2.072 0.930 0.312 0.000 0.000 0.000 0.000 1.301 0.000 
1 test1dax_inconsistent left_hidden0.097 0.000 1.935 0.000 0.000 0.292 1.700 1.119 2.025 1.131 0.075 0.008 1.691 1.322 0.930 0.000 0.345 1.359 0.963 1.792 
1 test1dax_inconsistent right_hidden1.683 0.000 2.376 0.000 0.000 0.000 0.402 0.897 0.000 0.954 0.758 0.377 0.000 0.000 0.828 0.054 0.401 0.000 0.462 0.209 
0 test1dax_consistent left_hidden0.000 0.000 0.235 0.556 1.368 0.341 1.369 3.082 0.332 0.085 0.000 0.000 2.595 0.000 1.027 0.000 0.872 1.985 0.000 0.351 
0 test1dax_consistent right_hidden2.192 0.000 0.372 4.074 0.000 0.307 0.086 0.630 0.732 0.280 0.000 0.000 2.724 0.000 3.011 0.000 0.792 1.910 0.000 0.000 
1 test1dax_inconsistent left_hidden0.000 0.000 0.235 0.556 1.368 0.341 1.369 3.082 0.332 0.085 0.000 0.000 2.595 0.000 1.027 0.000 0.872 1.985 0.000 0.351 
1 test1dax_inconsistent right_hidden0.387 0.000 0.769 0.000 0.000 0.735 1.288 0.522 1.240 0.337 0.277 0.365 0.235 0.190 2.239 0.609 1.272 0.000 0.000 0.126 
0 test1dax_consistent left_hidden2.671 0.656 0.000 0.330 1.469 1.095 1.530 1.590 2.248 0.000 0.000 0.272 1.320 0.121 0.000 0.022 0.000 1.497 0.000 0.409 
0 test1dax_consistent right_hidden1.027 0.000 0.382 0.585 0.279 4.445 0.000 2.310 2.820 0.317 1.049 2.817 0.578 0.000 0.717 1.606 0.000 0.482 0.007 0.000 
1 test1dax_inconsistent left_hidden2.671 0.656 0.000 0.330 1.469 1.095 1.530 1.590 2.248 0.000 0.000 0.272 1.320 0.121 0.000 0.022 0.000 1.497 0.000 0.409 
1 test1dax_inconsistent right_hidden0.000 0.210 0.494 0.000 1.271 1.220 0.685 2.530 0.357 0.190 0.438 0.000 1.091 0.124 0.464 0.767 0.000 0.000 0.124 0.000 
0 test1dax_consistent left_hidden0.000 0.000 2.031 0.000 0.000 0.000 0.022 0.000 0.022 0.308 1.397 0.000 0.782 0.000 0.000 0.000 1.745 0.000 4.108 0.000 
0 test1dax_consistent right_hidden0.000 2.400 1.338 0.000 3.289 1.812 0.665 0.000 0.260 0.408 0.970 0.000 0.001 1.333 0.000 0.543 0.349 2.164 3.730 0.000 
1 test1dax_inconsistent left_hidden0.000 0.000 2.031 0.000 0.000 0.000 0.022 0.000 0.022 0.308 1.397 0.000 0.782 0.000 0.000 0.000 1.745 0.000 4.108 0.000 
1 test1dax_inconsistent right_hidden0.000 1.186 1.838 0.000 0.000 0.583 1.537 0.000 0.076 0.000 0.529 0.000 0.000 0.000 0.000 0.821 1.435 0.000 0.000 0.000 
0 test1dax_consistent left_hidden0.000 0.000 0.000 0.000 3.421 0.422 0.153 0.050 1.155 0.000 0.000 0.000 0.020 2.157 0.982 0.000 0.086 0.000 2.786 0.000 
0 test1dax_consistent right_hidden0.000 0.000 0.000 0.000 4.056 0.319 0.000 0.000 3.724 0.000 2.639 1.401 0.559 3.283 0.387 0.000 0.000 0.000 1.111 0.000 
1 test1dax_inconsistent left_hidden0.000 0.000 0.000 0.000 3.421 0.422 0.153 0.050 1.155 0.000 0.000 0.000 0.020 2.157 0.982 0.000 0.086 0.000 2.786 0.000 
1 test1dax_inconsistent right_hidden0.000 0.000 0.000 0.000 1.256 1.903 0.256 0.000 0.244 0.585 2.021 1.598 0.167 0.000 0.251 0.000 0.000 0.090 1.136 0.000 
0 test1dax_consistent left_hidden0.000 0.038 3.200 0.000 0.595 0.000 2.295 0.000 0.725 0.000 0.763 0.686 0.000 0.261 0.425 0.000 2.841 0.000 0.607 0.954 
0 test1dax_consistent right_hidden0.000 0.000 6.448 0.000 0.000 0.386 0.819 0.344 0.000 1.240 1.592 0.037 2.182 1.677 0.062 0.000 0.597 0.000 0.000 0.000 
1 test1dax_inconsistent left_hidden0.000 0.038 3.200 0.000 0.595 0.000 2.295 0.000 0.725 0.000 0.763 0.686 0.000 0.261 0.425 0.000 2.841 0.000 0.607 0.954 
1 test1dax_inconsistent right_hidden1.873 0.764 0.011 0.898 0.310 1.242 2.185 0.924 0.000 0.929 1.739 0.003 1.163 1.011 0.137 0.000 0.456 0.000 0.000 0.000 
0 test1dax_consistent left_hidden0.000 1.268 1.149 0.000 0.214 0.592 0.143 0.747 0.015 1.731 1.069 0.046 0.000 2.143 0.000 1.199 0.000 0.006 1.474 2.955 
0 test1dax_consistent right_hidden0.000 2.046 0.000 0.000 0.799 0.378 0.068 0.000 3.313 0.000 0.076 1.459 0.000 3.555 0.000 0.208 0.000 3.566 1.142 1.848 
1 test1dax_inconsistent left_hidden0.000 1.268 1.149 0.000 0.214 0.592 0.143 0.747 0.015 1.731 1.069 0.046 0.000 2.143 0.000 1.199 0.000 0.006 1.474 2.955 
1 test1dax_inconsistent right_hidden0.000 0.096 0.000 0.263 0.000 2.494 1.009 0.000 1.033 0.000 1.390 0.152 0.000 1.294 0.000 1.049 0.039 0.088 0.515 0.000 
0 test1dax_consistent left_hidden0.000 1.050 1.524 0.000 0.000 0.514 0.000 0.419 0.189 0.000 0.000 2.239 0.522 0.868 0.000 2.543 1.937 0.000 2.124 1.005 
0 test1dax_consistent right_hidden0.000 0.537 2.079 0.053 0.000 0.389 0.000 4.646 1.373 0.279 0.000 0.693 0.000 1.575 0.000 1.243 2.412 3.226 1.145 0.000 
1 test1dax_inconsistent left_hidden0.000 1.050 1.524 0.000 0.000 0.514 0.000 0.419 0.189 0.000 0.000 2.239 0.522 0.868 0.000 2.543 1.937 0.000 2.124 1.005 
1 test1dax_inconsistent right_hidden0.000 0.443 2.388 0.000 0.000 0.000 0.000 1.334 0.000 0.534 0.896 0.000 0.000 0.000 0.057 0.867 0.000 1.128 0.841 0.000 
0 test1dax_consistent left_hidden1.240 0.502 2.576 0.000 1.468 0.000 0.000 1.990 0.021 0.334 0.000 0.239 0.000 2.409 0.908 0.000 0.000 0.997 0.000 2.000 
0 test1dax_consistent right_hidden0.221 4.100 0.333 0.000 1.791 0.704 0.000 0.229 3.394 0.000 0.000 0.670 0.001 0.081 2.155 0.000 0.000 0.456 2.414 0.191 
1 test1dax_inconsistent left_hidden1.240 0.502 2.576 0.000 1.468 0.000 0.000 1.990 0.021 0.334 0.000 0.239 0.000 2.409 0.908 0.000 0.000 0.997 0.000 2.000 
1 test1dax_inconsistent right_hidden0.000 0.916 1.297 0.167 0.000 2.052 0.000 0.122 0.000 0.000 0.166 1.280 0.046 0.475 1.985 0.008 0.000 0.816 0.451 0.084 
0 test1dax_consistent left_hidden0.562 0.000 0.987 0.000 0.000 0.003 1.158 3.040 0.000 0.909 1.751 2.101 0.000 1.336 0.000 0.000 0.000 0.000 2.262 0.000 
0 test1dax_consistent right_hidden0.153 1.120 0.869 0.708 0.000 0.000 1.340 2.071 0.000 1.282 0.000 1.431 0.000 3.788 0.000 0.915 0.000 0.436 4.668 0.000 
1 test1dax_inconsistent left_hidden0.562 0.000 0.987 0.000 0.000 0.003 1.158 3.040 0.000 0.909 1.751 2.101 0.000 1.336 0.000 0.000 0.000 0.000 2.262 0.000 
1 test1dax_inconsistent right_hidden0.335 0.219 0.000 1.540 0.462 0.000 0.374 1.238 0.251 1.294 0.019 0.000 0.000 0.192 0.000 0.000 0.000 1.299 1.762 0.000 
0 test1dax_consistent left_hidden0.000 0.660 2.629 1.476 0.000 0.035 2.045 0.000 0.000 2.124 0.096 1.025 0.003 1.685 0.000 1.735 0.048 1.283 0.000 0.000 
0 test1dax_consistent right_hidden0.187 0.000 5.422 0.000 0.000 0.000 0.000 1.375 0.000 0.952 0.000 1.791 3.527 0.000 0.000 0.835 0.000 0.153 0.000 1.276 
1 test1dax_inconsistent left_hidden0.000 0.660 2.629 1.476 0.000 0.035 2.045 0.000 0.000 2.124 0.096 1.025 0.003 1.685 0.000 1.735 0.048 1.283 0.000 0.000 
1 test1dax_inconsistent right_hidden0.023 0.000 0.000 0.000 0.000 0.202 0.000 2.442 0.000 1.033 0.458 0.879 1.665 1.093 0.977 0.205 0.576 0.253 1.204 0.063 
0 test1dax_consistent left_hidden0.000 0.000 0.000 1.294 0.178 1.191 1.082 0.000 2.682 0.197 0.238 2.434 0.076 0.000 2.547 1.431 0.000 0.624 0.000 0.182 
0 test1dax_consistent right_hidden2.809 0.000 0.306 0.200 0.000 4.497 0.443 0.494 2.318 1.945 0.000 2.174 0.097 0.000 0.548 0.000 0.000 0.332 2.181 0.000 
1 test1dax_inconsistent left_hidden0.000 0.000 0.000 1.294 0.178 1.191 1.082 0.000 2.682 0.197 0.238 2.434 0.076 0.000 2.547 1.431 0.000 0.624 0.000 0.182 
1 test1dax_inconsistent right_hidden0.202 0.000 0.852 0.000 0.000 0.319 0.000 1.545 0.774 0.873 0.000 1.277 0.693 0.000 0.000 0.000 0.000 1.280 1.749 0.000 
0 test1dax_consistent left_hidden0.946 2.643 0.721 0.904 0.555 0.564 0.000 0.019 1.357 0.638 3.236 0.000 0.000 0.000 0.000 1.770 0.000 0.122 0.000 0.000 
0 test1dax_consistent right_hidden0.000 0.161 3.239 0.832 2.650 2.411 0.330 1.438 0.088 2.620 1.412 0.000 0.000 2.961 1.262 0.764 0.000 0.000 0.000 0.000 
1 test1dax_inconsistent left_hidden0.946 2.643 0.721 0.904 0.555 0.564 0.000 0.019 1.357 0.638 3.236 0.000 0.000 0.000 0.000 1.770 0.000 0.122 0.000 0.000 
1 test1dax_inconsistent right_hidden0.000 0.164 0.000 1.235 0.212 0.307 0.323 1.510 0.000 1.292 0.325 0.488 0.000 0.000 2.577 0.000 0.000 0.956 0.000 0.000 
0 test1dax_consistent left_hidden0.037 0.000 0.095 1.385 0.000 1.528 0.000 0.564 0.000 1.084 0.502 0.095 1.349 0.928 2.589 1.021 1.907 1.339 1.728 0.982 
0 test1dax_consistent right_hidden0.000 0.000 1.048 0.554 0.000 0.142 0.000 0.000 0.129 0.000 0.680 2.197 2.122 3.897 1.450 3.434 0.154 0.000 0.078 2.971 
1 test1dax_inconsistent left_hidden0.037 0.000 0.095 1.385 0.000 1.528 0.000 0.564 0.000 1.084 0.502 0.095 1.349 0.928 2.589 1.021 1.907 1.339 1.728 0.982 
1 test1dax_inconsistent right_hidden0.000 0.000 2.287 0.400 0.000 0.665 0.000 0.129 1.703 0.028 1.888 0.579 0.496 1.244 0.000 0.005 0.114 0.000 0.000 0.433 
0 test1dax_consistent left_hidden0.032 0.000 1.563 0.000 0.849 0.000 0.000 0.204 2.679 0.093 1.483 0.000 0.000 0.375 2.105 0.099 0.910 0.000 2.405 0.000 
0 test1dax_consistent right_hidden0.457 0.000 2.053 1.276 0.603 0.400 0.000 1.402 0.234 0.000 1.679 3.644 3.913 0.000 1.806 1.280 0.498 0.000 0.050 0.185 
1 test1dax_inconsistent left_hidden0.032 0.000 1.563 0.000 0.849 0.000 0.000 0.204 2.679 0.093 1.483 0.000 0.000 0.375 2.105 0.099 0.910 0.000 2.405 0.000 
1 test1dax_inconsistent right_hidden0.906 0.000 0.000 0.115 0.870 0.966 0.057 0.101 0.781 0.000 0.000 1.318 0.778 0.000 1.896 0.541 1.378 0.082 0.303 0.000 
0 test1dax_consistent left_hidden2.298 0.000 1.094 0.434 2.642 0.000 0.000 0.000 0.108 0.071 0.731 0.521 0.000 1.507 0.702 0.000 0.382 2.088 2.272 0.000 
0 test1dax_consistent right_hidden0.025 0.000 3.798 0.094 0.387 2.551 0.000 0.000 0.000 0.000 1.174 0.032 0.000 1.841 0.290 1.122 0.405 0.443 4.111 0.617 
1 test1dax_inconsistent left_hidden2.298 0.000 1.094 0.434 2.642 0.000 0.000 0.000 0.108 0.071 0.731 0.521 0.000 1.507 0.702 0.000 0.382 2.088 2.272 0.000 
1 test1dax_inconsistent right_hidden0.126 0.000 0.000 0.114 0.509 1.811 0.000 0.000 0.000 1.465 0.000 0.743 0.000 1.274 1.556 0.934 0.567 0.000 1.766 0.418 
0 test1dax_consistent left_hidden0.000 0.000 0.000 2.565 3.555 0.000 0.623 0.846 1.516 0.000 0.000 0.465 0.000 1.977 0.000 1.655 0.000 0.000 0.000 0.610 
0 test1dax_consistent right_hidden0.723 0.402 0.443 0.013 3.804 2.359 0.000 0.000 2.707 0.000 0.000 2.969 2.082 2.450 0.004 2.706 0.000 0.551 0.288 1.823 
1 test1dax_inconsistent left_hidden0.000 0.000 0.000 2.565 3.555 0.000 0.623 0.846 1.516 0.000 0.000 0.465 0.000 1.977 0.000 1.655 0.000 0.000 0.000 0.610 
1 test1dax_inconsistent right_hidden1.540 1.605 1.194 0.000 0.511 0.000 0.000 0.000 0.289 0.000 0.000 1.509 1.506 0.000 0.000 0.159 0.000 1.499 1.561 1.014 
0 test1dax_consistent left_hidden0.000 0.115 2.310 0.000 0.000 0.000 0.000 0.000 1.423 0.000 1.238 2.549 0.462 0.000 0.000 0.000 0.289 2.318 0.000 2.418 
0 test1dax_consistent right_hidden0.000 0.000 0.072 2.661 2.936 0.000 0.000 0.000 0.751 0.000 3.487 2.696 0.000 0.000 0.000 0.000 0.000 2.662 0.238 2.067 
1 test1dax_inconsistent left_hidden0.000 0.115 2.310 0.000 0.000 0.000 0.000 0.000 1.423 0.000 1.238 2.549 0.462 0.000 0.000 0.000 0.289 2.318 0.000 2.418 
1 test1dax_inconsistent right_hidden0.000 0.063 0.239 0.000 0.280 0.000 0.000 0.000 0.203 0.000 1.980 0.000 0.000 0.000 0.000 0.000 0.000 0.000 0.665 2.931 
0 test1dax_consistent left_hidden0.000 0.000 0.016 0.355 0.000 0.320 1.518 0.000 0.079 0.306 0.734 3.657 1.399 0.000 2.538 0.859 0.000 0.000 0.000 0.770 
0 test1dax_consistent right_hidden0.044 2.235 0.257 0.145 1.664 0.472 0.555 0.044 0.000 0.268 0.550 0.260 1.409 0.000 2.473 2.949 0.000 1.644 0.000 4.363 
1 test1dax_inconsistent left_hidden0.000 0.000 0.016 0.355 0.000 0.320 1.518 0.000 0.079 0.306 0.734 3.657 1.399 0.000 2.538 0.859 0.000 0.000 0.000 0.770 
1 test1dax_inconsistent right_hidden0.000 0.000 0.596 0.000 0.000 1.404 0.000 0.598 0.000 0.822 0.000 0.000 0.000 0.000 0.596 2.082 0.000 0.119 0.000 1.053 
0 test1dax_consistent left_hidden0.000 0.104 0.902 2.381 0.000 0.000 0.483 1.745 1.454 1.517 0.000 0.000 0.570 0.000 0.144 0.962 0.000 2.513 2.223 1.312 
0 test1dax_consistent right_hidden0.000 2.621 1.320 0.448 0.511 0.000 0.000 0.000 2.850 0.576 0.676 0.000 0.000 2.773 0.000 0.211 0.369 1.522 4.266 0.171 
1 test1dax_inconsistent left_hidden0.000 0.104 0.902 2.381 0.000 0.000 0.483 1.745 1.454 1.517 0.000 0.000 0.570 0.000 0.144 0.962 0.000 2.513 2.223 1.312 
1 test1dax_inconsistent right_hidden0.011 0.036 1.392 0.000 0.901 0.016 0.000 0.000 0.000 0.000 2.487 0.000 0.000 1.449 0.000 1.357 1.317 0.000 0.820 0.101 
0 test1dax_consistent left_hidden0.000 0.502 0.000 0.825 0.118 1.972 0.104 0.216 1.123 0.000 0.000 4.185 0.000 0.000 0.527 0.000 1.687 0.000 0.000 0.000 
0 test1dax_consistent right_hidden0.000 3.603 0.000 1.471 0.086 0.000 0.000 0.273 0.000 0.032 0.000 3.554 0.000 0.000 1.370 1.972 2.626 0.000 0.599 0.375 
1 test1dax_inconsistent left_hidden0.000 0.502 0.000 0.825 0.118 1.972 0.104 0.216 1.123 0.000 0.000 4.185 0.000 0.000 0.527 0.000 1.687 0.000 0.000 0.000 
1 test1dax_inconsistent right_hidden0.071 1.149 0.000 1.469 2.236 0.025 0.000 0.177 0.000 0.036 0.000 0.031 0.444 0.000 0.000 0.245 0.000 0.000 0.792 0.854 
0 test1dax_consistent left_hidden0.000 0.000 0.000 0.000 0.000 0.000 0.254 0.000 2.117 0.164 0.857 0.000 1.931 1.236 2.886 0.000 2.632 0.000 0.842 0.000 
0 test1dax_consistent right_hidden2.951 0.000 1.104 0.972 0.000 2.245 0.000 0.000 0.312 0.305 0.853 0.000 0.420 0.474 0.199 0.652 5.770 0.437 0.000 0.000 
1 test1dax_inconsistent left_hidden0.000 0.000 0.000 0.000 0.000 0.000 0.254 0.000 2.117 0.164 0.857 0.000 1.931 1.236 2.886 0.000 2.632 0.000 0.842 0.000 
1 test1dax_inconsistent right_hidden2.800 0.000 0.306 0.097 0.037 0.000 0.000 0.209 1.607 1.640 0.892 0.229 0.000 0.000 0.273 0.580 0.456 0.266 0.017 0.000 
0 test1dax_consistent left_hidden1.350 1.650 0.078 0.010 0.000 0.000 2.047 0.036 0.156 1.374 0.000 1.374 0.000 0.000 0.000 0.000 0.633 3.583 0.000 0.477 
0 test1dax_consistent right_hidden0.000 1.281 0.363 0.246 0.144 0.000 0.123 0.000 0.000 0.161 0.173 0.818 2.442 1.150 3.183 0.000 4.142 4.019 0.000 0.000 
1 test1dax_inconsistent left_hidden1.350 1.650 0.078 0.010 0.000 0.000 2.047 0.036 0.156 1.374 0.000 1.374 0.000 0.000 0.000 0.000 0.633 3.583 0.000 0.477 
1 test1dax_inconsistent right_hidden0.000 0.291 0.637 2.133 1.862 0.000 0.092 0.000 0.000 0.000 1.310 0.306 0.200 0.682 3.183 0.000 0.000 0.498 0.000 0.000 
0 test1dax_consistent left_hidden1.657 0.000 1.236 1.447 1.237 0.335 0.000 2.420 2.536 0.165 0.000 0.767 0.000 0.000 1.185 0.334 0.000 1.264 2.116 0.000 
0 test1dax_consistent right_hidden2.164 2.081 0.000 0.632 0.386 0.327 0.000 4.061 1.615 0.000 0.000 1.687 0.963 1.002 3.032 0.000 1.654 0.000 0.350 0.309 
1 test1dax_inconsistent left_hidden1.657 0.000 1.236 1.447 1.237 0.335 0.000 2.420 2.536 0.165 0.000 0.767 0.000 0.000 1.185 0.334 0.000 1.264 2.116 0.000 
1 test1dax_inconsistent right_hidden1.299 0.000 0.000 1.729 0.596 0.866 0.000 1.656 1.241 0.070 0.000 0.000 0.357 0.325 0.077 0.000 0.000 0.000 0.155 0.929 
0 test1dax_consistent left_hidden0.446 1.656 3.296 0.000 0.830 0.123 1.904 1.135 0.000 2.033 0.152 0.842 0.911 0.000 0.000 0.000 0.000 0.000 0.288 1.163 
0 test1dax_consistent right_hidden1.987 0.142 2.602 1.480 0.512 1.561 1.043 0.000 4.385 0.000 1.013 0.000 2.742 0.000 0.000 0.000 1.334 0.542 0.000 0.471 
1 test1dax_inconsistent left_hidden0.446 1.656 3.296 0.000 0.830 0.123 1.904 1.135 0.000 2.033 0.152 0.842 0.911 0.000 0.000 0.000 0.000 0.000 0.288 1.163 
1 test1dax_inconsistent right_hidden0.874 0.821 0.000 0.214 0.772 0.000 1.292 0.459 1.081 0.000 0.172 0.000 0.232 0.000 0.000 0.000 0.123 1.984 0.352 0.000 
0 test1dax_consistent left_hidden0.877 0.237 3.222 0.000 2.527 0.000 1.436 0.452 0.000 0.000 1.215 0.169 0.000 0.663 0.000 2.119 0.000 0.000 0.943 0.918 
0 test1dax_consistent right_hidden0.297 0.680 0.861 0.000 0.221 0.000 1.348 0.454 3.486 0.000 0.217 1.167 0.000 0.000 0.000 5.635 0.000 0.000 2.173 1.270 
1 test1dax_inconsistent left_hidden0.877 0.237 3.222 0.000 2.527 0.000 1.436 0.452 0.000 0.000 1.215 0.169 0.000 0.663 0.000 2.119 0.000 0.000 0.943 0.918 
1 test1dax_inconsistent right_hidden0.000 1.513 0.000 0.000 0.614 0.000 0.488 1.165 0.637 0.000 0.690 0.000 0.000 0.028 0.000 0.840 0.000 0.000 2.580 0.987 
0 test1dax_consistent left_hidden0.177 1.874 0.000 0.000 0.254 0.000 0.000 0.069 1.592 0.663 0.000 1.043 2.801 0.041 0.000 0.191 0.007 2.751 0.006 0.000 
0 test1dax_consistent right_hidden3.188 0.595 0.000 0.000 0.000 0.000 0.000 1.798 2.189 0.128 4.115 0.197 1.912 0.000 1.389 2.308 0.000 0.009 0.487 0.000 
1 test1dax_inconsistent left_hidden0.177 1.874 0.000 0.000 0.254 0.000 0.000 0.069 1.592 0.663 0.000 1.043 2.801 0.041 0.000 0.191 0.007 2.751 0.006 0.000 
1 test1dax_inconsistent right_hidden3.105 1.312 0.000 0.000 0.000 0.000 0.000 0.000 0.000 0.844 0.111 0.218 0.429 0.000 0.018 0.550 0.000 0.755 0.805 0.000 
0 test1dax_consistent left_hidden1.529 0.000 0.000 0.000 1.381 1.642 2.223 0.000 0.000 0.348 0.000 0.000 0.000 3.132 0.031 0.000 0.521 1.972 0.046 0.000 
0 test1dax_consistent right_hidden3.896 0.000 2.180 0.714 3.198 0.000 2.076 0.000 0.000 0.107 1.180 0.000 0.000 0.478 0.000 0.000 0.555 0.456 3.471 0.000 
1 test1dax_inconsistent left_hidden1.529 0.000 0.000 0.000 1.381 1.642 2.223 0.000 0.000 0.348 0.000 0.000 0.000 3.132 0.031 0.000 0.521 1.972 0.046 0.000 
1 test1dax_inconsistent right_hidden1.426 0.000 0.040 0.000 2.418 0.001 0.814 0.000 0.049 1.917 1.416 0.000 0.000 0.000 0.000 0.600 0.401 0.000 0.000 0.005 
0 test1dax_consistent left_hidden0.187 1.383 0.372 0.000 0.582 1.259 0.000 3.391 0.000 0.406 0.000 0.000 2.730 0.000 0.000 1.539 0.000 1.535 0.083 0.000 
0 test1dax_consistent right_hidden0.000 0.000 0.000 0.000 0.000 0.129 0.000 0.039 2.402 2.863 1.532 0.000 5.041 0.000 1.996 0.111 0.893 0.889 0.000 0.000 
1 test1dax_inconsistent left_hidden0.187 1.383 0.372 0.000 0.582 1.259 0.000 3.391 0.000 0.406 0.000 0.000 2.730 0.000 0.000 1.539 0.000 1.535 0.083 0.000 
1 test1dax_inconsistent right_hidden0.000 0.000 0.286 0.000 0.000 1.965 0.000 0.000 1.135 1.395 0.367 0.000 0.000 0.000 1.558 0.000 0.416 2.125 0.000 0.000 
0 test1dax_consistent left_hidden0.490 0.892 3.069 0.000 1.628 1.872 0.203 0.000 0.000 0.000 0.000 1.309 1.279 0.000 0.000 0.000 0.000 1.474 0.000 2.339 
0 test1dax_consistent right_hidden3.081 0.000 3.073 0.044 1.663 2.350 0.000 0.000 0.143 0.714 0.582 1.062 2.157 3.296 1.752 0.000 1.232 1.134 0.564 0.544 
1 test1dax_inconsistent left_hidden0.490 0.892 3.069 0.000 1.628 1.872 0.203 0.000 0.000 0.000 0.000 1.309 1.279 0.000 0.000 0.000 0.000 1.474 0.000 2.339 
1 test1dax_inconsistent right_hidden0.374 0.000 0.460 0.097 0.980 0.371 0.021 0.000 0.000 0.722 2.364 0.000 0.452 0.278 0.127 0.000 0.766 0.638 2.109 0.000 
0 test1dax_consistent left_hidden2.132 0.255 0.000 0.913 0.000 0.217 0.546 2.835 0.000 0.099 1.908 0.000 0.000 2.828 0.596 0.016 0.000 0.038 0.000 0.000 
0 test1dax_consistent right_hidden0.000 0.000 0.000 0.654 0.000 0.000 4.108 0.966 1.159 1.742 0.369 0.659 2.717 2.456 3.140 0.562 1.466 0.000 0.000 0.000 
1 test1dax_inconsistent left_hidden2.132 0.255 0.000 0.913 0.000 0.217 0.546 2.835 0.000 0.099 1.908 0.000 0.000 2.828 0.596 0.016 0.000 0.038 0.000 0.000 
1 test1dax_inconsistent right_hidden0.444 0.000 0.000 0.176 0.000 0.000 0.000 0.112 0.584 0.000 1.347 1.340 2.068 0.225 0.319 2.276 0.495 0.000 1.240 0.000 
0 test1dax_consistent left_hidden0.054 2.891 0.000 0.925 0.000 0.000 0.000 0.000 0.000 2.498 0.031 0.110 2.311 1.665 0.000 0.000 0.000 1.300 0.860 0.104 
0 test1dax_consistent right_hidden1.600 2.128 0.399 0.000 0.000 0.000 0.848 0.000 1.295 4.996 0.000 1.989 0.123 0.000 0.415 0.000 0.000 3.024 0.436 1.011 
1 test1dax_inconsistent left_hidden0.054 2.891 0.000 0.925 0.000 0.000 0.000 0.000 0.000 2.498 0.031 0.110 2.311 1.665 0.000 0.000 0.000 1.300 0.860 0.104 
1 test1dax_inconsistent right_hidden0.323 0.000 1.152 0.000 0.000 0.976 1.042 0.751 1.534 0.000 1.366 0.000 1.305 0.000 0.225 0.000 0.102 1.957 0.890 0.993 
0 test1dax_consistent left_hidden0.209 2.729 2.476 1.963 0.000 0.000 2.072 1.307 0.000 0.000 0.843 0.179 0.156 0.713 0.000 0.000 0.709 0.000 1.644 1.219 
0 test1dax_consistent right_hidden0.000 0.323 1.143 0.453 0.000 0.000 0.000 3.441 0.000 1.995 2.666 2.496 0.000 0.057 0.152 1.775 0.000 0.000 0.948 4.459 
1 test1dax_inconsistent left_hidden0.209 2.729 2.476 1.963 0.000 0.000 2.072 1.307 0.000 0.000 0.843 0.179 0.156 0.713 0.000 0.000 0.709 0.000 1.644 1.219 
1 test1dax_inconsistent right_hidden0.000 0.000 2.713 0.000 0.000 0.000 0.000 0.610 0.000 0.306 0.795 2.005 0.000 0.000 1.863 1.208 0.000 0.000 0.000 0.000 
0 test1dax_consistent left_hidden2.599 0.000 0.000 0.000 0.583 2.362 0.918 0.000 1.616 0.000 0.052 0.000 0.157 0.958 0.013 0.324 0.028 0.000 0.000 2.997 
0 test1dax_consistent right_hidden4.610 2.007 1.182 0.312 0.329 1.240 0.000 0.000 2.159 0.754 2.732 0.000 0.000 1.674 0.467 1.214 0.000 0.000 0.000 0.000 
1 test1dax_inconsistent left_hidden2.599 0.000 0.000 0.000 0.583 2.362 0.918 0.000 1.616 0.000 0.052 0.000 0.157 0.958 0.013 0.324 0.028 0.000 0.000 2.997 
1 test1dax_inconsistent right_hidden0.256 0.000 1.647 0.544 0.000 0.000 1.874 0.000 0.000 0.015 0.306 0.000 0.000 1.883 2.056 0.151 0.000 0.000 0.000 0.000 
0 test1dax_consistent left_hidden0.000 0.819 0.983 2.884 0.670 2.369 0.116 1.141 0.092 0.202 2.281 0.110 0.010 0.644 0.268 0.000 0.138 0.000 0.003 0.070 
0 test1dax_consistent right_hidden1.123 2.473 0.716 3.112 0.000 0.000 1.974 1.870 1.085 0.000 3.145 1.567 0.452 0.199 0.000 0.000 0.785 0.209 0.020 0.000 
1 test1dax_inconsistent left_hidden0.000 0.819 0.983 2.884 0.670 2.369 0.116 1.141 0.092 0.202 2.281 0.110 0.010 0.644 0.268 0.000 0.138 0.000 0.003 0.070 
1 test1dax_inconsistent right_hidden0.000 1.238 0.219 0.000 0.039 0.000 0.255 0.797 0.088 0.000 0.000 0.087 0.520 0.972 0.074 0.000 1.893 1.677 0.897 0.000 
0 test1dax_consistent left_hidden0.520 0.402 1.861 0.000 2.755 0.320 1.223 0.000 0.850 0.167 0.000 0.000 3.072 0.944 0.000 0.000 0.604 0.000 1.206 0.335 
0 test1dax_consistent right_hidden0.000 1.876 0.000 0.000 0.317 4.268 2.630 1.493 1.539 0.499 1.502 0.000 0.000 1.521 0.000 1.486 1.689 0.000 0.269 0.366 
1 test1dax_inconsistent left_hidden0.520 0.402 1.861 0.000 2.755 0.320 1.223 0.000 0.850 0.167 0.000 0.000 3.072 0.944 0.000 0.000 0.604 0.000 1.206 0.335 
1 test1dax_inconsistent right_hidden0.000 0.000 0.212 0.000 0.174 1.390 0.350 0.000 0.000 0.538 0.000 0.000 0.000 0.314 0.000 1.063 2.457 0.000 0.000 1.353 
0 test1dax_consistent left_hidden0.000 1.254 0.000 0.902 0.115 0.888 0.251 2.098 2.136 0.000 0.000 0.000 1.486 0.000 0.249 1.340 2.965 0.292 0.000 1.451 
0 test1dax_consistent right_hidden0.000 0.808 0.003 3.240 0.214 0.000 0.478 0.393 5.400 1.220 0.000 0.000 1.522 0.000 1.641 0.096 1.411 1.040 1.070 0.000 
1 test1dax_inconsistent left_hidden0.000 1.254 0.000 0.902 0.115 0.888 0.251 2.098 2.136 0.000 0.000 0.000 1.486 0.000 0.249 1.340 2.965 0.292 0.000 1.451 
1 test1dax_inconsistent right_hidden0.786 1.839 0.831 0.390 0.298 0.000 0.000 0.000 0.533 0.000 0.000 0.046 2.228 0.000 1.339 0.252 1.661 0.000 0.649 0.017 
0 test1dax_consistent left_hidden1.705 1.366 0.199 0.074 0.070 0.241 0.000 1.400 1.541 0.168 0.000 1.477 0.139 2.995 2.155 0.000 0.000 0.000 0.000 0.000 
0 test1dax_consistent right_hidden3.828 0.136 0.000 0.000 0.213 2.363 0.000 3.516 0.664 0.315 0.000 0.546 3.310 0.353 0.473 0.000 0.000 0.641 0.000 1.627 
1 test1dax_inconsistent left_hidden1.705 1.366 0.199 0.074 0.070 0.241 0.000 1.400 1.541 0.168 0.000 1.477 0.139 2.995 2.155 0.000 0.000 0.000 0.000 0.000 
1 test1dax_inconsistent right_hidden0.000 0.715 0.295 0.000 0.000 1.270 0.000 0.000 0.000 0.862 0.000 1.795 1.432 1.173 1.407 0.000 0.000 1.831 0.000 0.218 
0 test1dax_consistent left_hidden1.597 2.096 0.325 0.024 0.000 1.728 0.000 0.475 0.000 0.000 0.177 0.000 0.000 0.000 1.053 2.837 0.462 2.468 0.000 0.644 
0 test1dax_consistent right_hidden0.597 1.871 2.453 1.442 0.566 5.039 0.000 0.517 1.690 0.702 2.280 0.055 0.000 0.000 1.020 0.333 0.331 0.000 0.133 0.553 
1 test1dax_inconsistent left_hidden1.597 2.096 0.325 0.024 0.000 1.728 0.000 0.475 0.000 0.000 0.177 0.000 0.000 0.000 1.053 2.837 0.462 2.468 0.000 0.644 
1 test1dax_inconsistent right_hidden0.705 1.806 0.584 0.048 1.635 0.000 0.000 0.027 1.018 1.120 0.916 0.700 0.000 0.000 0.448 0.566 0.936 0.000 1.093 1.744 
0 test1dax_consistent left_hidden2.785 0.000 0.000 0.000 0.037 0.000 1.061 0.000 0.000 0.017 0.000 1.837 1.349 1.032 0.120 1.581 0.000 2.659 0.527 0.000 
0 test1dax_consistent right_hidden1.241 0.000 2.709 1.539 3.983 1.643 0.000 0.277 0.048 0.000 0.000 0.336 0.878 0.892 0.000 1.637 0.677 0.180 2.716 0.000 
1 test1dax_inconsistent left_hidden2.785 0.000 0.000 0.000 0.037 0.000 1.061 0.000 0.000 0.017 0.000 1.837 1.349 1.032 0.120 1.581 0.000 2.659 0.527 0.000 
1 test1dax_inconsistent right_hidden0.000 0.000 0.451 1.580 0.906 0.000 0.000 0.472 0.551 0.000 0.000 1.798 0.000 0.000 0.000 0.361 0.051 0.000 2.082 0.000 
0 test1dax_consistent left_hidden2.837 0.000 0.000 2.774 0.939 0.000 0.283 0.000 0.202 0.662 2.532 1.361 0.000 0.676 0.000 0.506 0.000 0.506 0.579 0.213 
0 test1dax_consistent right_hidden2.178 0.000 0.269 2.191 3.713 0.000 0.903 0.000 0.000 2.613 0.476 0.344 0.271 0.977 0.000 0.000 0.652 1.926 1.138 2.270 
1 test1dax_inconsistent left_hidden2.837 0.000 0.000 2.774 0.939 0.000 0.283 0.000 0.202 0.662 2.532 1.361 0.000 0.676 0.000 0.506 0.000 0.506 0.579 0.213 
1 test1dax_inconsistent right_hidden0.000 0.000 0.941 0.000 0.416 0.341 0.193 0.000 0.000 0.996 0.970 0.901 1.295 0.030 0.000 0.000 0.449 1.196 1.720 0.268 
