0 test1dax_consistent left_hidden0.000 0.128 0.000 1.830 0.272 0.000 0.318 0.090 1.132 1.110 0.000 0.245 0.000 2.724 0.303 0.000 0.784 0.000 0.000 0.000 
0 test1dax_consistent right_hidden0.000 0.018 0.000 0.028 1.057 0.383 1.695 0.000 0.099 0.230 0.000 3.253 0.000 4.826 0.000 0.000 0.000 0.000 0.000 0.000 
1 test1dax_inconsistent left_hidden0.000 0.128 0.000 1.830 0.272 0.000 0.318 0.090 1.132 1.110 0.000 0.245 0.000 2.724 0.303 0.000 0.784 0.000 0.000 0.000 
1 test1dax_inconsistent right_hidden0.072 0.000 0.000 0.231 1.256 0.288 0.941 0.000 0.000 1.220 0.000 1.489 0.035 1.428 0.000 0.000 0.286 0.000 0.000 0.000 
0 test1dax_consistent left_hidden0.000 0.341 2.015 0.000 2.233 0.593 1.812 0.000 0.557 0.706 0.000 0.065 0.000 0.000 0.000 0.000 0.595 0.897 0.392 0.000 
0 test1dax_consistent right_hidden0.000 2.987 1.176 0.000 2.888 0.012 0.000 0.000 3.735 0.000 1.490 0.000 0.000 0.000 0.000 0.000 0.000 0.000 1.161 0.000 
1 test1dax_inconsistent left_hidden0.000 0.341 2.015 0.000 2.233 0.593 1.812 0.000 0.557 0.706 0.000 0.065 0.000 0.000 0.000 0.000 0.595 0.897 0.392 0.000 
1 test1dax_inconsistent right_hidden0.000 1.493 1.032 0.000 0.767 0.283 0.341 0.000 1.336 0.000 0.289 0.149 0.000 0.000 0.006 0.000 0.292 0.000 1.218 0.000 
0 test1dax_consistent left_hidden0.000 0.723 0.000 0.000 0.268 0.377 0.000 0.118 1.795 1.254 0.000 1.111 0.000 2.165 0.000 0.000 0.000 1.160 0.000 0.162 
0 test1dax_consistent right_hidden0.000 0.786 0.000 0.000 0.246 0.536 0.000 0.000 2.263 0.687 0.000 1.711 3.287 0.154 0.000 1.869 2.577 1.439 2.441 0.000 
1 test1dax_inconsistent left_hidden0.000 0.723 0.000 0.000 0.268 0.377 0.000 0.118 1.795 1.254 0.000 1.111 0.000 2.165 0.000 0.000 0.000 1.160 0.000 0.162 
1 test1dax_inconsistent right_hidden0.000 1.057 0.000 0.000 0.000 0.396 0.000 0.000 0.514 0.455 0.000 1.035 1.029 0.000 0.000 0.336 1.039 1.003 1.217 0.000 
0 test1dax_consistent left_hidden0.299 0.000 0.000 0.000 0.000 0.000 0.000 0.995 0.000 0.000 1.541 0.000 1.462 0.502 0.000 0.000 0.355 0.620 0.000 2.437 
0 test1dax_consistent right_hidden5.038 0.000 0.000 0.000 0.000 0.000 0.000 2.235 0.000 0.570 0.000 0.000 0.314 0.285 2.632 0.000 0.000 0.050 0.000 0.355 
1 test1dax_inconsistent left_hidden0.299 0.000 0.000 0.000 0.000 0.000 0.000 0.995 0.000 0.000 1.541 0.000 1.462 0.502 0.000 0.000 0.355 0.620 0.000 2.437 
1 test1dax_inconsistent right_hidden1.184 0.000 0.467 0.000 0.000 0.000 0.000 1.341 0.000 0.141 0.000 0.000 0.000 0.339 2.410 0.041 0.000 0.389 0.000 0.633 
0 test1dax_consistent left_hidden0.761 0.000 0.000 0.000 0.000 1.119 0.685 0.000 0.928 0.000 0.417 0.000 1.160 0.418 0.000 0.070 1.803 1.934 0.255 0.534 
0 test1dax_consistent right_hidden0.000 0.000 0.000 0.000 0.000 0.000 1.720 0.898 0.000 0.002 1.451 3.803 2.365 0.000 0.000 0.000 4.223 0.131 0.000 1.108 
1 test1dax_inconsistent left_hidden0.761 0.000 0.000 0.000 0.000 1.119 0.685 0.000 0.928 0.000 0.417 0.000 1.160 0.418 0.000 0.070 1.803 1.934 0.255 0.534 
1 test1dax_inconsistent right_hidden0.000 0.000 0.000 0.481 0.000 0.175 1.536 0.795 0.000 0.000 1.236 1.729 0.749 0.000 0.000 0.000 1.294 0.000 0.000 0.139 
0 test1dax_consistent left_hidden0.000 0.173 0.387 0.000 0.292 0.000 1.193 0.127 0.000 0.240 2.543 0.000 0.355 0.062 0.000 0.139 1.309 0.695 1.043 0.021 
0 test1dax_consistent right_hidden0.000 1.463 0.000 0.376 0.445 0.000 4.353 0.000 0.098 0.118 1.475 0.171 1.595 0.000 0.238 0.738 0.012 0.000 0.060 3.824 
1 test1dax_inconsistent left_hidden0.000 0.173 0.387 0.000 0.292 0.000 1.193 0.127 0.000 0.240 2.543 0.000 0.355 0.062 0.000 0.139 1.309 0.695 1.043 0.021 
1 test1dax_inconsistent right_hidden0.000 0.055 0.000 0.717 0.254 0.038 1.505 0.000 0.314 0.582 0.253 0.122 0.192 0.029 1.129 1.020 0.000 0.179 0.195 1.520 
0 test1dax_consistent left_hidden0.087 2.135 0.000 0.000 0.000 0.000 0.787 0.333 0.000 0.468 0.621 1.551 0.000 0.274 2.096 0.395 0.671 0.462 0.060 0.265 
0 test1dax_consistent right_hidden0.417 1.959 0.000 0.000 0.000 0.000 0.506 1.839 0.000 0.000 1.047 2.373 0.862 3.166 0.303 0.326 0.379 2.675 0.523 2.234 
1 test1dax_inconsistent left_hidden0.087 2.135 0.000 0.000 0.000 0.000 0.787 0.333 0.000 0.468 0.621 1.551 0.000 0.274 2.096 0.395 0.671 0.462 0.060 0.265 
1 test1dax_inconsistent right_hidden0.502 0.570 0.000 0.619 0.000 0.000 0.906 0.442 0.083 0.000 0.630 0.463 0.768 1.096 0.214 0.601 0.353 1.627 0.129 1.307 
0 test1dax_consistent left_hidden0.038 0.000 0.704 0.425 0.127 1.010 2.036 0.000 0.112 0.844 0.913 0.771 1.211 0.283 0.799 0.000 1.037 0.228 1.038 0.506 
0 test1dax_consistent right_hidden1.014 0.000 0.827 0.228 0.000 0.087 0.345 0.000 0.000 2.056 0.000 1.915 4.469 2.015 0.212 1.089 0.593 0.604 0.174 1.318 
1 test1dax_inconsistent left_hidden0.038 0.000 0.704 0.425 0.127 1.010 2.036 0.000 0.112 0.844 0.913 0.771 1.211 0.283 0.799 0.000 1.037 0.228 1.038 0.506 
1 test1dax_inconsistent right_hidden0.642 0.000 0.661 0.126 0.000 0.000 0.076 0.000 0.000 1.059 0.665 0.481 1.325 0.831 0.417 0.654 0.760 0.484 0.842 1.012 
0 test1dax_consistent left_hidden0.000 0.245 0.000 0.207 0.548 0.000 0.720 0.626 0.037 0.162 0.000 0.462 0.000 2.380 0.480 0.206 0.589 2.425 0.047 0.000 
0 test1dax_consistent right_hidden0.000 1.844 1.828 1.504 3.691 0.324 1.064 0.085 1.808 1.593 0.000 0.000 0.507 2.009 0.060 0.109 0.000 0.015 2.386 1.034 
1 test1dax_inconsistent left_hidden0.000 0.245 0.000 0.207 0.548 0.000 0.720 0.626 0.037 0.162 0.000 0.462 0.000 2.380 0.480 0.206 0.589 2.425 0.047 0.000 
1 test1dax_inconsistent right_hidden0.000 0.703 0.555 1.248 1.291 0.070 0.627 0.947 0.381 0.585 0.000 0.070 0.342 0.852 0.389 0.121 0.000 0.223 0.781 0.255 
0 test1dax_consistent left_hidden0.000 0.314 1.348 0.000 2.025 0.423 1.767 0.000 0.000 0.517 0.000 0.274 0.000 0.000 0.000 0.262 0.782 0.623 0.000 0.601 
0 test1dax_consistent right_hidden0.000 2.036 0.658 1.813 0.000 0.298 0.000 0.000 1.824 3.556 0.000 2.627 0.000 0.000 0.000 1.011 0.000 0.000 0.972 3.039 
1 test1dax_inconsistent left_hidden0.000 0.314 1.348 0.000 2.025 0.423 1.767 0.000 0.000 0.517 0.000 0.274 0.000 0.000 0.000 0.262 0.782 0.623 0.000 0.601 
1 test1dax_inconsistent right_hidden0.000 0.401 0.522 0.198 0.067 1.434 0.288 0.000 1.027 0.947 0.000 0.875 0.490 0.000 0.000 1.075 0.000 0.000 0.639 1.449 
0 test1dax_consistent left_hidden0.000 0.127 0.243 0.000 0.000 0.000 0.072 0.022 2.397 1.232 0.000 0.277 1.803 1.469 0.000 0.000 0.426 0.000 0.060 0.000 
0 test1dax_consistent right_hidden0.000 0.120 0.188 3.362 0.089 0.000 0.000 0.000 1.139 0.651 3.571 2.358 2.888 0.473 0.000 0.000 0.072 0.000 0.000 0.000 
1 test1dax_inconsistent left_hidden0.000 0.127 0.243 0.000 0.000 0.000 0.072 0.022 2.397 1.232 0.000 0.277 1.803 1.469 0.000 0.000 0.426 0.000 0.060 0.000 
1 test1dax_inconsistent right_hidden0.000 0.353 0.000 1.868 0.173 0.000 0.000 0.000 1.138 0.579 0.911 0.938 0.533 0.477 0.000 0.000 0.620 0.000 0.000 0.165 
0 test1dax_consistent left_hidden0.000 0.000 0.000 0.398 0.126 0.000 1.746 1.533 0.000 0.844 0.075 0.305 0.239 0.563 0.000 0.760 1.898 0.031 0.000 0.718 
0 test1dax_consistent right_hidden0.000 0.000 1.855 4.080 2.946 0.000 0.162 1.581 0.000 0.478 0.000 0.098 0.467 0.112 0.000 0.102 0.000 0.000 0.239 3.201 
1 test1dax_inconsistent left_hidden0.000 0.000 0.000 0.398 0.126 0.000 1.746 1.533 0.000 0.844 0.075 0.305 0.239 0.563 0.000 0.760 1.898 0.031 0.000 0.718 
1 test1dax_inconsistent right_hidden0.000 0.000 0.496 1.226 1.693 0.007 0.206 0.527 0.372 0.371 0.031 0.263 1.207 0.000 0.000 0.000 0.030 0.000 0.537 1.431 
0 test1dax_consistent left_hidden0.000 0.387 0.558 0.357 1.515 0.000 0.268 0.138 0.000 0.000 0.000 1.266 0.000 1.001 0.000 0.459 0.424 1.794 0.592 0.690 
0 test1dax_consistent right_hidden0.857 0.000 0.493 0.000 0.557 0.038 0.000 1.980 0.000 1.176 0.000 0.000 0.000 1.083 2.903 2.786 0.000 2.891 3.023 1.069 
1 test1dax_inconsistent left_hidden0.000 0.387 0.558 0.357 1.515 0.000 0.268 0.138 0.000 0.000 0.000 1.266 0.000 1.001 0.000 0.459 0.424 1.794 0.592 0.690 
1 test1dax_inconsistent right_hidden0.448 0.379 1.129 0.021 0.303 0.000 0.047 0.560 0.000 0.192 0.000 0.339 0.000 0.077 1.156 0.994 0.132 0.802 2.180 0.560 
0 test1dax_consistent left_hidden0.091 0.229 0.584 2.029 0.019 0.000 1.706 1.492 0.152 0.000 0.000 1.010 0.154 0.798 0.188 0.301 0.000 1.630 0.000 0.165 
0 test1dax_consistent right_hidden0.000 0.000 0.000 2.822 0.000 2.685 1.647 0.000 0.313 0.587 0.000 1.140 2.976 0.000 0.054 0.068 0.000 2.296 0.230 2.216 
1 test1dax_inconsistent left_hidden0.091 0.229 0.584 2.029 0.019 0.000 1.706 1.492 0.152 0.000 0.000 1.010 0.154 0.798 0.188 0.301 0.000 1.630 0.000 0.165 
1 test1dax_inconsistent right_hidden0.000 0.656 0.000 1.613 0.000 1.471 0.446 0.521 0.693 0.000 0.000 1.209 0.643 0.000 0.000 0.290 0.092 0.577 0.684 1.267 
0 test1dax_consistent left_hidden0.146 0.425 0.225 0.333 0.000 1.040 0.315 1.045 0.481 0.289 0.000 0.225 2.082 0.580 0.163 0.377 1.079 1.515 0.000 0.708 
0 test1dax_consistent right_hidden0.610 0.000 1.652 0.000 0.000 0.092 0.000 3.853 0.145 0.687 2.090 0.000 1.006 0.647 0.908 3.074 0.000 1.421 0.000 0.424 
1 test1dax_inconsistent left_hidden0.146 0.425 0.225 0.333 0.000 1.040 0.315 1.045 0.481 0.289 0.000 0.225 2.082 0.580 0.163 0.377 1.079 1.515 0.000 0.708 
1 test1dax_inconsistent right_hidden0.578 0.000 1.267 0.394 0.033 0.239 0.000 1.080 0.000 0.501 0.697 0.190 0.890 0.235 0.577 1.574 0.000 0.711 0.134 0.674 
0 test1dax_consistent left_hidden0.457 0.626 1.598 1.022 0.934 0.236 1.475 0.000 0.306 0.000 0.992 0.920 0.000 0.000 1.301 0.023 0.000 0.449 0.000 0.664 
0 test1dax_consistent right_hidden4.366 1.862 0.000 0.936 1.219 0.000 0.000 0.000 0.000 0.000 0.187 1.470 0.183 0.524 1.160 0.000 0.000 1.771 2.036 0.951 
1 test1dax_inconsistent left_hidden0.457 0.626 1.598 1.022 0.934 0.236 1.475 0.000 0.306 0.000 0.992 0.920 0.000 0.000 1.301 0.023 0.000 0.449 0.000 0.664 
1 test1dax_inconsistent right_hidden1.972 0.191 0.497 0.876 0.284 0.124 0.344 0.017 0.260 0.000 0.575 0.473 0.000 0.061 0.253 0.000 0.019 0.427 0.589 0.871 
0 test1dax_consistent left_hidden0.000 0.000 0.137 0.539 0.301 0.605 0.059 0.673 1.166 0.104 0.259 0.514 0.000 0.000 0.803 0.163 0.836 0.000 0.000 2.743 
0 test1dax_consistent right_hidden1.860 0.000 0.000 1.330 0.605 0.089 2.268 1.426 1.902 0.000 0.735 1.649 0.000 0.000 2.445 0.000 0.000 1.804 3.411 1.835 
1 test1dax_inconsistent left_hidden0.000 0.000 0.137 0.539 0.301 0.605 0.059 0.673 1.166 0.104 0.259 0.514 0.000 0.000 0.803 0.163 0.836 0.000 0.000 2.743 
1 test1dax_inconsistent right_hidden0.828 0.000 0.053 1.008 0.979 0.000 1.190 0.752 0.916 0.000 0.064 0.326 0.000 0.000 0.713 0.003 0.000 0.722 1.193 1.247 
0 test1dax_consistent left_hidden1.191 0.053 0.000 0.000 1.197 0.886 0.000 0.949 0.281 2.113 0.497 0.000 2.009 0.000 0.574 0.917 0.124 0.040 0.000 0.000 
0 test1dax_consistent right_hidden1.872 0.000 0.000 0.000 0.207 0.000 0.000 0.675 0.000 1.056 1.653 0.000 0.011 2.697 1.407 4.913 0.098 0.000 0.000 0.000 
1 test1dax_inconsistent left_hidden1.191 0.053 0.000 0.000 1.197 0.886 0.000 0.949 0.281 2.113 0.497 0.000 2.009 0.000 0.574 0.917 0.124 0.040 0.000 0.000 
1 test1dax_inconsistent right_hidden1.785 0.000 0.000 0.000 0.000 0.262 0.149 0.571 0.000 1.108 1.185 0.000 0.374 0.816 1.109 1.616 0.083 0.000 0.000 0.000 
0 test1dax_consistent left_hidden0.559 1.566 0.000 0.000 0.599 0.000 0.000 0.000 0.000 0.042 1.422 1.872 0.875 0.413 0.246 0.000 0.790 0.000 1.640 0.000 
0 test1dax_consistent right_hidden4.124 0.215 0.000 0.000 1.055 0.000 0.000 0.000 2.456 0.000 1.655 0.153 2.085 1.216 1.690 0.000 0.000 0.000 0.838 2.062 
1 test1dax_inconsistent left_hidden0.559 1.566 0.000 0.000 0.599 0.000 0.000 0.000 0.000 0.042 1.422 1.872 0.875 0.413 0.246 0.000 0.790 0.000 1.640 0.000 
1 test1dax_inconsistent right_hidden1.189 0.000 0.000 0.022 0.339 0.000 0.000 0.000 1.080 0.000 0.369 0.909 0.788 0.874 1.153 0.000 0.043 0.000 0.729 1.466 
0 test1dax_consistent left_hidden1.185 0.000 0.000 0.341 0.000 0.000 1.768 0.242 0.537 1.303 0.005 0.687 0.228 0.366 0.000 1.996 0.587 0.628 0.000 0.289 
0 test1dax_consistent right_hidden0.000 1.718 0.000 0.000 0.000 0.000 2.513 0.000 0.000 1.535 0.422 1.710 3.288 3.016 0.000 1.005 0.000 2.117 1.846 0.276 
1 test1dax_inconsistent left_hidden1.185 0.000 0.000 0.341 0.000 0.000 1.768 0.242 0.537 1.303 0.005 0.687 0.228 0.366 0.000 1.996 0.587 0.628 0.000 0.289 
1 test1dax_inconsistent right_hidden0.076 0.665 0.000 0.000 0.122 0.000 1.024 0.000 0.000 0.040 0.533 1.121 1.028 1.245 0.000 0.367 0.000 1.166 0.568 1.011 
0 test1dax_consistent left_hidden0.635 0.217 0.904 0.132 1.104 1.586 0.226 1.140 0.000 0.584 0.000 0.655 0.147 2.201 0.053 0.000 0.000 0.000 0.000 0.346 
0 test1dax_consistent right_hidden1.633 0.389 1.794 3.053 0.873 0.000 0.402 0.000 0.666 0.399 0.000 3.123 0.728 0.095 0.000 2.949 0.000 0.851 0.000 0.000 
1 test1dax_inconsistent left_hidden0.635 0.217 0.904 0.132 1.104 1.586 0.226 1.140 0.000 0.584 0.000 0.655 0.147 2.201 0.053 0.000 0.000 0.000 0.000 0.346 
1 test1dax_inconsistent right_hidden0.007 1.013 0.596 1.600 0.835 0.000 0.346 0.000 0.485 0.000 0.311 1.278 0.000 0.276 0.022 1.092 0.000 0.290 0.000 0.133 
0 test1dax_consistent left_hidden0.092 0.000 0.624 0.973 1.128 1.213 0.000 0.306 0.044 0.926 0.628 0.895 0.099 0.000 1.307 1.062 0.005 1.843 0.000 0.516 
0 test1dax_consistent right_hidden0.000 0.000 0.864 0.000 0.045 0.701 3.191 1.438 0.304 1.115 2.655 0.000 3.294 0.000 1.027 0.450 0.817 2.117 0.000 0.106 
1 test1dax_inconsistent left_hidden0.092 0.000 0.624 0.973 1.128 1.213 0.000 0.306 0.044 0.926 0.628 0.895 0.099 0.000 1.307 1.062 0.005 1.843 0.000 0.516 
1 test1dax_inconsistent right_hidden0.000 0.229 0.181 0.000 0.266 0.992 0.860 0.911 0.000 0.233 1.765 0.000 0.886 0.000 0.276 0.921 0.496 0.918 0.000 0.141 
0 test1dax_consistent left_hidden0.455 0.740 1.418 0.887 0.330 0.762 0.000 0.051 1.293 0.147 0.000 0.000 0.000 0.000 1.268 0.506 0.039 0.076 0.000 2.217 
0 test1dax_consistent right_hidden1.195 0.000 1.000 1.837 0.642 1.731 0.000 1.796 2.993 0.654 0.000 1.809 0.000 0.000 3.910 0.811 0.317 0.789 0.000 0.959 
1 test1dax_inconsistent left_hidden0.455 0.740 1.418 0.887 0.330 0.762 0.000 0.051 1.293 0.147 0.000 0.000 0.000 0.000 1.268 0.506 0.039 0.076 0.000 2.217 
1 test1dax_inconsistent right_hidden0.416 0.000 0.040 0.812 0.714 0.477 0.000 0.750 1.124 0.628 0.042 0.478 0.000 0.000 2.182 0.495 0.318 0.843 0.000 0.633 
0 test1dax_consistent left_hidden0.798 1.151 0.274 0.031 1.464 0.687 0.018 1.294 0.000 0.957 0.348 0.175 0.000 0.000 0.000 0.947 0.000 1.677 0.302 0.000 
0 test1dax_consistent right_hidden2.478 1.244 1.483 1.587 2.440 0.000 1.348 1.216 0.000 0.642 3.985 0.779 0.000 0.185 1.087 0.794 0.124 1.394 0.600 2.062 
1 test1dax_inconsistent left_hidden0.798 1.151 0.274 0.031 1.464 0.687 0.018 1.294 0.000 0.957 0.348 0.175 0.000 0.000 0.000 0.947 0.000 1.677 0.302 0.000 
1 test1dax_inconsistent right_hidden1.046 1.142 0.822 1.294 0.573 0.326 0.423 0.916 0.336 0.295 1.301 0.464 0.000 0.483 0.361 0.002 0.417 1.427 0.205 0.574 
0 test1dax_consistent left_hidden1.343 0.227 0.526 1.495 0.219 0.000 0.292 1.616 0.496 0.185 0.419 0.000 0.000 0.000 1.653 0.883 0.864 0.000 0.984 0.340 
0 test1dax_consistent right_hidden2.321 0.000 1.122 3.403 0.867 0.000 0.000 0.971 2.913 0.000 0.000 0.000 0.000 3.179 1.262 0.003 0.000 0.077 0.189 0.000 
1 test1dax_inconsistent left_hidden1.343 0.227 0.526 1.495 0.219 0.000 0.292 1.616 0.496 0.185 0.419 0.000 0.000 0.000 1.653 0.883 0.864 0.000 0.984 0.340 
1 test1dax_inconsistent right_hidden0.651 0.000 1.255 0.774 0.000 0.000 0.282 0.294 1.762 0.037 0.004 0.000 0.000 1.384 0.456 0.220 0.063 0.163 0.719 0.263 
0 test1dax_consistent left_hidden2.738 0.000 0.030 0.316 0.616 0.000 0.032 0.000 0.000 0.000 0.987 0.000 0.263 1.072 0.182 1.214 0.000 0.982 0.433 0.000 
0 test1dax_consistent right_hidden2.844 1.384 0.148 3.876 0.000 0.000 0.150 0.000 1.658 1.036 2.132 0.000 1.406 0.526 0.000 0.083 1.523 0.176 1.915 0.000 
1 test1dax_inconsistent left_hidden2.738 0.000 0.030 0.316 0.616 0.000 0.032 0.000 0.000 0.000 0.987 0.000 0.263 1.072 0.182 1.214 0.000 0.982 0.433 0.000 
1 test1dax_inconsistent right_hidden1.032 0.971 0.000 1.616 0.862 0.164 0.433 0.000 0.084 0.210 0.947 0.000 0.751 0.042 0.000 1.065 0.497 0.238 0.769 0.000 
0 test1dax_consistent left_hidden0.935 0.799 0.078 0.386 0.485 0.770 0.400 0.011 0.000 0.965 2.874 0.105 0.193 0.464 0.257 0.000 0.000 0.000 0.779 0.000 
0 test1dax_consistent right_hidden0.000 0.000 0.000 0.000 1.590 0.580 1.058 3.691 0.000 0.000 2.918 1.515 0.000 0.569 0.000 0.000 0.000 0.000 1.501 0.013 
1 test1dax_inconsistent left_hidden0.935 0.799 0.078 0.386 0.485 0.770 0.400 0.011 0.000 0.965 2.874 0.105 0.193 0.464 0.257 0.000 0.000 0.000 0.779 0.000 
1 test1dax_inconsistent right_hidden0.169 0.000 0.000 0.579 0.000 0.000 0.999 1.510 0.000 0.276 0.649 0.838 0.200 0.881 0.000 0.000 0.000 0.000 0.554 0.195 
0 test1dax_consistent left_hidden0.027 0.212 0.000 0.516 0.430 0.326 0.189 0.519 0.981 0.000 0.293 0.000 1.313 0.124 1.189 1.198 1.565 1.767 0.281 0.484 
0 test1dax_consistent right_hidden0.411 0.502 0.000 0.000 0.593 0.133 0.000 0.000 0.000 0.000 0.000 0.046 0.117 0.000 0.590 3.792 0.000 3.400 1.922 2.362 
1 test1dax_inconsistent left_hidden0.027 0.212 0.000 0.516 0.430 0.326 0.189 0.519 0.981 0.000 0.293 0.000 1.313 0.124 1.189 1.198 1.565 1.767 0.281 0.484 
1 test1dax_inconsistent right_hidden0.299 0.526 0.005 0.071 0.485 0.471 0.000 0.009 0.000 0.081 0.000 0.000 0.753 0.000 0.032 1.296 0.000 1.244 0.757 1.651 
0 test1dax_consistent left_hidden0.000 0.000 0.000 0.000 0.000 1.113 0.000 0.000 0.000 0.079 3.223 0.000 0.344 0.805 0.047 0.000 0.000 0.292 0.000 0.000 
0 test1dax_consistent right_hidden0.000 0.000 0.000 3.688 2.612 3.304 0.000 1.768 0.000 1.369 0.044 0.559 0.040 1.093 0.000 0.000 0.241 2.000 0.000 0.000 
1 test1dax_inconsistent left_hidden0.000 0.000 0.000 0.000 0.000 1.113 0.000 0.000 0.000 0.079 3.223 0.000 0.344 0.805 0.047 0.000 0.000 0.292 0.000 0.000 
1 test1dax_inconsistent right_hidden0.000 0.154 0.000 1.037 0.376 2.317 0.000 1.335 0.205 0.210 0.445 0.189 0.346 0.624 0.000 0.298 0.000 0.631 0.001 0.208 
0 test1dax_consistent left_hidden0.997 0.128 1.208 0.337 0.199 0.880 0.000 0.000 1.025 1.190 0.001 0.000 0.000 0.504 1.683 2.057 0.000 0.000 0.000 0.000 
0 test1dax_consistent right_hidden0.000 0.000 1.503 0.783 0.672 0.000 0.000 0.394 2.618 0.000 0.000 0.000 0.000 4.880 0.000 0.037 0.000 0.000 1.228 0.000 
1 test1dax_inconsistent left_hidden0.997 0.128 1.208 0.337 0.199 0.880 0.000 0.000 1.025 1.190 0.001 0.000 0.000 0.504 1.683 2.057 0.000 0.000 0.000 0.000 
1 test1dax_inconsistent right_hidden0.291 0.000 0.765 1.270 0.529 0.000 0.000 0.184 0.415 0.000 0.000 0.772 0.000 1.924 0.393 0.000 0.000 0.000 0.850 0.000 
0 test1dax_consistent left_hidden0.000 1.193 0.000 1.083 0.714 0.000 1.654 0.713 1.416 0.290 0.744 0.415 0.298 0.000 1.637 0.423 0.000 0.000 0.364 0.000 
0 test1dax_consistent right_hidden0.000 0.035 0.382 1.467 2.462 0.000 0.000 0.372 0.042 0.000 0.000 0.000 0.000 0.000 0.092 3.940 1.337 3.442 0.000 1.665 
1 test1dax_inconsistent left_hidden0.000 1.193 0.000 1.083 0.714 0.000 1.654 0.713 1.416 0.290 0.744 0.415 0.298 0.000 1.637 0.423 0.000 0.000 0.364 0.000 
1 test1dax_inconsistent right_hidden0.000 0.288 0.506 0.688 1.256 0.000 0.000 0.844 0.326 0.000 0.000 0.094 0.000 0.000 0.744 1.383 0.196 1.040 0.000 1.223 
0 test1dax_consistent left_hidden0.998 0.562 0.000 0.676 0.406 0.000 0.256 0.265 0.000 1.180 0.044 1.911 0.039 0.899 1.033 0.823 0.251 0.176 1.813 0.252 
0 test1dax_consistent right_hidden0.000 1.697 1.279 0.565 0.000 2.845 2.497 0.743 0.572 0.408 0.000 0.665 0.022 2.731 1.405 0.000 0.000 0.170 2.894 0.014 
1 test1dax_inconsistent left_hidden0.998 0.562 0.000 0.676 0.406 0.000 0.256 0.265 0.000 1.180 0.044 1.911 0.039 0.899 1.033 0.823 0.251 0.176 1.813 0.252 
1 test1dax_inconsistent right_hidden0.115 0.458 0.937 0.330 0.000 0.784 0.950 0.752 0.153 0.712 0.000 0.796 0.000 1.279 0.143 0.044 0.000 0.576 1.351 0.346 
0 test1dax_consistent left_hidden0.000 1.009 0.143 0.109 2.532 0.160 0.417 0.490 0.429 1.008 0.269 0.000 0.000 0.039 0.000 1.590 0.605 0.549 0.365 0.036 
0 test1dax_consistent right_hidden0.000 1.548 0.520 0.000 0.000 0.604 0.000 0.000 4.085 0.265 0.066 0.000 0.000 0.091 0.000 0.008 1.273 3.133 2.703 0.346 
1 test1dax_inconsistent left_hidden0.000 1.009 0.143 0.109 2.532 0.160 0.417 0.490 0.429 1.008 0.269 0.000 0.000 0.039 0.000 1.590 0.605 0.549 0.365 0.036 
1 test1dax_inconsistent right_hidden0.000 1.412 0.516 0.312 0.000 0.000 0.000 0.000 1.446 0.607 0.090 0.000 0.000 0.128 0.000 0.137 0.496 0.961 1.726 0.357 
0 test1dax_consistent left_hidden0.059 0.014 0.000 0.035 0.000 0.000 0.000 2.570 0.000 0.000 0.212 2.094 0.029 0.000 0.009 0.000 0.000 0.000 0.292 0.432 
0 test1dax_consistent right_hidden0.000 0.000 2.139 0.454 0.000 0.000 0.000 0.000 0.000 3.271 4.181 0.007 0.000 0.057 0.000 1.717 0.000 2.795 0.000 0.172 
1 test1dax_inconsistent left_hidden0.059 0.014 0.000 0.035 0.000 0.000 0.000 2.570 0.000 0.000 0.212 2.094 0.029 0.000 0.009 0.000 0.000 0.000 0.292 0.432 
1 test1dax_inconsistent right_hidden0.000 0.000 1.029 0.985 0.000 0.000 0.011 0.722 0.000 1.087 2.029 0.088 0.138 0.213 0.083 0.000 0.097 0.839 0.000 0.294 
0 test1dax_consistent left_hidden0.000 0.000 0.754 2.504 0.000 0.949 0.248 0.006 0.169 0.000 0.247 0.472 0.000 2.041 0.000 0.309 0.000 0.000 0.063 0.423 
0 test1dax_consistent right_hidden0.000 0.000 0.174 3.119 0.000 0.097 0.000 0.000 0.000 0.000 5.005 0.000 0.000 0.130 0.024 0.000 0.969 0.000 0.000 1.632 
1 test1dax_inconsistent left_hidden0.000 0.000 0.754 2.504 0.000 0.949 0.248 0.006 0.169 0.000 0.247 0.472 0.000 2.041 0.000 0.309 0.000 0.000 0.063 0.423 
1 test1dax_inconsistent right_hidden0.000 0.442 0.351 0.559 0.000 0.000 0.000 0.000 0.000 0.000 2.157 0.579 0.119 0.436 0.000 0.161 0.699 0.032 0.126 1.075 
0 test1dax_consistent left_hidden0.000 0.000 0.996 1.947 0.381 0.710 0.000 0.000 0.977 0.000 0.248 0.326 0.532 0.046 0.010 1.865 1.437 0.568 0.777 0.101 
0 test1dax_consistent right_hidden0.000 2.048 1.580 0.162 0.000 0.913 0.000 0.000 2.439 0.000 1.549 0.948 0.000 1.443 0.297 4.856 0.120 0.000 0.003 0.076 
1 test1dax_inconsistent left_hidden0.000 0.000 0.996 1.947 0.381 0.710 0.000 0.000 0.977 0.000 0.248 0.326 0.532 0.046 0.010 1.865 1.437 0.568 0.777 0.101 
1 test1dax_inconsistent right_hidden0.000 0.608 0.000 0.476 0.000 0.350 0.000 0.000 1.615 0.000 1.040 0.553 0.215 0.920 0.603 2.080 0.381 0.000 0.687 0.034 
0 test1dax_consistent left_hidden1.084 0.000 1.322 0.000 0.000 0.000 1.652 0.000 1.237 0.826 0.487 1.146 0.492 0.421 0.071 0.512 0.000 0.016 1.312 0.000 
0 test1dax_consistent right_hidden0.000 0.000 0.528 0.892 0.000 1.049 0.031 0.000 5.328 0.000 0.285 3.090 0.115 0.395 0.000 0.000 0.000 0.183 0.000 0.000 
1 test1dax_inconsistent left_hidden1.084 0.000 1.322 0.000 0.000 0.000 1.652 0.000 1.237 0.826 0.487 1.146 0.492 0.421 0.071 0.512 0.000 0.016 1.312 0.000 
1 test1dax_inconsistent right_hidden0.277 0.000 0.732 1.075 0.000 0.126 0.356 0.089 2.654 0.527 0.000 0.562 0.000 0.709 0.000 0.195 0.085 0.246 0.000 0.000 
0 test1dax_consistent left_hidden1.155 0.504 0.608 0.490 1.912 1.913 0.000 0.345 0.095 0.000 0.024 0.254 0.016 1.512 0.287 0.453 0.000 0.107 0.559 0.000 
0 test1dax_consistent right_hidden2.318 4.383 0.208 0.355 2.007 2.063 0.000 0.427 0.182 0.000 0.000 0.000 0.122 0.024 0.000 0.000 0.000 0.015 2.145 0.517 
1 test1dax_inconsistent left_hidden1.155 0.504 0.608 0.490 1.912 1.913 0.000 0.345 0.095 0.000 0.024 0.254 0.016 1.512 0.287 0.453 0.000 0.107 0.559 0.000 
1 test1dax_inconsistent right_hidden0.312 1.385 0.249 0.000 1.261 1.666 0.000 0.351 0.041 0.000 0.087 0.000 0.012 0.000 0.000 0.000 0.000 0.000 1.348 0.619 
0 test1dax_consistent left_hidden1.834 0.000 0.373 0.000 0.348 1.030 0.676 0.000 1.731 0.000 0.940 0.000 1.019 0.000 0.000 0.000 0.413 0.865 0.097 0.000 
0 test1dax_consistent right_hidden0.000 0.000 0.041 0.407 1.444 0.000 0.000 0.088 2.804 0.131 2.165 1.994 4.002 0.436 0.000 0.000 0.000 0.000 0.000 0.000 
1 test1dax_inconsistent left_hidden1.834 0.000 0.373 0.000 0.348 1.030 0.676 0.000 1.731 0.000 0.940 0.000 1.019 0.000 0.000 0.000 0.413 0.865 0.097 0.000 
1 test1dax_inconsistent right_hidden0.361 0.030 0.820 0.596 0.765 0.158 0.055 0.000 1.503 0.036 0.088 1.034 1.281 0.361 0.097 0.039 0.136 0.221 0.000 0.000 
0 test1dax_consistent left_hidden0.946 0.000 0.000 0.733 0.343 0.364 0.467 2.165 0.000 0.000 0.000 1.447 0.654 0.483 0.472 1.235 1.161 0.024 0.110 0.069 
0 test1dax_consistent right_hidden0.588 0.000 0.000 0.000 0.000 3.913 0.833 0.000 0.000 0.000 0.000 0.000 2.028 3.254 0.665 0.566 1.610 0.000 0.061 0.000 
1 test1dax_inconsistent left_hidden0.946 0.000 0.000 0.733 0.343 0.364 0.467 2.165 0.000 0.000 0.000 1.447 0.654 0.483 0.472 1.235 1.161 0.024 0.110 0.069 
1 test1dax_inconsistent right_hidden0.268 0.254 0.255 0.313 0.000 1.349 0.796 0.140 0.000 0.000 0.000 0.338 0.569 1.262 1.011 0.433 1.029 0.000 0.524 0.000 
0 test1dax_consistent left_hidden0.282 0.830 0.000 0.000 0.189 1.276 0.140 0.000 0.475 1.137 0.000 0.078 1.242 0.000 0.772 0.000 0.673 1.172 0.552 2.140 
0 test1dax_consistent right_hidden1.617 4.377 0.643 0.000 0.000 0.314 1.218 0.000 1.800 0.168 1.847 0.591 0.894 0.000 0.000 0.000 0.000 0.033 2.701 1.353 
1 test1dax_inconsistent left_hidden0.282 0.830 0.000 0.000 0.189 1.276 0.140 0.000 0.475 1.137 0.000 0.078 1.242 0.000 0.772 0.000 0.673 1.172 0.552 2.140 
1 test1dax_inconsistent right_hidden1.306 1.458 0.071 0.000 0.000 0.130 0.938 0.000 0.479 0.498 0.411 0.833 0.649 0.000 0.182 0.000 0.000 0.000 1.216 0.799 
0 test1dax_consistent left_hidden0.000 0.091 0.811 0.767 1.448 1.283 0.222 0.323 0.662 0.000 0.565 0.286 0.158 0.846 0.203 1.458 0.550 0.000 0.468 1.090 
0 test1dax_consistent right_hidden0.000 0.410 0.000 0.096 0.042 1.913 1.287 2.793 0.000 1.019 0.070 2.152 0.000 0.000 1.612 0.596 1.812 0.879 3.392 1.125 
1 test1dax_inconsistent left_hidden0.000 0.091 0.811 0.767 1.448 1.283 0.222 0.323 0.662 0.000 0.565 0.286 0.158 0.846 0.203 1.458 0.550 0.000 0.468 1.090 
1 test1dax_inconsistent right_hidden0.106 0.690 0.491 0.526 0.488 0.523 0.558 0.792 0.208 0.556 0.369 1.238 0.000 0.487 1.205 0.798 0.398 0.536 1.175 0.462 
0 test1dax_consistent left_hidden0.000 0.000 0.000 0.000 0.000 0.000 0.623 0.000 0.009 0.000 0.370 0.707 0.000 2.274 1.889 0.020 1.887 0.016 0.044 0.000 
0 test1dax_consistent right_hidden2.559 0.621 0.859 0.000 0.304 2.421 3.286 0.000 0.004 1.234 1.577 0.802 0.000 0.389 0.387 0.000 2.502 0.038 1.535 0.021 
1 test1dax_inconsistent left_hidden0.000 0.000 0.000 0.000 0.000 0.000 0.623 0.000 0.009 0.000 0.370 0.707 0.000 2.274 1.889 0.020 1.887 0.016 0.044 0.000 
1 test1dax_inconsistent right_hidden0.905 0.558 1.090 0.000 0.825 0.584 1.241 0.089 0.400 0.434 0.190 0.408 0.000 0.000 0.890 0.000 0.332 0.561 0.562 0.552 
0 test1dax_consistent left_hidden0.000 1.242 0.400 0.407 0.438 0.518 0.978 0.757 1.428 0.000 1.146 1.483 0.000 0.524 0.844 0.000 0.000 1.014 0.717 0.416 
0 test1dax_consistent right_hidden0.000 0.000 4.124 0.000 1.757 0.000 0.819 1.545 0.000 0.000 2.247 2.539 0.000 0.107 1.409 0.000 1.444 0.888 0.044 0.094 
1 test1dax_inconsistent left_hidden0.000 1.242 0.400 0.407 0.438 0.518 0.978 0.757 1.428 0.000 1.146 1.483 0.000 0.524 0.844 0.000 0.000 1.014 0.717 0.416 
1 test1dax_inconsistent right_hidden0.000 0.000 1.864 0.275 0.534 0.545 0.460 0.496 0.169 0.000 1.751 0.701 0.000 0.000 0.335 0.148 1.117 0.036 0.000 0.148 
0 test1dax_consistent left_hidden0.577 0.000 0.364 0.615 0.000 1.647 0.013 1.586 0.000 0.000 0.000 0.014 0.000 0.000 0.395 1.629 0.000 0.871 1.735 0.000 
0 test1dax_consistent right_hidden0.484 0.000 1.688 0.000 1.927 2.655 1.067 0.840 0.000 0.000 0.000 0.000 0.576 2.155 1.829 0.000 0.141 2.252 0.000 3.095 
1 test1dax_inconsistent left_hidden0.577 0.000 0.364 0.615 0.000 1.647 0.013 1.586 0.000 0.000 0.000 0.014 0.000 0.000 0.395 1.629 0.000 0.871 1.735 0.000 
1 test1dax_inconsistent right_hidden0.394 0.000 1.367 0.000 0.419 1.075 0.187 0.610 0.000 0.000 0.000 0.000 0.000 0.386 1.428 0.252 0.452 0.591 0.443 1.184 
0 test1dax_consistent left_hidden0.040 0.152 0.000 0.000 0.767 0.289 1.243 2.416 0.000 0.064 0.942 1.348 1.227 0.096 0.000 0.000 0.960 0.046 0.000 0.092 
0 test1dax_consistent right_hidden0.000 1.193 0.000 0.000 0.000 0.241 0.406 2.292 0.194 1.544 2.046 2.485 2.902 0.000 2.025 2.599 0.046 0.000 1.032 0.793 
1 test1dax_inconsistent left_hidden0.040 0.152 0.000 0.000 0.767 0.289 1.243 2.416 0.000 0.064 0.942 1.348 1.227 0.096 0.000 0.000 0.960 0.046 0.000 0.092 
1 test1dax_inconsistent right_hidden0.000 0.563 0.000 0.000 0.000 0.223 0.558 1.298 1.065 0.611 0.568 0.868 1.349 0.000 0.606 1.152 0.002 0.000 0.257 0.664 
0 test1dax_consistent left_hidden0.117 1.341 0.123 0.000 0.000 0.522 0.316 1.192 0.000 0.848 1.183 0.046 0.000 0.053 0.168 1.077 0.466 2.133 0.538 0.176 
0 test1dax_consistent right_hidden1.452 0.709 0.000 0.725 2.760 0.434 0.039 1.132 0.000 0.760 0.000 3.016 0.000 3.319 0.462 0.010 2.027 0.129 0.000 1.273 
1 test1dax_inconsistent left_hidden0.117 1.341 0.123 0.000 0.000 0.522 0.316 1.192 0.000 0.848 1.183 0.046 0.000 0.053 0.168 1.077 0.466 2.133 0.538 0.176 
1 test1dax_inconsistent right_hidden0.412 0.097 0.063 0.397 0.540 0.185 0.557 1.228 0.173 0.086 0.000 1.193 0.000 1.352 0.342 0.056 1.191 0.354 0.045 0.346 
0 test1dax_consistent left_hidden0.000 0.201 0.000 0.000 0.000 0.000 0.000 0.905 0.300 0.033 0.543 1.132 0.000 1.535 1.024 0.271 0.601 2.000 1.096 0.871 
0 test1dax_consistent right_hidden0.000 0.414 0.378 0.000 0.157 0.000 2.783 0.087 0.354 0.000 1.424 3.083 0.000 3.371 0.419 2.143 0.000 0.000 2.080 0.105 
1 test1dax_inconsistent left_hidden0.000 0.201 0.000 0.000 0.000 0.000 0.000 0.905 0.300 0.033 0.543 1.132 0.000 1.535 1.024 0.271 0.601 2.000 1.096 0.871 
1 test1dax_inconsistent right_hidden0.000 0.770 0.457 0.000 0.134 0.000 1.247 0.334 0.017 0.000 0.875 1.552 0.088 1.070 0.724 1.466 0.102 0.547 0.479 0.000 
0 test1dax_consistent left_hidden0.519 0.000 0.000 0.529 0.000 1.137 0.287 0.000 1.504 0.747 0.000 1.875 0.000 0.000 0.000 0.408 0.084 1.298 0.000 0.000 
0 test1dax_consistent right_hidden0.733 0.000 1.199 1.491 2.710 0.081 0.380 4.399 0.184 0.009 2.357 0.839 0.000 0.007 0.000 0.951 1.196 0.807 0.000 0.000 
1 test1dax_inconsistent left_hidden0.519 0.000 0.000 0.529 0.000 1.137 0.287 0.000 1.504 0.747 0.000 1.875 0.000 0.000 0.000 0.408 0.084 1.298 0.000 0.000 
1 test1dax_inconsistent right_hidden0.884 0.000 0.655 0.289 1.258 0.358 0.556 1.618 0.386 0.001 0.505 0.884 0.000 0.000 0.000 0.435 0.485 0.332 0.003 0.000 
0 test1dax_consistent left_hidden1.581 0.000 1.380 0.181 0.260 0.078 0.386 0.037 0.823 0.317 0.607 1.952 0.485 0.000 0.000 0.000 1.155 0.815 0.379 0.000 
0 test1dax_consistent right_hidden0.228 1.187 1.589 0.000 3.028 0.000 0.000 0.882 0.000 3.003 0.857 2.775 0.000 0.000 0.000 0.152 0.821 1.627 0.000 0.000 
1 test1dax_inconsistent left_hidden1.581 0.000 1.380 0.181 0.260 0.078 0.386 0.037 0.823 0.317 0.607 1.952 0.485 0.000 0.000 0.000 1.155 0.815 0.379 0.000 
1 test1dax_inconsistent right_hidden0.710 0.456 0.923 0.000 0.746 0.000 0.191 0.666 0.277 1.559 1.204 1.089 0.000 0.000 0.320 0.011 0.909 0.501 0.021 0.000 
0 test1dax_consistent left_hidden0.000 2.630 0.000 0.556 0.000 0.120 0.000 0.495 0.000 0.000 0.568 1.120 0.278 0.000 1.457 0.179 0.032 0.007 0.000 0.724 
0 test1dax_consistent right_hidden2.354 1.450 0.000 0.000 0.000 0.332 0.000 4.820 0.000 0.000 0.000 0.166 2.548 0.000 0.000 0.000 0.000 0.000 0.000 1.707 
1 test1dax_inconsistent left_hidden0.000 2.630 0.000 0.556 0.000 0.120 0.000 0.495 0.000 0.000 0.568 1.120 0.278 0.000 1.457 0.179 0.032 0.007 0.000 0.724 
1 test1dax_inconsistent right_hidden0.646 0.250 0.075 0.114 0.000 0.280 0.269 2.429 0.000 0.000 0.000 0.538 0.175 0.000 0.000 0.000 0.000 0.000 0.000 1.870 
0 test1dax_consistent left_hidden1.249 1.357 1.918 0.149 0.000 1.603 0.268 0.133 0.917 0.274 0.434 0.855 0.000 0.000 0.292 0.756 0.264 0.004 0.000 0.000 
0 test1dax_consistent right_hidden0.000 2.030 0.324 0.001 0.785 0.997 0.000 2.551 1.589 0.679 0.000 1.006 0.000 1.616 0.599 4.231 0.104 0.000 0.010 0.000 
1 test1dax_inconsistent left_hidden1.249 1.357 1.918 0.149 0.000 1.603 0.268 0.133 0.917 0.274 0.434 0.855 0.000 0.000 0.292 0.756 0.264 0.004 0.000 0.000 
1 test1dax_inconsistent right_hidden0.102 0.447 0.000 0.261 0.399 1.163 0.096 1.433 0.935 0.195 0.021 0.969 0.000 0.496 0.543 1.049 0.000 0.017 0.056 0.000 
0 test1dax_consistent left_hidden0.900 0.072 0.479 0.715 2.076 0.000 0.173 0.000 0.521 1.449 0.840 0.149 1.167 0.208 1.078 0.000 0.072 0.649 0.670 0.000 
0 test1dax_consistent right_hidden0.991 0.000 0.080 0.004 0.646 0.000 1.077 1.275 0.000 3.792 0.600 0.000 0.000 1.123 1.913 0.000 2.433 0.000 2.162 0.678 
1 test1dax_inconsistent left_hidden0.900 0.072 0.479 0.715 2.076 0.000 0.173 0.000 0.521 1.449 0.840 0.149 1.167 0.208 1.078 0.000 0.072 0.649 0.670 0.000 
1 test1dax_inconsistent right_hidden0.203 0.000 0.220 0.104 0.462 0.000 1.098 0.245 0.096 1.754 0.968 0.000 0.202 0.924 0.460 0.172 0.745 0.226 0.537 0.842 
0 test1dax_consistent left_hidden1.276 1.484 0.786 0.767 0.146 0.265 0.418 0.828 0.847 0.000 0.617 0.262 0.087 0.000 0.435 0.381 0.000 1.592 0.283 0.753 
0 test1dax_consistent right_hidden0.067 2.427 0.000 0.000 0.000 0.000 2.399 0.000 4.388 0.000 0.000 1.704 1.205 0.000 2.352 0.000 0.000 1.449 0.000 1.302 
1 test1dax_inconsistent left_hidden1.276 1.484 0.786 0.767 0.146 0.265 0.418 0.828 0.847 0.000 0.617 0.262 0.087 0.000 0.435 0.381 0.000 1.592 0.283 0.753 
1 test1dax_inconsistent right_hidden0.051 1.484 0.031 0.486 0.000 0.115 0.916 0.521 1.299 0.000 0.000 0.534 1.144 0.000 1.429 0.000 0.000 0.599 0.163 0.805 
0 test1dax_consistent left_hidden0.636 0.851 0.303 1.399 0.523 0.000 0.000 1.844 0.816 0.481 0.444 0.520 0.224 0.025 0.297 0.000 1.487 1.513 0.080 0.063 
0 test1dax_consistent right_hidden0.049 2.184 2.596 1.491 3.701 0.631 0.000 0.431 0.740 0.000 0.000 0.242 0.867 2.378 0.370 0.480 1.903 0.000 0.000 0.000 
1 test1dax_inconsistent left_hidden0.636 0.851 0.303 1.399 0.523 0.000 0.000 1.844 0.816 0.481 0.444 0.520 0.224 0.025 0.297 0.000 1.487 1.513 0.080 0.063 
1 test1dax_inconsistent right_hidden0.000 0.635 1.103 0.724 1.106 0.044 0.000 0.406 0.055 0.000 0.000 0.307 0.060 1.475 0.053 0.559 1.663 0.651 0.000 0.354 
0 test1dax_consistent left_hidden0.722 0.000 0.176 0.279 0.000 0.908 0.258 0.525 0.551 1.104 0.000 1.698 1.250 0.004 0.567 0.000 0.000 0.000 0.812 1.598 
0 test1dax_consistent right_hidden0.000 0.000 0.000 0.000 0.000 0.000 2.433 2.963 2.371 0.000 2.672 0.638 0.246 0.000 2.370 0.000 1.242 0.043 0.093 0.000 
1 test1dax_inconsistent left_hidden0.722 0.000 0.176 0.279 0.000 0.908 0.258 0.525 0.551 1.104 0.000 1.698 1.250 0.004 0.567 0.000 0.000 0.000 0.812 1.598 
1 test1dax_inconsistent right_hidden0.000 0.037 0.000 0.066 0.000 0.000 0.978 1.497 0.916 0.208 0.969 1.147 0.326 0.150 0.575 0.000 0.150 0.325 0.569 0.294 
0 test1dax_consistent left_hidden0.455 0.371 0.658 0.000 1.230 0.234 0.099 0.017 0.350 0.842 0.000 0.000 0.803 1.891 1.628 0.986 0.175 0.066 0.155 1.235 
0 test1dax_consistent right_hidden0.000 1.164 0.000 1.288 0.053 0.000 0.000 0.000 0.000 3.136 0.000 1.674 1.527 3.680 0.144 0.000 0.764 2.331 0.000 0.000 
1 test1dax_inconsistent left_hidden0.455 0.371 0.658 0.000 1.230 0.234 0.099 0.017 0.350 0.842 0.000 0.000 0.803 1.891 1.628 0.986 0.175 0.066 0.155 1.235 
1 test1dax_inconsistent right_hidden0.000 0.973 0.000 1.005 0.668 0.142 0.159 0.000 0.000 1.391 0.000 1.238 0.734 0.877 0.627 0.000 1.067 0.919 0.000 0.435 
0 test1dax_consistent left_hidden0.257 0.793 0.441 1.620 0.512 1.064 0.874 0.485 0.000 0.581 0.000 0.697 0.615 0.917 1.118 0.197 1.448 0.987 0.837 0.241 
0 test1dax_consistent right_hidden1.977 0.691 1.154 0.806 0.085 0.280 2.532 1.645 0.916 0.074 2.815 0.000 1.209 0.326 2.246 0.077 0.000 1.577 0.017 2.306 
1 test1dax_inconsistent left_hidden0.257 0.793 0.441 1.620 0.512 1.064 0.874 0.485 0.000 0.581 0.000 0.697 0.615 0.917 1.118 0.197 1.448 0.987 0.837 0.241 
1 test1dax_inconsistent right_hidden0.829 0.000 0.788 0.693 0.207 0.552 1.364 0.263 0.448 0.408 0.543 0.000 0.405 0.788 0.600 0.245 0.000 0.777 0.420 0.903 
0 test1dax_consistent left_hidden1.158 1.011 0.449 0.000 0.000 0.919 0.225 0.064 0.000 0.354 0.055 0.273 0.000 1.399 0.333 1.470 0.477 0.000 0.000 2.424 
0 test1dax_consistent right_hidden2.697 1.717 0.636 0.000 0.000 1.039 0.016 0.000 2.870 0.000 0.013 0.111 0.000 4.243 0.000 0.581 0.000 0.000 0.000 1.479 
1 test1dax_inconsistent left_hidden1.158 1.011 0.449 0.000 0.000 0.919 0.225 0.064 0.000 0.354 0.055 0.273 0.000 1.399 0.333 1.470 0.477 0.000 0.000 2.424 
1 test1dax_inconsistent right_hidden1.832 1.117 0.000 0.000 0.000 0.306 0.000 0.238 0.464 0.274 0.301 0.451 0.000 1.348 0.000 0.470 0.000 0.013 0.027 1.456 
0 test1dax_consistent left_hidden0.000 0.009 0.000 0.000 1.695 0.000 0.000 1.478 2.612 0.000 1.539 0.000 1.285 0.002 0.000 0.261 0.129 0.000 0.000 0.201 
0 test1dax_consistent right_hidden0.574 0.000 4.653 0.000 0.469 0.000 0.000 0.000 0.607 0.000 4.173 0.493 0.000 0.978 0.189 0.535 0.158 0.445 0.000 0.956 
1 test1dax_inconsistent left_hidden0.000 0.009 0.000 0.000 1.695 0.000 0.000 1.478 2.612 0.000 1.539 0.000 1.285 0.002 0.000 0.261 0.129 0.000 0.000 0.201 
1 test1dax_inconsistent right_hidden0.000 0.701 1.953 0.000 1.058 0.046 0.104 0.000 0.000 0.000 1.200 0.654 0.000 0.959 0.000 0.502 0.135 0.000 0.000 0.694 
0 test1dax_consistent left_hidden0.000 1.048 0.014 0.877 0.038 0.217 0.168 0.613 1.293 2.008 0.196 0.337 0.000 0.000 0.000 0.000 1.817 0.000 0.147 0.201 
0 test1dax_consistent right_hidden0.731 4.545 0.000 1.267 0.000 0.000 0.736 2.357 0.275 1.038 0.000 0.435 1.795 1.391 0.003 0.000 0.937 0.684 0.008 0.000 
1 test1dax_inconsistent left_hidden0.000 1.048 0.014 0.877 0.038 0.217 0.168 0.613 1.293 2.008 0.196 0.337 0.000 0.000 0.000 0.000 1.817 0.000 0.147 0.201 
1 test1dax_inconsistent right_hidden0.073 1.642 0.249 0.415 0.000 0.269 0.655 1.369 0.283 0.187 0.000 0.187 0.600 0.876 0.000 0.000 1.062 0.469 0.094 0.000 
0 test1dax_consistent left_hidden2.654 0.328 0.175 0.000 0.158 1.016 0.434 0.257 0.000 0.649 0.000 0.762 0.000 0.000 1.406 0.000 0.070 1.477 0.062 0.302 
0 test1dax_consistent right_hidden1.637 0.000 2.136 0.000 0.692 2.361 1.996 0.000 1.731 1.367 0.000 1.191 0.000 0.000 0.000 2.370 0.000 1.476 0.000 3.032 
1 test1dax_inconsistent left_hidden2.654 0.328 0.175 0.000 0.158 1.016 0.434 0.257 0.000 0.649 0.000 0.762 0.000 0.000 1.406 0.000 0.070 1.477 0.062 0.302 
1 test1dax_inconsistent right_hidden1.267 0.000 0.983 0.039 0.217 0.710 1.028 0.000 0.633 0.899 0.000 0.345 0.000 0.000 0.146 0.773 0.000 1.538 0.036 1.005 
0 test1dax_consistent left_hidden0.047 0.000 0.121 0.478 0.391 0.021 0.712 1.158 0.942 0.861 0.947 0.234 0.000 0.218 0.000 1.116 0.295 1.910 0.296 1.257 
0 test1dax_consistent right_hidden0.260 1.439 2.467 1.163 4.314 0.000 1.599 0.000 0.944 1.383 0.127 0.000 0.000 0.115 0.000 2.248 0.000 0.082 0.001 2.280 
1 test1dax_inconsistent left_hidden0.047 0.000 0.121 0.478 0.391 0.021 0.712 1.158 0.942 0.861 0.947 0.234 0.000 0.218 0.000 1.116 0.295 1.910 0.296 1.257 
1 test1dax_inconsistent right_hidden0.366 0.069 1.142 0.279 2.031 0.000 1.536 0.764 0.466 0.051 0.599 0.065 0.000 0.619 0.000 0.855 0.000 0.451 0.029 0.659 
0 test1dax_consistent left_hidden0.141 0.002 0.000 0.000 0.000 0.000 0.000 1.614 1.080 0.000 1.104 0.278 0.695 1.595 1.155 0.755 0.000 0.420 0.000 0.000 
0 test1dax_consistent right_hidden0.491 0.000 0.606 1.531 0.000 0.000 0.000 2.715 0.056 2.120 0.000 1.466 2.456 0.000 3.453 0.000 0.000 1.947 0.000 0.018 
1 test1dax_inconsistent left_hidden0.141 0.002 0.000 0.000 0.000 0.000 0.000 1.614 1.080 0.000 1.104 0.278 0.695 1.595 1.155 0.755 0.000 0.420 0.000 0.000 
1 test1dax_inconsistent right_hidden0.825 0.000 0.879 0.398 0.234 0.315 0.000 0.486 0.000 1.227 0.000 1.118 0.572 0.321 1.156 0.220 0.000 0.940 0.000 0.451 
0 test1dax_consistent left_hidden0.823 0.251 0.000 1.268 0.866 0.000 0.486 0.025 0.000 0.000 0.300 0.003 0.000 1.982 1.359 0.220 0.958 0.668 0.627 0.000 
0 test1dax_consistent right_hidden1.534 0.000 0.000 1.969 0.680 0.000 0.121 0.689 0.000 1.204 1.508 1.371 2.902 1.024 0.000 0.000 3.350 2.396 1.027 0.641 
1 test1dax_inconsistent left_hidden0.823 0.251 0.000 1.268 0.866 0.000 0.486 0.025 0.000 0.000 0.300 0.003 0.000 1.982 1.359 0.220 0.958 0.668 0.627 0.000 
1 test1dax_inconsistent right_hidden1.585 0.000 0.000 1.156 0.000 0.000 0.000 0.282 0.120 0.019 0.532 1.021 0.721 0.339 0.316 0.477 1.020 0.968 0.253 0.086 
0 test1dax_consistent left_hidden0.000 1.003 1.445 0.479 1.308 0.000 1.507 0.813 0.919 0.000 0.062 0.000 0.000 1.198 1.068 0.369 0.000 0.000 0.552 0.000 
0 test1dax_consistent right_hidden0.000 0.000 0.636 0.000 0.016 0.577 0.000 0.622 2.069 0.000 0.000 1.837 0.000 2.205 0.126 5.094 0.000 0.000 0.093 0.000 
1 test1dax_inconsistent left_hidden0.000 1.003 1.445 0.479 1.308 0.000 1.507 0.813 0.919 0.000 0.062 0.000 0.000 1.198 1.068 0.369 0.000 0.000 0.552 0.000 
1 test1dax_inconsistent right_hidden0.139 0.000 1.345 0.000 0.000 0.300 0.229 0.000 0.527 0.000 0.000 1.213 0.000 0.465 0.089 2.343 0.218 0.000 0.579 0.000 
0 test1dax_consistent left_hidden2.347 0.105 0.801 0.518 0.253 1.212 0.000 0.270 1.465 0.712 0.000 0.000 0.000 0.262 0.666 0.000 0.842 0.983 0.127 0.422 
0 test1dax_consistent right_hidden0.000 3.684 0.625 0.000 0.000 1.524 0.000 1.837 1.034 2.650 0.000 0.193 1.609 0.380 2.506 1.994 0.669 0.000 0.000 0.000 
1 test1dax_inconsistent left_hidden2.347 0.105 0.801 0.518 0.253 1.212 0.000 0.270 1.465 0.712 0.000 0.000 0.000 0.262 0.666 0.000 0.842 0.983 0.127 0.422 
1 test1dax_inconsistent right_hidden0.760 1.522 1.004 0.228 0.000 0.588 0.000 1.539 0.418 0.643 0.000 0.771 0.304 0.315 1.038 1.007 0.499 0.000 0.022 0.000 
0 test1dax_consistent left_hidden0.311 0.552 0.581 0.457 0.000 0.000 0.502 0.000 1.135 0.000 2.106 0.000 1.078 1.410 0.467 0.232 0.000 0.133 1.325 0.012 
0 test1dax_consistent right_hidden0.656 4.927 0.595 0.000 0.381 0.000 0.420 0.789 0.544 0.000 0.000 1.108 0.001 0.000 2.338 0.000 1.127 0.000 1.510 0.000 
1 test1dax_inconsistent left_hidden0.311 0.552 0.581 0.457 0.000 0.000 0.502 0.000 1.135 0.000 2.106 0.000 1.078 1.410 0.467 0.232 0.000 0.133 1.325 0.012 
1 test1dax_inconsistent right_hidden0.041 1.434 0.840 0.591 0.236 0.000 0.000 0.000 0.796 0.000 0.000 0.207 0.094 0.166 1.447 0.051 0.798 0.000 0.036 0.550 
0 test1dax_consistent left_hidden0.701 1.594 0.664 0.560 0.000 0.000 0.584 0.547 0.000 0.453 2.255 0.000 0.000 0.824 0.202 0.132 0.000 1.461 0.000 0.000 
0 test1dax_consistent right_hidden0.335 0.732 1.360 1.243 0.000 0.000 1.926 0.149 0.000 1.080 4.183 0.000 0.000 3.068 0.000 0.000 1.868 0.356 0.408 0.000 
1 test1dax_inconsistent left_hidden0.701 1.594 0.664 0.560 0.000 0.000 0.584 0.547 0.000 0.453 2.255 0.000 0.000 0.824 0.202 0.132 0.000 1.461 0.000 0.000 
1 test1dax_inconsistent right_hidden0.026 0.992 0.498 0.090 0.000 0.000 0.375 0.453 0.000 0.607 1.655 0.000 0.000 1.504 0.703 0.000 0.561 0.604 0.083 0.000 
0 test1dax_consistent left_hidden0.000 0.000 0.461 1.944 0.250 0.000 1.269 0.000 0.648 0.000 0.015 0.464 0.000 0.517 0.325 2.091 0.000 0.028 0.000 0.690 
0 test1dax_consistent right_hidden0.000 0.000 2.600 0.068 0.000 1.352 0.036 0.067 0.022 0.000 1.595 2.910 0.000 0.000 1.329 0.000 1.214 0.850 2.834 0.569 
1 test1dax_inconsistent left_hidden0.000 0.000 0.461 1.944 0.250 0.000 1.269 0.000 0.648 0.000 0.015 0.464 0.000 0.517 0.325 2.091 0.000 0.028 0.000 0.690 
1 test1dax_inconsistent right_hidden0.000 0.000 1.017 0.698 0.000 0.733 0.562 0.039 0.073 0.000 0.793 1.138 0.127 0.217 0.899 0.272 0.000 0.915 0.676 0.562 
0 test1dax_consistent left_hidden0.544 1.308 0.141 0.587 0.000 0.413 0.000 2.788 0.000 0.725 0.989 0.053 0.143 0.604 0.000 0.000 0.000 0.539 0.080 0.465 
0 test1dax_consistent right_hidden0.000 3.758 1.170 1.120 1.922 1.139 0.000 0.998 0.000 0.006 1.878 0.000 0.353 1.273 0.881 0.000 3.871 0.133 0.810 0.107 
1 test1dax_inconsistent left_hidden0.544 1.308 0.141 0.587 0.000 0.413 0.000 2.788 0.000 0.725 0.989 0.053 0.143 0.604 0.000 0.000 0.000 0.539 0.080 0.465 
1 test1dax_inconsistent right_hidden0.000 1.660 0.596 0.937 0.430 0.975 0.000 1.261 0.000 0.352 0.303 0.000 0.626 0.543 1.033 0.000 1.367 0.003 0.230 0.396 
0 test1dax_consistent left_hidden0.613 0.280 0.000 0.000 0.000 0.804 1.647 0.059 0.000 0.000 1.491 0.000 0.361 1.196 0.689 0.096 0.000 0.379 2.006 0.189 
0 test1dax_consistent right_hidden1.718 0.000 0.000 0.000 3.369 1.935 2.848 1.650 0.000 1.166 0.477 0.000 2.444 0.000 0.604 0.000 0.000 0.916 1.630 1.101 
1 test1dax_inconsistent left_hidden0.613 0.280 0.000 0.000 0.000 0.804 1.647 0.059 0.000 0.000 1.491 0.000 0.361 1.196 0.689 0.096 0.000 0.379 2.006 0.189 
1 test1dax_inconsistent right_hidden0.429 0.000 0.000 0.000 1.389 0.432 1.569 0.706 0.000 0.262 1.290 0.000 1.188 0.000 0.769 0.000 0.000 0.293 0.647 0.243 
0 test1dax_consistent left_hidden0.031 0.359 0.846 2.040 0.843 0.502 0.552 0.463 0.795 0.000 0.755 0.000 1.154 0.000 0.912 0.623 0.341 0.000 0.958 0.066 
0 test1dax_consistent right_hidden0.000 0.000 0.004 1.227 1.072 0.000 4.585 0.000 0.039 0.000 0.453 0.528 0.875 0.000 0.921 0.779 0.000 0.000 3.658 2.061 
1 test1dax_inconsistent left_hidden0.031 0.359 0.846 2.040 0.843 0.502 0.552 0.463 0.795 0.000 0.755 0.000 1.154 0.000 0.912 0.623 0.341 0.000 0.958 0.066 
1 test1dax_inconsistent right_hidden0.000 0.000 0.377 0.183 0.069 0.265 1.602 0.000 0.142 0.000 0.637 0.741 0.134 0.000 1.265 0.973 0.022 0.000 2.138 0.241 
0 test1dax_consistent left_hidden0.098 0.000 0.000 0.000 0.666 0.000 0.000 0.000 2.063 0.000 1.633 0.112 0.000 0.815 0.325 0.000 0.000 0.078 1.785 0.484 
0 test1dax_consistent right_hidden0.648 0.000 0.000 0.000 0.000 0.827 0.413 2.164 0.000 0.000 0.078 0.000 0.000 0.814 0.164 0.000 4.519 0.000 4.009 0.000 
1 test1dax_inconsistent left_hidden0.098 0.000 0.000 0.000 0.666 0.000 0.000 0.000 2.063 0.000 1.633 0.112 0.000 0.815 0.325 0.000 0.000 0.078 1.785 0.484 
1 test1dax_inconsistent right_hidden0.570 0.022 0.086 0.000 0.002 1.129 0.467 0.561 0.275 0.299 0.188 0.000 0.575 0.000 0.263 0.000 1.512 0.000 2.013 0.000 
0 test1dax_consistent left_hidden0.000 0.634 0.702 0.759 0.578 0.429 0.000 0.030 0.600 0.000 0.000 0.000 0.582 1.993 0.530 2.338 0.112 1.004 0.062 0.000 
0 test1dax_consistent right_hidden0.000 0.000 0.000 1.331 0.434 1.118 1.492 0.000 0.043 0.000 2.638 0.000 0.074 0.507 2.538 0.664 0.480 1.774 0.000 4.120 
1 test1dax_inconsistent left_hidden0.000 0.634 0.702 0.759 0.578 0.429 0.000 0.030 0.600 0.000 0.000 0.000 0.582 1.993 0.530 2.338 0.112 1.004 0.062 0.000 
1 test1dax_inconsistent right_hidden0.000 0.279 0.341 0.656 0.200 1.266 0.335 0.000 0.007 0.000 0.817 0.031 0.197 0.509 1.582 0.651 0.338 0.564 0.097 1.475 
0 test1dax_consistent left_hidden0.325 0.000 1.470 0.000 0.000 0.000 0.315 2.993 0.000 0.000 0.676 0.000 0.000 0.328 1.061 0.021 0.559 0.000 0.000 0.168 
0 test1dax_consistent right_hidden0.000 0.000 5.323 1.721 0.000 0.014 0.548 0.289 0.000 1.525 1.658 0.757 0.000 2.030 0.193 0.000 0.000 0.000 0.000 0.008 
1 test1dax_inconsistent left_hidden0.325 0.000 1.470 0.000 0.000 0.000 0.315 2.993 0.000 0.000 0.676 0.000 0.000 0.328 1.061 0.021 0.559 0.000 0.000 0.168 
1 test1dax_inconsistent right_hidden0.000 0.000 2.200 0.118 0.096 0.000 0.101 1.413 0.080 0.889 0.334 0.468 0.000 0.961 0.448 0.000 0.067 0.000 0.076 0.000 
0 test1dax_consistent left_hidden1.473 0.034 0.000 0.590 0.000 0.693 0.768 0.000 0.421 0.336 0.000 0.000 0.020 0.854 0.504 0.276 0.529 2.677 0.109 0.767 
0 test1dax_consistent right_hidden1.607 0.000 0.000 0.918 0.000 0.221 0.000 0.906 0.000 2.063 0.000 2.041 0.000 2.786 0.000 3.489 0.000 2.051 1.036 0.000 
1 test1dax_inconsistent left_hidden1.473 0.034 0.000 0.590 0.000 0.693 0.768 0.000 0.421 0.336 0.000 0.000 0.020 0.854 0.504 0.276 0.529 2.677 0.109 0.767 
1 test1dax_inconsistent right_hidden0.554 0.000 0.000 1.333 0.000 0.706 0.000 0.949 0.373 1.185 0.000 0.926 0.019 0.971 0.000 1.007 0.000 1.107 0.680 0.413 
0 test1dax_consistent left_hidden0.191 0.000 1.134 1.007 0.958 1.050 0.000 0.000 0.000 1.834 0.000 1.398 0.000 0.031 1.282 0.316 0.000 0.495 0.000 0.000 
0 test1dax_consistent right_hidden3.315 0.000 0.084 1.879 4.004 0.000 0.000 0.000 0.000 1.785 0.000 0.251 2.353 0.039 0.000 0.793 0.098 1.347 0.000 0.000 
1 test1dax_inconsistent left_hidden0.191 0.000 1.134 1.007 0.958 1.050 0.000 0.000 0.000 1.834 0.000 1.398 0.000 0.031 1.282 0.316 0.000 0.495 0.000 0.000 
1 test1dax_inconsistent right_hidden1.332 0.207 0.326 1.790 1.699 0.000 0.009 0.014 0.000 0.080 0.034 0.036 0.476 0.017 0.016 0.904 0.000 0.365 0.271 0.000 
0 test1dax_consistent left_hidden1.459 0.000 0.512 0.000 1.213 1.851 0.000 0.000 0.730 0.611 0.012 0.000 0.000 0.131 0.000 1.983 0.257 0.943 1.063 0.000 
0 test1dax_consistent right_hidden2.628 0.000 0.295 0.000 0.029 1.900 0.000 0.000 1.992 0.019 1.171 0.000 0.000 0.000 1.948 4.026 1.333 0.000 2.174 0.000 
1 test1dax_inconsistent left_hidden1.459 0.000 0.512 0.000 1.213 1.851 0.000 0.000 0.730 0.611 0.012 0.000 0.000 0.131 0.000 1.983 0.257 0.943 1.063 0.000 
1 test1dax_inconsistent right_hidden1.508 0.000 0.308 0.000 0.000 1.488 0.053 0.000 1.521 0.785 0.217 0.145 0.000 0.161 0.485 1.071 0.068 0.217 1.921 0.000 
0 test1dax_consistent left_hidden0.000 0.083 0.000 0.000 1.792 0.000 1.241 0.560 0.000 0.000 2.295 0.814 0.040 0.000 0.385 0.000 0.000 1.237 0.039 0.667 
0 test1dax_consistent right_hidden0.000 0.490 0.000 5.160 0.116 0.000 0.000 0.233 2.075 0.000 0.266 1.321 0.000 0.000 0.000 0.000 0.000 1.831 1.488 2.533 
1 test1dax_inconsistent left_hidden0.000 0.083 0.000 0.000 1.792 0.000 1.241 0.560 0.000 0.000 2.295 0.814 0.040 0.000 0.385 0.000 0.000 1.237 0.039 0.667 
1 test1dax_inconsistent right_hidden0.000 0.620 0.000 1.747 0.000 0.000 0.000 0.341 1.754 0.000 0.574 1.093 0.210 0.000 0.000 0.161 0.000 0.432 0.142 2.004 
0 test1dax_consistent left_hidden1.627 0.492 0.897 0.000 0.000 0.000 0.000 1.460 0.788 0.000 0.000 1.692 0.181 1.267 0.510 0.567 0.000 0.000 0.000 0.147 
0 test1dax_consistent right_hidden0.047 0.000 0.000 0.000 0.968 0.000 0.000 3.607 0.000 0.000 1.903 2.234 0.231 1.884 0.000 3.699 0.000 0.394 0.000 0.000 
1 test1dax_inconsistent left_hidden1.627 0.492 0.897 0.000 0.000 0.000 0.000 1.460 0.788 0.000 0.000 1.692 0.181 1.267 0.510 0.567 0.000 0.000 0.000 0.147 
1 test1dax_inconsistent right_hidden0.107 0.022 0.369 0.000 0.000 0.000 0.000 1.577 0.000 0.000 1.348 0.320 0.510 0.460 0.000 1.938 0.000 0.165 0.322 0.640 
0 test1dax_consistent left_hidden0.000 0.000 1.285 0.751 0.031 2.022 0.000 0.000 0.344 0.123 0.541 0.229 1.116 0.000 0.000 0.000 0.302 0.353 1.566 0.542 
0 test1dax_consistent right_hidden0.000 0.000 0.000 0.000 0.000 0.415 5.215 0.000 0.000 0.652 0.752 0.000 0.335 0.000 0.000 0.000 0.000 1.449 0.000 2.922 
1 test1dax_inconsistent left_hidden0.000 0.000 1.285 0.751 0.031 2.022 0.000 0.000 0.344 0.123 0.541 0.229 1.116 0.000 0.000 0.000 0.302 0.353 1.566 0.542 
1 test1dax_inconsistent right_hidden0.000 0.000 0.715 0.000 0.021 0.934 1.821 0.121 0.000 0.835 0.000 0.000 0.558 0.000 0.000 0.000 0.000 1.492 0.207 0.905 
0 test1dax_consistent left_hidden0.030 1.201 0.000 0.000 0.000 2.019 0.644 0.000 0.162 0.000 0.836 0.018 0.174 1.583 0.330 0.000 0.177 1.431 1.280 0.000 
0 test1dax_consistent right_hidden0.000 0.710 1.228 0.000 0.101 0.876 2.692 1.981 0.807 1.128 1.209 0.952 1.550 0.551 0.084 0.000 3.292 0.000 1.937 0.000 
1 test1dax_inconsistent left_hidden0.030 1.201 0.000 0.000 0.000 2.019 0.644 0.000 0.162 0.000 0.836 0.018 0.174 1.583 0.330 0.000 0.177 1.431 1.280 0.000 
1 test1dax_inconsistent right_hidden0.000 0.109 0.323 0.101 0.354 0.323 0.741 0.438 0.005 0.320 0.173 0.394 0.783 0.880 0.504 0.000 1.379 0.400 1.480 0.000 
0 test1dax_consistent left_hidden0.000 0.000 0.000 0.674 0.229 0.000 2.302 0.262 0.895 0.289 0.052 0.000 0.000 0.000 0.000 0.227 0.506 0.000 0.000 2.196 
0 test1dax_consistent right_hidden0.000 0.000 1.073 0.023 0.000 3.160 2.043 0.000 1.161 0.000 4.252 0.000 0.000 0.019 0.000 0.000 0.257 0.000 0.000 1.434 
1 test1dax_inconsistent left_hidden0.000 0.000 0.000 0.674 0.229 0.000 2.302 0.262 0.895 0.289 0.052 0.000 0.000 0.000 0.000 0.227 0.506 0.000 0.000 2.196 
1 test1dax_inconsistent right_hidden0.000 0.000 0.615 0.847 0.000 1.473 0.750 0.085 0.000 0.325 1.074 0.000 0.000 0.208 0.000 0.245 0.266 0.151 0.000 1.038 
0 test1dax_consistent left_hidden0.000 1.709 0.084 1.372 0.995 0.000 0.000 0.000 0.069 0.000 1.357 0.262 0.313 0.000 0.000 0.000 0.382 2.555 0.000 0.000 
0 test1dax_consistent right_hidden0.241 0.612 0.835 3.785 1.866 0.000 0.000 0.000 0.000 0.085 2.353 0.000 1.273 3.768 0.000 0.000 0.000 0.051 0.000 0.000 
1 test1dax_inconsistent left_hidden0.000 1.709 0.084 1.372 0.995 0.000 0.000 0.000 0.069 0.000 1.357 0.262 0.313 0.000 0.000 0.000 0.382 2.555 0.000 0.000 
1 test1dax_inconsistent right_hidden0.000 0.356 0.513 1.783 0.260 0.000 0.000 0.000 0.179 0.000 0.920 0.000 1.595 1.411 0.000 0.036 0.133 0.598 0.211 0.000 
0 test1dax_consistent left_hidden0.451 0.218 0.000 1.240 1.673 0.000 1.586 1.439 0.337 0.000 0.040 0.502 0.846 0.374 0.625 0.053 0.000 0.116 0.653 0.424 
0 test1dax_consistent right_hidden0.412 0.916 0.000 0.770 2.256 2.990 0.681 2.574 1.093 1.759 0.826 0.000 0.111 1.543 2.808 0.016 0.000 0.000 0.000 1.071 
1 test1dax_inconsistent left_hidden0.451 0.218 0.000 1.240 1.673 0.000 1.586 1.439 0.337 0.000 0.040 0.502 0.846 0.374 0.625 0.053 0.000 0.116 0.653 0.424 
1 test1dax_inconsistent right_hidden0.120 0.453 0.000 0.414 1.121 0.732 1.131 1.121 1.069 0.616 0.521 0.000 0.000 0.463 0.629 0.000 0.000 0.204 0.005 0.928 
0 test1dax_consistent left_hidden0.792 0.000 0.000 1.414 0.447 0.241 0.023 0.000 0.166 0.221 0.043 0.145 0.745 2.328 0.000 0.000 0.981 0.990 1.435 0.000 
0 test1dax_consistent right_hidden0.761 0.002 0.952 3.454 0.090 0.000 2.321 0.000 0.000 0.000 0.000 0.000 1.837 1.435 0.000 0.662 0.000 1.771 3.520 0.000 
1 test1dax_inconsistent left_hidden0.792 0.000 0.000 1.414 0.447 0.241 0.023 0.000 0.166 0.221 0.043 0.145 0.745 2.328 0.000 0.000 0.981 0.990 1.435 0.000 
1 test1dax_inconsistent right_hidden0.068 0.202 0.590 1.294 0.745 0.242 1.155 0.000 0.161 0.336 0.000 0.000 0.245 0.338 0.000 0.057 0.590 1.060 2.028 0.000 
0 test1dax_consistent left_hidden0.864 1.055 0.000 0.000 1.247 0.832 0.000 0.144 0.000 0.289 0.000 0.000 0.117 0.825 1.416 0.560 1.013 1.060 1.790 0.000 
0 test1dax_consistent right_hidden2.706 0.806 0.001 0.000 0.021 1.475 0.900 0.000 0.566 0.015 0.656 3.337 0.000 2.331 0.414 2.767 1.624 1.678 0.559 0.000 
1 test1dax_inconsistent left_hidden0.864 1.055 0.000 0.000 1.247 0.832 0.000 0.144 0.000 0.289 0.000 0.000 0.117 0.825 1.416 0.560 1.013 1.060 1.790 0.000 
1 test1dax_inconsistent right_hidden0.839 0.020 0.188 0.000 0.229 0.577 0.332 0.008 0.312 0.173 0.006 0.828 0.055 0.596 0.210 1.578 1.227 0.212 0.759 0.000 
0 test1dax_consistent left_hidden0.314 0.000 0.000 0.134 1.107 0.000 1.536 0.000 1.548 0.355 2.032 0.000 0.303 0.000 0.000 0.000 0.000 0.000 0.000 0.851 
0 test1dax_consistent right_hidden1.895 0.312 1.124 0.000 5.313 0.000 2.695 0.000 0.694 0.141 0.063 0.000 0.552 0.000 0.000 0.000 2.525 0.000 0.000 0.000 
1 test1dax_inconsistent left_hidden0.314 0.000 0.000 0.134 1.107 0.000 1.536 0.000 1.548 0.355 2.032 0.000 0.303 0.000 0.000 0.000 0.000 0.000 0.000 0.851 
1 test1dax_inconsistent right_hidden1.116 1.448 0.522 0.000 2.693 0.000 0.692 0.000 0.270 0.658 0.398 0.000 0.805 0.000 0.000 0.000 0.000 0.000 0.000 0.052 
0 test1dax_consistent left_hidden0.901 0.000 0.276 0.582 1.995 0.914 0.168 0.000 0.000 0.000 1.209 0.372 0.985 0.685 1.241 1.033 0.109 0.000 1.193 0.432 
0 test1dax_consistent right_hidden0.000 0.000 0.062 0.000 3.768 0.024 0.000 0.000 0.829 0.000 2.067 1.925 0.678 1.582 1.505 0.000 3.273 1.634 0.000 0.032 
1 test1dax_inconsistent left_hidden0.901 0.000 0.276 0.582 1.995 0.914 0.168 0.000 0.000 0.000 1.209 0.372 0.985 0.685 1.241 1.033 0.109 0.000 1.193 0.432 
1 test1dax_inconsistent right_hidden0.000 0.000 0.000 0.000 1.776 0.487 0.000 0.000 0.000 0.000 0.862 0.434 0.075 0.676 1.533 0.000 1.506 0.322 0.134 0.490 
0 test1dax_consistent left_hidden0.000 0.770 0.249 0.097 0.357 2.281 0.673 0.608 0.247 0.396 0.000 0.000 0.741 0.000 0.218 1.519 0.000 0.000 1.158 0.211 
0 test1dax_consistent right_hidden1.513 3.418 0.140 0.487 0.000 0.000 0.000 2.068 2.034 0.000 1.013 0.000 1.985 0.056 1.871 1.503 0.000 1.824 0.000 0.602 
1 test1dax_inconsistent left_hidden0.000 0.770 0.249 0.097 0.357 2.281 0.673 0.608 0.247 0.396 0.000 0.000 0.741 0.000 0.218 1.519 0.000 0.000 1.158 0.211 
1 test1dax_inconsistent right_hidden0.252 1.034 0.421 0.263 0.000 0.645 0.000 1.554 0.955 0.180 0.000 0.000 0.538 0.211 1.085 0.481 0.000 0.750 0.072 1.111 
0 test1dax_consistent left_hidden0.000 0.000 0.161 0.000 1.851 0.772 0.007 0.583 0.000 0.000 0.000 0.079 1.803 2.017 0.168 0.026 0.245 0.000 0.000 1.569 
0 test1dax_consistent right_hidden0.000 0.000 0.000 0.000 0.000 1.446 0.187 0.170 3.149 0.055 0.898 0.000 0.000 0.099 0.000 0.000 4.271 0.000 0.063 2.672 
1 test1dax_inconsistent left_hidden0.000 0.000 0.161 0.000 1.851 0.772 0.007 0.583 0.000 0.000 0.000 0.079 1.803 2.017 0.168 0.026 0.245 0.000 0.000 1.569 
1 test1dax_inconsistent right_hidden0.000 0.090 0.000 0.275 0.062 0.189 0.157 0.855 1.363 0.103 0.854 0.000 0.032 0.869 0.000 0.000 1.491 0.000 0.000 0.647 
0 test1dax_consistent left_hidden0.000 0.581 0.192 0.323 0.471 1.237 1.766 0.189 0.000 0.064 0.945 0.765 0.000 0.767 0.000 0.176 1.761 0.000 0.223 0.489 
0 test1dax_consistent right_hidden0.000 0.044 0.000 1.648 2.032 2.551 0.337 1.650 0.535 1.560 1.484 0.000 0.224 3.276 0.000 1.899 0.097 0.866 1.924 1.566 
1 test1dax_inconsistent left_hidden0.000 0.581 0.192 0.323 0.471 1.237 1.766 0.189 0.000 0.064 0.945 0.765 0.000 0.767 0.000 0.176 1.761 0.000 0.223 0.489 
1 test1dax_inconsistent right_hidden0.000 0.435 0.000 0.502 0.799 1.265 0.418 1.042 0.108 1.012 0.519 0.000 0.570 1.093 0.000 0.629 0.961 0.447 1.137 1.043 
0 test1dax_consistent left_hidden0.000 0.000 0.386 0.070 0.210 0.802 2.487 0.791 0.031 1.675 0.056 0.209 0.000 0.000 0.000 0.000 1.083 0.000 0.026 0.635 
0 test1dax_consistent right_hidden0.615 0.000 1.884 2.736 0.993 3.315 2.756 0.686 0.000 1.502 0.000 1.438 1.562 0.687 0.000 0.000 0.000 0.000 0.319 0.000 
1 test1dax_inconsistent left_hidden0.000 0.000 0.386 0.070 0.210 0.802 2.487 0.791 0.031 1.675 0.056 0.209 0.000 0.000 0.000 0.000 1.083 0.000 0.026 0.635 
1 test1dax_inconsistent right_hidden0.621 0.000 0.745 0.905 0.211 1.389 0.855 0.533 0.005 0.962 0.000 0.739 1.019 0.134 0.000 0.000 0.000 0.146 0.790 0.000 
0 test1dax_consistent left_hidden0.000 0.517 0.000 0.045 0.065 1.112 1.908 0.000 2.229 0.553 0.000 0.000 0.146 0.000 0.429 0.401 0.000 0.236 0.000 0.000 
0 test1dax_consistent right_hidden0.000 0.229 0.000 0.431 1.440 0.017 2.179 0.000 3.742 2.724 0.000 0.000 0.492 2.950 0.012 1.806 0.074 0.030 1.641 0.000 
1 test1dax_inconsistent left_hidden0.000 0.517 0.000 0.045 0.065 1.112 1.908 0.000 2.229 0.553 0.000 0.000 0.146 0.000 0.429 0.401 0.000 0.236 0.000 0.000 
1 test1dax_inconsistent right_hidden0.000 0.299 0.000 0.738 0.493 0.876 0.711 0.000 0.988 1.278 0.000 0.000 0.596 1.620 0.000 0.738 0.000 0.590 0.607 0.000 
0 test1dax_consistent left_hidden1.332 0.219 0.000 0.000 0.112 1.253 0.167 0.000 1.183 0.129 1.079 1.991 0.847 0.474 0.000 0.306 0.000 0.346 0.000 0.128 
0 test1dax_consistent right_hidden0.000 0.000 1.683 1.435 0.000 0.000 1.255 0.000 0.040 0.000 0.693 3.829 0.286 1.313 0.103 0.000 3.016 0.000 1.276 0.051 
1 test1dax_inconsistent left_hidden1.332 0.219 0.000 0.000 0.112 1.253 0.167 0.000 1.183 0.129 1.079 1.991 0.847 0.474 0.000 0.306 0.000 0.346 0.000 0.128 
1 test1dax_inconsistent right_hidden0.000 0.376 0.453 1.232 0.079 0.250 0.972 0.000 0.098 0.000 1.230 0.914 0.000 0.700 0.000 0.013 1.353 0.000 0.278 0.096 
0 test1dax_consistent left_hidden1.480 0.000 0.000 0.074 0.242 1.131 0.000 0.000 0.164 0.293 0.004 1.386 1.502 0.000 0.779 0.000 1.128 1.848 0.000 0.000 
0 test1dax_consistent right_hidden3.029 0.000 0.000 3.211 0.126 0.000 0.000 1.339 1.517 1.039 0.000 0.027 0.000 0.000 0.089 4.205 0.120 1.553 0.000 0.000 
1 test1dax_inconsistent left_hidden1.480 0.000 0.000 0.074 0.242 1.131 0.000 0.000 0.164 0.293 0.004 1.386 1.502 0.000 0.779 0.000 1.128 1.848 0.000 0.000 
1 test1dax_inconsistent right_hidden0.857 0.000 0.000 1.639 0.000 0.414 0.000 0.999 0.998 0.000 0.000 0.671 0.000 0.000 0.000 1.269 1.001 0.980 0.000 0.000 
0 test1dax_consistent left_hidden2.205 0.413 0.039 0.000 0.865 0.052 0.000 0.000 2.557 0.148 0.000 0.000 0.872 0.998 0.462 0.567 0.000 0.000 0.000 0.038 
0 test1dax_consistent right_hidden2.186 0.000 0.000 0.000 1.498 0.000 0.000 0.094 0.000 1.013 3.943 1.449 3.568 1.461 0.743 1.678 0.000 0.310 0.000 0.000 
1 test1dax_inconsistent left_hidden2.205 0.413 0.039 0.000 0.865 0.052 0.000 0.000 2.557 0.148 0.000 0.000 0.872 0.998 0.462 0.567 0.000 0.000 0.000 0.038 
1 test1dax_inconsistent right_hidden0.743 0.796 0.000 0.000 1.441 0.000 0.000 0.353 0.000 0.863 1.220 0.212 1.433 0.795 0.000 0.851 0.000 0.010 0.000 0.000 
0 test1dax_consistent left_hidden0.000 0.939 0.000 0.658 0.000 0.019 1.589 1.039 0.266 2.007 1.718 0.000 1.374 0.000 0.000 0.244 0.093 0.524 0.000 0.366 
0 test1dax_consistent right_hidden0.000 1.039 0.000 0.658 0.000 0.004 1.233 0.873 1.980 1.374 0.257 0.424 3.714 4.020 0.440 0.000 0.167 0.899 0.000 0.000 
1 test1dax_inconsistent left_hidden0.000 0.939 0.000 0.658 0.000 0.019 1.589 1.039 0.266 2.007 1.718 0.000 1.374 0.000 0.000 0.244 0.093 0.524 0.000 0.366 
1 test1dax_inconsistent right_hidden0.000 0.517 0.091 0.230 0.018 0.019 0.710 1.360 1.293 0.139 0.007 0.385 1.165 1.236 0.483 0.615 0.398 0.666 0.000 0.000 
0 test1dax_consistent left_hidden2.221 0.068 0.498 0.347 1.222 0.171 0.057 0.367 0.036 0.559 0.000 0.445 0.012 0.339 1.854 0.686 0.632 0.542 0.000 0.252 
0 test1dax_consistent right_hidden0.955 0.000 0.000 0.103 1.798 0.000 3.023 0.000 0.390 0.000 0.000 0.081 0.000 3.249 2.885 0.000 3.020 0.000 0.000 0.000 
1 test1dax_inconsistent left_hidden2.221 0.068 0.498 0.347 1.222 0.171 0.057 0.367 0.036 0.559 0.000 0.445 0.012 0.339 1.854 0.686 0.632 0.542 0.000 0.252 
1 test1dax_inconsistent right_hidden1.238 0.057 0.000 0.008 0.895 0.000 1.840 0.000 0.820 0.000 0.000 0.558 0.218 1.784 0.887 0.000 0.814 0.116 0.000 0.306 
