0 test2fip_consistent 2.041 1.332 2.112 0.776 0.375 0.444 0.000 3.177 0.723 1.449 0.000 0.777 0.858 0.000 0.866 0.872 0.000 1.474 0.000 0.000 1.468 0.751 0.154 0.222 0.074 0.416 0.000 0.087 0.000 1.087 1.036 0.189 1.400 0.597 2.391 0.127 0.000 1.058 0.065 0.000 
1 test2fip_inconsistent 2.041 1.332 2.112 0.776 0.375 0.444 0.000 3.177 0.723 1.449 0.000 0.777 0.858 0.000 0.866 0.872 0.000 1.474 0.000 0.000 3.157 1.586 1.958 2.256 0.000 0.000 0.000 3.114 1.281 2.056 0.841 0.931 0.000 0.221 1.965 1.040 0.000 0.874 0.000 0.047 
0 test2fip_consistent 1.133 1.740 0.000 0.000 0.000 0.000 0.000 0.000 3.012 1.993 2.224 2.515 0.000 1.240 0.003 0.000 0.254 0.000 0.000 0.090 1.673 0.409 2.095 0.482 0.000 0.027 0.000 0.000 0.000 0.000 0.821 0.094 2.404 0.000 0.565 0.000 0.610 0.003 0.019 0.222 
1 test2fip_inconsistent 1.133 1.740 0.000 0.000 0.000 0.000 0.000 0.000 3.012 1.993 2.224 2.515 0.000 1.240 0.003 0.000 0.254 0.000 0.000 0.090 1.553 2.350 1.621 0.000 0.000 0.000 0.000 0.000 3.044 1.191 1.799 1.760 2.794 0.358 0.339 0.000 0.301 0.361 0.000 0.473 
0 test2fip_consistent 2.709 0.608 0.000 0.000 0.000 3.485 0.590 0.620 0.000 0.059 1.448 0.726 1.097 1.909 0.484 0.000 0.000 0.000 0.000 1.471 0.000 0.000 1.563 0.000 0.000 0.000 0.000 0.000 0.000 0.000 2.799 1.227 0.000 1.108 1.708 0.154 0.000 0.511 0.000 0.795 
1 test2fip_inconsistent 2.709 0.608 0.000 0.000 0.000 3.485 0.590 0.620 0.000 0.059 1.448 0.726 1.097 1.909 0.484 0.000 0.000 0.000 0.000 1.471 1.662 0.403 1.464 0.000 0.000 2.491 0.000 0.705 0.000 0.000 3.185 0.726 1.024 2.629 0.443 0.000 0.000 0.522 0.000 2.242 
0 test2fip_consistent 0.000 1.118 0.000 0.000 1.876 0.000 4.064 1.736 1.438 0.000 2.296 1.151 0.000 1.140 0.000 0.000 0.000 0.000 0.000 0.000 0.000 0.000 0.001 0.251 0.885 0.000 0.000 0.984 0.819 0.070 0.022 0.678 2.070 1.972 0.000 0.032 1.005 0.000 0.377 1.343 
1 test2fip_inconsistent 0.000 1.118 0.000 0.000 1.876 0.000 4.064 1.736 1.438 0.000 2.296 1.151 0.000 1.140 0.000 0.000 0.000 0.000 0.000 0.000 0.000 0.588 0.000 0.005 2.864 0.000 2.026 2.873 2.571 0.000 1.434 2.785 1.731 1.503 0.000 0.000 0.000 0.000 0.000 0.292 
0 test2fip_consistent 3.995 0.000 0.361 0.000 2.051 0.000 0.000 0.582 1.058 0.000 0.000 0.000 0.000 0.000 3.050 0.000 0.382 0.828 0.000 0.000 1.139 0.000 0.742 0.538 1.789 1.256 0.000 0.000 0.000 0.068 0.000 0.000 0.074 1.829 0.000 0.000 0.612 0.991 1.320 2.246 
1 test2fip_inconsistent 3.995 0.000 0.361 0.000 2.051 0.000 0.000 0.582 1.058 0.000 0.000 0.000 0.000 0.000 3.050 0.000 0.382 0.828 0.000 0.000 3.697 0.000 0.305 0.371 2.401 0.000 0.000 0.000 2.351 0.000 0.000 0.000 0.358 1.359 1.853 0.000 2.764 1.030 0.887 0.693 
0 test2fip_consistent 0.000 1.547 1.617 0.768 0.496 0.470 0.000 1.480 3.713 1.044 0.807 0.000 0.000 1.175 0.000 0.000 0.000 1.114 1.440 0.000 0.000 1.216 0.132 0.000 0.000 0.777 0.000 0.889 0.000 0.036 1.112 0.000 0.636 0.000 0.000 1.331 0.000 0.954 3.001 0.004 
1 test2fip_inconsistent 0.000 1.547 1.617 0.768 0.496 0.470 0.000 1.480 3.713 1.044 0.807 0.000 0.000 1.175 0.000 0.000 0.000 1.114 1.440 0.000 0.000 1.713 1.516 0.000 0.000 0.746 0.000 0.508 4.044 0.667 0.924 0.000 0.951 1.141 0.000 0.000 0.000 1.006 3.373 0.018 
0 test2fip_consistent 0.631 1.287 3.251 0.000 0.321 0.000 0.000 0.000 0.000 0.278 0.000 1.284 2.150 2.416 0.000 0.000 0.828 0.000 0.962 1.939 0.014 0.000 0.000 0.342 0.041 0.052 0.041 0.000 0.000 0.000 0.903 1.999 0.773 0.000 0.000 0.000 3.151 0.000 0.544 1.050 
1 test2fip_inconsistent 0.631 1.287 3.251 0.000 0.321 0.000 0.000 0.000 0.000 0.278 0.000 1.284 2.150 2.416 0.000 0.000 0.828 0.000 0.962 1.939 0.080 1.728 2.322 0.000 0.000 0.000 0.000 0.000 0.000 0.044 0.641 3.567 1.112 2.341 0.000 0.000 1.954 0.000 1.975 2.159 
0 test2fip_consistent 0.201 2.253 1.014 0.000 0.000 2.171 1.885 0.000 2.556 0.000 0.749 0.296 0.000 0.000 0.778 0.000 0.142 2.647 0.369 0.427 1.537 0.215 1.600 0.138 0.000 0.507 1.440 0.184 0.622 0.000 0.596 1.503 1.147 0.000 0.218 0.968 0.324 0.888 0.771 0.467 
1 test2fip_inconsistent 0.201 2.253 1.014 0.000 0.000 2.171 1.885 0.000 2.556 0.000 0.749 0.296 0.000 0.000 0.778 0.000 0.142 2.647 0.369 0.427 1.312 3.102 0.666 0.000 0.019 2.198 1.215 0.000 1.866 0.000 0.311 0.835 0.731 0.000 2.474 1.796 0.607 1.502 0.000 1.542 
0 test2fip_consistent 1.182 2.819 0.000 0.199 0.000 0.000 0.000 1.619 0.472 1.419 0.000 0.233 0.000 0.000 2.255 0.000 4.102 0.000 0.000 1.378 3.109 0.616 0.000 0.000 0.000 0.000 0.007 0.000 0.261 0.176 0.527 0.095 1.603 0.208 0.160 1.909 0.895 0.000 0.261 0.000 
1 test2fip_inconsistent 1.182 2.819 0.000 0.199 0.000 0.000 0.000 1.619 0.472 1.419 0.000 0.233 0.000 0.000 2.255 0.000 4.102 0.000 0.000 1.378 3.165 1.695 0.000 0.000 0.000 0.000 0.000 0.000 0.326 1.533 0.201 0.000 0.779 0.000 3.132 0.442 4.723 0.000 0.061 0.000 
0 test2fip_consistent 0.821 0.060 0.000 0.000 0.000 3.988 1.427 0.000 1.445 0.000 0.623 0.000 0.514 3.057 0.000 0.000 0.000 0.356 0.646 0.000 0.958 0.823 0.000 0.403 0.000 0.058 0.061 0.000 0.653 0.433 3.151 1.686 0.300 0.068 0.974 0.000 0.006 0.035 0.130 0.000 
1 test2fip_inconsistent 0.821 0.060 0.000 0.000 0.000 3.988 1.427 0.000 1.445 0.000 0.623 0.000 0.514 3.057 0.000 0.000 0.000 0.356 0.646 0.000 0.853 1.374 0.000 0.167 0.000 2.080 0.000 0.000 2.559 0.000 3.266 1.183 1.302 3.240 0.657 0.000 0.000 0.000 0.702 0.000 
0 test2fip_consistent 0.000 0.000 0.000 0.109 0.840 0.000 0.000 0.042 0.000 0.079 0.065 0.000 0.000 0.661 0.284 0.000 0.605 0.000 0.880 6.353 0.041 0.000 2.975 1.718 0.569 0.442 0.000 0.000 0.000 0.472 1.797 0.000 0.000 0.000 0.892 0.000 0.081 0.000 0.976 0.000 
1 test2fip_inconsistent 0.000 0.000 0.000 0.109 0.840 0.000 0.000 0.042 0.000 0.079 0.065 0.000 0.000 0.661 0.284 0.000 0.605 0.000 0.880 6.353 0.000 0.000 2.750 1.455 0.415 1.603 0.000 0.000 0.000 0.314 0.739 0.000 0.000 1.402 0.759 0.000 0.000 0.000 3.604 3.542 
0 test2fip_consistent 1.015 3.944 0.250 0.000 0.000 0.000 0.000 2.648 0.111 0.000 0.000 0.000 0.123 2.578 1.533 0.044 1.397 0.000 0.000 0.085 0.000 0.000 1.912 0.198 0.360 0.000 0.000 0.634 0.000 0.000 0.000 1.042 1.632 0.000 2.168 0.000 0.000 1.112 0.000 1.300 
1 test2fip_inconsistent 1.015 3.944 0.250 0.000 0.000 0.000 0.000 2.648 0.111 0.000 0.000 0.000 0.123 2.578 1.533 0.044 1.397 0.000 0.000 0.085 1.225 4.112 2.313 0.016 0.000 0.000 0.000 2.003 0.000 0.000 0.000 0.111 1.150 1.927 2.029 0.000 0.871 0.630 0.000 1.059 
0 test2fip_consistent 1.591 0.000 0.605 1.943 0.001 0.000 0.016 0.752 0.000 0.000 0.000 0.000 1.701 0.239 0.781 0.646 3.640 1.058 0.098 2.712 1.998 0.000 0.002 0.233 0.373 0.000 0.885 1.480 0.000 0.000 0.128 0.031 0.200 1.583 0.315 0.589 0.076 1.092 1.602 0.000 
1 test2fip_inconsistent 1.591 0.000 0.605 1.943 0.001 0.000 0.016 0.752 0.000 0.000 0.000 0.000 1.701 0.239 0.781 0.646 3.640 1.058 0.098 2.712 2.544 0.000 0.000 1.670 1.466 0.000 0.173 3.060 0.000 0.581 0.000 0.000 2.498 0.566 1.605 0.716 3.005 1.479 1.037 0.956 
0 test2fip_consistent 2.453 0.000 4.492 0.000 0.000 1.177 1.864 0.000 0.000 0.000 0.000 0.000 0.000 0.032 0.000 0.000 0.000 1.508 0.871 0.000 0.000 0.418 1.589 1.686 0.000 0.000 0.182 0.000 0.000 0.000 0.000 0.029 0.000 2.542 0.000 0.000 0.000 0.573 1.390 0.000 
1 test2fip_inconsistent 2.453 0.000 4.492 0.000 0.000 1.177 1.864 0.000 0.000 0.000 0.000 0.000 0.000 0.032 0.000 0.000 0.000 1.508 0.871 0.000 0.000 0.000 5.766 0.000 0.000 0.000 2.071 0.000 0.000 0.000 0.000 0.000 0.000 1.228 0.000 0.000 0.000 2.113 1.569 0.035 
0 test2fip_consistent 0.000 0.000 0.000 0.000 0.411 0.000 0.000 0.000 2.038 0.000 1.280 4.581 0.894 0.000 0.000 0.000 4.183 0.000 0.672 0.000 0.000 1.982 1.231 0.000 0.074 0.000 0.000 0.000 0.384 0.004 0.000 0.000 0.000 0.033 0.000 2.951 0.931 0.000 0.933 0.000 
1 test2fip_inconsistent 0.000 0.000 0.000 0.000 0.411 0.000 0.000 0.000 2.038 0.000 1.280 4.581 0.894 0.000 0.000 0.000 4.183 0.000 0.672 0.000 0.000 1.229 0.269 0.000 0.226 0.000 0.000 0.000 1.197 0.000 0.000 4.372 0.037 0.000 0.000 2.674 0.516 0.000 2.538 0.000 
0 test2fip_consistent 0.010 0.000 0.092 0.000 0.000 0.000 1.803 0.264 0.000 0.000 0.871 4.094 1.509 1.628 0.000 0.052 0.000 3.843 0.000 0.000 2.660 0.000 0.000 0.000 0.258 0.301 0.792 0.959 1.452 0.021 1.498 0.000 0.524 0.347 0.134 0.901 0.062 0.561 1.165 0.000 
1 test2fip_inconsistent 0.010 0.000 0.092 0.000 0.000 0.000 1.803 0.264 0.000 0.000 0.871 4.094 1.509 1.628 0.000 0.052 0.000 3.843 0.000 0.000 2.527 0.000 0.000 0.000 0.918 0.000 2.229 1.518 1.139 0.000 1.374 2.922 2.214 2.046 0.071 0.832 0.000 2.950 0.491 0.000 
0 test2fip_consistent 0.000 0.000 0.000 0.501 1.493 2.144 0.000 0.000 0.000 0.000 0.000 3.013 0.000 0.000 1.425 0.620 4.139 2.264 0.014 0.000 0.000 0.023 0.235 0.052 0.000 0.059 0.000 0.000 0.000 0.000 0.009 0.000 0.000 0.000 2.731 3.137 0.000 0.002 0.058 0.087 
1 test2fip_inconsistent 0.000 0.000 0.000 0.501 1.493 2.144 0.000 0.000 0.000 0.000 0.000 3.013 0.000 0.000 1.425 0.620 4.139 2.264 0.014 0.000 0.000 0.000 1.506 0.000 0.000 0.388 0.000 0.109 0.000 0.000 0.000 1.301 0.836 0.000 3.753 2.290 3.867 1.302 0.000 0.000 
0 test2fip_consistent 1.884 0.000 0.000 0.000 0.076 0.000 0.449 0.000 0.000 0.000 3.301 0.000 0.000 0.026 2.010 0.937 0.000 0.762 0.000 2.956 1.595 2.862 0.000 0.100 0.441 0.000 1.458 0.000 0.000 0.040 0.032 0.000 0.015 0.092 0.122 0.000 2.437 0.000 0.825 0.000 
1 test2fip_inconsistent 1.884 0.000 0.000 0.000 0.076 0.000 0.449 0.000 0.000 0.000 3.301 0.000 0.000 0.026 2.010 0.937 0.000 0.762 0.000 2.956 3.454 1.208 0.000 0.000 0.490 0.000 1.364 0.000 0.000 0.009 3.261 0.000 0.000 0.112 0.182 0.000 1.621 0.308 0.000 2.616 
0 test2fip_consistent 0.000 3.046 1.124 1.600 0.000 0.605 0.000 0.546 0.000 0.539 2.062 2.305 1.239 0.444 0.000 0.000 0.000 0.200 1.991 0.000 2.338 0.110 1.776 1.409 1.677 0.000 0.000 1.972 0.000 0.000 0.177 0.000 0.374 0.030 0.000 0.000 0.000 0.043 0.000 0.000 
1 test2fip_inconsistent 0.000 3.046 1.124 1.600 0.000 0.605 0.000 0.546 0.000 0.539 2.062 2.305 1.239 0.444 0.000 0.000 0.000 0.200 1.991 0.000 1.003 3.399 3.649 1.379 0.383 0.000 0.000 1.879 0.000 0.000 2.278 0.995 1.938 0.000 0.000 0.000 0.000 0.379 0.757 0.000 
0 test2fip_consistent 0.000 0.008 0.000 0.000 0.196 1.240 0.474 0.000 0.000 3.917 1.856 0.000 0.503 3.063 0.000 0.108 0.182 2.326 0.000 1.586 0.000 1.003 0.163 0.000 0.000 0.000 3.216 0.000 0.000 0.885 0.000 0.000 1.169 0.000 0.000 0.000 0.000 1.359 0.000 1.725 
1 test2fip_inconsistent 0.000 0.008 0.000 0.000 0.196 1.240 0.474 0.000 0.000 3.917 1.856 0.000 0.503 3.063 0.000 0.108 0.182 2.326 0.000 1.586 0.000 0.629 0.016 0.000 0.000 0.086 2.258 0.000 0.000 4.043 1.108 0.000 0.956 2.145 0.000 0.000 0.000 3.098 0.000 2.840 
0 test2fip_consistent 0.000 0.000 2.926 0.000 0.594 0.000 0.000 3.085 2.825 0.253 0.000 0.000 0.000 1.527 0.159 2.023 0.387 0.000 0.000 0.000 0.000 0.000 2.692 0.010 0.000 0.000 0.000 0.915 0.453 1.700 0.202 0.000 0.000 0.000 0.000 0.000 2.881 0.000 0.000 0.000 
1 test2fip_inconsistent 0.000 0.000 2.926 0.000 0.594 0.000 0.000 3.085 2.825 0.253 0.000 0.000 0.000 1.527 0.159 2.023 0.387 0.000 0.000 0.000 0.000 0.000 4.421 0.000 0.000 0.000 0.000 3.005 2.232 1.374 1.146 0.000 0.000 1.352 0.000 2.199 0.769 0.000 0.000 0.000 
0 test2fip_consistent 0.000 0.272 0.000 0.000 0.482 1.719 0.000 4.284 0.000 3.287 0.000 0.926 0.000 0.000 0.000 1.728 0.851 0.000 0.013 0.000 0.000 1.824 0.000 0.000 0.000 0.530 0.000 0.964 0.000 0.000 0.052 0.555 0.000 0.000 2.465 0.000 1.671 1.314 0.529 0.418 
1 test2fip_inconsistent 0.000 0.272 0.000 0.000 0.482 1.719 0.000 4.284 0.000 3.287 0.000 0.926 0.000 0.000 0.000 1.728 0.851 0.000 0.013 0.000 0.000 1.411 0.000 0.000 0.000 1.910 0.000 3.261 0.000 3.305 0.000 0.000 0.000 0.000 1.216 1.340 1.062 1.713 0.531 0.467 
0 test2fip_consistent 0.614 0.722 0.213 2.971 3.550 1.102 0.627 0.035 0.000 0.000 0.000 0.000 0.000 0.000 0.000 0.903 2.120 1.807 0.486 0.593 0.067 0.069 0.134 0.949 0.660 0.000 0.000 1.788 0.000 0.000 0.000 0.000 0.000 1.185 0.131 0.000 0.010 0.621 2.026 2.407 
1 test2fip_inconsistent 0.614 0.722 0.213 2.971 3.550 1.102 0.627 0.035 0.000 0.000 0.000 0.000 0.000 0.000 0.000 0.903 2.120 1.807 0.486 0.593 0.125 0.738 0.066 3.342 3.575 0.000 1.512 1.131 0.000 0.000 0.000 0.012 0.000 0.485 0.000 0.201 1.096 2.772 1.295 2.311 
0 test2fip_consistent 0.255 0.786 0.299 0.000 0.000 0.000 0.000 0.000 1.009 1.292 0.000 0.897 2.355 1.784 0.000 0.758 1.880 3.160 0.254 1.681 0.227 0.066 0.055 0.000 0.000 0.000 0.092 0.000 1.362 0.000 0.000 0.083 0.024 0.866 1.436 0.171 0.368 0.729 1.446 2.262 
1 test2fip_inconsistent 0.255 0.786 0.299 0.000 0.000 0.000 0.000 0.000 1.009 1.292 0.000 0.897 2.355 1.784 0.000 0.758 1.880 3.160 0.254 1.681 0.000 0.903 0.020 0.000 0.000 0.165 0.039 0.000 1.571 0.000 0.000 0.539 3.049 1.046 0.000 1.303 2.445 2.946 1.060 3.132 
0 test2fip_consistent 0.000 0.000 1.306 1.875 0.000 0.000 0.000 1.103 0.000 0.000 3.260 1.595 1.575 1.802 1.379 0.000 0.000 0.000 4.143 0.000 0.000 0.000 0.000 2.599 0.107 2.898 0.000 1.236 0.000 0.000 0.000 0.280 0.393 0.734 0.000 0.020 0.000 0.000 0.000 0.000 
1 test2fip_inconsistent 0.000 0.000 1.306 1.875 0.000 0.000 0.000 1.103 0.000 0.000 3.260 1.595 1.575 1.802 1.379 0.000 0.000 0.000 4.143 0.000 0.000 0.000 0.000 3.609 0.000 1.542 0.000 2.403 0.000 0.000 0.000 2.166 1.497 0.851 0.000 0.000 0.000 0.000 3.084 0.000 
0 test2fip_consistent 1.821 0.000 1.771 0.000 0.000 0.000 0.000 3.255 1.710 1.465 0.050 2.827 0.000 1.409 0.470 2.520 0.070 0.000 0.000 0.000 0.763 0.000 0.000 0.000 0.000 2.193 0.000 0.252 0.000 0.331 0.000 0.000 0.507 0.322 0.000 0.537 0.000 3.168 0.000 0.371 
1 test2fip_inconsistent 1.821 0.000 1.771 0.000 0.000 0.000 0.000 3.255 1.710 1.465 0.050 2.827 0.000 1.409 0.470 2.520 0.070 0.000 0.000 0.000 1.306 0.000 0.000 0.000 0.000 1.187 0.000 2.800 0.000 1.918 0.000 2.115 0.821 0.953 1.404 2.147 0.000 2.586 0.000 1.376 
0 test2fip_consistent 0.000 0.000 0.000 0.748 1.005 0.208 0.661 0.603 0.000 0.000 0.000 3.409 3.187 0.000 0.000 0.000 1.036 0.000 0.000 2.395 1.492 0.131 0.000 3.461 1.294 0.000 0.000 0.000 0.062 0.690 0.088 1.345 0.299 0.000 0.000 0.000 0.381 0.000 0.000 0.098 
1 test2fip_inconsistent 0.000 0.000 0.000 0.748 1.005 0.208 0.661 0.603 0.000 0.000 0.000 3.409 3.187 0.000 0.000 0.000 1.036 0.000 0.000 2.395 0.167 0.000 0.000 2.235 0.000 0.029 1.288 0.000 0.000 0.487 0.000 5.504 2.161 0.000 0.000 0.000 1.438 0.000 0.000 0.766 
0 test2fip_consistent 3.599 0.617 0.540 0.000 0.000 0.000 1.716 0.008 0.000 0.000 1.892 0.000 0.247 0.263 0.000 3.373 0.000 0.000 0.253 1.509 0.949 0.965 1.150 0.171 1.862 1.708 0.000 0.097 1.550 0.000 0.000 0.110 1.510 1.277 0.000 0.000 0.153 0.000 0.314 0.000 
1 test2fip_inconsistent 3.599 0.617 0.540 0.000 0.000 0.000 1.716 0.008 0.000 0.000 1.892 0.000 0.247 0.263 0.000 3.373 0.000 0.000 0.253 1.509 4.628 1.677 0.843 0.000 0.385 0.649 1.606 0.000 0.324 0.000 0.000 0.000 1.362 0.144 0.795 0.000 0.027 0.000 0.142 0.943 
0 test2fip_consistent 0.388 1.360 1.637 0.993 0.000 0.676 0.013 1.318 1.256 1.890 1.367 1.776 0.489 0.463 0.000 0.000 2.568 0.475 1.603 0.000 0.906 0.187 0.628 1.313 0.000 0.187 0.303 1.923 0.000 0.000 0.590 0.055 1.867 0.202 0.000 1.573 0.538 0.689 0.000 0.011 
1 test2fip_inconsistent 0.388 1.360 1.637 0.993 0.000 0.676 0.013 1.318 1.256 1.890 1.367 1.776 0.489 0.463 0.000 0.000 2.568 0.475 1.603 0.000 0.884 1.685 1.701 1.053 0.000 1.068 0.294 2.535 0.269 1.425 2.131 0.071 1.627 0.579 0.000 0.941 3.279 0.409 0.826 0.043 
0 test2fip_consistent 0.000 0.000 2.268 0.000 0.643 0.918 0.314 0.000 0.425 0.000 1.180 3.282 0.000 2.815 1.580 0.000 1.802 0.476 0.000 0.689 0.000 0.000 0.150 2.479 0.000 0.255 0.000 0.000 1.440 0.000 0.604 1.130 0.658 2.181 0.063 0.000 0.000 0.000 0.000 0.364 
1 test2fip_inconsistent 0.000 0.000 2.268 0.000 0.643 0.918 0.314 0.000 0.425 0.000 1.180 3.282 0.000 2.815 1.580 0.000 1.802 0.476 0.000 0.689 0.000 0.000 2.965 0.990 0.000 1.730 0.000 0.000 0.753 0.000 0.712 3.878 1.660 3.978 1.448 0.000 0.591 0.000 0.000 0.454 
0 test2fip_consistent 0.456 0.000 0.000 3.359 0.000 1.513 0.000 0.000 2.149 0.000 1.654 0.000 0.000 0.000 0.000 0.000 0.000 0.000 0.000 3.901 0.000 0.000 0.000 1.687 2.720 0.000 0.000 0.000 0.120 0.000 0.000 0.000 2.723 0.000 0.000 1.096 0.000 0.000 0.000 0.878 
1 test2fip_inconsistent 0.456 0.000 0.000 3.359 0.000 1.513 0.000 0.000 2.149 0.000 1.654 0.000 0.000 0.000 0.000 0.000 0.000 0.000 0.000 3.901 0.000 0.000 0.000 2.807 0.793 2.812 0.242 0.000 1.072 0.000 1.803 0.000 2.096 0.000 0.000 1.136 0.000 0.000 0.000 4.288 
0 test2fip_consistent 2.053 1.370 0.706 2.455 0.000 0.000 0.000 0.000 0.285 0.000 0.136 0.181 2.276 0.000 2.195 2.114 0.000 0.472 0.962 0.000 0.402 0.000 2.431 0.275 0.000 1.569 0.000 0.000 0.000 0.087 0.055 1.512 0.068 1.195 1.480 0.000 0.000 1.421 0.571 0.000 
1 test2fip_inconsistent 2.053 1.370 0.706 2.455 0.000 0.000 0.000 0.000 0.285 0.000 0.136 0.181 2.276 0.000 2.195 2.114 0.000 0.472 0.962 0.000 2.856 1.162 1.618 3.037 0.000 1.433 0.000 0.000 0.000 0.000 0.000 0.869 2.153 0.858 3.240 1.030 0.000 0.809 0.385 0.000 
0 test2fip_consistent 1.282 0.000 0.000 0.962 0.000 1.116 0.000 2.098 3.336 0.503 0.972 0.000 0.000 0.000 0.000 0.000 0.000 2.290 0.843 2.300 0.948 0.262 0.000 0.478 0.000 1.150 2.398 0.435 1.342 0.355 0.000 0.857 0.000 1.995 0.000 0.510 0.000 0.085 0.219 0.834 
1 test2fip_inconsistent 1.282 0.000 0.000 0.962 0.000 1.116 0.000 2.098 3.336 0.503 0.972 0.000 0.000 0.000 0.000 0.000 0.000 2.290 0.843 2.300 1.305 0.678 0.000 0.000 0.000 1.146 1.424 3.477 4.352 0.673 0.000 0.491 0.038 0.988 0.000 0.000 0.000 1.640 0.136 1.923 
0 test2fip_consistent 2.916 0.009 0.058 0.259 0.000 2.955 0.000 3.148 0.000 0.034 0.000 0.000 0.666 0.483 1.692 0.189 0.632 1.521 1.254 0.000 0.924 0.048 2.167 0.000 1.170 0.110 0.000 0.067 0.989 0.603 0.000 0.547 0.067 1.544 0.084 0.450 0.000 0.000 0.666 0.000 
1 test2fip_inconsistent 2.916 0.009 0.058 0.259 0.000 2.955 0.000 3.148 0.000 0.034 0.000 0.000 0.666 0.483 1.692 0.189 0.632 1.521 1.254 0.000 2.377 0.000 2.664 0.016 0.565 1.649 0.000 2.488 0.417 2.780 0.000 0.000 0.202 1.362 1.778 1.310 0.000 1.272 0.116 1.738 
0 test2fip_consistent 1.708 1.500 0.010 0.000 1.702 1.591 0.000 2.902 0.040 0.500 0.000 0.000 1.145 0.426 0.000 0.930 0.000 1.603 1.146 0.000 0.000 0.000 0.000 0.000 0.000 0.000 2.856 0.824 0.000 0.937 0.000 0.638 0.000 0.587 0.000 1.550 0.000 0.700 0.403 0.000 
1 test2fip_inconsistent 1.708 1.500 0.010 0.000 1.702 1.591 0.000 2.902 0.040 0.500 0.000 0.000 1.145 0.426 0.000 0.930 0.000 1.603 1.146 0.000 1.153 1.006 0.000 0.000 1.115 1.342 1.214 1.947 0.000 0.817 0.000 0.000 0.487 1.588 0.000 2.266 0.000 1.122 1.118 0.000 
0 test2fip_consistent 1.203 0.000 0.000 0.000 0.000 4.094 0.472 0.000 0.000 0.000 0.000 0.000 0.000 1.635 2.055 2.575 0.971 0.911 0.000 2.377 1.148 0.000 3.072 0.580 2.221 0.801 0.791 0.047 0.000 0.000 0.000 0.000 0.006 0.511 0.000 0.043 0.302 0.249 0.000 0.000 
1 test2fip_inconsistent 1.203 0.000 0.000 0.000 0.000 4.094 0.472 0.000 0.000 0.000 0.000 0.000 0.000 1.635 2.055 2.575 0.971 0.911 0.000 2.377 2.917 0.000 2.368 0.199 1.420 3.390 1.092 0.000 0.000 0.000 0.000 0.000 0.352 1.548 1.449 0.763 1.542 0.971 0.000 2.097 
0 test2fip_consistent 0.000 0.000 0.000 2.245 0.000 0.000 0.596 0.000 0.000 0.000 0.000 0.124 0.017 0.000 4.267 0.000 2.200 4.336 0.000 0.000 0.093 0.000 0.000 0.000 0.378 0.000 1.895 0.000 1.552 0.000 0.000 0.463 2.030 0.736 1.356 0.000 0.000 0.049 2.584 0.000 
1 test2fip_inconsistent 0.000 0.000 0.000 2.245 0.000 0.000 0.596 0.000 0.000 0.000 0.000 0.124 0.017 0.000 4.267 0.000 2.200 4.336 0.000 0.000 0.000 0.000 0.000 0.905 0.414 0.000 1.917 0.000 0.688 0.000 0.000 2.495 1.166 0.421 3.656 0.000 0.000 3.649 1.798 0.000 
0 test2fip_consistent 0.000 0.148 0.000 0.000 0.000 0.000 0.047 0.124 0.000 0.997 0.000 3.581 4.562 0.000 1.379 0.000 0.000 1.668 0.000 0.000 0.002 0.000 0.000 0.000 0.000 0.000 1.353 0.064 0.000 1.715 0.000 0.470 0.786 0.023 0.413 0.000 0.000 0.000 3.808 0.000 
1 test2fip_inconsistent 0.000 0.148 0.000 0.000 0.000 0.000 0.047 0.124 0.000 0.997 0.000 3.581 4.562 0.000 1.379 0.000 0.000 1.668 0.000 0.000 0.000 0.000 0.000 0.000 0.000 0.000 1.079 0.000 0.000 2.159 0.000 2.141 4.564 0.000 3.054 0.000 0.000 0.552 1.851 0.000 
0 test2fip_consistent 1.957 0.000 3.638 0.000 0.123 2.437 0.006 0.316 1.690 0.006 0.000 0.000 0.000 0.000 0.000 0.000 2.332 0.000 2.265 1.954 0.686 1.279 0.446 1.126 0.276 1.134 0.000 0.796 0.683 0.000 0.066 1.808 0.000 0.043 2.047 0.000 0.166 0.000 0.151 0.525 
1 test2fip_inconsistent 1.957 0.000 3.638 0.000 0.123 2.437 0.006 0.316 1.690 0.006 0.000 0.000 0.000 0.000 0.000 0.000 2.332 0.000 2.265 1.954 1.324 1.096 4.220 0.883 1.056 1.600 0.000 0.640 0.926 0.000 0.000 1.280 0.000 0.000 0.844 0.000 2.607 0.000 2.112 0.916 
0 test2fip_consistent 0.000 0.187 0.000 0.669 0.000 3.163 0.000 1.658 3.247 0.000 0.000 0.646 2.534 0.965 0.000 0.138 1.411 0.498 0.016 0.014 0.983 1.029 0.071 1.501 1.669 0.453 0.000 0.159 0.000 0.000 0.000 1.458 0.122 0.024 0.000 0.782 1.730 1.628 0.105 0.448 
1 test2fip_inconsistent 0.000 0.187 0.000 0.669 0.000 3.163 0.000 1.658 3.247 0.000 0.000 0.646 2.534 0.965 0.000 0.138 1.411 0.498 0.016 0.014 0.291 0.872 0.000 1.251 0.632 3.135 0.000 1.600 2.406 0.000 0.000 0.236 1.794 0.000 0.000 0.236 2.608 1.829 0.140 0.237 
0 test2fip_consistent 4.047 0.000 0.000 1.819 1.893 0.904 0.000 0.000 0.000 0.000 3.112 0.000 0.000 0.000 0.000 0.000 0.000 0.553 0.000 1.318 0.366 0.000 0.000 0.540 2.118 1.775 0.000 0.000 0.051 0.000 0.053 0.506 0.035 0.000 2.723 0.000 1.435 0.046 0.063 0.048 
1 test2fip_inconsistent 4.047 0.000 0.000 1.819 1.893 0.904 0.000 0.000 0.000 0.000 3.112 0.000 0.000 0.000 0.000 0.000 0.000 0.553 0.000 1.318 3.082 0.000 0.000 2.265 4.320 1.305 0.000 0.000 0.000 0.000 2.565 0.648 0.000 0.000 1.551 0.000 2.460 0.000 0.000 0.000 
0 test2fip_consistent 0.324 2.409 0.000 1.137 0.000 0.249 0.414 0.000 1.120 1.769 0.000 0.675 0.381 0.000 0.781 3.024 0.000 0.000 1.364 1.552 0.450 0.188 1.663 0.044 1.183 0.079 0.051 1.014 1.391 0.000 0.234 0.000 0.634 0.000 2.192 0.094 0.606 0.311 0.186 0.887 
1 test2fip_inconsistent 0.324 2.409 0.000 1.137 0.000 0.249 0.414 0.000 1.120 1.769 0.000 0.675 0.381 0.000 0.781 3.024 0.000 0.000 1.364 1.552 0.014 2.164 1.772 0.731 0.388 0.402 0.000 1.833 1.328 1.815 0.000 0.000 2.038 0.000 2.459 3.280 0.000 1.522 1.015 2.212 
0 test2fip_consistent 0.098 0.166 0.000 0.781 1.894 0.000 0.000 3.100 3.512 0.000 0.000 0.000 0.000 0.513 0.010 0.000 2.943 0.958 0.001 0.668 0.000 0.000 0.000 0.000 0.724 0.000 2.971 0.825 0.022 0.000 0.000 0.605 0.432 0.000 0.000 0.000 0.911 1.897 0.605 1.913 
1 test2fip_inconsistent 0.098 0.166 0.000 0.781 1.894 0.000 0.000 3.100 3.512 0.000 0.000 0.000 0.000 0.513 0.010 0.000 2.943 0.958 0.001 0.668 0.000 0.000 0.000 0.155 3.361 0.000 2.059 1.788 2.297 0.000 0.000 0.610 0.376 0.000 0.000 0.000 4.511 1.326 0.321 1.425 
0 test2fip_consistent 4.207 0.631 0.000 0.000 0.000 0.706 0.372 0.000 0.000 0.000 1.452 0.000 1.722 0.000 0.000 0.000 0.000 2.403 3.140 1.499 1.318 0.079 0.224 0.000 0.000 2.065 0.006 0.772 0.000 0.000 0.000 0.000 0.000 2.971 0.000 0.000 0.177 0.764 0.010 0.800 
1 test2fip_inconsistent 4.207 0.631 0.000 0.000 0.000 0.706 0.372 0.000 0.000 0.000 1.452 0.000 1.722 0.000 0.000 0.000 0.000 2.403 3.140 1.499 4.038 0.257 0.159 0.000 0.000 1.901 0.000 0.405 0.000 0.000 1.563 0.000 2.157 1.907 0.000 0.009 0.336 1.404 2.791 0.769 
0 test2fip_consistent 1.964 0.332 0.245 0.110 0.338 2.500 0.000 0.000 0.000 2.038 2.089 3.356 0.218 0.000 1.399 1.253 0.052 0.680 0.000 0.000 0.720 0.926 1.044 1.483 1.243 0.518 0.000 0.032 0.000 0.223 0.050 0.682 0.016 1.658 1.140 0.248 1.063 0.389 0.462 0.373 
1 test2fip_inconsistent 1.964 0.332 0.245 0.110 0.338 2.500 0.000 0.000 0.000 2.038 2.089 3.356 0.218 0.000 1.399 1.253 0.052 0.680 0.000 0.000 1.147 1.754 0.172 1.019 0.472 2.246 0.000 0.000 0.000 2.689 1.764 3.507 0.000 0.998 2.758 1.392 0.765 0.338 1.213 0.000 
0 test2fip_consistent 2.018 2.027 0.000 0.000 0.000 0.000 0.393 2.452 0.158 0.000 0.000 1.225 0.572 2.240 0.000 0.000 3.461 0.608 0.152 2.720 0.112 0.648 0.007 0.756 0.000 0.000 0.494 0.166 0.739 0.008 0.000 0.645 1.397 0.379 0.000 0.276 0.763 0.747 2.341 0.801 
1 test2fip_inconsistent 2.018 2.027 0.000 0.000 0.000 0.000 0.393 2.452 0.158 0.000 0.000 1.225 0.572 2.240 0.000 0.000 3.461 0.608 0.152 2.720 1.578 1.515 0.000 0.000 0.000 0.000 0.195 2.564 0.486 0.000 0.000 1.593 1.408 3.200 0.000 1.071 1.885 0.491 1.728 1.885 
0 test2fip_consistent 1.043 0.140 4.182 0.000 2.255 0.000 0.787 2.452 0.000 0.000 0.000 1.334 0.000 0.000 0.736 0.032 0.000 0.000 0.000 0.000 0.956 0.000 0.229 0.000 0.000 3.179 0.253 2.152 0.052 0.000 0.000 0.318 1.233 0.000 1.966 0.160 0.000 0.000 0.000 0.000 
1 test2fip_inconsistent 1.043 0.140 4.182 0.000 2.255 0.000 0.787 2.452 0.000 0.000 0.000 1.334 0.000 0.000 0.736 0.032 0.000 0.000 0.000 0.000 2.926 0.000 2.143 0.000 0.918 0.634 0.000 4.575 0.000 0.000 0.000 0.829 0.336 0.000 3.367 0.000 0.000 0.000 0.064 0.000 
0 test2fip_consistent 0.000 0.000 0.000 0.000 1.916 4.230 0.928 0.276 0.350 1.578 0.000 0.000 1.099 0.996 0.000 1.236 0.691 0.000 1.720 1.044 0.000 1.508 0.927 0.000 0.095 0.532 0.219 0.000 1.131 0.000 0.000 0.000 1.081 0.000 0.000 0.000 0.000 0.000 2.786 0.000 
1 test2fip_inconsistent 0.000 0.000 0.000 0.000 1.916 4.230 0.928 0.276 0.350 1.578 0.000 0.000 1.099 0.996 0.000 1.236 0.691 0.000 1.720 1.044 0.000 0.444 0.156 0.000 2.393 4.279 0.681 0.190 0.466 2.103 0.000 0.000 0.566 0.000 0.000 0.694 0.000 0.000 3.070 0.000 
0 test2fip_consistent 0.000 0.803 0.000 3.180 3.603 0.000 1.260 0.000 2.098 0.175 0.891 0.125 0.000 0.221 0.120 0.122 0.000 0.000 0.000 0.667 0.000 0.877 0.000 0.625 0.619 0.000 0.388 0.000 0.084 0.000 0.638 1.248 1.792 1.635 1.547 1.076 0.000 0.000 0.375 0.443 
1 test2fip_inconsistent 0.000 0.803 0.000 3.180 3.603 0.000 1.260 0.000 2.098 0.175 0.891 0.125 0.000 0.221 0.120 0.122 0.000 0.000 0.000 0.667 0.000 2.853 0.000 3.394 3.387 0.000 2.746 0.000 0.021 0.542 1.753 0.906 0.463 1.416 0.671 0.390 0.000 0.500 0.007 0.000 
0 test2fip_consistent 0.000 3.748 0.000 2.984 1.970 0.132 0.000 0.206 0.000 0.000 0.004 0.015 0.018 1.756 2.631 0.000 0.259 0.454 0.000 2.476 0.000 2.631 0.000 0.906 0.032 0.863 0.000 2.209 0.000 0.000 0.000 0.000 0.535 0.336 0.114 0.000 0.000 0.165 1.803 0.189 
1 test2fip_inconsistent 0.000 3.748 0.000 2.984 1.970 0.132 0.000 0.206 0.000 0.000 0.004 0.015 0.018 1.756 2.631 0.000 0.259 0.454 0.000 2.476 0.000 4.561 0.000 1.296 1.562 0.454 0.000 1.802 0.000 0.000 0.000 0.000 0.000 1.440 1.181 0.000 0.000 0.810 0.411 3.340 
0 test2fip_consistent 0.000 0.000 0.000 0.060 0.000 0.000 0.000 5.012 0.000 1.084 1.172 0.129 0.117 0.046 0.000 1.618 3.843 0.477 0.000 0.960 0.000 0.000 0.000 0.000 2.503 0.000 0.000 1.808 2.256 1.844 0.000 0.083 0.189 0.000 0.000 0.087 0.000 0.000 0.000 0.000 
1 test2fip_inconsistent 0.000 0.000 0.000 0.060 0.000 0.000 0.000 5.012 0.000 1.084 1.172 0.129 0.117 0.046 0.000 1.618 3.843 0.477 0.000 0.960 0.000 0.000 0.000 0.101 2.192 0.000 0.000 5.101 0.531 1.963 1.427 0.000 0.507 0.008 0.000 0.476 2.309 0.000 0.000 1.952 
0 test2fip_consistent 0.000 0.000 0.000 2.445 1.615 0.000 4.323 0.667 0.069 0.097 0.000 0.000 1.021 0.000 0.000 2.015 0.949 0.000 0.000 0.000 1.300 1.829 0.000 0.000 1.113 0.000 0.628 0.220 0.000 0.008 0.052 2.983 0.000 1.292 0.000 1.361 0.000 0.000 0.000 0.000 
1 test2fip_inconsistent 0.000 0.000 0.000 2.445 1.615 0.000 4.323 0.667 0.069 0.097 0.000 0.000 1.021 0.000 0.000 2.015 0.949 0.000 0.000 0.000 0.000 0.502 0.000 1.771 1.202 0.000 3.771 1.379 0.000 0.000 0.000 2.360 0.479 0.243 0.000 3.242 0.000 0.000 0.000 0.000 
0 test2fip_consistent 0.000 0.000 0.777 3.571 1.708 0.326 0.650 0.000 0.000 0.000 0.552 0.000 0.203 0.390 0.000 1.150 1.089 2.653 0.491 1.081 0.000 0.000 0.126 1.398 1.562 2.448 0.148 0.000 1.091 0.000 0.000 0.000 0.008 0.193 0.108 1.074 0.000 0.000 1.494 0.399 
1 test2fip_inconsistent 0.000 0.000 0.777 3.571 1.708 0.326 0.650 0.000 0.000 0.000 0.552 0.000 0.203 0.390 0.000 1.150 1.089 2.653 0.491 1.081 0.000 0.000 0.000 4.201 0.960 1.941 2.691 0.000 0.295 0.000 0.336 0.000 0.050 0.000 0.000 0.766 0.575 1.990 1.278 2.528 
0 test2fip_consistent 2.683 0.000 2.505 0.000 1.856 0.902 0.000 2.909 0.000 0.000 0.438 0.049 0.000 0.542 2.176 0.000 0.556 2.232 0.000 0.841 1.485 1.539 0.142 0.000 0.030 1.831 1.017 0.128 0.000 0.094 2.003 0.000 0.000 1.288 0.000 0.180 0.000 0.525 1.101 0.000 
1 test2fip_inconsistent 2.683 0.000 2.505 0.000 1.856 0.902 0.000 2.909 0.000 0.000 0.438 0.049 0.000 0.542 2.176 0.000 0.556 2.232 0.000 0.841 3.414 1.282 1.692 0.000 0.989 1.138 0.727 1.696 0.000 0.431 1.611 0.000 0.000 0.724 2.388 0.000 0.000 2.764 1.246 0.000 
0 test2fip_consistent 0.000 5.626 0.000 2.058 0.000 0.000 1.652 0.000 0.000 0.000 0.069 0.000 0.581 0.000 0.000 0.000 0.000 0.000 0.267 0.000 0.000 0.429 0.959 1.153 2.417 0.000 1.466 0.000 0.000 0.000 0.559 0.000 2.130 0.000 0.000 0.000 0.095 1.386 1.204 0.000 
1 test2fip_inconsistent 0.000 5.626 0.000 2.058 0.000 0.000 1.652 0.000 0.000 0.000 0.069 0.000 0.581 0.000 0.000 0.000 0.000 0.000 0.267 0.000 0.000 4.242 0.807 3.544 1.013 0.000 2.145 0.000 0.000 0.000 0.271 0.000 0.349 0.000 0.000 0.000 0.102 0.694 2.109 0.000 
0 test2fip_consistent 0.000 0.183 0.000 3.215 0.566 0.000 0.000 0.621 0.507 2.814 0.000 0.864 2.295 2.347 0.000 0.047 0.501 0.000 0.000 0.363 0.000 0.000 0.586 0.250 0.000 0.000 0.000 1.714 0.057 0.578 1.051 0.000 0.492 1.379 0.007 0.000 1.633 1.162 0.000 0.196 
1 test2fip_inconsistent 0.000 0.183 0.000 3.215 0.566 0.000 0.000 0.621 0.507 2.814 0.000 0.864 2.295 2.347 0.000 0.047 0.501 0.000 0.000 0.363 0.000 0.000 0.076 4.532 0.000 0.000 0.000 1.820 1.496 1.961 0.492 0.800 1.637 2.361 0.108 0.000 1.489 0.130 0.000 0.000 
0 test2fip_consistent 0.720 2.656 0.000 0.000 0.598 0.000 0.000 0.000 0.000 0.549 0.000 1.023 0.373 4.006 0.000 0.000 0.000 0.555 2.956 0.000 0.000 2.520 0.516 0.000 0.000 0.000 0.000 0.000 1.859 0.000 0.000 0.000 1.089 0.585 0.115 0.000 0.000 1.098 0.000 1.636 
1 test2fip_inconsistent 0.720 2.656 0.000 0.000 0.598 0.000 0.000 0.000 0.000 0.549 0.000 1.023 0.373 4.006 0.000 0.000 0.000 0.555 2.956 0.000 0.116 2.861 0.271 0.000 0.000 0.000 0.000 0.000 1.061 0.752 0.000 0.000 0.687 4.106 0.000 0.000 0.000 0.369 3.272 0.931 
0 test2fip_consistent 0.000 1.798 0.000 0.502 0.000 1.655 2.966 1.964 0.684 0.000 2.681 0.000 0.000 0.054 0.000 0.000 0.000 0.000 0.000 1.568 0.000 0.103 0.000 0.000 0.000 0.000 0.248 0.446 2.170 0.000 1.886 0.000 0.132 0.266 0.479 0.000 0.000 1.876 0.000 1.563 
1 test2fip_inconsistent 0.000 1.798 0.000 0.502 0.000 1.655 2.966 1.964 0.684 0.000 2.681 0.000 0.000 0.054 0.000 0.000 0.000 0.000 0.000 1.568 0.000 1.969 0.000 0.644 0.000 0.000 4.465 0.000 1.307 0.000 3.690 0.022 0.000 0.000 0.000 0.000 0.000 1.118 0.138 0.624 
0 test2fip_consistent 0.773 0.000 4.059 2.055 0.000 2.496 0.000 1.146 0.000 0.000 1.182 0.000 0.000 0.000 0.000 1.573 0.000 0.000 0.682 0.000 0.000 0.000 0.000 0.306 0.018 0.055 0.000 0.000 0.000 0.378 0.000 0.000 0.000 1.050 2.148 2.026 0.005 0.000 0.425 1.171 
1 test2fip_inconsistent 0.773 0.000 4.059 2.055 0.000 2.496 0.000 1.146 0.000 0.000 1.182 0.000 0.000 0.000 0.000 1.573 0.000 0.000 0.682 0.000 0.000 0.000 2.895 2.999 0.000 1.555 0.174 0.361 0.000 0.000 0.734 0.000 0.000 0.249 1.906 3.707 0.000 0.000 0.876 0.791 
0 test2fip_consistent 0.000 4.317 0.000 0.000 0.000 0.000 2.357 0.000 0.000 0.000 1.775 0.000 2.173 1.060 0.000 2.088 0.936 0.000 0.585 0.000 0.000 1.045 1.986 0.000 0.000 1.954 0.000 1.285 0.000 0.000 0.000 0.000 0.000 0.524 1.400 0.263 1.351 0.000 0.085 1.285 
1 test2fip_inconsistent 0.000 4.317 0.000 0.000 0.000 0.000 2.357 0.000 0.000 0.000 1.775 0.000 2.173 1.060 0.000 2.088 0.936 0.000 0.585 0.000 0.000 4.289 0.884 0.000 0.000 0.940 2.477 0.182 0.000 0.000 0.052 0.000 1.238 0.000 0.354 2.324 1.856 0.000 0.551 0.309 
0 test2fip_consistent 0.508 0.000 0.510 1.823 1.283 0.005 1.527 0.000 0.646 1.746 0.000 0.000 0.284 0.129 0.669 0.000 0.000 2.259 2.671 2.844 1.018 0.000 0.067 0.000 2.430 0.046 0.918 0.000 0.000 0.008 0.000 0.045 0.699 1.306 1.285 1.644 0.000 0.492 1.158 0.223 
1 test2fip_inconsistent 0.508 0.000 0.510 1.823 1.283 0.005 1.527 0.000 0.646 1.746 0.000 0.000 0.284 0.129 0.669 0.000 0.000 2.259 2.671 2.844 1.143 0.000 1.121 0.463 2.463 0.000 0.098 0.000 0.000 2.181 0.000 0.000 0.636 0.269 0.827 0.000 0.000 2.292 3.577 2.989 
0 test2fip_consistent 0.000 0.000 0.000 0.000 1.232 1.636 0.000 0.000 0.000 3.541 0.000 0.139 4.983 0.057 2.890 0.022 0.000 1.083 0.000 0.399 0.000 1.314 1.570 0.000 0.669 0.567 0.000 0.000 1.504 1.558 0.278 1.404 0.129 1.110 0.000 0.000 0.171 0.000 0.000 0.000 
1 test2fip_inconsistent 0.000 0.000 0.000 0.000 1.232 1.636 0.000 0.000 0.000 3.541 0.000 0.139 4.983 0.057 2.890 0.022 0.000 1.083 0.000 0.399 0.000 0.469 0.035 0.000 0.452 1.342 0.000 0.000 1.731 4.343 0.000 0.000 3.640 0.508 0.000 0.000 0.058 0.000 0.000 0.000 
0 test2fip_consistent 0.587 0.000 0.042 0.000 1.557 0.545 0.000 0.000 2.467 1.330 2.487 0.632 1.941 1.519 2.086 0.000 0.000 0.000 0.735 0.677 0.415 0.162 0.040 0.000 0.000 0.000 1.192 0.000 0.233 0.000 0.000 0.686 0.897 0.125 1.401 0.053 1.922 0.645 0.004 2.367 
1 test2fip_inconsistent 0.587 0.000 0.042 0.000 1.557 0.545 0.000 0.000 2.467 1.330 2.487 0.632 1.941 1.519 2.086 0.000 0.000 0.000 0.735 0.677 1.785 0.091 0.000 0.000 2.100 0.000 1.066 0.000 2.287 0.519 0.017 1.347 2.396 1.814 2.667 0.000 1.163 0.000 0.782 2.181 
0 test2fip_consistent 0.000 0.000 0.025 0.194 0.444 0.000 0.000 0.413 0.000 0.765 0.000 0.000 2.531 0.000 5.271 2.244 0.340 0.073 0.303 0.979 0.000 0.000 0.000 1.469 1.064 0.000 0.000 0.493 0.000 1.870 0.000 0.000 0.000 1.827 0.000 1.545 0.547 0.000 0.550 0.681 
1 test2fip_inconsistent 0.000 0.000 0.025 0.194 0.444 0.000 0.000 0.413 0.000 0.765 0.000 0.000 2.531 0.000 5.271 2.244 0.340 0.073 0.303 0.979 0.000 0.000 0.000 0.571 0.000 0.000 0.000 0.000 0.000 1.679 0.000 0.000 1.169 0.361 3.468 3.355 1.212 0.000 1.338 0.000 
0 test2fip_consistent 0.000 2.800 3.880 0.000 1.164 0.013 0.000 0.000 0.000 0.000 0.082 0.000 0.000 0.000 0.000 0.341 4.049 0.911 0.000 0.764 0.000 0.844 0.273 0.000 0.046 0.000 0.000 1.335 1.555 0.000 0.617 0.000 0.000 1.873 0.293 0.000 1.372 0.390 1.401 0.000 
1 test2fip_inconsistent 0.000 2.800 3.880 0.000 1.164 0.013 0.000 0.000 0.000 0.000 0.082 0.000 0.000 0.000 0.000 0.341 4.049 0.911 0.000 0.764 0.000 1.365 2.494 0.000 0.000 0.000 0.000 0.317 0.720 0.000 0.000 0.000 0.000 0.402 0.000 0.000 4.712 2.311 0.514 1.782 
0 test2fip_consistent 0.262 0.000 0.000 0.048 1.060 2.307 2.208 0.065 3.598 0.713 0.234 0.265 0.000 0.000 0.000 1.205 0.111 0.000 1.407 0.102 0.000 0.000 1.448 1.077 0.101 0.436 0.811 1.109 0.884 0.069 3.236 0.102 0.000 0.381 0.000 0.000 0.348 0.142 0.083 0.713 
1 test2fip_inconsistent 0.262 0.000 0.000 0.048 1.060 2.307 2.208 0.065 3.598 0.713 0.234 0.265 0.000 0.000 0.000 1.205 0.111 0.000 1.407 0.102 0.000 0.000 1.012 0.453 0.976 1.455 3.129 0.000 3.861 0.354 2.146 0.000 0.000 0.000 0.000 2.290 0.086 0.258 2.073 0.828 
0 test2fip_consistent 1.455 1.389 0.000 1.211 0.000 0.000 1.894 0.949 0.337 1.939 0.000 1.812 0.000 1.936 0.000 1.002 0.172 0.364 0.000 2.330 0.447 0.000 0.000 0.285 0.000 1.601 0.075 0.874 0.000 0.123 0.000 0.048 1.702 2.267 0.000 0.139 0.000 0.023 0.403 0.193 
1 test2fip_inconsistent 1.455 1.389 0.000 1.211 0.000 0.000 1.894 0.949 0.337 1.939 0.000 1.812 0.000 1.936 0.000 1.002 0.172 0.364 0.000 2.330 1.488 0.000 0.000 0.000 0.000 0.411 1.151 1.590 0.258 2.280 0.000 1.751 1.230 3.643 0.000 1.036 0.000 0.000 0.000 3.013 
0 test2fip_consistent 0.000 0.000 0.000 1.798 0.031 0.000 0.774 0.000 0.000 0.100 4.687 0.000 2.151 0.000 0.549 0.044 0.000 0.000 1.265 2.009 0.057 0.214 1.042 0.407 2.712 0.000 0.000 0.000 0.015 0.682 0.000 0.000 1.569 0.145 0.000 1.510 0.000 0.000 0.000 1.264 
1 test2fip_inconsistent 0.000 0.000 0.000 1.798 0.031 0.000 0.774 0.000 0.000 0.100 4.687 0.000 2.151 0.000 0.549 0.044 0.000 0.000 1.265 2.009 0.000 0.000 0.000 0.449 1.518 0.000 0.000 0.000 0.000 1.044 3.680 0.000 3.465 0.000 1.064 0.535 0.000 0.000 0.000 2.838 
0 test2fip_consistent 1.966 0.584 0.000 1.745 2.104 3.678 1.433 0.000 1.596 0.000 0.960 0.676 0.000 1.099 0.000 0.000 0.000 0.000 1.072 0.291 0.000 1.444 0.000 0.264 1.563 0.000 2.471 0.000 0.171 0.000 0.000 1.483 0.000 0.000 0.000 0.085 0.000 2.433 0.000 0.000 
1 test2fip_inconsistent 1.966 0.584 0.000 1.745 2.104 3.678 1.433 0.000 1.596 0.000 0.960 0.676 0.000 1.099 0.000 0.000 0.000 0.000 1.072 0.291 2.621 1.020 0.000 0.000 2.912 2.634 3.495 0.000 2.349 0.000 1.025 0.471 0.000 0.563 0.000 0.000 0.000 2.437 0.000 0.000 
0 test2fip_consistent 0.000 0.000 1.529 2.882 0.441 0.784 0.899 0.000 1.195 0.950 0.000 0.000 0.030 0.000 3.782 0.000 1.700 1.850 0.227 0.489 0.010 0.000 2.071 1.138 0.123 0.438 0.800 1.651 0.114 0.000 0.144 0.000 0.000 0.804 0.000 0.000 0.031 0.221 0.045 2.261 
1 test2fip_inconsistent 0.000 0.000 1.529 2.882 0.441 0.784 0.899 0.000 1.195 0.950 0.000 0.000 0.030 0.000 3.782 0.000 1.700 1.850 0.227 0.489 0.000 0.000 3.018 2.941 1.073 1.928 0.665 0.709 1.621 0.077 0.000 0.000 0.000 0.082 3.411 0.000 1.513 1.067 0.000 1.752 
0 test2fip_consistent 1.275 0.432 0.950 0.000 0.000 2.389 0.687 0.000 0.000 2.215 0.000 0.877 1.587 1.225 3.082 3.160 0.000 0.000 0.000 0.000 0.595 1.101 0.000 0.000 0.197 1.123 1.133 0.000 0.328 0.000 0.000 0.000 0.163 1.906 0.602 0.959 0.115 2.639 0.000 0.000 
1 test2fip_inconsistent 1.275 0.432 0.950 0.000 0.000 2.389 0.687 0.000 0.000 2.215 0.000 0.877 1.587 1.225 3.082 3.160 0.000 0.000 0.000 0.000 2.098 0.828 0.000 0.000 0.000 2.642 1.160 0.000 0.000 2.087 0.000 0.415 1.600 1.182 2.487 3.675 0.000 1.598 0.000 0.000 
0 test2fip_consistent 0.522 0.000 1.174 0.000 0.275 2.198 2.137 0.000 0.000 2.304 2.393 0.000 0.000 1.297 1.203 0.000 0.000 0.000 1.585 0.000 0.000 2.577 0.526 0.000 0.987 0.018 2.468 0.000 0.000 0.304 0.000 1.382 0.000 0.000 1.074 0.000 0.000 0.000 0.000 0.000 
1 test2fip_inconsistent 0.522 0.000 1.174 0.000 0.275 2.198 2.137 0.000 0.000 2.304 2.393 0.000 0.000 1.297 1.203 0.000 0.000 0.000 1.585 0.000 0.941 1.731 1.199 0.000 0.683 0.809 3.305 0.000 0.000 2.854 3.322 0.657 0.000 0.710 1.213 0.000 0.000 0.000 0.183 0.000 
0 test2fip_consistent 3.346 2.638 1.629 0.326 0.000 0.000 2.125 0.000 0.000 0.000 0.000 1.318 0.000 0.927 0.000 1.279 0.000 4.306 0.093 0.000 0.000 1.456 0.000 2.236 0.469 1.858 0.000 0.000 0.000 0.020 0.000 0.106 0.569 0.921 0.000 0.013 1.427 0.000 0.000 0.000 
1 test2fip_inconsistent 3.346 2.638 1.629 0.326 0.000 0.000 2.125 0.000 0.000 0.000 0.000 1.318 0.000 0.927 0.000 1.279 0.000 4.306 0.093 0.000 1.872 2.961 1.080 2.328 0.414 1.497 0.941 0.000 0.000 0.000 0.004 0.416 0.000 2.094 0.000 2.327 0.300 3.324 0.000 0.000 
0 test2fip_consistent 0.000 0.000 0.000 0.000 0.000 0.000 0.000 0.000 0.173 0.000 3.053 0.000 0.000 0.385 0.990 0.529 1.429 3.527 0.044 2.169 1.653 0.000 0.000 0.000 0.024 0.145 0.000 0.000 0.000 0.000 0.000 0.000 0.000 3.429 0.082 1.641 0.321 0.992 0.101 0.000 
1 test2fip_inconsistent 0.000 0.000 0.000 0.000 0.000 0.000 0.000 0.000 0.173 0.000 3.053 0.000 0.000 0.385 0.990 0.529 1.429 3.527 0.044 2.169 1.424 0.000 0.000 0.000 0.000 0.375 0.000 0.000 0.163 0.000 1.328 0.000 0.000 3.501 1.767 1.119 2.956 3.796 1.144 0.176 
0 test2fip_consistent 2.394 0.397 0.062 0.000 4.000 0.000 0.000 0.000 0.000 3.891 0.000 0.000 0.071 0.125 1.972 0.000 0.000 0.000 0.000 0.000 0.647 2.134 2.340 0.000 0.343 0.808 0.000 1.020 0.098 0.149 1.625 0.000 0.643 0.194 1.362 0.232 0.000 0.267 0.000 0.000 
1 test2fip_inconsistent 2.394 0.397 0.062 0.000 4.000 0.000 0.000 0.000 0.000 3.891 0.000 0.000 0.071 0.125 1.972 0.000 0.000 0.000 0.000 0.000 2.973 2.335 2.348 0.000 4.087 0.262 0.000 0.000 0.744 1.017 0.965 0.000 0.115 0.188 0.380 0.910 0.000 0.427 0.000 0.000 
0 test2fip_consistent 0.000 1.041 0.000 0.000 0.889 0.000 1.228 0.260 0.742 0.000 2.659 0.280 0.000 0.000 1.675 1.598 0.000 0.294 2.509 1.820 0.000 0.571 0.000 0.000 0.157 0.000 0.072 2.140 0.005 0.400 0.000 2.008 0.000 0.000 2.321 0.896 0.647 0.000 0.426 0.000 
1 test2fip_inconsistent 0.000 1.041 0.000 0.000 0.889 0.000 1.228 0.260 0.742 0.000 2.659 0.280 0.000 0.000 1.675 1.598 0.000 0.294 2.509 1.820 0.000 1.895 0.000 0.000 0.992 0.000 0.758 0.800 0.892 0.000 3.426 2.185 0.000 0.000 3.162 0.170 1.609 0.000 0.778 1.390 
0 test2fip_consistent 2.244 1.389 0.169 0.000 0.000 0.000 0.000 0.000 0.000 0.000 1.718 1.509 2.578 0.000 1.982 0.000 1.131 2.772 1.113 0.238 1.275 1.487 0.000 0.000 2.118 0.000 0.000 0.591 0.083 0.000 0.094 0.000 1.142 0.714 0.000 0.000 0.927 0.852 0.149 1.359 
1 test2fip_inconsistent 2.244 1.389 0.169 0.000 0.000 0.000 0.000 0.000 0.000 0.000 1.718 1.509 2.578 0.000 1.982 0.000 1.131 2.772 1.113 0.238 2.387 1.636 0.000 0.297 0.497 0.000 0.000 0.152 0.501 0.000 1.320 2.505 3.134 0.267 1.128 0.000 0.116 2.749 0.679 0.465 
0 test2fip_consistent 0.000 0.352 1.901 0.029 0.002 0.000 2.060 0.000 0.000 0.000 5.628 0.000 0.572 0.930 1.230 0.000 0.000 0.000 0.000 0.000 1.206 0.034 0.478 1.996 0.000 0.000 0.856 1.844 0.000 0.872 0.951 1.041 0.000 0.137 0.284 1.341 0.000 0.000 1.097 1.797 
1 test2fip_inconsistent 0.000 0.352 1.901 0.029 0.002 0.000 2.060 0.000 0.000 0.000 5.628 0.000 0.572 0.930 1.230 0.000 0.000 0.000 0.000 0.000 0.490 0.000 0.000 1.622 0.000 0.000 2.874 1.090 0.000 0.000 4.642 0.311 0.000 1.599 1.584 0.000 0.000 0.000 0.448 1.472 
0 test2fip_consistent 0.000 0.000 2.213 0.962 0.330 0.729 0.000 2.695 0.000 0.000 0.541 0.000 0.000 1.767 0.000 0.039 0.000 3.096 0.923 1.223 0.215 0.000 0.804 0.521 0.000 3.372 0.627 0.000 0.000 0.000 0.316 0.000 0.041 0.000 0.235 0.000 0.000 0.000 0.617 1.666 
1 test2fip_inconsistent 0.000 0.000 2.213 0.962 0.330 0.729 0.000 2.695 0.000 0.000 0.541 0.000 0.000 1.767 0.000 0.039 0.000 3.096 0.923 1.223 0.000 0.000 2.908 1.445 0.000 3.653 0.655 2.412 0.000 0.000 0.162 0.000 0.000 1.455 0.000 0.000 0.000 1.709 0.766 1.643 
0 test2fip_consistent 0.808 0.000 0.000 2.136 0.000 3.574 0.000 0.000 2.091 0.466 0.000 1.551 0.497 2.170 0.000 0.000 0.006 1.917 1.619 0.000 0.019 0.196 0.000 0.000 1.616 1.523 0.000 0.000 0.068 1.589 0.255 0.000 0.649 0.000 1.187 0.000 2.134 0.000 0.625 1.014 
1 test2fip_inconsistent 0.808 0.000 0.000 2.136 0.000 3.574 0.000 0.000 2.091 0.466 0.000 1.551 0.497 2.170 0.000 0.000 0.006 1.917 1.619 0.000 1.443 0.000 0.000 2.047 0.957 3.524 0.000 0.000 0.000 0.416 0.000 0.000 0.385 1.901 0.301 0.000 0.976 0.000 3.468 0.702 
0 test2fip_consistent 0.000 1.321 1.389 0.851 0.000 2.129 0.465 0.000 0.000 0.069 2.430 0.000 0.777 0.000 1.068 0.894 2.601 0.000 1.035 0.203 1.632 1.920 1.659 1.373 0.000 0.000 0.000 0.000 0.000 0.002 0.052 0.440 1.537 0.034 0.000 0.000 0.000 0.000 0.875 0.216 
1 test2fip_inconsistent 0.000 1.321 1.389 0.851 0.000 2.129 0.465 0.000 0.000 0.069 2.430 0.000 0.777 0.000 1.068 0.894 2.601 0.000 1.035 0.203 0.858 3.019 1.760 0.283 0.000 2.592 0.111 0.000 0.000 0.000 1.604 0.000 0.374 0.000 0.000 0.924 2.480 0.697 0.843 0.137 
0 test2fip_consistent 1.240 0.170 1.498 1.428 0.566 1.309 3.222 0.000 1.500 1.334 0.000 0.000 1.741 0.613 0.611 1.107 0.512 2.567 0.312 0.161 0.705 0.000 0.049 0.000 0.029 0.153 0.904 1.119 0.130 0.062 0.000 0.000 0.874 2.193 1.284 0.852 0.966 0.000 1.592 0.259 
1 test2fip_inconsistent 1.240 0.170 1.498 1.428 0.566 1.309 3.222 0.000 1.500 1.334 0.000 0.000 1.741 0.613 0.611 1.107 0.512 2.567 0.312 0.161 1.184 0.000 1.120 0.000 1.839 1.632 3.673 0.032 1.439 0.271 0.000 0.000 1.932 2.150 1.255 2.138 1.026 1.550 0.848 0.031 
0 test2fip_consistent 0.000 0.000 0.000 1.912 1.654 0.425 1.356 0.624 0.000 0.000 0.000 0.000 0.556 1.239 1.745 3.090 0.000 0.083 0.000 2.704 0.000 0.000 0.000 0.059 1.390 0.000 0.000 2.720 0.145 0.000 0.000 1.389 0.000 0.000 0.000 0.000 0.000 2.548 0.000 1.167 
1 test2fip_inconsistent 0.000 0.000 0.000 1.912 1.654 0.425 1.356 0.624 0.000 0.000 0.000 0.000 0.556 1.239 1.745 3.090 0.000 0.083 0.000 2.704 0.000 0.000 0.000 2.865 1.237 0.079 1.035 2.352 0.119 0.000 0.000 0.812 0.000 0.000 1.087 3.291 0.000 2.242 0.000 3.130 
0 test2fip_consistent 0.000 0.000 0.000 0.000 0.621 2.442 1.843 1.220 0.000 0.406 0.000 0.000 1.539 0.000 0.075 2.082 0.000 3.372 1.696 0.000 0.070 0.000 0.000 0.000 0.365 0.465 0.000 2.656 0.000 1.197 0.000 0.060 1.292 0.258 0.000 0.000 0.000 0.690 2.579 0.000 
1 test2fip_inconsistent 0.000 0.000 0.000 0.000 0.621 2.442 1.843 1.220 0.000 0.406 0.000 0.000 1.539 0.000 0.075 2.082 0.000 3.372 1.696 0.000 0.000 0.000 0.000 0.000 0.311 0.282 2.054 3.712 0.000 0.157 0.000 0.213 0.128 0.000 0.000 1.556 0.000 3.358 1.532 0.000 
0 test2fip_consistent 2.812 2.606 1.530 1.441 2.068 0.000 0.000 0.000 1.906 0.000 0.000 0.000 0.000 0.000 0.180 0.000 0.000 3.979 1.522 0.782 0.000 0.156 0.000 0.010 0.504 0.015 0.000 0.000 0.774 0.000 0.722 0.000 0.638 0.110 1.665 0.692 0.329 1.528 1.586 2.023 
1 test2fip_inconsistent 2.812 2.606 1.530 1.441 2.068 0.000 0.000 0.000 1.906 0.000 0.000 0.000 0.000 0.000 0.180 0.000 0.000 3.979 1.522 0.782 2.538 0.706 1.166 1.127 2.793 0.000 0.000 0.000 2.531 0.000 0.142 0.000 0.000 0.000 1.332 0.367 0.000 3.709 1.213 1.647 
0 test2fip_consistent 1.377 0.112 0.015 0.920 1.196 0.000 1.081 0.302 0.000 1.500 0.006 0.000 0.000 4.641 2.984 0.000 0.009 0.000 0.952 0.000 1.540 0.408 0.071 0.516 0.162 1.362 0.000 0.000 0.000 0.382 0.071 0.699 0.498 0.142 0.057 0.000 1.091 0.000 1.553 0.210 
1 test2fip_inconsistent 1.377 0.112 0.015 0.920 1.196 0.000 1.081 0.302 0.000 1.500 0.006 0.000 0.000 4.641 2.984 0.000 0.009 0.000 0.952 0.000 2.112 0.000 0.000 0.503 1.680 0.000 0.363 0.000 0.000 2.076 0.000 0.176 0.000 4.015 2.115 0.000 0.517 0.000 1.068 0.000 
0 test2fip_consistent 0.000 0.000 0.000 1.924 1.207 0.000 1.474 1.021 0.132 0.000 0.880 4.446 0.000 0.190 0.000 0.237 3.318 0.244 1.586 0.000 0.000 0.000 0.821 1.526 1.779 0.000 0.292 0.680 0.000 0.000 0.780 0.000 0.047 1.241 0.000 2.195 0.000 0.128 1.208 0.000 
1 test2fip_inconsistent 0.000 0.000 0.000 1.924 1.207 0.000 1.474 1.021 0.132 0.000 0.880 4.446 0.000 0.190 0.000 0.237 3.318 0.244 1.586 0.000 0.000 0.000 0.948 3.207 0.414 0.000 1.212 1.941 0.000 0.000 0.000 2.962 0.000 0.882 0.000 1.715 3.117 0.163 1.125 0.000 
0 test2fip_consistent 0.000 0.644 0.134 0.000 0.421 0.000 0.000 0.263 0.000 3.063 0.000 0.000 3.166 0.000 2.453 1.258 1.874 1.562 0.000 0.260 0.013 2.709 0.000 0.000 2.536 0.000 1.461 0.087 0.000 0.546 0.000 0.984 0.641 0.000 0.172 0.102 0.000 0.041 0.000 0.000 
1 test2fip_inconsistent 0.000 0.644 0.134 0.000 0.421 0.000 0.000 0.263 0.000 3.063 0.000 0.000 3.166 0.000 2.453 1.258 1.874 1.562 0.000 0.260 0.167 1.907 0.000 0.000 2.956 0.000 1.016 0.000 0.974 2.007 0.000 0.750 4.536 0.000 1.999 0.314 1.478 0.944 0.000 0.000 
0 test2fip_consistent 0.000 0.000 0.476 0.000 2.080 0.000 1.382 1.231 1.669 0.000 2.205 2.304 0.000 0.170 2.323 0.000 0.697 1.501 0.345 0.000 1.780 1.498 0.438 0.000 0.224 0.023 0.113 0.170 1.254 0.000 0.000 0.790 0.058 0.000 1.763 0.000 0.118 0.132 0.000 0.046 
1 test2fip_inconsistent 0.000 0.000 0.476 0.000 2.080 0.000 1.382 1.231 1.669 0.000 2.205 2.304 0.000 0.170 2.323 0.000 0.697 1.501 0.345 0.000 0.789 0.809 0.898 0.000 2.396 0.000 0.710 0.075 2.695 0.000 2.627 3.015 0.000 0.089 2.294 0.000 1.192 1.680 0.000 0.000 
0 test2fip_consistent 0.000 0.000 1.054 4.386 0.239 0.741 0.000 0.006 0.433 0.047 1.279 1.658 0.000 0.000 0.000 0.000 0.067 2.225 0.000 0.000 1.717 0.000 1.379 0.063 1.231 0.000 0.000 0.000 1.671 1.284 0.011 1.817 0.000 0.000 0.000 0.000 0.000 1.815 0.000 0.000 
1 test2fip_inconsistent 0.000 0.000 1.054 4.386 0.239 0.741 0.000 0.006 0.433 0.047 1.279 1.658 0.000 0.000 0.000 0.000 0.067 2.225 0.000 0.000 1.125 0.000 1.166 4.133 2.344 0.000 0.000 0.000 0.656 0.659 0.521 3.395 0.000 0.000 0.000 0.000 0.000 3.892 0.000 0.000 
0 test2fip_consistent 0.000 0.000 2.155 1.129 2.599 0.464 0.060 0.000 0.000 0.542 0.000 0.000 1.879 2.825 0.353 0.000 0.032 0.000 1.021 2.487 2.351 1.393 0.000 0.758 0.207 0.330 1.517 0.005 0.000 0.068 0.000 0.000 1.975 0.000 0.055 0.000 1.680 0.000 0.004 0.150 
1 test2fip_inconsistent 0.000 0.000 2.155 1.129 2.599 0.464 0.060 0.000 0.000 0.542 0.000 0.000 1.879 2.825 0.353 0.000 0.032 0.000 1.021 2.487 1.065 0.678 0.279 1.653 2.657 0.000 2.123 0.000 0.000 0.000 0.000 0.000 3.947 2.949 0.058 0.000 0.554 0.000 0.000 1.018 
0 test2fip_consistent 0.203 0.000 1.997 0.000 0.000 0.000 0.002 0.033 0.000 0.000 0.000 0.000 0.112 0.000 6.004 0.418 1.945 0.000 0.108 0.577 0.000 2.043 0.000 1.760 0.000 0.000 0.000 1.004 0.000 0.000 0.000 0.000 0.106 1.221 0.397 0.172 2.841 0.000 0.000 0.706 
1 test2fip_inconsistent 0.203 0.000 1.997 0.000 0.000 0.000 0.002 0.033 0.000 0.000 0.000 0.000 0.112 0.000 6.004 0.418 1.945 0.000 0.108 0.577 0.000 1.231 0.000 0.656 0.000 0.000 0.000 1.453 0.000 0.000 0.000 0.000 0.020 0.447 5.115 1.756 3.695 0.000 0.098 0.940 
0 test2fip_consistent 0.000 0.000 0.000 0.000 0.000 0.010 0.000 0.595 0.594 1.970 2.122 0.000 1.723 1.911 2.161 1.595 0.000 0.000 0.000 2.248 0.000 0.000 1.580 0.000 0.845 0.000 0.000 0.000 0.000 0.791 0.000 0.029 1.425 2.513 0.000 1.086 0.000 0.000 0.000 0.000 
1 test2fip_inconsistent 0.000 0.000 0.000 0.000 0.000 0.010 0.000 0.595 0.594 1.970 2.122 0.000 1.723 1.911 2.161 1.595 0.000 0.000 0.000 2.248 0.000 0.000 0.000 0.000 0.131 0.000 0.000 0.000 0.112 1.400 1.937 0.000 2.788 3.347 1.865 1.939 0.000 0.000 0.000 2.145 
0 test2fip_consistent 0.000 0.000 0.306 0.000 3.447 0.000 2.492 1.299 0.216 0.000 0.000 0.872 0.078 1.061 2.251 0.957 0.203 0.000 1.136 0.359 0.885 0.000 0.120 2.846 1.211 0.000 0.000 0.299 1.848 0.000 0.000 0.940 0.069 0.134 0.477 0.000 0.011 0.000 0.856 0.082 
1 test2fip_inconsistent 0.000 0.000 0.306 0.000 3.447 0.000 2.492 1.299 0.216 0.000 0.000 0.872 0.078 1.061 2.251 0.957 0.203 0.000 1.136 0.359 0.650 0.000 0.316 3.116 4.021 0.000 0.826 0.804 1.498 2.984 0.000 0.000 0.000 1.673 1.163 0.000 0.000 0.538 0.080 0.338 
0 test2fip_consistent 0.000 0.245 3.537 0.000 0.909 0.000 0.000 0.000 0.000 1.417 0.000 0.000 4.845 0.000 0.000 0.000 0.000 0.010 0.000 0.548 0.360 0.000 0.000 0.000 0.000 0.000 0.000 2.926 0.000 0.894 0.000 0.000 0.000 0.467 1.343 0.000 0.000 0.071 2.221 0.846 
1 test2fip_inconsistent 0.000 0.245 3.537 0.000 0.909 0.000 0.000 0.000 0.000 1.417 0.000 0.000 4.845 0.000 0.000 0.000 0.000 0.010 0.000 0.548 0.051 0.219 0.000 0.000 0.000 0.000 0.365 2.472 0.190 2.021 0.000 0.000 2.962 0.006 0.728 0.000 0.000 0.000 0.692 4.751 
0 test2fip_consistent 0.056 0.000 0.032 3.555 0.000 0.000 0.000 0.000 1.430 0.000 0.000 0.000 0.000 1.859 0.621 0.000 2.865 2.929 0.000 0.000 2.267 0.000 0.000 0.000 0.000 0.000 0.000 0.000 2.342 0.000 2.526 0.000 0.000 0.000 1.386 0.000 0.091 1.037 0.034 0.000 
1 test2fip_inconsistent 0.056 0.000 0.032 3.555 0.000 0.000 0.000 0.000 1.430 0.000 0.000 0.000 0.000 1.859 0.621 0.000 2.865 2.929 0.000 0.000 1.962 0.000 0.000 3.053 0.000 0.000 0.000 0.000 3.873 0.000 0.456 0.000 0.000 0.000 3.596 0.000 1.426 2.449 0.020 0.132 
0 test2fip_consistent 3.717 1.374 1.147 0.000 0.000 0.000 0.209 1.995 0.000 0.000 0.000 0.000 0.000 0.000 0.000 0.000 0.050 1.463 0.000 1.534 0.700 0.329 0.000 0.000 0.009 1.529 0.000 0.000 0.431 0.000 0.253 0.374 2.370 0.000 0.000 0.000 0.114 0.971 1.127 2.811 
1 test2fip_inconsistent 3.717 1.374 1.147 0.000 0.000 0.000 0.209 1.995 0.000 0.000 0.000 0.000 0.000 0.000 0.000 0.000 0.050 1.463 0.000 1.534 4.405 1.250 0.569 0.000 0.000 0.522 0.048 1.145 1.849 0.000 0.000 0.115 1.254 0.000 0.000 0.000 0.000 2.446 0.820 2.913 
0 test2fip_consistent 0.000 0.000 1.094 0.000 0.000 2.035 0.000 0.000 0.000 2.552 0.000 0.796 0.000 2.594 0.000 0.000 3.315 2.284 0.000 0.957 0.000 0.000 2.928 0.000 0.000 0.000 0.000 0.000 0.000 0.000 0.000 0.000 0.029 0.115 1.211 2.063 1.876 0.679 0.000 1.125 
1 test2fip_inconsistent 0.000 0.000 1.094 0.000 0.000 2.035 0.000 0.000 0.000 2.552 0.000 0.796 0.000 2.594 0.000 0.000 3.315 2.284 0.000 0.957 0.000 0.000 2.464 0.000 0.000 1.340 0.000 0.000 0.000 2.855 0.000 0.000 0.000 1.020 1.148 0.990 4.473 2.353 0.000 1.114 
0 test2fip_consistent 0.127 0.000 0.143 2.845 2.402 0.949 1.514 0.000 1.914 0.000 0.949 0.194 1.612 0.000 0.377 1.418 0.000 0.647 0.144 0.000 0.055 1.229 0.000 0.000 0.000 1.944 0.379 0.169 0.000 0.137 0.000 0.000 1.692 0.000 0.654 0.249 0.000 2.627 0.152 0.072 
1 test2fip_inconsistent 0.127 0.000 0.143 2.845 2.402 0.949 1.514 0.000 1.914 0.000 0.949 0.194 1.612 0.000 0.377 1.418 0.000 0.647 0.144 0.000 0.625 1.899 0.000 3.276 1.371 1.464 1.440 0.000 0.719 0.129 1.809 0.000 3.121 0.000 0.000 1.250 0.000 1.907 0.000 0.000 
0 test2fip_consistent 1.937 0.000 1.429 0.000 1.867 0.000 0.000 1.292 0.000 0.423 0.000 0.000 3.937 2.186 0.000 2.698 1.312 1.014 0.000 1.180 0.000 0.000 0.000 0.000 1.121 0.000 0.509 0.068 0.747 0.946 0.983 0.000 0.000 2.573 0.000 0.300 0.000 1.287 0.634 0.000 
1 test2fip_inconsistent 1.937 0.000 1.429 0.000 1.867 0.000 0.000 1.292 0.000 0.423 0.000 0.000 3.937 2.186 0.000 2.698 1.312 1.014 0.000 1.180 1.457 0.000 0.946 0.000 1.256 0.000 0.207 0.716 0.475 1.750 0.617 0.000 2.605 3.414 0.000 2.197 0.000 3.002 0.365 0.550 
