0 test2fip_consistent left_hidden
0.000 0.000 0.000 0.000 0.089 2.023 0.000 0.000 0.176 2.425 0.000 0.000 0.000 0.000 5.435 0.244 0.000 0.000 0.000 1.006 
0 test2fip_consistent right_hidden
0.000 0.000 0.000 3.597 0.000 2.467 1.175 0.000 0.023 0.000 0.003 0.000 0.083 0.000 0.000 2.099 0.000 0.000 1.225 0.464 
---
1 test2fip_inconsistent left_hidden
0.000 0.000 0.000 0.000 0.089 2.023 0.000 0.000 0.176 2.425 0.000 0.000 0.000 0.000 5.435 0.244 0.000 0.000 0.000 1.006 
1 test2fip_inconsistent right_hidden
0.000 0.000 0.000 2.010 0.000 1.987 1.767 0.000 0.000 2.480 0.000 0.000 0.000 0.000 2.731 2.903 0.000 0.000 0.454 3.255 
---
0 test2fip_consistent left_hidden
0.038 0.293 0.000 0.000 0.000 0.000 0.881 0.170 0.137 0.236 0.904 0.000 0.934 2.711 0.548 2.058 1.933 0.741 2.444 2.121 
0 test2fip_consistent right_hidden
0.968 0.467 0.000 0.538 0.000 0.000 0.000 3.004 0.778 0.000 0.000 0.000 0.134 0.000 1.451 0.613 0.404 0.000 1.383 0.188 
---
1 test2fip_inconsistent left_hidden
0.038 0.293 0.000 0.000 0.000 0.000 0.881 0.170 0.137 0.236 0.904 0.000 0.934 2.711 0.548 2.058 1.933 0.741 2.444 2.121 
1 test2fip_inconsistent right_hidden
0.793 0.506 0.000 0.000 0.000 0.000 1.689 1.760 1.228 0.197 1.170 0.000 0.635 3.012 1.520 2.948 0.294 0.038 3.347 0.655 
---
0 test2fip_consistent left_hidden
0.000 1.698 0.000 0.000 0.000 0.000 0.000 1.190 0.000 0.000 2.752 0.620 0.000 0.000 2.465 0.851 0.415 0.000 0.280 4.651 
0 test2fip_consistent right_hidden
0.000 0.184 1.247 0.000 0.979 0.000 1.921 0.000 0.000 0.000 1.817 2.293 0.000 0.000 0.019 0.638 1.620 0.000 1.797 0.205 
---
1 test2fip_inconsistent left_hidden
0.000 1.698 0.000 0.000 0.000 0.000 0.000 1.190 0.000 0.000 2.752 0.620 0.000 0.000 2.465 0.851 0.415 0.000 0.280 4.651 
1 test2fip_inconsistent right_hidden
0.000 0.000 0.310 0.000 0.639 0.000 1.502 0.573 0.000 0.000 4.065 0.917 0.000 0.000 1.872 3.781 1.278 0.000 0.192 2.893 
---
0 test2fip_consistent left_hidden
0.416 1.467 0.000 0.000 1.784 0.000 0.000 0.000 2.971 2.476 0.501 0.689 0.000 0.000 0.000 2.177 1.429 1.852 0.226 0.000 
0 test2fip_consistent right_hidden
1.326 0.682 0.543 0.000 0.000 0.148 0.000 0.915 0.000 0.000 2.134 0.853 0.000 0.000 0.000 1.685 0.292 0.000 0.000 0.000 
---
1 test2fip_inconsistent left_hidden
0.416 1.467 0.000 0.000 1.784 0.000 0.000 0.000 2.971 2.476 0.501 0.689 0.000 0.000 0.000 2.177 1.429 1.852 0.226 0.000 
1 test2fip_inconsistent right_hidden
0.490 0.000 0.000 0.000 2.506 0.000 0.000 0.729 2.441 3.046 0.898 0.000 1.420 0.331 0.135 2.647 1.274 0.939 0.000 0.000 
---
0 test2fip_consistent left_hidden
1.994 0.000 0.000 0.000 0.000 2.073 0.482 0.000 0.000 0.059 0.080 0.000 0.000 0.000 0.000 0.000 0.432 0.000 5.485 1.668 
0 test2fip_consistent right_hidden
0.855 1.604 0.000 0.006 0.988 0.000 0.000 2.537 0.000 0.718 0.166 0.000 0.000 1.379 0.000 0.000 2.115 1.264 0.282 0.551 
---
1 test2fip_inconsistent left_hidden
1.994 0.000 0.000 0.000 0.000 2.073 0.482 0.000 0.000 0.059 0.080 0.000 0.000 0.000 0.000 0.000 0.432 0.000 5.485 1.668 
1 test2fip_inconsistent right_hidden
0.381 0.706 0.000 0.000 0.451 0.675 0.414 1.450 0.000 1.178 0.385 0.000 0.000 0.687 0.000 0.000 2.709 0.867 5.092 2.082 
---
0 test2fip_consistent left_hidden
0.000 0.006 0.000 0.000 0.000 3.359 0.000 0.097 0.000 0.000 1.946 0.000 0.000 0.670 2.594 0.383 0.000 0.000 3.061 1.543 
0 test2fip_consistent right_hidden
0.000 0.219 0.000 0.172 0.000 0.000 2.212 2.062 0.000 0.000 0.082 0.000 1.487 0.075 2.829 0.006 0.000 0.000 0.000 0.000 
---
1 test2fip_inconsistent left_hidden
0.000 0.006 0.000 0.000 0.000 3.359 0.000 0.097 0.000 0.000 1.946 0.000 0.000 0.670 2.594 0.383 0.000 0.000 3.061 1.543 
1 test2fip_inconsistent right_hidden
0.000 0.230 0.000 0.507 0.000 2.498 1.346 1.449 0.334 0.000 2.051 0.000 0.000 0.000 3.522 0.962 0.000 0.000 2.471 1.436 
---
0 test2fip_consistent left_hidden
0.000 1.966 0.000 0.000 0.000 0.000 0.000 0.000 0.000 1.111 3.904 4.815 0.000 0.159 0.000 0.000 0.143 0.000 0.000 0.000 
0 test2fip_consistent right_hidden
0.591 0.000 0.080 0.000 1.044 0.000 0.000 1.836 0.000 0.780 0.854 0.000 0.000 0.000 0.000 0.009 3.303 2.161 0.251 0.000 
---
1 test2fip_inconsistent left_hidden
0.000 1.966 0.000 0.000 0.000 0.000 0.000 0.000 0.000 1.111 3.904 4.815 0.000 0.159 0.000 0.000 0.143 0.000 0.000 0.000 
1 test2fip_inconsistent right_hidden
0.856 0.000 0.000 0.000 0.566 0.000 0.000 0.833 0.000 1.397 4.010 4.070 0.000 0.006 0.000 0.000 2.037 0.427 0.000 0.000 
---
0 test2fip_consistent left_hidden
0.000 0.000 0.000 1.008 2.825 0.000 0.000 3.792 1.760 0.365 0.086 0.253 0.447 0.000 0.000 1.827 0.000 1.364 0.000 0.000 
0 test2fip_consistent right_hidden
1.565 0.115 0.000 0.121 1.706 0.003 0.702 0.186 0.068 0.154 0.058 0.000 1.184 0.000 2.109 1.706 0.085 0.142 0.000 0.314 
---
1 test2fip_inconsistent left_hidden
0.000 0.000 0.000 1.008 2.825 0.000 0.000 3.792 1.760 0.365 0.086 0.253 0.447 0.000 0.000 1.827 0.000 1.364 0.000 0.000 
1 test2fip_inconsistent right_hidden
0.350 0.000 0.000 1.752 3.264 0.000 0.391 3.284 1.611 0.869 0.000 0.000 2.410 0.000 1.916 1.556 1.534 1.668 0.000 0.839 
---
0 test2fip_consistent left_hidden
0.000 0.098 0.000 3.283 0.000 0.000 0.159 0.000 0.000 0.187 0.000 2.412 0.000 3.275 1.161 1.699 0.000 0.344 0.000 0.012 
0 test2fip_consistent right_hidden
2.299 0.000 0.000 0.000 0.008 0.000 0.000 0.000 0.000 3.380 0.000 0.939 0.000 1.451 0.000 0.000 0.000 1.457 0.000 0.000 
---
1 test2fip_inconsistent left_hidden
0.000 0.098 0.000 3.283 0.000 0.000 0.159 0.000 0.000 0.187 0.000 2.412 0.000 3.275 1.161 1.699 0.000 0.344 0.000 0.012 
1 test2fip_inconsistent right_hidden
1.421 0.000 0.000 2.933 0.000 0.000 0.000 0.000 0.000 1.874 0.000 3.164 0.000 1.890 0.000 2.603 0.000 1.733 0.000 0.000 
---
0 test2fip_consistent left_hidden
2.990 0.000 0.121 0.000 2.897 0.643 0.161 0.000 1.184 0.000 1.540 0.319 0.000 0.000 3.152 0.000 0.758 0.000 1.537 0.000 
0 test2fip_consistent right_hidden
0.307 0.000 0.032 0.000 1.233 0.676 0.854 0.000 0.333 0.000 0.112 0.165 0.000 0.734 0.000 0.183 2.891 0.713 0.549 0.000 
---
1 test2fip_inconsistent left_hidden
2.990 0.000 0.121 0.000 2.897 0.643 0.161 0.000 1.184 0.000 1.540 0.319 0.000 0.000 3.152 0.000 0.758 0.000 1.537 0.000 
1 test2fip_inconsistent right_hidden
0.972 0.233 0.948 0.000 3.473 0.218 0.851 0.000 2.512 0.029 2.067 0.400 0.000 0.226 3.125 0.090 2.542 0.000 0.149 0.000 
---
0 test2fip_consistent left_hidden
1.504 0.594 0.000 0.000 0.000 0.266 0.864 0.000 0.000 0.000 2.326 0.000 0.000 3.266 0.000 0.000 1.207 2.542 0.000 0.000 
0 test2fip_consistent right_hidden
0.774 2.155 3.535 0.000 0.000 0.052 0.965 0.000 0.000 0.000 0.430 0.000 1.820 0.067 0.000 0.000 0.549 0.874 1.806 0.045 
---
1 test2fip_inconsistent left_hidden
1.504 0.594 0.000 0.000 0.000 0.266 0.864 0.000 0.000 0.000 2.326 0.000 0.000 3.266 0.000 0.000 1.207 2.542 0.000 0.000 
1 test2fip_inconsistent right_hidden
0.000 0.887 2.649 0.000 0.000 0.549 3.567 0.000 0.049 0.000 2.433 0.000 1.525 3.814 0.000 0.000 1.272 2.097 1.287 0.000 
---
0 test2fip_consistent left_hidden
0.000 0.000 0.000 0.000 0.000 0.543 0.034 3.424 0.000 0.000 1.425 0.000 4.728 0.000 0.000 2.976 0.000 0.000 1.446 0.000 
0 test2fip_consistent right_hidden
0.000 0.000 0.000 0.000 0.000 1.845 1.556 0.158 0.000 1.988 0.000 3.884 1.389 0.000 0.000 0.000 0.000 1.467 0.000 0.000 
---
1 test2fip_inconsistent left_hidden
0.000 0.000 0.000 0.000 0.000 0.543 0.034 3.424 0.000 0.000 1.425 0.000 4.728 0.000 0.000 2.976 0.000 0.000 1.446 0.000 
1 test2fip_inconsistent right_hidden
0.000 0.000 0.000 0.000 0.000 2.191 3.113 3.031 0.000 1.280 0.000 2.340 2.455 0.000 0.000 3.376 0.000 0.279 1.350 0.000 
---
0 test2fip_consistent left_hidden
1.512 1.937 0.000 0.444 0.401 1.152 1.352 2.536 0.000 0.000 2.480 0.000 0.000 1.822 0.000 0.594 0.653 1.051 0.533 2.860 
0 test2fip_consistent right_hidden
0.000 0.000 0.719 0.124 0.000 0.000 0.495 1.135 1.337 0.000 0.107 0.000 1.102 0.000 1.708 2.340 0.000 0.368 0.000 0.083 
---
1 test2fip_inconsistent left_hidden
1.512 1.937 0.000 0.444 0.401 1.152 1.352 2.536 0.000 0.000 2.480 0.000 0.000 1.822 0.000 0.594 0.653 1.051 0.533 2.860 
1 test2fip_inconsistent right_hidden
1.275 0.384 0.881 0.000 0.000 2.335 1.343 3.256 0.764 0.060 1.676 0.000 0.158 0.000 1.072 1.877 0.000 1.776 0.316 1.862 
---
0 test2fip_consistent left_hidden
0.000 0.000 0.000 0.000 1.852 0.000 2.586 0.781 0.000 3.448 3.248 0.000 0.000 1.200 2.936 0.000 0.008 0.000 0.000 0.516 
0 test2fip_consistent right_hidden
0.000 0.000 0.004 0.000 0.000 3.747 0.735 0.000 0.000 0.360 1.416 0.000 0.000 0.039 1.874 0.000 0.000 0.360 0.000 0.000 
---
1 test2fip_inconsistent left_hidden
0.000 0.000 0.000 0.000 1.852 0.000 2.586 0.781 0.000 3.448 3.248 0.000 0.000 1.200 2.936 0.000 0.008 0.000 0.000 0.516 
1 test2fip_inconsistent right_hidden
0.000 0.000 0.000 0.000 2.050 2.669 2.434 0.000 0.000 3.839 3.015 0.000 0.000 0.000 2.982 0.000 0.000 0.062 0.000 0.000 
---
0 test2fip_consistent left_hidden
0.577 0.000 2.188 0.000 1.626 1.409 0.000 0.000 1.476 1.633 2.476 0.000 0.000 0.000 0.767 0.000 1.224 1.236 0.000 0.885 
0 test2fip_consistent right_hidden
0.000 1.779 1.739 0.646 2.098 0.000 0.000 0.000 0.356 0.000 0.000 0.000 0.000 0.000 1.566 0.000 0.000 0.731 1.983 0.000 
---
1 test2fip_inconsistent left_hidden
0.577 0.000 2.188 0.000 1.626 1.409 0.000 0.000 1.476 1.633 2.476 0.000 0.000 0.000 0.767 0.000 1.224 1.236 0.000 0.885 
1 test2fip_inconsistent right_hidden
0.000 0.687 0.852 0.000 3.098 0.000 0.000 0.000 2.163 1.134 2.138 0.000 0.000 0.000 1.031 0.000 1.578 1.351 0.758 0.777 
---
0 test2fip_consistent left_hidden
0.000 0.000 1.226 0.000 0.000 1.058 1.046 0.738 0.000 0.000 4.394 0.948 1.747 0.667 0.000 1.233 0.000 1.886 1.389 0.000 
0 test2fip_consistent right_hidden
0.000 0.512 0.458 1.102 1.162 1.814 0.217 1.336 0.000 0.000 0.185 1.719 0.000 1.727 0.000 0.197 0.000 0.000 1.086 0.000 
---
1 test2fip_inconsistent left_hidden
0.000 0.000 1.226 0.000 0.000 1.058 1.046 0.738 0.000 0.000 4.394 0.948 1.747 0.667 0.000 1.233 0.000 1.886 1.389 0.000 
1 test2fip_inconsistent right_hidden
0.000 0.000 0.207 0.403 1.049 1.667 1.972 0.855 0.000 0.000 4.186 2.166 1.961 2.388 0.000 0.730 0.000 0.681 0.000 0.000 
---
0 test2fip_consistent left_hidden
0.000 1.376 0.352 2.615 1.865 1.683 0.310 2.547 2.164 0.000 0.000 0.000 0.000 0.000 2.668 0.629 0.000 0.532 0.000 0.000 
0 test2fip_consistent right_hidden
0.000 3.614 0.000 0.000 0.431 0.000 0.000 0.000 2.694 0.000 0.000 0.000 0.000 0.994 0.000 0.029 0.000 0.039 0.000 0.000 
---
1 test2fip_inconsistent left_hidden
0.000 1.376 0.352 2.615 1.865 1.683 0.310 2.547 2.164 0.000 0.000 0.000 0.000 0.000 2.668 0.629 0.000 0.532 0.000 0.000 
1 test2fip_inconsistent right_hidden
0.000 2.061 2.609 1.083 2.129 1.243 0.000 0.789 3.356 0.000 0.000 0.000 0.000 0.602 2.005 0.000 0.000 0.071 0.000 0.000 
---
0 test2fip_consistent left_hidden
0.460 0.000 3.941 0.000 0.000 0.000 2.839 1.945 2.566 0.000 1.010 0.000 2.581 0.017 0.149 0.000 0.000 0.000 0.000 0.000 
0 test2fip_consistent right_hidden
2.263 0.000 0.000 0.000 0.000 0.000 1.628 0.000 0.397 0.000 0.000 0.000 2.305 0.000 0.000 0.000 0.000 0.000 2.835 1.371 
---
1 test2fip_inconsistent left_hidden
0.460 0.000 3.941 0.000 0.000 0.000 2.839 1.945 2.566 0.000 1.010 0.000 2.581 0.017 0.149 0.000 0.000 0.000 0.000 0.000 
1 test2fip_inconsistent right_hidden
0.929 0.000 1.440 0.000 0.000 0.000 3.768 0.891 0.000 0.000 0.000 0.000 2.928 0.000 0.000 2.438 0.000 0.000 1.440 0.000 
---
0 test2fip_consistent left_hidden
1.560 0.000 0.000 2.918 0.011 0.161 0.020 1.822 2.388 1.090 0.000 0.166 0.878 0.000 0.000 1.282 0.000 2.384 0.000 3.474 
0 test2fip_consistent right_hidden
0.000 0.000 1.276 0.705 0.000 0.000 0.034 1.579 1.262 0.093 0.000 3.443 0.000 0.000 0.335 0.000 0.000 0.134 0.000 0.984 
---
1 test2fip_inconsistent left_hidden
1.560 0.000 0.000 2.918 0.011 0.161 0.020 1.822 2.388 1.090 0.000 0.166 0.878 0.000 0.000 1.282 0.000 2.384 0.000 3.474 
1 test2fip_inconsistent right_hidden
0.000 0.000 0.875 1.274 1.319 0.000 0.077 2.497 4.032 2.055 0.000 2.423 1.749 0.000 0.605 0.000 0.000 2.940 0.000 1.683 
---
0 test2fip_consistent left_hidden
2.720 0.000 0.000 0.000 2.167 0.550 0.220 0.000 0.000 2.754 0.000 1.507 0.351 2.151 1.143 0.000 1.489 0.000 0.000 0.000 
0 test2fip_consistent right_hidden
1.000 0.000 0.000 0.000 0.000 0.148 0.000 0.000 3.128 1.258 0.000 0.000 0.000 1.627 0.303 3.129 0.000 0.000 0.000 0.000 
---
1 test2fip_inconsistent left_hidden
2.720 0.000 0.000 0.000 2.167 0.550 0.220 0.000 0.000 2.754 0.000 1.507 0.351 2.151 1.143 0.000 1.489 0.000 0.000 0.000 
1 test2fip_inconsistent right_hidden
3.920 0.000 0.000 0.000 0.022 0.000 0.000 0.000 2.140 2.373 0.000 1.575 0.000 1.324 2.741 2.456 1.783 0.000 0.000 0.000 
---
0 test2fip_consistent left_hidden
0.895 0.264 0.759 1.467 3.353 1.291 1.378 0.079 0.000 0.088 0.000 2.012 0.000 1.472 0.007 0.000 0.000 0.000 0.000 3.118 
0 test2fip_consistent right_hidden
0.000 2.828 0.000 3.271 0.000 0.936 0.000 0.015 0.128 0.000 0.000 0.000 0.000 0.000 1.331 0.000 0.000 0.000 0.355 0.000 
---
1 test2fip_inconsistent left_hidden
0.895 0.264 0.759 1.467 3.353 1.291 1.378 0.079 0.000 0.088 0.000 2.012 0.000 1.472 0.007 0.000 0.000 0.000 0.000 3.118 
1 test2fip_inconsistent right_hidden
0.000 2.238 0.000 3.358 3.620 1.990 0.133 1.218 0.027 0.000 0.000 0.087 0.000 2.400 0.826 0.000 0.300 0.000 0.000 2.751 
---
0 test2fip_consistent left_hidden
1.240 0.960 0.000 0.000 2.867 0.000 0.000 0.000 0.043 0.000 1.083 0.000 0.000 3.551 0.000 0.904 0.000 1.819 3.227 0.017 
0 test2fip_consistent right_hidden
0.068 0.000 0.000 2.167 3.714 0.000 0.000 0.000 1.313 0.000 0.119 0.014 0.000 0.000 0.000 0.000 0.477 0.000 0.000 0.000 
---
1 test2fip_inconsistent left_hidden
1.240 0.960 0.000 0.000 2.867 0.000 0.000 0.000 0.043 0.000 1.083 0.000 0.000 3.551 0.000 0.904 0.000 1.819 3.227 0.017 
1 test2fip_inconsistent right_hidden
0.000 1.052 0.000 1.411 3.311 0.000 0.000 0.000 1.012 0.000 2.840 0.000 0.000 2.909 0.000 0.062 0.000 0.887 0.000 0.000 
---
0 test2fip_consistent left_hidden
2.558 0.000 0.000 0.000 1.381 3.467 0.000 1.147 1.122 0.000 0.245 0.503 0.000 0.161 0.000 0.000 0.000 2.612 2.385 0.000 
0 test2fip_consistent right_hidden
0.000 0.000 0.414 1.650 0.000 0.000 0.310 0.000 2.640 0.000 0.000 2.150 0.000 2.100 0.000 0.000 0.000 0.531 0.695 0.068 
---
1 test2fip_inconsistent left_hidden
2.558 0.000 0.000 0.000 1.381 3.467 0.000 1.147 1.122 0.000 0.245 0.503 0.000 0.161 0.000 0.000 0.000 2.612 2.385 0.000 
1 test2fip_inconsistent right_hidden
1.308 0.000 0.000 0.989 0.546 3.600 0.344 0.000 1.123 0.000 0.000 2.127 0.000 1.638 0.000 0.000 0.000 0.595 3.151 0.722 
---
0 test2fip_consistent left_hidden
0.000 0.000 1.376 0.000 1.468 2.681 0.000 0.000 0.000 0.000 0.000 0.000 3.025 0.000 1.236 2.888 1.995 0.000 0.000 0.000 
0 test2fip_consistent right_hidden
0.000 0.000 0.000 0.000 0.000 0.985 0.000 0.000 0.790 0.000 2.290 0.000 1.313 0.000 0.000 0.000 0.000 0.000 3.043 3.081 
---
1 test2fip_inconsistent left_hidden
0.000 0.000 1.376 0.000 1.468 2.681 0.000 0.000 0.000 0.000 0.000 0.000 3.025 0.000 1.236 2.888 1.995 0.000 0.000 0.000 
1 test2fip_inconsistent right_hidden
0.000 0.000 0.361 0.000 0.544 1.645 0.000 0.000 0.000 0.004 1.495 0.000 5.019 0.000 1.561 0.274 1.742 0.000 2.387 1.548 
---
0 test2fip_consistent left_hidden
0.612 0.112 0.000 0.000 0.014 0.000 2.922 1.704 1.136 1.071 0.103 0.000 0.402 0.169 0.000 0.000 0.275 1.000 0.000 3.125 
0 test2fip_consistent right_hidden
0.165 2.122 1.316 0.000 0.000 1.565 0.140 0.633 0.000 0.957 1.900 0.884 0.149 0.027 0.349 0.000 2.563 0.659 0.000 0.000 
---
1 test2fip_inconsistent left_hidden
0.612 0.112 0.000 0.000 0.014 0.000 2.922 1.704 1.136 1.071 0.103 0.000 0.402 0.169 0.000 0.000 0.275 1.000 0.000 3.125 
1 test2fip_inconsistent right_hidden
0.000 1.272 1.790 0.000 0.000 1.335 3.673 0.156 0.570 0.152 1.801 0.000 0.626 0.000 0.017 0.000 1.834 1.823 0.000 3.102 
---
0 test2fip_consistent left_hidden
1.458 0.250 0.845 2.554 0.000 1.846 0.000 0.000 1.155 1.217 2.705 0.000 0.244 0.000 0.000 0.000 1.485 0.028 2.062 0.753 
0 test2fip_consistent right_hidden
0.000 0.773 2.194 0.000 0.000 0.000 1.022 0.000 0.000 2.331 0.028 0.000 0.000 0.623 0.000 0.621 1.241 0.154 0.090 0.000 
---
1 test2fip_inconsistent left_hidden
1.458 0.250 0.845 2.554 0.000 1.846 0.000 0.000 1.155 1.217 2.705 0.000 0.244 0.000 0.000 0.000 1.485 0.028 2.062 0.753 
1 test2fip_inconsistent right_hidden
0.400 0.177 2.207 2.115 0.000 1.626 0.333 0.000 1.556 2.047 3.565 0.000 0.000 0.381 0.000 0.000 0.697 1.817 1.557 0.164 
---
0 test2fip_consistent left_hidden
1.669 0.111 0.000 2.957 0.634 0.000 0.000 1.124 3.608 1.327 0.000 0.000 0.000 0.000 0.339 1.447 0.000 0.054 0.318 0.000 
0 test2fip_consistent right_hidden
1.416 0.000 0.122 0.130 1.129 0.000 2.124 0.000 0.000 0.000 0.000 0.663 0.135 0.050 0.555 1.324 2.347 0.000 2.023 0.000 
---
1 test2fip_inconsistent left_hidden
1.669 0.111 0.000 2.957 0.634 0.000 0.000 1.124 3.608 1.327 0.000 0.000 0.000 0.000 0.339 1.447 0.000 0.054 0.318 0.000 
1 test2fip_inconsistent right_hidden
1.332 0.000 0.000 2.921 2.104 0.000 1.043 0.000 3.434 2.380 0.000 0.200 0.045 0.000 0.778 1.009 1.864 0.000 2.088 0.000 
---
0 test2fip_consistent left_hidden
2.008 1.634 1.360 2.531 0.000 0.501 0.000 0.000 0.000 1.257 0.090 0.000 0.144 0.616 0.000 0.000 0.000 2.845 1.236 0.234 
0 test2fip_consistent right_hidden
1.370 0.000 0.939 0.000 0.000 0.000 0.000 0.000 0.000 1.878 0.000 0.000 0.822 2.742 0.000 0.000 0.000 0.807 2.385 0.103 
---
1 test2fip_inconsistent left_hidden
2.008 1.634 1.360 2.531 0.000 0.501 0.000 0.000 0.000 1.257 0.090 0.000 0.144 0.616 0.000 0.000 0.000 2.845 1.236 0.234 
1 test2fip_inconsistent right_hidden
2.666 2.839 1.234 2.090 0.000 0.593 0.000 0.000 0.000 2.148 0.184 0.000 0.542 2.582 0.000 0.676 0.036 3.006 1.202 1.150 
---
0 test2fip_consistent left_hidden
2.446 0.849 0.000 1.044 0.000 0.399 1.963 0.000 0.019 1.465 1.179 0.000 0.000 2.252 0.411 1.533 0.000 0.000 0.157 1.893 
0 test2fip_consistent right_hidden
0.000 2.579 0.000 0.000 0.871 0.000 0.000 0.000 0.000 0.778 2.152 0.000 0.000 2.103 1.301 0.000 0.000 0.000 0.000 0.017 
---
1 test2fip_inconsistent left_hidden
2.446 0.849 0.000 1.044 0.000 0.399 1.963 0.000 0.019 1.465 1.179 0.000 0.000 2.252 0.411 1.533 0.000 0.000 0.157 1.893 
1 test2fip_inconsistent right_hidden
1.894 3.479 0.000 1.845 0.798 0.000 1.911 0.000 0.000 1.544 0.802 0.000 0.000 2.245 0.176 2.056 0.000 0.000 0.000 2.278 
---
0 test2fip_consistent left_hidden
0.000 0.000 1.560 0.000 0.000 0.013 0.249 0.000 2.189 0.964 0.906 2.197 1.455 0.520 0.000 1.460 2.901 0.400 0.786 0.078 
0 test2fip_consistent right_hidden
0.000 1.559 0.423 0.045 0.000 1.724 1.061 0.000 1.635 0.000 0.000 0.000 0.000 0.066 0.000 0.000 0.000 0.000 1.659 0.624 
---
1 test2fip_inconsistent left_hidden
0.000 0.000 1.560 0.000 0.000 0.013 0.249 0.000 2.189 0.964 0.906 2.197 1.455 0.520 0.000 1.460 2.901 0.400 0.786 0.078 
1 test2fip_inconsistent right_hidden
0.079 0.000 0.950 0.002 0.000 0.565 0.616 0.000 2.787 0.385 0.556 1.438 2.903 1.506 0.000 1.020 2.419 0.349 2.117 0.502 
---
0 test2fip_consistent left_hidden
0.008 0.632 2.935 0.000 0.972 0.000 0.295 0.000 0.104 3.674 0.000 0.824 3.641 0.145 0.044 0.000 0.000 0.000 0.000 0.000 
0 test2fip_consistent right_hidden
0.000 0.000 0.000 0.000 0.000 2.915 1.277 0.000 0.000 0.000 1.967 0.014 1.008 1.757 2.064 0.034 0.880 0.000 0.000 0.000 
---
1 test2fip_inconsistent left_hidden
0.008 0.632 2.935 0.000 0.972 0.000 0.295 0.000 0.104 3.674 0.000 0.824 3.641 0.145 0.044 0.000 0.000 0.000 0.000 0.000 
1 test2fip_inconsistent right_hidden
0.000 2.413 0.000 0.000 0.000 3.447 0.676 0.000 0.000 2.967 0.936 0.000 3.813 1.362 0.335 0.000 0.000 0.000 0.000 0.000 
---
0 test2fip_consistent left_hidden
0.000 0.000 0.000 0.000 0.989 0.000 2.750 4.714 0.000 0.000 1.381 0.000 0.000 0.244 0.471 0.000 0.389 2.541 0.367 0.000 
0 test2fip_consistent right_hidden
0.548 0.358 1.971 0.000 2.309 0.000 0.000 1.587 1.352 0.876 0.000 0.424 0.073 0.078 0.000 0.000 1.699 0.001 1.907 0.000 
---
1 test2fip_inconsistent left_hidden
0.000 0.000 0.000 0.000 0.989 0.000 2.750 4.714 0.000 0.000 1.381 0.000 0.000 0.244 0.471 0.000 0.389 2.541 0.367 0.000 
1 test2fip_inconsistent right_hidden
1.047 0.000 0.495 0.000 1.660 0.018 1.934 4.499 0.056 0.354 0.000 0.369 0.000 0.584 1.001 0.000 1.461 3.124 1.055 0.000 
---
0 test2fip_consistent left_hidden
0.602 0.000 2.248 0.000 0.000 0.000 1.102 0.000 2.982 0.000 0.663 2.443 3.586 0.646 1.024 0.949 1.061 0.449 0.000 0.420 
0 test2fip_consistent right_hidden
0.000 0.000 0.000 0.000 0.000 0.000 1.654 0.000 1.019 0.000 0.000 0.030 0.028 3.261 0.574 1.354 0.000 2.218 0.000 0.000 
---
1 test2fip_inconsistent left_hidden
0.602 0.000 2.248 0.000 0.000 0.000 1.102 0.000 2.982 0.000 0.663 2.443 3.586 0.646 1.024 0.949 1.061 0.449 0.000 0.420 
1 test2fip_inconsistent right_hidden
0.015 0.000 1.021 0.000 0.000 0.000 0.910 1.928 2.544 0.000 0.000 2.869 3.646 1.707 0.119 0.888 0.000 1.554 0.000 0.000 
---
0 test2fip_consistent left_hidden
2.382 2.897 1.013 0.552 0.212 1.875 0.000 2.056 0.007 1.587 0.000 1.402 0.000 0.000 0.000 1.536 0.000 0.000 2.004 0.000 
0 test2fip_consistent right_hidden
0.046 1.339 0.464 1.339 2.732 0.000 0.000 1.119 0.000 0.000 0.000 0.000 0.000 0.000 0.051 0.083 2.760 0.000 0.084 0.000 
---
1 test2fip_inconsistent left_hidden
2.382 2.897 1.013 0.552 0.212 1.875 0.000 2.056 0.007 1.587 0.000 1.402 0.000 0.000 0.000 1.536 0.000 0.000 2.004 0.000 
1 test2fip_inconsistent right_hidden
2.741 4.431 0.352 0.539 0.000 1.980 0.000 3.292 0.000 0.432 0.000 0.395 0.000 0.010 0.000 0.914 1.958 0.000 0.001 0.000 
---
0 test2fip_consistent left_hidden
0.189 0.000 1.788 0.000 0.000 0.384 3.088 0.000 0.000 0.000 0.057 0.000 4.383 2.721 0.000 0.026 0.000 0.000 0.000 1.316 
0 test2fip_consistent right_hidden
0.677 0.000 1.062 0.000 0.000 1.350 0.483 0.000 0.000 0.000 4.100 0.000 0.000 0.000 0.334 0.927 0.000 0.000 0.000 0.000 
---
1 test2fip_inconsistent left_hidden
0.189 0.000 1.788 0.000 0.000 0.384 3.088 0.000 0.000 0.000 0.057 0.000 4.383 2.721 0.000 0.026 0.000 0.000 0.000 1.316 
1 test2fip_inconsistent right_hidden
0.000 0.000 3.622 0.000 0.000 0.994 0.000 0.000 0.000 0.000 1.393 0.000 2.199 1.867 0.000 0.004 0.000 0.000 0.000 1.809 
---
0 test2fip_consistent left_hidden
1.869 0.000 1.703 1.422 0.503 0.000 0.864 0.252 0.000 1.932 0.690 0.000 0.535 4.781 1.064 0.000 0.000 0.000 0.046 1.725 
0 test2fip_consistent right_hidden
1.328 0.000 1.887 0.000 2.648 0.000 0.000 0.379 0.000 0.000 0.000 0.000 2.368 0.000 0.000 0.000 0.000 0.000 0.000 1.886 
---
1 test2fip_inconsistent left_hidden
1.869 0.000 1.703 1.422 0.503 0.000 0.864 0.252 0.000 1.932 0.690 0.000 0.535 4.781 1.064 0.000 0.000 0.000 0.046 1.725 
1 test2fip_inconsistent right_hidden
1.756 0.000 1.990 0.858 0.000 0.000 0.000 0.204 0.000 1.995 0.995 0.000 2.024 0.887 1.664 0.000 0.000 0.000 0.000 3.396 
---
0 test2fip_consistent left_hidden
0.000 2.174 1.043 0.000 0.201 0.000 0.000 0.000 2.369 1.863 2.512 0.000 1.771 0.000 3.043 0.000 0.425 2.169 0.000 0.000 
0 test2fip_consistent right_hidden
0.692 0.000 0.000 0.000 1.235 1.503 0.000 0.118 0.156 0.174 0.000 0.000 0.572 0.000 0.247 0.000 2.561 1.763 0.000 0.000 
---
1 test2fip_inconsistent left_hidden
0.000 2.174 1.043 0.000 0.201 0.000 0.000 0.000 2.369 1.863 2.512 0.000 1.771 0.000 3.043 0.000 0.425 2.169 0.000 0.000 
1 test2fip_inconsistent right_hidden
0.000 1.946 0.696 0.000 0.338 0.600 0.000 0.000 2.131 1.354 1.865 0.000 1.356 0.000 3.157 0.000 1.966 1.622 0.000 0.000 
---
0 test2fip_consistent left_hidden
0.768 1.912 0.338 1.152 0.000 1.259 0.000 3.476 1.588 3.643 0.459 0.000 0.000 0.753 0.000 0.033 0.000 0.000 0.000 0.000 
0 test2fip_consistent right_hidden
0.000 0.000 1.877 0.000 2.446 0.000 0.000 0.074 2.985 0.000 1.999 0.776 0.000 0.000 0.000 0.000 0.000 0.548 2.046 0.000 
---
1 test2fip_inconsistent left_hidden
0.768 1.912 0.338 1.152 0.000 1.259 0.000 3.476 1.588 3.643 0.459 0.000 0.000 0.753 0.000 0.033 0.000 0.000 0.000 0.000 
1 test2fip_inconsistent right_hidden
0.000 0.020 1.150 0.000 0.886 1.349 0.000 3.909 3.467 2.107 0.483 0.348 0.000 0.000 0.000 0.000 0.000 0.000 1.968 0.000 
---
0 test2fip_consistent left_hidden
1.799 1.735 0.000 0.000 0.000 0.575 0.000 0.119 0.183 3.639 2.762 0.560 0.000 0.398 0.000 0.760 0.000 0.000 2.006 0.000 
0 test2fip_consistent right_hidden
0.048 0.000 0.000 0.705 0.935 1.021 0.000 2.150 0.295 1.014 0.565 0.000 0.842 1.272 0.419 0.000 0.477 0.000 0.000 1.320 
---
1 test2fip_inconsistent left_hidden
1.799 1.735 0.000 0.000 0.000 0.575 0.000 0.119 0.183 3.639 2.762 0.560 0.000 0.398 0.000 0.760 0.000 0.000 2.006 0.000 
1 test2fip_inconsistent right_hidden
3.008 0.645 0.000 0.595 0.000 0.848 0.000 1.181 0.104 2.163 2.431 0.000 0.352 1.928 0.038 1.968 0.000 0.000 2.469 0.000 
---
0 test2fip_consistent left_hidden
0.000 0.000 0.000 1.262 0.000 3.191 0.505 2.213 0.000 0.618 0.000 0.000 0.000 3.197 0.000 2.102 0.000 0.955 0.000 1.064 
0 test2fip_consistent right_hidden
0.000 0.000 0.181 1.662 0.000 0.000 0.000 0.913 0.000 0.000 0.000 0.050 0.000 0.000 0.000 0.000 0.195 3.571 0.000 0.000 
---
1 test2fip_inconsistent left_hidden
0.000 0.000 0.000 1.262 0.000 3.191 0.505 2.213 0.000 0.618 0.000 0.000 0.000 3.197 0.000 2.102 0.000 0.955 0.000 1.064 
1 test2fip_inconsistent right_hidden
0.000 0.000 0.000 2.361 0.000 2.833 0.000 3.302 0.000 0.194 0.000 0.000 0.000 2.323 0.000 0.000 0.000 2.612 0.000 2.130 
---
0 test2fip_consistent left_hidden
0.000 0.000 0.000 1.374 0.000 2.660 1.843 0.000 0.359 2.975 0.000 0.000 1.394 1.162 1.020 0.323 0.483 1.555 1.557 1.009 
0 test2fip_consistent right_hidden
0.000 1.168 0.000 2.192 0.000 0.000 0.000 0.000 0.237 0.738 0.000 0.000 0.000 0.000 0.000 0.587 1.413 2.275 0.000 1.539 
---
1 test2fip_inconsistent left_hidden
0.000 0.000 0.000 1.374 0.000 2.660 1.843 0.000 0.359 2.975 0.000 0.000 1.394 1.162 1.020 0.323 0.483 1.555 1.557 1.009 
1 test2fip_inconsistent right_hidden
0.000 0.000 1.112 1.681 0.000 0.000 2.596 0.000 0.406 3.152 0.000 0.000 1.353 0.486 0.038 0.326 1.264 1.741 1.842 2.603 
---
0 test2fip_consistent left_hidden
0.457 0.000 1.668 0.000 0.000 0.000 3.224 3.294 0.000 0.088 0.687 0.000 0.000 0.000 1.228 0.000 2.051 0.654 1.028 0.000 
0 test2fip_consistent right_hidden
0.000 2.596 0.000 0.000 2.471 0.000 0.000 0.000 0.000 0.000 0.000 2.035 0.000 0.000 0.000 0.483 1.935 0.000 1.141 0.000 
---
1 test2fip_inconsistent left_hidden
0.457 0.000 1.668 0.000 0.000 0.000 3.224 3.294 0.000 0.088 0.687 0.000 0.000 0.000 1.228 0.000 2.051 0.654 1.028 0.000 
1 test2fip_inconsistent right_hidden
0.000 1.506 1.538 0.000 0.419 0.000 2.690 2.533 0.000 0.000 0.456 0.951 0.017 0.000 0.586 0.342 2.855 0.000 2.679 0.000 
---
0 test2fip_consistent left_hidden
0.000 1.925 2.472 0.000 0.000 1.823 0.000 0.000 0.000 0.000 1.455 0.501 0.000 2.936 0.000 0.000 3.224 1.975 0.000 0.000 
0 test2fip_consistent right_hidden
0.724 0.000 0.600 1.369 0.000 1.300 2.424 1.521 0.091 0.000 0.000 0.000 0.000 1.420 2.386 0.000 0.651 0.000 0.000 0.000 
---
1 test2fip_inconsistent left_hidden
0.000 1.925 2.472 0.000 0.000 1.823 0.000 0.000 0.000 0.000 1.455 0.501 0.000 2.936 0.000 0.000 3.224 1.975 0.000 0.000 
1 test2fip_inconsistent right_hidden
0.267 3.869 0.000 0.091 0.000 3.660 1.948 0.000 0.000 0.000 0.000 0.933 0.000 2.128 1.182 0.000 2.550 0.705 0.000 1.663 
---
0 test2fip_consistent left_hidden
1.727 0.000 0.000 0.000 2.916 4.825 0.000 0.000 0.000 0.000 0.000 0.044 0.000 0.438 0.000 0.000 0.000 0.032 0.000 1.883 
0 test2fip_consistent right_hidden
0.000 2.924 0.000 0.000 0.000 0.000 0.000 0.000 0.000 0.000 0.662 0.000 0.005 1.239 0.000 0.000 0.000 2.875 0.000 2.266 
---
1 test2fip_inconsistent left_hidden
1.727 0.000 0.000 0.000 2.916 4.825 0.000 0.000 0.000 0.000 0.000 0.044 0.000 0.438 0.000 0.000 0.000 0.032 0.000 1.883 
1 test2fip_inconsistent right_hidden
1.351 2.876 0.000 0.000 2.489 4.222 0.000 0.000 0.000 0.829 0.436 0.000 0.000 0.699 0.000 0.000 0.000 1.754 0.000 2.015 
---
0 test2fip_consistent left_hidden
0.012 0.000 0.000 0.000 2.342 0.000 0.830 1.358 1.192 3.301 0.000 0.870 0.902 2.043 0.255 2.511 1.492 1.364 0.966 0.000 
0 test2fip_consistent right_hidden
0.000 0.000 0.002 0.000 0.088 0.000 1.622 1.052 0.000 0.000 0.583 1.214 2.010 1.235 1.847 0.000 0.459 0.511 0.069 0.263 
---
1 test2fip_inconsistent left_hidden
0.012 0.000 0.000 0.000 2.342 0.000 0.830 1.358 1.192 3.301 0.000 0.870 0.902 2.043 0.255 2.511 1.492 1.364 0.966 0.000 
1 test2fip_inconsistent right_hidden
1.004 0.000 0.000 0.355 1.757 0.000 0.834 2.362 0.128 3.703 0.102 0.000 2.507 2.781 0.850 0.000 0.323 2.109 0.623 0.000 
---
0 test2fip_consistent left_hidden
0.556 1.648 0.000 2.864 1.690 1.079 0.000 0.395 0.000 0.112 1.270 0.000 0.000 0.000 1.907 2.043 0.806 0.933 0.000 0.000 
0 test2fip_consistent right_hidden
1.017 0.722 0.091 1.307 0.000 0.000 0.725 2.708 0.000 0.000 1.968 0.058 0.004 0.001 2.165 0.016 0.000 0.000 0.000 0.000 
---
1 test2fip_inconsistent left_hidden
0.556 1.648 0.000 2.864 1.690 1.079 0.000 0.395 0.000 0.112 1.270 0.000 0.000 0.000 1.907 2.043 0.806 0.933 0.000 0.000 
1 test2fip_inconsistent right_hidden
0.173 3.195 0.000 2.378 0.000 2.697 0.119 1.519 0.000 0.000 1.259 0.000 0.000 0.000 2.879 3.491 0.000 0.182 0.000 0.000 
---
0 test2fip_consistent left_hidden
0.000 0.624 0.000 2.624 0.000 0.404 0.000 0.155 0.000 0.000 2.537 0.851 0.000 1.088 0.000 2.783 1.475 2.859 0.695 0.807 
0 test2fip_consistent right_hidden
0.000 2.747 0.000 1.159 0.016 0.000 0.000 0.000 0.000 0.000 0.000 1.530 0.000 0.290 0.000 0.000 0.694 2.440 0.699 0.000 
---
1 test2fip_inconsistent left_hidden
0.000 0.624 0.000 2.624 0.000 0.404 0.000 0.155 0.000 0.000 2.537 0.851 0.000 1.088 0.000 2.783 1.475 2.859 0.695 0.807 
1 test2fip_inconsistent right_hidden
0.000 0.719 0.000 3.177 0.000 0.000 0.012 0.000 0.000 0.000 3.183 0.772 0.000 0.688 0.000 0.000 1.938 4.602 1.562 0.000 
---
0 test2fip_consistent left_hidden
1.765 0.000 0.000 3.124 1.983 0.456 0.000 2.554 0.000 2.150 0.360 0.213 0.000 0.166 0.000 0.000 2.326 0.000 0.000 0.000 
0 test2fip_consistent right_hidden
0.000 2.826 0.346 0.000 0.355 0.000 0.000 0.963 0.000 0.327 0.000 1.118 0.025 0.017 0.000 1.636 0.034 0.086 0.000 2.298 
---
1 test2fip_inconsistent left_hidden
1.765 0.000 0.000 3.124 1.983 0.456 0.000 2.554 0.000 2.150 0.360 0.213 0.000 0.166 0.000 0.000 2.326 0.000 0.000 0.000 
1 test2fip_inconsistent right_hidden
0.000 1.753 1.039 2.871 2.008 0.000 0.000 4.466 0.000 2.429 0.723 0.607 0.000 0.000 0.000 1.318 0.836 0.000 0.000 0.841 
---
0 test2fip_consistent left_hidden
2.971 0.000 0.000 0.000 0.000 1.701 1.359 0.988 0.000 0.000 2.819 2.229 0.000 0.379 1.408 0.549 0.390 0.000 0.038 1.746 
0 test2fip_consistent right_hidden
0.146 0.600 0.658 0.000 0.000 1.430 0.000 0.404 0.000 0.000 0.000 2.084 1.638 0.000 1.419 2.725 0.000 0.347 0.000 0.408 
---
1 test2fip_inconsistent left_hidden
2.971 0.000 0.000 0.000 0.000 1.701 1.359 0.988 0.000 0.000 2.819 2.229 0.000 0.379 1.408 0.549 0.390 0.000 0.038 1.746 
1 test2fip_inconsistent right_hidden
2.734 0.215 0.492 0.000 0.000 0.967 3.277 1.912 0.000 0.000 1.916 2.934 1.721 0.000 2.011 1.766 0.144 0.000 0.000 0.255 
---
0 test2fip_consistent left_hidden
0.000 0.000 0.000 0.306 0.000 0.000 0.000 0.000 0.000 0.000 4.175 2.464 1.083 0.870 0.000 0.944 0.636 0.138 0.604 0.000 
0 test2fip_consistent right_hidden
0.000 0.000 1.497 0.457 0.000 0.000 3.081 0.000 0.000 0.000 0.000 1.619 0.000 0.000 0.000 0.520 2.378 0.000 0.000 0.000 
---
1 test2fip_inconsistent left_hidden
0.000 0.000 0.000 0.306 0.000 0.000 0.000 0.000 0.000 0.000 4.175 2.464 1.083 0.870 0.000 0.944 0.636 0.138 0.604 0.000 
1 test2fip_inconsistent right_hidden
0.000 0.000 0.000 1.440 0.000 0.000 1.880 0.000 0.000 0.000 2.589 3.872 2.146 0.040 0.253 0.218 2.084 1.535 0.760 0.000 
---
0 test2fip_consistent left_hidden
0.000 0.000 0.000 0.000 0.280 0.849 0.000 1.550 0.000 1.836 2.899 0.000 1.400 1.248 0.614 0.000 1.208 0.000 2.220 0.000 
0 test2fip_consistent right_hidden
0.000 0.000 0.000 0.000 0.000 0.326 0.000 0.000 0.000 0.000 0.000 0.000 0.000 0.000 3.431 0.000 1.639 0.000 1.636 2.089 
---
1 test2fip_inconsistent left_hidden
0.000 0.000 0.000 0.000 0.280 0.849 0.000 1.550 0.000 1.836 2.899 0.000 1.400 1.248 0.614 0.000 1.208 0.000 2.220 0.000 
1 test2fip_inconsistent right_hidden
0.000 0.000 0.000 0.000 0.350 1.063 0.413 0.986 0.000 1.374 2.572 0.000 0.249 0.657 1.971 0.000 1.658 0.000 2.409 1.580 
---
0 test2fip_consistent left_hidden
0.045 0.000 1.651 0.738 0.000 0.327 0.000 3.744 0.000 2.117 0.000 0.674 1.799 0.000 0.000 0.007 0.000 0.000 2.983 0.000 
0 test2fip_consistent right_hidden
0.000 0.000 0.000 2.303 0.000 1.025 0.000 1.573 0.000 0.000 0.000 1.723 1.481 0.000 3.503 0.898 0.000 0.016 0.000 0.000 
---
1 test2fip_inconsistent left_hidden
0.045 0.000 1.651 0.738 0.000 0.327 0.000 3.744 0.000 2.117 0.000 0.674 1.799 0.000 0.000 0.007 0.000 0.000 2.983 0.000 
1 test2fip_inconsistent right_hidden
0.000 0.000 0.799 1.968 0.000 0.540 0.000 4.864 0.000 0.533 0.000 2.294 1.025 0.000 3.211 0.337 0.000 0.000 3.077 0.000 
---
0 test2fip_consistent left_hidden
0.088 0.000 0.000 0.000 2.033 0.000 3.183 2.300 3.485 0.000 0.341 0.000 3.292 0.000 0.109 0.324 0.000 0.000 0.000 0.000 
0 test2fip_consistent right_hidden
1.657 0.000 0.050 1.866 1.002 0.000 0.923 0.153 0.000 0.000 3.523 0.687 0.106 0.000 0.000 0.448 0.004 0.000 0.000 0.000 
---
1 test2fip_inconsistent left_hidden
0.088 0.000 0.000 0.000 2.033 0.000 3.183 2.300 3.485 0.000 0.341 0.000 3.292 0.000 0.109 0.324 0.000 0.000 0.000 0.000 
1 test2fip_inconsistent right_hidden
0.724 0.564 0.000 0.922 0.320 0.000 3.474 0.312 3.343 0.000 2.027 0.063 2.862 0.000 0.000 0.706 0.000 0.000 0.000 0.000 
---
0 test2fip_consistent left_hidden
0.000 0.000 0.000 0.000 0.186 2.728 0.369 0.000 0.000 0.571 0.000 0.000 3.120 0.000 2.175 0.000 0.000 0.000 0.000 2.744 
0 test2fip_consistent right_hidden
0.000 0.000 0.278 2.215 2.272 0.000 0.000 1.093 0.000 0.000 0.009 0.836 0.164 1.761 1.040 1.783 0.000 0.000 0.000 1.358 
---
1 test2fip_inconsistent left_hidden
0.000 0.000 0.000 0.000 0.186 2.728 0.369 0.000 0.000 0.571 0.000 0.000 3.120 0.000 2.175 0.000 0.000 0.000 0.000 2.744 
1 test2fip_inconsistent right_hidden
0.000 0.000 0.000 1.321 1.792 1.953 1.507 0.223 0.000 0.000 0.000 0.272 4.359 1.128 2.021 1.195 0.000 0.000 0.082 2.245 
---
0 test2fip_consistent left_hidden
0.000 0.000 1.997 0.000 0.000 0.838 0.729 0.000 1.943 2.086 0.000 0.137 0.038 0.287 2.999 2.773 0.000 0.075 0.155 0.049 
0 test2fip_consistent right_hidden
0.000 0.000 0.000 0.000 0.000 0.935 1.869 0.000 0.486 0.345 0.769 0.099 1.430 0.000 0.000 1.009 0.000 0.821 0.000 3.154 
---
1 test2fip_inconsistent left_hidden
0.000 0.000 1.997 0.000 0.000 0.838 0.729 0.000 1.943 2.086 0.000 0.137 0.038 0.287 2.999 2.773 0.000 0.075 0.155 0.049 
1 test2fip_inconsistent right_hidden
0.000 0.000 1.322 0.000 0.000 2.346 2.362 0.326 2.904 1.803 0.000 1.578 0.313 0.508 3.512 1.417 0.000 0.000 0.000 1.365 
---
0 test2fip_consistent left_hidden
2.688 1.555 0.000 0.000 0.000 2.483 0.000 0.422 0.000 0.680 0.000 0.000 0.000 0.000 0.066 4.747 0.000 0.000 0.000 0.000 
0 test2fip_consistent right_hidden
1.169 0.000 0.000 0.000 0.000 0.015 0.000 2.523 0.112 0.000 1.387 0.000 0.000 0.000 0.098 0.979 2.988 0.000 0.239 1.185 
---
1 test2fip_inconsistent left_hidden
2.688 1.555 0.000 0.000 0.000 2.483 0.000 0.422 0.000 0.680 0.000 0.000 0.000 0.000 0.066 4.747 0.000 0.000 0.000 0.000 
1 test2fip_inconsistent right_hidden
4.329 1.541 0.000 0.000 0.000 3.699 0.000 2.445 0.000 0.000 0.000 0.000 0.000 0.000 0.000 2.402 1.719 0.000 0.420 0.203 
---
0 test2fip_consistent left_hidden
0.000 0.000 1.645 0.000 0.000 0.000 0.056 0.581 0.000 0.537 4.542 0.000 0.000 0.000 0.952 0.000 2.047 3.243 0.000 0.033 
0 test2fip_consistent right_hidden
2.360 0.627 0.000 0.000 1.989 0.000 0.891 0.162 0.000 0.000 0.089 0.000 0.000 0.000 0.956 1.712 0.935 0.526 0.000 2.279 
---
1 test2fip_inconsistent left_hidden
0.000 0.000 1.645 0.000 0.000 0.000 0.056 0.581 0.000 0.537 4.542 0.000 0.000 0.000 0.952 0.000 2.047 3.243 0.000 0.033 
1 test2fip_inconsistent right_hidden
0.790 0.000 0.333 0.000 1.590 0.000 0.754 1.530 0.000 0.704 3.512 0.000 0.000 0.000 0.689 0.860 4.958 0.872 0.000 1.763 
---
0 test2fip_consistent left_hidden
0.245 2.115 3.008 1.715 0.000 3.452 0.000 0.672 0.000 1.031 0.121 0.362 1.425 1.628 0.727 0.000 0.000 0.000 1.316 0.996 
0 test2fip_consistent right_hidden
1.603 1.072 0.152 0.172 0.000 0.874 0.000 0.000 1.570 0.077 0.000 1.934 0.168 1.179 0.000 0.000 2.313 0.000 0.120 0.564 
---
1 test2fip_inconsistent left_hidden
0.245 2.115 3.008 1.715 0.000 3.452 0.000 0.672 0.000 1.031 0.121 0.362 1.425 1.628 0.727 0.000 0.000 0.000 1.316 0.996 
1 test2fip_inconsistent right_hidden
1.236 3.164 3.201 1.275 0.000 4.405 0.000 0.000 1.047 0.318 0.234 2.122 0.934 2.012 0.000 0.000 1.158 0.000 1.059 1.415 
---
0 test2fip_consistent left_hidden
3.488 0.000 1.047 0.000 0.429 0.000 2.809 2.404 0.078 0.350 1.911 0.000 1.759 0.000 0.065 0.000 0.000 0.000 1.025 0.000 
0 test2fip_consistent right_hidden
0.182 0.542 2.294 0.684 1.341 0.000 1.699 0.000 0.000 0.927 0.000 0.000 0.000 1.066 0.151 0.393 0.000 0.000 1.930 0.000 
---
1 test2fip_inconsistent left_hidden
3.488 0.000 1.047 0.000 0.429 0.000 2.809 2.404 0.078 0.350 1.911 0.000 1.759 0.000 0.065 0.000 0.000 0.000 1.025 0.000 
1 test2fip_inconsistent right_hidden
2.326 0.000 1.832 1.764 0.798 0.000 4.096 2.891 0.000 0.000 1.969 0.000 0.703 0.192 0.000 0.000 0.000 0.000 0.000 0.000 
---
0 test2fip_consistent left_hidden
0.000 0.000 2.891 0.000 0.000 0.000 0.000 0.000 0.000 0.000 0.000 0.000 3.214 1.983 0.000 0.000 0.501 1.458 2.993 0.000 
0 test2fip_consistent right_hidden
0.000 0.000 0.103 2.909 0.002 0.000 0.000 0.000 0.000 0.000 0.000 0.000 0.000 1.810 2.502 0.000 0.000 2.518 0.434 0.000 
---
1 test2fip_inconsistent left_hidden
0.000 0.000 2.891 0.000 0.000 0.000 0.000 0.000 0.000 0.000 0.000 0.000 3.214 1.983 0.000 0.000 0.501 1.458 2.993 0.000 
1 test2fip_inconsistent right_hidden
0.000 0.687 4.153 2.669 0.000 0.000 0.000 0.000 0.000 0.000 0.000 0.000 2.588 3.913 1.179 0.000 0.705 2.425 0.000 0.000 
---
0 test2fip_consistent left_hidden
2.041 2.627 0.569 0.000 0.000 0.000 0.380 0.087 1.835 0.000 0.381 1.492 0.000 0.000 1.751 0.000 0.000 0.000 0.484 4.259 
0 test2fip_consistent right_hidden
0.000 0.035 3.180 0.000 0.000 0.034 1.425 0.000 0.000 1.481 0.025 1.710 0.000 0.000 1.786 0.000 0.024 0.000 0.000 0.792 
---
1 test2fip_inconsistent left_hidden
2.041 2.627 0.569 0.000 0.000 0.000 0.380 0.087 1.835 0.000 0.381 1.492 0.000 0.000 1.751 0.000 0.000 0.000 0.484 4.259 
1 test2fip_inconsistent right_hidden
1.604 3.576 2.642 0.000 0.000 0.000 0.292 0.000 0.649 0.755 0.000 1.248 0.000 0.000 1.958 0.203 0.000 0.000 0.000 4.328 
---
0 test2fip_consistent left_hidden
1.133 0.000 0.000 1.051 0.000 0.000 0.000 4.392 0.000 1.072 1.670 2.255 0.000 0.045 0.000 0.670 0.721 0.902 0.000 0.000 
0 test2fip_consistent right_hidden
0.000 0.000 0.000 2.254 2.030 0.000 0.363 0.000 0.050 0.000 0.422 0.000 0.016 0.009 0.000 0.000 1.920 0.000 0.000 0.026 
---
1 test2fip_inconsistent left_hidden
1.133 0.000 0.000 1.051 0.000 0.000 0.000 4.392 0.000 1.072 1.670 2.255 0.000 0.045 0.000 0.670 0.721 0.902 0.000 0.000 
1 test2fip_inconsistent right_hidden
0.519 0.000 0.000 1.959 1.008 0.000 0.000 3.899 0.000 2.274 0.608 1.122 0.000 0.000 0.000 0.471 1.693 0.191 0.000 0.128 
---
0 test2fip_consistent left_hidden
3.115 0.000 0.000 2.684 0.000 0.183 1.705 0.000 2.099 0.330 0.734 0.097 0.000 0.000 0.000 0.000 3.608 0.000 0.000 0.792 
0 test2fip_consistent right_hidden
0.086 0.504 0.000 1.739 0.084 0.000 0.426 0.000 1.846 0.000 0.349 0.000 0.000 0.033 3.091 0.020 0.000 1.222 0.602 0.325 
---
1 test2fip_inconsistent left_hidden
3.115 0.000 0.000 2.684 0.000 0.183 1.705 0.000 2.099 0.330 0.734 0.097 0.000 0.000 0.000 0.000 3.608 0.000 0.000 0.792 
1 test2fip_inconsistent right_hidden
3.120 1.862 0.000 1.674 0.000 0.000 0.296 0.000 4.069 0.000 0.954 0.000 0.000 0.000 1.882 0.000 3.241 0.000 0.699 1.474 
---
0 test2fip_consistent left_hidden
0.690 0.000 1.204 1.506 1.134 0.000 0.209 0.000 1.116 0.164 0.000 0.000 0.121 0.622 0.460 2.788 2.638 1.463 0.601 0.000 
0 test2fip_consistent right_hidden
2.639 0.000 0.000 0.514 0.000 0.000 2.731 0.000 0.000 0.400 0.000 2.100 0.000 0.553 0.000 0.578 0.000 0.806 0.389 0.000 
---
1 test2fip_inconsistent left_hidden
0.690 0.000 1.204 1.506 1.134 0.000 0.209 0.000 1.116 0.164 0.000 0.000 0.121 0.622 0.460 2.788 2.638 1.463 0.601 0.000 
1 test2fip_inconsistent right_hidden
2.360 0.000 1.543 1.333 2.733 0.000 1.092 0.000 1.281 0.624 0.000 1.144 0.386 0.720 0.000 2.822 0.024 2.754 1.494 0.000 
---
0 test2fip_consistent left_hidden
1.670 0.000 0.000 0.000 0.000 1.580 2.179 4.416 0.079 0.000 0.686 1.409 1.435 0.000 0.000 1.786 1.689 0.000 0.255 0.000 
0 test2fip_consistent right_hidden
0.000 0.000 0.000 0.000 0.000 0.000 3.192 0.000 0.083 0.000 0.531 0.000 0.000 0.000 3.885 0.000 0.000 0.061 0.882 0.000 
---
1 test2fip_inconsistent left_hidden
1.670 0.000 0.000 0.000 0.000 1.580 2.179 4.416 0.079 0.000 0.686 1.409 1.435 0.000 0.000 1.786 1.689 0.000 0.255 0.000 
1 test2fip_inconsistent right_hidden
0.000 0.000 0.000 0.000 0.000 2.219 4.056 4.403 0.173 0.000 1.114 0.598 0.322 0.000 2.505 0.955 0.119 0.000 0.380 0.000 
---
0 test2fip_consistent left_hidden
0.000 0.000 0.000 0.000 0.000 0.000 0.816 3.160 1.786 3.216 2.487 2.353 0.000 0.516 0.129 0.000 0.000 1.369 0.000 0.000 
0 test2fip_consistent right_hidden
0.000 0.000 0.000 2.871 2.986 0.000 0.531 0.000 0.000 0.000 0.720 0.082 0.000 0.000 0.000 0.526 0.000 2.159 0.000 1.431 
---
1 test2fip_inconsistent left_hidden
0.000 0.000 0.000 0.000 0.000 0.000 0.816 3.160 1.786 3.216 2.487 2.353 0.000 0.516 0.129 0.000 0.000 1.369 0.000 0.000 
1 test2fip_inconsistent right_hidden
0.441 0.000 0.000 2.484 2.434 0.000 0.573 2.605 0.582 2.844 1.677 2.766 0.000 0.000 0.000 0.533 0.000 1.125 0.000 1.110 
---
0 test2fip_consistent left_hidden
1.965 0.000 0.000 0.000 0.395 1.878 2.715 0.000 0.127 0.925 0.000 0.842 3.053 0.000 0.000 0.000 0.000 0.383 2.206 0.000 
0 test2fip_consistent right_hidden
0.076 0.000 0.000 0.000 1.398 0.426 1.386 0.000 0.000 0.000 0.000 2.600 0.000 0.026 1.760 0.000 0.184 0.495 0.000 1.801 
---
1 test2fip_inconsistent left_hidden
1.965 0.000 0.000 0.000 0.395 1.878 2.715 0.000 0.127 0.925 0.000 0.842 3.053 0.000 0.000 0.000 0.000 0.383 2.206 0.000 
1 test2fip_inconsistent right_hidden
2.377 0.004 0.000 0.000 0.990 0.395 2.279 0.000 0.000 1.171 0.000 2.901 3.156 0.000 0.000 0.000 0.000 1.005 2.243 0.704 
---
0 test2fip_consistent left_hidden
0.000 1.541 0.000 0.000 0.739 0.228 0.000 4.294 1.481 0.000 3.289 1.476 2.273 0.000 0.000 0.000 2.353 0.920 0.000 0.000 
0 test2fip_consistent right_hidden
0.000 0.132 0.522 0.000 0.625 0.119 0.000 1.190 0.342 0.000 0.000 0.000 0.000 1.304 0.646 0.000 0.000 2.002 0.000 3.201 
---
1 test2fip_inconsistent left_hidden
0.000 1.541 0.000 0.000 0.739 0.228 0.000 4.294 1.481 0.000 3.289 1.476 2.273 0.000 0.000 0.000 2.353 0.920 0.000 0.000 
1 test2fip_inconsistent right_hidden
0.000 0.960 0.000 0.700 1.103 0.279 0.000 3.734 1.113 0.000 2.161 1.732 0.039 0.911 0.180 0.000 1.555 1.126 0.000 3.158 
---
0 test2fip_consistent left_hidden
2.547 1.292 0.000 0.000 4.184 1.769 1.713 0.008 0.000 0.000 0.000 0.000 0.000 1.798 0.000 0.000 0.945 0.000 0.000 0.000 
0 test2fip_consistent right_hidden
0.950 1.826 0.064 0.066 0.051 0.100 3.277 0.078 0.710 0.000 0.000 0.000 0.000 0.435 0.000 0.034 0.000 0.000 0.000 0.686 
---
1 test2fip_inconsistent left_hidden
2.547 1.292 0.000 0.000 4.184 1.769 1.713 0.008 0.000 0.000 0.000 0.000 0.000 1.798 0.000 0.000 0.945 0.000 0.000 0.000 
1 test2fip_inconsistent right_hidden
3.990 1.002 0.000 0.000 2.555 2.862 3.076 0.868 1.501 0.000 0.000 0.000 0.000 2.405 0.054 0.000 1.932 0.000 0.000 0.328 
---
0 test2fip_consistent left_hidden
1.467 0.145 0.000 0.000 0.000 0.000 0.000 0.839 0.000 0.000 0.757 0.405 3.714 0.000 0.488 1.079 1.554 0.000 3.084 1.938 
0 test2fip_consistent right_hidden
0.000 1.438 0.000 0.000 0.000 0.000 0.000 2.340 0.000 1.687 0.000 0.000 0.000 0.000 1.857 1.743 0.000 0.000 0.000 0.000 
---
1 test2fip_inconsistent left_hidden
1.467 0.145 0.000 0.000 0.000 0.000 0.000 0.839 0.000 0.000 0.757 0.405 3.714 0.000 0.488 1.079 1.554 0.000 3.084 1.938 
1 test2fip_inconsistent right_hidden
0.885 1.255 0.000 0.000 0.000 1.474 0.000 1.081 0.000 1.222 0.000 0.000 2.841 0.000 1.107 0.772 0.499 0.000 1.901 0.007 
---
0 test2fip_consistent left_hidden
0.000 0.000 0.000 0.663 0.000 0.000 0.000 1.618 0.410 0.000 0.177 0.119 0.032 2.535 0.373 1.633 1.525 2.476 2.510 0.199 
0 test2fip_consistent right_hidden
0.000 0.226 0.193 0.015 0.000 0.000 0.169 0.020 2.426 0.000 0.000 1.192 1.697 0.258 0.610 0.450 0.257 0.000 0.000 0.000 
---
1 test2fip_inconsistent left_hidden
0.000 0.000 0.000 0.663 0.000 0.000 0.000 1.618 0.410 0.000 0.177 0.119 0.032 2.535 0.373 1.633 1.525 2.476 2.510 0.199 
1 test2fip_inconsistent right_hidden
0.260 0.000 0.000 0.000 0.000 0.000 0.627 2.368 1.758 0.000 0.000 0.000 0.730 3.718 0.642 2.763 0.380 1.666 1.930 0.000 
---
0 test2fip_consistent left_hidden
2.563 0.000 1.694 0.000 0.000 0.000 0.092 1.315 0.096 0.000 0.423 5.027 0.374 0.073 0.000 0.000 0.000 0.000 0.614 0.307 
0 test2fip_consistent right_hidden
0.000 2.450 0.094 0.411 1.168 0.849 0.894 1.269 0.000 0.000 1.966 0.124 0.924 1.739 0.000 0.687 0.018 1.612 0.000 0.000 
---
1 test2fip_inconsistent left_hidden
2.563 0.000 1.694 0.000 0.000 0.000 0.092 1.315 0.096 0.000 0.423 5.027 0.374 0.073 0.000 0.000 0.000 0.000 0.614 0.307 
1 test2fip_inconsistent right_hidden
0.215 0.977 2.777 0.224 1.258 0.668 0.240 1.241 0.000 0.000 1.614 4.119 1.425 2.875 0.000 0.562 0.000 0.883 0.000 0.000 
---
0 test2fip_consistent left_hidden
0.000 0.778 0.000 0.000 0.000 2.863 0.000 0.000 0.026 0.000 0.000 3.982 0.000 0.000 0.000 1.477 0.000 2.130 0.000 0.047 
0 test2fip_consistent right_hidden
1.817 0.000 0.000 0.000 0.000 0.000 0.000 1.509 0.007 0.000 0.000 0.086 2.845 0.000 0.000 1.334 0.000 0.000 0.000 0.857 
---
1 test2fip_inconsistent left_hidden
0.000 0.778 0.000 0.000 0.000 2.863 0.000 0.000 0.026 0.000 0.000 3.982 0.000 0.000 0.000 1.477 0.000 2.130 0.000 0.047 
1 test2fip_inconsistent right_hidden
0.522 0.000 0.000 0.000 0.000 0.104 0.000 0.000 0.314 0.051 0.000 3.718 1.480 0.000 0.000 3.169 0.000 2.892 0.000 0.000 
---
0 test2fip_consistent left_hidden
0.084 0.000 3.518 0.000 0.000 0.368 0.000 1.908 0.000 0.000 1.678 0.000 0.000 3.802 0.126 1.015 0.000 0.626 0.000 0.548 
0 test2fip_consistent right_hidden
0.000 3.834 2.019 0.000 0.000 0.000 0.000 0.502 1.300 0.234 0.000 0.981 0.000 0.000 0.000 0.030 0.000 1.594 0.000 0.000 
---
1 test2fip_inconsistent left_hidden
0.084 0.000 3.518 0.000 0.000 0.368 0.000 1.908 0.000 0.000 1.678 0.000 0.000 3.802 0.126 1.015 0.000 0.626 0.000 0.548 
1 test2fip_inconsistent right_hidden
0.000 1.018 5.787 0.000 0.000 0.000 0.000 1.588 0.195 0.000 0.000 0.532 0.000 1.902 0.000 1.390 2.571 1.239 0.000 0.000 
---
0 test2fip_consistent left_hidden
0.000 0.000 0.000 3.253 0.000 0.000 0.143 0.000 0.000 1.046 0.000 0.000 1.252 2.486 0.992 0.000 0.000 0.000 1.672 4.750 
0 test2fip_consistent right_hidden
0.000 3.471 0.875 1.398 0.041 0.152 0.000 0.000 0.000 0.459 0.000 0.092 0.000 0.188 0.121 0.000 0.000 0.000 0.000 0.628 
---
1 test2fip_inconsistent left_hidden
0.000 0.000 0.000 3.253 0.000 0.000 0.143 0.000 0.000 1.046 0.000 0.000 1.252 2.486 0.992 0.000 0.000 0.000 1.672 4.750 
1 test2fip_inconsistent right_hidden
0.000 2.935 0.588 2.022 0.209 0.000 0.035 0.000 0.000 1.004 0.000 0.132 0.077 0.991 2.435 0.161 0.000 0.000 1.968 4.686 
---
0 test2fip_consistent left_hidden
0.000 0.000 1.891 0.000 0.000 0.070 2.131 0.144 0.189 2.892 2.455 0.497 1.192 0.000 0.000 1.396 0.743 0.631 0.000 2.458 
0 test2fip_consistent right_hidden
3.803 0.213 0.875 0.000 0.000 0.000 2.407 1.494 0.000 0.000 0.703 0.000 0.000 0.000 0.655 0.000 0.000 0.201 0.000 0.000 
---
1 test2fip_inconsistent left_hidden
0.000 0.000 1.891 0.000 0.000 0.070 2.131 0.144 0.189 2.892 2.455 0.497 1.192 0.000 0.000 1.396 0.743 0.631 0.000 2.458 
1 test2fip_inconsistent right_hidden
1.476 0.000 0.505 0.074 0.000 0.000 3.616 0.442 0.000 4.052 3.022 0.141 0.021 0.000 0.000 0.000 1.683 0.000 0.000 0.000 
---
0 test2fip_consistent left_hidden
2.541 0.092 0.000 0.047 0.000 0.852 0.004 0.000 0.000 0.488 1.730 0.494 2.204 0.682 0.000 3.184 0.000 0.092 0.000 1.599 
0 test2fip_consistent right_hidden
0.356 2.579 0.000 1.606 0.000 0.000 1.533 0.000 0.000 0.662 0.000 0.000 0.000 0.000 0.000 0.000 0.530 0.000 0.013 1.329 
---
1 test2fip_inconsistent left_hidden
2.541 0.092 0.000 0.047 0.000 0.852 0.004 0.000 0.000 0.488 1.730 0.494 2.204 0.682 0.000 3.184 0.000 0.092 0.000 1.599 
1 test2fip_inconsistent right_hidden
2.847 3.157 0.000 0.940 0.000 0.889 0.473 0.000 0.000 0.000 2.716 0.232 0.000 2.134 0.000 0.656 0.086 0.000 0.000 2.354 
---
0 test2fip_consistent left_hidden
2.923 0.901 0.198 1.618 0.859 0.165 0.000 0.000 0.650 0.000 1.620 1.971 2.768 0.000 0.223 0.000 1.940 1.373 0.000 0.878 
0 test2fip_consistent right_hidden
0.000 0.000 0.000 0.236 1.328 2.329 0.000 0.000 0.908 1.395 1.063 0.000 0.000 0.000 2.571 0.000 0.067 0.708 0.000 0.000 
---
1 test2fip_inconsistent left_hidden
2.923 0.901 0.198 1.618 0.859 0.165 0.000 0.000 0.650 0.000 1.620 1.971 2.768 0.000 0.223 0.000 1.940 1.373 0.000 0.878 
1 test2fip_inconsistent right_hidden
2.963 0.000 0.000 0.345 1.890 1.275 0.000 0.000 0.280 1.095 1.409 0.060 2.868 0.000 1.405 0.000 0.217 2.706 0.000 0.670 
---
0 test2fip_consistent left_hidden
0.000 4.418 0.248 0.373 0.000 1.501 0.000 0.000 0.000 0.000 0.139 2.170 2.065 0.000 0.000 2.559 0.032 2.283 0.000 0.000 
0 test2fip_consistent right_hidden
2.343 0.000 0.300 2.378 0.097 1.656 0.000 0.000 0.000 0.000 0.164 0.000 0.256 0.019 2.449 0.472 0.063 0.000 0.000 0.496 
---
1 test2fip_inconsistent left_hidden
0.000 4.418 0.248 0.373 0.000 1.501 0.000 0.000 0.000 0.000 0.139 2.170 2.065 0.000 0.000 2.559 0.032 2.283 0.000 0.000 
1 test2fip_inconsistent right_hidden
1.729 3.805 0.000 0.698 0.000 2.350 0.000 0.353 0.000 0.000 0.016 1.346 0.644 0.008 1.412 1.711 0.000 2.951 0.000 0.231 
---
0 test2fip_consistent left_hidden
0.000 0.740 1.223 0.206 0.000 0.000 0.000 0.997 2.238 0.213 0.000 0.737 0.121 0.006 1.947 0.000 0.000 0.000 0.258 4.309 
0 test2fip_consistent right_hidden
1.124 2.926 1.590 0.644 0.000 0.895 1.529 1.435 0.000 1.461 0.000 0.000 0.000 0.000 0.013 0.000 0.000 0.000 0.000 0.000 
---
1 test2fip_inconsistent left_hidden
0.000 0.740 1.223 0.206 0.000 0.000 0.000 0.997 2.238 0.213 0.000 0.737 0.121 0.006 1.947 0.000 0.000 0.000 0.258 4.309 
1 test2fip_inconsistent right_hidden
0.000 1.376 1.539 0.732 0.000 0.440 1.349 3.733 1.660 0.310 0.000 0.000 0.000 0.000 2.987 0.000 0.000 0.000 0.000 2.029 
---
0 test2fip_consistent left_hidden
0.268 2.394 1.632 2.083 0.964 2.413 0.864 0.000 2.050 0.106 0.000 0.505 2.314 0.000 0.000 0.913 0.007 0.874 1.306 0.020 
0 test2fip_consistent right_hidden
0.021 0.092 0.000 3.253 0.000 0.133 0.333 0.000 1.371 0.582 0.000 0.000 0.000 0.000 0.005 1.384 0.016 0.073 1.265 1.711 
---
1 test2fip_inconsistent left_hidden
0.268 2.394 1.632 2.083 0.964 2.413 0.864 0.000 2.050 0.106 0.000 0.505 2.314 0.000 0.000 0.913 0.007 0.874 1.306 0.020 
1 test2fip_inconsistent right_hidden
0.000 1.772 2.494 2.335 0.026 3.337 0.090 0.000 0.963 0.141 0.000 0.000 2.501 0.000 0.000 2.754 0.000 1.017 1.222 2.579 
---
0 test2fip_consistent left_hidden
1.248 0.000 0.117 0.000 0.000 0.957 0.000 1.425 0.041 2.528 1.967 1.492 1.557 2.775 0.683 2.502 0.000 0.753 0.269 0.000 
0 test2fip_consistent right_hidden
0.000 0.672 0.024 0.000 0.000 0.073 2.865 0.069 0.039 0.043 0.000 2.241 0.000 0.000 0.128 1.381 0.000 0.000 0.960 0.615 
---
1 test2fip_inconsistent left_hidden
1.248 0.000 0.117 0.000 0.000 0.957 0.000 1.425 0.041 2.528 1.967 1.492 1.557 2.775 0.683 2.502 0.000 0.753 0.269 0.000 
1 test2fip_inconsistent right_hidden
0.177 0.253 1.234 0.000 0.000 0.581 2.142 2.577 0.000 2.373 1.747 2.960 0.000 2.135 1.593 3.489 0.000 0.591 0.000 0.307 
---
0 test2fip_consistent left_hidden
2.501 0.000 0.017 2.090 0.198 0.000 1.064 0.269 1.977 0.000 0.000 0.000 0.013 0.000 0.000 0.000 0.000 0.000 2.958 3.185 
0 test2fip_consistent right_hidden
0.000 0.000 0.034 0.601 0.079 0.000 0.000 0.262 1.355 0.000 2.447 0.000 1.938 0.354 0.000 0.125 1.968 0.216 0.000 0.000 
---
1 test2fip_inconsistent left_hidden
2.501 0.000 0.017 2.090 0.198 0.000 1.064 0.269 1.977 0.000 0.000 0.000 0.013 0.000 0.000 0.000 0.000 0.000 2.958 3.185 
1 test2fip_inconsistent right_hidden
0.737 0.000 0.001 2.450 0.000 0.438 1.232 0.660 1.307 0.000 2.062 0.000 1.637 0.295 0.000 1.294 0.855 0.000 3.468 2.753 
---
0 test2fip_consistent left_hidden
0.000 0.000 0.092 0.000 0.133 0.000 3.162 3.771 3.022 0.024 0.000 0.000 0.407 0.000 0.000 0.000 0.029 2.141 0.000 0.224 
0 test2fip_consistent right_hidden
0.000 0.000 0.033 0.000 0.000 0.000 0.000 0.000 0.000 2.362 0.000 0.000 3.350 0.000 0.000 0.000 2.498 1.835 1.037 0.599 
---
1 test2fip_inconsistent left_hidden
0.000 0.000 0.092 0.000 0.133 0.000 3.162 3.771 3.022 0.024 0.000 0.000 0.407 0.000 0.000 0.000 0.029 2.141 0.000 0.224 
1 test2fip_inconsistent right_hidden
0.000 0.000 0.773 0.000 0.000 0.000 1.223 2.973 1.334 2.038 0.000 0.000 3.644 0.000 0.000 0.000 2.065 1.351 0.391 0.000 
---
0 test2fip_consistent left_hidden
0.000 2.558 0.000 0.000 0.006 0.000 0.000 2.851 0.000 2.964 0.000 0.340 0.000 1.094 2.070 0.000 0.000 1.261 0.000 0.197 
0 test2fip_consistent right_hidden
0.889 2.009 0.000 2.697 0.234 1.858 0.000 0.000 0.000 0.000 0.000 0.000 0.966 1.807 0.000 0.000 0.000 0.000 0.000 0.000 
---
1 test2fip_inconsistent left_hidden
0.000 2.558 0.000 0.000 0.006 0.000 0.000 2.851 0.000 2.964 0.000 0.340 0.000 1.094 2.070 0.000 0.000 1.261 0.000 0.197 
1 test2fip_inconsistent right_hidden
0.118 3.440 1.264 1.082 0.000 1.678 0.000 2.653 0.000 2.139 0.000 0.000 0.000 2.963 3.014 0.000 0.000 1.042 0.000 0.000 
---
0 test2fip_consistent left_hidden
0.000 2.212 0.000 0.000 0.042 0.674 0.000 2.021 1.787 2.009 3.907 0.274 0.000 0.000 0.000 0.000 0.000 0.000 0.638 0.000 
0 test2fip_consistent right_hidden
1.624 0.299 0.000 0.000 2.012 0.032 0.000 0.075 1.930 2.262 0.208 0.000 0.000 0.000 2.308 0.000 0.000 0.000 0.575 0.000 
---
1 test2fip_inconsistent left_hidden
0.000 2.212 0.000 0.000 0.042 0.674 0.000 2.021 1.787 2.009 3.907 0.274 0.000 0.000 0.000 0.000 0.000 0.000 0.638 0.000 
1 test2fip_inconsistent right_hidden
0.000 1.598 0.000 0.000 1.637 1.056 0.119 0.977 1.661 4.438 4.843 0.000 0.000 0.000 0.889 0.000 0.000 0.000 0.140 0.000 
---
0 test2fip_consistent left_hidden
0.442 0.000 0.750 1.061 0.000 0.000 0.000 1.257 0.000 0.000 0.000 3.200 0.000 3.932 0.000 2.187 1.273 0.000 1.464 0.597 
0 test2fip_consistent right_hidden
0.000 0.000 0.000 1.233 0.000 1.438 0.000 0.000 0.000 2.921 0.000 0.000 0.000 0.000 0.000 0.000 2.097 1.154 0.000 0.000 
---
1 test2fip_inconsistent left_hidden
0.442 0.000 0.750 1.061 0.000 0.000 0.000 1.257 0.000 0.000 0.000 3.200 0.000 3.932 0.000 2.187 1.273 0.000 1.464 0.597 
1 test2fip_inconsistent right_hidden
0.000 0.000 0.000 1.676 0.000 0.128 0.000 0.635 0.000 1.165 0.000 1.754 0.000 2.308 0.000 3.201 3.379 0.916 1.275 1.843 
---
0 test2fip_consistent left_hidden
0.000 0.578 0.000 0.000 2.825 0.000 0.000 5.029 0.002 2.934 0.775 0.000 0.000 0.000 0.000 0.066 0.000 0.000 0.000 1.267 
0 test2fip_consistent right_hidden
0.000 0.233 0.000 0.000 1.952 0.000 0.633 0.000 1.484 0.000 0.283 0.600 0.000 0.000 0.000 0.000 0.000 1.540 2.782 0.000 
---
1 test2fip_inconsistent left_hidden
0.000 0.578 0.000 0.000 2.825 0.000 0.000 5.029 0.002 2.934 0.775 0.000 0.000 0.000 0.000 0.066 0.000 0.000 0.000 1.267 
1 test2fip_inconsistent right_hidden
0.000 2.016 0.000 0.000 3.369 0.000 0.031 4.294 1.943 1.006 1.473 0.000 0.000 0.000 0.000 0.000 0.000 0.000 0.894 0.000 
---
0 test2fip_consistent left_hidden
2.227 0.000 0.000 2.994 0.000 0.000 0.000 4.138 0.000 0.025 0.000 2.079 0.499 1.844 0.432 0.000 0.770 0.000 0.000 0.000 
0 test2fip_consistent right_hidden
0.000 0.000 0.000 0.000 0.565 0.000 0.000 1.933 1.343 0.000 0.000 0.000 0.000 0.192 0.761 2.992 0.000 0.000 0.000 1.736 
---
1 test2fip_inconsistent left_hidden
2.227 0.000 0.000 2.994 0.000 0.000 0.000 4.138 0.000 0.025 0.000 2.079 0.499 1.844 0.432 0.000 0.770 0.000 0.000 0.000 
1 test2fip_inconsistent right_hidden
0.000 0.000 0.000 2.884 4.933 0.000 0.000 1.947 1.137 0.000 0.000 0.735 0.034 1.950 0.359 1.430 0.000 0.000 0.000 1.136 
---
0 test2fip_consistent left_hidden
0.044 1.456 0.000 0.000 0.000 0.407 2.653 0.000 0.000 0.000 0.134 2.651 0.469 0.636 1.390 0.000 1.311 2.618 0.000 1.304 
0 test2fip_consistent right_hidden
0.000 0.090 0.316 0.000 0.000 2.613 0.000 0.000 0.000 0.000 0.756 0.000 0.000 1.617 0.000 0.000 2.358 0.000 0.000 0.000 
---
1 test2fip_inconsistent left_hidden
0.044 1.456 0.000 0.000 0.000 0.407 2.653 0.000 0.000 0.000 0.134 2.651 0.469 0.636 1.390 0.000 1.311 2.618 0.000 1.304 
1 test2fip_inconsistent right_hidden
0.000 2.443 0.000 0.655 0.000 1.258 1.524 0.000 0.218 0.000 0.281 2.285 0.000 2.106 1.832 0.000 3.499 1.657 0.000 0.000 
---
0 test2fip_consistent left_hidden
0.000 3.803 2.163 0.519 1.199 0.055 0.534 0.000 0.000 0.000 0.000 0.310 1.019 0.000 1.654 0.477 0.000 3.018 0.000 0.000 
0 test2fip_consistent right_hidden
0.041 1.363 1.284 0.452 0.026 1.528 0.162 0.000 0.731 0.000 2.921 0.734 1.399 0.021 1.267 0.295 0.815 0.000 0.000 0.409 
---
1 test2fip_inconsistent left_hidden
0.000 3.803 2.163 0.519 1.199 0.055 0.534 0.000 0.000 0.000 0.000 0.310 1.019 0.000 1.654 0.477 0.000 3.018 0.000 0.000 
1 test2fip_inconsistent right_hidden
0.000 2.657 2.353 2.036 1.734 0.599 0.919 0.000 0.112 0.000 2.459 0.399 0.000 0.000 1.422 3.401 0.000 2.291 0.000 0.000 
---
0 test2fip_consistent left_hidden
0.510 0.268 3.253 0.722 0.000 3.355 1.314 0.000 0.499 0.341 1.099 1.089 0.000 0.000 0.000 0.053 0.528 0.000 0.537 0.000 
0 test2fip_consistent right_hidden
0.080 1.016 1.865 0.504 0.000 0.000 0.000 2.556 2.456 0.560 0.000 0.212 0.000 0.000 0.694 0.738 2.006 0.000 0.277 0.792 
---
1 test2fip_inconsistent left_hidden
0.510 0.268 3.253 0.722 0.000 3.355 1.314 0.000 0.499 0.341 1.099 1.089 0.000 0.000 0.000 0.053 0.528 0.000 0.537 0.000 
1 test2fip_inconsistent right_hidden
0.000 0.379 4.648 0.000 0.000 1.795 2.023 1.266 2.186 0.848 1.998 1.690 0.000 0.000 0.369 0.464 0.566 0.000 0.000 2.354 
---
0 test2fip_consistent left_hidden
0.235 0.406 0.469 1.610 2.852 1.487 1.918 0.000 0.000 1.632 0.096 0.000 0.098 0.378 0.072 0.243 2.187 1.492 2.838 0.000 
0 test2fip_consistent right_hidden
1.516 0.000 1.295 0.000 1.475 0.000 2.134 0.000 0.000 0.000 0.000 0.000 0.000 1.134 1.460 2.795 0.000 0.000 0.000 0.000 
---
1 test2fip_inconsistent left_hidden
0.235 0.406 0.469 1.610 2.852 1.487 1.918 0.000 0.000 1.632 0.096 0.000 0.098 0.378 0.072 0.243 2.187 1.492 2.838 0.000 
1 test2fip_inconsistent right_hidden
1.065 0.000 0.000 0.855 3.132 0.248 1.819 0.000 0.000 0.000 0.000 0.000 0.000 1.078 0.709 1.709 2.354 0.000 4.326 0.581 
---
0 test2fip_consistent left_hidden
0.553 0.000 0.260 0.007 0.035 0.000 0.000 2.751 0.082 0.000 2.334 0.004 0.054 0.000 0.363 0.000 0.521 3.147 0.000 3.524 
0 test2fip_consistent right_hidden
2.211 0.000 1.776 0.000 0.000 2.100 0.000 0.000 0.000 0.000 0.993 0.038 2.729 0.000 2.364 0.000 0.000 0.000 0.000 0.000 
---
1 test2fip_inconsistent left_hidden
0.553 0.000 0.260 0.007 0.035 0.000 0.000 2.751 0.082 0.000 2.334 0.004 0.054 0.000 0.363 0.000 0.521 3.147 0.000 3.524 
1 test2fip_inconsistent right_hidden
0.843 0.000 3.912 0.000 0.000 1.844 0.000 0.000 0.000 0.000 1.814 0.085 1.942 0.000 0.096 0.000 3.406 0.548 0.000 1.554 
---
0 test2fip_consistent left_hidden
2.148 0.000 1.133 0.000 0.610 0.000 0.000 3.387 0.000 0.293 0.016 0.000 1.795 0.000 0.000 1.361 0.000 4.041 0.000 0.330 
0 test2fip_consistent right_hidden
0.000 0.020 0.000 0.417 0.000 0.095 2.742 0.068 0.096 0.000 0.000 0.000 1.395 0.000 0.006 0.000 1.402 1.030 0.512 1.851 
---
1 test2fip_inconsistent left_hidden
2.148 0.000 1.133 0.000 0.610 0.000 0.000 3.387 0.000 0.293 0.016 0.000 1.795 0.000 0.000 1.361 0.000 4.041 0.000 0.330 
1 test2fip_inconsistent right_hidden
1.986 0.000 0.697 0.245 0.000 0.000 1.120 1.453 0.000 0.000 0.000 0.000 2.609 0.000 0.000 0.952 0.568 5.135 0.000 0.823 
---
0 test2fip_consistent left_hidden
1.514 1.092 0.625 0.000 0.745 3.772 0.000 0.000 0.000 0.000 0.000 0.000 0.000 2.001 1.611 1.985 0.000 1.689 0.000 1.976 
0 test2fip_consistent right_hidden
0.000 0.033 0.586 0.000 0.000 1.151 0.000 0.007 0.000 0.000 0.249 0.857 2.314 0.000 0.000 0.000 0.095 1.240 0.756 1.371 
---
1 test2fip_inconsistent left_hidden
1.514 1.092 0.625 0.000 0.745 3.772 0.000 0.000 0.000 0.000 0.000 0.000 0.000 2.001 1.611 1.985 0.000 1.689 0.000 1.976 
1 test2fip_inconsistent right_hidden
0.724 1.631 0.000 0.000 0.358 3.476 0.000 0.620 0.000 0.000 0.000 0.000 0.775 1.022 0.875 0.263 2.509 0.000 0.607 2.775 
---
0 test2fip_consistent left_hidden
2.549 0.000 2.767 0.000 3.414 2.907 0.000 0.679 0.000 0.000 0.000 0.000 0.221 0.000 0.000 0.000 0.000 0.021 0.000 0.060 
0 test2fip_consistent right_hidden
0.000 0.000 2.091 0.000 0.000 0.285 1.224 0.000 0.000 0.068 2.134 0.455 0.000 0.000 0.000 0.000 3.134 0.088 0.869 1.220 
---
1 test2fip_inconsistent left_hidden
2.549 0.000 2.767 0.000 3.414 2.907 0.000 0.679 0.000 0.000 0.000 0.000 0.221 0.000 0.000 0.000 0.000 0.021 0.000 0.060 
1 test2fip_inconsistent right_hidden
3.829 0.000 3.010 0.000 0.534 1.402 3.265 0.065 0.000 0.078 1.123 0.000 0.000 0.000 0.000 0.000 2.331 0.002 0.942 0.427 
---
0 test2fip_consistent left_hidden
2.174 0.000 2.033 2.169 0.000 0.556 0.000 0.000 0.000 0.000 0.000 2.130 0.000 3.677 0.000 0.000 0.000 0.000 0.955 0.315 
0 test2fip_consistent right_hidden
2.328 0.000 0.000 0.892 0.000 0.000 0.000 0.000 3.497 0.000 0.000 0.000 0.040 0.674 0.000 0.000 0.000 0.000 0.000 0.067 
---
1 test2fip_inconsistent left_hidden
2.174 0.000 2.033 2.169 0.000 0.556 0.000 0.000 0.000 0.000 0.000 2.130 0.000 3.677 0.000 0.000 0.000 0.000 0.955 0.315 
1 test2fip_inconsistent right_hidden
4.442 0.000 2.126 3.318 0.000 0.000 0.000 0.000 1.084 0.000 0.000 1.412 0.000 2.455 0.000 0.000 0.000 0.000 0.000 0.000 
---
0 test2fip_consistent left_hidden
0.285 1.333 0.000 0.000 0.000 1.629 0.000 0.000 0.000 0.076 0.000 0.000 3.444 4.182 0.000 0.000 0.000 0.000 2.130 0.000 
0 test2fip_consistent right_hidden
3.112 0.000 2.351 0.000 0.000 0.613 0.000 0.000 0.000 0.000 2.019 0.000 1.306 0.723 0.000 0.000 0.000 0.000 0.067 1.039 
---
1 test2fip_inconsistent left_hidden
0.285 1.333 0.000 0.000 0.000 1.629 0.000 0.000 0.000 0.076 0.000 0.000 3.444 4.182 0.000 0.000 0.000 0.000 2.130 0.000 
1 test2fip_inconsistent right_hidden
1.515 1.735 0.477 0.000 0.000 2.806 0.000 0.000 0.000 0.000 0.798 0.000 4.603 3.281 0.000 0.000 0.000 0.000 1.589 0.000 
---
0 test2fip_consistent left_hidden
0.095 0.000 0.000 0.000 1.464 0.000 0.000 3.216 4.397 0.101 1.211 0.923 0.000 0.000 0.000 0.976 0.000 0.075 0.000 0.017 
0 test2fip_consistent right_hidden
0.000 0.703 0.000 0.000 0.000 0.000 0.397 0.000 0.390 0.000 0.000 0.553 0.000 0.157 0.000 1.720 0.000 4.170 0.000 0.000 
---
1 test2fip_inconsistent left_hidden
0.095 0.000 0.000 0.000 1.464 0.000 0.000 3.216 4.397 0.101 1.211 0.923 0.000 0.000 0.000 0.976 0.000 0.075 0.000 0.017 
1 test2fip_inconsistent right_hidden
0.000 0.057 0.000 0.000 0.000 0.000 1.212 2.792 2.771 0.000 0.000 2.799 0.000 1.910 0.000 0.810 0.000 3.986 0.000 0.000 
---
