0 test1dax_consistent 0.271 0.864 0.000 1.267 0.000 0.343 0.816 0.000 0.000 0.000 0.000 0.000 2.149 0.105 0.000 0.000 0.315 0.178 0.000 1.379 3.823 0.083 4.066 0.000 0.000 4.683 2.933 0.000 0.000 1.330 0.000 0.195 0.000 0.000 0.000 0.000 0.000 0.597 0.189 0.000 
1 test1dax_inconsistent 0.271 0.864 0.000 1.267 0.000 0.343 0.816 0.000 0.000 0.000 0.000 0.000 2.149 0.105 0.000 0.000 0.315 0.178 0.000 1.379 0.914 0.000 1.090 0.000 0.000 2.698 1.162 0.000 0.000 1.097 0.000 0.000 0.000 0.030 0.186 0.164 0.000 0.749 0.000 0.000 
0 test1dax_consistent 0.000 0.121 0.756 0.000 0.000 0.765 0.044 0.299 0.000 0.943 0.000 0.077 0.000 0.888 1.870 0.000 0.000 0.000 0.152 0.000 0.000 0.599 0.000 0.000 0.000 4.277 2.807 2.308 0.000 0.000 1.001 0.334 0.000 0.221 0.263 2.805 1.804 0.828 2.091 0.000 
1 test1dax_inconsistent 0.000 0.121 0.756 0.000 0.000 0.765 0.044 0.299 0.000 0.943 0.000 0.077 0.000 0.888 1.870 0.000 0.000 0.000 0.152 0.000 0.000 0.000 0.000 0.000 0.000 0.790 0.263 0.418 0.000 0.212 0.019 0.246 0.000 0.555 0.727 0.719 0.218 0.040 1.759 0.000 
0 test1dax_consistent 1.258 1.208 0.000 0.018 0.000 0.281 0.835 1.094 0.000 0.394 0.215 0.289 1.227 0.169 0.304 0.959 0.000 0.247 0.357 0.000 0.400 2.742 0.000 0.000 0.000 0.000 0.796 2.675 0.000 2.719 0.000 0.000 3.191 1.634 0.000 0.025 0.000 3.250 0.000 0.000 
1 test1dax_inconsistent 1.258 1.208 0.000 0.018 0.000 0.281 0.835 1.094 0.000 0.394 0.215 0.289 1.227 0.169 0.304 0.959 0.000 0.247 0.357 0.000 1.462 0.000 0.000 0.054 0.192 0.000 0.381 0.596 0.000 1.982 0.000 0.000 0.695 0.905 0.000 0.000 0.000 0.611 0.000 0.000 
0 test1dax_consistent 0.573 0.743 0.000 1.465 0.370 0.000 0.000 1.220 0.272 0.447 0.000 1.407 0.537 0.119 0.861 0.116 0.541 0.000 0.801 0.041 0.017 0.000 0.000 0.000 3.269 0.000 1.720 0.000 0.000 2.369 0.036 0.000 2.675 0.000 1.375 4.204 0.000 3.325 0.000 0.630 
1 test1dax_inconsistent 0.573 0.743 0.000 1.465 0.370 0.000 0.000 1.220 0.272 0.447 0.000 1.407 0.537 0.119 0.861 0.116 0.541 0.000 0.801 0.041 0.257 0.213 0.285 0.475 1.921 0.000 0.000 0.000 0.415 0.597 0.105 0.000 0.263 0.000 0.000 0.666 0.415 1.230 0.384 0.000 
0 test1dax_consistent 0.554 0.129 0.000 1.566 0.000 0.087 0.000 0.916 0.000 0.921 0.891 0.242 0.548 0.000 0.302 0.000 0.000 0.182 1.205 0.908 0.753 0.000 0.000 2.290 0.000 0.000 0.000 0.000 4.510 0.000 5.919 0.834 0.000 0.000 0.921 0.000 0.000 0.000 0.804 2.265 
1 test1dax_inconsistent 0.554 0.129 0.000 1.566 0.000 0.087 0.000 0.916 0.000 0.921 0.891 0.242 0.548 0.000 0.302 0.000 0.000 0.182 1.205 0.908 1.751 0.145 0.000 0.533 0.000 0.097 0.448 0.000 1.688 0.000 1.369 0.073 0.000 0.000 0.824 0.000 0.026 0.000 1.336 0.550 
0 test1dax_consistent 0.215 0.065 0.000 0.000 1.039 0.278 1.377 0.000 0.255 0.000 0.059 1.541 0.036 1.011 0.033 0.051 0.000 1.261 0.274 0.564 2.023 1.114 0.000 2.783 0.252 1.934 0.963 0.268 0.532 0.000 2.126 2.744 4.048 0.001 0.000 3.600 0.733 0.926 0.155 0.000 
1 test1dax_inconsistent 0.215 0.065 0.000 0.000 1.039 0.278 1.377 0.000 0.255 0.000 0.059 1.541 0.036 1.011 0.033 0.051 0.000 1.261 0.274 0.564 0.387 0.492 0.000 0.821 0.445 0.922 1.439 0.190 0.363 0.000 0.689 1.078 1.017 0.224 0.000 1.211 0.000 0.697 0.340 0.000 
0 test1dax_consistent 0.099 0.000 0.223 0.000 0.192 1.007 0.000 0.621 1.797 0.000 0.828 0.007 0.261 1.104 0.475 0.427 1.183 0.220 0.472 0.010 0.000 0.000 0.000 0.108 1.186 1.564 0.687 0.000 0.255 1.648 0.000 1.869 4.903 0.928 2.380 0.000 1.228 3.657 0.000 0.000 
1 test1dax_inconsistent 0.099 0.000 0.223 0.000 0.192 1.007 0.000 0.621 1.797 0.000 0.828 0.007 0.261 1.104 0.475 0.427 1.183 0.220 0.472 0.010 0.155 0.000 0.000 0.427 0.110 0.288 0.882 0.000 0.388 0.350 0.000 1.074 0.976 0.628 0.715 0.759 0.004 1.419 0.226 0.000 
0 test1dax_consistent 0.222 0.639 0.082 0.840 1.420 1.571 0.000 0.000 0.574 0.766 0.000 0.000 0.453 0.000 0.000 0.213 0.000 0.000 0.079 0.000 0.195 0.174 0.000 2.633 0.000 3.653 0.000 2.737 0.000 0.000 0.000 5.227 0.238 0.000 0.000 0.000 0.282 0.000 2.131 0.000 
1 test1dax_inconsistent 0.222 0.639 0.082 0.840 1.420 1.571 0.000 0.000 0.574 0.766 0.000 0.000 0.453 0.000 0.000 0.213 0.000 0.000 0.079 0.000 0.000 0.000 0.310 1.062 0.363 0.705 0.000 0.000 0.000 0.000 0.000 1.888 0.464 0.000 0.000 0.000 0.000 0.000 1.595 0.000 
0 test1dax_consistent 0.100 0.907 0.392 0.000 0.369 0.000 0.000 0.647 0.000 0.841 0.843 0.000 0.827 1.143 0.280 0.059 0.662 0.000 0.412 1.322 0.000 0.021 0.000 0.000 0.121 0.000 0.639 1.312 0.044 0.339 6.309 0.000 0.000 0.285 2.107 1.198 0.000 0.000 0.000 0.377 
1 test1dax_inconsistent 0.100 0.907 0.392 0.000 0.369 0.000 0.000 0.647 0.000 0.841 0.843 0.000 0.827 1.143 0.280 0.059 0.662 0.000 0.412 1.322 0.000 0.302 0.000 0.000 0.000 0.000 0.748 1.516 0.307 0.643 1.299 0.000 0.241 0.000 1.440 0.481 0.000 0.000 0.000 0.034 
0 test1dax_consistent 0.000 0.390 0.000 0.000 1.011 0.000 0.000 1.190 1.341 0.444 0.032 1.974 0.505 0.000 0.035 0.000 0.000 0.743 0.000 0.000 2.723 1.785 0.000 0.000 0.000 0.669 0.000 0.000 2.750 0.000 0.000 5.265 0.000 2.506 0.000 0.361 0.000 0.872 0.000 1.737 
1 test1dax_inconsistent 0.000 0.390 0.000 0.000 1.011 0.000 0.000 1.190 1.341 0.444 0.032 1.974 0.505 0.000 0.035 0.000 0.000 0.743 0.000 0.000 1.743 0.793 0.000 0.000 0.604 0.390 0.004 0.000 0.015 0.000 0.051 0.995 0.000 1.040 0.026 0.633 0.000 0.496 0.000 0.612 
0 test1dax_consistent 0.882 0.000 0.000 0.742 0.000 0.000 0.000 0.000 0.000 0.000 0.000 1.601 0.000 1.204 0.814 0.226 0.000 0.738 1.170 0.065 0.000 4.059 0.000 2.599 2.152 0.000 0.000 0.699 0.833 0.059 0.000 0.000 2.977 0.000 0.000 3.058 0.000 0.880 2.031 0.872 
1 test1dax_inconsistent 0.882 0.000 0.000 0.742 0.000 0.000 0.000 0.000 0.000 0.000 0.000 1.601 0.000 1.204 0.814 0.226 0.000 0.738 1.170 0.065 0.000 1.131 0.000 0.272 0.000 0.000 0.000 0.424 0.235 0.000 0.000 0.000 0.679 0.000 0.000 0.833 0.000 0.652 1.011 1.389 
0 test1dax_consistent 0.000 0.000 0.000 0.290 1.080 0.338 0.480 0.948 0.852 0.000 2.027 0.000 0.599 0.000 0.524 0.000 1.047 0.000 0.000 0.480 0.617 2.542 0.000 0.945 1.312 0.302 0.000 0.628 0.455 2.912 3.909 0.000 0.000 0.000 1.999 0.423 2.186 0.000 0.000 0.310 
1 test1dax_inconsistent 0.000 0.000 0.000 0.290 1.080 0.338 0.480 0.948 0.852 0.000 2.027 0.000 0.599 0.000 0.524 0.000 1.047 0.000 0.000 0.480 0.935 0.428 0.000 0.314 0.000 0.000 0.000 0.434 1.039 0.000 1.359 0.000 0.171 0.000 1.298 0.628 0.001 0.000 0.000 0.701 
0 test1dax_consistent 1.552 0.195 0.000 1.658 0.231 0.306 0.123 0.000 0.000 0.000 0.668 0.283 1.234 0.000 0.384 0.000 0.000 0.109 0.000 1.019 0.000 0.000 0.000 0.473 0.580 0.000 4.299 0.000 1.711 0.000 1.348 0.000 3.241 0.000 0.000 0.000 0.000 3.901 0.000 0.550 
1 test1dax_inconsistent 1.552 0.195 0.000 1.658 0.231 0.306 0.123 0.000 0.000 0.000 0.668 0.283 1.234 0.000 0.384 0.000 0.000 0.109 0.000 1.019 0.511 0.047 0.000 0.311 0.000 0.243 0.800 0.000 0.000 0.000 0.897 0.576 0.564 0.000 0.226 0.000 0.000 1.485 0.000 0.480 
0 test1dax_consistent 0.000 0.920 0.000 0.000 0.188 0.000 0.195 0.000 0.000 1.632 0.011 0.000 0.463 0.000 0.685 0.000 1.308 0.000 0.000 1.587 0.000 1.937 2.585 0.086 0.248 0.000 0.352 3.244 0.000 0.000 0.321 0.000 0.000 0.000 1.732 0.000 2.634 0.000 4.659 0.644 
1 test1dax_inconsistent 0.000 0.920 0.000 0.000 0.188 0.000 0.195 0.000 0.000 1.632 0.011 0.000 0.463 0.000 0.685 0.000 1.308 0.000 0.000 1.587 0.000 0.282 0.874 0.285 0.636 0.000 1.176 0.711 0.000 0.000 0.502 0.000 0.000 0.000 0.000 0.000 0.322 0.000 1.365 0.380 
0 test1dax_consistent 0.000 1.356 0.543 1.102 0.000 0.000 0.000 0.247 1.057 0.000 0.000 1.387 0.124 0.000 0.029 0.803 1.183 0.127 0.609 0.749 0.305 0.918 2.575 4.375 0.000 2.703 0.000 0.000 0.000 0.000 0.000 1.663 2.236 0.412 0.000 2.051 0.540 2.047 0.347 0.000 
1 test1dax_inconsistent 0.000 1.356 0.543 1.102 0.000 0.000 0.000 0.247 1.057 0.000 0.000 1.387 0.124 0.000 0.029 0.803 1.183 0.127 0.609 0.749 0.000 0.453 0.678 1.251 0.000 1.038 0.000 0.000 0.000 0.000 0.000 0.000 1.141 0.227 0.000 0.000 0.336 0.695 0.788 0.149 
0 test1dax_consistent 0.000 0.169 0.000 0.000 0.000 1.718 0.000 0.546 0.229 0.000 1.144 0.000 0.498 0.304 0.141 1.946 0.485 0.000 0.348 0.983 0.119 0.000 0.000 0.000 0.120 1.919 2.508 4.534 0.000 0.000 0.433 0.000 0.000 0.000 0.000 0.764 4.021 0.000 0.000 0.932 
1 test1dax_inconsistent 0.000 0.169 0.000 0.000 0.000 1.718 0.000 0.546 0.229 0.000 1.144 0.000 0.498 0.304 0.141 1.946 0.485 0.000 0.348 0.983 0.000 0.000 0.000 0.000 0.404 0.110 0.990 1.769 0.000 0.000 0.649 0.000 0.229 0.000 0.578 1.619 0.702 0.000 0.000 0.000 
0 test1dax_consistent 0.000 0.000 0.000 2.044 0.000 0.105 0.000 1.928 0.000 0.000 0.648 0.000 0.000 0.945 0.000 0.000 1.018 0.421 1.025 0.000 0.000 4.756 0.000 0.000 0.000 0.000 0.170 3.579 0.000 0.884 0.431 0.000 0.000 3.268 0.000 0.000 4.226 0.000 0.000 0.000 
1 test1dax_inconsistent 0.000 0.000 0.000 2.044 0.000 0.105 0.000 1.928 0.000 0.000 0.648 0.000 0.000 0.945 0.000 0.000 1.018 0.421 1.025 0.000 0.000 1.989 0.000 0.000 0.000 0.597 0.670 0.323 0.000 0.819 0.343 0.000 0.000 0.814 0.000 0.000 1.631 0.000 0.000 0.000 
0 test1dax_consistent 0.105 1.010 0.745 0.000 0.389 0.000 0.430 0.000 0.000 0.593 0.000 1.658 0.000 0.580 1.025 0.295 0.359 0.000 0.000 0.000 0.000 3.223 0.679 0.000 0.000 1.284 2.661 0.000 0.000 1.893 0.000 1.883 0.000 0.000 2.423 0.000 1.729 0.000 4.010 3.004 
1 test1dax_inconsistent 0.105 1.010 0.745 0.000 0.389 0.000 0.430 0.000 0.000 0.593 0.000 1.658 0.000 0.580 1.025 0.295 0.359 0.000 0.000 0.000 0.017 0.000 0.811 0.000 0.000 0.736 1.230 0.000 0.000 0.479 0.000 0.998 0.000 0.011 0.466 0.000 0.520 0.016 1.360 0.634 
0 test1dax_consistent 1.616 0.000 0.000 0.451 0.000 1.375 0.326 0.000 0.923 0.000 0.000 0.000 0.960 0.000 0.723 0.000 0.350 0.000 1.498 0.273 0.000 0.000 0.000 0.000 5.230 0.000 0.851 0.000 0.000 0.000 0.000 0.000 0.000 1.405 4.334 0.000 0.000 0.000 0.000 0.537 
1 test1dax_inconsistent 1.616 0.000 0.000 0.451 0.000 1.375 0.326 0.000 0.923 0.000 0.000 0.000 0.960 0.000 0.723 0.000 0.350 0.000 1.498 0.273 0.000 0.152 0.000 0.000 1.149 0.000 1.117 0.000 0.000 0.000 0.000 0.000 0.359 1.441 0.497 0.000 0.544 0.141 0.000 0.405 
0 test1dax_consistent 0.000 0.207 0.000 0.067 0.490 0.000 0.000 0.000 2.116 0.000 0.150 0.011 0.190 1.411 0.000 1.010 0.000 0.383 1.520 0.000 0.000 2.516 0.000 0.000 0.594 0.000 0.000 0.000 0.611 0.000 0.750 1.657 0.000 3.598 2.385 0.411 2.829 1.155 2.512 2.553 
1 test1dax_inconsistent 0.000 0.207 0.000 0.067 0.490 0.000 0.000 0.000 2.116 0.000 0.150 0.011 0.190 1.411 0.000 1.010 0.000 0.383 1.520 0.000 0.000 0.321 0.000 0.689 0.288 0.104 0.173 0.000 0.000 0.258 0.047 0.082 0.000 0.615 0.467 0.293 0.354 1.313 0.655 0.595 
0 test1dax_consistent 0.000 0.375 1.231 0.000 0.000 0.610 0.207 0.000 0.000 0.260 0.000 0.522 0.911 0.389 1.135 1.134 0.666 1.643 0.212 0.723 0.000 1.970 0.889 2.479 0.000 0.000 0.000 0.151 0.357 0.000 0.864 0.065 0.986 1.440 3.305 0.000 0.677 0.739 2.575 0.000 
1 test1dax_inconsistent 0.000 0.375 1.231 0.000 0.000 0.610 0.207 0.000 0.000 0.260 0.000 0.522 0.911 0.389 1.135 1.134 0.666 1.643 0.212 0.723 0.000 0.000 0.831 0.744 0.000 0.000 0.000 0.142 0.000 0.305 0.230 0.000 0.000 0.950 0.395 0.400 0.326 0.319 0.318 0.145 
0 test1dax_consistent 1.032 0.000 0.838 0.000 1.444 0.000 0.000 0.000 0.000 0.871 0.000 0.979 0.000 0.008 0.000 0.852 0.134 1.231 0.000 0.000 2.123 0.000 4.264 0.000 0.000 0.000 3.549 0.000 0.000 0.721 3.223 0.000 1.013 0.920 1.291 0.000 2.202 1.790 0.000 0.000 
1 test1dax_inconsistent 1.032 0.000 0.838 0.000 1.444 0.000 0.000 0.000 0.000 0.871 0.000 0.979 0.000 0.008 0.000 0.852 0.134 1.231 0.000 0.000 0.735 0.000 1.469 0.289 0.000 0.000 0.897 0.000 0.000 0.172 1.058 0.375 0.262 0.014 0.058 0.000 0.903 0.000 0.000 0.000 
0 test1dax_consistent 0.000 2.150 0.907 0.000 0.167 0.061 0.000 0.280 0.000 0.000 0.448 0.555 0.000 0.000 0.501 1.353 0.000 0.000 0.000 0.582 0.000 0.065 0.000 1.313 0.054 0.000 1.163 0.000 0.000 0.000 1.165 0.279 2.301 2.385 2.735 3.824 0.000 3.409 0.000 3.379 
1 test1dax_inconsistent 0.000 2.150 0.907 0.000 0.167 0.061 0.000 0.280 0.000 0.000 0.448 0.555 0.000 0.000 0.501 1.353 0.000 0.000 0.000 0.582 0.000 0.523 0.114 0.310 0.082 0.000 0.146 0.000 0.000 0.000 0.810 0.108 1.240 0.578 1.184 0.929 0.000 1.321 0.000 0.418 
0 test1dax_consistent 0.000 0.000 0.000 1.557 1.001 0.425 0.000 0.000 0.355 1.038 0.953 0.862 0.000 0.166 0.567 0.324 0.000 0.891 0.547 0.334 0.000 0.000 0.000 0.000 0.000 2.191 0.000 0.319 1.139 3.798 0.000 0.755 0.000 0.000 1.193 4.128 0.000 0.000 3.052 0.310 
1 test1dax_inconsistent 0.000 0.000 0.000 1.557 1.001 0.425 0.000 0.000 0.355 1.038 0.953 0.862 0.000 0.166 0.567 0.324 0.000 0.891 0.547 0.334 0.000 0.000 0.000 0.603 0.000 0.009 0.000 0.535 0.439 0.985 0.000 0.409 0.000 0.000 0.624 0.874 0.282 0.000 1.067 0.000 
0 test1dax_consistent 1.297 0.089 0.000 0.380 0.205 0.326 0.135 0.080 2.065 0.000 0.000 1.351 0.000 0.000 0.000 0.343 0.389 1.273 0.043 1.251 1.923 0.057 0.000 1.520 0.000 1.976 0.000 0.000 5.644 0.000 0.000 0.000 0.000 0.000 0.000 0.000 2.560 0.000 0.000 2.614 
1 test1dax_inconsistent 1.297 0.089 0.000 0.380 0.205 0.326 0.135 0.080 2.065 0.000 0.000 1.351 0.000 0.000 0.000 0.343 0.389 1.273 0.043 1.251 0.304 0.295 0.000 1.612 0.000 0.551 0.000 0.000 0.801 0.000 0.000 0.000 0.000 0.000 0.060 0.000 0.516 0.112 0.462 1.350 
0 test1dax_consistent 0.000 0.914 0.000 1.043 0.499 0.000 2.291 0.259 0.151 0.639 0.315 0.000 0.411 0.000 0.000 0.486 0.686 0.332 0.000 0.000 0.000 0.000 0.000 3.107 0.000 2.701 0.497 2.986 1.300 0.568 0.510 0.000 0.000 1.726 0.000 2.520 0.128 0.000 0.000 0.000 
1 test1dax_inconsistent 0.000 0.914 0.000 1.043 0.499 0.000 2.291 0.259 0.151 0.639 0.315 0.000 0.411 0.000 0.000 0.486 0.686 0.332 0.000 0.000 0.000 0.000 0.000 0.568 0.032 0.000 0.536 1.438 1.447 0.307 0.502 0.000 0.365 0.000 0.000 0.068 0.057 0.237 0.000 0.096 
0 test1dax_consistent 1.829 0.449 0.668 0.057 0.000 0.125 0.000 0.000 0.309 0.137 0.000 0.726 0.217 0.835 0.028 0.008 0.324 0.113 1.364 1.595 2.296 0.000 0.000 1.879 0.000 1.066 0.000 0.000 1.657 0.000 0.000 2.556 0.271 0.248 3.787 0.715 3.181 0.000 0.090 0.000 
1 test1dax_inconsistent 1.829 0.449 0.668 0.057 0.000 0.125 0.000 0.000 0.309 0.137 0.000 0.726 0.217 0.835 0.028 0.008 0.324 0.113 1.364 1.595 0.424 0.000 0.000 0.570 0.000 0.051 0.000 0.000 1.090 0.000 0.000 1.566 0.401 0.000 0.915 0.330 0.000 0.172 0.428 0.323 
0 test1dax_consistent 0.155 0.000 0.144 0.559 0.376 0.134 1.464 0.000 1.068 0.000 0.000 0.318 0.157 0.000 0.680 1.820 0.000 0.000 0.000 0.000 4.726 0.000 1.123 0.681 0.000 0.000 0.000 0.624 0.000 0.947 0.000 0.000 0.276 0.000 0.704 5.196 0.000 0.000 0.000 0.041 
1 test1dax_inconsistent 0.155 0.000 0.144 0.559 0.376 0.134 1.464 0.000 1.068 0.000 0.000 0.318 0.157 0.000 0.680 1.820 0.000 0.000 0.000 0.000 1.039 0.000 0.000 0.607 0.021 0.372 0.000 0.617 0.345 0.410 0.000 0.000 0.408 0.000 0.595 1.305 0.000 0.000 0.000 0.204 
0 test1dax_consistent 1.995 0.000 0.000 0.598 0.000 0.000 0.356 0.028 1.671 1.225 0.041 0.000 0.000 0.000 0.000 0.000 0.000 0.614 0.000 0.455 0.000 0.000 0.000 2.422 0.000 2.476 0.000 0.000 3.960 0.000 2.481 1.307 0.000 0.000 0.000 3.198 0.000 1.405 0.000 1.753 
1 test1dax_inconsistent 1.995 0.000 0.000 0.598 0.000 0.000 0.356 0.028 1.671 1.225 0.041 0.000 0.000 0.000 0.000 0.000 0.000 0.614 0.000 0.455 0.640 0.000 0.017 1.600 0.033 0.696 0.220 0.072 0.655 0.000 0.566 0.000 0.000 0.000 0.000 0.925 0.000 0.029 0.000 1.259 
0 test1dax_consistent 0.066 0.000 0.350 0.000 0.483 0.960 0.742 0.000 1.499 0.000 0.000 0.000 1.828 0.000 0.872 0.846 0.108 0.000 0.000 0.590 0.257 0.000 0.000 0.000 0.000 2.298 3.304 0.000 2.106 0.567 3.187 4.248 0.425 0.000 0.311 1.927 0.084 0.000 0.000 0.000 
1 test1dax_inconsistent 0.066 0.000 0.350 0.000 0.483 0.960 0.742 0.000 1.499 0.000 0.000 0.000 1.828 0.000 0.872 0.846 0.108 0.000 0.000 0.590 0.361 0.000 0.000 0.063 0.000 0.073 0.230 0.000 0.501 0.391 1.362 0.777 0.982 0.039 1.040 1.509 0.000 0.000 0.000 0.000 
0 test1dax_consistent 0.590 0.830 0.000 0.307 0.078 0.000 0.000 0.445 0.000 0.259 0.277 0.765 0.419 2.226 0.142 0.149 0.786 0.815 0.000 0.322 0.000 0.000 1.842 1.450 0.000 0.000 0.000 2.071 0.000 0.517 1.322 0.000 4.312 0.595 3.122 0.000 0.000 0.000 0.000 0.245 
1 test1dax_inconsistent 0.590 0.830 0.000 0.307 0.078 0.000 0.000 0.445 0.000 0.259 0.277 0.765 0.419 2.226 0.142 0.149 0.786 0.815 0.000 0.322 0.000 0.000 0.131 0.644 0.000 0.000 0.019 1.292 0.000 0.245 0.679 0.000 0.900 0.266 0.000 0.183 0.181 0.434 0.000 0.932 
0 test1dax_consistent 0.000 0.000 0.809 0.000 0.010 0.000 0.579 1.021 0.150 1.141 1.238 0.931 0.000 0.000 0.000 0.000 0.785 0.000 0.059 0.636 0.000 0.000 4.834 1.272 1.724 0.757 0.000 0.000 0.000 0.000 0.934 0.004 0.000 0.000 0.000 0.000 1.152 0.000 0.000 5.417 
1 test1dax_inconsistent 0.000 0.000 0.809 0.000 0.010 0.000 0.579 1.021 0.150 1.141 1.238 0.931 0.000 0.000 0.000 0.000 0.785 0.000 0.059 0.636 0.000 0.000 1.744 1.220 1.027 0.733 0.000 0.000 0.000 0.231 1.420 0.000 0.000 0.000 0.000 0.000 0.695 0.087 0.000 1.345 
0 test1dax_consistent 0.000 1.710 0.000 0.365 0.000 0.173 0.326 0.000 0.000 0.000 0.000 0.000 1.753 0.574 1.403 0.000 0.000 0.693 1.037 0.719 0.000 0.000 0.000 2.897 0.000 0.000 0.000 3.465 0.000 0.000 0.480 0.178 3.777 0.000 0.240 0.484 0.728 1.707 1.217 0.594 
1 test1dax_inconsistent 0.000 1.710 0.000 0.365 0.000 0.173 0.326 0.000 0.000 0.000 0.000 0.000 1.753 0.574 1.403 0.000 0.000 0.693 1.037 0.719 0.000 0.366 0.057 1.065 0.117 0.000 0.000 0.545 0.000 0.000 0.379 0.348 0.113 0.000 0.000 0.356 0.959 0.803 0.570 1.064 
0 test1dax_consistent 0.274 0.000 1.174 0.000 0.000 0.000 0.630 0.000 0.000 0.754 1.490 1.034 0.000 0.000 0.075 0.000 0.804 0.060 0.731 0.729 0.243 0.000 0.022 0.273 0.000 0.000 1.094 0.000 1.162 1.851 1.750 1.675 0.574 0.000 0.000 0.000 0.666 1.787 4.619 2.696 
1 test1dax_inconsistent 0.274 0.000 1.174 0.000 0.000 0.000 0.630 0.000 0.000 0.754 1.490 1.034 0.000 0.000 0.075 0.000 0.804 0.060 0.731 0.729 0.245 1.074 0.000 0.222 0.000 0.000 0.207 0.087 0.000 0.812 0.602 0.000 0.573 0.003 0.000 0.025 0.950 0.414 0.822 0.086 
0 test1dax_consistent 0.373 0.000 0.950 0.830 0.254 0.000 0.556 0.313 1.004 0.512 0.059 0.370 1.157 0.257 0.000 0.464 0.435 0.339 1.255 0.298 0.000 0.000 2.401 0.999 0.000 3.460 2.082 2.418 1.290 0.781 0.000 0.000 1.326 0.000 0.000 2.052 1.055 1.164 0.000 0.482 
1 test1dax_inconsistent 0.373 0.000 0.950 0.830 0.254 0.000 0.556 0.313 1.004 0.512 0.059 0.370 1.157 0.257 0.000 0.464 0.435 0.339 1.255 0.298 0.000 0.000 1.118 0.190 0.284 0.807 0.000 0.005 0.247 0.002 0.000 0.282 0.744 0.000 1.123 0.398 0.000 0.465 0.738 0.000 
0 test1dax_consistent 0.049 0.233 0.193 0.120 1.066 0.514 0.000 0.979 0.000 0.905 0.000 0.210 2.233 0.198 0.000 0.000 0.000 0.610 0.000 0.000 5.234 0.000 0.294 0.000 1.350 2.114 0.579 0.000 0.000 2.396 0.000 1.880 3.734 0.661 0.295 0.000 0.315 0.000 1.165 0.000 
1 test1dax_inconsistent 0.049 0.233 0.193 0.120 1.066 0.514 0.000 0.979 0.000 0.905 0.000 0.210 2.233 0.198 0.000 0.000 0.000 0.610 0.000 0.000 1.742 0.046 0.000 0.000 0.549 1.231 0.000 0.000 0.000 0.358 0.000 0.924 0.616 0.621 0.230 0.000 0.081 0.141 0.310 0.050 
0 test1dax_consistent 0.000 0.000 0.251 1.572 0.422 0.076 0.587 0.038 0.783 0.000 1.027 0.000 0.251 1.418 0.166 0.990 0.266 0.650 0.818 0.000 0.000 0.000 0.000 0.000 1.377 2.527 0.000 2.188 0.000 2.464 1.117 0.000 2.654 0.000 4.382 0.744 0.693 1.532 1.535 0.000 
1 test1dax_inconsistent 0.000 0.000 0.251 1.572 0.422 0.076 0.587 0.038 0.783 0.000 1.027 0.000 0.251 1.418 0.166 0.990 0.266 0.650 0.818 0.000 0.260 0.000 0.284 0.265 0.369 1.070 0.591 0.577 0.000 0.113 0.196 0.000 0.262 0.000 0.686 0.755 0.746 0.722 1.130 0.000 
0 test1dax_consistent 0.141 0.000 0.051 0.000 0.000 0.268 0.907 0.004 0.824 0.179 1.177 0.094 0.402 0.232 1.375 1.225 0.930 0.000 0.530 0.073 0.000 0.000 0.000 0.000 0.000 0.000 0.000 0.502 0.000 4.277 1.556 3.552 0.000 0.000 1.742 0.000 4.116 0.000 1.366 0.000 
1 test1dax_inconsistent 0.141 0.000 0.051 0.000 0.000 0.268 0.907 0.004 0.824 0.179 1.177 0.094 0.402 0.232 1.375 1.225 0.930 0.000 0.530 0.073 0.000 0.000 0.000 0.000 0.000 0.000 0.000 0.310 0.000 0.822 0.756 1.864 0.000 0.000 0.905 0.000 0.408 0.000 1.428 0.009 
0 test1dax_consistent 0.000 0.611 0.983 0.251 0.179 0.648 0.973 0.835 1.673 0.081 0.000 0.481 0.000 0.634 0.000 0.129 0.225 0.000 0.424 0.445 0.000 0.000 0.000 1.094 0.000 0.000 0.719 5.260 0.000 1.276 0.588 3.287 0.955 1.293 0.000 0.000 0.000 0.000 0.825 0.000 
1 test1dax_inconsistent 0.000 0.611 0.983 0.251 0.179 0.648 0.973 0.835 1.673 0.081 0.000 0.481 0.000 0.634 0.000 0.129 0.225 0.000 0.424 0.445 0.151 0.127 0.000 0.715 0.008 0.000 0.567 0.839 0.000 0.168 0.366 1.110 0.547 0.873 0.000 0.000 0.000 0.213 0.395 0.202 
0 test1dax_consistent 0.000 0.000 0.165 0.000 0.000 0.000 1.122 0.640 0.000 0.000 0.000 1.081 0.000 1.399 0.371 0.000 1.776 1.513 0.821 0.000 0.594 0.000 2.159 0.000 3.403 0.958 0.000 0.989 0.000 0.000 0.260 1.111 0.000 0.026 0.000 5.060 1.996 1.343 0.813 0.000 
1 test1dax_inconsistent 0.000 0.000 0.165 0.000 0.000 0.000 1.122 0.640 0.000 0.000 0.000 1.081 0.000 1.399 0.371 0.000 1.776 1.513 0.821 0.000 0.000 0.000 1.189 0.000 0.502 0.045 0.000 0.617 0.000 0.000 0.490 0.000 0.000 0.038 0.251 1.106 0.901 0.445 1.100 0.000 
0 test1dax_consistent 1.014 0.469 0.235 0.000 0.000 0.000 0.191 0.510 0.000 0.535 0.000 0.084 2.306 0.000 0.084 0.000 0.121 1.120 0.000 0.197 0.439 5.668 0.218 1.719 0.000 1.476 1.942 3.083 0.000 0.000 0.000 0.000 2.018 1.015 0.000 0.000 1.146 1.942 0.000 0.000 
1 test1dax_inconsistent 1.014 0.469 0.235 0.000 0.000 0.000 0.191 0.510 0.000 0.535 0.000 0.084 2.306 0.000 0.084 0.000 0.121 1.120 0.000 0.197 0.000 1.543 0.530 0.489 0.000 0.823 0.840 1.431 0.000 0.000 0.000 0.000 1.693 0.763 0.000 0.000 0.093 0.177 0.000 0.250 
0 test1dax_consistent 0.894 0.229 0.659 0.000 2.513 0.020 0.202 0.000 0.359 0.000 0.000 0.760 0.000 0.000 0.986 0.011 0.000 0.079 0.559 0.000 0.000 0.970 0.255 0.280 0.000 3.354 3.073 0.000 0.000 4.879 0.341 0.000 0.234 0.000 1.654 0.000 0.000 1.610 0.000 0.000 
1 test1dax_inconsistent 0.894 0.229 0.659 0.000 2.513 0.020 0.202 0.000 0.359 0.000 0.000 0.760 0.000 0.000 0.986 0.011 0.000 0.079 0.559 0.000 0.000 0.355 0.112 0.341 0.305 0.367 1.463 0.143 0.511 0.993 0.130 0.000 0.000 0.000 1.083 0.000 0.000 0.770 0.000 0.455 
0 test1dax_consistent 0.090 0.105 0.271 1.218 0.088 1.796 0.000 0.000 0.000 0.042 0.132 0.323 0.000 0.272 1.770 1.121 0.682 0.000 0.218 0.228 4.134 0.388 0.780 0.000 0.000 0.000 0.000 0.000 0.465 0.181 0.000 0.000 3.474 4.445 0.708 0.000 0.009 0.000 0.000 0.185 
1 test1dax_inconsistent 0.090 0.105 0.271 1.218 0.088 1.796 0.000 0.000 0.000 0.042 0.132 0.323 0.000 0.272 1.770 1.121 0.682 0.000 0.218 0.228 0.611 0.206 0.872 0.000 0.000 0.000 0.000 0.000 0.000 0.000 0.000 0.000 0.333 1.903 0.607 0.000 0.000 0.041 0.000 0.543 
0 test1dax_consistent 2.275 0.000 0.000 0.308 1.225 0.000 0.000 0.988 0.021 0.000 1.247 0.000 0.019 0.000 0.000 0.000 0.000 0.000 0.000 0.000 0.814 5.730 3.149 0.000 0.000 0.000 1.996 0.000 0.000 1.696 0.246 0.000 0.025 0.000 0.000 0.940 0.000 0.000 1.256 0.000 
1 test1dax_inconsistent 2.275 0.000 0.000 0.308 1.225 0.000 0.000 0.988 0.021 0.000 1.247 0.000 0.019 0.000 0.000 0.000 0.000 0.000 0.000 0.000 0.085 1.761 0.334 0.158 0.006 0.000 1.404 0.062 0.000 0.000 0.371 0.316 0.000 0.000 0.000 0.256 0.000 0.000 1.153 0.000 
0 test1dax_consistent 0.000 1.307 0.000 0.000 0.067 0.807 0.000 0.000 0.000 0.617 0.000 0.780 0.000 1.143 0.000 0.607 0.000 0.000 0.000 1.575 0.541 1.786 0.000 1.103 0.000 0.000 0.000 0.000 1.722 0.490 1.162 0.515 0.000 0.000 0.000 6.287 0.000 0.000 0.000 2.155 
1 test1dax_inconsistent 0.000 1.307 0.000 0.000 0.067 0.807 0.000 0.000 0.000 0.617 0.000 0.780 0.000 1.143 0.000 0.607 0.000 0.000 0.000 1.575 0.831 1.339 0.027 0.000 0.000 0.080 0.000 0.000 0.373 0.978 0.292 0.000 0.010 0.000 0.000 1.740 0.000 0.000 0.000 0.643 
0 test1dax_consistent 0.381 0.204 0.000 0.000 0.561 0.729 0.651 0.000 0.122 0.296 0.241 1.038 0.000 0.941 2.255 0.025 0.270 0.178 0.000 0.118 0.516 0.000 0.000 2.079 0.000 2.827 2.400 0.000 0.098 0.974 3.588 1.654 0.000 0.000 1.968 3.517 0.000 0.000 1.280 0.423 
1 test1dax_inconsistent 0.381 0.204 0.000 0.000 0.561 0.729 0.651 0.000 0.122 0.296 0.241 1.038 0.000 0.941 2.255 0.025 0.270 0.178 0.000 0.118 0.025 0.074 0.000 0.241 0.011 1.025 0.603 0.000 0.793 0.431 0.778 0.106 0.000 0.808 0.278 1.173 0.000 0.000 0.259 0.462 
0 test1dax_consistent 1.177 0.401 1.367 0.025 0.000 0.000 0.338 0.450 0.694 0.000 0.061 1.114 0.000 0.000 0.403 1.202 0.878 0.000 0.041 0.467 0.000 0.000 1.274 0.000 2.163 0.000 0.000 0.692 0.000 0.000 3.410 0.084 0.000 0.000 5.887 1.970 0.000 0.000 0.000 0.310 
1 test1dax_inconsistent 1.177 0.401 1.367 0.025 0.000 0.000 0.338 0.450 0.694 0.000 0.061 1.114 0.000 0.000 0.403 1.202 0.878 0.000 0.041 0.467 0.349 0.000 1.010 0.000 0.000 0.000 0.066 0.000 0.388 0.000 0.618 0.135 0.000 0.259 2.211 0.346 0.074 0.000 0.000 0.817 
0 test1dax_consistent 0.604 0.337 0.000 0.154 0.830 1.635 0.005 0.000 0.000 0.128 0.285 0.224 0.988 0.208 0.871 0.000 0.000 1.642 0.099 0.750 2.673 0.000 0.000 0.153 2.581 2.886 0.000 0.190 0.248 0.000 0.000 0.000 0.975 4.927 0.000 0.365 0.702 0.000 0.531 0.000 
1 test1dax_inconsistent 0.604 0.337 0.000 0.154 0.830 1.635 0.005 0.000 0.000 0.128 0.285 0.224 0.988 0.208 0.871 0.000 0.000 1.642 0.099 0.750 0.168 0.000 0.010 0.228 1.144 0.843 0.177 0.266 0.368 0.000 0.405 0.272 0.000 0.795 0.332 0.315 0.661 0.000 0.526 0.578 
0 test1dax_consistent 0.000 0.401 0.000 0.239 1.856 0.000 0.256 0.758 0.000 0.000 0.596 0.837 1.254 0.000 0.919 0.823 0.000 0.000 0.098 0.213 0.163 2.650 0.000 1.530 5.087 0.000 1.000 0.421 2.308 0.000 0.000 0.000 1.851 0.000 1.427 0.000 0.000 0.000 0.000 4.650 
1 test1dax_inconsistent 0.000 0.401 0.000 0.239 1.856 0.000 0.256 0.758 0.000 0.000 0.596 0.837 1.254 0.000 0.919 0.823 0.000 0.000 0.098 0.213 0.469 1.315 0.626 0.189 1.743 0.089 0.562 0.326 0.442 0.000 0.000 0.354 0.395 0.031 1.013 0.243 0.000 0.000 0.000 0.568 
0 test1dax_consistent 0.000 0.000 1.163 0.000 1.335 0.000 0.200 0.000 0.000 0.000 0.000 0.327 0.000 0.000 2.244 0.250 0.000 2.039 0.000 0.510 1.050 4.859 2.878 0.000 0.000 2.745 0.000 0.000 0.000 0.000 0.000 0.000 0.000 4.414 1.549 0.000 0.000 0.374 0.000 0.000 
1 test1dax_inconsistent 0.000 0.000 1.163 0.000 1.335 0.000 0.200 0.000 0.000 0.000 0.000 0.327 0.000 0.000 2.244 0.250 0.000 2.039 0.000 0.510 0.060 1.032 1.226 0.000 0.063 1.097 0.000 0.216 0.000 0.000 0.000 0.205 0.000 1.269 0.851 0.000 0.000 0.196 0.000 0.111 
0 test1dax_consistent 0.000 0.053 2.379 0.089 0.171 0.366 1.661 0.797 0.000 0.000 1.268 0.402 0.895 0.000 0.512 0.000 0.352 0.000 0.000 0.002 2.595 0.000 2.714 0.104 0.000 0.000 0.654 0.000 0.000 1.490 0.000 4.743 0.000 0.000 3.456 0.000 0.000 0.000 0.000 0.000 
1 test1dax_inconsistent 0.000 0.053 2.379 0.089 0.171 0.366 1.661 0.797 0.000 0.000 1.268 0.402 0.895 0.000 0.512 0.000 0.352 0.000 0.000 0.002 0.726 0.000 1.477 0.013 0.000 0.000 0.000 0.000 0.000 0.925 0.000 1.026 0.000 0.000 0.080 0.000 0.065 0.000 0.000 0.000 
0 test1dax_consistent 1.202 0.000 1.014 0.000 0.542 0.000 1.835 0.000 0.117 0.086 0.000 1.174 0.000 0.810 0.000 0.296 0.449 0.470 0.082 0.000 0.092 4.333 0.000 0.000 0.643 0.000 3.052 0.000 0.000 0.000 0.000 1.662 0.377 2.771 1.439 0.000 0.000 1.787 0.000 0.130 
1 test1dax_inconsistent 1.202 0.000 1.014 0.000 0.542 0.000 1.835 0.000 0.117 0.086 0.000 1.174 0.000 0.810 0.000 0.296 0.449 0.470 0.082 0.000 0.149 1.099 0.750 0.000 0.083 0.000 0.000 0.000 0.000 0.181 0.000 1.244 0.501 0.239 0.000 0.058 0.134 1.093 0.000 0.098 
0 test1dax_consistent 0.000 0.705 0.109 0.000 0.000 0.145 0.000 0.000 0.000 0.000 0.002 0.000 1.070 1.220 1.284 0.148 0.000 0.000 1.205 0.994 0.000 0.000 0.234 2.549 0.000 2.576 0.000 2.333 0.526 0.000 0.000 2.375 2.981 0.000 5.034 0.000 2.526 0.000 1.878 0.000 
1 test1dax_inconsistent 0.000 0.705 0.109 0.000 0.000 0.145 0.000 0.000 0.000 0.000 0.002 0.000 1.070 1.220 1.284 0.148 0.000 0.000 1.205 0.994 0.000 0.516 0.410 1.188 0.249 1.123 0.000 1.026 0.193 0.000 0.000 1.721 0.431 0.307 1.064 0.000 1.557 0.000 0.919 0.000 
0 test1dax_consistent 0.000 0.000 0.434 1.647 0.000 0.181 2.121 0.077 0.000 0.000 0.000 0.279 0.000 0.084 0.286 0.440 1.377 0.874 0.020 0.000 2.864 0.000 0.000 2.236 0.000 0.000 1.344 0.000 0.000 0.000 0.000 0.000 0.000 0.956 4.587 0.557 1.189 4.253 0.000 0.000 
1 test1dax_inconsistent 0.000 0.000 0.434 1.647 0.000 0.181 2.121 0.077 0.000 0.000 0.000 0.279 0.000 0.084 0.286 0.440 1.377 0.874 0.020 0.000 1.168 0.000 0.000 0.000 0.000 0.000 1.795 0.000 0.000 0.000 0.000 0.000 0.253 0.644 2.258 1.097 0.000 0.836 0.000 0.019 
0 test1dax_consistent 2.029 0.817 1.121 0.000 0.770 0.853 0.000 0.000 0.032 0.183 0.128 0.885 0.000 0.101 0.000 0.000 1.469 0.000 1.004 0.000 1.717 0.323 0.000 0.000 3.995 0.000 0.000 0.000 0.000 0.312 3.504 0.000 2.428 0.000 0.000 3.078 0.000 0.976 1.188 0.000 
1 test1dax_inconsistent 2.029 0.817 1.121 0.000 0.770 0.853 0.000 0.000 0.032 0.183 0.128 0.885 0.000 0.101 0.000 0.000 1.469 0.000 1.004 0.000 1.406 0.076 0.000 0.000 1.060 0.028 0.000 0.000 0.000 0.121 0.604 0.000 0.960 0.229 0.000 0.000 0.000 1.172 0.398 0.016 
0 test1dax_consistent 0.000 1.023 0.000 0.415 0.000 0.880 0.000 0.000 0.058 0.000 0.000 0.925 0.000 0.000 0.000 1.794 0.047 0.000 1.106 1.094 0.469 0.000 2.018 2.698 0.000 0.000 0.942 0.049 1.620 1.813 0.000 0.463 0.000 0.870 0.031 2.123 5.063 2.168 0.000 0.000 
1 test1dax_inconsistent 0.000 1.023 0.000 0.415 0.000 0.880 0.000 0.000 0.058 0.000 0.000 0.925 0.000 0.000 0.000 1.794 0.047 0.000 1.106 1.094 0.203 0.061 0.082 0.823 0.000 0.000 0.765 0.306 0.375 0.712 0.108 0.748 0.101 0.412 0.203 1.483 0.871 0.214 0.000 0.556 
0 test1dax_consistent 0.004 0.000 0.000 0.026 0.134 0.389 0.000 0.060 0.000 0.000 0.387 0.907 1.855 0.909 1.614 0.206 0.000 0.794 0.036 0.357 0.000 0.000 0.000 1.824 0.070 0.590 0.000 0.000 0.000 0.174 0.000 0.575 2.617 3.232 0.074 1.275 5.992 0.000 0.348 0.000 
1 test1dax_inconsistent 0.004 0.000 0.000 0.026 0.134 0.389 0.000 0.060 0.000 0.000 0.387 0.907 1.855 0.909 1.614 0.206 0.000 0.794 0.036 0.357 0.000 0.000 0.000 1.191 1.032 0.957 0.022 0.000 0.000 0.429 0.000 0.061 0.349 1.286 0.554 0.642 1.510 0.000 0.000 0.000 
0 test1dax_consistent 1.122 0.000 0.000 0.000 0.955 0.628 0.294 0.072 0.447 0.000 0.713 1.577 1.455 0.156 1.414 0.275 0.088 0.028 0.000 0.000 0.000 0.000 5.063 0.000 0.000 0.476 0.000 1.257 2.743 0.000 0.000 0.819 0.371 0.121 0.000 1.300 0.000 2.033 3.409 0.000 
1 test1dax_inconsistent 1.122 0.000 0.000 0.000 0.955 0.628 0.294 0.072 0.447 0.000 0.713 1.577 1.455 0.156 1.414 0.275 0.088 0.028 0.000 0.000 0.115 0.000 0.606 0.000 0.000 0.000 0.000 0.531 0.847 0.000 0.000 0.828 1.089 0.075 0.000 1.048 0.152 1.119 0.907 0.045 
0 test1dax_consistent 0.000 2.028 0.307 0.493 0.000 0.000 0.000 1.860 0.000 0.181 0.000 0.021 0.000 1.692 0.000 0.000 0.286 0.000 0.000 0.000 0.000 5.411 2.171 0.068 0.000 5.328 1.743 0.000 0.741 2.079 0.000 0.000 1.366 2.470 2.120 0.000 1.720 0.000 0.000 0.000 
1 test1dax_inconsistent 0.000 2.028 0.307 0.493 0.000 0.000 0.000 1.860 0.000 0.181 0.000 0.021 0.000 1.692 0.000 0.000 0.286 0.000 0.000 0.000 0.000 1.716 1.226 0.007 0.000 1.170 0.564 0.000 0.299 0.000 0.000 0.000 0.898 1.276 1.251 0.432 1.863 0.000 0.000 0.000 
0 test1dax_consistent 0.000 0.000 0.000 0.577 0.405 0.224 0.000 1.661 0.453 0.134 1.258 0.436 1.272 0.000 0.424 0.000 0.000 0.913 0.161 0.000 0.000 1.756 0.000 0.000 0.000 2.736 0.000 4.297 2.446 0.220 0.939 2.629 1.781 0.000 1.378 0.000 0.000 0.293 0.304 0.000 
1 test1dax_inconsistent 0.000 0.000 0.000 0.577 0.405 0.224 0.000 1.661 0.453 0.134 1.258 0.436 1.272 0.000 0.424 0.000 0.000 0.913 0.161 0.000 0.000 0.408 0.000 0.519 0.129 0.949 0.000 1.428 0.000 1.088 1.299 0.478 0.000 0.000 0.840 0.000 0.000 0.000 0.510 0.000 
0 test1dax_consistent 0.000 0.025 0.000 0.570 0.006 0.672 0.000 0.000 1.543 0.000 0.000 1.596 0.000 0.156 0.000 0.858 0.691 2.025 0.082 0.860 2.725 0.000 0.000 1.819 4.852 0.849 0.000 0.000 0.000 0.936 0.000 2.375 0.000 0.049 0.000 0.000 1.003 0.000 0.000 0.000 
1 test1dax_inconsistent 0.000 0.025 0.000 0.570 0.006 0.672 0.000 0.000 1.543 0.000 0.000 1.596 0.000 0.156 0.000 0.858 0.691 2.025 0.082 0.860 0.000 0.000 0.134 0.132 1.050 0.000 0.000 0.000 0.000 0.607 0.000 1.012 0.000 0.478 0.607 0.093 0.783 0.476 0.000 0.248 
0 test1dax_consistent 0.482 0.291 1.086 1.132 0.656 0.289 0.714 0.000 0.800 0.397 0.249 0.451 0.000 0.000 1.247 0.071 0.000 0.403 0.928 0.681 0.384 0.180 0.757 0.486 2.257 0.000 4.863 0.000 0.000 0.000 0.000 2.810 0.000 0.000 1.756 0.512 0.000 1.318 1.234 0.000 
1 test1dax_inconsistent 0.482 0.291 1.086 1.132 0.656 0.289 0.714 0.000 0.800 0.397 0.249 0.451 0.000 0.000 1.247 0.071 0.000 0.403 0.928 0.681 0.000 0.477 0.000 0.319 0.643 0.110 1.390 0.000 0.315 0.000 0.313 0.380 0.000 0.039 1.289 0.000 0.249 0.000 0.000 0.000 
0 test1dax_consistent 0.000 0.000 0.000 1.596 0.141 0.000 0.000 2.081 1.122 0.000 0.065 0.000 0.000 0.000 0.000 0.000 0.000 0.778 0.005 0.000 0.655 0.000 0.000 1.183 1.196 3.807 4.164 0.000 5.300 0.000 0.000 0.000 0.000 0.000 0.312 0.000 0.000 1.830 0.955 0.993 
1 test1dax_inconsistent 0.000 0.000 0.000 1.596 0.141 0.000 0.000 2.081 1.122 0.000 0.065 0.000 0.000 0.000 0.000 0.000 0.000 0.778 0.005 0.000 0.356 0.000 0.000 1.404 0.727 1.570 1.182 0.130 1.334 0.000 0.000 0.000 0.213 0.007 0.000 0.119 0.018 0.189 0.697 0.288 
0 test1dax_consistent 0.000 0.000 0.787 1.543 0.329 0.000 0.000 0.509 0.000 0.000 1.854 0.019 0.022 0.877 0.000 1.477 0.599 0.120 0.000 0.000 2.896 0.546 0.010 0.000 0.564 2.912 0.000 3.500 0.000 0.000 0.000 0.000 0.000 0.000 0.000 1.461 4.248 0.000 0.000 0.000 
1 test1dax_inconsistent 0.000 0.000 0.787 1.543 0.329 0.000 0.000 0.509 0.000 0.000 1.854 0.019 0.022 0.877 0.000 1.477 0.599 0.120 0.000 0.000 0.598 0.388 0.000 0.740 0.165 1.093 0.009 0.831 0.000 0.000 0.107 0.000 0.057 0.276 0.000 0.750 1.070 0.000 0.000 0.319 
0 test1dax_consistent 1.837 0.928 0.513 0.000 0.930 0.681 0.000 0.875 0.000 0.000 0.993 0.000 1.234 0.117 0.000 0.488 0.368 0.000 0.493 0.006 2.487 0.000 0.000 0.072 0.590 0.000 0.000 2.737 1.666 0.000 0.000 3.963 1.283 0.000 0.076 0.000 0.272 0.000 3.884 0.000 
1 test1dax_inconsistent 1.837 0.928 0.513 0.000 0.930 0.681 0.000 0.875 0.000 0.000 0.993 0.000 1.234 0.117 0.000 0.488 0.368 0.000 0.493 0.006 1.232 0.000 0.000 0.324 0.636 0.000 0.000 0.485 0.000 0.000 0.000 1.112 0.225 0.000 0.833 0.132 0.398 0.000 1.188 0.000 
0 test1dax_consistent 0.842 0.187 1.074 0.177 0.000 0.000 0.000 0.000 0.525 1.178 1.480 0.123 0.262 0.548 0.456 0.000 0.331 0.000 0.603 1.158 0.000 3.656 0.000 0.000 0.000 2.454 0.000 0.000 0.000 0.000 1.804 0.160 0.000 4.076 0.509 0.000 0.000 0.469 0.289 3.080 
1 test1dax_inconsistent 0.842 0.187 1.074 0.177 0.000 0.000 0.000 0.000 0.525 1.178 1.480 0.123 0.262 0.548 0.456 0.000 0.331 0.000 0.603 1.158 0.522 1.712 0.000 0.000 0.000 0.720 0.000 0.433 0.008 0.000 0.425 0.000 0.000 0.669 0.345 0.000 0.062 0.452 0.282 0.257 
0 test1dax_consistent 0.000 0.794 1.035 0.132 0.650 0.155 1.290 0.777 1.007 0.248 0.586 0.005 0.503 0.401 0.608 0.108 0.679 0.157 0.447 0.577 0.000 0.000 0.000 0.000 0.326 0.411 0.000 0.000 0.508 0.000 0.000 2.732 0.385 3.571 0.000 1.658 0.147 1.431 2.658 0.225 
1 test1dax_inconsistent 0.000 0.794 1.035 0.132 0.650 0.155 1.290 0.777 1.007 0.248 0.586 0.005 0.503 0.401 0.608 0.108 0.679 0.157 0.447 0.577 0.000 0.000 0.276 0.090 0.472 0.206 0.000 0.000 0.000 0.000 0.000 1.107 0.882 0.140 0.655 0.721 0.000 1.053 0.000 0.589 
0 test1dax_consistent 0.234 0.000 0.000 0.000 0.000 0.000 0.000 0.524 0.000 0.000 0.898 0.000 1.583 0.221 2.288 0.000 0.000 0.034 0.921 0.000 1.488 2.525 0.000 0.000 2.848 3.180 0.077 0.105 0.000 0.000 0.413 0.000 0.000 3.353 3.725 0.000 0.000 0.000 1.656 0.000 
1 test1dax_inconsistent 0.234 0.000 0.000 0.000 0.000 0.000 0.000 0.524 0.000 0.000 0.898 0.000 1.583 0.221 2.288 0.000 0.000 0.034 0.921 0.000 1.093 0.804 0.000 0.058 0.562 0.621 0.000 0.074 0.000 0.000 0.977 0.000 0.157 1.460 0.549 0.000 0.000 0.000 0.485 0.000 
0 test1dax_consistent 0.205 0.000 0.613 0.000 0.175 0.866 0.619 1.283 0.883 1.261 0.000 0.000 1.428 0.084 0.846 0.115 0.217 0.000 0.000 0.983 4.507 0.835 0.460 0.000 0.270 0.122 1.594 0.000 1.380 1.707 0.280 0.000 0.000 0.000 0.000 0.219 2.850 0.000 0.414 2.585 
1 test1dax_inconsistent 0.205 0.000 0.613 0.000 0.175 0.866 0.619 1.283 0.883 1.261 0.000 0.000 1.428 0.084 0.846 0.115 0.217 0.000 0.000 0.983 0.909 0.029 0.267 0.580 0.437 0.092 0.057 0.447 0.000 0.460 0.000 0.000 0.000 0.000 0.094 0.310 0.301 0.000 0.049 1.865 
0 test1dax_consistent 0.885 0.031 1.417 0.064 1.178 0.000 0.516 1.370 0.000 0.000 0.000 0.192 0.014 0.000 0.151 0.120 0.000 0.639 0.533 0.000 0.000 0.000 2.888 0.000 1.547 0.000 0.000 0.115 0.000 0.057 0.945 6.464 0.000 1.880 3.702 0.000 0.000 0.181 0.000 0.000 
1 test1dax_inconsistent 0.885 0.031 1.417 0.064 1.178 0.000 0.516 1.370 0.000 0.000 0.000 0.192 0.014 0.000 0.151 0.120 0.000 0.639 0.533 0.000 0.000 0.362 0.244 0.000 1.115 0.000 0.204 0.000 0.000 0.014 0.000 1.782 0.171 0.800 1.622 0.000 0.000 0.476 0.000 0.000 
0 test1dax_consistent 0.000 0.000 0.000 0.017 0.662 0.040 0.000 0.674 1.042 1.395 0.121 1.560 0.000 0.000 0.000 0.666 0.000 0.000 0.000 1.804 1.912 4.279 0.000 0.000 1.358 1.245 0.000 3.319 0.000 0.904 0.951 1.974 0.000 0.000 2.403 0.000 0.000 0.000 3.289 0.600 
1 test1dax_inconsistent 0.000 0.000 0.000 0.017 0.662 0.040 0.000 0.674 1.042 1.395 0.121 1.560 0.000 0.000 0.000 0.666 0.000 0.000 0.000 1.804 0.612 0.601 0.000 0.470 1.482 0.907 0.276 0.977 0.000 0.409 1.090 0.199 0.000 0.000 0.155 0.000 0.000 0.000 0.895 0.000 
0 test1dax_consistent 0.000 0.881 0.007 0.241 0.000 0.533 1.025 0.000 0.190 1.618 1.232 0.701 0.633 0.570 0.000 0.522 0.000 1.468 0.000 0.276 0.000 0.232 0.000 1.109 0.000 1.034 1.318 2.211 0.000 5.527 0.000 0.000 0.825 1.497 0.032 1.878 0.000 0.000 0.000 0.000 
1 test1dax_inconsistent 0.000 0.881 0.007 0.241 0.000 0.533 1.025 0.000 0.190 1.618 1.232 0.701 0.633 0.570 0.000 0.522 0.000 1.468 0.000 0.276 0.000 0.964 0.362 0.229 0.000 0.783 1.364 1.228 0.279 0.914 0.000 0.000 0.000 0.000 0.000 0.131 0.070 0.000 0.000 0.238 
0 test1dax_consistent 0.947 0.000 1.410 0.034 0.000 0.051 0.002 1.241 0.000 0.182 0.630 0.000 0.000 1.220 0.194 1.185 1.001 0.000 0.177 0.823 0.000 0.000 0.000 4.665 0.000 0.000 2.425 0.837 0.000 0.000 0.548 0.000 0.102 4.578 2.488 0.000 0.518 0.003 0.000 3.211 
1 test1dax_inconsistent 0.947 0.000 1.410 0.034 0.000 0.051 0.002 1.241 0.000 0.182 0.630 0.000 0.000 1.220 0.194 1.185 1.001 0.000 0.177 0.823 0.063 0.000 0.012 0.606 0.231 0.000 0.270 0.000 0.000 0.507 0.173 0.000 0.102 1.931 0.672 0.018 0.319 0.445 0.000 1.204 
0 test1dax_consistent 0.901 0.000 1.468 0.089 0.259 0.000 0.139 0.927 0.648 0.139 0.000 0.510 0.847 0.771 1.058 0.000 0.000 0.370 0.000 0.859 0.320 0.000 3.447 0.000 0.102 0.000 0.000 0.522 0.671 1.270 0.000 0.253 5.217 2.554 0.225 0.000 0.000 1.358 0.000 0.000 
1 test1dax_inconsistent 0.901 0.000 1.468 0.089 0.259 0.000 0.139 0.927 0.648 0.139 0.000 0.510 0.847 0.771 1.058 0.000 0.000 0.370 0.000 0.859 0.412 0.000 1.467 0.229 0.151 0.000 0.016 0.151 0.070 0.000 0.000 0.439 1.201 0.000 0.693 0.000 0.000 0.625 0.000 0.000 
0 test1dax_consistent 0.073 0.000 0.305 0.321 0.000 1.619 0.000 0.931 0.534 0.000 0.721 0.000 0.366 0.963 1.634 0.000 0.000 0.229 0.657 0.899 0.000 0.027 0.000 0.000 0.000 0.780 1.102 0.914 0.000 0.000 5.188 0.000 0.178 3.238 0.654 0.000 0.000 0.000 4.307 0.179 
1 test1dax_inconsistent 0.073 0.000 0.305 0.321 0.000 1.619 0.000 0.931 0.534 0.000 0.721 0.000 0.366 0.963 1.634 0.000 0.000 0.229 0.657 0.899 0.154 0.021 0.000 0.042 0.000 0.742 0.000 0.027 0.331 0.047 0.495 0.000 0.000 1.158 0.409 0.000 0.000 0.309 1.916 0.458 
0 test1dax_consistent 0.000 1.623 0.000 0.000 0.894 0.979 0.000 1.279 0.110 0.346 0.700 0.316 0.000 0.000 0.365 1.423 0.671 0.000 0.462 0.000 0.000 3.181 0.000 0.000 2.386 0.000 0.000 0.000 0.304 0.000 1.763 0.000 0.390 0.000 0.000 0.000 0.000 0.000 5.483 0.000 
1 test1dax_inconsistent 0.000 1.623 0.000 0.000 0.894 0.979 0.000 1.279 0.110 0.346 0.700 0.316 0.000 0.000 0.365 1.423 0.671 0.000 0.462 0.000 0.000 1.152 0.000 0.000 0.891 0.543 0.000 0.000 0.533 0.083 1.603 0.000 0.827 0.000 0.174 0.299 0.000 0.152 1.050 0.000 
0 test1dax_consistent 1.958 0.000 0.000 0.000 0.000 1.230 0.000 0.594 0.535 0.099 0.985 0.087 0.119 1.519 0.000 0.000 0.231 0.000 0.000 0.095 2.227 1.275 0.000 0.000 0.000 0.000 3.842 0.000 6.881 0.627 0.050 0.072 0.000 0.000 0.000 0.000 1.686 0.000 0.000 0.000 
1 test1dax_inconsistent 1.958 0.000 0.000 0.000 0.000 1.230 0.000 0.594 0.535 0.099 0.985 0.087 0.119 1.519 0.000 0.000 0.231 0.000 0.000 0.095 1.372 0.000 0.000 0.000 0.181 0.136 1.317 0.000 2.027 0.000 0.615 0.097 0.000 0.000 0.000 0.000 1.725 0.151 0.000 0.000 
0 test1dax_consistent 0.000 1.239 0.200 0.779 0.682 1.340 0.065 0.000 0.000 0.265 0.746 1.092 0.872 0.000 0.000 0.000 0.000 0.202 0.682 1.128 0.000 2.416 0.000 0.000 0.000 0.000 0.465 0.000 2.896 3.834 4.094 2.422 0.000 0.000 0.000 0.000 0.000 0.000 1.036 0.000 
1 test1dax_inconsistent 0.000 1.239 0.200 0.779 0.682 1.340 0.065 0.000 0.000 0.265 0.746 1.092 0.872 0.000 0.000 0.000 0.000 0.202 0.682 1.128 0.108 0.396 0.000 0.699 0.000 0.000 0.000 0.000 1.107 1.611 0.590 0.109 0.298 0.000 0.000 0.000 0.000 0.814 1.485 0.000 
0 test1dax_consistent 0.381 0.000 0.066 0.387 1.040 0.000 0.000 0.551 0.000 0.969 0.000 0.000 0.000 0.000 0.000 0.063 1.330 0.000 0.000 1.849 2.633 0.000 0.251 0.000 2.049 1.905 0.000 0.667 0.000 3.236 0.000 0.000 0.000 1.447 0.995 0.000 0.000 4.585 0.000 0.163 
1 test1dax_inconsistent 0.381 0.000 0.066 0.387 1.040 0.000 0.000 0.551 0.000 0.969 0.000 0.000 0.000 0.000 0.000 0.063 1.330 0.000 0.000 1.849 0.599 0.000 0.356 0.799 0.000 0.000 0.000 0.468 0.000 2.115 0.000 0.425 0.000 0.000 0.000 0.000 0.000 0.913 0.271 0.686 
0 test1dax_consistent 0.000 0.000 0.000 0.000 0.000 1.167 0.490 0.000 0.461 0.476 0.000 0.000 0.427 1.720 1.194 0.000 0.599 1.024 1.000 0.241 0.000 0.000 0.140 0.668 4.065 0.336 0.085 0.060 0.263 0.000 2.246 0.000 0.173 2.926 0.000 0.133 2.711 2.557 1.797 0.000 
1 test1dax_inconsistent 0.000 0.000 0.000 0.000 0.000 1.167 0.490 0.000 0.461 0.476 0.000 0.000 0.427 1.720 1.194 0.000 0.599 1.024 1.000 0.241 0.000 0.000 0.000 0.000 1.445 0.102 0.355 0.279 0.000 0.000 0.380 0.000 0.462 0.406 0.000 0.512 0.331 1.345 0.553 0.156 
0 test1dax_consistent 1.431 0.577 0.335 1.350 0.000 0.000 0.000 0.369 0.039 1.880 0.000 0.000 1.329 0.000 0.103 0.162 0.212 0.000 0.000 0.000 0.000 5.141 3.448 4.291 1.767 0.000 0.000 0.000 0.000 0.062 0.000 0.000 0.000 0.000 0.072 0.000 0.493 0.000 0.000 2.584 
1 test1dax_inconsistent 1.431 0.577 0.335 1.350 0.000 0.000 0.000 0.369 0.039 1.880 0.000 0.000 1.329 0.000 0.103 0.162 0.212 0.000 0.000 0.000 0.096 0.960 0.827 1.891 1.637 0.000 0.000 0.000 0.042 1.003 0.000 0.000 0.085 0.008 0.000 0.000 0.000 0.000 0.216 0.346 
0 test1dax_consistent 0.580 0.041 0.000 0.000 0.262 0.626 0.027 1.238 1.603 0.000 0.000 0.677 0.075 0.141 1.322 0.182 0.000 0.000 0.907 0.000 1.876 0.008 0.430 0.947 0.000 1.333 0.000 2.057 0.985 1.615 0.000 1.977 0.000 5.225 0.000 0.055 0.000 0.000 0.020 0.603 
1 test1dax_inconsistent 0.580 0.041 0.000 0.000 0.262 0.626 0.027 1.238 1.603 0.000 0.000 0.677 0.075 0.141 1.322 0.182 0.000 0.000 0.907 0.000 0.934 0.000 0.574 0.000 0.000 0.961 0.019 1.205 0.000 0.508 0.000 0.831 0.000 0.951 0.437 0.000 0.000 0.000 0.416 0.000 
0 test1dax_consistent 1.138 0.000 0.000 0.000 0.000 0.000 0.000 0.000 0.007 0.057 1.317 0.725 0.393 1.940 0.000 0.339 0.273 1.230 0.000 0.000 0.000 1.056 0.000 0.000 1.612 4.117 0.135 0.000 0.000 0.000 1.717 5.125 0.000 2.624 0.000 0.053 0.984 0.000 0.000 2.784 
1 test1dax_inconsistent 1.138 0.000 0.000 0.000 0.000 0.000 0.000 0.000 0.007 0.057 1.317 0.725 0.393 1.940 0.000 0.339 0.273 1.230 0.000 0.000 0.000 0.986 0.000 0.000 0.939 1.164 0.000 0.018 0.000 0.184 0.980 1.834 0.735 0.334 0.000 0.070 0.673 0.181 0.000 1.387 
0 test1dax_consistent 0.512 2.017 0.000 0.253 0.000 1.246 0.302 0.266 1.110 0.107 0.179 0.852 0.000 0.000 0.000 0.110 0.505 0.462 0.000 0.000 2.412 0.741 0.000 1.537 0.000 0.993 1.477 0.000 0.504 0.000 0.000 0.000 2.077 5.191 1.186 0.000 0.000 2.539 0.000 0.000 
1 test1dax_inconsistent 0.512 2.017 0.000 0.253 0.000 1.246 0.302 0.266 1.110 0.107 0.179 0.852 0.000 0.000 0.000 0.110 0.505 0.462 0.000 0.000 0.310 0.162 0.000 0.000 0.000 0.000 1.690 0.000 0.000 0.022 0.000 0.000 0.426 1.599 0.000 0.000 0.000 1.569 0.000 0.000 
0 test1dax_consistent 0.375 0.070 0.915 0.686 0.005 1.815 1.246 1.475 0.000 0.000 0.191 0.000 0.724 0.110 0.000 0.000 0.000 0.000 1.141 0.000 0.862 0.000 0.000 0.092 0.000 3.014 6.477 0.000 0.000 0.000 0.000 0.000 0.000 1.083 2.040 0.436 0.000 0.000 0.000 0.000 
1 test1dax_inconsistent 0.375 0.070 0.915 0.686 0.005 1.815 1.246 1.475 0.000 0.000 0.191 0.000 0.724 0.110 0.000 0.000 0.000 0.000 1.141 0.000 1.191 0.400 0.000 0.128 0.000 0.795 1.484 0.170 0.000 0.033 0.000 0.000 0.000 1.178 0.268 0.319 0.000 0.000 0.000 0.000 
0 test1dax_consistent 0.000 0.000 0.000 1.211 0.242 1.048 0.000 0.000 0.586 0.196 0.000 1.315 0.000 0.000 1.154 0.196 1.046 0.000 0.859 1.266 0.545 0.000 0.000 0.000 0.153 0.000 0.085 0.000 0.000 0.000 0.000 1.766 0.000 0.224 4.624 0.000 3.142 0.000 0.000 0.038 
1 test1dax_inconsistent 0.000 0.000 0.000 1.211 0.242 1.048 0.000 0.000 0.586 0.196 0.000 1.315 0.000 0.000 1.154 0.196 1.046 0.000 0.859 1.266 0.000 0.000 0.000 0.555 0.960 0.000 0.332 0.000 0.000 0.000 0.000 0.931 0.000 0.000 1.431 0.101 0.000 0.000 0.000 0.000 
0 test1dax_consistent 0.000 0.000 1.193 0.000 0.511 0.000 0.000 0.000 0.002 0.687 0.064 0.000 2.508 0.000 0.000 0.233 0.000 0.000 0.000 0.000 2.263 3.336 0.000 0.000 4.523 2.867 0.000 0.000 2.835 0.000 0.000 1.411 0.960 0.646 2.205 0.000 0.000 0.061 0.000 0.000 
1 test1dax_inconsistent 0.000 0.000 1.193 0.000 0.511 0.000 0.000 0.000 0.002 0.687 0.064 0.000 2.508 0.000 0.000 0.233 0.000 0.000 0.000 0.000 0.391 0.594 0.000 0.000 0.912 1.190 0.000 0.000 1.832 0.807 0.000 0.909 0.000 0.276 0.224 0.401 0.000 0.499 0.000 0.000 
0 test1dax_consistent 0.000 0.708 0.436 0.566 0.659 0.053 0.021 0.709 0.000 1.315 0.492 0.010 0.482 0.000 0.043 1.047 0.772 0.000 0.000 1.523 0.000 1.952 3.502 0.000 0.452 0.000 1.762 0.000 2.463 1.628 2.291 0.000 0.252 0.000 0.000 0.404 0.000 0.000 0.355 0.000 
1 test1dax_inconsistent 0.000 0.708 0.436 0.566 0.659 0.053 0.021 0.709 0.000 1.315 0.492 0.010 0.482 0.000 0.043 1.047 0.772 0.000 0.000 1.523 0.000 1.514 0.091 0.000 0.133 0.000 0.885 0.071 0.458 0.155 0.681 0.000 0.740 0.000 0.000 0.000 0.412 0.000 0.000 0.000 
0 test1dax_consistent 0.000 0.060 0.775 0.000 0.000 1.400 0.093 0.000 0.000 1.647 0.895 0.000 0.000 0.125 0.003 0.000 1.109 1.142 0.003 0.000 0.000 0.000 3.605 0.000 0.000 0.000 1.663 2.195 0.000 2.737 0.015 0.000 0.587 0.000 2.318 3.068 1.420 0.784 2.831 0.000 
1 test1dax_inconsistent 0.000 0.060 0.775 0.000 0.000 1.400 0.093 0.000 0.000 1.647 0.895 0.000 0.000 0.125 0.003 0.000 1.109 1.142 0.003 0.000 0.000 0.083 1.480 0.048 0.000 0.000 0.177 0.000 0.000 0.698 0.518 0.493 0.092 0.000 0.453 1.096 0.273 0.169 0.406 0.000 
0 test1dax_consistent 1.071 0.615 0.000 0.797 0.534 0.107 0.846 0.716 0.700 0.000 0.654 1.994 0.847 0.000 0.000 0.000 1.043 0.449 0.727 0.768 3.297 0.000 0.000 0.000 5.305 0.898 0.322 0.073 2.702 0.000 0.000 0.647 0.000 0.589 0.145 0.000 0.000 0.357 0.000 0.742 
1 test1dax_inconsistent 1.071 0.615 0.000 0.797 0.534 0.107 0.846 0.716 0.700 0.000 0.654 1.994 0.847 0.000 0.000 0.000 1.043 0.449 0.727 0.768 1.132 0.543 0.000 0.320 1.409 0.000 0.445 0.000 0.648 0.000 0.000 0.635 0.131 0.429 0.299 0.000 0.082 0.046 0.000 0.163 
0 test1dax_consistent 0.000 0.000 0.093 0.000 0.000 0.390 0.000 0.548 0.298 0.000 0.059 0.000 0.000 0.239 1.777 0.750 0.000 0.757 1.750 0.555 1.052 0.000 0.000 0.000 0.784 0.000 2.525 2.675 0.000 0.000 0.000 0.000 0.000 2.633 2.248 4.354 0.000 0.000 4.057 0.193 
1 test1dax_inconsistent 0.000 0.000 0.093 0.000 0.000 0.390 0.000 0.548 0.298 0.000 0.059 0.000 0.000 0.239 1.777 0.750 0.000 0.757 1.750 0.555 0.000 0.000 0.729 0.000 0.000 0.000 1.580 1.770 0.000 0.000 0.000 0.220 0.444 1.155 0.340 1.226 0.000 0.000 0.938 0.000 
0 test1dax_consistent 0.407 0.179 0.388 0.000 0.348 0.000 0.606 0.847 0.000 0.588 0.253 1.336 0.758 0.798 0.000 0.000 0.505 0.972 0.247 1.346 2.544 0.000 0.000 0.000 1.956 0.000 0.000 0.000 0.000 0.000 0.000 0.000 1.089 0.135 0.000 1.337 3.595 3.504 0.000 2.842 
1 test1dax_inconsistent 0.407 0.179 0.388 0.000 0.348 0.000 0.606 0.847 0.000 0.588 0.253 1.336 0.758 0.798 0.000 0.000 0.505 0.972 0.247 1.346 0.223 0.000 0.194 0.000 0.809 0.000 0.000 0.029 0.000 0.486 0.129 0.409 0.191 0.000 0.000 0.983 2.087 0.736 0.369 0.029 
0 test1dax_consistent 0.466 1.110 1.101 0.551 0.160 0.000 0.000 0.030 0.000 0.877 0.000 0.000 0.000 0.007 0.391 0.037 0.000 1.127 1.150 1.189 1.039 2.073 0.301 4.377 2.199 0.257 0.167 0.000 0.000 0.641 3.543 0.000 1.268 0.000 0.000 0.000 0.000 0.027 0.000 0.000 
1 test1dax_inconsistent 0.466 1.110 1.101 0.551 0.160 0.000 0.000 0.030 0.000 0.877 0.000 0.000 0.000 0.007 0.391 0.037 0.000 1.127 1.150 1.189 1.058 0.000 0.348 0.478 1.115 0.000 0.537 0.073 0.000 0.019 1.177 0.000 1.118 0.000 0.010 0.268 0.000 0.000 0.126 0.289 
0 test1dax_consistent 0.000 0.882 0.329 0.000 0.000 1.095 0.011 0.030 0.832 0.954 0.000 0.791 0.000 0.000 0.646 0.339 0.990 0.176 1.005 0.153 1.857 0.000 3.083 0.000 0.000 0.000 0.000 0.000 2.866 2.694 2.017 0.000 0.000 3.361 0.911 1.972 0.405 0.827 1.501 0.000 
1 test1dax_inconsistent 0.000 0.882 0.329 0.000 0.000 1.095 0.011 0.030 0.832 0.954 0.000 0.791 0.000 0.000 0.646 0.339 0.990 0.176 1.005 0.153 0.640 0.000 1.914 0.496 0.000 0.319 0.313 0.000 0.570 0.871 0.887 0.000 0.000 0.035 0.000 0.155 0.000 0.155 0.029 0.000 
0 test1dax_consistent 0.000 0.000 0.679 0.000 0.000 0.617 0.067 0.000 1.602 0.040 0.000 1.422 0.980 1.472 0.000 0.086 0.000 0.000 0.000 0.422 0.761 0.000 0.000 0.069 0.000 0.000 0.000 0.000 0.564 4.807 0.000 2.927 2.030 1.331 1.868 0.000 1.619 2.825 0.000 0.119 
1 test1dax_inconsistent 0.000 0.000 0.679 0.000 0.000 0.617 0.067 0.000 1.602 0.040 0.000 1.422 0.980 1.472 0.000 0.086 0.000 0.000 0.000 0.422 0.764 0.000 0.000 0.357 0.000 0.470 0.000 0.000 0.452 1.156 0.000 0.006 0.536 0.980 1.218 0.000 0.789 0.640 0.000 0.090 
0 test1dax_consistent 0.000 0.627 0.000 0.000 0.270 1.048 0.000 0.851 1.369 0.571 1.432 0.000 0.075 0.666 0.000 0.000 0.106 0.067 0.000 1.346 1.502 0.000 0.001 0.000 0.000 2.802 0.283 1.072 1.846 0.000 2.181 2.405 0.000 5.348 0.000 2.962 0.989 0.000 0.000 0.000 
1 test1dax_inconsistent 0.000 0.627 0.000 0.000 0.270 1.048 0.000 0.851 1.369 0.571 1.432 0.000 0.075 0.666 0.000 0.000 0.106 0.067 0.000 1.346 0.286 0.602 0.252 0.000 0.000 0.509 0.329 0.056 1.111 0.981 0.680 0.314 0.000 1.757 0.000 1.087 1.196 0.000 0.000 0.000 
0 test1dax_consistent 0.000 1.732 0.000 0.000 0.000 1.357 0.000 0.068 1.483 0.000 0.017 0.640 0.728 0.000 0.000 0.000 0.235 0.308 0.000 0.051 0.000 2.325 0.000 0.000 3.233 0.000 0.000 5.676 0.198 0.000 0.000 1.273 0.000 2.826 3.152 0.000 1.221 0.527 0.000 0.000 
1 test1dax_inconsistent 0.000 1.732 0.000 0.000 0.000 1.357 0.000 0.068 1.483 0.000 0.017 0.640 0.728 0.000 0.000 0.000 0.235 0.308 0.000 0.051 0.000 0.349 0.000 0.000 1.474 0.000 0.000 1.772 0.852 0.000 0.000 1.588 0.000 1.145 0.000 0.000 1.069 0.977 0.000 0.000 
0 test1dax_consistent 1.201 0.051 0.229 0.205 0.997 0.804 0.023 1.198 0.385 0.275 0.000 0.350 0.181 0.494 0.129 0.799 0.245 0.958 0.000 0.000 0.226 0.000 0.000 1.045 1.560 1.573 0.000 2.736 4.387 0.169 2.128 2.297 2.332 0.013 0.000 0.000 0.239 1.053 0.706 0.000 
1 test1dax_inconsistent 1.201 0.051 0.229 0.205 0.997 0.804 0.023 1.198 0.385 0.275 0.000 0.350 0.181 0.494 0.129 0.799 0.245 0.958 0.000 0.000 0.000 0.217 0.000 0.307 0.277 1.215 0.000 0.889 0.767 0.615 0.197 1.261 0.410 0.839 0.000 0.010 0.000 0.949 0.000 0.000 
0 test1dax_consistent 0.136 0.687 0.105 0.000 0.932 0.000 0.934 0.700 0.262 0.702 0.045 0.236 1.155 0.674 0.647 0.358 1.315 0.580 0.563 0.103 0.000 1.982 1.837 0.684 0.797 2.041 0.628 0.682 0.000 0.222 0.000 5.254 0.425 1.948 0.000 2.045 0.989 0.283 0.279 2.001 
1 test1dax_inconsistent 0.136 0.687 0.105 0.000 0.932 0.000 0.934 0.700 0.262 0.702 0.045 0.236 1.155 0.674 0.647 0.358 1.315 0.580 0.563 0.103 0.000 0.955 0.869 0.000 0.741 0.576 0.641 0.145 0.000 0.240 0.000 1.163 0.346 0.000 0.000 0.509 0.604 0.023 0.000 0.088 
0 test1dax_consistent 1.406 0.079 0.000 0.000 0.749 0.000 0.000 0.007 0.000 0.000 0.000 0.000 0.000 0.000 1.204 0.324 0.251 1.130 1.116 0.000 0.915 1.414 0.000 1.465 0.000 0.000 1.957 0.007 0.000 0.000 0.000 0.000 0.000 0.000 2.855 1.027 0.000 3.667 2.648 3.194 
1 test1dax_inconsistent 1.406 0.079 0.000 0.000 0.749 0.000 0.000 0.007 0.000 0.000 0.000 0.000 0.000 0.000 1.204 0.324 0.251 1.130 1.116 0.000 0.000 0.463 0.000 1.419 0.000 0.893 0.600 0.000 0.000 0.000 0.000 0.000 0.000 0.000 0.612 0.040 0.000 1.646 0.604 0.645 
