0 test1dax_consistent left_hidden
0.299 0.003 0.000 0.778 0.328 0.202 0.259 0.284 0.582 0.719 0.126 0.912 0.121 0.768 0.960 0.782 0.566 0.748 1.001 0.000 
0 test1dax_consistent right_hidden
1.082 0.000 0.000 2.505 0.000 2.502 0.176 0.000 0.000 0.000 1.563 0.870 0.515 5.255 0.000 0.000 0.000 1.565 0.000 0.454 
---
1 test1dax_inconsistent left_hidden
0.299 0.003 0.000 0.778 0.328 0.202 0.259 0.284 0.582 0.719 0.126 0.912 0.121 0.768 0.960 0.782 0.566 0.748 1.001 0.000 
1 test1dax_inconsistent right_hidden
0.743 0.000 0.000 1.243 0.000 1.228 0.000 0.000 0.000 0.346 0.198 0.000 0.537 0.450 0.020 0.054 0.000 0.408 0.006 0.063 
---
0 test1dax_consistent left_hidden
0.901 1.264 0.000 1.201 0.000 1.237 0.000 0.804 0.322 0.000 0.124 0.000 0.098 0.025 0.560 1.956 0.000 0.000 0.000 0.000 
0 test1dax_consistent right_hidden
0.704 0.278 0.373 0.000 4.536 0.214 1.442 0.000 0.000 2.333 0.373 2.563 1.501 1.429 0.000 0.722 2.715 0.000 0.000 0.174 
---
1 test1dax_inconsistent left_hidden
0.901 1.264 0.000 1.201 0.000 1.237 0.000 0.804 0.322 0.000 0.124 0.000 0.098 0.025 0.560 1.956 0.000 0.000 0.000 0.000 
1 test1dax_inconsistent right_hidden
1.058 0.000 0.209 0.000 0.841 0.539 0.706 0.000 0.000 0.599 0.402 0.358 0.441 0.000 0.000 0.000 0.281 0.000 0.171 0.000 
---
0 test1dax_consistent left_hidden
2.048 0.000 0.014 0.000 0.041 0.872 0.000 0.100 0.156 0.931 0.000 0.116 0.720 1.589 0.000 0.342 0.000 0.167 0.000 0.000 
0 test1dax_consistent right_hidden
3.920 0.000 0.039 0.000 0.000 0.000 1.142 1.706 0.983 0.000 0.000 0.000 0.000 5.853 0.000 0.000 0.000 0.000 0.000 0.000 
---
1 test1dax_inconsistent left_hidden
2.048 0.000 0.014 0.000 0.041 0.872 0.000 0.100 0.156 0.931 0.000 0.116 0.720 1.589 0.000 0.342 0.000 0.167 0.000 0.000 
1 test1dax_inconsistent right_hidden
2.894 0.000 0.000 0.000 0.000 0.000 0.837 0.933 1.572 0.149 0.000 0.000 0.000 0.541 0.000 0.011 0.000 0.000 0.000 0.000 
---
0 test1dax_consistent left_hidden
0.395 1.005 0.872 0.000 0.000 0.000 0.151 0.000 0.000 0.232 1.022 0.000 0.000 0.000 0.131 0.655 1.688 0.000 0.715 1.577 
0 test1dax_consistent right_hidden
5.627 0.847 0.000 0.000 0.000 0.000 0.000 0.000 0.000 2.915 3.418 0.000 0.493 0.373 0.000 2.763 0.000 0.000 0.000 0.000 
---
1 test1dax_inconsistent left_hidden
0.395 1.005 0.872 0.000 0.000 0.000 0.151 0.000 0.000 0.232 1.022 0.000 0.000 0.000 0.131 0.655 1.688 0.000 0.715 1.577 
1 test1dax_inconsistent right_hidden
2.539 0.497 0.203 0.000 0.000 0.000 0.270 0.310 0.000 0.537 0.851 0.000 0.000 0.947 0.000 0.042 0.000 0.000 0.220 0.000 
---
0 test1dax_consistent left_hidden
1.285 0.000 0.000 0.837 2.389 0.145 0.000 1.062 0.000 1.429 0.260 0.229 0.000 0.291 0.000 0.019 0.000 0.163 0.000 0.477 
0 test1dax_consistent right_hidden
0.000 0.000 0.000 2.572 3.803 0.000 0.000 3.699 0.000 0.000 1.093 5.406 0.000 0.000 0.000 2.540 0.000 0.000 0.000 0.000 
---
1 test1dax_inconsistent left_hidden
1.285 0.000 0.000 0.837 2.389 0.145 0.000 1.062 0.000 1.429 0.260 0.229 0.000 0.291 0.000 0.019 0.000 0.163 0.000 0.477 
1 test1dax_inconsistent right_hidden
0.547 0.000 0.000 1.749 0.070 0.060 0.000 3.139 0.083 0.000 1.723 2.074 0.000 0.000 0.000 0.924 0.186 0.000 0.000 0.000 
---
0 test1dax_consistent left_hidden
0.381 0.000 0.690 0.000 0.559 0.372 1.618 0.000 0.000 0.752 0.508 0.000 0.000 0.572 0.319 0.070 1.099 1.229 0.026 1.295 
0 test1dax_consistent right_hidden
0.523 2.241 1.870 0.736 0.482 4.120 2.186 0.000 0.000 1.643 0.000 0.000 0.113 0.000 4.823 0.336 0.000 0.566 0.000 0.038 
---
1 test1dax_inconsistent left_hidden
0.381 0.000 0.690 0.000 0.559 0.372 1.618 0.000 0.000 0.752 0.508 0.000 0.000 0.572 0.319 0.070 1.099 1.229 0.026 1.295 
1 test1dax_inconsistent right_hidden
0.500 0.156 0.205 1.018 0.187 1.049 0.584 0.000 0.000 0.189 0.161 0.000 1.407 0.000 1.705 0.134 0.000 0.000 0.000 0.000 
---
0 test1dax_consistent left_hidden
0.118 1.303 0.867 1.020 0.000 1.409 0.311 1.243 0.990 0.667 0.000 0.000 0.000 0.000 0.000 0.130 0.000 0.000 0.087 0.898 
0 test1dax_consistent right_hidden
0.122 1.316 3.425 0.000 0.000 0.000 5.269 1.264 0.000 0.000 0.000 0.000 0.000 0.468 0.000 0.000 0.000 3.271 0.000 2.044 
---
1 test1dax_inconsistent left_hidden
0.118 1.303 0.867 1.020 0.000 1.409 0.311 1.243 0.990 0.667 0.000 0.000 0.000 0.000 0.000 0.130 0.000 0.000 0.087 0.898 
1 test1dax_inconsistent right_hidden
0.000 0.126 1.309 0.040 0.352 0.000 0.901 0.000 0.000 0.357 0.000 0.021 0.000 0.801 0.000 0.212 0.000 0.625 0.000 0.860 
---
0 test1dax_consistent left_hidden
0.000 0.000 1.111 0.000 0.000 0.205 0.843 0.638 1.233 0.566 0.193 0.000 0.408 0.148 1.434 1.282 0.000 0.000 0.505 0.000 
0 test1dax_consistent right_hidden
0.513 0.000 0.109 0.000 0.000 0.119 0.360 2.495 0.093 0.000 5.039 0.000 0.000 0.000 2.765 0.000 0.000 0.000 0.597 0.000 
---
1 test1dax_inconsistent left_hidden
0.000 0.000 1.111 0.000 0.000 0.205 0.843 0.638 1.233 0.566 0.193 0.000 0.408 0.148 1.434 1.282 0.000 0.000 0.505 0.000 
1 test1dax_inconsistent right_hidden
0.846 0.000 0.568 0.000 0.000 0.358 0.415 0.000 0.000 0.113 1.156 0.000 0.000 0.000 0.554 0.010 0.000 0.000 0.000 0.000 
---
0 test1dax_consistent left_hidden
0.000 0.840 0.000 0.000 0.000 0.000 0.000 0.000 0.000 0.000 0.030 0.864 0.147 0.528 0.930 0.223 1.394 1.543 0.000 1.055 
0 test1dax_consistent right_hidden
0.000 0.000 0.000 3.832 2.873 3.038 0.000 0.000 0.000 0.000 0.000 0.000 1.554 0.713 3.472 0.000 0.000 0.000 0.000 0.000 
---
1 test1dax_inconsistent left_hidden
0.000 0.840 0.000 0.000 0.000 0.000 0.000 0.000 0.000 0.000 0.030 0.864 0.147 0.528 0.930 0.223 1.394 1.543 0.000 1.055 
1 test1dax_inconsistent right_hidden
0.000 0.000 0.000 1.356 0.928 1.588 0.000 0.196 0.000 0.311 0.000 0.466 1.239 0.293 0.000 0.000 0.000 0.000 0.000 0.000 
---
0 test1dax_consistent left_hidden
0.000 1.739 0.000 0.867 0.787 0.000 0.095 0.000 0.139 0.431 0.000 1.576 1.034 0.000 0.000 0.830 0.000 0.337 0.000 1.190 
0 test1dax_consistent right_hidden
0.000 3.589 0.000 0.000 0.000 0.000 3.201 0.000 0.000 4.867 0.000 0.667 0.000 2.833 0.000 0.328 0.000 0.000 0.881 1.709 
---
1 test1dax_inconsistent left_hidden
0.000 1.739 0.000 0.867 0.787 0.000 0.095 0.000 0.139 0.431 0.000 1.576 1.034 0.000 0.000 0.830 0.000 0.337 0.000 1.190 
1 test1dax_inconsistent right_hidden
0.000 0.879 0.000 0.104 0.030 0.103 0.027 0.000 0.000 1.353 0.000 1.135 0.176 1.273 0.000 0.288 0.153 0.077 0.000 1.078 
---
0 test1dax_consistent left_hidden
2.548 1.665 0.000 0.007 0.044 0.108 0.000 0.568 0.000 0.000 0.073 0.000 0.091 0.156 0.000 0.000 0.000 0.000 0.914 0.000 
0 test1dax_consistent right_hidden
0.000 1.999 0.000 0.000 0.914 0.255 0.000 0.000 1.352 0.000 3.889 0.000 0.000 0.000 0.437 0.000 5.168 1.264 0.000 0.083 
---
1 test1dax_inconsistent left_hidden
2.548 1.665 0.000 0.007 0.044 0.108 0.000 0.568 0.000 0.000 0.073 0.000 0.091 0.156 0.000 0.000 0.000 0.000 0.914 0.000 
1 test1dax_inconsistent right_hidden
0.000 0.224 0.190 0.201 0.544 0.393 0.000 0.000 0.000 0.000 0.485 0.000 0.000 0.000 0.000 0.000 1.811 0.677 0.000 0.269 
---
0 test1dax_consistent left_hidden
0.000 1.084 0.731 0.000 0.777 0.256 0.698 0.111 1.032 0.000 1.080 0.000 0.256 0.278 1.249 0.000 0.000 0.139 1.139 0.777 
0 test1dax_consistent right_hidden
1.275 0.551 0.262 0.383 1.623 0.648 0.000 0.000 4.263 0.000 0.097 0.000 0.000 2.499 0.000 0.000 0.000 0.000 2.887 0.920 
---
1 test1dax_inconsistent left_hidden
0.000 1.084 0.731 0.000 0.777 0.256 0.698 0.111 1.032 0.000 1.080 0.000 0.256 0.278 1.249 0.000 0.000 0.139 1.139 0.777 
1 test1dax_inconsistent right_hidden
0.498 0.000 0.000 0.015 0.123 0.962 0.000 0.000 0.351 0.053 0.000 0.000 0.573 1.173 0.000 0.000 0.000 0.276 0.529 0.009 
---
0 test1dax_consistent left_hidden
0.645 0.000 1.754 0.406 0.862 0.219 0.000 0.578 0.299 1.164 0.295 0.357 0.006 0.000 0.000 0.004 0.461 0.000 0.000 0.000 
0 test1dax_consistent right_hidden
0.000 0.064 0.000 0.122 0.117 0.000 0.000 5.425 0.000 0.566 0.000 3.432 1.317 0.000 0.000 0.000 0.000 0.000 1.715 0.000 
---
1 test1dax_inconsistent left_hidden
0.645 0.000 1.754 0.406 0.862 0.219 0.000 0.578 0.299 1.164 0.295 0.357 0.006 0.000 0.000 0.004 0.461 0.000 0.000 0.000 
1 test1dax_inconsistent right_hidden
0.000 0.050 0.000 0.000 0.642 0.000 0.000 0.728 0.000 0.000 0.157 1.188 0.243 0.000 0.000 0.000 0.682 0.114 2.174 0.000 
---
0 test1dax_consistent left_hidden
0.000 0.068 0.062 0.035 1.125 0.595 0.235 0.000 0.000 0.000 0.000 0.000 0.041 1.219 0.639 1.417 1.661 0.000 0.000 1.082 
0 test1dax_consistent right_hidden
0.000 0.000 0.000 0.000 0.000 1.406 0.190 0.000 4.878 0.000 0.000 3.630 1.547 0.000 0.000 0.968 0.000 0.000 0.000 1.258 
---
1 test1dax_inconsistent left_hidden
0.000 0.068 0.062 0.035 1.125 0.595 0.235 0.000 0.000 0.000 0.000 0.000 0.041 1.219 0.639 1.417 1.661 0.000 0.000 1.082 
1 test1dax_inconsistent right_hidden
0.080 0.259 0.001 0.000 0.000 0.885 0.000 0.094 0.675 0.000 0.000 1.144 1.106 0.000 0.000 0.000 0.000 0.000 0.000 1.559 
---
0 test1dax_consistent left_hidden
0.163 0.402 0.695 0.000 1.057 0.179 1.117 0.088 1.439 0.000 0.000 0.400 0.547 0.000 0.000 0.000 1.282 0.000 0.240 0.979 
0 test1dax_consistent right_hidden
0.473 0.000 4.907 0.000 0.000 0.000 0.000 0.000 2.152 3.145 0.000 0.000 2.194 0.000 0.000 1.147 2.629 0.000 0.000 1.879 
---
1 test1dax_inconsistent left_hidden
0.163 0.402 0.695 0.000 1.057 0.179 1.117 0.088 1.439 0.000 0.000 0.400 0.547 0.000 0.000 0.000 1.282 0.000 0.240 0.979 
1 test1dax_inconsistent right_hidden
0.278 0.000 0.780 0.085 0.000 0.337 0.127 0.000 0.147 2.009 0.000 0.110 0.002 0.000 0.677 0.395 1.735 0.000 0.000 0.236 
---
0 test1dax_consistent left_hidden
0.000 0.000 0.592 0.000 0.308 0.407 0.000 1.079 0.156 0.000 0.642 0.272 0.000 1.060 0.996 2.078 0.000 0.000 0.000 0.000 
0 test1dax_consistent right_hidden
0.000 0.255 0.000 1.964 0.796 0.848 0.000 4.601 0.106 0.000 0.848 0.000 2.072 1.274 0.000 2.706 0.000 0.000 0.000 2.948 
---
1 test1dax_inconsistent left_hidden
0.000 0.000 0.592 0.000 0.308 0.407 0.000 1.079 0.156 0.000 0.642 0.272 0.000 1.060 0.996 2.078 0.000 0.000 0.000 0.000 
1 test1dax_inconsistent right_hidden
0.174 0.104 1.368 0.677 0.544 1.115 0.000 0.504 0.346 0.000 0.594 0.054 1.008 0.000 0.000 0.228 0.000 0.000 0.000 1.284 
---
0 test1dax_consistent left_hidden
0.107 0.086 1.127 0.441 0.000 0.000 0.000 0.000 0.054 0.093 0.323 0.698 0.625 2.298 0.352 0.000 0.000 0.474 1.285 0.294 
0 test1dax_consistent right_hidden
1.341 0.000 0.225 0.558 0.000 0.000 2.301 0.000 0.000 2.885 0.000 0.000 4.014 4.231 0.000 2.659 0.000 0.000 0.000 0.000 
---
1 test1dax_inconsistent left_hidden
0.107 0.086 1.127 0.441 0.000 0.000 0.000 0.000 0.054 0.093 0.323 0.698 0.625 2.298 0.352 0.000 0.000 0.474 1.285 0.294 
1 test1dax_inconsistent right_hidden
0.000 0.158 0.666 0.296 0.000 0.000 1.324 0.000 0.088 0.517 0.387 0.000 1.322 1.227 0.013 0.647 0.000 0.181 0.056 0.000 
---
0 test1dax_consistent left_hidden
0.000 0.729 0.000 0.000 0.000 0.000 0.584 0.209 0.000 0.485 1.328 1.169 1.092 0.000 0.000 0.000 1.525 0.559 0.000 0.000 
0 test1dax_consistent right_hidden
0.000 4.681 0.000 0.000 0.000 1.741 0.641 0.000 5.630 0.000 0.000 0.000 0.478 0.437 0.000 0.000 0.000 0.000 0.000 0.000 
---
1 test1dax_inconsistent left_hidden
0.000 0.729 0.000 0.000 0.000 0.000 0.584 0.209 0.000 0.485 1.328 1.169 1.092 0.000 0.000 0.000 1.525 0.559 0.000 0.000 
1 test1dax_inconsistent right_hidden
0.000 2.203 0.000 0.000 0.557 0.000 0.000 0.000 1.523 0.000 0.000 0.000 0.333 0.313 0.007 0.000 0.000 0.739 0.000 0.000 
---
0 test1dax_consistent left_hidden
0.000 0.260 0.000 0.000 0.322 0.000 0.000 0.000 0.916 0.233 0.000 0.659 0.000 0.000 0.000 0.689 1.039 0.807 0.029 2.210 
0 test1dax_consistent right_hidden
0.000 3.895 0.000 3.005 0.320 0.000 4.842 1.027 0.399 1.925 0.000 0.000 0.000 0.000 0.000 0.000 0.000 0.000 0.054 0.000 
---
1 test1dax_inconsistent left_hidden
0.000 0.260 0.000 0.000 0.322 0.000 0.000 0.000 0.916 0.233 0.000 0.659 0.000 0.000 0.000 0.689 1.039 0.807 0.029 2.210 
1 test1dax_inconsistent right_hidden
0.311 1.014 0.000 1.279 0.390 0.000 0.507 1.025 0.931 1.434 0.000 0.000 0.000 0.000 0.000 0.000 0.000 0.000 0.000 0.000 
---
0 test1dax_consistent left_hidden
0.985 0.323 0.555 0.000 1.548 0.033 0.544 0.010 0.000 0.000 0.000 0.000 0.458 0.282 0.275 1.546 0.000 0.266 0.598 1.054 
0 test1dax_consistent right_hidden
0.000 2.229 1.643 0.000 0.000 0.000 1.679 0.000 0.973 2.676 0.000 0.000 1.736 3.701 0.000 1.123 0.000 0.000 0.000 1.256 
---
1 test1dax_inconsistent left_hidden
0.985 0.323 0.555 0.000 1.548 0.033 0.544 0.010 0.000 0.000 0.000 0.000 0.458 0.282 0.275 1.546 0.000 0.266 0.598 1.054 
1 test1dax_inconsistent right_hidden
0.117 0.000 0.000 0.000 0.000 0.035 0.681 0.000 0.000 0.360 0.000 0.337 1.073 1.022 0.000 0.000 0.192 0.509 0.064 0.354 
---
0 test1dax_consistent left_hidden
0.000 0.827 0.131 0.795 0.000 0.000 0.274 0.034 0.000 1.543 0.958 0.624 1.129 0.489 0.307 0.247 0.015 0.000 0.000 0.642 
0 test1dax_consistent right_hidden
0.000 0.000 1.426 1.632 0.000 0.000 0.000 0.000 0.000 3.579 0.499 5.379 0.000 2.430 0.000 0.000 0.083 0.000 0.000 0.000 
---
1 test1dax_inconsistent left_hidden
0.000 0.827 0.131 0.795 0.000 0.000 0.274 0.034 0.000 1.543 0.958 0.624 1.129 0.489 0.307 0.247 0.015 0.000 0.000 0.642 
1 test1dax_inconsistent right_hidden
0.000 0.000 1.384 1.130 0.027 0.072 0.027 0.197 0.000 0.146 0.000 1.409 0.000 1.377 0.000 0.000 0.428 0.000 0.000 0.328 
---
0 test1dax_consistent left_hidden
0.000 0.851 0.000 0.000 0.000 1.081 0.000 0.000 1.453 0.000 1.210 1.642 0.356 0.488 0.000 0.084 0.358 0.000 0.000 0.000 
0 test1dax_consistent right_hidden
0.460 1.980 1.740 0.000 0.059 0.000 0.105 0.000 0.000 0.000 0.000 2.005 0.000 0.075 0.000 0.000 6.622 0.000 0.449 0.000 
---
1 test1dax_inconsistent left_hidden
0.000 0.851 0.000 0.000 0.000 1.081 0.000 0.000 1.453 0.000 1.210 1.642 0.356 0.488 0.000 0.084 0.358 0.000 0.000 0.000 
1 test1dax_inconsistent right_hidden
0.688 0.014 0.000 0.214 0.388 0.000 0.668 0.000 0.123 0.000 0.828 0.507 0.000 0.218 0.000 0.000 1.659 0.000 0.407 0.000 
---
0 test1dax_consistent left_hidden
0.000 0.000 0.000 0.000 1.412 0.060 1.373 0.000 0.169 1.919 0.000 0.000 0.000 0.351 0.108 0.598 0.000 0.146 0.268 0.379 
0 test1dax_consistent right_hidden
2.001 0.000 0.000 0.182 0.000 0.000 0.000 0.000 2.306 2.317 4.008 0.633 0.000 0.443 0.000 3.902 2.744 0.000 0.639 0.157 
---
1 test1dax_inconsistent left_hidden
0.000 0.000 0.000 0.000 1.412 0.060 1.373 0.000 0.169 1.919 0.000 0.000 0.000 0.351 0.108 0.598 0.000 0.146 0.268 0.379 
1 test1dax_inconsistent right_hidden
0.571 0.000 0.000 0.000 0.000 0.139 0.000 0.000 0.599 0.165 0.866 0.253 0.000 0.756 0.000 2.162 0.105 0.176 0.801 0.000 
---
0 test1dax_consistent left_hidden
0.098 0.000 0.000 1.101 0.000 1.771 0.389 0.941 0.645 0.000 0.242 0.000 0.000 0.000 0.000 0.811 0.000 0.000 0.000 1.370 
0 test1dax_consistent right_hidden
0.000 0.000 0.000 0.000 0.000 2.773 1.104 1.447 0.405 2.913 3.482 0.189 0.000 0.764 0.590 0.000 0.000 0.000 2.700 1.953 
---
1 test1dax_inconsistent left_hidden
0.098 0.000 0.000 1.101 0.000 1.771 0.389 0.941 0.645 0.000 0.242 0.000 0.000 0.000 0.000 0.811 0.000 0.000 0.000 1.370 
1 test1dax_inconsistent right_hidden
0.000 0.000 0.156 0.000 0.000 0.490 0.551 0.000 1.361 1.001 0.318 0.000 0.000 0.000 0.311 0.000 0.000 0.477 1.089 0.241 
---
0 test1dax_consistent left_hidden
2.106 0.000 0.000 0.000 0.239 0.857 0.000 0.013 0.098 0.000 2.240 0.000 0.000 0.026 0.000 0.000 0.000 0.002 0.000 0.000 
0 test1dax_consistent right_hidden
0.000 3.609 0.000 0.000 0.000 7.294 0.000 0.000 0.453 0.000 0.000 0.000 0.000 0.028 0.000 1.080 0.000 0.000 0.000 0.000 
---
1 test1dax_inconsistent left_hidden
2.106 0.000 0.000 0.000 0.239 0.857 0.000 0.013 0.098 0.000 2.240 0.000 0.000 0.026 0.000 0.000 0.000 0.002 0.000 0.000 
1 test1dax_inconsistent right_hidden
0.000 1.673 0.000 0.289 0.247 1.727 0.000 0.000 0.847 0.000 0.138 0.000 0.101 0.064 0.000 1.318 0.000 0.000 0.000 0.000 
---
0 test1dax_consistent left_hidden
0.000 0.305 0.373 0.000 0.000 0.000 0.487 0.952 0.000 0.000 0.000 2.084 0.798 0.000 0.000 0.000 0.000 1.500 0.000 0.000 
0 test1dax_consistent right_hidden
0.000 0.000 2.822 1.384 0.735 0.398 0.000 2.843 3.065 0.000 0.000 0.000 0.000 0.345 1.590 0.000 0.000 1.816 0.000 5.071 
---
1 test1dax_inconsistent left_hidden
0.000 0.305 0.373 0.000 0.000 0.000 0.487 0.952 0.000 0.000 0.000 2.084 0.798 0.000 0.000 0.000 0.000 1.500 0.000 0.000 
1 test1dax_inconsistent right_hidden
0.000 0.000 1.123 0.631 0.221 0.187 0.000 1.908 0.805 0.000 0.000 0.215 0.000 0.000 0.107 0.000 0.000 0.103 0.000 1.090 
---
0 test1dax_consistent left_hidden
0.000 0.637 0.584 0.000 0.000 0.000 0.924 1.650 0.303 0.915 0.000 0.502 0.000 0.776 1.437 0.157 0.775 0.326 0.000 0.000 
0 test1dax_consistent right_hidden
0.000 5.484 2.557 0.000 0.000 0.000 1.785 3.098 1.703 0.000 0.000 0.068 0.000 0.000 0.000 0.000 0.000 0.000 0.000 0.000 
---
1 test1dax_inconsistent left_hidden
0.000 0.637 0.584 0.000 0.000 0.000 0.924 1.650 0.303 0.915 0.000 0.502 0.000 0.776 1.437 0.157 0.775 0.326 0.000 0.000 
1 test1dax_inconsistent right_hidden
0.000 1.169 0.000 0.000 0.000 0.000 0.715 2.197 1.082 0.000 0.083 0.000 0.000 0.000 0.000 0.000 0.000 0.310 0.066 0.283 
---
0 test1dax_consistent left_hidden
0.007 0.000 0.000 0.884 0.000 0.428 0.045 0.095 0.381 1.108 0.244 0.000 1.007 0.000 0.140 0.000 0.352 0.657 0.034 2.308 
0 test1dax_consistent right_hidden
0.000 1.581 0.000 2.259 3.955 0.897 0.852 0.000 0.116 1.634 0.000 2.060 1.010 0.008 3.490 0.000 0.000 1.411 0.929 0.000 
---
1 test1dax_inconsistent left_hidden
0.007 0.000 0.000 0.884 0.000 0.428 0.045 0.095 0.381 1.108 0.244 0.000 1.007 0.000 0.140 0.000 0.352 0.657 0.034 2.308 
1 test1dax_inconsistent right_hidden
0.106 0.062 0.000 0.478 0.562 0.120 0.386 0.000 0.625 0.621 0.319 0.834 0.368 0.302 0.800 0.000 0.001 0.008 0.000 0.175 
---
0 test1dax_consistent left_hidden
0.000 0.000 0.996 0.248 0.000 1.321 0.000 0.689 0.164 0.000 0.385 1.591 0.000 0.000 0.407 0.834 1.275 0.000 0.441 0.445 
0 test1dax_consistent right_hidden
0.000 0.000 0.000 0.000 2.480 3.248 0.000 0.000 1.197 0.667 1.024 0.000 0.515 3.844 2.201 1.627 0.000 1.285 0.000 2.405 
---
1 test1dax_inconsistent left_hidden
0.000 0.000 0.996 0.248 0.000 1.321 0.000 0.689 0.164 0.000 0.385 1.591 0.000 0.000 0.407 0.834 1.275 0.000 0.441 0.445 
1 test1dax_inconsistent right_hidden
0.000 0.000 0.144 0.000 1.019 0.554 0.000 0.163 0.417 0.677 0.844 0.000 0.754 0.604 0.067 1.030 0.410 0.270 0.052 0.000 
---
0 test1dax_consistent left_hidden
0.084 0.670 0.000 0.374 0.000 0.075 0.136 0.671 0.523 0.000 1.237 0.000 0.344 2.214 0.003 0.000 1.175 0.641 0.529 0.000 
0 test1dax_consistent right_hidden
0.000 0.000 0.887 0.196 0.000 0.000 1.943 2.965 1.961 0.000 2.279 3.780 2.933 0.000 0.924 0.000 0.000 2.576 0.000 0.099 
---
1 test1dax_inconsistent left_hidden
0.084 0.670 0.000 0.374 0.000 0.075 0.136 0.671 0.523 0.000 1.237 0.000 0.344 2.214 0.003 0.000 1.175 0.641 0.529 0.000 
1 test1dax_inconsistent right_hidden
0.000 0.000 0.169 0.792 0.000 0.000 0.393 0.398 0.171 0.000 1.333 0.749 0.561 0.226 0.809 0.000 0.302 0.363 0.375 0.365 
---
0 test1dax_consistent left_hidden
0.000 1.027 0.000 0.854 1.471 0.454 0.000 0.000 0.584 0.523 0.479 0.467 0.000 1.146 0.265 0.398 0.683 0.000 0.356 0.776 
0 test1dax_consistent right_hidden
0.000 1.393 0.000 0.000 0.000 2.107 0.000 0.000 0.054 0.000 0.000 0.000 1.379 4.543 0.135 0.000 3.580 0.000 0.000 1.097 
---
1 test1dax_inconsistent left_hidden
0.000 1.027 0.000 0.854 1.471 0.454 0.000 0.000 0.584 0.523 0.479 0.467 0.000 1.146 0.265 0.398 0.683 0.000 0.356 0.776 
1 test1dax_inconsistent right_hidden
0.000 0.600 0.000 0.184 0.255 0.447 0.036 0.000 0.000 0.000 0.260 0.000 1.398 0.171 0.000 0.000 1.257 0.010 0.219 0.000 
---
0 test1dax_consistent left_hidden
1.370 0.085 0.000 0.027 0.000 0.000 0.671 0.874 0.000 0.000 0.000 0.000 0.051 0.063 1.294 2.149 0.000 0.000 0.000 0.178 
0 test1dax_consistent right_hidden
1.072 1.508 0.018 0.000 0.000 0.000 0.000 0.000 0.090 0.000 0.000 4.546 0.000 0.465 0.000 0.000 0.000 2.349 0.824 6.033 
---
1 test1dax_inconsistent left_hidden
1.370 0.085 0.000 0.027 0.000 0.000 0.671 0.874 0.000 0.000 0.000 0.000 0.051 0.063 1.294 2.149 0.000 0.000 0.000 0.178 
1 test1dax_inconsistent right_hidden
0.509 0.563 0.194 0.000 0.000 0.000 0.000 0.401 0.091 0.000 0.000 0.871 0.000 0.387 0.080 0.000 0.000 0.953 0.151 1.533 
---
0 test1dax_consistent left_hidden
0.000 1.169 0.171 0.000 0.023 0.000 0.904 1.729 0.404 0.000 0.000 0.188 0.000 1.138 0.000 0.000 0.206 0.000 0.728 0.496 
0 test1dax_consistent right_hidden
0.011 0.000 2.965 1.117 2.369 0.000 0.000 3.054 0.692 0.016 2.580 0.515 3.910 0.000 0.000 0.000 1.696 0.000 1.651 0.664 
---
1 test1dax_inconsistent left_hidden
0.000 1.169 0.171 0.000 0.023 0.000 0.904 1.729 0.404 0.000 0.000 0.188 0.000 1.138 0.000 0.000 0.206 0.000 0.728 0.496 
1 test1dax_inconsistent right_hidden
0.000 0.406 0.832 0.475 0.681 0.000 0.000 0.269 0.000 0.035 0.218 0.688 0.847 0.435 0.091 0.000 0.323 0.000 0.317 0.514 
---
0 test1dax_consistent left_hidden
0.000 0.000 1.682 0.000 0.000 0.149 0.000 0.000 0.000 0.000 0.000 0.000 0.922 0.000 0.000 0.000 1.246 1.921 0.000 0.000 
0 test1dax_consistent right_hidden
0.000 0.000 2.244 3.088 4.217 0.000 0.000 0.000 0.000 0.000 0.000 0.000 2.587 0.000 0.398 0.000 1.636 2.523 3.150 0.000 
---
1 test1dax_inconsistent left_hidden
0.000 0.000 1.682 0.000 0.000 0.149 0.000 0.000 0.000 0.000 0.000 0.000 0.922 0.000 0.000 0.000 1.246 1.921 0.000 0.000 
1 test1dax_inconsistent right_hidden
0.000 0.000 0.000 2.900 0.734 0.000 0.000 0.000 0.000 0.735 0.000 0.000 0.948 0.000 0.000 0.000 0.371 0.160 0.631 0.000 
---
0 test1dax_consistent left_hidden
0.811 1.137 0.275 1.007 0.640 0.430 1.351 0.412 0.000 0.000 0.419 0.789 0.000 0.000 0.000 0.493 0.295 0.000 0.401 0.257 
0 test1dax_consistent right_hidden
0.000 2.321 1.531 1.026 0.000 3.818 0.000 0.000 0.000 0.784 1.870 0.000 1.562 0.000 1.217 2.039 0.900 2.404 2.245 0.000 
---
1 test1dax_inconsistent left_hidden
0.811 1.137 0.275 1.007 0.640 0.430 1.351 0.412 0.000 0.000 0.419 0.789 0.000 0.000 0.000 0.493 0.295 0.000 0.401 0.257 
1 test1dax_inconsistent right_hidden
0.000 0.317 0.566 1.334 0.000 0.408 0.000 0.000 0.000 0.373 0.259 0.000 0.238 0.000 0.280 0.000 0.680 0.337 0.335 0.165 
---
0 test1dax_consistent left_hidden
0.000 1.315 0.000 0.000 0.000 0.000 0.577 0.000 2.055 0.890 0.000 0.077 1.039 0.121 0.000 0.000 0.000 0.017 0.000 0.000 
0 test1dax_consistent right_hidden
2.509 0.000 0.000 3.586 0.000 0.000 0.000 0.000 0.000 0.000 0.000 6.123 2.408 0.000 0.000 0.000 0.000 0.000 0.000 0.000 
---
1 test1dax_inconsistent left_hidden
0.000 1.315 0.000 0.000 0.000 0.000 0.577 0.000 2.055 0.890 0.000 0.077 1.039 0.121 0.000 0.000 0.000 0.017 0.000 0.000 
1 test1dax_inconsistent right_hidden
1.942 0.000 0.000 0.651 0.000 0.000 0.535 0.000 0.000 0.785 0.000 1.790 0.000 0.000 0.000 0.000 0.000 0.000 0.000 0.070 
---
0 test1dax_consistent left_hidden
0.571 0.277 0.588 0.597 0.000 1.449 0.000 0.009 0.000 1.030 0.588 1.032 0.526 0.253 0.075 0.000 1.044 0.000 0.329 0.720 
0 test1dax_consistent right_hidden
0.000 0.000 0.284 0.193 4.688 0.087 0.000 1.414 0.000 2.215 2.023 0.000 0.374 3.041 1.349 0.000 0.251 1.093 0.000 1.817 
---
1 test1dax_inconsistent left_hidden
0.571 0.277 0.588 0.597 0.000 1.449 0.000 0.009 0.000 1.030 0.588 1.032 0.526 0.253 0.075 0.000 1.044 0.000 0.329 0.720 
1 test1dax_inconsistent right_hidden
0.000 0.000 0.240 0.104 0.965 0.000 0.000 1.130 0.000 0.000 0.084 0.531 0.442 0.790 0.160 0.000 0.424 0.000 0.000 0.815 
---
0 test1dax_consistent left_hidden
0.529 1.789 0.845 0.000 0.000 0.049 0.000 0.989 0.313 0.000 0.000 0.045 0.000 0.000 1.367 1.333 0.000 0.000 0.000 0.567 
0 test1dax_consistent right_hidden
1.853 2.361 0.000 1.523 0.000 3.508 4.309 0.000 0.000 1.503 0.000 1.765 0.561 0.000 0.435 2.124 3.051 0.000 0.000 2.093 
---
1 test1dax_inconsistent left_hidden
0.529 1.789 0.845 0.000 0.000 0.049 0.000 0.989 0.313 0.000 0.000 0.045 0.000 0.000 1.367 1.333 0.000 0.000 0.000 0.567 
1 test1dax_inconsistent right_hidden
1.731 1.435 0.000 0.658 0.000 1.174 0.796 0.000 0.092 0.166 0.000 0.341 0.377 0.000 0.000 0.325 0.719 0.311 0.000 0.516 
---
0 test1dax_consistent left_hidden
0.000 0.000 0.000 0.080 0.000 1.651 1.270 0.000 0.000 1.120 0.000 0.000 1.431 0.000 0.000 1.963 0.128 0.455 0.285 0.018 
0 test1dax_consistent right_hidden
0.000 0.000 2.117 0.458 0.000 0.819 2.046 0.000 0.000 0.550 0.000 0.284 0.000 1.471 3.295 3.023 0.000 3.083 0.111 0.000 
---
1 test1dax_inconsistent left_hidden
0.000 0.000 0.000 0.080 0.000 1.651 1.270 0.000 0.000 1.120 0.000 0.000 1.431 0.000 0.000 1.963 0.128 0.455 0.285 0.018 
1 test1dax_inconsistent right_hidden
0.248 0.000 0.030 0.000 0.228 0.592 0.537 0.000 0.000 0.000 0.000 0.593 0.258 0.299 0.967 0.172 0.220 0.027 0.000 0.000 
---
0 test1dax_consistent left_hidden
1.628 0.454 0.067 0.000 0.000 0.588 0.000 0.000 1.380 0.000 0.000 0.000 0.823 0.000 0.000 0.750 0.000 0.969 0.103 1.242 
0 test1dax_consistent right_hidden
0.000 0.201 1.216 0.000 0.000 5.198 0.757 0.000 0.000 0.000 0.000 0.000 1.711 0.000 0.040 2.653 2.019 2.448 1.753 0.000 
---
1 test1dax_inconsistent left_hidden
1.628 0.454 0.067 0.000 0.000 0.588 0.000 0.000 1.380 0.000 0.000 0.000 0.823 0.000 0.000 0.750 0.000 0.969 0.103 1.242 
1 test1dax_inconsistent right_hidden
0.000 0.316 1.222 0.000 0.000 1.376 0.155 0.000 0.063 0.137 0.000 0.207 0.561 0.002 0.000 0.000 1.061 0.297 1.254 0.649 
---
0 test1dax_consistent left_hidden
0.196 0.967 0.000 0.000 0.070 0.000 2.159 0.916 0.787 0.512 0.356 0.000 0.230 0.000 1.227 0.000 0.000 0.000 0.000 0.072 
0 test1dax_consistent right_hidden
2.642 0.000 0.000 0.000 2.541 2.319 0.763 0.121 3.732 3.470 0.000 0.000 0.000 0.000 0.000 0.000 0.000 1.818 0.000 0.000 
---
1 test1dax_inconsistent left_hidden
0.196 0.967 0.000 0.000 0.070 0.000 2.159 0.916 0.787 0.512 0.356 0.000 0.230 0.000 1.227 0.000 0.000 0.000 0.000 0.072 
1 test1dax_inconsistent right_hidden
1.204 0.931 0.000 0.000 0.141 0.166 0.000 0.676 0.621 1.159 0.049 0.000 0.000 0.000 0.144 0.000 0.000 0.155 0.000 0.000 
---
0 test1dax_consistent left_hidden
0.000 1.326 1.064 0.203 0.004 0.000 0.000 0.307 1.393 0.000 0.000 0.596 0.000 0.924 0.000 0.000 1.153 0.000 0.000 1.353 
0 test1dax_consistent right_hidden
0.000 0.000 0.000 6.282 0.000 0.000 0.000 0.000 0.000 0.567 1.840 0.631 0.269 0.000 0.000 0.000 0.000 0.080 0.000 1.411 
---
1 test1dax_inconsistent left_hidden
0.000 1.326 1.064 0.203 0.004 0.000 0.000 0.307 1.393 0.000 0.000 0.596 0.000 0.924 0.000 0.000 1.153 0.000 0.000 1.353 
1 test1dax_inconsistent right_hidden
0.000 0.000 0.000 1.024 0.175 0.000 0.000 0.000 0.000 0.628 2.208 0.626 0.000 0.000 0.000 0.000 0.000 0.000 0.000 0.624 
---
0 test1dax_consistent left_hidden
0.000 0.272 0.000 0.970 0.038 0.000 1.012 0.980 1.956 1.497 1.081 0.268 0.993 0.000 0.000 0.000 0.000 0.000 0.000 0.061 
0 test1dax_consistent right_hidden
0.638 0.000 0.000 0.000 0.000 0.000 0.000 0.000 0.000 1.860 5.475 1.070 0.136 0.000 0.000 0.000 5.474 0.000 0.000 0.000 
---
1 test1dax_inconsistent left_hidden
0.000 0.272 0.000 0.970 0.038 0.000 1.012 0.980 1.956 1.497 1.081 0.268 0.993 0.000 0.000 0.000 0.000 0.000 0.000 0.061 
1 test1dax_inconsistent right_hidden
0.740 0.000 0.000 0.000 0.251 0.000 0.000 0.000 0.000 1.412 1.090 0.145 1.277 0.230 0.000 0.000 2.251 0.000 0.000 0.000 
---
0 test1dax_consistent left_hidden
1.465 0.000 0.000 0.360 0.000 0.000 0.000 0.000 0.604 0.200 0.080 1.533 0.660 0.718 0.482 0.000 0.000 0.018 1.800 0.000 
0 test1dax_consistent right_hidden
0.000 0.167 1.691 1.068 0.000 0.000 0.000 0.000 5.563 5.304 0.000 0.000 0.000 0.000 0.000 0.000 0.000 0.000 0.000 0.000 
---
1 test1dax_inconsistent left_hidden
1.465 0.000 0.000 0.360 0.000 0.000 0.000 0.000 0.604 0.200 0.080 1.533 0.660 0.718 0.482 0.000 0.000 0.018 1.800 0.000 
1 test1dax_inconsistent right_hidden
0.000 0.000 1.237 1.780 0.000 0.000 0.000 0.000 1.331 1.549 0.000 0.002 0.000 0.000 0.000 0.000 0.000 0.009 0.000 0.000 
---
0 test1dax_consistent left_hidden
0.011 0.000 0.570 0.565 0.000 0.000 0.000 0.000 0.777 1.623 0.000 0.000 0.351 1.648 0.303 0.000 0.215 0.000 1.736 0.000 
0 test1dax_consistent right_hidden
0.000 0.000 0.000 0.031 0.000 0.000 0.000 0.000 0.000 0.000 0.000 0.000 0.000 2.443 3.765 2.831 0.000 2.816 3.831 0.482 
---
1 test1dax_inconsistent left_hidden
0.011 0.000 0.570 0.565 0.000 0.000 0.000 0.000 0.777 1.623 0.000 0.000 0.351 1.648 0.303 0.000 0.215 0.000 1.736 0.000 
1 test1dax_inconsistent right_hidden
0.183 0.166 0.000 0.380 0.173 0.000 0.038 0.000 0.153 0.236 0.196 0.174 0.254 0.067 0.755 0.239 0.000 1.006 1.940 0.000 
---
0 test1dax_consistent left_hidden
0.944 0.000 0.000 0.000 0.024 0.000 0.000 0.369 0.000 1.958 0.000 0.012 0.393 0.083 1.246 0.113 0.267 0.520 1.518 0.074 
0 test1dax_consistent right_hidden
0.000 0.000 3.024 0.000 0.000 0.000 0.000 0.000 0.000 0.000 0.000 0.000 2.056 0.000 3.084 2.103 2.114 4.652 0.004 0.584 
---
1 test1dax_inconsistent left_hidden
0.944 0.000 0.000 0.000 0.024 0.000 0.000 0.369 0.000 1.958 0.000 0.012 0.393 0.083 1.246 0.113 0.267 0.520 1.518 0.074 
1 test1dax_inconsistent right_hidden
0.165 0.000 0.523 0.000 0.000 0.000 0.000 0.034 0.000 0.000 0.000 0.000 1.282 0.000 0.000 1.026 0.982 1.182 0.000 0.797 
---
0 test1dax_consistent left_hidden
0.000 0.244 0.000 1.861 0.000 0.000 0.000 0.000 0.028 0.153 0.000 0.000 0.000 0.000 0.000 0.177 0.686 0.800 2.361 0.539 
0 test1dax_consistent right_hidden
0.000 0.000 0.000 3.030 0.000 0.000 0.000 0.534 1.400 3.375 4.186 0.000 0.000 0.000 0.000 0.000 0.000 0.000 1.989 1.396 
---
1 test1dax_inconsistent left_hidden
0.000 0.244 0.000 1.861 0.000 0.000 0.000 0.000 0.028 0.153 0.000 0.000 0.000 0.000 0.000 0.177 0.686 0.800 2.361 0.539 
1 test1dax_inconsistent right_hidden
0.000 0.000 0.000 0.127 0.000 0.000 0.075 0.000 0.809 0.120 1.356 0.000 0.148 0.000 0.000 0.316 0.000 0.000 0.205 0.381 
---
0 test1dax_consistent left_hidden
0.000 0.000 0.000 0.066 0.163 1.064 0.000 1.833 0.000 0.212 0.000 1.170 0.000 0.000 0.000 1.943 0.154 1.045 0.000 0.000 
0 test1dax_consistent right_hidden
2.615 3.306 0.000 0.000 1.718 3.089 0.000 0.000 0.000 0.000 0.000 0.000 0.000 0.000 3.885 0.021 3.195 0.802 1.171 2.436 
---
1 test1dax_inconsistent left_hidden
0.000 0.000 0.000 0.066 0.163 1.064 0.000 1.833 0.000 0.212 0.000 1.170 0.000 0.000 0.000 1.943 0.154 1.045 0.000 0.000 
1 test1dax_inconsistent right_hidden
1.208 0.457 0.058 0.000 1.010 0.632 0.000 0.147 0.360 0.000 0.000 0.025 0.000 0.000 1.097 0.227 1.396 0.408 0.000 0.755 
---
0 test1dax_consistent left_hidden
0.588 0.441 0.071 1.438 0.201 0.426 0.000 0.166 1.229 1.256 0.214 1.428 0.000 0.000 0.000 0.239 0.000 0.000 0.202 0.000 
0 test1dax_consistent right_hidden
0.000 0.313 0.000 0.000 0.950 2.151 7.336 0.000 1.939 0.000 1.719 0.000 0.000 0.000 0.000 0.000 0.000 0.000 0.000 0.000 
---
1 test1dax_inconsistent left_hidden
0.588 0.441 0.071 1.438 0.201 0.426 0.000 0.166 1.229 1.256 0.214 1.428 0.000 0.000 0.000 0.239 0.000 0.000 0.202 0.000 
1 test1dax_inconsistent right_hidden
0.073 0.000 0.000 0.000 0.718 1.843 1.737 0.000 0.659 0.000 1.561 0.000 0.000 0.016 0.000 0.000 0.324 0.000 0.171 0.000 
---
0 test1dax_consistent left_hidden
0.693 0.000 0.545 0.000 0.000 0.017 0.305 0.000 1.338 1.080 0.011 0.480 1.042 0.000 1.571 0.000 0.951 0.000 0.000 0.000 
0 test1dax_consistent right_hidden
1.126 0.009 0.000 0.000 0.480 0.000 1.759 0.000 4.619 0.000 0.000 0.000 3.926 0.000 2.297 0.000 0.000 0.000 0.000 0.841 
---
1 test1dax_inconsistent left_hidden
0.693 0.000 0.545 0.000 0.000 0.017 0.305 0.000 1.338 1.080 0.011 0.480 1.042 0.000 1.571 0.000 0.951 0.000 0.000 0.000 
1 test1dax_inconsistent right_hidden
0.744 0.031 0.017 0.129 0.160 0.339 1.143 0.000 1.206 0.000 0.000 0.000 0.814 0.000 0.000 0.000 0.000 0.000 0.079 0.207 
---
0 test1dax_consistent left_hidden
2.026 1.660 0.053 0.229 0.770 0.000 0.000 0.000 0.404 0.185 0.000 0.000 0.000 0.169 0.872 0.000 0.505 0.570 0.000 1.492 
0 test1dax_consistent right_hidden
5.320 2.881 0.000 0.000 2.237 0.000 0.000 0.000 0.000 0.000 0.000 0.000 0.000 0.882 0.532 2.648 0.000 0.000 0.000 0.000 
---
1 test1dax_inconsistent left_hidden
2.026 1.660 0.053 0.229 0.770 0.000 0.000 0.000 0.404 0.185 0.000 0.000 0.000 0.169 0.872 0.000 0.505 0.570 0.000 1.492 
1 test1dax_inconsistent right_hidden
1.066 0.606 0.446 0.000 1.526 0.000 0.000 0.000 0.742 0.000 0.000 0.000 0.318 0.770 0.000 1.239 0.317 0.071 0.000 0.008 
---
0 test1dax_consistent left_hidden
0.000 0.000 1.462 0.409 0.000 0.170 2.058 1.398 1.431 0.000 0.000 0.000 0.000 0.000 0.000 0.120 0.117 0.000 0.186 0.000 
0 test1dax_consistent right_hidden
2.777 0.000 0.000 0.326 0.000 0.000 2.722 0.000 5.528 0.000 0.000 1.655 0.725 0.000 0.000 0.000 0.000 0.000 2.941 0.000 
---
1 test1dax_inconsistent left_hidden
0.000 0.000 1.462 0.409 0.000 0.170 2.058 1.398 1.431 0.000 0.000 0.000 0.000 0.000 0.000 0.120 0.117 0.000 0.186 0.000 
1 test1dax_inconsistent right_hidden
1.199 0.000 0.258 0.000 0.212 0.358 1.162 0.000 0.712 0.000 0.000 0.822 0.000 0.000 0.000 0.326 0.000 0.000 1.779 0.000 
---
0 test1dax_consistent left_hidden
0.453 0.640 0.260 1.881 0.000 0.119 0.000 0.000 2.043 0.000 0.304 1.021 0.000 0.325 0.000 0.000 0.000 0.000 0.000 0.533 
0 test1dax_consistent right_hidden
0.000 0.723 0.000 0.451 1.147 0.000 0.000 0.000 0.000 3.001 6.097 2.529 0.374 0.000 0.000 0.000 0.000 2.939 0.000 0.000 
---
1 test1dax_inconsistent left_hidden
0.453 0.640 0.260 1.881 0.000 0.119 0.000 0.000 2.043 0.000 0.304 1.021 0.000 0.325 0.000 0.000 0.000 0.000 0.000 0.533 
1 test1dax_inconsistent right_hidden
0.000 0.534 0.000 0.376 0.241 0.000 0.000 0.000 0.380 0.269 1.878 0.360 0.651 0.000 0.408 0.000 0.000 1.237 0.000 0.000 
---
0 test1dax_consistent left_hidden
0.000 0.035 0.000 0.000 0.000 1.623 0.000 0.000 0.059 1.421 0.000 0.000 0.000 0.324 0.454 0.000 0.000 1.331 1.275 0.000 
0 test1dax_consistent right_hidden
0.849 2.838 0.000 0.000 0.000 4.852 0.000 4.262 0.000 0.000 2.578 0.000 0.000 0.000 0.000 0.000 0.000 1.379 0.000 0.000 
---
1 test1dax_inconsistent left_hidden
0.000 0.035 0.000 0.000 0.000 1.623 0.000 0.000 0.059 1.421 0.000 0.000 0.000 0.324 0.454 0.000 0.000 1.331 1.275 0.000 
1 test1dax_inconsistent right_hidden
0.475 0.524 0.000 0.000 0.000 0.329 0.000 1.890 0.005 0.295 1.411 0.000 0.194 0.000 0.000 0.000 0.000 0.953 0.000 0.000 
---
0 test1dax_consistent left_hidden
0.750 0.000 0.000 2.232 0.431 0.000 1.029 0.000 0.000 1.559 0.589 0.909 0.000 0.000 0.000 0.000 0.000 0.000 1.235 0.043 
0 test1dax_consistent right_hidden
1.605 0.000 2.921 0.000 0.352 0.000 1.522 1.356 4.234 1.715 2.602 0.000 0.000 0.000 1.385 0.000 0.000 0.000 1.210 0.000 
---
1 test1dax_inconsistent left_hidden
0.750 0.000 0.000 2.232 0.431 0.000 1.029 0.000 0.000 1.559 0.589 0.909 0.000 0.000 0.000 0.000 0.000 0.000 1.235 0.043 
1 test1dax_inconsistent right_hidden
0.000 0.417 0.558 0.206 0.000 0.000 0.184 0.460 0.227 0.012 1.455 0.000 0.000 0.000 0.037 0.000 0.000 0.461 0.293 0.185 
---
0 test1dax_consistent left_hidden
0.000 0.000 0.177 0.101 0.484 0.000 0.347 0.000 2.002 0.000 0.031 1.254 0.823 0.612 1.720 0.000 0.877 0.109 0.000 0.294 
0 test1dax_consistent right_hidden
0.000 0.000 3.389 0.000 0.399 0.000 1.441 0.000 0.502 0.000 0.000 3.181 4.611 0.767 1.125 0.000 0.187 0.623 0.367 1.128 
---
1 test1dax_inconsistent left_hidden
0.000 0.000 0.177 0.101 0.484 0.000 0.347 0.000 2.002 0.000 0.031 1.254 0.823 0.612 1.720 0.000 0.877 0.109 0.000 0.294 
1 test1dax_inconsistent right_hidden
0.000 0.000 1.559 0.000 0.531 0.000 0.020 0.000 0.000 0.000 0.000 0.121 2.196 0.684 1.041 0.041 0.209 0.248 0.000 0.248 
---
0 test1dax_consistent left_hidden
0.725 0.000 1.190 1.762 0.284 0.262 0.000 0.000 0.304 0.720 0.000 0.865 0.000 0.402 0.506 0.081 0.071 0.357 0.903 0.301 
0 test1dax_consistent right_hidden
0.000 0.000 3.207 0.000 0.000 1.590 0.000 0.972 1.677 1.050 0.000 0.000 0.000 0.000 4.773 0.000 0.000 0.000 1.445 1.835 
---
1 test1dax_inconsistent left_hidden
0.725 0.000 1.190 1.762 0.284 0.262 0.000 0.000 0.304 0.720 0.000 0.865 0.000 0.402 0.506 0.081 0.071 0.357 0.903 0.301 
1 test1dax_inconsistent right_hidden
0.000 0.000 0.000 0.000 0.000 0.710 0.000 0.000 0.912 0.563 0.000 0.000 0.000 0.003 0.608 0.000 0.061 0.000 0.211 1.606 
---
0 test1dax_consistent left_hidden
0.499 0.353 0.000 0.166 1.876 0.000 0.406 0.544 0.000 0.822 0.000 0.489 0.000 0.000 0.583 0.662 0.043 0.994 1.358 0.000 
0 test1dax_consistent right_hidden
0.552 0.000 0.000 0.000 0.062 0.000 0.725 0.000 0.133 0.000 0.000 2.639 2.173 0.000 0.981 2.278 0.000 0.000 0.000 6.327 
---
1 test1dax_inconsistent left_hidden
0.499 0.353 0.000 0.166 1.876 0.000 0.406 0.544 0.000 0.822 0.000 0.489 0.000 0.000 0.583 0.662 0.043 0.994 1.358 0.000 
1 test1dax_inconsistent right_hidden
0.503 0.164 0.000 0.324 0.758 0.000 0.775 0.000 0.599 0.000 0.000 0.000 0.933 0.000 0.201 0.729 0.000 0.089 0.000 1.809 
---
0 test1dax_consistent left_hidden
0.000 0.800 0.000 0.557 0.323 1.429 0.000 0.146 0.000 0.000 0.000 0.766 1.197 0.555 0.133 0.000 0.000 1.798 0.000 0.000 
0 test1dax_consistent right_hidden
0.000 0.338 0.000 2.977 0.000 0.000 5.131 2.593 0.032 0.000 0.000 0.000 1.930 1.717 1.258 2.327 0.309 0.000 0.000 0.000 
---
1 test1dax_inconsistent left_hidden
0.000 0.800 0.000 0.557 0.323 1.429 0.000 0.146 0.000 0.000 0.000 0.766 1.197 0.555 0.133 0.000 0.000 1.798 0.000 0.000 
1 test1dax_inconsistent right_hidden
0.399 0.638 0.000 1.240 0.000 0.000 1.197 0.937 0.564 0.000 0.000 0.000 0.175 0.000 0.028 0.404 1.144 0.000 0.000 0.000 
---
0 test1dax_consistent left_hidden
1.165 0.000 0.671 1.121 0.177 0.014 0.000 1.077 0.000 1.386 0.127 0.000 0.766 0.573 1.424 0.000 0.000 0.000 0.000 0.545 
0 test1dax_consistent right_hidden
1.763 0.000 0.000 1.134 2.417 4.011 0.000 0.000 0.000 2.703 0.000 0.000 1.429 1.793 0.000 0.000 0.292 0.000 0.000 0.332 
---
1 test1dax_inconsistent left_hidden
1.165 0.000 0.671 1.121 0.177 0.014 0.000 1.077 0.000 1.386 0.127 0.000 0.766 0.573 1.424 0.000 0.000 0.000 0.000 0.545 
1 test1dax_inconsistent right_hidden
0.000 0.000 0.449 0.634 0.123 0.928 0.000 0.000 0.245 0.403 0.477 0.000 0.682 0.144 0.000 0.000 0.000 0.000 0.000 1.012 
---
0 test1dax_consistent left_hidden
1.606 0.000 0.000 0.000 0.635 0.174 0.000 0.000 0.881 0.094 0.000 1.890 0.062 0.192 0.208 0.266 1.475 0.128 0.000 0.000 
0 test1dax_consistent right_hidden
0.000 0.000 0.000 0.000 0.000 1.330 2.928 0.000 0.726 0.081 0.000 0.000 0.010 2.106 0.329 0.000 2.210 3.651 1.635 0.000 
---
1 test1dax_inconsistent left_hidden
1.606 0.000 0.000 0.000 0.635 0.174 0.000 0.000 0.881 0.094 0.000 1.890 0.062 0.192 0.208 0.266 1.475 0.128 0.000 0.000 
1 test1dax_inconsistent right_hidden
0.549 0.260 0.000 0.301 0.000 0.685 0.000 0.218 0.016 0.000 0.000 0.030 0.107 0.345 0.000 0.000 0.832 0.000 0.652 0.055 
---
0 test1dax_consistent left_hidden
0.636 0.089 0.000 1.625 0.000 0.276 0.034 2.297 0.254 0.000 0.000 0.000 0.000 0.024 0.000 0.000 0.407 0.473 0.007 1.426 
0 test1dax_consistent right_hidden
1.848 0.000 0.000 0.000 0.000 0.000 5.261 3.785 0.000 0.000 1.984 0.000 0.000 0.000 0.000 0.000 0.000 0.000 0.000 2.669 
---
1 test1dax_inconsistent left_hidden
0.636 0.089 0.000 1.625 0.000 0.276 0.034 2.297 0.254 0.000 0.000 0.000 0.000 0.024 0.000 0.000 0.407 0.473 0.007 1.426 
1 test1dax_inconsistent right_hidden
1.736 0.000 0.000 0.036 0.000 0.000 1.041 0.537 0.000 0.000 1.377 0.074 0.000 0.000 0.000 0.000 0.072 0.000 0.000 0.613 
---
0 test1dax_consistent left_hidden
1.791 0.426 0.234 0.000 0.000 0.110 0.000 0.000 1.473 1.080 0.044 0.992 0.000 0.000 0.000 1.045 0.000 0.374 0.338 0.475 
0 test1dax_consistent right_hidden
0.464 0.000 0.000 0.000 0.000 0.000 0.766 4.757 0.892 0.307 0.000 2.917 0.000 1.519 0.000 0.000 0.000 1.473 1.983 0.659 
---
1 test1dax_inconsistent left_hidden
1.791 0.426 0.234 0.000 0.000 0.110 0.000 0.000 1.473 1.080 0.044 0.992 0.000 0.000 0.000 1.045 0.000 0.374 0.338 0.475 
1 test1dax_inconsistent right_hidden
0.000 0.000 0.000 0.083 0.000 0.000 0.000 1.079 0.000 0.329 0.000 0.112 0.000 0.000 0.000 0.000 0.064 0.568 0.658 0.929 
---
0 test1dax_consistent left_hidden
0.000 0.317 0.342 0.000 0.384 0.000 0.000 0.263 0.000 0.277 0.185 0.454 0.012 0.000 0.447 0.000 0.578 0.161 2.525 0.003 
0 test1dax_consistent right_hidden
0.000 1.343 0.000 1.519 3.855 0.000 0.000 0.000 1.539 2.252 1.228 0.000 0.000 1.144 2.880 1.103 0.000 0.000 0.716 0.000 
---
1 test1dax_inconsistent left_hidden
0.000 0.317 0.342 0.000 0.384 0.000 0.000 0.263 0.000 0.277 0.185 0.454 0.012 0.000 0.447 0.000 0.578 0.161 2.525 0.003 
1 test1dax_inconsistent right_hidden
0.000 0.417 0.159 0.787 0.549 0.000 0.000 0.000 0.200 1.269 0.000 0.000 0.272 0.476 0.275 0.000 0.000 0.000 0.000 0.084 
---
0 test1dax_consistent left_hidden
0.425 0.276 0.155 0.000 0.349 0.000 0.000 1.517 0.000 0.384 2.159 0.000 0.039 0.000 0.816 0.000 0.000 0.000 0.000 1.693 
0 test1dax_consistent right_hidden
0.000 0.000 2.563 0.000 0.000 0.000 1.283 4.300 0.000 0.423 0.921 1.010 0.000 0.000 0.000 0.000 0.000 1.845 0.000 4.108 
---
1 test1dax_inconsistent left_hidden
0.425 0.276 0.155 0.000 0.349 0.000 0.000 1.517 0.000 0.384 2.159 0.000 0.039 0.000 0.816 0.000 0.000 0.000 0.000 1.693 
1 test1dax_inconsistent right_hidden
0.189 0.000 0.198 0.000 0.000 0.000 1.291 0.654 0.000 1.058 0.000 0.000 0.000 0.000 0.000 0.000 0.000 1.822 0.000 1.142 
---
0 test1dax_consistent left_hidden
1.579 0.343 0.000 0.571 0.200 0.027 0.000 0.000 0.000 0.541 0.000 0.236 0.000 0.967 0.036 0.000 2.039 0.000 0.102 1.048 
0 test1dax_consistent right_hidden
0.000 0.911 0.000 0.000 0.000 0.000 0.000 5.025 1.454 4.587 0.000 0.402 0.000 1.457 0.117 0.000 0.000 1.042 0.476 0.209 
---
1 test1dax_inconsistent left_hidden
1.579 0.343 0.000 0.571 0.200 0.027 0.000 0.000 0.000 0.541 0.000 0.236 0.000 0.967 0.036 0.000 2.039 0.000 0.102 1.048 
1 test1dax_inconsistent right_hidden
0.000 0.529 0.000 0.000 0.000 0.152 0.000 1.271 0.033 1.065 0.000 0.229 0.000 0.566 0.954 0.000 0.000 0.905 0.680 0.000 
---
0 test1dax_consistent left_hidden
0.652 1.674 0.000 0.000 0.268 0.000 0.516 0.365 0.495 0.663 0.649 1.293 0.000 0.581 0.000 1.140 0.238 0.000 0.000 0.479 
0 test1dax_consistent right_hidden
0.000 0.731 0.000 0.000 2.117 0.000 3.788 0.000 2.061 0.000 0.000 0.769 0.000 0.820 3.184 0.582 0.556 0.058 0.000 0.000 
---
1 test1dax_inconsistent left_hidden
0.652 1.674 0.000 0.000 0.268 0.000 0.516 0.365 0.495 0.663 0.649 1.293 0.000 0.581 0.000 1.140 0.238 0.000 0.000 0.479 
1 test1dax_inconsistent right_hidden
0.000 0.000 0.000 0.000 0.000 0.000 0.740 0.000 0.890 0.000 0.000 0.000 0.000 0.425 0.206 0.728 0.000 0.000 0.000 0.000 
---
0 test1dax_consistent left_hidden
0.366 0.020 1.986 0.139 0.186 0.055 0.000 0.978 0.190 0.100 1.575 0.000 0.000 0.868 0.000 0.201 0.000 1.166 0.000 0.000 
0 test1dax_consistent right_hidden
0.000 2.268 3.489 0.890 0.011 0.000 1.467 0.946 0.000 4.436 0.000 1.646 0.000 2.506 0.856 3.266 0.000 0.000 0.000 0.000 
---
1 test1dax_inconsistent left_hidden
0.366 0.020 1.986 0.139 0.186 0.055 0.000 0.978 0.190 0.100 1.575 0.000 0.000 0.868 0.000 0.201 0.000 1.166 0.000 0.000 
1 test1dax_inconsistent right_hidden
0.342 0.778 0.780 0.083 0.029 0.000 1.095 0.000 0.000 0.816 0.081 0.929 0.474 1.109 0.185 0.262 0.000 0.312 0.000 0.000 
---
0 test1dax_consistent left_hidden
0.537 0.135 1.041 0.000 0.000 1.289 0.261 0.850 1.321 0.055 0.788 0.000 0.000 0.447 0.976 0.194 0.454 0.143 0.976 0.078 
0 test1dax_consistent right_hidden
0.994 0.581 1.063 0.000 0.000 0.000 0.000 0.800 0.000 0.000 5.256 0.000 0.000 0.000 0.000 1.409 0.000 2.241 0.000 0.000 
---
1 test1dax_inconsistent left_hidden
0.537 0.135 1.041 0.000 0.000 1.289 0.261 0.850 1.321 0.055 0.788 0.000 0.000 0.447 0.976 0.194 0.454 0.143 0.976 0.078 
1 test1dax_inconsistent right_hidden
1.400 0.000 0.281 0.000 0.020 0.000 0.000 0.000 0.000 0.000 0.510 0.000 0.336 0.000 0.143 1.421 0.000 1.154 0.000 0.000 
---
0 test1dax_consistent left_hidden
0.127 0.000 0.000 0.000 0.518 1.752 0.301 0.871 0.000 0.339 0.457 0.258 0.000 0.080 0.995 0.000 0.947 0.000 0.155 1.381 
0 test1dax_consistent right_hidden
2.743 0.000 0.000 0.051 0.000 0.000 0.000 0.000 0.000 4.810 0.000 3.499 0.000 0.000 0.000 0.000 0.000 0.000 0.147 2.510 
---
1 test1dax_inconsistent left_hidden
0.127 0.000 0.000 0.000 0.518 1.752 0.301 0.871 0.000 0.339 0.457 0.258 0.000 0.080 0.995 0.000 0.947 0.000 0.155 1.381 
1 test1dax_inconsistent right_hidden
1.678 0.000 0.000 0.318 0.000 0.000 0.000 0.000 0.000 0.335 0.098 1.214 0.000 0.000 0.000 0.000 0.309 0.000 0.063 0.786 
---
0 test1dax_consistent left_hidden
0.000 0.714 0.000 0.000 0.013 0.000 2.262 1.338 0.000 0.000 0.000 0.153 0.000 0.000 0.000 0.826 0.000 0.000 0.000 1.264 
0 test1dax_consistent right_hidden
3.515 0.673 0.000 0.000 4.005 0.000 0.583 0.000 0.000 1.787 0.000 0.000 0.000 0.000 0.000 3.392 0.000 0.213 0.291 0.000 
---
1 test1dax_inconsistent left_hidden
0.000 0.714 0.000 0.000 0.013 0.000 2.262 1.338 0.000 0.000 0.000 0.153 0.000 0.000 0.000 0.826 0.000 0.000 0.000 1.264 
1 test1dax_inconsistent right_hidden
0.680 0.515 0.371 0.000 0.873 0.000 0.000 0.257 0.000 1.999 0.000 0.247 0.000 0.212 0.000 0.452 0.033 0.000 0.389 0.210 
---
0 test1dax_consistent left_hidden
0.051 0.541 1.286 0.000 0.098 0.000 0.000 1.470 1.747 0.000 0.000 0.000 0.000 0.564 0.000 0.636 0.175 0.000 0.163 1.052 
0 test1dax_consistent right_hidden
0.000 3.306 3.105 0.000 2.480 0.000 1.019 1.752 0.000 2.132 0.334 0.000 0.000 2.358 0.000 1.493 0.000 0.000 0.000 0.509 
---
1 test1dax_inconsistent left_hidden
0.051 0.541 1.286 0.000 0.098 0.000 0.000 1.470 1.747 0.000 0.000 0.000 0.000 0.564 0.000 0.636 0.175 0.000 0.163 1.052 
1 test1dax_inconsistent right_hidden
0.194 0.073 0.176 0.000 0.607 0.000 0.000 0.000 0.088 1.327 0.272 0.115 0.000 1.748 0.000 0.623 0.000 0.000 0.043 0.000 
---
0 test1dax_consistent left_hidden
0.000 0.000 0.351 0.264 0.042 2.317 0.000 0.006 0.000 1.783 0.000 0.000 0.000 0.000 0.082 0.473 0.003 0.000 0.000 0.124 
0 test1dax_consistent right_hidden
0.000 0.163 0.000 0.000 0.000 3.819 1.562 1.113 0.000 0.000 0.000 0.000 0.000 0.000 0.000 7.163 0.000 0.000 0.000 0.807 
---
1 test1dax_inconsistent left_hidden
0.000 0.000 0.351 0.264 0.042 2.317 0.000 0.006 0.000 1.783 0.000 0.000 0.000 0.000 0.082 0.473 0.003 0.000 0.000 0.124 
1 test1dax_inconsistent right_hidden
0.004 1.121 0.000 0.000 0.000 0.182 1.059 0.285 0.000 0.000 0.000 0.000 0.000 0.000 0.048 2.530 0.000 0.089 0.351 1.339 
---
0 test1dax_consistent left_hidden
0.509 0.091 0.628 1.092 0.000 0.962 1.456 0.000 0.037 0.000 1.516 0.000 0.000 0.093 0.000 0.267 0.000 2.130 1.043 0.000 
0 test1dax_consistent right_hidden
0.000 0.000 0.140 0.000 0.000 0.000 5.735 0.000 0.000 0.000 0.000 0.000 0.151 3.143 0.000 3.058 0.000 3.073 0.000 0.000 
---
1 test1dax_inconsistent left_hidden
0.509 0.091 0.628 1.092 0.000 0.962 1.456 0.000 0.037 0.000 1.516 0.000 0.000 0.093 0.000 0.267 0.000 2.130 1.043 0.000 
1 test1dax_inconsistent right_hidden
0.069 0.000 0.202 0.000 0.000 0.000 2.985 0.000 0.000 0.000 0.594 0.000 0.151 0.083 0.000 1.137 0.000 0.112 0.000 0.000 
---
0 test1dax_consistent left_hidden
1.063 0.000 0.000 0.181 1.085 0.000 0.466 0.331 1.016 0.425 0.213 0.000 0.680 1.230 0.051 1.143 0.204 0.281 0.642 0.750 
0 test1dax_consistent right_hidden
0.000 0.963 0.000 0.000 0.214 0.000 1.042 3.932 0.000 0.000 1.146 0.000 4.369 0.000 0.129 0.000 1.848 0.000 1.837 0.054 
---
1 test1dax_inconsistent left_hidden
1.063 0.000 0.000 0.181 1.085 0.000 0.466 0.331 1.016 0.425 0.213 0.000 0.680 1.230 0.051 1.143 0.204 0.281 0.642 0.750 
1 test1dax_inconsistent right_hidden
0.000 0.000 0.000 0.000 0.460 0.000 0.174 0.064 0.145 0.000 0.927 0.000 1.546 0.391 0.000 0.461 0.000 0.492 0.000 0.000 
---
0 test1dax_consistent left_hidden
0.000 0.660 0.000 0.956 0.000 0.546 0.000 1.173 0.000 0.615 0.261 0.000 1.299 0.000 0.159 0.000 0.210 1.383 0.044 1.590 
0 test1dax_consistent right_hidden
0.000 1.063 0.000 1.045 0.000 0.000 1.889 0.111 0.000 2.142 0.894 0.000 0.677 2.321 0.000 3.317 0.905 0.000 1.689 4.347 
---
1 test1dax_inconsistent left_hidden
0.000 0.660 0.000 0.956 0.000 0.546 0.000 1.173 0.000 0.615 0.261 0.000 1.299 0.000 0.159 0.000 0.210 1.383 0.044 1.590 
1 test1dax_inconsistent right_hidden
0.000 0.000 0.000 0.000 0.000 0.090 0.304 0.427 0.000 0.362 0.534 0.036 0.118 0.581 0.000 1.045 0.552 0.686 0.317 0.758 
---
0 test1dax_consistent left_hidden
1.137 0.000 0.000 0.449 1.479 0.374 0.000 1.740 1.364 0.000 0.000 0.235 0.000 0.000 0.229 0.990 0.679 0.753 0.000 1.162 
0 test1dax_consistent right_hidden
2.724 0.000 0.000 0.000 0.347 0.000 0.359 2.666 0.000 2.452 0.000 0.000 0.000 0.000 0.000 3.010 0.230 0.000 4.879 0.406 
---
1 test1dax_inconsistent left_hidden
1.137 0.000 0.000 0.449 1.479 0.374 0.000 1.740 1.364 0.000 0.000 0.235 0.000 0.000 0.229 0.990 0.679 0.753 0.000 1.162 
1 test1dax_inconsistent right_hidden
0.130 0.000 0.000 0.000 0.000 0.159 0.733 0.409 0.000 0.694 0.460 0.000 0.000 0.000 0.154 1.229 0.449 0.091 0.582 0.391 
---
0 test1dax_consistent left_hidden
0.761 0.000 0.000 0.000 0.000 0.039 0.086 0.000 0.000 0.733 1.952 0.881 0.000 0.755 0.218 0.000 0.790 0.000 0.000 1.171 
0 test1dax_consistent right_hidden
0.000 0.085 1.402 0.000 0.296 0.000 0.000 0.000 0.000 0.708 2.776 3.389 1.179 0.172 0.000 0.000 0.000 0.000 0.897 3.374 
---
1 test1dax_inconsistent left_hidden
0.761 0.000 0.000 0.000 0.000 0.039 0.086 0.000 0.000 0.733 1.952 0.881 0.000 0.755 0.218 0.000 0.790 0.000 0.000 1.171 
1 test1dax_inconsistent right_hidden
0.537 0.349 0.363 0.000 0.000 0.389 0.236 0.000 0.000 0.102 0.139 1.141 0.551 0.000 0.794 0.000 0.000 0.081 0.000 0.000 
---
0 test1dax_consistent left_hidden
0.256 0.071 0.000 0.000 0.000 0.000 0.667 0.302 0.000 1.930 1.152 0.350 0.000 0.000 0.000 1.556 0.000 0.292 0.008 1.035 
0 test1dax_consistent right_hidden
2.436 0.000 0.000 0.000 0.000 0.000 0.722 0.000 1.738 0.865 5.944 0.000 0.000 0.000 0.000 0.927 2.444 0.000 0.000 0.000 
---
1 test1dax_inconsistent left_hidden
0.256 0.071 0.000 0.000 0.000 0.000 0.667 0.302 0.000 1.930 1.152 0.350 0.000 0.000 0.000 1.556 0.000 0.292 0.008 1.035 
1 test1dax_inconsistent right_hidden
1.612 0.000 0.000 0.032 0.000 0.000 0.642 0.382 0.185 0.000 1.441 0.239 0.000 0.000 0.000 0.673 0.000 0.472 0.154 0.000 
---
0 test1dax_consistent left_hidden
1.300 0.000 0.137 1.710 1.801 0.412 0.000 0.464 0.000 0.000 0.025 0.070 0.000 0.000 0.987 0.000 0.000 0.000 0.036 0.000 
0 test1dax_consistent right_hidden
0.000 1.151 2.522 1.205 3.520 0.000 0.000 0.000 0.000 0.000 1.525 1.526 1.403 3.935 0.000 0.000 0.659 0.000 0.000 3.063 
---
1 test1dax_inconsistent left_hidden
1.300 0.000 0.137 1.710 1.801 0.412 0.000 0.464 0.000 0.000 0.025 0.070 0.000 0.000 0.987 0.000 0.000 0.000 0.036 0.000 
1 test1dax_inconsistent right_hidden
0.684 0.547 1.715 0.000 0.597 0.002 0.000 0.165 0.100 0.000 1.230 0.740 0.000 0.666 0.000 0.000 0.007 0.000 0.000 0.341 
---
0 test1dax_consistent left_hidden
1.334 0.000 0.627 0.698 0.004 0.631 0.000 0.000 0.000 1.701 0.832 0.315 0.593 0.023 0.000 0.053 0.497 0.000 0.000 0.037 
0 test1dax_consistent right_hidden
0.810 4.383 0.000 0.000 0.000 0.000 0.556 0.000 3.621 0.000 0.000 2.361 0.388 0.000 0.000 0.000 3.305 0.000 0.000 0.000 
---
1 test1dax_inconsistent left_hidden
1.334 0.000 0.627 0.698 0.004 0.631 0.000 0.000 0.000 1.701 0.832 0.315 0.593 0.023 0.000 0.053 0.497 0.000 0.000 0.037 
1 test1dax_inconsistent right_hidden
0.664 0.858 0.114 0.000 0.000 0.705 0.594 0.000 0.712 0.000 0.000 0.617 0.000 0.000 0.000 0.000 1.424 0.000 0.000 0.458 
---
0 test1dax_consistent left_hidden
0.821 0.361 0.000 0.547 0.000 1.735 0.000 0.000 0.000 1.848 0.230 0.594 0.000 0.000 0.000 0.000 0.000 1.225 0.000 1.186 
0 test1dax_consistent right_hidden
0.000 3.236 0.000 0.126 1.620 4.708 0.016 0.000 0.000 0.029 0.000 0.000 3.282 0.000 0.000 0.000 0.000 0.326 0.000 0.000 
---
1 test1dax_inconsistent left_hidden
0.821 0.361 0.000 0.547 0.000 1.735 0.000 0.000 0.000 1.848 0.230 0.594 0.000 0.000 0.000 0.000 0.000 1.225 0.000 1.186 
1 test1dax_inconsistent right_hidden
0.424 0.483 0.000 0.115 0.000 2.276 0.307 0.265 0.000 0.476 0.000 0.000 0.663 0.000 0.000 0.380 0.000 0.000 0.000 0.000 
---
0 test1dax_consistent left_hidden
0.005 0.000 0.163 0.794 0.000 0.000 0.000 0.000 0.000 1.088 1.693 0.000 0.000 0.000 0.000 1.730 0.000 0.286 0.000 0.448 
0 test1dax_consistent right_hidden
0.229 0.481 2.077 4.421 0.000 0.000 0.000 0.000 4.404 0.000 1.565 2.969 0.000 0.000 0.000 0.000 0.000 0.000 0.000 0.000 
---
1 test1dax_inconsistent left_hidden
0.005 0.000 0.163 0.794 0.000 0.000 0.000 0.000 0.000 1.088 1.693 0.000 0.000 0.000 0.000 1.730 0.000 0.286 0.000 0.448 
1 test1dax_inconsistent right_hidden
0.215 0.476 0.368 0.908 0.000 0.000 0.000 0.000 0.931 0.000 0.000 1.468 0.000 0.000 0.000 0.000 0.000 0.084 0.087 0.000 
---
0 test1dax_consistent left_hidden
0.408 0.000 0.255 1.739 1.034 1.757 0.496 0.852 0.000 0.341 0.000 0.000 0.000 1.222 0.000 0.771 0.000 0.027 0.093 1.025 
0 test1dax_consistent right_hidden
0.000 0.000 0.442 4.313 3.912 0.000 0.038 0.235 0.000 0.000 0.529 3.781 0.045 0.000 3.092 0.000 0.000 0.477 0.000 0.680 
---
1 test1dax_inconsistent left_hidden
0.408 0.000 0.255 1.739 1.034 1.757 0.496 0.852 0.000 0.341 0.000 0.000 0.000 1.222 0.000 0.771 0.000 0.027 0.093 1.025 
1 test1dax_inconsistent right_hidden
0.000 0.000 0.278 0.476 1.274 0.000 0.001 0.470 0.000 0.757 0.008 1.384 0.299 0.000 1.606 0.000 0.000 0.570 0.000 0.000 
---
0 test1dax_consistent left_hidden
0.000 1.832 1.280 0.000 0.000 0.000 0.000 0.446 0.000 1.010 0.049 0.000 0.000 0.014 0.000 0.956 0.182 0.852 0.000 0.359 
0 test1dax_consistent right_hidden
2.069 0.000 0.123 0.196 0.000 0.000 0.000 1.182 0.000 0.000 3.464 3.505 0.000 0.000 2.114 0.000 0.000 2.483 0.000 0.000 
---
1 test1dax_inconsistent left_hidden
0.000 1.832 1.280 0.000 0.000 0.000 0.000 0.446 0.000 1.010 0.049 0.000 0.000 0.014 0.000 0.956 0.182 0.852 0.000 0.359 
1 test1dax_inconsistent right_hidden
0.233 0.085 0.000 0.000 0.000 0.000 0.000 0.000 0.358 0.293 1.465 0.180 0.000 0.000 0.243 0.000 0.049 0.361 0.000 0.000 
---
0 test1dax_consistent left_hidden
0.000 0.362 0.000 0.042 0.000 0.000 0.000 2.660 0.236 0.000 0.042 1.156 0.271 0.022 0.069 0.148 0.100 0.000 0.000 0.000 
0 test1dax_consistent right_hidden
0.000 0.000 0.000 3.671 0.000 0.000 0.000 0.976 2.764 0.000 0.374 0.000 0.000 1.811 0.000 0.000 0.000 0.000 3.946 0.000 
---
1 test1dax_inconsistent left_hidden
0.000 0.362 0.000 0.042 0.000 0.000 0.000 2.660 0.236 0.000 0.042 1.156 0.271 0.022 0.069 0.148 0.100 0.000 0.000 0.000 
1 test1dax_inconsistent right_hidden
0.000 0.000 0.000 1.219 0.450 0.000 0.916 0.000 0.425 0.000 0.000 0.000 0.000 0.000 0.000 0.577 0.000 0.000 0.557 0.000 
---
0 test1dax_consistent left_hidden
0.717 0.869 0.215 0.466 0.000 0.442 1.029 0.630 0.977 0.000 0.631 0.198 0.598 0.910 0.988 1.037 0.000 1.103 0.000 1.029 
0 test1dax_consistent right_hidden
0.862 3.406 0.909 0.000 0.000 0.000 0.000 0.946 2.892 0.000 0.021 0.127 0.000 3.702 0.000 2.556 0.000 1.795 0.000 2.026 
---
1 test1dax_inconsistent left_hidden
0.717 0.869 0.215 0.466 0.000 0.442 1.029 0.630 0.977 0.000 0.631 0.198 0.598 0.910 0.988 1.037 0.000 1.103 0.000 1.029 
1 test1dax_inconsistent right_hidden
0.791 0.446 0.000 0.288 0.142 0.000 0.425 0.089 1.097 0.000 0.385 1.084 0.000 0.609 0.000 0.800 0.000 0.154 0.000 1.265 
---
0 test1dax_consistent left_hidden
0.000 0.287 0.000 0.000 0.000 0.000 0.469 0.000 1.112 0.000 0.000 1.087 1.557 1.271 0.000 0.000 1.231 0.039 0.000 1.170 
0 test1dax_consistent right_hidden
0.000 0.000 1.736 1.017 0.000 0.000 0.000 2.222 0.000 0.018 0.000 3.106 0.000 0.000 0.000 0.000 4.410 0.000 3.638 0.000 
---
1 test1dax_inconsistent left_hidden
0.000 0.287 0.000 0.000 0.000 0.000 0.469 0.000 1.112 0.000 0.000 1.087 1.557 1.271 0.000 0.000 1.231 0.039 0.000 1.170 
1 test1dax_inconsistent right_hidden
0.000 0.000 0.890 0.455 0.277 0.000 0.078 1.337 0.000 0.000 0.000 0.000 1.010 0.000 0.000 0.000 0.977 0.000 0.808 0.000 
---
0 test1dax_consistent left_hidden
0.000 1.562 0.000 0.320 1.275 0.223 0.000 0.126 1.460 0.144 0.192 0.056 0.000 0.547 1.484 0.000 0.000 0.444 0.757 0.000 
0 test1dax_consistent right_hidden
0.773 1.279 0.355 0.027 1.629 0.416 2.889 0.000 0.000 0.000 0.000 2.166 0.000 0.000 0.000 3.536 0.000 1.254 2.681 0.000 
---
1 test1dax_inconsistent left_hidden
0.000 1.562 0.000 0.320 1.275 0.223 0.000 0.126 1.460 0.144 0.192 0.056 0.000 0.547 1.484 0.000 0.000 0.444 0.757 0.000 
1 test1dax_inconsistent right_hidden
0.000 0.432 0.270 0.000 0.431 0.000 0.000 0.000 0.000 0.000 0.225 0.198 0.443 0.000 0.069 0.745 0.000 0.000 0.791 0.000 
---
0 test1dax_consistent left_hidden
0.000 0.010 0.229 0.664 0.000 0.000 0.000 0.000 1.360 0.000 0.000 0.027 0.097 0.000 0.000 1.687 1.438 1.504 0.648 0.224 
0 test1dax_consistent right_hidden
0.000 1.183 0.000 0.000 0.000 0.000 0.625 3.237 1.700 1.822 0.000 3.377 0.780 0.000 0.000 3.333 3.477 0.603 0.000 0.000 
---
1 test1dax_inconsistent left_hidden
0.000 0.010 0.229 0.664 0.000 0.000 0.000 0.000 1.360 0.000 0.000 0.027 0.097 0.000 0.000 1.687 1.438 1.504 0.648 0.224 
1 test1dax_inconsistent right_hidden
0.000 0.810 0.218 0.000 0.000 0.000 0.066 1.087 0.128 0.325 0.000 0.756 0.000 0.102 0.000 0.730 1.063 0.000 0.452 0.000 
---
0 test1dax_consistent left_hidden
0.816 0.434 1.149 0.000 0.527 0.000 0.861 0.000 0.010 0.488 1.313 0.000 0.033 0.000 0.879 0.000 0.980 0.621 0.401 1.099 
0 test1dax_consistent right_hidden
0.692 0.644 0.000 0.000 0.000 2.333 2.771 0.668 0.000 0.905 2.783 0.000 0.404 0.000 3.634 0.000 0.969 0.000 1.401 0.000 
---
1 test1dax_inconsistent left_hidden
0.816 0.434 1.149 0.000 0.527 0.000 0.861 0.000 0.010 0.488 1.313 0.000 0.033 0.000 0.879 0.000 0.980 0.621 0.401 1.099 
1 test1dax_inconsistent right_hidden
0.765 0.509 0.000 0.000 0.000 0.994 0.605 0.000 0.000 0.267 1.378 0.200 0.082 0.000 0.573 0.000 0.000 0.004 0.174 0.658 
---
0 test1dax_consistent left_hidden
0.197 0.989 0.474 1.392 0.807 0.963 0.019 1.104 0.000 0.000 0.000 0.000 0.292 0.000 0.000 0.474 0.000 0.000 1.588 0.213 
0 test1dax_consistent right_hidden
0.722 0.954 0.000 0.000 2.835 4.914 0.000 0.000 0.599 0.850 0.000 0.000 4.013 0.000 1.201 0.978 0.000 0.656 0.000 0.000 
---
1 test1dax_inconsistent left_hidden
0.197 0.989 0.474 1.392 0.807 0.963 0.019 1.104 0.000 0.000 0.000 0.000 0.292 0.000 0.000 0.474 0.000 0.000 1.588 0.213 
1 test1dax_inconsistent right_hidden
0.348 0.311 0.275 0.091 0.084 1.114 0.000 0.000 0.665 0.689 0.000 0.000 1.474 0.000 1.205 0.000 0.000 0.425 0.000 0.017 
---
0 test1dax_consistent left_hidden
0.000 1.837 1.731 0.698 0.326 0.000 0.844 0.521 0.294 0.000 0.000 1.580 0.138 0.000 0.000 0.468 0.000 0.000 0.000 0.000 
0 test1dax_consistent right_hidden
0.000 0.000 0.755 0.864 0.421 0.000 0.000 3.882 0.000 0.827 0.000 1.473 0.000 5.685 0.000 0.000 0.000 0.000 0.563 0.000 
---
1 test1dax_inconsistent left_hidden
0.000 1.837 1.731 0.698 0.326 0.000 0.844 0.521 0.294 0.000 0.000 1.580 0.138 0.000 0.000 0.468 0.000 0.000 0.000 0.000 
1 test1dax_inconsistent right_hidden
0.000 0.047 0.866 0.403 0.549 0.000 0.000 0.513 0.000 1.335 0.000 0.867 0.000 1.418 0.000 0.000 0.000 0.000 0.000 0.000 
---
0 test1dax_consistent left_hidden
1.020 0.038 0.077 0.000 0.000 1.172 1.266 0.118 0.000 0.867 0.027 0.000 0.000 1.406 0.561 0.000 0.000 1.152 0.000 0.000 
0 test1dax_consistent right_hidden
0.046 2.070 3.177 0.000 0.000 0.000 0.000 0.000 0.000 3.837 0.000 0.000 0.116 3.417 1.194 0.000 1.893 0.000 0.000 0.000 
---
1 test1dax_inconsistent left_hidden
1.020 0.038 0.077 0.000 0.000 1.172 1.266 0.118 0.000 0.867 0.027 0.000 0.000 1.406 0.561 0.000 0.000 1.152 0.000 0.000 
1 test1dax_inconsistent right_hidden
0.018 0.917 0.110 0.000 0.364 0.061 0.256 0.000 0.000 1.747 0.188 0.000 0.340 0.000 0.000 0.000 0.600 0.000 0.000 0.430 
---
0 test1dax_consistent left_hidden
0.641 1.646 0.000 0.016 0.988 1.117 0.063 0.437 0.000 0.291 0.323 0.427 0.000 0.000 0.000 0.023 0.000 0.737 0.981 0.000 
0 test1dax_consistent right_hidden
0.490 1.838 5.280 0.000 0.646 3.074 0.000 0.000 0.000 0.000 0.000 0.000 0.000 0.650 0.000 2.396 0.000 0.000 2.221 0.000 
---
1 test1dax_inconsistent left_hidden
0.641 1.646 0.000 0.016 0.988 1.117 0.063 0.437 0.000 0.291 0.323 0.427 0.000 0.000 0.000 0.023 0.000 0.737 0.981 0.000 
1 test1dax_inconsistent right_hidden
0.732 0.040 2.175 0.355 1.012 0.594 0.000 0.000 0.000 0.000 0.424 0.170 0.000 0.194 0.337 0.771 0.000 0.000 0.000 0.000 
---
0 test1dax_consistent left_hidden
1.750 0.000 0.293 0.119 0.000 0.000 0.671 0.610 1.206 0.107 0.058 0.000 0.130 0.000 0.000 0.000 1.005 0.163 1.549 0.100 
0 test1dax_consistent right_hidden
0.045 0.000 0.000 0.062 0.000 0.000 0.000 6.775 0.000 0.000 2.054 1.410 0.000 1.281 0.000 1.489 2.197 0.000 0.000 0.000 
---
1 test1dax_inconsistent left_hidden
1.750 0.000 0.293 0.119 0.000 0.000 0.671 0.610 1.206 0.107 0.058 0.000 0.130 0.000 0.000 0.000 1.005 0.163 1.549 0.100 
1 test1dax_inconsistent right_hidden
0.000 0.000 0.000 0.292 0.000 0.000 0.041 2.354 0.000 0.000 1.220 0.807 0.389 0.000 0.000 0.904 0.580 0.000 0.000 0.000 
---
0 test1dax_consistent left_hidden
0.000 0.000 0.016 0.079 0.005 1.194 0.622 0.581 1.427 0.000 0.333 0.537 0.000 1.082 0.742 0.000 0.040 0.000 1.760 1.112 
0 test1dax_consistent right_hidden
0.000 0.000 0.000 0.000 2.847 1.738 0.965 0.000 1.728 0.000 0.000 0.369 0.000 2.243 0.082 1.760 1.978 0.000 0.134 4.324 
---
1 test1dax_inconsistent left_hidden
0.000 0.000 0.016 0.079 0.005 1.194 0.622 0.581 1.427 0.000 0.333 0.537 0.000 1.082 0.742 0.000 0.040 0.000 1.760 1.112 
1 test1dax_inconsistent right_hidden
0.000 0.000 0.503 0.138 0.640 0.109 0.059 0.410 0.000 0.000 0.000 0.000 0.294 0.442 0.000 0.641 0.089 0.000 0.661 0.803 
---
0 test1dax_consistent left_hidden
0.903 0.261 0.809 0.000 0.168 0.613 0.391 0.152 0.000 0.954 0.000 1.384 0.000 0.188 0.993 0.020 1.296 0.435 0.217 0.000 
0 test1dax_consistent right_hidden
1.404 0.000 0.329 1.448 2.903 0.000 0.303 3.207 0.000 0.000 0.000 0.136 0.000 1.758 0.000 0.000 1.666 0.371 0.000 0.000 
---
1 test1dax_inconsistent left_hidden
0.903 0.261 0.809 0.000 0.168 0.613 0.391 0.152 0.000 0.954 0.000 1.384 0.000 0.188 0.993 0.020 1.296 0.435 0.217 0.000 
1 test1dax_inconsistent right_hidden
0.000 0.000 0.000 0.521 1.327 0.000 0.152 0.000 0.000 0.000 0.000 0.000 0.129 0.000 0.204 0.213 0.106 0.366 0.000 0.000 
---
0 test1dax_consistent left_hidden
0.000 1.189 1.006 0.730 0.698 0.095 0.456 0.053 0.000 0.000 0.066 0.000 0.699 0.000 1.359 0.000 0.000 1.341 0.187 0.000 
0 test1dax_consistent right_hidden
0.977 0.000 1.706 0.000 0.000 0.179 4.464 3.262 0.000 1.392 0.626 0.745 0.234 1.064 2.190 0.059 0.000 0.000 0.129 0.000 
---
1 test1dax_inconsistent left_hidden
0.000 1.189 1.006 0.730 0.698 0.095 0.456 0.053 0.000 0.000 0.066 0.000 0.699 0.000 1.359 0.000 0.000 1.341 0.187 0.000 
1 test1dax_inconsistent right_hidden
0.000 0.270 0.813 0.000 0.000 0.000 0.804 0.000 0.000 0.011 0.000 0.266 0.325 0.730 0.698 0.496 0.000 0.000 0.588 0.000 
---
0 test1dax_consistent left_hidden
0.453 0.564 1.355 0.000 0.326 0.507 0.903 0.586 0.117 0.000 0.000 0.429 0.998 0.000 1.459 0.772 0.541 0.000 0.000 0.572 
0 test1dax_consistent right_hidden
2.433 2.576 0.000 0.000 2.311 0.909 0.000 0.000 0.000 1.593 0.000 0.535 0.000 0.000 0.000 0.000 1.457 0.000 0.000 3.875 
---
1 test1dax_inconsistent left_hidden
0.453 0.564 1.355 0.000 0.326 0.507 0.903 0.586 0.117 0.000 0.000 0.429 0.998 0.000 1.459 0.772 0.541 0.000 0.000 0.572 
1 test1dax_inconsistent right_hidden
0.436 0.667 0.552 0.198 0.518 0.000 0.000 0.000 0.000 0.196 0.000 0.603 0.675 0.000 0.000 0.000 0.555 0.000 0.000 0.078 
---
