0 test2fip_consistent left_hidden
0.000 0.000 1.890 2.471 2.516 0.241 0.000 0.498 0.503 2.129 0.000 1.385 0.121 2.093 0.000 0.000 0.000 0.000 1.119 2.114 
0 test2fip_consistent right_hidden
1.381 1.361 0.000 0.000 2.496 1.757 0.276 0.498 0.000 0.000 0.000 0.000 0.000 0.000 0.000 1.175 0.187 0.000 0.000 0.000 
---
1 test2fip_inconsistent left_hidden
0.000 0.000 1.890 2.471 2.516 0.241 0.000 0.498 0.503 2.129 0.000 1.385 0.121 2.093 0.000 0.000 0.000 0.000 1.119 2.114 
1 test2fip_inconsistent right_hidden
0.574 0.875 1.585 0.406 4.093 0.411 0.000 1.311 0.000 1.270 0.000 0.595 0.000 2.592 0.000 0.262 0.000 0.000 0.000 1.028 
---
0 test2fip_consistent left_hidden
3.838 0.000 1.529 0.445 0.000 0.000 0.000 0.035 0.280 0.664 0.000 0.342 0.030 2.111 1.221 3.904 0.000 0.791 1.991 0.000 
0 test2fip_consistent right_hidden
0.000 0.000 1.315 0.000 0.000 0.000 0.000 4.519 0.775 0.000 0.000 0.000 0.000 0.000 0.706 0.636 0.000 0.000 0.000 0.000 
---
1 test2fip_inconsistent left_hidden
3.838 0.000 1.529 0.445 0.000 0.000 0.000 0.035 0.280 0.664 0.000 0.342 0.030 2.111 1.221 3.904 0.000 0.791 1.991 0.000 
1 test2fip_inconsistent right_hidden
2.353 0.000 1.240 0.000 0.000 0.070 0.000 3.109 0.000 0.000 0.000 0.000 0.000 1.355 0.673 4.628 0.000 0.687 0.366 0.000 
---
0 test2fip_consistent left_hidden
0.000 0.000 1.705 0.594 1.125 0.000 1.306 1.657 1.005 0.050 0.000 1.308 0.735 2.449 0.000 2.339 1.285 1.598 0.407 0.000 
0 test2fip_consistent right_hidden
0.000 0.000 0.157 1.518 0.000 0.000 0.000 0.512 0.000 0.094 0.134 0.000 2.430 0.061 0.000 0.000 1.537 1.902 0.000 0.000 
---
1 test2fip_inconsistent left_hidden
0.000 0.000 1.705 0.594 1.125 0.000 1.306 1.657 1.005 0.050 0.000 1.308 0.735 2.449 0.000 2.339 1.285 1.598 0.407 0.000 
1 test2fip_inconsistent right_hidden
0.000 0.000 1.613 1.874 1.094 0.000 0.000 1.584 0.000 0.000 0.000 1.470 1.612 2.368 0.585 3.087 1.765 3.430 0.465 0.000 
---
0 test2fip_consistent left_hidden
0.075 0.466 1.066 0.000 0.000 0.696 0.000 0.000 1.676 0.000 0.000 4.179 0.000 0.076 0.158 0.000 0.000 1.709 0.000 3.686 
0 test2fip_consistent right_hidden
0.068 0.000 0.062 1.780 2.286 0.000 0.000 0.605 0.408 0.503 0.000 0.000 1.497 0.000 0.047 1.736 0.000 1.137 1.077 0.030 
---
1 test2fip_inconsistent left_hidden
0.075 0.466 1.066 0.000 0.000 0.696 0.000 0.000 1.676 0.000 0.000 4.179 0.000 0.076 0.158 0.000 0.000 1.709 0.000 3.686 
1 test2fip_inconsistent right_hidden
0.000 0.000 0.442 0.631 1.989 2.039 0.000 0.782 0.915 0.224 0.000 1.148 1.210 0.736 0.000 1.513 0.000 3.024 0.000 4.041 
---
0 test2fip_consistent left_hidden
0.000 0.000 2.291 1.778 0.000 1.375 0.716 1.910 1.635 0.744 0.046 0.000 0.708 3.058 0.191 0.000 0.000 0.563 1.780 0.090 
0 test2fip_consistent right_hidden
0.000 0.000 0.000 2.572 0.000 0.000 1.209 0.434 0.000 0.000 0.000 0.537 0.000 1.668 0.000 0.681 0.000 2.025 0.000 1.307 
---
1 test2fip_inconsistent left_hidden
0.000 0.000 2.291 1.778 0.000 1.375 0.716 1.910 1.635 0.744 0.046 0.000 0.708 3.058 0.191 0.000 0.000 0.563 1.780 0.090 
1 test2fip_inconsistent right_hidden
0.000 0.000 2.237 3.349 0.000 0.026 0.970 0.747 2.748 1.442 0.000 0.000 0.368 3.951 0.000 0.833 0.000 0.619 0.000 0.491 
---
0 test2fip_consistent left_hidden
0.138 0.686 2.067 0.030 1.827 0.000 1.065 1.409 0.402 2.282 3.240 2.214 0.000 1.006 0.000 1.947 0.116 2.416 0.000 0.000 
0 test2fip_consistent right_hidden
0.000 0.303 1.133 0.982 1.365 0.403 0.065 0.746 1.729 0.000 0.833 0.092 1.492 0.041 1.486 0.055 1.186 0.000 0.000 0.000 
---
1 test2fip_inconsistent left_hidden
0.138 0.686 2.067 0.030 1.827 0.000 1.065 1.409 0.402 2.282 3.240 2.214 0.000 1.006 0.000 1.947 0.116 2.416 0.000 0.000 
1 test2fip_inconsistent right_hidden
0.000 0.163 2.284 0.331 1.912 0.149 0.748 0.764 1.504 1.302 3.919 1.872 0.928 1.517 0.775 0.642 0.126 1.787 0.000 0.000 
---
0 test2fip_consistent left_hidden
0.777 0.000 1.974 0.186 0.000 0.000 2.539 0.000 1.646 0.000 1.175 0.000 1.908 0.781 0.000 0.000 1.683 0.000 0.984 1.133 
0 test2fip_consistent right_hidden
0.166 0.272 1.307 0.683 0.000 0.111 2.513 2.252 0.767 0.000 0.000 0.000 0.325 0.555 0.000 0.000 0.000 0.373 0.000 0.937 
---
1 test2fip_inconsistent left_hidden
0.777 0.000 1.974 0.186 0.000 0.000 2.539 0.000 1.646 0.000 1.175 0.000 1.908 0.781 0.000 0.000 1.683 0.000 0.984 1.133 
1 test2fip_inconsistent right_hidden
0.959 0.862 2.668 0.224 0.000 0.292 2.501 1.073 2.764 0.000 1.581 0.000 3.590 1.045 0.000 0.000 0.681 0.000 0.155 1.815 
---
0 test2fip_consistent left_hidden
2.809 0.000 1.492 2.016 0.000 0.000 0.215 1.674 0.000 0.035 0.078 0.000 3.253 0.555 0.000 0.000 0.000 0.000 0.076 0.000 
0 test2fip_consistent right_hidden
0.614 2.429 1.474 0.000 1.742 0.040 0.597 0.034 0.207 0.000 0.061 1.582 0.000 1.951 0.764 0.000 0.000 0.000 0.040 0.385 
---
1 test2fip_inconsistent left_hidden
2.809 0.000 1.492 2.016 0.000 0.000 0.215 1.674 0.000 0.035 0.078 0.000 3.253 0.555 0.000 0.000 0.000 0.000 0.076 0.000 
1 test2fip_inconsistent right_hidden
1.466 1.712 2.703 2.252 0.999 0.000 0.000 0.571 2.326 0.000 0.000 1.162 2.890 3.117 0.000 0.000 0.000 0.000 0.758 0.061 
---
0 test2fip_consistent left_hidden
1.244 4.352 1.083 1.240 0.000 0.957 1.833 0.000 0.112 0.000 0.476 2.574 0.000 0.811 0.000 0.982 0.000 0.000 0.000 0.000 
0 test2fip_consistent right_hidden
0.000 0.103 0.047 1.421 0.244 0.000 0.911 1.832 0.555 0.000 0.634 0.053 0.000 1.956 1.052 0.000 0.870 0.000 0.088 0.484 
---
1 test2fip_inconsistent left_hidden
1.244 4.352 1.083 1.240 0.000 0.957 1.833 0.000 0.112 0.000 0.476 2.574 0.000 0.811 0.000 0.982 0.000 0.000 0.000 0.000 
1 test2fip_inconsistent right_hidden
2.023 3.437 2.013 1.628 0.000 0.725 1.986 1.598 0.543 0.000 0.607 2.238 0.072 1.471 2.178 0.000 0.706 0.000 0.492 0.000 
---
0 test2fip_consistent left_hidden
0.000 0.000 0.000 0.000 0.000 0.000 0.375 0.000 0.000 0.000 2.625 0.300 1.021 0.154 2.348 2.447 2.900 0.000 2.659 0.000 
0 test2fip_consistent right_hidden
1.384 0.358 0.000 0.000 1.750 0.000 0.000 0.000 0.000 0.000 0.000 0.000 0.000 0.000 0.000 2.362 0.000 0.000 2.530 1.610 
---
1 test2fip_inconsistent left_hidden
0.000 0.000 0.000 0.000 0.000 0.000 0.375 0.000 0.000 0.000 2.625 0.300 1.021 0.154 2.348 2.447 2.900 0.000 2.659 0.000 
1 test2fip_inconsistent right_hidden
0.514 0.075 0.000 0.000 1.128 0.000 0.209 0.000 0.000 0.000 1.154 0.000 0.000 0.000 1.653 2.944 3.094 0.000 3.812 0.000 
---
0 test2fip_consistent left_hidden
0.000 0.000 0.000 0.495 0.000 2.804 0.000 2.797 2.025 1.539 0.000 0.846 0.000 0.000 0.000 0.177 2.092 1.089 0.000 0.000 
0 test2fip_consistent right_hidden
1.392 0.000 0.000 0.083 1.749 0.000 0.022 0.000 1.157 0.301 1.076 0.844 0.000 0.000 1.328 2.525 0.000 0.572 0.000 0.000 
---
1 test2fip_inconsistent left_hidden
0.000 0.000 0.000 0.495 0.000 2.804 0.000 2.797 2.025 1.539 0.000 0.846 0.000 0.000 0.000 0.177 2.092 1.089 0.000 0.000 
1 test2fip_inconsistent right_hidden
1.046 0.000 0.000 0.000 1.690 0.989 0.044 2.229 3.154 2.260 0.345 1.404 0.000 0.000 0.996 1.260 2.434 1.631 0.000 0.000 
---
0 test2fip_consistent left_hidden
2.376 0.092 0.487 2.199 1.191 1.122 0.000 1.640 0.668 1.777 0.000 0.000 0.000 0.000 0.275 0.522 0.155 0.000 3.332 0.294 
0 test2fip_consistent right_hidden
0.000 0.000 0.000 1.088 1.405 0.000 0.000 1.567 2.692 0.000 0.000 0.472 2.809 0.000 0.000 0.929 0.024 0.000 0.000 0.000 
---
1 test2fip_inconsistent left_hidden
2.376 0.092 0.487 2.199 1.191 1.122 0.000 1.640 0.668 1.777 0.000 0.000 0.000 0.000 0.275 0.522 0.155 0.000 3.332 0.294 
1 test2fip_inconsistent right_hidden
1.408 0.000 0.911 2.438 0.093 0.000 0.000 3.414 1.259 1.791 0.000 0.000 2.208 0.000 0.000 1.174 0.000 0.000 2.305 0.000 
---
0 test2fip_consistent left_hidden
0.000 3.318 1.134 0.000 1.521 2.620 0.000 0.000 0.000 0.000 0.000 0.000 0.000 0.000 0.000 0.000 1.898 1.767 0.761 1.497 
0 test2fip_consistent right_hidden
0.000 1.598 1.051 0.000 0.000 0.000 0.000 0.000 0.000 3.229 0.000 0.050 1.415 0.000 0.167 0.058 0.000 0.375 0.000 2.336 
---
1 test2fip_inconsistent left_hidden
0.000 3.318 1.134 0.000 1.521 2.620 0.000 0.000 0.000 0.000 0.000 0.000 0.000 0.000 0.000 0.000 1.898 1.767 0.761 1.497 
1 test2fip_inconsistent right_hidden
0.000 4.035 2.329 0.000 2.033 2.846 0.000 0.000 0.000 2.169 0.000 0.000 0.204 0.000 0.000 0.000 0.579 1.187 2.388 1.314 
---
0 test2fip_consistent left_hidden
0.000 0.000 0.131 0.000 0.000 0.000 3.531 0.000 0.000 0.466 0.000 0.000 2.388 0.186 1.157 0.000 4.400 0.000 0.000 0.000 
0 test2fip_consistent right_hidden
1.083 0.000 0.000 0.000 3.203 0.000 0.000 0.000 2.008 0.769 1.213 0.000 0.169 0.000 0.181 1.262 1.062 0.000 0.000 0.000 
---
1 test2fip_inconsistent left_hidden
0.000 0.000 0.131 0.000 0.000 0.000 3.531 0.000 0.000 0.466 0.000 0.000 2.388 0.186 1.157 0.000 4.400 0.000 0.000 0.000 
1 test2fip_inconsistent right_hidden
0.000 0.000 0.000 0.000 2.178 0.000 2.709 0.000 1.527 1.263 0.358 0.000 3.022 0.000 0.900 0.601 3.136 0.000 0.000 0.000 
---
0 test2fip_consistent left_hidden
0.000 0.721 0.000 0.000 0.000 1.315 0.000 0.464 0.000 5.633 2.686 0.000 0.000 0.000 0.031 2.430 0.309 0.036 0.000 0.000 
0 test2fip_consistent right_hidden
0.000 0.426 0.000 0.000 2.001 0.000 0.000 1.542 0.000 0.000 2.029 0.000 0.000 2.116 0.138 0.000 0.001 0.039 0.000 0.000 
---
1 test2fip_inconsistent left_hidden
0.000 0.721 0.000 0.000 0.000 1.315 0.000 0.464 0.000 5.633 2.686 0.000 0.000 0.000 0.031 2.430 0.309 0.036 0.000 0.000 
1 test2fip_inconsistent right_hidden
0.000 0.449 0.000 0.000 0.307 1.315 0.000 0.236 0.000 5.245 2.945 0.000 0.000 1.398 0.000 0.434 0.481 0.022 0.000 0.000 
---
0 test2fip_consistent left_hidden
1.808 2.318 0.000 3.422 0.000 0.000 0.144 0.000 0.080 0.756 0.000 1.932 0.000 0.000 2.944 0.043 0.000 0.000 0.307 0.000 
0 test2fip_consistent right_hidden
2.475 0.000 0.000 0.185 0.000 0.000 2.559 0.000 2.447 0.664 0.470 0.176 0.102 0.000 0.286 0.279 0.000 0.000 0.284 0.000 
---
1 test2fip_inconsistent left_hidden
1.808 2.318 0.000 3.422 0.000 0.000 0.144 0.000 0.080 0.756 0.000 1.932 0.000 0.000 2.944 0.043 0.000 0.000 0.307 0.000 
1 test2fip_inconsistent right_hidden
1.781 2.306 0.000 2.997 0.000 0.000 3.235 0.000 2.402 2.018 1.269 0.553 1.340 0.000 2.446 0.000 0.000 0.000 0.000 0.000 
---
0 test2fip_consistent left_hidden
0.000 0.148 0.031 0.002 0.443 3.386 0.000 0.494 0.000 0.000 0.227 1.075 1.665 0.000 1.121 2.039 0.000 3.576 0.063 0.000 
0 test2fip_consistent right_hidden
0.000 0.108 0.000 0.000 0.000 1.249 0.000 0.000 0.000 0.000 0.000 2.989 0.000 0.000 1.697 0.000 0.000 0.000 2.215 2.917 
---
1 test2fip_inconsistent left_hidden
0.000 0.148 0.031 0.002 0.443 3.386 0.000 0.494 0.000 0.000 0.227 1.075 1.665 0.000 1.121 2.039 0.000 3.576 0.063 0.000 
1 test2fip_inconsistent right_hidden
0.000 0.033 0.000 0.000 1.259 4.829 0.000 0.000 0.000 0.000 0.309 3.121 0.000 0.565 2.157 0.068 0.000 2.363 0.746 2.217 
---
0 test2fip_consistent left_hidden
2.060 0.000 0.768 0.000 0.709 0.000 2.158 3.988 0.920 0.000 0.343 0.000 1.520 0.000 0.000 1.937 1.850 0.000 0.000 1.309 
0 test2fip_consistent right_hidden
0.254 0.000 0.130 0.802 0.000 1.196 1.661 2.353 0.233 0.000 2.046 0.007 0.056 0.000 0.000 0.292 0.297 1.223 0.000 0.000 
---
1 test2fip_inconsistent left_hidden
2.060 0.000 0.768 0.000 0.709 0.000 2.158 3.988 0.920 0.000 0.343 0.000 1.520 0.000 0.000 1.937 1.850 0.000 0.000 1.309 
1 test2fip_inconsistent right_hidden
2.274 0.000 0.449 0.000 0.000 0.893 1.426 4.476 0.879 0.015 1.645 0.000 1.519 0.000 0.000 2.813 3.022 0.885 0.001 0.045 
---
0 test2fip_consistent left_hidden
0.024 0.000 0.358 0.523 0.000 0.000 0.000 2.036 0.000 0.499 0.000 0.000 2.618 0.000 5.438 0.000 0.086 1.755 0.000 0.000 
0 test2fip_consistent right_hidden
0.559 1.444 0.424 1.440 0.000 0.000 0.000 0.000 1.391 2.772 0.141 0.000 0.700 0.000 0.386 0.000 0.000 1.130 0.000 0.665 
---
1 test2fip_inconsistent left_hidden
0.024 0.000 0.358 0.523 0.000 0.000 0.000 2.036 0.000 0.499 0.000 0.000 2.618 0.000 5.438 0.000 0.086 1.755 0.000 0.000 
1 test2fip_inconsistent right_hidden
0.281 0.000 0.165 2.463 0.000 0.000 0.000 0.103 0.368 2.132 0.000 0.000 3.056 0.000 4.901 0.000 0.000 0.530 0.000 0.329 
---
0 test2fip_consistent left_hidden
3.106 0.000 1.959 1.630 0.227 0.398 3.072 0.000 0.000 1.449 0.000 0.000 0.000 0.000 0.000 0.599 1.036 1.627 0.677 0.000 
0 test2fip_consistent right_hidden
0.854 0.000 0.000 0.000 0.000 0.512 0.990 0.000 0.000 0.000 0.000 0.000 0.000 0.000 0.000 0.000 0.764 0.000 0.500 3.832 
---
1 test2fip_inconsistent left_hidden
3.106 0.000 1.959 1.630 0.227 0.398 3.072 0.000 0.000 1.449 0.000 0.000 0.000 0.000 0.000 0.599 1.036 1.627 0.677 0.000 
1 test2fip_inconsistent right_hidden
3.224 0.000 0.825 1.394 0.238 0.670 1.451 0.000 0.000 0.000 0.000 0.000 0.000 0.000 0.000 0.000 0.546 2.680 0.499 3.298 
---
0 test2fip_consistent left_hidden
3.098 0.000 2.048 0.000 0.000 0.000 0.000 0.217 0.194 1.261 2.040 0.000 1.956 0.447 0.000 0.522 2.793 0.751 1.014 0.316 
0 test2fip_consistent right_hidden
0.296 0.000 0.440 0.000 0.000 1.451 0.000 2.054 0.287 0.000 0.419 1.247 0.189 0.776 0.000 0.223 0.000 1.632 0.287 0.000 
---
1 test2fip_inconsistent left_hidden
3.098 0.000 2.048 0.000 0.000 0.000 0.000 0.217 0.194 1.261 2.040 0.000 1.956 0.447 0.000 0.522 2.793 0.751 1.014 0.316 
1 test2fip_inconsistent right_hidden
2.229 0.000 2.248 0.000 0.000 0.993 0.000 0.761 0.000 0.000 0.662 0.000 0.000 0.347 0.000 0.912 4.525 1.135 1.124 0.000 
---
0 test2fip_consistent left_hidden
0.000 0.000 0.000 2.245 0.000 0.000 0.000 1.325 0.000 4.508 0.052 1.915 0.011 0.000 0.000 2.894 0.679 0.000 0.554 0.000 
0 test2fip_consistent right_hidden
0.000 1.508 1.188 0.000 0.000 0.000 0.000 0.090 0.000 2.790 0.000 0.105 0.000 2.225 0.384 0.888 0.094 0.000 1.986 2.082 
---
1 test2fip_inconsistent left_hidden
0.000 0.000 0.000 2.245 0.000 0.000 0.000 1.325 0.000 4.508 0.052 1.915 0.011 0.000 0.000 2.894 0.679 0.000 0.554 0.000 
1 test2fip_inconsistent right_hidden
0.000 2.130 0.322 0.000 0.000 0.000 0.000 0.986 0.000 4.808 0.000 3.821 0.000 1.351 0.714 2.273 1.748 0.000 0.711 0.293 
---
0 test2fip_consistent left_hidden
0.627 0.000 1.273 0.000 0.088 0.021 1.167 0.000 0.139 0.000 0.000 0.000 0.000 0.608 5.430 0.000 0.000 0.000 3.399 0.000 
0 test2fip_consistent right_hidden
2.494 2.365 2.705 0.000 1.181 0.227 1.840 0.000 0.000 0.000 0.350 0.491 0.000 0.048 0.000 0.000 0.000 0.000 0.000 0.000 
---
1 test2fip_inconsistent left_hidden
0.627 0.000 1.273 0.000 0.088 0.021 1.167 0.000 0.139 0.000 0.000 0.000 0.000 0.608 5.430 0.000 0.000 0.000 3.399 0.000 
1 test2fip_inconsistent right_hidden
2.657 1.296 1.655 0.000 2.040 0.411 0.855 0.000 0.000 0.000 0.212 0.000 0.000 0.000 4.675 0.000 0.000 0.000 0.238 0.171 
---
0 test2fip_consistent left_hidden
0.805 2.522 0.000 1.056 1.057 2.451 0.567 1.130 1.087 0.288 0.000 1.726 0.000 0.000 0.050 0.000 0.208 1.905 0.000 0.000 
0 test2fip_consistent right_hidden
0.000 0.653 0.000 0.095 0.000 1.394 0.056 0.000 0.000 0.030 0.006 0.000 0.000 2.836 0.000 0.000 1.529 1.923 0.000 0.000 
---
1 test2fip_inconsistent left_hidden
0.805 2.522 0.000 1.056 1.057 2.451 0.567 1.130 1.087 0.288 0.000 1.726 0.000 0.000 0.050 0.000 0.208 1.905 0.000 0.000 
1 test2fip_inconsistent right_hidden
0.185 1.734 0.000 1.454 0.000 3.705 0.685 1.455 1.087 0.113 0.000 2.633 0.000 1.101 0.000 0.070 0.000 2.821 0.000 0.000 
---
0 test2fip_consistent left_hidden
0.000 0.000 0.000 1.599 0.000 0.044 0.000 0.165 0.000 0.000 1.056 0.000 0.291 2.080 3.569 0.614 0.000 0.011 2.040 2.811 
0 test2fip_consistent right_hidden
0.000 0.000 0.000 0.000 0.836 1.785 1.564 1.788 0.000 0.000 0.010 0.000 0.000 0.000 0.000 0.000 2.444 0.000 0.000 2.382 
---
1 test2fip_inconsistent left_hidden
0.000 0.000 0.000 1.599 0.000 0.044 0.000 0.165 0.000 0.000 1.056 0.000 0.291 2.080 3.569 0.614 0.000 0.011 2.040 2.811 
1 test2fip_inconsistent right_hidden
0.000 0.000 0.000 0.756 0.299 0.780 0.000 1.149 0.000 0.000 1.028 0.000 0.000 1.135 1.035 0.000 1.353 0.000 2.227 3.824 
---
0 test2fip_consistent left_hidden
1.191 0.952 1.092 0.000 0.000 2.396 0.307 2.208 0.362 3.369 0.000 0.523 0.000 0.000 1.657 0.766 0.000 0.000 0.000 2.388 
0 test2fip_consistent right_hidden
1.105 1.635 0.000 0.639 0.000 0.000 0.598 0.000 0.000 1.847 0.045 2.458 0.000 0.000 0.111 0.067 0.022 0.923 0.032 0.026 
---
1 test2fip_inconsistent left_hidden
1.191 0.952 1.092 0.000 0.000 2.396 0.307 2.208 0.362 3.369 0.000 0.523 0.000 0.000 1.657 0.766 0.000 0.000 0.000 2.388 
1 test2fip_inconsistent right_hidden
0.918 2.312 0.666 0.318 0.000 2.158 0.000 1.139 0.000 4.880 0.158 1.718 0.000 0.000 1.253 1.244 0.000 0.017 0.000 1.941 
---
0 test2fip_consistent left_hidden
0.000 0.000 0.306 0.000 0.678 1.452 1.753 0.067 0.000 2.916 1.440 3.795 1.167 1.796 0.000 0.000 0.000 0.301 0.000 0.000 
0 test2fip_consistent right_hidden
2.582 0.000 0.000 0.000 1.745 0.000 1.052 0.131 0.000 0.000 1.720 0.000 1.119 0.000 2.598 0.862 0.000 1.109 0.387 0.637 
---
1 test2fip_inconsistent left_hidden
0.000 0.000 0.306 0.000 0.678 1.452 1.753 0.067 0.000 2.916 1.440 3.795 1.167 1.796 0.000 0.000 0.000 0.301 0.000 0.000 
1 test2fip_inconsistent right_hidden
1.906 0.000 0.000 0.000 1.294 0.000 0.276 0.000 0.000 0.485 1.678 4.337 0.982 1.524 1.740 0.397 0.000 0.966 0.000 0.000 
---
0 test2fip_consistent left_hidden
0.708 0.000 0.000 1.130 0.000 1.987 0.117 0.000 2.745 0.000 0.000 0.000 0.000 0.000 0.000 0.315 0.000 3.619 0.000 2.919 
0 test2fip_consistent right_hidden
0.929 0.000 0.021 0.000 0.000 1.624 1.717 0.000 0.527 0.010 0.000 0.000 0.000 0.000 1.665 2.047 2.160 0.000 0.000 0.000 
---
1 test2fip_inconsistent left_hidden
0.708 0.000 0.000 1.130 0.000 1.987 0.117 0.000 2.745 0.000 0.000 0.000 0.000 0.000 0.000 0.315 0.000 3.619 0.000 2.919 
1 test2fip_inconsistent right_hidden
0.000 0.000 0.076 0.000 1.476 3.548 1.343 0.000 2.036 0.000 0.000 0.000 0.000 0.000 0.502 1.353 1.247 1.471 2.276 2.203 
---
0 test2fip_consistent left_hidden
2.408 0.000 2.990 2.557 0.605 0.000 1.265 2.143 0.000 0.000 0.000 0.441 1.155 1.626 2.168 0.232 0.000 0.000 0.000 0.129 
0 test2fip_consistent right_hidden
1.454 0.132 0.000 0.000 0.978 0.000 0.210 0.551 0.000 1.157 0.420 2.510 0.169 0.062 0.230 0.000 0.055 0.000 0.000 1.323 
---
1 test2fip_inconsistent left_hidden
2.408 0.000 2.990 2.557 0.605 0.000 1.265 2.143 0.000 0.000 0.000 0.441 1.155 1.626 2.168 0.232 0.000 0.000 0.000 0.129 
1 test2fip_inconsistent right_hidden
3.880 0.000 2.102 2.384 1.264 0.000 1.034 1.600 0.000 1.014 0.000 1.365 2.139 0.288 1.827 0.000 0.000 0.000 0.000 0.000 
---
0 test2fip_consistent left_hidden
4.032 0.000 0.000 0.000 1.191 0.000 3.948 0.000 0.000 0.105 0.000 0.486 0.000 0.000 0.924 0.569 1.390 0.000 0.000 0.000 
0 test2fip_consistent right_hidden
0.943 0.000 0.087 0.000 2.343 0.237 0.000 0.000 0.000 0.000 0.113 0.040 2.200 0.000 1.965 1.947 0.000 0.000 1.820 0.000 
---
1 test2fip_inconsistent left_hidden
4.032 0.000 0.000 0.000 1.191 0.000 3.948 0.000 0.000 0.105 0.000 0.486 0.000 0.000 0.924 0.569 1.390 0.000 0.000 0.000 
1 test2fip_inconsistent right_hidden
3.444 0.000 0.000 0.000 3.348 0.318 2.844 0.000 0.000 0.000 0.220 1.592 2.134 0.000 1.007 0.543 1.667 0.000 0.000 0.000 
---
0 test2fip_consistent left_hidden
0.892 0.000 2.430 0.000 0.000 0.000 0.000 1.499 3.176 0.548 1.076 0.025 1.431 0.000 1.094 0.000 0.067 0.000 0.000 1.885 
0 test2fip_consistent right_hidden
1.524 0.000 0.000 1.729 0.001 0.981 0.000 0.000 0.842 1.356 0.000 0.000 0.000 2.987 0.000 0.000 0.000 0.000 0.103 1.122 
---
1 test2fip_inconsistent left_hidden
0.892 0.000 2.430 0.000 0.000 0.000 0.000 1.499 3.176 0.548 1.076 0.025 1.431 0.000 1.094 0.000 0.067 0.000 0.000 1.885 
1 test2fip_inconsistent right_hidden
0.149 0.000 0.000 0.906 0.000 1.643 0.000 1.592 4.594 1.448 1.662 0.000 0.536 1.479 1.186 0.000 0.000 0.000 0.336 2.030 
---
0 test2fip_consistent left_hidden
2.517 0.000 0.000 0.132 0.067 2.578 0.000 0.000 2.489 0.000 0.216 0.257 1.652 0.000 0.000 0.000 3.145 0.000 1.354 0.000 
0 test2fip_consistent right_hidden
0.000 0.000 0.939 1.227 1.085 0.000 0.999 0.000 0.740 0.000 0.000 1.734 0.000 0.000 2.595 0.234 0.000 0.000 1.126 1.282 
---
1 test2fip_inconsistent left_hidden
2.517 0.000 0.000 0.132 0.067 2.578 0.000 0.000 2.489 0.000 0.216 0.257 1.652 0.000 0.000 0.000 3.145 0.000 1.354 0.000 
1 test2fip_inconsistent right_hidden
0.713 0.000 2.077 0.690 3.381 0.914 0.000 0.000 1.473 0.000 0.000 0.610 1.492 0.000 0.391 0.000 1.669 0.000 3.338 0.504 
---
0 test2fip_consistent left_hidden
1.390 0.000 2.022 0.000 0.117 1.165 1.378 1.623 0.743 0.000 0.000 0.030 0.000 1.297 0.000 0.000 0.909 1.534 2.606 2.154 
0 test2fip_consistent right_hidden
0.000 0.000 0.193 0.000 0.000 0.000 1.470 0.016 0.000 0.000 0.000 0.077 0.000 0.040 0.806 0.122 3.027 1.504 1.681 0.000 
---
1 test2fip_inconsistent left_hidden
1.390 0.000 2.022 0.000 0.117 1.165 1.378 1.623 0.743 0.000 0.000 0.030 0.000 1.297 0.000 0.000 0.909 1.534 2.606 2.154 
1 test2fip_inconsistent right_hidden
1.805 0.000 2.460 0.000 0.000 1.665 1.342 1.911 0.000 0.000 0.000 0.023 0.000 2.295 0.569 0.000 2.103 3.291 2.139 2.234 
---
0 test2fip_consistent left_hidden
0.000 2.120 3.362 0.000 0.289 0.000 0.000 2.662 0.000 0.000 0.000 0.000 0.000 0.000 1.516 1.604 1.427 0.284 0.000 0.475 
0 test2fip_consistent right_hidden
0.000 0.000 0.228 0.000 3.188 0.994 0.000 0.383 0.000 0.000 0.000 0.000 0.015 0.000 0.372 1.145 0.318 0.042 2.407 0.000 
---
1 test2fip_inconsistent left_hidden
0.000 2.120 3.362 0.000 0.289 0.000 0.000 2.662 0.000 0.000 0.000 0.000 0.000 0.000 1.516 1.604 1.427 0.284 0.000 0.475 
1 test2fip_inconsistent right_hidden
0.000 2.733 3.253 0.000 2.694 0.174 0.000 3.787 0.000 0.000 0.000 0.000 0.000 0.000 2.071 2.040 0.466 0.000 1.619 0.000 
---
0 test2fip_consistent left_hidden
0.000 1.833 0.000 1.282 0.000 0.000 0.000 0.000 2.785 0.421 0.000 0.336 0.000 3.042 0.000 0.000 0.000 0.000 3.651 0.000 
0 test2fip_consistent right_hidden
0.000 1.752 1.072 0.000 0.169 0.628 0.000 1.442 0.705 0.000 0.000 1.298 1.907 1.647 0.000 0.000 0.000 0.687 0.069 0.725 
---
1 test2fip_inconsistent left_hidden
0.000 1.833 0.000 1.282 0.000 0.000 0.000 0.000 2.785 0.421 0.000 0.336 0.000 3.042 0.000 0.000 0.000 0.000 3.651 0.000 
1 test2fip_inconsistent right_hidden
0.000 2.250 0.470 0.000 0.237 1.751 0.000 1.393 1.877 1.090 0.000 1.204 1.105 3.543 0.000 0.000 0.000 0.000 4.469 0.440 
---
0 test2fip_consistent left_hidden
1.072 0.000 0.000 0.000 0.413 4.306 0.000 0.000 0.000 0.000 0.404 3.924 0.382 0.000 0.000 0.000 0.000 0.169 0.000 2.217 
0 test2fip_consistent right_hidden
0.214 0.000 0.000 0.000 0.000 0.000 0.000 0.721 2.088 1.184 0.604 0.978 0.000 0.471 2.295 0.000 1.040 0.067 0.000 0.000 
---
1 test2fip_inconsistent left_hidden
1.072 0.000 0.000 0.000 0.413 4.306 0.000 0.000 0.000 0.000 0.404 3.924 0.382 0.000 0.000 0.000 0.000 0.169 0.000 2.217 
1 test2fip_inconsistent right_hidden
0.593 0.000 0.000 0.000 0.000 1.757 0.000 0.118 1.139 0.330 0.202 5.881 0.000 0.000 1.810 0.000 0.543 0.000 0.000 0.338 
---
0 test2fip_consistent left_hidden
3.188 0.000 1.583 3.778 0.036 0.653 0.000 0.000 0.000 0.000 0.000 0.000 2.050 0.000 0.000 0.000 0.000 1.863 0.017 0.000 
0 test2fip_consistent right_hidden
0.421 0.000 0.000 0.163 1.984 0.949 0.000 0.000 0.000 2.595 0.000 0.000 0.000 0.000 0.065 0.000 0.589 2.650 0.000 1.589 
---
1 test2fip_inconsistent left_hidden
3.188 0.000 1.583 3.778 0.036 0.653 0.000 0.000 0.000 0.000 0.000 0.000 2.050 0.000 0.000 0.000 0.000 1.863 0.017 0.000 
1 test2fip_inconsistent right_hidden
2.316 0.000 1.421 3.331 1.146 2.344 0.000 0.000 0.000 1.558 0.000 0.000 2.302 0.000 0.000 0.000 0.396 2.665 0.000 0.000 
---
0 test2fip_consistent left_hidden
0.000 2.744 1.661 0.242 0.214 1.957 0.000 0.000 1.256 0.000 1.951 0.000 3.063 0.000 0.000 1.938 0.000 0.000 2.944 0.000 
0 test2fip_consistent right_hidden
0.000 0.191 0.909 0.000 0.000 2.523 0.000 0.000 1.165 0.000 2.959 0.000 0.000 0.349 0.000 0.000 0.000 0.000 0.000 0.000 
---
1 test2fip_inconsistent left_hidden
0.000 2.744 1.661 0.242 0.214 1.957 0.000 0.000 1.256 0.000 1.951 0.000 3.063 0.000 0.000 1.938 0.000 0.000 2.944 0.000 
1 test2fip_inconsistent right_hidden
0.000 1.461 1.646 0.002 0.000 4.031 0.000 0.000 0.619 0.000 2.067 0.000 2.778 0.000 0.000 0.000 0.000 0.000 3.254 0.000 
---
0 test2fip_consistent left_hidden
0.000 0.000 0.000 0.170 0.000 0.000 0.000 0.417 0.000 0.000 1.512 1.805 0.000 0.000 0.000 5.366 1.208 3.477 0.495 1.564 
0 test2fip_consistent right_hidden
0.000 2.409 1.019 0.029 0.000 0.089 0.252 0.000 0.000 0.551 0.059 0.114 0.332 0.135 1.865 1.487 0.000 0.162 1.594 0.000 
---
1 test2fip_inconsistent left_hidden
0.000 0.000 0.000 0.170 0.000 0.000 0.000 0.417 0.000 0.000 1.512 1.805 0.000 0.000 0.000 5.366 1.208 3.477 0.495 1.564 
1 test2fip_inconsistent right_hidden
0.000 1.894 0.683 0.000 0.000 0.000 0.039 0.000 0.000 0.000 1.259 1.490 0.000 0.000 0.691 5.269 0.000 3.410 1.390 0.000 
---
0 test2fip_consistent left_hidden
0.000 0.000 0.000 2.557 0.394 0.202 4.938 2.086 0.000 0.000 0.000 0.000 0.000 0.000 0.036 0.000 0.000 0.000 1.442 0.894 
0 test2fip_consistent right_hidden
0.028 0.000 0.000 0.222 0.000 0.000 0.000 0.075 0.530 0.000 0.000 1.893 0.000 0.000 2.667 1.329 0.702 0.000 0.000 0.000 
---
1 test2fip_inconsistent left_hidden
0.000 0.000 0.000 2.557 0.394 0.202 4.938 2.086 0.000 0.000 0.000 0.000 0.000 0.000 0.036 0.000 0.000 0.000 1.442 0.894 
1 test2fip_inconsistent right_hidden
0.885 0.000 0.000 2.318 0.000 0.000 2.735 2.872 0.148 0.000 0.000 1.089 0.000 0.000 1.934 0.145 0.279 0.322 2.846 0.000 
---
0 test2fip_consistent left_hidden
2.309 0.305 3.601 1.346 0.000 0.000 0.896 0.000 0.000 1.762 0.000 0.000 0.000 2.204 0.033 0.773 0.000 0.462 1.819 0.000 
0 test2fip_consistent right_hidden
1.248 0.704 0.003 0.297 1.417 1.819 0.692 0.000 0.000 1.784 0.046 1.523 0.610 0.000 0.093 0.000 0.710 0.862 0.000 0.000 
---
1 test2fip_inconsistent left_hidden
2.309 0.305 3.601 1.346 0.000 0.000 0.896 0.000 0.000 1.762 0.000 0.000 0.000 2.204 0.033 0.773 0.000 0.462 1.819 0.000 
1 test2fip_inconsistent right_hidden
2.530 0.241 3.132 0.438 1.006 2.135 0.945 0.000 0.000 3.276 0.000 0.778 0.000 2.204 0.000 0.810 0.415 0.000 2.572 0.000 
---
0 test2fip_consistent left_hidden
0.545 0.000 3.153 3.875 0.000 0.541 0.000 2.917 0.000 0.000 0.000 0.000 0.000 0.000 1.632 0.994 0.000 0.021 0.000 0.000 
0 test2fip_consistent right_hidden
1.908 0.000 0.000 0.406 0.000 0.000 1.711 0.000 0.000 0.000 1.526 0.000 0.000 0.000 1.947 0.356 0.000 0.001 0.000 0.055 
---
1 test2fip_inconsistent left_hidden
0.545 0.000 3.153 3.875 0.000 0.541 0.000 2.917 0.000 0.000 0.000 0.000 0.000 0.000 1.632 0.994 0.000 0.021 0.000 0.000 
1 test2fip_inconsistent right_hidden
2.829 0.000 1.519 3.139 0.000 0.837 1.133 2.612 0.926 0.000 0.541 0.000 0.000 0.000 2.093 1.073 0.000 0.000 1.168 0.000 
---
0 test2fip_consistent left_hidden
0.000 0.000 0.000 0.420 0.000 0.000 0.030 3.217 3.665 0.000 0.000 0.588 0.000 2.665 0.383 0.000 2.807 0.707 0.000 0.000 
0 test2fip_consistent right_hidden
0.000 0.000 0.000 0.741 1.053 1.720 0.000 2.925 0.000 0.000 0.019 0.000 0.000 0.000 0.000 0.000 0.000 3.012 0.000 0.000 
---
1 test2fip_inconsistent left_hidden
0.000 0.000 0.000 0.420 0.000 0.000 0.030 3.217 3.665 0.000 0.000 0.588 0.000 2.665 0.383 0.000 2.807 0.707 0.000 0.000 
1 test2fip_inconsistent right_hidden
0.000 0.000 0.000 0.000 0.210 0.359 0.000 3.528 4.183 0.000 0.000 0.041 0.000 0.406 0.000 0.000 0.000 2.672 0.000 0.000 
---
0 test2fip_consistent left_hidden
0.000 0.000 0.000 0.000 1.147 1.952 1.306 2.243 2.939 0.000 3.078 0.387 0.000 0.000 0.275 2.343 0.000 0.000 0.234 0.000 
0 test2fip_consistent right_hidden
0.085 0.000 0.000 1.491 0.000 0.000 0.284 0.423 2.173 0.000 0.000 1.740 0.000 2.308 0.000 0.000 0.000 0.725 0.403 0.000 
---
1 test2fip_inconsistent left_hidden
0.000 0.000 0.000 0.000 1.147 1.952 1.306 2.243 2.939 0.000 3.078 0.387 0.000 0.000 0.275 2.343 0.000 0.000 0.234 0.000 
1 test2fip_inconsistent right_hidden
0.000 0.000 0.000 1.150 0.000 1.517 0.763 2.732 3.407 0.000 3.366 1.184 0.000 0.135 0.000 1.272 0.000 0.000 1.310 0.000 
---
0 test2fip_consistent left_hidden
0.000 0.287 0.000 0.000 0.653 0.000 3.120 0.000 3.715 0.815 0.796 2.497 0.000 0.615 0.179 0.000 0.000 0.000 0.012 0.000 
0 test2fip_consistent right_hidden
0.000 3.205 1.278 1.439 0.046 0.000 0.000 0.000 0.484 0.265 0.289 0.716 0.000 0.000 2.071 0.195 0.000 0.000 0.000 0.000 
---
1 test2fip_inconsistent left_hidden
0.000 0.287 0.000 0.000 0.653 0.000 3.120 0.000 3.715 0.815 0.796 2.497 0.000 0.615 0.179 0.000 0.000 0.000 0.012 0.000 
1 test2fip_inconsistent right_hidden
0.000 2.886 0.120 0.324 0.722 0.000 2.088 0.000 4.419 0.725 0.609 2.954 0.000 0.000 1.560 0.000 0.000 0.000 0.000 0.000 
---
0 test2fip_consistent left_hidden
2.985 0.000 0.000 1.425 0.390 0.921 0.000 0.000 0.000 0.000 0.000 1.885 0.507 0.201 0.298 0.000 0.000 1.140 4.209 1.835 
0 test2fip_consistent right_hidden
0.086 0.000 2.103 0.295 0.408 0.053 0.006 0.000 0.075 0.000 2.636 1.941 0.000 2.322 0.000 0.000 0.000 0.906 0.000 0.195 
---
1 test2fip_inconsistent left_hidden
2.985 0.000 0.000 1.425 0.390 0.921 0.000 0.000 0.000 0.000 0.000 1.885 0.507 0.201 0.298 0.000 0.000 1.140 4.209 1.835 
1 test2fip_inconsistent right_hidden
2.911 0.000 1.452 2.601 0.846 0.612 0.000 0.000 0.000 0.000 1.610 3.030 0.124 2.047 0.000 0.000 0.000 0.409 3.279 0.123 
---
0 test2fip_consistent left_hidden
0.000 0.000 0.000 0.000 3.588 0.000 0.000 0.000 0.000 0.000 1.061 0.000 1.007 0.000 0.219 0.000 3.681 2.509 0.681 0.119 
0 test2fip_consistent right_hidden
3.122 0.006 1.074 0.000 0.079 0.000 0.000 0.047 2.537 0.030 0.660 1.098 0.000 0.000 0.000 0.689 0.705 0.000 0.000 0.000 
---
1 test2fip_inconsistent left_hidden
0.000 0.000 0.000 0.000 3.588 0.000 0.000 0.000 0.000 0.000 1.061 0.000 1.007 0.000 0.219 0.000 3.681 2.509 0.681 0.119 
1 test2fip_inconsistent right_hidden
2.057 0.000 0.739 0.000 2.073 0.000 0.000 0.000 2.206 0.000 3.039 1.081 0.000 0.000 0.000 0.654 4.133 2.082 1.004 0.000 
---
0 test2fip_consistent left_hidden
0.000 0.000 0.000 1.520 1.431 1.464 0.307 2.079 0.000 0.604 0.171 4.052 0.998 0.492 0.756 0.000 0.000 0.787 0.000 1.411 
0 test2fip_consistent right_hidden
0.000 0.040 1.594 0.000 0.000 0.094 0.299 0.000 0.402 0.000 0.000 0.449 0.195 1.678 0.238 0.000 0.000 1.277 0.000 2.390 
---
1 test2fip_inconsistent left_hidden
0.000 0.000 0.000 1.520 1.431 1.464 0.307 2.079 0.000 0.604 0.171 4.052 0.998 0.492 0.756 0.000 0.000 0.787 0.000 1.411 
1 test2fip_inconsistent right_hidden
0.000 0.000 0.594 1.345 0.584 2.261 0.000 1.278 0.000 0.000 0.000 4.718 1.126 0.001 0.000 0.000 0.000 1.157 0.000 2.247 
---
0 test2fip_consistent left_hidden
0.000 0.000 0.000 1.738 0.000 0.000 0.000 0.000 1.569 0.000 0.000 0.629 0.953 2.837 0.000 0.355 0.000 2.227 3.028 2.085 
0 test2fip_consistent right_hidden
0.000 1.295 0.000 2.243 0.000 1.513 0.105 0.000 0.000 0.000 0.000 0.757 1.499 0.119 0.149 0.059 0.000 0.809 0.790 0.161 
---
1 test2fip_inconsistent left_hidden
0.000 0.000 0.000 1.738 0.000 0.000 0.000 0.000 1.569 0.000 0.000 0.629 0.953 2.837 0.000 0.355 0.000 2.227 3.028 2.085 
1 test2fip_inconsistent right_hidden
0.000 0.000 0.000 3.383 0.000 0.000 0.000 0.000 0.727 0.000 0.000 0.849 1.990 4.031 0.000 1.010 0.000 1.751 2.349 1.004 
---
0 test2fip_consistent left_hidden
4.240 0.834 1.206 0.482 0.000 0.000 0.182 0.000 0.000 0.000 1.306 3.730 0.000 0.000 0.060 0.000 0.000 1.470 0.000 0.000 
0 test2fip_consistent right_hidden
0.242 0.000 0.098 0.000 0.676 0.000 0.172 2.510 1.321 0.000 0.000 1.737 0.000 0.560 0.045 0.000 0.536 3.084 0.210 0.000 
---
1 test2fip_inconsistent left_hidden
4.240 0.834 1.206 0.482 0.000 0.000 0.182 0.000 0.000 0.000 1.306 3.730 0.000 0.000 0.060 0.000 0.000 1.470 0.000 0.000 
1 test2fip_inconsistent right_hidden
4.099 0.217 0.609 0.175 0.057 0.000 0.014 2.506 0.576 0.000 0.862 4.728 0.000 0.422 0.000 0.000 0.000 2.807 0.000 0.000 
---
0 test2fip_consistent left_hidden
0.295 0.000 0.000 1.647 1.029 3.612 0.000 0.000 0.008 0.161 1.421 0.769 0.601 0.956 2.206 0.000 2.389 1.094 0.000 0.844 
0 test2fip_consistent right_hidden
0.000 1.989 0.310 0.715 1.216 1.908 0.000 0.000 0.500 1.121 0.121 0.302 0.131 0.000 0.000 0.000 0.065 0.000 0.000 2.210 
---
1 test2fip_inconsistent left_hidden
0.295 0.000 0.000 1.647 1.029 3.612 0.000 0.000 0.008 0.161 1.421 0.769 0.601 0.956 2.206 0.000 2.389 1.094 0.000 0.844 
1 test2fip_inconsistent right_hidden
0.000 0.447 0.312 2.560 0.797 4.824 0.609 0.000 0.000 0.052 2.174 0.000 0.442 0.000 0.380 0.019 2.373 0.000 0.000 1.337 
---
0 test2fip_consistent left_hidden
1.061 2.952 0.008 0.533 0.293 0.000 1.238 2.950 0.000 0.000 0.000 0.000 0.898 0.000 0.801 0.289 0.000 0.000 2.428 0.000 
0 test2fip_consistent right_hidden
0.000 0.000 0.343 0.540 0.000 0.000 1.998 0.000 0.000 0.469 0.000 0.000 0.000 0.000 0.693 1.655 1.111 1.337 0.416 0.224 
---
1 test2fip_inconsistent left_hidden
1.061 2.952 0.008 0.533 0.293 0.000 1.238 2.950 0.000 0.000 0.000 0.000 0.898 0.000 0.801 0.289 0.000 0.000 2.428 0.000 
1 test2fip_inconsistent right_hidden
2.295 1.457 0.000 0.000 0.000 0.000 2.605 3.176 0.000 0.230 0.000 0.000 0.817 0.000 0.000 1.253 0.440 0.686 2.176 0.000 
---
0 test2fip_consistent left_hidden
1.153 0.000 1.126 0.000 0.095 0.000 3.062 0.870 0.000 0.000 1.398 0.000 0.410 2.432 0.246 0.000 0.000 0.000 4.643 0.000 
0 test2fip_consistent right_hidden
2.144 0.000 0.000 0.025 1.544 2.226 1.927 0.000 0.068 0.274 0.732 0.000 0.000 0.000 0.000 0.221 0.000 1.441 1.099 0.000 
---
1 test2fip_inconsistent left_hidden
1.153 0.000 1.126 0.000 0.095 0.000 3.062 0.870 0.000 0.000 1.398 0.000 0.410 2.432 0.246 0.000 0.000 0.000 4.643 0.000 
1 test2fip_inconsistent right_hidden
0.994 0.000 0.107 0.000 0.500 1.089 1.856 0.000 0.000 0.000 1.980 0.000 0.000 2.060 0.000 0.000 0.000 0.098 5.471 0.000 
---
0 test2fip_consistent left_hidden
0.000 0.000 0.929 0.786 0.000 0.378 1.216 0.042 1.233 0.000 4.838 0.000 0.000 0.000 0.000 0.000 0.000 2.069 0.212 2.572 
0 test2fip_consistent right_hidden
0.000 0.000 0.897 0.000 0.000 0.000 1.174 1.549 1.735 0.000 0.000 0.565 0.000 3.652 0.000 0.000 0.000 0.000 0.471 0.000 
---
1 test2fip_inconsistent left_hidden
0.000 0.000 0.929 0.786 0.000 0.378 1.216 0.042 1.233 0.000 4.838 0.000 0.000 0.000 0.000 0.000 0.000 2.069 0.212 2.572 
1 test2fip_inconsistent right_hidden
0.000 0.000 0.480 0.242 0.000 0.006 4.672 1.420 3.095 0.000 1.897 0.704 0.000 1.384 0.000 0.000 0.000 1.751 0.176 0.000 
---
0 test2fip_consistent left_hidden
1.203 0.265 0.000 1.779 1.882 1.406 0.532 0.625 0.030 1.766 0.648 1.174 0.000 0.000 0.000 1.940 3.201 0.529 0.810 0.311 
0 test2fip_consistent right_hidden
2.111 0.070 0.000 0.016 0.403 0.662 0.131 0.000 0.204 1.853 1.493 0.000 0.000 0.000 0.000 0.897 0.223 0.191 0.130 0.338 
---
1 test2fip_inconsistent left_hidden
1.203 0.265 0.000 1.779 1.882 1.406 0.532 0.625 0.030 1.766 0.648 1.174 0.000 0.000 0.000 1.940 3.201 0.529 0.810 0.311 
1 test2fip_inconsistent right_hidden
3.490 0.623 0.000 1.889 1.303 0.477 0.000 0.099 0.027 1.742 1.135 1.893 0.000 0.000 0.000 0.289 3.373 1.641 0.881 0.025 
---
0 test2fip_consistent left_hidden
2.984 0.000 0.000 0.830 0.675 0.278 0.328 1.166 0.000 0.000 0.000 2.375 0.000 0.000 0.000 1.849 0.000 0.000 3.256 2.796 
0 test2fip_consistent right_hidden
0.273 0.000 0.000 0.000 0.000 0.000 3.599 3.125 0.000 0.000 0.000 0.000 0.000 0.000 0.000 0.876 0.000 0.000 0.000 0.687 
---
1 test2fip_inconsistent left_hidden
2.984 0.000 0.000 0.830 0.675 0.278 0.328 1.166 0.000 0.000 0.000 2.375 0.000 0.000 0.000 1.849 0.000 0.000 3.256 2.796 
1 test2fip_inconsistent right_hidden
2.638 0.000 0.000 0.013 0.000 0.000 3.594 2.192 0.000 0.000 0.000 1.379 0.000 0.000 0.000 3.792 0.000 0.025 2.194 1.688 
---
0 test2fip_consistent left_hidden
0.000 0.000 2.904 0.000 0.000 0.000 0.000 0.000 4.767 0.762 0.000 0.000 0.000 1.087 0.000 1.511 0.881 0.000 0.099 0.000 
0 test2fip_consistent right_hidden
0.450 0.000 3.818 0.000 0.000 2.186 0.000 0.000 0.000 0.000 0.000 0.000 0.000 0.000 0.033 0.000 0.000 0.000 1.071 0.000 
---
1 test2fip_inconsistent left_hidden
0.000 0.000 2.904 0.000 0.000 0.000 0.000 0.000 4.767 0.762 0.000 0.000 0.000 1.087 0.000 1.511 0.881 0.000 0.099 0.000 
1 test2fip_inconsistent right_hidden
1.071 0.000 3.771 0.000 0.000 2.158 0.000 0.000 3.669 0.000 0.000 0.000 0.000 2.619 0.000 0.000 0.000 0.000 0.882 0.000 
---
0 test2fip_consistent left_hidden
0.301 0.565 0.973 0.000 2.559 0.000 0.000 2.857 0.000 0.000 0.000 0.000 0.575 0.640 1.151 3.536 1.172 1.150 0.189 0.050 
0 test2fip_consistent right_hidden
0.000 0.000 1.270 0.000 0.000 0.000 0.000 0.896 0.034 0.836 0.000 1.961 0.000 0.000 2.071 0.000 1.379 0.000 0.000 1.757 
---
1 test2fip_inconsistent left_hidden
0.301 0.565 0.973 0.000 2.559 0.000 0.000 2.857 0.000 0.000 0.000 0.000 0.575 0.640 1.151 3.536 1.172 1.150 0.189 0.050 
1 test2fip_inconsistent right_hidden
1.399 0.924 1.454 0.000 0.000 0.000 0.000 1.003 0.000 0.408 0.000 0.189 0.917 0.927 2.861 2.256 2.283 0.031 0.000 0.629 
---
0 test2fip_consistent left_hidden
1.610 0.000 3.888 1.711 0.000 2.292 0.504 0.328 0.197 0.000 0.956 2.047 0.000 0.431 0.000 0.971 1.096 0.072 0.441 0.000 
0 test2fip_consistent right_hidden
0.000 0.000 0.960 0.000 0.000 2.824 0.000 0.000 1.776 0.000 0.000 0.000 0.000 2.804 0.000 0.000 0.016 0.050 0.000 0.000 
---
1 test2fip_inconsistent left_hidden
1.610 0.000 3.888 1.711 0.000 2.292 0.504 0.328 0.197 0.000 0.956 2.047 0.000 0.431 0.000 0.971 1.096 0.072 0.441 0.000 
1 test2fip_inconsistent right_hidden
0.300 0.000 4.878 0.000 0.000 2.099 0.000 0.266 1.347 0.000 1.681 2.411 0.000 2.458 0.000 0.713 0.509 0.165 0.000 0.000 
---
0 test2fip_consistent left_hidden
2.773 1.634 0.000 0.000 0.000 1.410 1.074 0.046 1.020 0.190 0.000 0.000 0.000 0.308 0.210 3.061 0.000 2.428 0.000 0.000 
0 test2fip_consistent right_hidden
0.317 1.182 0.000 1.160 0.000 0.677 0.000 1.080 2.229 2.548 0.000 0.000 0.816 0.445 0.000 0.087 0.000 0.428 0.000 0.642 
---
1 test2fip_inconsistent left_hidden
2.773 1.634 0.000 0.000 0.000 1.410 1.074 0.046 1.020 0.190 0.000 0.000 0.000 0.308 0.210 3.061 0.000 2.428 0.000 0.000 
1 test2fip_inconsistent right_hidden
2.750 1.716 0.000 0.000 0.000 0.483 0.495 0.263 3.066 1.803 0.000 0.000 1.579 0.345 0.060 2.208 0.000 3.511 0.000 0.570 
---
0 test2fip_consistent left_hidden
1.005 1.159 0.000 0.000 0.051 0.000 0.000 1.314 2.279 0.000 0.000 2.120 0.684 1.520 0.078 0.000 3.797 0.087 0.000 0.979 
0 test2fip_consistent right_hidden
0.000 0.000 0.000 0.000 0.000 1.462 2.090 1.284 0.217 0.000 0.000 2.329 0.000 0.076 1.007 0.000 1.413 0.005 1.198 0.079 
---
1 test2fip_inconsistent left_hidden
1.005 1.159 0.000 0.000 0.051 0.000 0.000 1.314 2.279 0.000 0.000 2.120 0.684 1.520 0.078 0.000 3.797 0.087 0.000 0.979 
1 test2fip_inconsistent right_hidden
1.333 0.381 0.000 0.000 0.000 0.261 2.434 1.487 4.185 0.000 0.000 2.834 0.000 1.538 0.000 0.000 3.816 1.105 0.558 1.313 
---
0 test2fip_consistent left_hidden
0.000 3.438 2.482 0.000 0.000 0.000 3.149 0.070 0.000 0.000 0.395 0.000 0.163 0.641 0.642 0.098 0.000 1.653 0.000 1.766 
0 test2fip_consistent right_hidden
0.000 0.000 0.827 0.000 0.000 0.000 0.779 0.361 0.000 0.000 1.708 2.187 0.626 0.115 0.000 2.033 2.600 0.000 0.000 0.000 
---
1 test2fip_inconsistent left_hidden
0.000 3.438 2.482 0.000 0.000 0.000 3.149 0.070 0.000 0.000 0.395 0.000 0.163 0.641 0.642 0.098 0.000 1.653 0.000 1.766 
1 test2fip_inconsistent right_hidden
0.000 1.585 3.257 0.000 0.000 0.000 3.807 0.000 0.000 0.000 1.005 0.930 0.196 0.000 0.715 1.275 0.924 2.353 0.000 0.315 
---
0 test2fip_consistent left_hidden
0.863 0.026 1.061 0.321 0.720 0.000 0.847 0.405 0.000 1.150 2.391 0.000 0.000 1.298 1.204 0.000 0.393 2.284 3.273 0.000 
0 test2fip_consistent right_hidden
1.112 0.683 0.000 0.000 1.872 0.000 0.000 0.384 0.000 0.000 1.271 1.829 0.000 0.000 0.208 0.000 0.088 1.341 0.000 1.542 
---
1 test2fip_inconsistent left_hidden
0.863 0.026 1.061 0.321 0.720 0.000 0.847 0.405 0.000 1.150 2.391 0.000 0.000 1.298 1.204 0.000 0.393 2.284 3.273 0.000 
1 test2fip_inconsistent right_hidden
1.820 0.007 1.163 0.000 1.606 0.000 0.100 0.000 0.000 0.234 2.507 1.487 0.000 1.852 0.065 0.000 0.000 1.766 4.056 0.913 
---
0 test2fip_consistent left_hidden
0.668 0.068 0.000 2.669 0.000 0.000 0.000 2.665 0.055 0.000 0.000 3.505 0.462 0.455 0.898 1.548 0.000 0.506 0.445 0.000 
0 test2fip_consistent right_hidden
1.274 0.000 0.899 0.488 1.241 0.000 0.000 0.155 0.000 0.000 0.000 0.567 0.000 0.969 0.000 0.814 1.329 0.000 3.043 0.502 
---
1 test2fip_inconsistent left_hidden
0.668 0.068 0.000 2.669 0.000 0.000 0.000 2.665 0.055 0.000 0.000 3.505 0.462 0.455 0.898 1.548 0.000 0.506 0.445 0.000 
1 test2fip_inconsistent right_hidden
1.523 0.091 0.192 2.201 0.000 0.000 0.000 2.882 0.000 0.000 0.000 3.882 0.000 2.443 0.000 1.296 0.000 0.000 2.318 0.130 
---
0 test2fip_consistent left_hidden
0.000 0.369 0.000 0.557 2.417 0.000 0.000 3.313 0.192 0.000 0.000 0.057 0.180 1.019 0.000 3.214 0.149 0.097 2.825 0.000 
0 test2fip_consistent right_hidden
0.000 1.574 1.349 0.000 0.000 0.650 0.616 0.201 0.106 0.000 0.000 0.000 3.088 0.000 0.072 1.518 0.090 0.070 0.000 0.000 
---
1 test2fip_inconsistent left_hidden
0.000 0.369 0.000 0.557 2.417 0.000 0.000 3.313 0.192 0.000 0.000 0.057 0.180 1.019 0.000 3.214 0.149 0.097 2.825 0.000 
1 test2fip_inconsistent right_hidden
0.000 1.506 0.986 0.000 2.167 0.954 0.352 3.931 0.000 0.000 0.000 0.000 1.997 0.000 0.000 3.769 0.000 0.000 0.854 0.000 
---
0 test2fip_consistent left_hidden
0.000 0.000 0.150 1.627 0.074 0.868 3.273 0.000 1.629 0.662 0.000 0.000 1.965 2.467 0.000 0.561 0.000 0.000 0.000 0.000 
0 test2fip_consistent right_hidden
0.000 0.000 1.061 0.062 0.000 2.358 2.049 1.444 0.087 0.252 0.021 0.000 0.071 0.455 0.000 0.094 0.000 2.137 0.000 0.548 
---
1 test2fip_inconsistent left_hidden
0.000 0.000 0.150 1.627 0.074 0.868 3.273 0.000 1.629 0.662 0.000 0.000 1.965 2.467 0.000 0.561 0.000 0.000 0.000 0.000 
1 test2fip_inconsistent right_hidden
0.000 0.000 0.923 3.112 0.000 1.825 3.671 0.000 1.316 0.952 0.000 3.148 1.224 1.075 0.000 0.000 0.000 1.214 0.000 0.299 
---
0 test2fip_consistent left_hidden
0.000 0.000 0.000 0.658 2.807 0.000 1.939 0.651 0.332 0.000 2.317 0.000 0.000 0.000 0.000 2.602 0.262 0.000 2.235 2.267 
0 test2fip_consistent right_hidden
0.000 0.000 0.000 0.000 1.031 0.000 0.000 0.682 0.000 0.000 0.000 0.000 1.915 0.327 0.577 0.172 2.351 0.000 0.313 0.000 
---
1 test2fip_inconsistent left_hidden
0.000 0.000 0.000 0.658 2.807 0.000 1.939 0.651 0.332 0.000 2.317 0.000 0.000 0.000 0.000 2.602 0.262 0.000 2.235 2.267 
1 test2fip_inconsistent right_hidden
0.000 0.000 0.819 0.000 1.219 0.000 1.004 0.000 0.000 0.000 2.233 0.000 1.766 0.041 1.557 2.222 1.159 0.000 2.787 0.775 
---
0 test2fip_consistent left_hidden
0.000 1.016 1.669 0.510 3.211 0.948 0.763 0.470 0.295 0.000 0.531 1.972 1.755 0.409 0.000 1.763 1.499 0.000 0.000 0.000 
0 test2fip_consistent right_hidden
0.712 0.000 0.019 0.000 1.251 2.337 0.000 1.061 0.000 0.000 2.480 0.064 0.651 0.065 0.000 0.556 0.000 1.230 0.000 0.000 
---
1 test2fip_inconsistent left_hidden
0.000 1.016 1.669 0.510 3.211 0.948 0.763 0.470 0.295 0.000 0.531 1.972 1.755 0.409 0.000 1.763 1.499 0.000 0.000 0.000 
1 test2fip_inconsistent right_hidden
0.225 0.003 1.073 0.000 3.239 2.980 1.505 0.761 0.000 0.000 1.712 1.902 2.581 0.425 0.000 1.070 2.996 0.165 0.000 0.000 
---
0 test2fip_consistent left_hidden
0.000 0.689 0.462 0.429 0.000 2.579 3.858 0.000 0.000 0.042 0.000 2.296 0.000 1.909 0.000 0.000 0.523 0.000 1.350 0.503 
0 test2fip_consistent right_hidden
1.229 0.000 0.000 0.060 0.000 0.221 0.635 1.415 0.000 1.781 1.870 0.000 0.000 0.006 0.000 0.000 0.810 0.041 2.076 0.000 
---
1 test2fip_inconsistent left_hidden
0.000 0.689 0.462 0.429 0.000 2.579 3.858 0.000 0.000 0.042 0.000 2.296 0.000 1.909 0.000 0.000 0.523 0.000 1.350 0.503 
1 test2fip_inconsistent right_hidden
0.047 0.000 0.000 0.000 0.000 4.042 2.030 1.019 0.000 0.938 1.290 2.364 0.000 1.937 0.000 0.000 0.349 0.572 2.104 0.000 
---
0 test2fip_consistent left_hidden
0.000 0.920 1.432 0.000 0.000 0.000 2.600 1.557 4.362 1.998 0.000 0.000 0.655 0.000 0.000 0.000 0.462 0.000 0.000 0.000 
0 test2fip_consistent right_hidden
2.008 1.875 0.289 1.199 0.000 2.063 1.163 0.067 0.025 0.000 1.174 0.000 0.481 0.175 0.000 0.347 0.075 0.198 0.000 0.000 
---
1 test2fip_inconsistent left_hidden
0.000 0.920 1.432 0.000 0.000 0.000 2.600 1.557 4.362 1.998 0.000 0.000 0.655 0.000 0.000 0.000 0.462 0.000 0.000 0.000 
1 test2fip_inconsistent right_hidden
2.026 1.602 1.530 0.893 0.000 1.254 3.228 1.606 4.115 1.185 1.424 0.000 0.223 1.330 0.000 0.034 0.739 0.000 0.000 0.000 
---
0 test2fip_consistent left_hidden
0.000 0.000 2.399 0.000 1.121 0.000 2.976 1.937 0.686 0.000 1.129 2.381 0.970 0.000 0.000 0.000 0.000 0.756 2.671 0.000 
0 test2fip_consistent right_hidden
0.182 0.037 0.000 0.818 0.000 0.093 1.022 0.763 0.162 1.266 0.471 0.000 2.643 1.689 0.000 0.000 0.246 0.829 0.000 1.540 
---
1 test2fip_inconsistent left_hidden
0.000 0.000 2.399 0.000 1.121 0.000 2.976 1.937 0.686 0.000 1.129 2.381 0.970 0.000 0.000 0.000 0.000 0.756 2.671 0.000 
1 test2fip_inconsistent right_hidden
0.000 0.000 0.890 0.000 2.788 0.000 3.220 3.625 0.000 0.746 1.160 0.847 1.583 0.787 0.000 0.036 0.000 0.176 1.213 0.072 
---
0 test2fip_consistent left_hidden
0.604 0.870 1.108 3.284 0.000 1.464 2.235 2.674 0.000 0.000 0.054 0.000 1.895 0.000 0.683 1.083 0.000 0.000 0.000 0.000 
0 test2fip_consistent right_hidden
0.000 0.000 0.127 3.936 1.286 0.000 0.087 0.000 0.054 0.000 0.000 0.058 1.591 0.408 0.618 0.000 0.000 0.000 0.000 0.000 
---
1 test2fip_inconsistent left_hidden
0.604 0.870 1.108 3.284 0.000 1.464 2.235 2.674 0.000 0.000 0.054 0.000 1.895 0.000 0.683 1.083 0.000 0.000 0.000 0.000 
1 test2fip_inconsistent right_hidden
0.000 0.859 0.952 4.321 1.037 0.258 2.352 4.354 0.000 0.000 0.476 0.000 2.337 0.000 0.000 0.000 0.000 0.000 0.000 0.000 
---
0 test2fip_consistent left_hidden
0.000 0.000 0.000 1.635 2.048 0.000 2.654 0.067 0.000 0.153 1.016 0.000 0.241 0.000 3.839 0.435 1.111 0.539 0.432 0.000 
0 test2fip_consistent right_hidden
0.000 0.000 0.000 0.402 0.013 0.015 0.000 1.316 0.258 1.778 0.000 0.000 2.743 0.044 1.089 0.756 0.000 1.512 0.000 0.000 
---
1 test2fip_inconsistent left_hidden
0.000 0.000 0.000 1.635 2.048 0.000 2.654 0.067 0.000 0.153 1.016 0.000 0.241 0.000 3.839 0.435 1.111 0.539 0.432 0.000 
1 test2fip_inconsistent right_hidden
0.000 0.000 0.000 1.759 0.918 0.081 2.899 2.006 0.000 1.106 0.994 0.000 1.966 0.000 4.432 0.338 0.000 0.815 0.000 0.000 
---
0 test2fip_consistent left_hidden
0.000 0.000 0.000 0.000 0.942 1.536 3.690 0.000 0.000 0.000 0.178 0.000 0.000 3.226 3.733 0.000 1.084 0.408 0.000 0.000 
0 test2fip_consistent right_hidden
0.000 0.382 0.000 0.000 1.325 0.471 1.175 0.859 0.000 0.234 2.559 0.707 0.000 0.011 0.000 2.546 0.000 0.000 0.000 1.202 
---
1 test2fip_inconsistent left_hidden
0.000 0.000 0.000 0.000 0.942 1.536 3.690 0.000 0.000 0.000 0.178 0.000 0.000 3.226 3.733 0.000 1.084 0.408 0.000 0.000 
1 test2fip_inconsistent right_hidden
0.000 0.000 0.000 0.000 0.408 0.000 1.747 0.570 0.000 0.030 4.155 2.733 0.000 1.485 3.925 1.435 0.000 0.000 0.000 0.214 
---
0 test2fip_consistent left_hidden
0.000 1.367 0.000 0.321 0.443 0.631 0.560 2.124 0.000 1.415 1.318 1.925 0.000 1.742 0.000 0.000 1.844 1.562 2.040 0.000 
0 test2fip_consistent right_hidden
0.032 1.075 1.003 0.782 2.990 0.226 0.435 0.000 0.000 0.000 0.000 0.341 0.000 1.879 0.000 0.000 1.097 0.000 0.006 0.000 
---
1 test2fip_inconsistent left_hidden
0.000 1.367 0.000 0.321 0.443 0.631 0.560 2.124 0.000 1.415 1.318 1.925 0.000 1.742 0.000 0.000 1.844 1.562 2.040 0.000 
1 test2fip_inconsistent right_hidden
0.000 0.658 0.000 0.697 1.454 0.000 0.881 2.819 0.000 0.000 0.000 2.153 0.000 2.139 0.000 0.000 2.818 2.125 2.543 0.000 
---
0 test2fip_consistent left_hidden
2.078 0.578 0.000 0.220 2.378 0.000 1.866 0.000 0.000 0.000 0.000 2.913 0.000 1.271 0.000 1.784 0.000 0.000 0.961 0.000 
0 test2fip_consistent right_hidden
1.068 0.000 0.000 0.000 0.000 0.009 0.000 0.000 0.008 0.000 0.588 0.417 0.797 2.544 0.000 0.000 0.000 0.898 2.536 0.000 
---
1 test2fip_inconsistent left_hidden
2.078 0.578 0.000 0.220 2.378 0.000 1.866 0.000 0.000 0.000 0.000 2.913 0.000 1.271 0.000 1.784 0.000 0.000 0.961 0.000 
1 test2fip_inconsistent right_hidden
2.412 0.359 0.000 0.000 0.505 0.000 1.388 0.000 0.040 0.032 0.000 2.911 0.047 3.427 0.000 1.477 0.000 0.463 1.130 0.000 
---
0 test2fip_consistent left_hidden
0.000 0.000 0.534 2.587 0.495 1.357 0.000 0.000 4.153 0.000 0.000 0.000 2.095 0.000 0.000 0.000 0.000 2.715 0.000 0.000 
0 test2fip_consistent right_hidden
0.000 0.000 0.646 0.085 0.201 0.358 0.000 0.519 0.514 0.000 0.000 0.000 0.144 0.000 0.000 1.334 3.781 0.000 0.000 1.631 
---
1 test2fip_inconsistent left_hidden
0.000 0.000 0.534 2.587 0.495 1.357 0.000 0.000 4.153 0.000 0.000 0.000 2.095 0.000 0.000 0.000 0.000 2.715 0.000 0.000 
1 test2fip_inconsistent right_hidden
0.000 0.000 0.936 1.937 0.049 0.018 0.000 0.000 3.487 0.000 0.000 0.000 3.219 0.000 0.000 0.725 2.461 2.458 0.030 0.840 
---
0 test2fip_consistent left_hidden
4.659 0.000 0.000 2.876 1.056 0.580 0.000 0.000 0.000 0.000 0.000 0.017 0.000 0.197 0.000 0.175 2.292 0.000 0.000 0.371 
0 test2fip_consistent right_hidden
2.791 1.773 0.000 0.000 0.000 1.176 0.000 0.183 0.000 0.116 0.000 0.000 0.000 0.099 0.000 0.000 3.100 0.548 0.000 0.000 
---
1 test2fip_inconsistent left_hidden
4.659 0.000 0.000 2.876 1.056 0.580 0.000 0.000 0.000 0.000 0.000 0.017 0.000 0.197 0.000 0.175 2.292 0.000 0.000 0.371 
1 test2fip_inconsistent right_hidden
6.520 0.399 0.000 2.872 0.000 1.921 0.018 0.305 0.000 0.084 0.000 0.000 0.000 0.067 0.000 0.000 2.525 0.350 0.000 0.000 
---
0 test2fip_consistent left_hidden
1.245 1.588 0.000 0.000 0.000 0.000 0.000 0.000 0.000 1.242 1.003 0.659 0.843 1.685 2.380 0.222 0.000 1.793 1.440 4.434 
0 test2fip_consistent right_hidden
0.000 0.031 0.634 0.000 0.000 0.000 0.000 2.816 0.000 0.004 0.486 2.419 0.105 0.782 2.031 0.020 0.710 0.000 0.770 0.000 
---
1 test2fip_inconsistent left_hidden
1.245 1.588 0.000 0.000 0.000 0.000 0.000 0.000 0.000 1.242 1.003 0.659 0.843 1.685 2.380 0.222 0.000 1.793 1.440 4.434 
1 test2fip_inconsistent right_hidden
0.083 1.347 0.309 0.000 0.000 0.000 0.000 2.339 0.000 1.034 0.853 1.003 0.000 0.614 3.497 0.000 0.546 0.019 1.848 3.750 
---
0 test2fip_consistent left_hidden
0.305 0.229 0.000 0.000 0.000 0.000 2.703 0.301 0.000 0.529 2.511 0.358 1.152 0.000 0.061 1.469 1.381 2.243 0.537 0.554 
0 test2fip_consistent right_hidden
0.000 0.855 0.000 0.000 0.000 0.908 0.180 2.883 0.003 0.793 1.631 0.522 0.089 0.000 0.000 0.000 1.562 0.000 0.000 0.000 
---
1 test2fip_inconsistent left_hidden
0.305 0.229 0.000 0.000 0.000 0.000 2.703 0.301 0.000 0.529 2.511 0.358 1.152 0.000 0.061 1.469 1.381 2.243 0.537 0.554 
1 test2fip_inconsistent right_hidden
0.912 0.000 0.000 0.000 0.000 0.503 2.989 1.596 0.000 0.134 3.508 0.448 0.896 0.000 0.000 0.387 2.461 2.287 1.386 0.129 
---
0 test2fip_consistent left_hidden
0.595 1.316 2.038 0.000 0.000 1.987 2.210 0.000 0.000 0.000 0.367 0.032 2.837 1.551 0.000 0.720 0.000 0.000 0.000 1.920 
0 test2fip_consistent right_hidden
0.715 0.064 0.719 0.941 0.018 0.206 2.156 1.965 0.000 0.865 1.012 0.054 0.000 1.024 1.235 0.196 0.135 0.000 0.614 0.110 
---
1 test2fip_inconsistent left_hidden
0.595 1.316 2.038 0.000 0.000 1.987 2.210 0.000 0.000 0.000 0.367 0.032 2.837 1.551 0.000 0.720 0.000 0.000 0.000 1.920 
1 test2fip_inconsistent right_hidden
1.457 1.291 1.974 0.468 0.000 2.632 3.272 1.350 0.000 1.332 0.828 0.000 0.945 2.340 0.000 1.229 0.000 0.000 0.000 3.226 
---
0 test2fip_consistent left_hidden
0.202 0.000 0.000 1.966 0.431 0.000 0.585 2.286 3.525 0.704 3.933 0.305 0.000 0.000 0.000 0.000 0.599 2.205 0.000 0.593 
0 test2fip_consistent right_hidden
1.205 0.117 1.041 0.000 0.546 0.394 0.000 0.000 0.132 0.014 0.462 2.155 0.000 0.604 0.000 2.985 0.000 0.446 0.420 0.092 
---
1 test2fip_inconsistent left_hidden
0.202 0.000 0.000 1.966 0.431 0.000 0.585 2.286 3.525 0.704 3.933 0.305 0.000 0.000 0.000 0.000 0.599 2.205 0.000 0.593 
1 test2fip_inconsistent right_hidden
0.893 0.000 1.068 0.000 0.342 0.206 0.000 0.421 3.421 0.000 3.923 1.438 0.000 0.303 0.000 2.117 0.000 2.865 0.294 0.268 
---
0 test2fip_consistent left_hidden
1.207 0.877 0.010 0.000 0.000 0.599 3.024 0.000 0.706 2.245 1.072 0.000 0.642 0.559 0.000 0.626 0.000 0.686 0.285 3.008 
0 test2fip_consistent right_hidden
0.012 0.906 0.000 0.380 1.750 0.484 0.000 0.000 2.462 0.000 0.267 0.000 0.748 0.230 0.328 1.740 0.000 0.000 1.454 0.000 
---
1 test2fip_inconsistent left_hidden
1.207 0.877 0.010 0.000 0.000 0.599 3.024 0.000 0.706 2.245 1.072 0.000 0.642 0.559 0.000 0.626 0.000 0.686 0.285 3.008 
1 test2fip_inconsistent right_hidden
1.279 1.692 0.000 0.268 0.944 0.000 1.470 0.000 2.704 2.496 0.000 0.000 0.117 0.610 0.000 2.610 0.000 0.134 1.665 2.510 
---
0 test2fip_consistent left_hidden
0.000 0.000 0.256 0.490 1.820 1.235 3.462 0.271 2.797 0.000 0.369 1.111 2.009 0.391 0.000 1.116 1.628 0.000 0.113 0.000 
0 test2fip_consistent right_hidden
0.000 0.000 0.860 0.511 0.000 0.000 0.000 0.515 1.286 0.000 2.057 0.785 0.259 1.865 0.000 0.000 0.000 0.000 2.264 1.664 
---
1 test2fip_inconsistent left_hidden
0.000 0.000 0.256 0.490 1.820 1.235 3.462 0.271 2.797 0.000 0.369 1.111 2.009 0.391 0.000 1.116 1.628 0.000 0.113 0.000 
1 test2fip_inconsistent right_hidden
0.000 0.409 0.950 0.257 0.790 0.000 1.099 0.000 3.893 0.000 1.665 0.680 2.000 2.332 0.000 1.409 1.779 0.000 0.360 0.993 
---
0 test2fip_consistent left_hidden
0.324 1.250 0.000 1.819 0.000 0.181 0.000 0.000 0.581 2.647 0.000 0.683 1.781 1.053 0.000 2.587 1.924 0.000 0.000 0.000 
0 test2fip_consistent right_hidden
2.213 0.259 0.000 1.517 0.000 0.000 0.000 0.000 0.739 0.000 1.744 0.673 0.000 2.415 0.000 0.877 0.000 0.999 0.000 0.000 
---
1 test2fip_inconsistent left_hidden
0.324 1.250 0.000 1.819 0.000 0.181 0.000 0.000 0.581 2.647 0.000 0.683 1.781 1.053 0.000 2.587 1.924 0.000 0.000 0.000 
1 test2fip_inconsistent right_hidden
1.232 1.809 0.000 0.922 0.000 0.000 0.000 0.000 0.481 2.446 1.401 1.035 0.759 2.792 0.000 3.504 2.760 0.984 0.000 0.000 
---
0 test2fip_consistent left_hidden
0.749 1.382 0.000 0.059 0.000 0.000 2.616 0.000 0.065 2.400 0.315 2.220 0.000 0.000 1.756 2.346 0.247 1.501 0.000 0.000 
0 test2fip_consistent right_hidden
0.066 0.322 0.000 1.501 0.000 0.000 1.857 0.430 0.005 1.792 0.018 0.859 0.000 0.000 0.054 0.243 0.300 0.000 2.796 0.000 
---
1 test2fip_inconsistent left_hidden
0.749 1.382 0.000 0.059 0.000 0.000 2.616 0.000 0.065 2.400 0.315 2.220 0.000 0.000 1.756 2.346 0.247 1.501 0.000 0.000 
1 test2fip_inconsistent right_hidden
0.386 1.679 0.000 1.049 0.000 0.000 3.255 0.066 0.000 4.216 0.000 3.215 0.000 0.000 0.218 2.910 0.092 0.983 0.901 0.000 
---
0 test2fip_consistent left_hidden
2.200 0.000 2.365 0.848 0.000 0.407 0.809 1.660 1.078 1.385 1.686 2.287 0.000 0.000 2.097 0.467 0.357 0.000 0.000 0.978 
0 test2fip_consistent right_hidden
0.244 1.113 0.000 0.000 0.000 0.000 1.445 2.267 0.541 0.000 0.001 0.911 0.000 0.000 0.192 0.154 0.025 0.000 1.341 0.000 
---
1 test2fip_inconsistent left_hidden
2.200 0.000 2.365 0.848 0.000 0.407 0.809 1.660 1.078 1.385 1.686 2.287 0.000 0.000 2.097 0.467 0.357 0.000 0.000 0.978 
1 test2fip_inconsistent right_hidden
1.757 0.000 3.603 0.040 0.000 0.872 1.320 2.584 0.280 2.292 2.170 1.060 0.000 0.000 2.185 0.148 0.150 0.000 1.319 0.000 
---
0 test2fip_consistent left_hidden
0.000 0.000 0.678 1.132 2.379 0.000 3.455 0.874 1.154 0.089 0.000 0.000 0.978 0.142 0.000 0.420 1.979 1.616 1.091 0.000 
0 test2fip_consistent right_hidden
1.998 0.000 0.076 0.000 0.000 0.000 0.204 0.102 0.007 0.000 0.000 0.199 0.000 1.042 0.000 1.433 3.059 0.102 1.221 0.000 
---
1 test2fip_inconsistent left_hidden
0.000 0.000 0.678 1.132 2.379 0.000 3.455 0.874 1.154 0.089 0.000 0.000 0.978 0.142 0.000 0.420 1.979 1.616 1.091 0.000 
1 test2fip_inconsistent right_hidden
0.074 0.000 2.743 0.000 0.891 0.000 2.345 0.386 0.324 0.000 0.000 1.046 1.165 0.057 0.000 1.980 4.335 1.853 3.226 0.000 
---
0 test2fip_consistent left_hidden
1.528 1.021 0.000 0.954 0.707 1.722 1.374 0.000 0.000 0.497 2.894 0.000 2.084 0.288 0.000 2.728 0.000 0.315 0.276 0.000 
0 test2fip_consistent right_hidden
0.000 0.038 1.198 0.168 0.000 1.986 0.149 2.363 0.000 0.000 0.000 0.000 0.000 0.525 0.000 0.425 0.000 0.047 1.858 0.064 
---
1 test2fip_inconsistent left_hidden
1.528 1.021 0.000 0.954 0.707 1.722 1.374 0.000 0.000 0.497 2.894 0.000 2.084 0.288 0.000 2.728 0.000 0.315 0.276 0.000 
1 test2fip_inconsistent right_hidden
0.045 1.375 0.311 1.460 0.000 3.733 1.558 0.485 0.000 0.000 2.010 0.000 2.125 1.236 0.000 2.557 0.000 0.979 1.058 0.000 
---
0 test2fip_consistent left_hidden
1.619 0.759 0.000 4.651 0.000 0.984 0.000 0.000 0.215 0.000 0.000 0.000 3.458 0.000 0.000 0.000 0.000 0.000 0.000 0.000 
0 test2fip_consistent right_hidden
1.414 0.000 0.215 0.986 0.000 1.252 2.899 0.000 0.330 0.000 1.412 1.118 0.056 0.000 1.501 1.135 0.000 0.000 0.000 0.000 
---
1 test2fip_inconsistent left_hidden
1.619 0.759 0.000 4.651 0.000 0.984 0.000 0.000 0.215 0.000 0.000 0.000 3.458 0.000 0.000 0.000 0.000 0.000 0.000 0.000 
1 test2fip_inconsistent right_hidden
1.979 0.000 0.113 4.984 0.000 2.537 1.525 0.000 0.251 0.000 0.311 2.350 1.927 0.000 0.966 0.872 0.000 0.000 0.000 0.000 
---
0 test2fip_consistent left_hidden
0.923 0.000 2.075 0.000 0.000 0.000 0.098 0.768 0.000 0.922 0.000 0.372 3.691 0.000 0.000 2.185 1.162 1.180 1.971 0.957 
0 test2fip_consistent right_hidden
2.050 0.066 0.000 2.581 0.306 0.000 0.712 0.000 0.000 0.000 0.000 0.877 0.275 0.306 0.000 0.000 0.374 0.000 2.255 0.000 
---
1 test2fip_inconsistent left_hidden
0.923 0.000 2.075 0.000 0.000 0.000 0.098 0.768 0.000 0.922 0.000 0.372 3.691 0.000 0.000 2.185 1.162 1.180 1.971 0.957 
1 test2fip_inconsistent right_hidden
1.066 0.000 0.000 1.411 0.785 0.000 0.956 0.000 0.000 0.000 0.000 0.488 3.067 0.000 0.000 2.801 2.035 2.203 3.581 0.000 
---
0 test2fip_consistent left_hidden
0.929 1.197 1.754 0.087 0.000 0.000 0.000 1.968 1.084 1.264 0.000 3.805 0.000 1.373 1.031 0.000 0.149 2.190 0.000 0.854 
0 test2fip_consistent right_hidden
0.000 0.000 0.164 1.843 0.596 0.000 0.426 0.000 0.321 0.557 0.000 0.000 0.000 0.457 0.000 1.456 2.167 1.298 0.646 0.000 
---
1 test2fip_inconsistent left_hidden
0.929 1.197 1.754 0.087 0.000 0.000 0.000 1.968 1.084 1.264 0.000 3.805 0.000 1.373 1.031 0.000 0.149 2.190 0.000 0.854 
1 test2fip_inconsistent right_hidden
0.000 0.394 0.000 0.193 1.217 0.000 0.000 2.020 2.105 0.000 0.000 1.973 0.000 2.041 0.000 1.133 0.955 0.824 1.370 0.000 
---
0 test2fip_consistent left_hidden
2.953 0.000 0.000 0.305 0.000 1.601 0.000 0.000 4.217 0.215 0.194 0.000 0.000 2.391 0.000 0.718 0.000 0.354 0.000 0.000 
0 test2fip_consistent right_hidden
0.000 1.258 0.000 0.000 1.007 1.266 0.000 0.000 0.000 0.083 1.513 1.860 0.000 2.190 1.877 0.000 1.118 0.000 0.000 0.100 
---
1 test2fip_inconsistent left_hidden
2.953 0.000 0.000 0.305 0.000 1.601 0.000 0.000 4.217 0.215 0.194 0.000 0.000 2.391 0.000 0.718 0.000 0.354 0.000 0.000 
1 test2fip_inconsistent right_hidden
0.000 0.320 0.000 0.000 0.461 0.555 0.000 0.000 1.599 1.805 4.954 0.000 0.000 3.246 0.000 1.394 0.462 0.000 0.000 0.000 
---
0 test2fip_consistent left_hidden
0.000 2.281 0.125 0.000 0.000 0.000 0.000 0.000 0.280 3.007 3.702 0.000 0.000 0.000 0.000 1.048 0.000 0.000 0.810 1.431 
0 test2fip_consistent right_hidden
0.000 0.000 0.000 0.000 0.000 0.001 0.000 1.199 0.000 0.000 2.051 0.000 0.000 0.000 1.859 2.648 0.000 2.139 1.363 0.000 
---
1 test2fip_inconsistent left_hidden
0.000 2.281 0.125 0.000 0.000 0.000 0.000 0.000 0.280 3.007 3.702 0.000 0.000 0.000 0.000 1.048 0.000 0.000 0.810 1.431 
1 test2fip_inconsistent right_hidden
0.000 1.870 0.066 0.000 0.000 0.000 0.000 0.144 0.000 2.308 5.373 0.000 0.000 0.000 0.000 2.810 0.000 0.000 0.496 0.459 
---
0 test2fip_consistent left_hidden
0.449 0.000 0.338 0.000 0.000 3.590 0.000 0.000 0.866 0.000 0.000 0.000 0.000 0.000 0.118 0.000 0.000 5.349 0.000 0.092 
0 test2fip_consistent right_hidden
1.921 0.363 0.000 1.046 0.000 0.000 0.000 0.039 0.323 1.270 0.671 0.000 0.928 0.000 0.037 0.000 0.000 0.793 2.337 2.547 
---
1 test2fip_inconsistent left_hidden
0.449 0.000 0.338 0.000 0.000 3.590 0.000 0.000 0.866 0.000 0.000 0.000 0.000 0.000 0.118 0.000 0.000 5.349 0.000 0.092 
1 test2fip_inconsistent right_hidden
1.287 0.000 0.000 0.390 0.000 1.958 0.000 0.000 3.469 1.333 1.612 0.000 0.000 0.000 0.000 0.000 0.000 0.509 0.901 2.276 
---
0 test2fip_consistent left_hidden
0.261 0.000 0.000 2.632 2.523 0.434 0.000 0.000 0.925 0.000 0.261 2.650 1.040 2.040 2.418 1.941 0.000 0.457 0.059 0.000 
0 test2fip_consistent right_hidden
1.926 0.000 1.165 0.000 1.323 0.000 1.826 0.000 2.132 0.000 0.923 0.000 0.940 0.590 0.433 0.000 0.000 0.000 0.000 0.000 
---
1 test2fip_inconsistent left_hidden
0.261 0.000 0.000 2.632 2.523 0.434 0.000 0.000 0.925 0.000 0.261 2.650 1.040 2.040 2.418 1.941 0.000 0.457 0.059 0.000 
1 test2fip_inconsistent right_hidden
0.430 0.000 0.458 1.346 3.707 0.000 0.860 0.000 2.050 0.000 1.018 1.978 1.189 2.217 2.462 1.785 0.000 0.000 0.000 0.056 
---
0 test2fip_consistent left_hidden
0.741 0.000 1.970 0.000 0.000 2.096 0.000 0.000 0.000 2.551 0.966 1.220 1.610 2.246 0.000 0.000 0.000 0.772 1.411 2.139 
0 test2fip_consistent right_hidden
0.924 0.000 0.001 0.507 0.000 0.511 0.164 0.755 1.289 0.703 0.158 0.050 1.987 0.250 1.689 0.941 0.401 0.000 0.870 0.082 
---
1 test2fip_inconsistent left_hidden
0.741 0.000 1.970 0.000 0.000 2.096 0.000 0.000 0.000 2.551 0.966 1.220 1.610 2.246 0.000 0.000 0.000 0.772 1.411 2.139 
1 test2fip_inconsistent right_hidden
1.948 0.000 2.937 0.000 0.000 1.617 0.000 0.458 0.450 2.333 0.268 0.070 2.386 2.947 0.741 0.000 0.000 0.000 0.574 2.677 
---
0 test2fip_consistent left_hidden
1.347 1.092 0.618 0.000 1.042 0.000 0.943 0.000 1.042 1.927 0.000 0.000 0.757 0.821 0.967 0.000 0.092 2.729 0.269 2.492 
0 test2fip_consistent right_hidden
2.060 0.020 0.000 0.053 0.044 0.000 0.205 0.000 0.336 0.007 0.000 0.000 0.624 2.054 0.000 0.000 0.027 0.000 1.967 1.836 
---
1 test2fip_inconsistent left_hidden
1.347 1.092 0.618 0.000 1.042 0.000 0.943 0.000 1.042 1.927 0.000 0.000 0.757 0.821 0.967 0.000 0.092 2.729 0.269 2.492 
1 test2fip_inconsistent right_hidden
1.964 0.000 0.000 0.000 0.255 0.000 2.336 0.000 0.758 2.954 0.000 0.000 1.493 0.955 0.000 0.000 0.122 2.960 1.337 3.888 
---
0 test2fip_consistent left_hidden
3.494 0.681 0.066 0.000 0.000 0.153 0.000 0.000 0.257 2.330 0.000 0.843 0.000 1.629 1.303 0.000 0.000 0.937 1.680 1.655 
0 test2fip_consistent right_hidden
0.516 1.000 0.000 0.000 0.000 2.586 0.000 0.000 0.000 0.000 0.311 0.000 0.000 0.000 1.022 0.000 0.000 0.000 2.219 0.000 
---
1 test2fip_inconsistent left_hidden
3.494 0.681 0.066 0.000 0.000 0.153 0.000 0.000 0.257 2.330 0.000 0.843 0.000 1.629 1.303 0.000 0.000 0.937 1.680 1.655 
1 test2fip_inconsistent right_hidden
3.064 1.147 0.000 0.000 0.000 1.429 0.000 0.000 0.000 2.914 0.646 0.000 0.000 0.000 1.483 0.000 0.000 1.339 1.447 2.343 
---
0 test2fip_consistent left_hidden
0.599 0.025 0.000 1.354 1.979 0.000 0.000 0.000 0.000 0.000 0.418 0.465 0.567 0.000 2.271 0.492 2.589 1.693 3.596 1.665 
0 test2fip_consistent right_hidden
0.000 0.746 2.287 2.696 0.000 0.000 0.000 0.000 0.000 1.301 0.000 0.465 0.000 0.484 0.000 0.022 0.250 0.000 0.000 0.000 
---
1 test2fip_inconsistent left_hidden
0.599 0.025 0.000 1.354 1.979 0.000 0.000 0.000 0.000 0.000 0.418 0.465 0.567 0.000 2.271 0.492 2.589 1.693 3.596 1.665 
1 test2fip_inconsistent right_hidden
0.647 0.000 0.522 3.299 0.822 0.000 0.000 0.000 0.000 0.883 0.000 0.045 0.201 0.003 1.754 0.711 2.457 0.107 2.504 1.104 
---
