0 test1dax_consistent 1.064 0.000 0.000 0.267 0.287 0.311 0.000 0.399 1.198 1.197 0.459 0.550 0.191 1.741 0.261 0.000 0.000 0.541 1.475 0.869 0.000 0.000 0.000 0.083 0.000 3.130 0.000 0.000 2.298 3.247 1.209 0.509 0.808 1.702 0.048 1.704 2.197 0.000 0.000 0.000 
1 test1dax_inconsistent 1.064 0.000 0.000 0.267 0.287 0.311 0.000 0.399 1.198 1.197 0.459 0.550 0.191 1.741 0.261 0.000 0.000 0.541 1.475 0.869 0.454 0.000 0.000 0.077 0.055 0.623 0.000 0.000 0.346 0.096 0.060 0.407 0.000 0.000 0.000 0.243 0.138 0.382 0.277 0.000 
0 test1dax_consistent 0.145 0.567 0.000 0.117 0.158 1.314 0.145 2.157 0.168 0.827 0.000 0.825 0.027 0.000 0.000 0.682 0.000 0.844 0.354 0.000 0.000 3.726 0.000 1.621 0.702 0.000 0.000 3.647 0.000 0.059 0.000 0.000 0.000 0.000 0.000 2.606 2.578 0.000 0.000 0.000 
1 test1dax_inconsistent 0.145 0.567 0.000 0.117 0.158 1.314 0.145 2.157 0.168 0.827 0.000 0.825 0.027 0.000 0.000 0.682 0.000 0.844 0.354 0.000 0.000 0.509 0.109 0.414 0.990 0.000 0.706 0.103 0.000 0.141 0.037 0.608 0.074 0.000 0.000 1.248 0.710 0.000 0.000 0.000 
0 test1dax_consistent 0.177 1.539 0.465 0.000 0.309 0.000 0.000 1.046 0.000 0.000 0.000 0.000 0.000 0.669 1.902 0.095 0.000 0.000 0.195 1.036 4.328 0.000 0.693 0.000 0.000 0.000 0.000 1.475 0.000 0.000 0.000 0.000 4.595 3.583 0.000 0.699 0.000 0.000 0.000 1.926 
1 test1dax_inconsistent 0.177 1.539 0.465 0.000 0.309 0.000 0.000 1.046 0.000 0.000 0.000 0.000 0.000 0.669 1.902 0.095 0.000 0.000 0.195 1.036 1.558 0.000 0.000 0.691 0.000 0.000 0.000 0.371 0.000 0.000 0.068 0.115 0.042 2.328 0.000 0.000 0.000 0.000 0.000 0.796 
0 test1dax_consistent 0.318 0.000 1.178 1.114 0.000 0.000 1.623 2.211 0.641 0.000 0.133 0.000 0.000 0.020 0.178 0.000 0.781 0.000 0.059 0.185 2.121 0.000 0.000 0.000 2.513 0.000 2.357 1.290 0.000 0.000 0.954 2.769 0.365 0.000 3.710 1.662 0.000 0.000 0.000 0.000 
1 test1dax_inconsistent 0.318 0.000 1.178 1.114 0.000 0.000 1.623 2.211 0.641 0.000 0.133 0.000 0.000 0.020 0.178 0.000 0.781 0.000 0.059 0.185 0.000 0.513 0.372 0.098 1.221 0.032 0.186 0.981 0.000 0.000 0.252 0.000 0.367 0.028 0.627 0.000 0.000 0.232 0.000 0.054 
0 test1dax_consistent 0.976 0.000 0.686 1.206 0.000 0.403 0.000 0.000 1.130 0.127 1.885 0.000 0.332 0.000 0.000 0.000 0.000 0.820 0.000 0.000 0.291 0.014 0.340 0.000 0.000 0.580 3.217 0.000 0.000 0.000 0.284 0.000 4.904 0.000 3.648 0.000 0.649 0.000 0.000 0.000 
1 test1dax_inconsistent 0.976 0.000 0.686 1.206 0.000 0.403 0.000 0.000 1.130 0.127 1.885 0.000 0.332 0.000 0.000 0.000 0.000 0.820 0.000 0.000 0.000 0.041 0.284 0.677 0.000 0.000 0.252 0.135 0.000 0.000 0.000 0.000 0.708 0.446 1.159 0.053 0.504 0.000 0.000 0.000 
0 test1dax_consistent 0.000 0.000 2.233 0.000 0.000 0.561 0.000 0.322 0.028 0.512 0.000 0.955 0.087 0.274 0.000 0.936 0.899 0.000 0.000 1.005 0.000 3.245 0.000 0.000 2.523 4.065 0.000 0.000 0.000 3.710 0.000 0.000 0.000 0.989 0.859 0.012 1.253 2.673 0.000 0.000 
1 test1dax_inconsistent 0.000 0.000 2.233 0.000 0.000 0.561 0.000 0.322 0.028 0.512 0.000 0.955 0.087 0.274 0.000 0.936 0.899 0.000 0.000 1.005 0.000 0.801 0.000 0.000 1.255 0.551 0.000 0.633 0.238 1.414 0.000 0.089 0.000 0.916 0.000 0.469 0.576 0.746 0.000 0.000 
0 test1dax_consistent 1.400 0.693 0.313 0.961 0.000 0.004 0.000 0.980 0.915 0.219 0.000 0.173 1.219 0.049 0.000 0.000 0.000 0.000 0.000 0.673 2.376 0.000 0.000 0.000 0.000 0.000 3.114 0.052 0.043 4.060 3.021 0.000 0.000 0.000 0.000 0.000 1.561 0.000 0.000 0.000 
1 test1dax_inconsistent 1.400 0.693 0.313 0.961 0.000 0.004 0.000 0.980 0.915 0.219 0.000 0.173 1.219 0.049 0.000 0.000 0.000 0.000 0.000 0.673 1.987 0.000 0.206 0.028 0.000 0.000 0.257 0.209 0.000 0.237 0.399 0.000 0.000 0.000 0.000 0.000 0.018 0.402 0.041 0.000 
0 test1dax_consistent 1.450 0.059 0.000 0.218 0.157 0.000 0.097 0.059 0.000 2.135 0.000 1.200 0.000 0.253 0.000 0.000 0.000 0.000 1.942 0.000 1.977 0.292 0.000 1.432 0.000 1.641 1.764 0.000 0.212 0.000 0.000 0.000 1.910 0.000 1.986 0.379 0.000 0.000 0.000 5.890 
1 test1dax_inconsistent 1.450 0.059 0.000 0.218 0.157 0.000 0.097 0.059 0.000 2.135 0.000 1.200 0.000 0.253 0.000 0.000 0.000 0.000 1.942 0.000 0.000 0.475 0.156 0.472 0.244 0.328 0.342 0.000 0.597 0.000 0.000 0.000 0.564 0.000 1.054 0.317 0.000 0.000 0.154 0.895 
0 test1dax_consistent 1.381 0.000 1.326 0.506 0.000 0.063 0.486 0.251 0.197 0.000 0.423 0.367 0.000 0.265 0.730 0.000 1.421 0.459 0.304 0.182 3.181 0.000 2.380 2.103 0.000 2.303 0.883 1.532 0.000 2.738 0.000 0.081 0.000 1.301 1.329 0.000 0.000 0.000 0.217 0.000 
1 test1dax_inconsistent 1.381 0.000 1.326 0.506 0.000 0.063 0.486 0.251 0.197 0.000 0.423 0.367 0.000 0.265 0.730 0.000 1.421 0.459 0.304 0.182 0.134 0.000 0.000 0.563 0.000 0.532 0.757 1.217 0.000 0.754 0.000 0.410 0.000 0.000 0.653 0.078 0.000 0.074 0.000 0.000 
0 test1dax_consistent 0.000 0.000 1.584 0.003 0.382 0.000 0.326 0.000 0.000 2.032 0.000 0.000 0.047 0.380 0.000 0.108 0.647 0.000 0.148 0.948 0.000 0.000 0.000 1.694 0.000 0.000 6.156 1.379 0.060 2.771 0.000 0.000 0.000 0.000 0.000 0.000 0.000 0.000 0.000 3.051 
1 test1dax_inconsistent 0.000 0.000 1.584 0.003 0.382 0.000 0.326 0.000 0.000 2.032 0.000 0.000 0.047 0.380 0.000 0.108 0.647 0.000 0.148 0.948 0.000 0.000 0.000 0.134 0.000 0.176 1.818 1.065 0.973 0.000 0.000 0.541 0.000 0.000 0.000 0.000 0.000 0.136 0.000 1.699 
0 test1dax_consistent 0.000 0.709 0.017 0.027 0.690 0.111 0.000 0.000 1.518 0.000 0.978 0.295 0.000 0.000 0.000 2.358 0.011 0.917 0.000 1.026 1.628 0.000 0.147 0.958 1.644 1.144 0.000 0.000 0.000 1.469 3.145 1.472 0.000 0.000 0.000 2.674 0.000 4.577 2.871 0.000 
1 test1dax_inconsistent 0.000 0.709 0.017 0.027 0.690 0.111 0.000 0.000 1.518 0.000 0.978 0.295 0.000 0.000 0.000 2.358 0.011 0.917 0.000 1.026 0.014 0.000 0.166 0.336 0.568 0.739 0.000 0.000 0.000 0.204 0.841 1.185 0.000 0.000 0.000 0.205 0.000 1.248 0.796 0.211 
0 test1dax_consistent 0.000 2.341 0.000 0.171 0.000 0.048 0.156 0.000 1.493 0.767 0.878 0.522 0.000 0.000 0.000 0.679 0.000 0.000 0.000 0.000 0.000 0.620 0.000 0.000 3.098 0.068 0.000 2.591 3.951 1.215 0.000 0.000 0.000 1.829 2.094 0.000 0.000 0.000 1.195 0.000 
1 test1dax_inconsistent 0.000 2.341 0.000 0.171 0.000 0.048 0.156 0.000 1.493 0.767 0.878 0.522 0.000 0.000 0.000 0.679 0.000 0.000 0.000 0.000 0.000 0.000 0.000 0.653 0.310 0.176 0.000 0.863 0.000 0.000 0.000 0.000 0.150 0.823 0.418 0.000 0.000 0.000 0.985 0.000 
0 test1dax_consistent 0.000 0.355 0.805 0.242 1.783 0.012 0.000 0.000 0.480 0.000 0.000 0.000 0.000 1.173 0.136 0.057 0.000 1.103 0.846 0.454 0.000 0.808 1.848 0.000 2.647 0.000 3.563 4.445 0.000 1.346 0.000 0.000 0.669 0.000 1.610 0.000 0.000 0.000 0.000 1.490 
1 test1dax_inconsistent 0.000 0.355 0.805 0.242 1.783 0.012 0.000 0.000 0.480 0.000 0.000 0.000 0.000 1.173 0.136 0.057 0.000 1.103 0.846 0.454 0.000 0.000 0.296 0.000 0.171 0.000 0.986 0.995 0.000 0.308 0.000 0.245 0.000 0.000 0.901 0.000 0.000 0.396 0.000 1.182 
0 test1dax_consistent 0.000 0.329 0.000 1.502 1.588 0.825 0.064 0.000 0.000 1.240 0.000 0.000 1.031 0.000 0.000 0.000 1.236 0.000 0.000 1.155 0.000 0.000 0.000 0.000 3.155 2.916 0.000 0.000 2.204 3.568 0.000 0.000 0.000 0.000 0.000 0.000 2.077 3.907 0.000 0.000 
1 test1dax_inconsistent 0.000 0.329 0.000 1.502 1.588 0.825 0.064 0.000 0.000 1.240 0.000 0.000 1.031 0.000 0.000 0.000 1.236 0.000 0.000 1.155 0.400 0.163 0.000 0.000 1.246 0.727 0.000 0.243 0.536 0.975 0.000 0.187 0.252 0.000 0.000 0.000 0.617 0.509 0.000 0.000 
0 test1dax_consistent 1.236 0.000 1.193 0.125 0.545 0.851 0.000 1.507 0.000 0.180 0.347 0.278 0.000 0.163 0.924 1.113 0.000 0.000 0.000 0.000 2.085 0.000 0.000 0.000 4.119 1.266 0.000 2.099 0.000 0.234 0.000 3.677 2.574 1.533 0.000 1.963 0.000 0.000 0.000 1.082 
1 test1dax_inconsistent 1.236 0.000 1.193 0.125 0.545 0.851 0.000 1.507 0.000 0.180 0.347 0.278 0.000 0.163 0.924 1.113 0.000 0.000 0.000 0.000 0.510 0.000 0.068 0.000 2.062 0.260 0.000 0.089 0.000 0.299 0.187 0.788 0.191 0.751 0.000 0.000 0.000 0.000 0.000 0.000 
0 test1dax_consistent 0.180 1.065 0.881 0.364 0.000 0.000 0.000 0.138 1.674 0.000 1.393 1.040 0.987 0.000 0.000 0.323 0.576 1.426 0.033 0.407 0.000 0.000 0.000 2.300 3.489 1.082 0.000 2.314 3.621 0.000 1.026 2.038 0.000 0.000 1.040 0.000 0.928 2.262 0.000 0.000 
1 test1dax_inconsistent 0.180 1.065 0.881 0.364 0.000 0.000 0.000 0.138 1.674 0.000 1.393 1.040 0.987 0.000 0.000 0.323 0.576 1.426 0.033 0.407 0.000 0.000 0.000 0.514 1.064 0.625 0.460 0.014 1.333 0.000 1.272 0.536 0.483 0.000 0.388 0.344 0.000 0.000 0.000 0.449 
0 test1dax_consistent 0.000 0.477 0.439 0.132 0.000 0.174 0.000 0.000 1.675 1.427 0.000 0.000 0.000 0.000 0.000 0.000 0.000 0.000 1.216 1.516 2.838 1.797 0.000 3.032 0.000 2.302 0.130 0.000 0.000 0.799 0.000 0.000 0.000 2.211 0.000 1.385 0.000 0.000 3.579 0.867 
1 test1dax_inconsistent 0.000 0.477 0.439 0.132 0.000 0.174 0.000 0.000 1.675 1.427 0.000 0.000 0.000 0.000 0.000 0.000 0.000 0.000 1.216 1.516 0.745 1.630 0.000 0.552 0.000 0.000 0.232 0.000 0.261 0.000 0.000 0.000 0.014 1.414 0.000 0.646 0.000 0.000 0.553 0.000 
0 test1dax_consistent 1.798 0.000 0.000 1.395 0.000 0.000 0.000 0.000 0.621 0.692 0.379 0.000 0.315 0.854 0.000 0.000 0.140 0.000 1.146 0.760 0.000 0.000 0.000 0.000 0.000 0.000 2.683 0.000 0.000 3.763 0.000 0.000 0.000 0.000 0.000 0.000 3.511 0.000 0.000 3.357 
1 test1dax_inconsistent 1.798 0.000 0.000 1.395 0.000 0.000 0.000 0.000 0.621 0.692 0.379 0.000 0.315 0.854 0.000 0.000 0.140 0.000 1.146 0.760 0.000 0.000 0.178 0.000 0.000 0.000 0.000 0.000 0.182 0.019 0.000 0.332 0.000 0.000 0.523 0.000 1.984 0.050 0.000 1.695 
0 test1dax_consistent 0.000 0.771 0.617 0.199 0.485 0.716 0.000 0.255 1.147 0.022 0.086 0.000 0.619 0.916 0.553 0.656 1.092 0.144 0.621 1.278 0.000 0.000 0.000 0.000 0.000 0.025 0.000 0.000 4.680 0.048 0.000 0.000 0.369 0.000 0.000 0.000 0.648 3.443 0.000 1.363 
1 test1dax_inconsistent 0.000 0.771 0.617 0.199 0.485 0.716 0.000 0.255 1.147 0.022 0.086 0.000 0.619 0.916 0.553 0.656 1.092 0.144 0.621 1.278 0.236 0.000 0.000 0.182 0.000 0.000 0.000 0.000 0.339 0.000 0.000 0.000 0.470 0.000 0.000 0.124 0.961 1.515 0.000 0.000 
0 test1dax_consistent 0.000 0.000 0.000 1.670 0.000 0.512 0.655 1.425 0.000 1.750 0.000 0.000 0.000 1.079 0.313 0.122 0.000 0.000 0.000 0.000 0.000 0.000 0.000 3.089 0.000 0.000 2.661 0.000 0.000 2.473 0.000 0.000 4.147 0.000 0.000 0.000 0.000 0.000 0.000 1.658 
1 test1dax_inconsistent 0.000 0.000 0.000 1.670 0.000 0.512 0.655 1.425 0.000 1.750 0.000 0.000 0.000 1.079 0.313 0.122 0.000 0.000 0.000 0.000 0.000 0.000 0.119 0.000 0.000 0.000 0.032 0.000 0.000 0.038 0.240 0.000 1.359 0.514 0.000 0.000 0.000 0.000 0.556 1.172 
0 test1dax_consistent 0.225 2.131 0.571 1.399 0.589 0.178 0.000 0.000 0.000 0.000 0.000 0.000 0.000 0.000 0.126 0.108 0.000 0.736 0.000 0.000 3.333 2.268 0.852 0.000 0.000 3.928 0.000 1.215 0.000 0.000 0.000 0.000 2.885 0.000 0.000 0.000 0.000 4.483 0.000 0.288 
1 test1dax_inconsistent 0.225 2.131 0.571 1.399 0.589 0.178 0.000 0.000 0.000 0.000 0.000 0.000 0.000 0.000 0.126 0.108 0.000 0.736 0.000 0.000 0.441 0.342 0.128 0.000 0.000 1.535 0.000 0.136 0.000 0.000 0.000 0.000 1.821 0.303 0.000 0.000 0.000 0.628 0.000 0.000 
0 test1dax_consistent 0.000 0.000 0.617 0.311 0.035 0.000 0.617 0.442 0.074 0.000 0.000 0.111 1.123 0.020 0.000 2.903 0.000 0.000 0.242 0.254 0.000 0.000 0.000 3.317 0.366 0.000 0.000 0.000 0.000 0.000 0.870 0.000 1.960 0.000 1.317 0.000 0.000 0.000 5.318 0.000 
1 test1dax_inconsistent 0.000 0.000 0.617 0.311 0.035 0.000 0.617 0.442 0.074 0.000 0.000 0.111 1.123 0.020 0.000 2.903 0.000 0.000 0.242 0.254 0.000 0.068 0.643 0.106 0.252 0.000 0.522 0.205 0.000 0.000 0.000 0.000 0.497 0.169 0.000 0.000 0.000 0.000 1.485 0.000 
0 test1dax_consistent 0.000 1.510 0.688 0.000 1.155 1.674 0.000 0.294 0.000 0.638 0.440 0.000 0.000 0.053 1.440 0.187 1.164 0.018 0.482 0.000 0.000 0.062 3.972 0.000 0.000 0.000 0.000 3.122 0.000 0.000 1.388 0.000 1.591 1.235 1.152 4.174 0.000 0.000 0.323 0.000 
1 test1dax_inconsistent 0.000 1.510 0.688 0.000 1.155 1.674 0.000 0.294 0.000 0.638 0.440 0.000 0.000 0.053 1.440 0.187 1.164 0.018 0.482 0.000 0.033 0.215 0.740 0.458 0.000 0.713 0.000 0.971 0.000 0.000 0.000 0.059 0.049 0.819 0.644 0.849 0.000 0.000 0.400 0.000 
0 test1dax_consistent 2.179 0.000 0.930 0.000 0.000 0.555 0.000 0.000 0.650 0.000 0.008 0.000 0.823 0.000 0.000 0.568 0.044 0.000 0.473 1.595 0.000 0.000 0.000 0.000 0.000 0.000 0.000 0.630 1.290 0.000 1.893 0.000 1.474 3.900 0.000 3.214 0.000 4.182 0.000 0.326 
1 test1dax_inconsistent 2.179 0.000 0.930 0.000 0.000 0.555 0.000 0.000 0.650 0.000 0.008 0.000 0.823 0.000 0.000 0.568 0.044 0.000 0.473 1.595 0.000 0.000 0.000 0.000 0.000 0.000 0.000 0.656 0.044 0.000 0.731 0.000 1.451 0.577 0.000 0.000 0.079 1.008 0.000 0.000 
0 test1dax_consistent 0.521 0.138 0.000 0.417 0.000 0.504 1.597 1.471 0.000 0.000 0.000 0.006 0.969 1.484 0.000 1.329 0.000 0.691 0.206 0.211 0.000 0.000 0.000 2.568 0.000 0.214 0.000 2.947 0.000 4.488 0.000 0.000 0.000 2.077 0.000 0.272 0.000 4.107 0.604 0.000 
1 test1dax_inconsistent 0.521 0.138 0.000 0.417 0.000 0.504 1.597 1.471 0.000 0.000 0.000 0.006 0.969 1.484 0.000 1.329 0.000 0.691 0.206 0.211 0.000 0.000 0.000 0.429 0.000 0.509 0.918 0.834 0.000 1.515 0.000 0.000 0.000 0.167 0.020 0.455 0.000 0.623 0.000 0.000 
0 test1dax_consistent 0.000 0.000 0.732 0.042 0.000 0.000 0.000 1.043 0.061 0.007 0.417 1.100 0.000 0.893 0.388 1.547 1.082 0.000 0.000 0.000 0.000 0.364 0.000 2.814 0.000 1.427 0.000 2.005 0.000 0.000 1.936 0.000 0.000 4.322 0.000 3.531 0.000 0.874 0.000 0.000 
1 test1dax_inconsistent 0.000 0.000 0.732 0.042 0.000 0.000 0.000 1.043 0.061 0.007 0.417 1.100 0.000 0.893 0.388 1.547 1.082 0.000 0.000 0.000 0.000 0.445 0.000 1.152 0.000 1.656 0.000 0.000 0.000 0.534 0.000 0.000 0.254 0.683 0.006 0.825 0.000 0.000 0.000 0.205 
0 test1dax_consistent 0.000 0.000 0.152 0.000 0.330 0.000 0.000 0.650 1.482 1.578 0.000 0.000 0.000 1.586 0.000 0.000 0.000 0.444 0.028 0.005 2.978 2.535 4.974 0.166 0.000 0.578 0.000 0.000 0.000 0.000 1.410 0.000 0.000 0.000 0.000 0.922 0.000 1.519 0.000 0.000 
1 test1dax_inconsistent 0.000 0.000 0.152 0.000 0.330 0.000 0.000 0.650 1.482 1.578 0.000 0.000 0.000 1.586 0.000 0.000 0.000 0.444 0.028 0.005 0.000 0.748 1.226 0.512 0.325 0.845 0.000 0.000 0.000 0.000 0.575 0.000 0.000 0.000 0.000 0.411 0.000 0.293 0.000 0.000 
0 test1dax_consistent 1.288 0.401 0.000 0.153 0.000 0.000 1.526 0.151 0.030 0.000 0.583 0.248 1.486 1.046 0.354 0.423 0.000 0.000 0.062 0.000 1.347 0.261 0.000 2.018 0.105 0.000 0.000 1.084 2.378 0.000 0.000 3.913 0.000 0.367 1.334 0.000 0.000 3.606 0.000 0.000 
1 test1dax_inconsistent 1.288 0.401 0.000 0.153 0.000 0.000 1.526 0.151 0.030 0.000 0.583 0.248 1.486 1.046 0.354 0.423 0.000 0.000 0.062 0.000 0.725 0.000 0.000 0.702 0.342 0.000 0.000 1.140 0.832 0.336 0.000 0.484 0.000 0.585 0.640 0.000 0.000 0.000 0.000 0.000 
0 test1dax_consistent 0.115 1.327 0.000 0.000 2.074 0.169 0.000 0.683 0.000 0.321 0.000 0.161 0.000 0.612 0.000 1.012 1.141 0.100 0.360 0.342 0.000 1.096 0.000 1.004 0.000 0.000 0.000 0.821 0.000 0.000 3.192 0.000 1.838 1.154 4.314 0.000 0.000 0.000 0.000 2.001 
1 test1dax_inconsistent 0.115 1.327 0.000 0.000 2.074 0.169 0.000 0.683 0.000 0.321 0.000 0.161 0.000 0.612 0.000 1.012 1.141 0.100 0.360 0.342 0.002 1.087 0.000 0.000 0.000 0.000 0.077 0.744 0.000 0.000 0.444 0.181 0.000 0.073 1.059 0.000 0.000 0.639 0.000 0.425 
0 test1dax_consistent 0.126 0.075 0.000 0.000 0.000 1.252 0.000 0.364 0.224 0.000 0.064 0.000 0.000 0.000 0.895 0.000 0.751 0.541 1.943 1.055 0.014 4.757 0.000 0.000 0.000 1.463 0.000 0.000 1.472 1.700 1.543 0.000 0.000 0.352 0.000 0.000 0.000 3.743 0.000 1.734 
1 test1dax_inconsistent 0.126 0.075 0.000 0.000 0.000 1.252 0.000 0.364 0.224 0.000 0.064 0.000 0.000 0.000 0.895 0.000 0.751 0.541 1.943 1.055 0.337 1.073 0.000 0.000 0.000 0.000 0.000 0.007 0.679 0.614 0.780 0.000 0.000 0.561 0.000 0.158 0.000 0.698 0.000 0.277 
0 test1dax_consistent 0.000 0.000 0.000 0.000 0.000 1.019 2.742 0.000 0.000 0.000 0.000 0.456 0.000 0.000 1.011 0.000 0.000 0.000 0.000 0.000 5.527 0.000 0.000 0.000 0.993 3.588 0.000 0.963 0.000 0.000 0.000 0.000 0.000 0.038 0.850 0.671 0.000 4.173 0.692 0.000 
1 test1dax_inconsistent 0.000 0.000 0.000 0.000 0.000 1.019 2.742 0.000 0.000 0.000 0.000 0.456 0.000 0.000 1.011 0.000 0.000 0.000 0.000 0.000 1.713 0.000 0.000 0.113 0.854 1.225 0.000 0.451 0.292 0.000 0.000 0.111 0.000 0.370 0.000 0.675 0.000 0.346 0.676 0.000 
0 test1dax_consistent 0.325 0.869 0.000 0.000 0.027 1.126 0.000 1.116 1.079 0.000 0.933 0.099 1.523 0.000 0.000 0.000 0.000 0.000 0.613 0.032 0.023 2.716 0.000 0.000 0.000 3.272 0.000 0.000 0.000 4.655 0.658 2.753 0.118 0.813 0.000 0.057 0.000 0.000 0.000 0.000 
1 test1dax_inconsistent 0.325 0.869 0.000 0.000 0.027 1.126 0.000 1.116 1.079 0.000 0.933 0.099 1.523 0.000 0.000 0.000 0.000 0.000 0.613 0.032 0.464 0.362 0.000 0.253 0.000 0.391 0.000 0.000 0.000 1.091 0.958 0.992 0.791 0.293 0.000 0.023 0.000 0.000 0.000 0.000 
0 test1dax_consistent 0.000 1.172 0.016 0.000 0.000 1.918 0.000 0.000 0.000 0.000 0.173 0.000 0.597 1.110 0.000 0.000 0.000 0.826 0.000 0.464 1.990 0.000 1.208 0.879 0.000 0.000 3.125 1.955 1.622 0.000 2.703 0.000 3.987 3.019 0.000 1.921 0.000 0.000 0.000 0.000 
1 test1dax_inconsistent 0.000 1.172 0.016 0.000 0.000 1.918 0.000 0.000 0.000 0.000 0.173 0.000 0.597 1.110 0.000 0.000 0.000 0.826 0.000 0.464 0.261 0.075 0.685 0.000 0.000 0.102 0.803 1.214 0.000 0.160 0.131 0.000 0.923 0.545 0.000 0.986 0.000 0.000 0.042 0.260 
0 test1dax_consistent 0.974 0.000 1.034 0.344 0.865 0.181 1.871 0.000 0.000 0.000 0.635 0.000 0.000 1.028 0.000 0.733 0.421 0.207 0.326 0.801 0.000 0.000 0.000 0.218 2.524 2.087 0.000 0.000 0.000 0.000 0.000 1.186 0.000 0.000 1.416 0.091 0.005 0.000 0.000 6.621 
1 test1dax_inconsistent 0.974 0.000 1.034 0.344 0.865 0.181 1.871 0.000 0.000 0.000 0.635 0.000 0.000 1.028 0.000 0.733 0.421 0.207 0.326 0.801 0.158 0.000 0.000 0.000 0.733 0.859 0.000 0.000 0.000 0.000 0.000 1.211 0.000 0.000 0.552 1.132 0.022 0.000 0.000 1.878 
0 test1dax_consistent 0.000 0.724 0.074 0.090 0.000 1.156 0.000 0.471 1.885 0.314 2.277 0.574 0.000 0.000 0.000 0.000 0.000 0.000 0.000 0.000 0.000 0.000 0.000 0.077 0.120 2.311 0.305 0.000 0.000 2.208 2.004 1.417 2.991 0.000 0.339 1.303 4.175 0.000 0.000 0.000 
1 test1dax_inconsistent 0.000 0.724 0.074 0.090 0.000 1.156 0.000 0.471 1.885 0.314 2.277 0.574 0.000 0.000 0.000 0.000 0.000 0.000 0.000 0.000 0.000 0.452 0.000 0.000 0.305 0.807 0.000 0.453 0.000 0.080 0.180 0.073 0.743 0.055 0.407 0.528 0.971 0.000 0.000 0.000 
0 test1dax_consistent 0.000 0.914 0.000 0.000 0.034 0.000 0.000 0.000 0.690 0.000 0.000 0.172 0.976 0.593 0.425 1.209 0.000 1.025 0.485 1.961 0.000 0.000 0.000 0.000 0.033 0.000 3.666 2.781 1.425 0.000 1.940 2.499 0.081 0.000 0.010 2.384 1.970 0.945 0.713 0.000 
1 test1dax_inconsistent 0.000 0.914 0.000 0.000 0.034 0.000 0.000 0.000 0.690 0.000 0.000 0.172 0.976 0.593 0.425 1.209 0.000 1.025 0.485 1.961 0.000 0.000 0.080 0.000 0.000 0.170 0.922 0.177 0.402 0.000 0.352 0.301 0.238 0.000 0.000 0.225 0.000 1.109 0.245 0.000 
0 test1dax_consistent 0.000 0.000 0.000 0.365 0.000 1.924 0.526 0.848 0.830 0.532 0.775 0.000 0.000 0.130 1.089 0.000 0.704 0.000 0.333 0.000 0.000 3.355 0.000 6.132 0.000 0.000 0.000 0.000 0.000 0.771 0.000 0.000 0.000 0.000 0.401 1.412 1.979 0.000 0.000 0.000 
1 test1dax_inconsistent 0.000 0.000 0.000 0.365 0.000 1.924 0.526 0.848 0.830 0.532 0.775 0.000 0.000 0.130 1.089 0.000 0.704 0.000 0.333 0.000 0.263 1.045 0.000 1.713 0.000 0.000 0.000 0.000 0.305 1.190 0.000 0.000 0.000 0.000 0.000 0.001 1.612 0.000 0.000 0.184 
0 test1dax_consistent 0.747 0.906 0.957 0.936 0.111 1.232 0.851 0.210 0.000 0.054 0.000 0.430 0.000 0.000 1.143 0.000 0.000 0.000 0.072 1.479 0.000 1.361 0.000 4.585 0.000 4.838 0.000 0.000 0.000 0.420 1.448 0.000 0.000 2.020 0.105 0.000 0.000 0.000 0.000 0.487 
1 test1dax_inconsistent 0.747 0.906 0.957 0.936 0.111 1.232 0.851 0.210 0.000 0.054 0.000 0.430 0.000 0.000 1.143 0.000 0.000 0.000 0.072 1.479 0.000 0.471 0.985 2.088 0.000 1.172 0.000 0.000 0.000 0.288 0.217 0.000 0.000 0.000 0.721 0.000 0.099 0.000 0.000 0.038 
0 test1dax_consistent 0.000 0.320 0.896 1.222 1.698 1.442 0.000 0.090 0.000 0.427 0.067 0.000 0.000 0.000 0.368 0.000 1.003 0.075 0.000 0.000 0.000 0.000 0.000 2.368 0.000 0.000 0.000 0.000 3.356 1.887 0.741 0.000 0.000 5.819 0.000 0.000 0.000 0.000 3.183 0.000 
1 test1dax_inconsistent 0.000 0.320 0.896 1.222 1.698 1.442 0.000 0.090 0.000 0.427 0.067 0.000 0.000 0.000 0.368 0.000 1.003 0.075 0.000 0.000 0.000 0.000 0.627 0.037 0.156 0.000 0.000 0.000 1.128 1.318 0.604 0.000 0.000 1.420 0.000 0.000 0.000 0.000 0.942 0.025 
0 test1dax_consistent 0.309 0.146 0.423 0.162 0.679 0.904 0.035 0.088 0.873 1.833 0.000 0.453 0.000 0.276 0.000 0.923 0.647 0.069 0.000 0.000 2.773 2.558 0.000 0.725 0.669 0.058 0.000 0.000 0.000 3.614 0.000 0.000 0.000 0.000 4.128 0.000 0.000 0.382 0.000 0.000 
1 test1dax_inconsistent 0.309 0.146 0.423 0.162 0.679 0.904 0.035 0.088 0.873 1.833 0.000 0.453 0.000 0.276 0.000 0.923 0.647 0.069 0.000 0.000 1.036 2.007 0.000 0.170 0.471 0.000 0.000 0.000 0.000 0.000 0.000 0.000 0.119 0.000 0.575 0.000 0.119 0.856 0.000 0.197 
0 test1dax_consistent 1.076 0.555 0.811 0.000 1.323 0.000 0.000 0.000 0.035 0.000 0.000 0.000 1.049 0.000 1.063 0.500 0.449 0.435 0.000 0.720 0.000 0.000 3.728 0.000 0.000 0.000 0.323 4.061 0.000 0.000 0.000 0.000 0.000 0.000 2.831 0.000 0.000 0.000 3.416 0.000 
1 test1dax_inconsistent 1.076 0.555 0.811 0.000 1.323 0.000 0.000 0.000 0.035 0.000 0.000 0.000 1.049 0.000 1.063 0.500 0.449 0.435 0.000 0.720 0.000 0.000 0.605 0.000 0.000 0.000 0.000 1.438 0.179 0.000 0.000 0.000 0.000 0.110 0.919 0.000 0.000 0.000 0.905 0.000 
0 test1dax_consistent 0.000 1.281 1.705 0.000 0.000 0.564 0.000 0.000 0.347 1.272 0.965 0.000 0.965 0.667 0.000 0.864 0.000 0.472 0.374 0.000 0.000 1.758 0.000 0.000 0.000 0.461 3.499 0.000 0.148 0.571 0.000 0.000 0.424 0.000 0.000 0.000 0.000 0.000 4.901 0.000 
1 test1dax_inconsistent 0.000 1.281 1.705 0.000 0.000 0.564 0.000 0.000 0.347 1.272 0.965 0.000 0.965 0.667 0.000 0.864 0.000 0.472 0.374 0.000 0.000 1.946 0.000 0.002 0.000 0.000 0.908 0.000 0.187 0.134 0.000 0.000 0.000 0.000 0.000 0.000 0.000 0.239 0.474 0.000 
0 test1dax_consistent 1.106 0.000 1.923 0.000 0.000 0.351 0.000 0.043 1.957 0.000 0.000 0.784 0.268 0.000 0.270 0.000 0.000 0.000 0.000 0.000 0.000 1.045 0.000 0.000 0.000 3.782 0.000 0.501 3.464 4.438 0.000 0.000 0.000 0.000 0.000 0.000 1.973 0.000 2.220 0.745 
1 test1dax_inconsistent 1.106 0.000 1.923 0.000 0.000 0.351 0.000 0.043 1.957 0.000 0.000 0.784 0.268 0.000 0.270 0.000 0.000 0.000 0.000 0.000 0.000 0.499 0.300 0.209 0.036 0.787 0.000 0.322 0.478 1.300 0.193 0.166 0.000 0.000 0.319 0.000 0.675 0.046 0.863 0.000 
0 test1dax_consistent 0.000 0.209 0.000 1.403 0.000 1.207 1.329 0.006 0.000 1.123 0.175 0.613 0.432 0.000 0.000 0.000 0.000 0.000 0.968 0.021 0.000 0.000 0.000 0.000 0.049 2.409 0.000 0.000 0.000 1.199 4.668 0.054 0.008 1.987 4.189 0.000 0.000 0.851 0.000 0.952 
1 test1dax_inconsistent 0.000 0.209 0.000 1.403 0.000 1.207 1.329 0.006 0.000 1.123 0.175 0.613 0.432 0.000 0.000 0.000 0.000 0.000 0.968 0.021 0.000 0.000 0.000 0.170 0.471 0.854 0.060 0.000 0.000 0.000 0.955 0.154 0.574 1.025 1.071 0.000 0.000 0.000 0.017 0.402 
0 test1dax_consistent 0.000 0.007 2.193 0.000 0.000 0.242 0.000 1.735 0.000 0.000 0.000 0.000 0.000 0.085 0.000 0.000 1.601 0.471 0.000 0.000 0.000 1.376 0.000 2.527 4.458 2.540 0.000 0.570 5.014 1.918 0.000 2.058 0.000 0.000 0.249 0.000 0.026 0.694 0.000 0.000 
1 test1dax_inconsistent 0.000 0.007 2.193 0.000 0.000 0.242 0.000 1.735 0.000 0.000 0.000 0.000 0.000 0.085 0.000 0.000 1.601 0.471 0.000 0.000 0.000 0.401 0.000 0.833 0.821 1.808 0.245 0.000 1.410 0.214 0.000 1.807 0.000 0.000 0.250 0.000 0.039 0.000 0.000 0.000 
0 test1dax_consistent 0.928 0.116 2.006 0.000 0.081 0.127 0.128 0.432 0.000 0.099 1.026 0.000 0.041 0.451 0.101 0.000 0.207 1.069 0.141 0.523 0.000 3.185 0.000 0.000 2.612 0.271 3.212 0.000 0.000 2.119 1.590 0.000 0.875 2.330 0.139 0.000 0.172 1.043 0.823 0.000 
1 test1dax_inconsistent 0.928 0.116 2.006 0.000 0.081 0.127 0.128 0.432 0.000 0.099 1.026 0.000 0.041 0.451 0.101 0.000 0.207 1.069 0.141 0.523 0.000 0.642 0.031 0.000 0.246 0.382 0.760 0.073 0.000 0.738 0.270 0.000 0.621 0.000 0.450 0.000 0.300 0.000 0.614 0.018 
0 test1dax_consistent 0.560 0.862 2.287 0.000 0.201 0.375 1.426 1.056 0.001 0.000 0.702 0.000 0.000 0.000 0.330 0.000 0.000 0.000 0.000 0.072 0.000 0.000 0.000 1.769 0.330 0.000 0.000 0.716 0.000 0.000 3.034 0.000 0.874 0.000 1.650 0.000 0.000 1.784 0.000 5.140 
1 test1dax_inconsistent 0.560 0.862 2.287 0.000 0.201 0.375 1.426 1.056 0.001 0.000 0.702 0.000 0.000 0.000 0.330 0.000 0.000 0.000 0.000 0.072 0.000 0.000 0.136 0.000 0.178 0.103 0.000 0.313 0.000 0.000 0.912 0.000 0.042 0.000 1.109 0.000 0.273 0.941 0.000 1.036 
0 test1dax_consistent 0.000 0.371 0.000 0.104 0.696 0.027 1.542 0.000 0.000 0.965 0.000 0.068 0.575 0.000 0.680 0.000 0.000 0.000 2.129 0.000 0.000 0.000 0.000 1.814 0.524 0.000 1.548 0.000 0.732 3.214 0.000 0.000 0.894 0.193 0.000 3.810 2.296 0.000 0.000 2.902 
1 test1dax_inconsistent 0.000 0.371 0.000 0.104 0.696 0.027 1.542 0.000 0.000 0.965 0.000 0.068 0.575 0.000 0.680 0.000 0.000 0.000 2.129 0.000 0.000 0.000 0.000 0.615 0.331 0.000 0.395 0.022 0.695 0.433 0.000 0.000 1.085 0.379 0.000 0.392 0.708 0.000 0.119 0.731 
0 test1dax_consistent 0.060 0.059 0.000 0.000 0.000 1.157 0.000 0.184 0.051 0.000 0.000 1.087 1.307 0.609 0.219 1.631 0.608 0.000 0.466 0.000 1.650 0.951 0.000 0.000 2.048 0.002 0.700 0.000 0.000 0.031 0.000 0.000 0.930 4.053 0.000 0.000 4.224 0.000 0.000 0.000 
1 test1dax_inconsistent 0.060 0.059 0.000 0.000 0.000 1.157 0.000 0.184 0.051 0.000 0.000 1.087 1.307 0.609 0.219 1.631 0.608 0.000 0.466 0.000 0.894 0.000 0.000 0.000 1.200 0.000 0.853 0.000 0.000 0.213 0.000 0.000 0.000 0.656 0.000 0.000 0.431 0.000 0.000 0.000 
0 test1dax_consistent 0.542 2.813 0.000 0.038 0.829 0.000 0.000 1.032 0.000 0.000 0.000 0.066 0.000 0.000 0.000 0.000 0.000 1.319 0.000 0.000 0.000 0.000 0.942 4.085 1.849 2.236 5.022 0.000 0.000 0.000 0.049 0.000 0.000 0.000 0.000 0.000 0.000 0.359 0.000 0.000 
1 test1dax_inconsistent 0.542 2.813 0.000 0.038 0.829 0.000 0.000 1.032 0.000 0.000 0.000 0.066 0.000 0.000 0.000 0.000 0.000 1.319 0.000 0.000 0.000 0.000 0.000 0.609 0.383 1.404 1.495 0.000 0.000 0.060 0.394 0.000 0.000 0.000 0.000 0.343 0.000 0.000 0.000 0.000 
0 test1dax_consistent 0.366 0.974 0.000 0.000 0.543 0.428 0.558 0.000 0.288 0.016 0.089 0.987 1.529 0.504 0.000 0.000 0.154 0.000 0.686 1.420 0.000 0.000 0.000 0.000 0.000 0.021 0.000 3.169 1.315 0.000 3.519 3.758 0.000 3.027 0.000 0.059 0.000 0.000 0.412 0.000 
1 test1dax_inconsistent 0.366 0.974 0.000 0.000 0.543 0.428 0.558 0.000 0.288 0.016 0.089 0.987 1.529 0.504 0.000 0.000 0.154 0.000 0.686 1.420 0.000 0.000 0.000 0.000 0.000 0.173 0.000 1.880 0.972 0.000 0.243 0.675 0.000 0.377 0.261 0.340 0.185 0.000 0.090 0.000 
0 test1dax_consistent 0.146 0.000 0.000 0.678 0.518 0.395 1.162 1.460 0.240 0.240 0.000 1.245 0.227 1.139 0.000 1.329 0.000 0.000 0.000 0.140 0.000 0.000 0.000 0.000 0.170 3.136 0.697 1.942 4.805 1.326 0.000 1.301 0.384 0.000 0.000 0.000 0.000 0.000 1.452 0.191 
1 test1dax_inconsistent 0.146 0.000 0.000 0.678 0.518 0.395 1.162 1.460 0.240 0.240 0.000 1.245 0.227 1.139 0.000 1.329 0.000 0.000 0.000 0.140 0.000 0.397 0.000 0.141 0.628 0.407 0.000 0.878 0.260 0.506 0.000 0.304 0.501 0.124 0.000 0.086 0.019 0.175 0.000 0.618 
0 test1dax_consistent 0.000 0.000 0.657 1.921 0.000 0.000 0.000 1.536 0.000 0.986 0.477 0.000 0.331 0.912 0.971 0.000 1.064 0.291 1.019 0.000 3.542 4.736 2.960 4.571 0.000 0.000 0.000 0.000 0.000 0.000 0.000 2.238 0.022 0.000 0.000 0.000 0.000 0.000 0.804 0.000 
1 test1dax_inconsistent 0.000 0.000 0.657 1.921 0.000 0.000 0.000 1.536 0.000 0.986 0.477 0.000 0.331 0.912 0.971 0.000 1.064 0.291 1.019 0.000 0.427 1.984 1.133 0.539 0.000 0.000 0.301 0.000 0.042 0.000 0.225 1.512 0.338 0.000 0.132 0.000 0.000 0.000 0.000 0.000 
0 test1dax_consistent 0.308 0.000 1.026 0.188 1.996 0.000 0.000 0.782 0.251 0.091 0.172 0.091 0.131 3.009 0.000 0.000 0.000 0.120 0.000 0.000 0.143 2.483 0.000 1.164 0.087 0.000 0.677 0.165 1.968 1.535 2.469 3.172 2.735 0.000 1.304 0.000 1.288 2.446 0.000 0.000 
1 test1dax_inconsistent 0.308 0.000 1.026 0.188 1.996 0.000 0.000 0.782 0.251 0.091 0.172 0.091 0.131 3.009 0.000 0.000 0.000 0.120 0.000 0.000 0.000 0.628 0.032 0.783 0.000 0.000 0.135 0.479 0.262 0.000 0.460 0.467 0.059 0.073 0.000 0.000 0.474 0.598 0.000 0.000 
0 test1dax_consistent 0.000 0.000 0.636 0.000 0.000 0.510 0.576 1.018 0.193 0.790 0.853 0.000 0.005 1.002 1.362 0.000 0.005 0.000 0.008 0.370 0.000 0.326 0.000 0.634 0.714 0.000 0.000 0.000 0.000 0.000 0.000 0.000 0.000 4.567 0.000 0.000 0.000 3.655 2.230 4.077 
1 test1dax_inconsistent 0.000 0.000 0.636 0.000 0.000 0.510 0.576 1.018 0.193 0.790 0.853 0.000 0.005 1.002 1.362 0.000 0.005 0.000 0.008 0.370 0.020 0.461 0.000 0.013 0.524 0.341 0.000 0.000 0.288 0.000 0.254 0.108 0.000 0.757 0.320 0.000 0.000 0.694 0.807 0.800 
0 test1dax_consistent 1.623 0.000 0.000 0.000 0.000 0.000 0.334 0.000 1.633 0.000 0.000 0.000 0.000 0.000 0.000 0.000 0.392 0.000 1.670 0.000 0.000 0.000 0.351 0.000 0.588 0.000 2.283 0.000 0.419 2.420 2.342 0.000 3.367 1.467 2.552 0.000 2.331 0.000 2.686 0.595 
1 test1dax_inconsistent 1.623 0.000 0.000 0.000 0.000 0.000 0.334 0.000 1.633 0.000 0.000 0.000 0.000 0.000 0.000 0.000 0.392 0.000 1.670 0.000 0.000 0.000 1.243 0.472 0.333 0.000 1.031 0.000 0.000 0.425 0.372 0.000 0.730 0.000 0.264 0.000 0.590 0.000 0.396 0.203 
0 test1dax_consistent 0.000 0.328 0.629 0.848 0.547 0.000 1.444 0.000 0.098 0.165 0.178 0.023 1.194 1.778 0.308 0.155 0.000 0.000 0.000 0.000 0.000 0.000 3.221 0.000 0.000 1.697 0.000 0.000 0.000 0.000 1.762 3.361 0.000 0.000 5.301 0.000 0.000 0.000 1.328 0.000 
1 test1dax_inconsistent 0.000 0.328 0.629 0.848 0.547 0.000 1.444 0.000 0.098 0.165 0.178 0.023 1.194 1.778 0.308 0.155 0.000 0.000 0.000 0.000 0.000 0.000 0.632 0.000 0.000 0.629 0.023 0.000 0.337 0.000 0.864 1.838 0.000 0.050 0.936 0.000 0.000 0.000 0.392 0.151 
0 test1dax_consistent 0.716 0.182 0.000 0.745 0.546 0.000 0.348 0.199 0.000 0.452 0.417 0.535 0.577 0.235 0.000 1.148 0.173 0.000 0.993 1.292 3.667 0.000 0.000 0.000 0.472 0.000 0.000 1.082 3.423 0.000 1.937 1.294 0.656 0.729 0.000 2.782 0.897 0.000 0.000 0.037 
1 test1dax_inconsistent 0.716 0.182 0.000 0.745 0.546 0.000 0.348 0.199 0.000 0.452 0.417 0.535 0.577 0.235 0.000 1.148 0.173 0.000 0.993 1.292 0.258 0.261 0.011 0.000 0.404 0.000 0.089 0.000 1.290 0.034 0.225 0.736 0.000 0.552 0.000 0.381 0.000 0.172 0.139 0.304 
0 test1dax_consistent 0.000 0.000 0.000 0.526 0.022 0.118 0.008 0.061 1.660 0.000 0.000 0.116 1.561 0.000 0.727 1.171 1.393 1.561 0.000 0.000 0.000 0.000 0.000 0.000 0.000 3.152 0.000 5.528 1.941 0.000 0.667 0.000 0.000 0.000 0.000 2.632 0.000 0.000 0.000 0.000 
1 test1dax_inconsistent 0.000 0.000 0.000 0.526 0.022 0.118 0.008 0.061 1.660 0.000 0.000 0.116 1.561 0.000 0.727 1.171 1.393 1.561 0.000 0.000 0.000 0.000 0.000 0.000 0.048 1.016 0.028 0.767 0.093 0.000 0.000 0.000 0.000 0.000 0.000 2.409 0.000 0.000 0.000 0.000 
0 test1dax_consistent 0.129 0.000 0.153 0.032 0.334 0.000 0.000 0.000 0.000 0.000 0.000 0.000 0.000 3.182 0.000 0.097 0.078 0.000 1.178 1.290 0.000 1.774 2.456 2.622 0.000 4.057 0.000 0.000 0.000 2.228 0.000 4.515 0.000 0.000 0.000 0.000 0.000 0.000 0.589 0.804 
1 test1dax_inconsistent 0.129 0.000 0.153 0.032 0.334 0.000 0.000 0.000 0.000 0.000 0.000 0.000 0.000 3.182 0.000 0.097 0.078 0.000 1.178 1.290 0.000 0.795 0.790 0.043 0.000 0.896 0.000 0.109 0.030 0.966 0.000 1.404 0.000 0.000 0.000 0.002 0.000 0.000 0.000 1.368 
0 test1dax_consistent 0.000 0.067 0.364 0.000 0.000 0.000 0.481 0.000 0.378 0.095 0.109 0.000 0.034 0.000 0.959 0.066 0.000 1.160 0.114 2.563 0.000 5.285 0.000 0.000 0.867 0.000 0.000 1.117 0.000 0.369 2.320 2.203 0.000 0.000 0.000 0.023 0.341 2.177 0.868 0.000 
1 test1dax_inconsistent 0.000 0.067 0.364 0.000 0.000 0.000 0.481 0.000 0.378 0.095 0.109 0.000 0.034 0.000 0.959 0.066 0.000 1.160 0.114 2.563 0.000 0.564 0.000 0.000 0.000 0.000 0.235 0.000 0.000 0.000 1.460 1.381 0.000 0.000 0.341 0.000 0.561 0.626 0.300 0.000 
0 test1dax_consistent 0.158 0.071 0.000 0.000 1.714 0.768 0.000 0.091 0.000 0.000 0.220 1.007 0.000 0.101 0.000 0.000 1.745 0.265 1.647 0.781 4.281 4.739 0.109 0.000 0.366 0.195 0.000 0.000 0.000 0.000 0.055 0.000 0.000 0.000 0.000 0.000 0.000 0.000 2.633 2.356 
1 test1dax_inconsistent 0.158 0.071 0.000 0.000 1.714 0.768 0.000 0.091 0.000 0.000 0.220 1.007 0.000 0.101 0.000 0.000 1.745 0.265 1.647 0.781 0.803 1.510 0.478 0.000 0.087 0.000 0.000 0.000 0.324 0.000 0.520 0.000 0.000 0.000 0.000 0.454 0.000 0.487 0.409 0.707 
0 test1dax_consistent 0.000 2.098 0.000 0.000 0.000 0.000 0.000 0.712 0.000 0.000 0.000 0.256 0.658 0.844 0.439 0.810 0.041 1.156 0.000 1.216 0.000 0.000 0.000 0.000 0.000 0.000 0.000 0.856 0.000 0.000 4.162 0.000 4.525 0.000 3.810 0.670 0.538 0.000 0.000 1.312 
1 test1dax_inconsistent 0.000 2.098 0.000 0.000 0.000 0.000 0.000 0.712 0.000 0.000 0.000 0.256 0.658 0.844 0.439 0.810 0.041 1.156 0.000 1.216 0.000 0.000 0.224 0.000 0.167 0.000 0.000 0.815 0.000 0.000 1.102 0.000 0.819 0.000 0.563 1.416 0.000 0.000 0.000 0.091 
0 test1dax_consistent 0.000 0.238 0.077 0.230 0.088 0.088 0.929 1.841 0.000 0.000 1.346 1.262 0.069 0.745 0.504 0.405 1.332 0.000 0.000 0.122 0.000 0.430 2.832 1.697 1.324 0.000 0.000 3.200 0.000 0.000 2.043 0.000 3.833 4.574 0.000 0.000 0.000 0.161 0.000 1.164 
1 test1dax_inconsistent 0.000 0.238 0.077 0.230 0.088 0.088 0.929 1.841 0.000 0.000 1.346 1.262 0.069 0.745 0.504 0.405 1.332 0.000 0.000 0.122 0.000 0.580 1.704 0.830 0.692 0.000 0.000 0.196 0.000 0.000 0.805 0.000 0.992 0.935 0.000 0.000 0.000 0.000 0.000 1.066 
0 test1dax_consistent 0.940 0.000 0.000 0.345 0.257 0.733 1.393 0.000 0.061 0.000 1.049 0.570 0.593 0.000 0.193 0.000 1.145 0.000 0.364 1.435 0.000 0.000 0.020 0.000 0.000 1.094 3.718 0.000 1.676 0.000 1.235 0.805 0.285 0.000 0.239 4.331 0.000 0.000 0.025 2.840 
1 test1dax_inconsistent 0.940 0.000 0.000 0.345 0.257 0.733 1.393 0.000 0.061 0.000 1.049 0.570 0.593 0.000 0.193 0.000 1.145 0.000 0.364 1.435 0.071 0.000 0.000 0.042 0.382 0.000 0.355 0.000 1.048 0.000 0.674 0.734 0.064 0.000 0.452 0.847 0.000 0.000 0.212 1.113 
0 test1dax_consistent 0.000 0.277 1.147 1.694 0.000 0.000 0.269 0.000 0.000 0.380 0.000 0.437 0.000 0.000 0.000 0.020 0.250 0.823 1.563 0.000 0.000 0.000 0.000 0.000 0.000 0.000 2.502 0.000 0.000 1.885 0.436 0.000 0.000 5.514 1.579 0.709 0.000 1.240 0.000 0.209 
1 test1dax_inconsistent 0.000 0.277 1.147 1.694 0.000 0.000 0.269 0.000 0.000 0.380 0.000 0.437 0.000 0.000 0.000 0.020 0.250 0.823 1.563 0.000 0.000 0.000 0.000 0.089 0.000 0.000 1.486 0.093 0.000 1.096 0.459 0.243 0.000 0.617 0.000 0.245 0.000 0.000 0.318 0.136 
0 test1dax_consistent 0.797 0.116 1.569 0.000 0.290 0.000 1.311 0.207 0.249 0.000 0.473 1.449 0.554 0.000 0.000 0.000 0.048 1.153 0.237 0.154 0.000 0.000 0.000 0.000 0.000 0.947 1.941 5.083 0.000 0.000 0.000 1.391 4.541 0.000 0.000 0.000 0.000 1.415 0.000 0.000 
1 test1dax_inconsistent 0.797 0.116 1.569 0.000 0.290 0.000 1.311 0.207 0.249 0.000 0.473 1.449 0.554 0.000 0.000 0.000 0.048 1.153 0.237 0.154 0.389 0.325 0.091 0.000 0.026 1.199 0.092 1.688 0.326 0.000 0.000 1.028 0.592 0.000 0.035 0.000 0.049 1.156 0.000 0.000 
0 test1dax_consistent 0.000 0.000 0.000 0.000 0.996 0.000 0.127 0.545 1.114 0.000 0.000 0.000 0.004 0.000 0.645 1.719 0.000 0.020 0.056 1.713 0.000 0.000 0.000 6.102 0.000 0.000 0.000 3.710 0.000 1.162 1.875 0.460 0.000 0.000 0.000 0.158 0.000 0.173 0.000 0.000 
1 test1dax_inconsistent 0.000 0.000 0.000 0.000 0.996 0.000 0.127 0.545 1.114 0.000 0.000 0.000 0.004 0.000 0.645 1.719 0.000 0.020 0.056 1.713 0.000 0.000 0.000 1.753 0.000 0.000 0.000 0.925 0.000 1.090 0.648 0.931 0.000 0.000 0.334 0.000 0.000 0.466 0.385 0.135 
0 test1dax_consistent 0.056 1.224 0.210 1.252 0.082 0.657 1.075 0.000 0.000 1.586 0.006 0.575 0.000 0.000 0.582 0.000 1.461 0.338 0.000 0.000 2.810 0.306 2.298 3.528 0.000 0.000 3.052 0.000 0.000 0.977 0.000 2.359 0.000 0.000 0.000 0.000 0.319 0.000 0.000 0.334 
1 test1dax_inconsistent 0.056 1.224 0.210 1.252 0.082 0.657 1.075 0.000 0.000 1.586 0.006 0.575 0.000 0.000 0.582 0.000 1.461 0.338 0.000 0.000 0.358 0.000 1.956 0.686 0.000 0.000 0.683 0.000 0.000 0.000 0.000 0.000 0.000 0.000 0.000 0.000 0.000 0.000 0.492 1.026 
0 test1dax_consistent 0.000 0.341 0.000 0.000 1.274 0.648 0.111 0.000 0.657 1.459 0.128 0.000 0.752 1.445 0.000 1.027 0.425 0.758 0.000 0.000 0.000 0.000 0.000 2.769 3.169 0.000 3.500 0.000 0.949 0.000 0.000 2.140 0.000 2.143 0.000 0.853 0.000 0.000 0.000 0.000 
1 test1dax_inconsistent 0.000 0.341 0.000 0.000 1.274 0.648 0.111 0.000 0.657 1.459 0.128 0.000 0.752 1.445 0.000 1.027 0.425 0.758 0.000 0.000 0.000 0.000 0.049 0.294 0.152 0.000 0.933 0.000 1.194 0.000 0.484 0.783 0.000 0.145 0.000 0.576 0.545 0.214 0.000 0.000 
0 test1dax_consistent 0.000 1.738 0.000 0.305 0.000 1.031 0.000 0.004 0.630 1.420 1.127 0.114 0.310 0.219 0.547 0.000 0.053 0.644 0.233 0.000 2.587 0.000 0.000 0.815 0.000 0.000 2.606 0.000 1.529 0.492 0.617 6.100 0.000 0.000 0.763 0.000 0.000 0.000 0.000 0.000 
1 test1dax_inconsistent 0.000 1.738 0.000 0.305 0.000 1.031 0.000 0.004 0.630 1.420 1.127 0.114 0.310 0.219 0.547 0.000 0.053 0.644 0.233 0.000 1.334 0.000 0.000 0.788 0.000 0.583 0.000 0.000 0.395 0.753 0.010 1.823 0.287 0.000 0.081 0.000 0.000 0.116 0.000 0.000 
0 test1dax_consistent 0.016 0.080 0.000 0.604 1.433 1.547 0.725 0.067 0.000 0.209 0.000 0.162 0.031 0.000 0.388 0.503 0.692 0.000 0.000 1.664 0.000 0.000 0.000 3.437 1.483 0.000 0.000 1.613 0.000 0.000 0.000 0.267 0.000 0.000 0.000 4.314 1.981 2.230 2.197 0.000 
1 test1dax_inconsistent 0.016 0.080 0.000 0.604 1.433 1.547 0.725 0.067 0.000 0.209 0.000 0.162 0.031 0.000 0.388 0.503 0.692 0.000 0.000 1.664 0.000 0.000 0.000 1.172 1.027 0.499 0.199 0.625 0.000 0.000 0.000 0.399 0.000 0.000 0.000 0.665 0.000 0.279 0.551 0.088 
0 test1dax_consistent 0.817 2.091 1.406 0.653 0.163 0.000 0.127 0.000 0.738 0.000 0.000 0.000 0.000 0.000 0.000 0.000 0.000 0.017 1.791 0.326 0.000 1.375 1.526 0.000 0.000 1.112 1.203 0.000 3.791 0.000 2.812 0.196 0.000 0.000 2.755 0.000 0.000 0.000 0.000 1.543 
1 test1dax_inconsistent 0.817 2.091 1.406 0.653 0.163 0.000 0.127 0.000 0.738 0.000 0.000 0.000 0.000 0.000 0.000 0.000 0.000 0.017 1.791 0.326 0.182 0.000 0.795 0.000 0.628 0.000 0.691 0.266 0.347 0.000 0.237 0.000 0.000 0.000 0.000 0.386 0.000 0.217 0.122 0.077 
0 test1dax_consistent 0.000 0.000 0.000 0.060 0.551 0.003 0.000 0.000 0.000 0.855 0.328 0.000 0.000 0.120 0.000 0.149 2.472 0.000 0.000 0.346 0.304 2.390 0.000 1.535 0.000 1.856 0.000 0.000 0.000 0.000 0.000 0.577 0.000 0.000 0.000 0.003 0.000 0.000 5.404 4.734 
1 test1dax_inconsistent 0.000 0.000 0.000 0.060 0.551 0.003 0.000 0.000 0.000 0.855 0.328 0.000 0.000 0.120 0.000 0.149 2.472 0.000 0.000 0.346 0.000 1.551 0.000 0.797 0.000 0.045 0.000 0.000 0.000 0.000 0.000 0.289 0.000 0.000 0.000 0.000 0.157 0.000 0.870 1.352 
0 test1dax_consistent 0.000 0.000 0.000 0.000 0.000 2.231 0.000 0.000 0.994 0.000 0.000 1.393 2.073 0.006 0.000 0.000 0.248 0.000 0.000 0.000 0.680 0.664 3.531 0.000 0.000 1.091 0.000 0.000 0.060 0.000 0.000 0.000 1.294 1.919 1.167 0.000 0.672 0.000 4.780 2.933 
1 test1dax_inconsistent 0.000 0.000 0.000 0.000 0.000 2.231 0.000 0.000 0.994 0.000 0.000 1.393 2.073 0.006 0.000 0.000 0.248 0.000 0.000 0.000 0.000 0.702 2.115 0.000 0.000 0.000 0.000 0.000 0.143 0.140 0.000 0.367 0.000 0.000 1.098 0.000 0.000 0.000 1.056 1.103 
0 test1dax_consistent 0.849 0.000 0.000 0.000 0.000 0.000 1.379 0.025 0.713 0.000 0.000 0.000 0.880 0.165 0.000 2.151 1.789 0.002 0.000 0.000 4.868 0.000 0.000 0.000 0.589 0.000 0.000 0.000 0.000 0.000 0.000 2.700 0.000 0.542 0.000 5.411 0.000 0.919 0.000 0.809 
1 test1dax_inconsistent 0.849 0.000 0.000 0.000 0.000 0.000 1.379 0.025 0.713 0.000 0.000 0.000 0.880 0.165 0.000 2.151 1.789 0.002 0.000 0.000 1.804 0.000 0.000 0.000 0.524 0.000 0.487 0.027 0.004 0.242 0.028 0.612 0.000 0.941 0.000 0.757 0.264 0.370 0.047 0.105 
0 test1dax_consistent 1.040 0.000 0.709 1.225 0.067 1.197 0.073 0.000 0.437 1.505 0.204 0.132 0.260 0.686 0.000 0.287 0.000 0.000 0.541 0.559 0.000 0.835 0.566 0.555 5.629 0.000 0.000 0.000 0.000 2.661 0.000 0.173 0.000 2.322 0.000 0.000 0.000 0.000 0.000 0.000 
1 test1dax_inconsistent 1.040 0.000 0.709 1.225 0.067 1.197 0.073 0.000 0.437 1.505 0.204 0.132 0.260 0.686 0.000 0.287 0.000 0.000 0.541 0.559 0.237 0.786 0.523 0.112 0.892 0.000 0.000 0.000 0.000 0.896 0.000 0.656 0.000 0.000 0.000 0.291 0.000 0.000 0.000 0.000 
0 test1dax_consistent 0.510 0.000 0.117 0.911 0.595 1.815 0.906 0.465 0.000 1.006 0.000 1.563 0.000 0.000 0.000 1.418 0.000 0.000 0.000 0.000 3.893 0.000 0.000 0.175 1.898 0.000 0.000 0.000 0.000 4.135 0.000 0.865 0.000 0.000 0.000 0.000 0.000 0.000 0.000 4.025 
1 test1dax_inconsistent 0.510 0.000 0.117 0.911 0.595 1.815 0.906 0.465 0.000 1.006 0.000 1.563 0.000 0.000 0.000 1.418 0.000 0.000 0.000 0.000 1.652 0.118 0.000 0.672 0.849 0.000 0.000 0.000 0.000 0.217 0.013 0.000 0.000 0.000 0.068 0.050 0.099 0.000 0.000 1.404 
0 test1dax_consistent 0.000 0.798 0.522 0.029 0.000 1.206 0.915 0.000 0.790 0.000 1.228 0.054 1.453 0.000 0.334 0.892 0.024 0.624 0.000 0.000 0.000 4.222 0.407 0.000 0.000 0.000 0.000 3.048 5.246 0.000 0.000 0.000 1.968 0.775 0.000 0.000 0.000 0.000 0.000 0.000 
1 test1dax_inconsistent 0.000 0.798 0.522 0.029 0.000 1.206 0.915 0.000 0.790 0.000 1.228 0.054 1.453 0.000 0.334 0.892 0.024 0.624 0.000 0.000 0.000 0.263 0.587 0.011 0.000 0.000 0.000 0.772 1.360 0.000 0.004 0.000 1.622 0.727 0.000 0.000 0.000 0.000 0.000 0.068 
0 test1dax_consistent 0.000 0.000 0.282 0.325 0.000 0.000 0.000 0.729 0.303 0.000 1.689 0.000 0.000 0.002 0.000 0.000 2.050 0.000 0.392 0.231 2.654 0.000 0.000 0.000 2.160 0.000 0.000 0.000 0.986 3.170 0.000 1.351 1.380 0.328 0.000 3.529 0.894 0.000 0.000 1.853 
1 test1dax_inconsistent 0.000 0.000 0.282 0.325 0.000 0.000 0.000 0.729 0.303 0.000 1.689 0.000 0.000 0.002 0.000 0.000 2.050 0.000 0.392 0.231 0.736 0.000 0.000 0.000 0.448 0.000 0.096 0.030 0.998 0.489 0.269 0.000 0.473 0.101 0.000 0.454 0.054 0.000 0.098 0.279 
0 test1dax_consistent 0.053 0.097 0.000 0.000 1.624 2.027 0.197 0.000 0.266 0.955 0.000 0.000 0.000 0.000 0.000 0.000 1.229 0.000 0.048 0.161 0.077 0.000 3.361 0.000 3.517 0.000 0.707 0.000 1.518 0.000 0.000 0.000 0.024 0.000 5.316 0.987 0.000 0.000 0.000 0.000 
1 test1dax_inconsistent 0.053 0.097 0.000 0.000 1.624 2.027 0.197 0.000 0.266 0.955 0.000 0.000 0.000 0.000 0.000 0.000 1.229 0.000 0.048 0.161 0.107 0.000 0.957 0.157 0.200 0.124 0.261 0.000 1.446 0.000 0.000 0.162 0.083 0.000 0.810 0.497 0.000 0.000 0.000 0.067 
0 test1dax_consistent 0.000 0.000 0.000 0.000 0.000 0.096 0.000 0.224 0.000 1.271 0.480 1.611 0.027 0.540 0.000 0.000 1.599 0.000 0.000 1.363 0.000 2.252 1.992 0.000 0.000 5.157 0.000 0.000 2.450 0.000 1.024 1.986 0.000 3.456 0.000 0.000 0.000 1.635 0.000 0.000 
1 test1dax_inconsistent 0.000 0.000 0.000 0.000 0.000 0.096 0.000 0.224 0.000 1.271 0.480 1.611 0.027 0.540 0.000 0.000 1.599 0.000 0.000 1.363 0.000 1.277 0.604 0.000 0.000 0.920 0.000 0.269 0.642 0.318 1.222 0.000 0.000 1.552 0.000 0.264 0.000 0.152 0.000 0.110 
0 test1dax_consistent 0.798 1.028 0.000 1.196 0.000 0.169 0.371 1.231 0.000 0.700 1.114 0.000 0.282 0.146 0.000 0.507 0.000 1.110 0.000 0.000 0.000 0.000 0.000 2.663 0.000 0.314 0.000 0.925 0.000 4.481 1.187 0.000 0.000 0.000 0.545 2.044 0.000 4.164 0.000 0.000 
1 test1dax_inconsistent 0.798 1.028 0.000 1.196 0.000 0.169 0.371 1.231 0.000 0.700 1.114 0.000 0.282 0.146 0.000 0.507 0.000 1.110 0.000 0.000 0.000 0.131 0.685 0.980 0.000 0.000 0.210 0.342 0.000 1.895 1.234 0.000 0.000 0.085 0.853 0.271 0.000 0.178 0.306 0.000 
0 test1dax_consistent 1.490 0.000 0.014 0.000 0.053 1.604 0.029 0.234 1.337 0.215 0.884 0.000 1.136 0.650 0.000 0.675 0.000 0.000 0.461 0.088 0.000 0.000 0.000 0.000 0.733 1.490 1.390 1.352 0.000 0.884 0.000 0.000 2.690 0.000 0.000 0.427 1.633 0.485 2.509 5.132 
1 test1dax_inconsistent 1.490 0.000 0.014 0.000 0.053 1.604 0.029 0.234 1.337 0.215 0.884 0.000 1.136 0.650 0.000 0.675 0.000 0.000 0.461 0.088 0.000 0.000 0.000 0.000 0.664 0.559 0.105 0.813 0.000 0.218 0.000 0.000 0.599 0.372 0.000 0.000 1.670 0.122 1.197 0.932 
0 test1dax_consistent 0.290 0.000 2.353 0.060 0.659 0.000 0.267 0.000 0.000 0.107 0.907 0.000 0.000 0.050 0.000 2.137 0.057 0.377 0.000 0.000 3.251 0.000 0.124 0.000 2.582 0.000 0.000 0.000 0.638 3.429 0.000 0.000 0.000 0.000 0.000 0.188 0.000 3.356 0.000 0.000 
1 test1dax_inconsistent 0.290 0.000 2.353 0.060 0.659 0.000 0.267 0.000 0.000 0.107 0.907 0.000 0.000 0.050 0.000 2.137 0.057 0.377 0.000 0.000 0.000 0.000 0.614 0.000 0.882 0.000 0.000 0.000 0.000 0.655 0.000 0.000 0.452 0.000 0.000 0.246 0.112 1.778 0.000 0.000 
0 test1dax_consistent 0.000 0.398 1.045 0.003 0.000 0.390 0.000 0.000 0.000 1.465 0.000 2.313 0.000 0.000 0.824 0.000 1.078 0.348 0.000 0.436 0.025 0.944 0.000 0.000 4.226 0.613 1.652 2.441 0.000 0.000 0.000 0.000 0.000 0.511 1.456 0.000 0.000 4.095 1.209 0.459 
1 test1dax_inconsistent 0.000 0.398 1.045 0.003 0.000 0.390 0.000 0.000 0.000 1.465 0.000 2.313 0.000 0.000 0.824 0.000 1.078 0.348 0.000 0.436 0.000 0.000 0.242 0.000 1.105 0.771 0.459 0.587 0.000 0.218 0.000 0.000 0.000 0.000 1.102 0.000 0.000 0.672 0.039 0.772 
0 test1dax_consistent 1.294 0.659 0.661 1.128 0.181 0.965 0.000 0.000 0.352 0.309 0.000 0.000 0.012 0.683 1.078 1.328 0.368 0.000 0.000 0.015 0.000 1.818 1.247 2.210 0.000 0.000 0.000 0.000 0.000 2.797 0.000 0.000 1.987 0.000 0.000 0.000 0.000 0.000 0.000 5.622 
1 test1dax_inconsistent 1.294 0.659 0.661 1.128 0.181 0.965 0.000 0.000 0.352 0.309 0.000 0.000 0.012 0.683 1.078 1.328 0.368 0.000 0.000 0.015 0.000 1.058 1.478 0.880 0.000 0.000 0.000 0.006 0.000 0.598 0.000 0.000 1.163 0.572 0.059 0.438 0.000 0.000 0.000 0.844 
0 test1dax_consistent 0.015 0.422 0.000 0.950 1.997 1.413 0.000 0.000 1.023 0.000 0.000 0.000 0.209 0.000 0.000 0.289 0.953 0.174 0.000 1.109 1.836 0.000 2.198 4.917 2.562 0.000 0.000 0.994 0.811 0.000 0.000 3.000 0.000 0.000 0.000 0.375 0.935 1.439 0.000 0.000 
1 test1dax_inconsistent 0.015 0.422 0.000 0.950 1.997 1.413 0.000 0.000 1.023 0.000 0.000 0.000 0.209 0.000 0.000 0.289 0.953 0.174 0.000 1.109 0.977 0.000 1.278 1.099 0.909 0.000 0.000 0.000 0.062 0.000 0.000 0.254 0.000 0.077 0.000 0.538 0.421 0.581 0.221 0.691 
0 test1dax_consistent 0.000 0.000 0.000 0.020 1.351 2.006 0.000 0.000 0.270 1.226 0.000 0.126 0.000 1.004 0.000 0.161 0.000 1.782 0.955 0.558 0.000 0.000 0.000 0.000 0.000 4.564 3.198 0.000 0.000 0.175 3.543 0.000 0.000 0.000 0.000 0.000 0.000 4.487 0.890 0.000 
1 test1dax_inconsistent 0.000 0.000 0.000 0.020 1.351 2.006 0.000 0.000 0.270 1.226 0.000 0.126 0.000 1.004 0.000 0.161 0.000 1.782 0.955 0.558 0.000 0.000 0.000 0.000 0.078 1.987 1.632 0.000 0.392 0.107 1.124 0.000 0.017 0.000 0.000 0.000 0.000 0.179 0.081 0.000 
0 test1dax_consistent 0.000 1.020 0.000 0.000 0.675 0.000 2.261 0.000 0.066 0.000 0.564 0.000 0.301 0.296 0.084 0.000 0.741 0.674 0.064 0.009 1.463 0.304 0.000 0.000 0.000 0.215 3.662 0.000 0.000 0.000 1.048 0.979 0.291 2.649 0.463 0.326 2.177 2.972 0.000 0.000 
1 test1dax_inconsistent 0.000 1.020 0.000 0.000 0.675 0.000 2.261 0.000 0.066 0.000 0.564 0.000 0.301 0.296 0.084 0.000 0.741 0.674 0.064 0.009 0.989 0.000 0.000 0.000 0.000 0.179 0.521 0.000 0.000 0.000 0.361 0.000 0.000 0.833 1.187 0.000 0.508 0.482 0.310 0.177 
0 test1dax_consistent 0.027 1.003 0.903 0.497 1.663 1.310 0.151 0.000 0.649 0.208 0.000 0.000 0.091 0.153 0.000 0.600 0.000 0.027 0.408 1.126 0.000 0.000 0.000 4.049 4.234 0.836 3.330 0.000 0.000 0.000 0.914 0.000 0.000 0.000 0.000 0.000 1.526 0.000 1.524 0.000 
1 test1dax_inconsistent 0.027 1.003 0.903 0.497 1.663 1.310 0.151 0.000 0.649 0.208 0.000 0.000 0.091 0.153 0.000 0.600 0.000 0.027 0.408 1.126 0.000 0.000 0.000 1.542 1.122 0.000 0.932 0.000 0.000 0.000 0.000 0.000 0.543 0.049 0.000 0.000 0.020 0.000 0.293 0.000 
0 test1dax_consistent 0.323 0.000 0.000 1.019 0.599 0.066 1.450 0.000 0.192 0.000 0.000 0.140 0.031 0.000 0.000 0.525 0.000 0.000 0.292 2.292 0.006 0.000 0.000 2.829 1.605 0.000 0.000 1.971 0.330 0.000 2.072 3.342 0.032 0.000 0.000 0.000 0.000 4.004 2.621 0.000 
1 test1dax_inconsistent 0.323 0.000 0.000 1.019 0.599 0.066 1.450 0.000 0.192 0.000 0.000 0.140 0.031 0.000 0.000 0.525 0.000 0.000 0.292 2.292 0.161 0.000 0.000 1.140 0.000 0.217 0.184 0.000 0.000 0.000 0.270 1.260 0.359 0.000 0.006 0.103 0.000 0.995 0.557 0.000 
0 test1dax_consistent 0.000 0.000 0.000 0.000 0.551 1.248 0.457 0.107 0.906 0.000 1.437 0.000 0.965 0.000 0.000 2.070 0.000 0.202 0.153 0.599 0.000 0.088 0.000 0.000 2.529 4.038 1.501 3.315 0.000 0.000 1.226 0.000 2.325 0.796 0.000 3.385 0.000 0.000 0.000 0.000 
1 test1dax_inconsistent 0.000 0.000 0.000 0.000 0.551 1.248 0.457 0.107 0.906 0.000 1.437 0.000 0.965 0.000 0.000 2.070 0.000 0.202 0.153 0.599 0.000 0.083 0.000 0.134 0.753 1.308 0.000 1.664 0.000 0.000 0.000 0.000 1.364 0.530 0.000 0.268 0.000 0.000 0.000 0.542 
0 test1dax_consistent 1.062 0.508 0.000 1.295 0.000 0.000 1.319 0.000 0.000 2.075 0.230 0.147 0.064 0.357 0.000 0.000 0.673 0.000 0.000 0.208 0.000 0.000 1.232 0.000 0.000 0.000 3.020 0.000 0.000 0.000 0.903 0.000 4.536 1.910 1.901 0.000 0.000 0.585 0.000 0.000 
1 test1dax_inconsistent 1.062 0.508 0.000 1.295 0.000 0.000 1.319 0.000 0.000 2.075 0.230 0.147 0.064 0.357 0.000 0.000 0.673 0.000 0.000 0.208 0.000 0.036 0.000 0.000 0.000 0.000 0.454 0.000 0.000 0.000 0.000 0.000 0.610 0.574 1.322 0.000 0.477 0.189 0.506 0.000 
0 test1dax_consistent 1.104 1.990 0.000 0.000 0.869 1.085 0.402 0.789 0.000 0.638 0.000 0.553 0.901 0.048 0.000 0.390 0.066 0.000 0.097 0.000 0.000 0.313 0.751 0.000 3.717 1.236 0.000 0.000 2.206 3.190 0.000 0.000 2.327 0.000 0.000 1.006 3.419 0.000 0.000 0.000 
1 test1dax_inconsistent 1.104 1.990 0.000 0.000 0.869 1.085 0.402 0.789 0.000 0.638 0.000 0.553 0.901 0.048 0.000 0.390 0.066 0.000 0.097 0.000 0.000 0.000 0.000 0.196 1.402 0.000 0.000 0.368 0.912 0.561 0.000 0.000 0.152 0.000 0.000 0.379 0.726 0.000 0.000 0.070 
0 test1dax_consistent 0.000 0.000 0.987 0.000 0.000 0.000 0.000 0.610 0.000 0.056 0.000 1.607 0.909 0.152 0.730 0.000 0.371 1.580 0.000 0.000 2.958 0.000 2.165 0.000 0.000 0.000 0.000 4.107 3.398 0.864 0.000 0.000 0.707 1.580 0.000 0.000 0.000 0.000 0.000 0.000 
1 test1dax_inconsistent 0.000 0.000 0.987 0.000 0.000 0.000 0.000 0.610 0.000 0.056 0.000 1.607 0.909 0.152 0.730 0.000 0.371 1.580 0.000 0.000 0.563 0.224 0.000 0.002 0.170 0.000 0.000 1.356 0.214 0.865 0.000 0.000 0.725 1.238 0.000 0.069 0.000 0.000 0.000 0.000 
0 test1dax_consistent 0.172 0.431 0.749 0.000 0.000 0.454 0.129 0.933 0.370 0.777 0.324 0.000 0.038 0.000 0.000 0.000 0.694 0.000 1.327 1.743 0.000 0.105 6.220 0.000 0.000 0.372 0.000 0.000 1.686 0.258 2.073 0.000 1.334 0.000 0.513 0.000 0.562 1.585 1.463 0.000 
1 test1dax_inconsistent 0.172 0.431 0.749 0.000 0.000 0.454 0.129 0.933 0.370 0.777 0.324 0.000 0.038 0.000 0.000 0.000 0.694 0.000 1.327 1.743 0.000 0.000 1.272 0.000 0.000 0.959 0.000 0.000 0.439 0.000 0.484 0.000 0.848 0.000 0.316 0.000 0.275 1.515 0.343 0.000 
0 test1dax_consistent 1.060 1.881 0.384 0.181 1.339 0.000 0.089 0.000 0.264 0.588 0.000 0.043 0.832 0.000 0.058 1.049 0.000 0.098 0.000 0.850 0.000 0.000 1.132 0.000 0.798 1.637 0.000 0.000 0.680 3.133 0.030 0.000 0.000 0.253 0.000 3.267 0.000 0.395 0.284 4.203 
1 test1dax_inconsistent 1.060 1.881 0.384 0.181 1.339 0.000 0.089 0.000 0.264 0.588 0.000 0.043 0.832 0.000 0.058 1.049 0.000 0.098 0.000 0.850 0.000 0.175 0.628 0.267 0.000 0.000 0.200 0.434 0.205 0.284 0.065 0.000 0.000 0.477 0.045 1.974 0.000 0.281 0.178 0.552 
0 test1dax_consistent 2.338 0.190 0.000 0.000 0.019 0.002 0.514 0.000 0.000 0.126 0.058 1.094 0.000 0.000 0.000 0.000 1.121 0.195 0.000 0.699 3.016 4.344 0.000 0.000 0.000 0.000 2.259 0.000 0.000 0.000 0.000 2.967 0.000 0.000 2.392 0.000 0.576 0.000 0.000 0.293 
1 test1dax_inconsistent 2.338 0.190 0.000 0.000 0.019 0.002 0.514 0.000 0.000 0.126 0.058 1.094 0.000 0.000 0.000 0.000 1.121 0.195 0.000 0.699 0.000 2.065 0.000 0.000 0.000 0.020 1.534 0.000 0.201 0.000 0.000 0.000 0.338 0.000 0.648 0.000 0.000 0.000 0.000 0.000 
0 test1dax_consistent 0.583 0.209 1.592 0.753 0.998 0.000 0.000 1.083 0.692 0.000 0.000 0.223 0.054 0.000 0.000 1.715 0.319 0.000 0.000 0.000 3.083 1.007 0.173 0.000 0.000 0.000 0.000 0.000 0.000 1.174 0.000 0.000 0.000 0.000 0.000 5.884 0.000 0.000 0.238 0.000 
1 test1dax_inconsistent 0.583 0.209 1.592 0.753 0.998 0.000 0.000 1.083 0.692 0.000 0.000 0.223 0.054 0.000 0.000 1.715 0.319 0.000 0.000 0.000 2.038 0.000 0.000 0.000 0.352 0.111 0.000 0.000 0.670 0.807 0.000 0.502 0.106 0.000 0.000 1.126 0.000 0.000 0.000 0.260 
