0 test1dax_consistent left_hidden
0.000 0.000 0.171 0.000 0.000 0.249 0.000 0.000 0.412 0.000 1.334 1.197 0.027 0.218 1.482 0.000 0.000 0.000 0.000 1.478 
0 test1dax_consistent right_hidden
0.856 1.446 0.000 0.000 2.397 1.456 0.000 0.000 0.769 0.000 0.000 0.000 0.000 0.000 7.494 0.000 0.000 0.000 0.938 0.000 
---
1 test1dax_inconsistent left_hidden
0.000 0.000 0.171 0.000 0.000 0.249 0.000 0.000 0.412 0.000 1.334 1.197 0.027 0.218 1.482 0.000 0.000 0.000 0.000 1.478 
1 test1dax_inconsistent right_hidden
0.000 0.519 0.127 0.000 0.554 1.121 0.000 0.000 0.422 0.000 0.000 0.000 0.000 0.000 1.868 1.091 0.000 0.121 0.523 0.000 
---
0 test1dax_consistent left_hidden
1.864 0.274 0.472 0.000 0.745 0.006 0.343 0.050 0.151 0.269 0.000 1.447 0.000 1.764 0.000 0.087 0.611 0.199 0.000 1.148 
0 test1dax_consistent right_hidden
0.000 4.626 1.491 0.000 0.075 0.000 0.000 2.718 0.000 1.288 1.272 0.279 0.000 0.000 0.596 1.663 1.399 0.000 1.627 0.852 
---
1 test1dax_inconsistent left_hidden
1.864 0.274 0.472 0.000 0.745 0.006 0.343 0.050 0.151 0.269 0.000 1.447 0.000 1.764 0.000 0.087 0.611 0.199 0.000 1.148 
1 test1dax_inconsistent right_hidden
0.479 0.868 0.730 0.144 0.000 0.000 0.000 0.538 0.000 0.001 0.664 0.383 0.000 0.649 0.000 0.826 0.490 0.000 0.031 1.008 
---
0 test1dax_consistent left_hidden
0.000 0.894 1.186 0.587 0.000 0.405 0.000 0.384 1.371 1.517 0.000 0.244 0.030 0.293 0.018 0.131 0.024 0.000 0.600 0.307 
0 test1dax_consistent right_hidden
0.000 0.000 0.000 3.414 0.000 1.865 3.892 0.111 0.000 1.469 1.702 0.000 0.928 2.171 1.131 0.000 0.000 0.210 0.000 2.298 
---
1 test1dax_inconsistent left_hidden
0.000 0.894 1.186 0.587 0.000 0.405 0.000 0.384 1.371 1.517 0.000 0.244 0.030 0.293 0.018 0.131 0.024 0.000 0.600 0.307 
1 test1dax_inconsistent right_hidden
0.000 0.000 0.000 1.149 0.071 0.656 0.000 0.715 0.000 0.455 0.119 0.000 0.172 0.104 0.130 0.000 0.512 0.673 0.000 0.061 
---
0 test1dax_consistent left_hidden
0.000 0.181 0.000 0.000 0.000 0.830 1.284 0.000 0.010 0.000 0.000 0.150 0.606 0.665 0.000 2.091 0.957 0.000 1.593 0.520 
0 test1dax_consistent right_hidden
0.000 0.764 2.541 0.000 0.576 0.042 4.165 0.039 0.000 0.000 3.258 0.850 1.452 0.000 0.000 0.000 0.000 0.000 1.674 0.000 
---
1 test1dax_inconsistent left_hidden
0.000 0.181 0.000 0.000 0.000 0.830 1.284 0.000 0.010 0.000 0.000 0.150 0.606 0.665 0.000 2.091 0.957 0.000 1.593 0.520 
1 test1dax_inconsistent right_hidden
0.000 1.192 0.372 0.000 1.032 0.857 0.315 0.220 0.000 0.000 0.524 1.092 0.621 0.127 0.000 0.000 0.000 0.000 0.000 0.000 
---
0 test1dax_consistent left_hidden
0.000 0.000 0.192 1.486 0.119 0.475 0.000 0.000 0.912 0.150 0.281 0.000 0.000 0.000 0.046 0.824 0.997 0.840 1.617 0.412 
0 test1dax_consistent right_hidden
0.000 0.000 0.000 2.993 2.675 0.155 4.239 0.000 2.255 1.100 0.000 0.122 0.000 0.000 0.312 0.000 0.000 0.000 2.356 2.517 
---
1 test1dax_inconsistent left_hidden
0.000 0.000 0.192 1.486 0.119 0.475 0.000 0.000 0.912 0.150 0.281 0.000 0.000 0.000 0.046 0.824 0.997 0.840 1.617 0.412 
1 test1dax_inconsistent right_hidden
0.000 0.000 0.743 0.672 0.831 0.000 1.038 0.000 0.205 1.076 0.000 0.177 0.000 0.000 0.164 0.463 0.000 0.000 0.151 0.678 
---
0 test1dax_consistent left_hidden
0.175 0.000 0.162 0.000 0.233 0.000 0.698 0.000 0.023 0.000 1.423 0.000 0.000 1.526 0.149 0.000 0.000 0.201 0.704 2.213 
0 test1dax_consistent right_hidden
0.000 0.000 2.502 0.432 4.021 0.000 0.000 0.000 0.000 4.242 0.000 0.019 0.000 2.232 0.083 0.000 0.707 0.529 0.284 0.000 
---
1 test1dax_inconsistent left_hidden
0.175 0.000 0.162 0.000 0.233 0.000 0.698 0.000 0.023 0.000 1.423 0.000 0.000 1.526 0.149 0.000 0.000 0.201 0.704 2.213 
1 test1dax_inconsistent right_hidden
0.000 0.180 0.819 0.195 0.870 0.000 0.047 0.000 0.046 0.953 0.000 0.217 0.000 0.000 0.205 0.000 0.880 0.716 0.404 0.201 
---
0 test1dax_consistent left_hidden
0.161 2.249 0.337 0.000 1.273 0.000 0.626 0.000 0.000 0.000 0.598 0.000 0.056 0.185 0.000 0.461 0.992 0.000 0.000 0.980 
0 test1dax_consistent right_hidden
2.234 0.000 1.202 0.000 2.449 0.000 3.692 0.000 0.000 5.053 0.000 0.000 0.236 0.000 0.000 0.000 0.026 1.553 0.000 0.000 
---
1 test1dax_inconsistent left_hidden
0.161 2.249 0.337 0.000 1.273 0.000 0.626 0.000 0.000 0.000 0.598 0.000 0.056 0.185 0.000 0.461 0.992 0.000 0.000 0.980 
1 test1dax_inconsistent right_hidden
1.569 0.033 0.990 0.000 1.637 0.000 0.431 0.133 0.000 0.600 0.040 0.000 0.000 0.000 0.000 0.000 0.520 0.268 0.000 0.001 
---
0 test1dax_consistent left_hidden
0.555 1.861 0.000 0.087 0.000 0.894 0.158 0.000 0.000 0.073 0.358 0.000 0.000 0.039 0.230 0.876 1.550 0.000 0.000 0.000 
0 test1dax_consistent right_hidden
2.086 0.000 0.000 2.438 1.102 0.000 0.000 0.000 0.000 5.953 0.094 0.207 0.276 0.000 0.000 0.165 2.837 0.000 0.000 0.091 
---
1 test1dax_inconsistent left_hidden
0.555 1.861 0.000 0.087 0.000 0.894 0.158 0.000 0.000 0.073 0.358 0.000 0.000 0.039 0.230 0.876 1.550 0.000 0.000 0.000 
1 test1dax_inconsistent right_hidden
0.000 0.000 0.000 1.094 0.009 0.195 0.085 0.000 0.031 1.322 0.000 0.191 0.436 0.000 0.085 0.000 0.000 0.002 0.000 0.697 
---
0 test1dax_consistent left_hidden
0.220 0.265 0.355 0.000 1.276 0.079 0.000 0.000 0.044 0.000 0.418 0.000 0.469 0.789 0.000 2.342 0.374 0.000 0.010 0.556 
0 test1dax_consistent right_hidden
1.860 0.000 0.000 0.926 0.000 0.000 0.102 0.607 0.000 0.067 1.394 0.000 0.000 2.437 0.000 2.477 4.000 0.504 0.000 3.601 
---
1 test1dax_inconsistent left_hidden
0.220 0.265 0.355 0.000 1.276 0.079 0.000 0.000 0.044 0.000 0.418 0.000 0.469 0.789 0.000 2.342 0.374 0.000 0.010 0.556 
1 test1dax_inconsistent right_hidden
0.466 0.073 0.388 0.000 0.000 0.000 0.569 0.345 0.388 0.000 0.502 0.000 0.000 1.869 0.000 0.000 0.476 0.220 0.285 0.463 
---
0 test1dax_consistent left_hidden
0.000 0.068 0.637 1.058 0.882 0.592 0.118 0.232 0.267 0.000 0.000 0.608 0.000 0.607 0.000 0.000 1.314 0.336 1.321 0.234 
0 test1dax_consistent right_hidden
0.000 1.049 0.452 0.732 0.781 0.000 2.893 0.000 1.709 0.030 3.083 0.000 1.037 1.745 0.000 0.000 2.925 1.646 0.000 0.963 
---
1 test1dax_inconsistent left_hidden
0.000 0.068 0.637 1.058 0.882 0.592 0.118 0.232 0.267 0.000 0.000 0.608 0.000 0.607 0.000 0.000 1.314 0.336 1.321 0.234 
1 test1dax_inconsistent right_hidden
0.013 0.187 0.000 0.000 0.000 0.000 0.311 0.000 1.157 0.288 0.493 0.000 0.142 0.000 0.000 0.000 0.056 1.271 0.307 0.510 
---
0 test1dax_consistent left_hidden
0.000 0.451 0.000 0.199 0.000 0.000 0.000 0.595 1.578 1.350 1.088 0.000 0.112 0.000 0.000 0.000 1.286 0.067 0.120 0.199 
0 test1dax_consistent right_hidden
0.000 1.732 0.490 1.167 0.000 0.000 0.000 1.565 0.000 0.995 0.983 0.011 0.000 0.000 0.000 0.000 3.608 0.000 0.000 6.392 
---
1 test1dax_inconsistent left_hidden
0.000 0.451 0.000 0.199 0.000 0.000 0.000 0.595 1.578 1.350 1.088 0.000 0.112 0.000 0.000 0.000 1.286 0.067 0.120 0.199 
1 test1dax_inconsistent right_hidden
0.000 0.363 0.514 0.561 0.000 0.000 0.000 1.022 0.000 0.000 0.926 0.000 0.262 0.000 0.000 0.211 0.381 0.371 0.211 2.015 
---
0 test1dax_consistent left_hidden
0.347 1.083 0.000 1.312 1.216 0.000 1.566 0.000 0.000 0.082 0.000 0.426 0.778 0.000 0.965 0.089 0.000 0.632 0.000 0.156 
0 test1dax_consistent right_hidden
1.129 0.000 3.624 2.204 0.000 0.000 1.945 0.000 0.000 0.000 0.000 0.000 1.354 0.000 0.000 0.106 0.000 3.946 0.000 4.216 
---
1 test1dax_inconsistent left_hidden
0.347 1.083 0.000 1.312 1.216 0.000 1.566 0.000 0.000 0.082 0.000 0.426 0.778 0.000 0.965 0.089 0.000 0.632 0.000 0.156 
1 test1dax_inconsistent right_hidden
1.167 0.498 0.708 0.000 0.000 0.000 1.419 0.000 0.000 0.000 0.172 0.000 0.108 0.039 0.085 0.194 0.070 1.170 0.000 1.394 
---
0 test1dax_consistent left_hidden
0.000 0.780 0.000 1.009 0.000 0.000 0.291 0.000 0.000 0.000 0.000 0.642 0.000 0.902 0.062 2.371 0.546 0.000 0.000 0.066 
0 test1dax_consistent right_hidden
0.000 0.000 0.000 0.000 2.192 0.000 0.000 0.000 2.907 1.228 0.000 2.229 1.214 0.702 0.000 3.338 0.424 4.211 0.000 0.000 
---
1 test1dax_inconsistent left_hidden
0.000 0.780 0.000 1.009 0.000 0.000 0.291 0.000 0.000 0.000 0.000 0.642 0.000 0.902 0.062 2.371 0.546 0.000 0.000 0.066 
1 test1dax_inconsistent right_hidden
0.046 0.083 0.000 0.000 1.193 0.000 0.000 0.359 1.510 1.100 0.000 0.344 0.471 0.369 0.102 0.000 0.803 0.767 0.000 0.064 
---
0 test1dax_consistent left_hidden
0.305 0.386 0.000 0.331 0.032 0.000 0.000 0.757 0.132 2.465 0.445 1.347 0.000 0.000 0.000 0.000 0.115 1.081 0.000 0.715 
0 test1dax_consistent right_hidden
0.000 4.131 0.381 0.000 0.237 0.000 0.000 0.694 2.340 0.000 0.000 3.378 0.000 0.000 0.000 2.960 1.805 0.000 0.000 0.000 
---
1 test1dax_inconsistent left_hidden
0.305 0.386 0.000 0.331 0.032 0.000 0.000 0.757 0.132 2.465 0.445 1.347 0.000 0.000 0.000 0.000 0.115 1.081 0.000 0.715 
1 test1dax_inconsistent right_hidden
0.000 1.195 0.383 0.000 0.110 0.000 0.000 1.129 0.270 0.000 0.225 0.875 0.000 0.044 0.000 0.572 0.000 0.000 0.000 0.000 
---
0 test1dax_consistent left_hidden
0.000 0.000 1.464 0.000 0.839 0.040 0.378 0.054 0.167 1.171 0.063 1.464 0.000 0.094 0.000 0.824 0.000 0.790 0.000 1.134 
0 test1dax_consistent right_hidden
0.039 0.000 0.376 0.000 0.000 1.312 0.000 0.000 3.494 0.000 0.000 0.000 0.000 0.000 0.002 1.498 0.000 4.018 0.000 5.523 
---
1 test1dax_inconsistent left_hidden
0.000 0.000 1.464 0.000 0.839 0.040 0.378 0.054 0.167 1.171 0.063 1.464 0.000 0.094 0.000 0.824 0.000 0.790 0.000 1.134 
1 test1dax_inconsistent right_hidden
0.120 0.357 0.343 0.592 0.000 0.000 0.115 0.105 1.484 0.350 0.000 0.000 0.000 0.000 0.109 0.837 0.064 1.684 0.000 1.538 
---
0 test1dax_consistent left_hidden
0.342 0.000 1.498 0.645 0.000 0.363 0.821 0.072 0.235 0.960 1.849 1.815 0.000 0.000 0.000 0.383 0.377 0.000 0.140 0.000 
0 test1dax_consistent right_hidden
0.000 1.302 1.544 0.000 3.258 5.192 0.000 0.452 0.000 0.000 0.365 0.000 0.065 0.000 0.000 0.000 0.415 0.000 0.000 1.120 
---
1 test1dax_inconsistent left_hidden
0.342 0.000 1.498 0.645 0.000 0.363 0.821 0.072 0.235 0.960 1.849 1.815 0.000 0.000 0.000 0.383 0.377 0.000 0.140 0.000 
1 test1dax_inconsistent right_hidden
0.000 0.467 0.586 0.182 0.305 2.140 0.000 0.000 0.000 0.328 0.000 0.000 0.490 0.070 0.000 0.039 0.255 0.000 0.000 0.873 
---
0 test1dax_consistent left_hidden
0.491 1.749 0.000 0.322 0.981 0.000 0.521 0.000 0.631 0.000 0.000 0.546 0.000 0.000 0.000 0.736 0.000 0.593 0.000 0.000 
0 test1dax_consistent right_hidden
4.261 0.000 0.000 4.662 0.000 0.000 0.762 1.174 0.000 0.389 0.000 1.021 0.000 1.682 0.000 0.010 1.823 1.796 2.830 0.000 
---
1 test1dax_inconsistent left_hidden
0.491 1.749 0.000 0.322 0.981 0.000 0.521 0.000 0.631 0.000 0.000 0.546 0.000 0.000 0.000 0.736 0.000 0.593 0.000 0.000 
1 test1dax_inconsistent right_hidden
0.985 0.000 0.193 1.037 0.087 0.000 1.091 0.898 0.000 0.280 0.019 0.626 0.181 0.763 0.000 0.015 0.340 0.826 1.039 0.000 
---
0 test1dax_consistent left_hidden
0.000 1.043 1.862 0.091 0.000 0.358 0.257 0.000 0.000 0.425 0.492 0.351 1.040 0.000 0.527 0.000 0.336 0.129 0.695 1.097 
0 test1dax_consistent right_hidden
0.844 0.000 0.000 0.000 0.000 0.172 2.410 1.982 0.000 1.238 1.959 3.968 0.642 0.194 0.849 0.000 0.000 0.385 2.654 0.000 
---
1 test1dax_inconsistent left_hidden
0.000 1.043 1.862 0.091 0.000 0.358 0.257 0.000 0.000 0.425 0.492 0.351 1.040 0.000 0.527 0.000 0.336 0.129 0.695 1.097 
1 test1dax_inconsistent right_hidden
0.000 0.018 0.222 0.000 0.086 0.000 0.113 0.000 0.000 0.909 0.109 1.074 0.033 0.442 0.047 0.000 0.130 0.785 0.000 0.316 
---
0 test1dax_consistent left_hidden
0.006 1.393 0.000 0.378 0.248 0.000 0.000 1.392 0.000 0.925 0.000 0.000 0.132 0.000 0.008 0.000 0.631 0.000 0.000 1.724 
0 test1dax_consistent right_hidden
0.000 0.000 0.723 3.008 0.000 0.024 0.000 1.468 0.000 0.234 0.000 1.449 0.791 3.914 0.000 0.000 1.583 0.000 0.591 0.000 
---
1 test1dax_inconsistent left_hidden
0.006 1.393 0.000 0.378 0.248 0.000 0.000 1.392 0.000 0.925 0.000 0.000 0.132 0.000 0.008 0.000 0.631 0.000 0.000 1.724 
1 test1dax_inconsistent right_hidden
0.000 0.209 0.771 0.149 0.003 0.000 0.000 0.171 0.000 0.531 0.000 0.000 0.409 0.821 0.069 0.106 0.000 0.000 0.000 0.344 
---
0 test1dax_consistent left_hidden
0.010 0.492 0.680 0.887 0.790 0.000 0.000 0.049 1.180 0.000 1.120 0.182 0.778 0.000 1.559 0.000 0.124 0.193 0.000 0.041 
0 test1dax_consistent right_hidden
0.000 0.000 0.031 0.698 3.215 0.000 1.119 0.000 0.251 3.742 0.000 0.021 0.000 1.200 3.631 0.000 2.488 0.000 0.000 0.000 
---
1 test1dax_inconsistent left_hidden
0.010 0.492 0.680 0.887 0.790 0.000 0.000 0.049 1.180 0.000 1.120 0.182 0.778 0.000 1.559 0.000 0.124 0.193 0.000 0.041 
1 test1dax_inconsistent right_hidden
0.001 0.251 0.448 0.121 0.468 0.000 1.058 0.336 0.000 0.732 0.000 0.000 0.000 0.000 0.046 0.000 1.234 0.000 0.000 0.000 
---
0 test1dax_consistent left_hidden
1.278 1.992 0.154 0.438 0.162 0.000 0.057 0.000 0.075 1.508 0.000 0.000 0.000 1.448 0.000 0.000 0.664 0.044 0.449 0.000 
0 test1dax_consistent right_hidden
0.000 0.000 0.990 0.000 0.608 5.253 3.936 2.626 0.889 0.000 0.000 1.065 0.000 0.765 0.084 0.000 0.000 0.000 0.692 1.955 
---
1 test1dax_inconsistent left_hidden
1.278 1.992 0.154 0.438 0.162 0.000 0.057 0.000 0.075 1.508 0.000 0.000 0.000 1.448 0.000 0.000 0.664 0.044 0.449 0.000 
1 test1dax_inconsistent right_hidden
0.632 0.000 0.268 0.402 0.059 1.141 1.009 0.291 0.605 0.000 0.148 0.967 0.000 1.038 0.215 0.000 0.000 0.000 0.342 0.951 
---
0 test1dax_consistent left_hidden
0.000 0.000 0.000 0.000 0.293 0.000 1.620 0.000 0.000 0.104 1.456 0.000 0.159 0.000 0.000 0.024 0.000 0.347 0.002 2.015 
0 test1dax_consistent right_hidden
0.000 2.234 0.000 1.590 2.231 0.000 0.396 0.000 2.486 0.189 0.757 0.000 2.576 2.503 0.000 5.417 0.000 0.000 0.000 0.000 
---
1 test1dax_inconsistent left_hidden
0.000 0.000 0.000 0.000 0.293 0.000 1.620 0.000 0.000 0.104 1.456 0.000 0.159 0.000 0.000 0.024 0.000 0.347 0.002 2.015 
1 test1dax_inconsistent right_hidden
0.000 0.923 0.070 0.253 1.481 0.000 0.000 0.302 0.727 0.091 0.982 0.000 0.878 0.000 0.000 1.328 0.000 0.000 0.000 0.000 
---
0 test1dax_consistent left_hidden
0.000 0.145 1.848 0.000 1.980 0.307 0.000 0.000 0.247 0.323 0.000 0.668 0.000 0.000 0.462 0.437 0.595 1.081 0.405 0.000 
0 test1dax_consistent right_hidden
3.556 0.000 1.961 0.000 5.235 2.343 3.314 0.000 0.046 0.426 1.882 0.000 0.000 0.010 0.000 0.000 0.000 0.000 0.000 0.000 
---
1 test1dax_inconsistent left_hidden
0.000 0.145 1.848 0.000 1.980 0.307 0.000 0.000 0.247 0.323 0.000 0.668 0.000 0.000 0.462 0.437 0.595 1.081 0.405 0.000 
1 test1dax_inconsistent right_hidden
1.152 0.412 0.369 0.337 1.218 0.205 2.064 0.000 0.130 1.016 0.000 0.000 0.000 0.000 0.000 0.000 0.575 0.000 0.098 0.000 
---
0 test1dax_consistent left_hidden
0.000 0.275 0.000 0.000 0.643 1.227 1.446 1.969 0.878 0.000 0.387 0.000 0.662 0.000 0.000 0.000 0.339 0.606 0.443 0.000 
0 test1dax_consistent right_hidden
1.086 0.000 0.000 0.000 1.270 0.000 0.000 3.105 1.590 0.000 5.880 1.927 0.000 0.000 0.061 0.000 0.000 0.000 0.000 0.000 
---
1 test1dax_inconsistent left_hidden
0.000 0.275 0.000 0.000 0.643 1.227 1.446 1.969 0.878 0.000 0.387 0.000 0.662 0.000 0.000 0.000 0.339 0.606 0.443 0.000 
1 test1dax_inconsistent right_hidden
0.759 0.062 0.273 0.542 1.252 0.000 0.000 0.000 0.000 0.000 2.037 0.000 0.077 0.000 0.310 0.000 0.301 0.000 0.000 0.000 
---
0 test1dax_consistent left_hidden
0.850 0.000 0.422 0.309 0.077 0.022 0.062 0.000 0.006 0.051 1.115 0.119 0.000 0.289 2.345 0.026 0.379 0.055 0.000 0.986 
0 test1dax_consistent right_hidden
0.000 0.000 1.377 2.835 0.000 1.628 1.649 0.000 0.250 1.557 2.920 2.113 0.000 2.543 2.663 0.000 0.000 0.536 0.000 0.644 
---
1 test1dax_inconsistent left_hidden
0.850 0.000 0.422 0.309 0.077 0.022 0.062 0.000 0.006 0.051 1.115 0.119 0.000 0.289 2.345 0.026 0.379 0.055 0.000 0.986 
1 test1dax_inconsistent right_hidden
0.204 0.093 1.535 0.799 0.000 0.559 0.442 0.000 0.000 0.669 0.501 0.000 0.000 0.642 0.381 0.379 0.244 0.693 0.160 0.818 
---
0 test1dax_consistent left_hidden
0.071 0.075 0.000 0.537 0.574 0.000 2.107 0.841 0.000 0.000 0.502 1.417 0.397 0.104 0.296 0.365 0.000 1.211 0.113 0.000 
0 test1dax_consistent right_hidden
0.000 0.000 0.000 0.293 0.000 0.000 1.879 0.016 0.000 0.000 4.469 0.812 0.302 1.707 1.191 1.366 0.560 4.134 0.000 0.000 
---
1 test1dax_inconsistent left_hidden
0.071 0.075 0.000 0.537 0.574 0.000 2.107 0.841 0.000 0.000 0.502 1.417 0.397 0.104 0.296 0.365 0.000 1.211 0.113 0.000 
1 test1dax_inconsistent right_hidden
0.000 0.000 0.000 0.159 0.168 0.000 0.000 0.192 0.000 0.538 1.064 0.626 0.468 0.353 0.444 0.485 0.367 1.162 0.112 0.458 
---
0 test1dax_consistent left_hidden
0.275 0.011 0.000 0.000 0.056 0.000 0.000 0.963 0.000 0.309 0.773 0.000 0.103 0.000 0.000 0.854 1.397 2.403 0.000 1.118 
0 test1dax_consistent right_hidden
2.004 4.084 0.000 0.000 0.403 0.000 0.000 0.262 0.000 0.000 1.791 2.628 0.601 0.000 0.000 0.858 2.109 0.000 2.908 0.000 
---
1 test1dax_inconsistent left_hidden
0.275 0.011 0.000 0.000 0.056 0.000 0.000 0.963 0.000 0.309 0.773 0.000 0.103 0.000 0.000 0.854 1.397 2.403 0.000 1.118 
1 test1dax_inconsistent right_hidden
0.012 1.584 0.000 0.166 0.210 0.000 0.000 0.218 0.000 0.000 0.722 0.232 0.782 0.000 0.000 0.899 1.587 0.000 0.000 0.000 
---
0 test1dax_consistent left_hidden
0.080 0.964 0.000 0.599 0.000 1.183 0.000 1.311 0.000 0.514 0.174 0.221 2.026 0.039 0.935 0.000 0.000 0.000 0.000 0.000 
0 test1dax_consistent right_hidden
0.000 0.000 0.000 1.146 0.000 0.712 1.128 1.745 4.504 0.000 0.000 2.533 0.238 3.787 0.840 0.296 0.000 0.000 0.602 0.000 
---
1 test1dax_inconsistent left_hidden
0.080 0.964 0.000 0.599 0.000 1.183 0.000 1.311 0.000 0.514 0.174 0.221 2.026 0.039 0.935 0.000 0.000 0.000 0.000 0.000 
1 test1dax_inconsistent right_hidden
0.000 0.531 0.000 0.022 0.000 0.000 0.000 0.568 0.532 0.392 0.000 2.098 0.712 1.252 0.000 0.295 0.000 0.000 0.000 0.000 
---
0 test1dax_consistent left_hidden
1.047 0.000 0.000 0.518 0.807 0.533 0.624 0.000 0.000 1.266 0.408 0.713 0.000 0.967 0.982 0.298 0.000 0.860 1.095 0.200 
0 test1dax_consistent right_hidden
3.088 3.580 0.024 0.000 0.040 0.000 2.271 0.703 0.000 0.794 3.530 0.000 0.000 0.001 0.000 0.000 0.012 0.000 0.100 0.000 
---
1 test1dax_inconsistent left_hidden
1.047 0.000 0.000 0.518 0.807 0.533 0.624 0.000 0.000 1.266 0.408 0.713 0.000 0.967 0.982 0.298 0.000 0.860 1.095 0.200 
1 test1dax_inconsistent right_hidden
0.256 1.384 0.000 0.000 0.023 0.000 1.607 0.000 0.000 0.178 0.260 0.000 0.000 0.000 0.128 0.000 0.000 0.290 0.979 0.000 
---
0 test1dax_consistent left_hidden
0.768 1.089 0.000 1.358 0.000 0.157 0.000 0.080 0.012 0.000 0.962 0.000 0.025 0.000 0.264 1.868 0.000 0.154 0.000 2.037 
0 test1dax_consistent right_hidden
0.234 0.872 6.468 0.031 0.000 0.000 0.000 0.000 0.000 0.241 0.000 2.142 0.000 1.549 0.300 0.000 0.000 0.000 0.000 0.000 
---
1 test1dax_inconsistent left_hidden
0.768 1.089 0.000 1.358 0.000 0.157 0.000 0.080 0.012 0.000 0.962 0.000 0.025 0.000 0.264 1.868 0.000 0.154 0.000 2.037 
1 test1dax_inconsistent right_hidden
0.476 0.231 1.420 0.000 0.000 0.000 0.000 0.313 0.000 0.000 0.028 0.429 0.000 1.311 0.762 0.000 0.000 0.079 0.000 0.000 
---
0 test1dax_consistent left_hidden
1.403 0.298 0.794 0.293 0.000 0.132 0.734 0.000 0.855 0.000 0.204 1.138 0.000 1.353 0.000 0.000 0.804 0.818 0.187 0.000 
0 test1dax_consistent right_hidden
0.000 2.907 2.547 3.028 0.000 0.685 0.000 2.641 2.710 0.000 0.000 0.974 0.013 0.310 0.000 0.000 1.725 0.000 1.778 0.000 
---
1 test1dax_inconsistent left_hidden
1.403 0.298 0.794 0.293 0.000 0.132 0.734 0.000 0.855 0.000 0.204 1.138 0.000 1.353 0.000 0.000 0.804 0.818 0.187 0.000 
1 test1dax_inconsistent right_hidden
0.223 1.482 0.503 0.226 0.000 1.247 0.098 0.436 0.187 0.000 0.000 0.027 0.161 0.257 0.074 0.000 0.000 0.000 0.474 0.000 
---
0 test1dax_consistent left_hidden
0.000 0.010 0.096 0.000 0.000 0.000 0.929 0.000 0.745 0.267 0.392 0.000 0.000 1.770 1.004 0.000 0.000 1.219 0.182 0.669 
0 test1dax_consistent right_hidden
0.018 0.000 1.825 0.050 1.022 3.377 0.000 0.677 0.000 3.033 3.554 0.412 0.053 2.374 0.157 0.443 0.000 1.623 0.042 0.000 
---
1 test1dax_inconsistent left_hidden
0.000 0.010 0.096 0.000 0.000 0.000 0.929 0.000 0.745 0.267 0.392 0.000 0.000 1.770 1.004 0.000 0.000 1.219 0.182 0.669 
1 test1dax_inconsistent right_hidden
0.226 0.000 0.490 0.000 0.238 0.681 0.359 0.000 1.038 0.808 1.201 0.008 0.381 0.181 0.717 0.000 0.090 0.000 0.161 0.000 
---
0 test1dax_consistent left_hidden
0.000 0.348 1.615 0.000 0.317 0.000 0.034 0.282 0.092 0.000 0.811 0.000 1.100 1.344 0.835 0.000 0.000 0.012 1.526 0.086 
0 test1dax_consistent right_hidden
0.000 3.763 0.484 0.000 0.963 0.000 0.000 0.307 0.000 3.441 0.285 0.000 0.000 0.000 0.114 2.479 3.350 0.000 0.478 0.000 
---
1 test1dax_inconsistent left_hidden
0.000 0.348 1.615 0.000 0.317 0.000 0.034 0.282 0.092 0.000 0.811 0.000 1.100 1.344 0.835 0.000 0.000 0.012 1.526 0.086 
1 test1dax_inconsistent right_hidden
0.000 1.121 0.000 0.232 0.905 0.000 0.319 0.393 0.000 0.085 0.000 0.000 0.046 0.523 0.000 0.993 0.805 0.266 0.988 0.000 
---
0 test1dax_consistent left_hidden
1.384 0.045 2.368 0.000 1.128 0.000 0.036 0.001 0.000 0.000 0.000 0.000 0.000 0.218 0.123 0.674 0.567 0.000 0.792 0.159 
0 test1dax_consistent right_hidden
1.198 0.000 0.000 0.186 0.000 0.000 0.216 0.000 0.619 0.000 0.000 0.000 0.000 3.626 3.668 0.570 0.000 3.824 0.000 0.000 
---
1 test1dax_inconsistent left_hidden
1.384 0.045 2.368 0.000 1.128 0.000 0.036 0.001 0.000 0.000 0.000 0.000 0.000 0.218 0.123 0.674 0.567 0.000 0.792 0.159 
1 test1dax_inconsistent right_hidden
0.974 0.000 0.000 0.488 0.000 0.000 0.000 0.000 0.150 0.000 0.000 0.010 0.000 1.750 0.701 1.140 0.409 0.641 0.000 0.000 
---
0 test1dax_consistent left_hidden
0.007 0.000 0.868 0.651 0.000 0.000 0.691 1.612 0.000 0.092 0.000 0.517 0.000 1.063 0.000 0.414 0.181 0.596 0.147 1.579 
0 test1dax_consistent right_hidden
0.000 0.000 0.483 1.395 0.000 0.000 0.293 0.000 1.564 2.694 0.000 0.000 0.000 0.000 0.355 3.540 1.353 2.941 0.962 0.000 
---
1 test1dax_inconsistent left_hidden
0.007 0.000 0.868 0.651 0.000 0.000 0.691 1.612 0.000 0.092 0.000 0.517 0.000 1.063 0.000 0.414 0.181 0.596 0.147 1.579 
1 test1dax_inconsistent right_hidden
0.284 0.000 0.897 0.330 0.000 0.000 0.529 0.000 0.000 0.000 0.000 0.000 0.000 0.000 0.609 1.733 0.505 0.298 0.235 0.335 
---
0 test1dax_consistent left_hidden
0.000 0.879 0.000 0.615 0.000 0.000 0.854 0.844 1.398 0.000 0.000 0.021 1.328 1.397 0.000 0.283 0.000 0.000 0.000 0.878 
0 test1dax_consistent right_hidden
0.000 0.224 0.000 1.424 0.000 2.588 1.129 0.000 0.111 0.000 0.000 1.833 5.926 0.000 0.000 0.000 0.000 0.000 1.784 0.000 
---
1 test1dax_inconsistent left_hidden
0.000 0.879 0.000 0.615 0.000 0.000 0.854 0.844 1.398 0.000 0.000 0.021 1.328 1.397 0.000 0.283 0.000 0.000 0.000 0.878 
1 test1dax_inconsistent right_hidden
0.212 0.000 0.000 0.983 0.575 0.947 0.000 0.000 0.311 0.000 0.000 0.434 1.627 0.000 0.310 0.000 0.000 0.000 0.556 0.000 
---
0 test1dax_consistent left_hidden
0.588 1.894 0.045 0.000 0.680 0.189 0.929 0.500 0.000 0.000 1.084 0.138 0.000 0.000 0.000 0.000 1.285 0.000 0.837 1.571 
0 test1dax_consistent right_hidden
0.038 0.000 0.368 0.000 0.000 0.000 0.000 1.774 4.056 0.000 1.712 0.676 0.000 1.904 0.806 0.000 3.111 0.747 0.625 0.000 
---
1 test1dax_inconsistent left_hidden
0.588 1.894 0.045 0.000 0.680 0.189 0.929 0.500 0.000 0.000 1.084 0.138 0.000 0.000 0.000 0.000 1.285 0.000 0.837 1.571 
1 test1dax_inconsistent right_hidden
0.042 0.838 0.097 0.552 0.000 0.416 0.000 0.000 1.075 0.000 0.038 0.000 0.156 0.629 0.219 0.188 0.275 0.000 0.690 0.000 
---
0 test1dax_consistent left_hidden
0.055 0.000 2.490 0.000 0.900 0.000 0.552 0.000 0.070 0.145 0.000 0.000 0.000 1.137 0.000 0.000 1.355 0.000 0.318 0.330 
0 test1dax_consistent right_hidden
5.002 0.000 0.000 0.000 0.135 0.000 0.000 0.000 0.000 4.076 0.000 0.094 3.351 0.000 0.000 0.997 0.794 0.000 1.405 0.000 
---
1 test1dax_inconsistent left_hidden
0.055 0.000 2.490 0.000 0.900 0.000 0.552 0.000 0.070 0.145 0.000 0.000 0.000 1.137 0.000 0.000 1.355 0.000 0.318 0.330 
1 test1dax_inconsistent right_hidden
1.906 0.100 0.000 0.076 1.211 0.048 0.000 0.001 0.000 1.011 0.000 0.000 0.752 0.000 0.000 0.654 0.511 0.000 0.000 0.000 
---
0 test1dax_consistent left_hidden
0.000 0.000 0.062 0.689 0.442 0.447 0.838 0.912 0.000 0.550 0.000 0.000 0.015 0.429 0.281 0.000 2.515 0.000 0.423 0.450 
0 test1dax_consistent right_hidden
0.606 2.224 2.475 1.044 1.732 1.082 0.000 0.000 0.000 0.397 0.000 0.000 0.082 0.596 0.000 4.688 1.288 3.116 0.000 0.000 
---
1 test1dax_inconsistent left_hidden
0.000 0.000 0.062 0.689 0.442 0.447 0.838 0.912 0.000 0.550 0.000 0.000 0.015 0.429 0.281 0.000 2.515 0.000 0.423 0.450 
1 test1dax_inconsistent right_hidden
0.000 1.344 0.823 0.000 1.077 0.721 0.017 0.269 0.001 1.033 0.000 0.000 0.209 0.014 0.000 0.765 0.000 0.900 0.029 0.185 
---
0 test1dax_consistent left_hidden
0.719 0.116 0.806 0.119 0.387 1.014 0.000 1.128 1.050 0.000 0.658 1.429 0.103 0.436 0.931 0.000 0.640 0.000 0.319 0.092 
0 test1dax_consistent right_hidden
5.420 0.000 0.000 0.000 0.000 0.819 0.000 0.610 0.000 0.827 0.000 2.917 0.665 0.920 4.064 0.000 0.000 0.000 0.000 0.000 
---
1 test1dax_inconsistent left_hidden
0.719 0.116 0.806 0.119 0.387 1.014 0.000 1.128 1.050 0.000 0.658 1.429 0.103 0.436 0.931 0.000 0.640 0.000 0.319 0.092 
1 test1dax_inconsistent right_hidden
1.533 0.000 0.274 0.000 0.337 0.683 0.000 0.000 0.531 0.000 0.206 0.176 1.282 0.163 1.257 0.000 0.000 0.000 0.000 0.030 
---
0 test1dax_consistent left_hidden
0.702 0.000 0.389 0.376 0.003 0.000 0.000 0.024 0.000 1.370 1.345 1.278 0.436 0.129 1.086 0.000 0.821 0.000 0.520 0.000 
0 test1dax_consistent right_hidden
3.799 2.027 3.515 0.965 2.483 0.000 0.000 0.558 0.000 0.000 0.000 0.658 0.253 0.000 1.360 0.000 0.973 0.000 2.642 0.000 
---
1 test1dax_inconsistent left_hidden
0.702 0.000 0.389 0.376 0.003 0.000 0.000 0.024 0.000 1.370 1.345 1.278 0.436 0.129 1.086 0.000 0.821 0.000 0.520 0.000 
1 test1dax_inconsistent right_hidden
0.840 0.455 0.498 0.397 0.094 0.000 0.000 0.321 0.408 0.125 0.000 0.382 0.000 0.000 0.493 0.406 0.000 0.000 0.253 0.085 
---
0 test1dax_consistent left_hidden
2.070 0.000 0.642 0.007 0.000 0.087 0.583 0.263 0.000 0.000 0.000 1.491 0.000 0.109 0.000 0.000 1.359 0.000 0.679 0.000 
0 test1dax_consistent right_hidden
0.000 0.000 1.723 0.000 1.912 3.875 2.944 1.622 0.040 0.000 0.514 0.000 1.440 0.312 0.642 0.000 2.397 0.000 0.000 0.000 
---
1 test1dax_inconsistent left_hidden
2.070 0.000 0.642 0.007 0.000 0.087 0.583 0.263 0.000 0.000 0.000 1.491 0.000 0.109 0.000 0.000 1.359 0.000 0.679 0.000 
1 test1dax_inconsistent right_hidden
0.330 0.000 1.211 0.223 0.033 0.819 0.382 0.225 0.000 0.000 1.059 0.000 0.162 0.274 0.000 0.000 0.279 0.000 0.000 0.000 
---
0 test1dax_consistent left_hidden
1.301 0.270 0.767 0.000 0.257 0.000 1.395 0.456 1.316 0.957 0.668 0.000 0.035 0.000 0.265 0.000 0.589 0.000 0.245 0.114 
0 test1dax_consistent right_hidden
1.899 0.021 1.598 1.891 1.359 3.309 0.000 0.015 0.609 0.462 0.000 0.000 0.000 0.000 0.000 0.227 0.000 0.000 4.374 0.354 
---
1 test1dax_inconsistent left_hidden
1.301 0.270 0.767 0.000 0.257 0.000 1.395 0.456 1.316 0.957 0.668 0.000 0.035 0.000 0.265 0.000 0.589 0.000 0.245 0.114 
1 test1dax_inconsistent right_hidden
0.253 0.359 0.000 0.090 0.987 0.776 0.000 0.294 1.060 0.000 0.000 0.000 0.000 0.000 0.383 0.074 0.000 0.000 0.529 0.040 
---
0 test1dax_consistent left_hidden
0.000 0.000 0.000 0.049 2.214 0.000 0.000 1.258 0.152 0.000 0.000 0.452 0.000 0.714 0.002 0.716 0.626 0.050 1.282 0.509 
0 test1dax_consistent right_hidden
0.000 0.942 1.017 0.000 0.945 1.211 0.000 2.373 0.412 0.000 0.000 0.000 0.000 4.910 1.542 2.377 3.670 0.000 0.000 0.000 
---
1 test1dax_inconsistent left_hidden
0.000 0.000 0.000 0.049 2.214 0.000 0.000 1.258 0.152 0.000 0.000 0.452 0.000 0.714 0.002 0.716 0.626 0.050 1.282 0.509 
1 test1dax_inconsistent right_hidden
0.000 0.801 0.000 0.000 0.071 0.982 0.000 0.031 0.214 0.151 0.229 0.283 0.000 1.032 0.703 1.763 0.812 0.000 0.000 0.304 
---
0 test1dax_consistent left_hidden
0.000 0.925 0.288 1.068 0.335 0.000 0.063 0.000 0.000 0.000 1.908 0.000 0.392 1.477 0.000 0.119 0.025 0.000 0.000 0.139 
0 test1dax_consistent right_hidden
0.000 4.802 1.744 0.000 0.000 0.000 0.000 0.000 0.000 0.000 0.000 2.302 3.345 0.914 0.000 0.755 1.891 0.802 0.217 0.000 
---
1 test1dax_inconsistent left_hidden
0.000 0.925 0.288 1.068 0.335 0.000 0.063 0.000 0.000 0.000 1.908 0.000 0.392 1.477 0.000 0.119 0.025 0.000 0.000 0.139 
1 test1dax_inconsistent right_hidden
0.000 0.577 0.733 0.000 0.000 0.304 0.000 0.000 0.101 0.000 0.123 1.282 0.641 0.238 0.000 0.000 1.003 0.495 0.196 0.523 
---
0 test1dax_consistent left_hidden
1.498 0.000 0.072 0.000 0.000 0.000 0.000 0.742 0.000 1.499 0.000 1.912 0.234 1.500 0.000 0.000 0.000 0.212 0.601 0.000 
0 test1dax_consistent right_hidden
1.346 0.366 0.035 0.000 0.000 0.000 0.931 0.000 0.000 0.280 0.000 1.583 2.079 2.574 0.000 2.259 0.000 1.750 5.566 0.000 
---
1 test1dax_inconsistent left_hidden
1.498 0.000 0.072 0.000 0.000 0.000 0.000 0.742 0.000 1.499 0.000 1.912 0.234 1.500 0.000 0.000 0.000 0.212 0.601 0.000 
1 test1dax_inconsistent right_hidden
0.000 1.115 0.000 0.000 0.154 0.000 0.000 0.137 0.000 0.864 0.000 0.000 0.894 0.847 0.034 0.585 0.000 0.668 1.580 0.000 
---
0 test1dax_consistent left_hidden
0.492 0.000 0.108 0.104 0.678 0.545 0.000 0.000 1.355 0.099 0.000 0.565 0.018 0.471 0.000 1.259 0.053 0.419 0.000 1.337 
0 test1dax_consistent right_hidden
0.000 0.000 3.920 0.207 0.000 0.000 3.936 0.000 0.124 0.000 0.000 0.633 3.766 0.054 0.000 0.000 2.762 0.000 0.080 0.000 
---
1 test1dax_inconsistent left_hidden
0.492 0.000 0.108 0.104 0.678 0.545 0.000 0.000 1.355 0.099 0.000 0.565 0.018 0.471 0.000 1.259 0.053 0.419 0.000 1.337 
1 test1dax_inconsistent right_hidden
0.000 0.000 1.791 0.312 0.004 0.000 0.500 0.000 0.186 0.000 0.333 0.269 1.361 0.000 0.000 0.387 0.000 0.000 0.319 0.142 
---
0 test1dax_consistent left_hidden
0.093 0.273 0.850 0.000 0.950 0.119 0.000 0.000 0.000 1.280 0.000 0.000 0.000 1.569 1.478 0.961 0.336 0.730 0.163 0.000 
0 test1dax_consistent right_hidden
0.000 1.932 3.364 0.192 0.000 0.000 1.466 0.000 0.175 0.851 0.071 0.000 0.000 0.189 0.760 0.201 2.724 0.000 4.817 0.000 
---
1 test1dax_inconsistent left_hidden
0.093 0.273 0.850 0.000 0.950 0.119 0.000 0.000 0.000 1.280 0.000 0.000 0.000 1.569 1.478 0.961 0.336 0.730 0.163 0.000 
1 test1dax_inconsistent right_hidden
0.000 0.000 0.890 0.000 0.275 0.118 0.125 0.011 0.000 0.000 0.721 0.000 0.040 0.357 0.412 0.055 1.633 0.000 0.570 0.465 
---
0 test1dax_consistent left_hidden
0.246 0.986 2.123 0.223 0.000 0.000 0.590 0.307 0.452 0.481 0.803 0.000 0.093 0.000 0.000 0.000 0.000 0.000 1.444 0.358 
0 test1dax_consistent right_hidden
0.000 5.138 1.372 0.000 0.000 2.735 0.000 2.231 3.284 0.000 0.000 0.000 1.176 0.785 2.897 0.000 0.862 0.000 0.000 0.000 
---
1 test1dax_inconsistent left_hidden
0.246 0.986 2.123 0.223 0.000 0.000 0.590 0.307 0.452 0.481 0.803 0.000 0.093 0.000 0.000 0.000 0.000 0.000 1.444 0.358 
1 test1dax_inconsistent right_hidden
0.000 1.163 1.762 0.000 0.419 1.263 0.000 1.178 0.261 0.000 0.000 0.018 0.552 0.608 0.630 0.000 0.827 0.141 0.394 0.000 
---
0 test1dax_consistent left_hidden
0.722 1.198 0.000 0.000 0.501 0.955 0.730 1.900 0.000 0.000 0.300 0.000 0.809 0.394 0.000 0.000 0.000 0.000 0.476 0.000 
0 test1dax_consistent right_hidden
2.851 0.000 0.000 0.470 2.319 0.000 2.900 2.611 0.000 0.000 0.022 0.000 0.032 0.972 0.000 0.000 0.000 0.000 0.149 3.749 
---
1 test1dax_inconsistent left_hidden
0.722 1.198 0.000 0.000 0.501 0.955 0.730 1.900 0.000 0.000 0.300 0.000 0.809 0.394 0.000 0.000 0.000 0.000 0.476 0.000 
1 test1dax_inconsistent right_hidden
0.059 0.862 0.000 0.092 1.116 0.442 1.746 0.000 0.000 0.000 0.000 0.170 0.266 0.430 0.000 0.000 0.000 0.000 0.000 0.954 
---
0 test1dax_consistent left_hidden
0.000 0.738 0.000 0.882 0.752 0.000 0.547 0.000 0.000 1.117 0.536 0.473 0.473 0.931 0.000 0.000 0.000 0.000 1.769 0.000 
0 test1dax_consistent right_hidden
0.000 0.212 0.714 0.276 0.000 0.000 1.121 0.679 0.000 1.452 1.694 3.993 1.464 4.063 0.000 0.000 0.000 0.000 0.612 1.728 
---
1 test1dax_inconsistent left_hidden
0.000 0.738 0.000 0.882 0.752 0.000 0.547 0.000 0.000 1.117 0.536 0.473 0.473 0.931 0.000 0.000 0.000 0.000 1.769 0.000 
1 test1dax_inconsistent right_hidden
0.000 0.326 0.402 0.998 0.000 0.000 0.447 0.000 0.000 0.316 0.000 1.309 0.305 0.565 0.000 0.189 0.000 0.000 1.133 0.036 
---
0 test1dax_consistent left_hidden
0.047 0.861 0.166 0.000 0.513 0.216 1.017 2.037 1.412 0.000 0.000 0.531 0.387 0.128 0.559 0.000 0.000 0.000 0.000 0.188 
0 test1dax_consistent right_hidden
0.000 0.725 0.000 0.000 0.000 0.124 0.809 0.000 2.946 0.000 0.014 0.000 1.531 0.000 4.698 1.901 0.000 2.094 2.586 2.134 
---
1 test1dax_inconsistent left_hidden
0.047 0.861 0.166 0.000 0.513 0.216 1.017 2.037 1.412 0.000 0.000 0.531 0.387 0.128 0.559 0.000 0.000 0.000 0.000 0.188 
1 test1dax_inconsistent right_hidden
0.096 0.306 0.202 0.000 0.481 0.250 0.295 0.000 0.178 0.000 0.000 0.146 1.145 0.000 0.964 0.346 0.448 0.767 0.537 1.102 
---
0 test1dax_consistent left_hidden
1.159 0.540 0.000 0.000 1.626 0.000 0.000 1.483 0.658 0.888 0.000 1.432 0.000 0.000 0.000 0.512 0.251 0.049 0.000 0.576 
0 test1dax_consistent right_hidden
0.000 2.096 0.000 0.000 2.938 0.000 0.000 3.555 0.965 0.000 0.000 0.000 0.000 0.000 0.000 5.781 0.000 0.000 0.691 0.000 
---
1 test1dax_inconsistent left_hidden
1.159 0.540 0.000 0.000 1.626 0.000 0.000 1.483 0.658 0.888 0.000 1.432 0.000 0.000 0.000 0.512 0.251 0.049 0.000 0.576 
1 test1dax_inconsistent right_hidden
0.000 1.258 0.000 0.000 0.506 0.000 0.000 1.559 0.000 0.046 0.000 0.000 0.000 0.000 0.000 1.615 0.981 0.000 0.444 0.078 
---
0 test1dax_consistent left_hidden
0.000 1.423 0.259 0.099 0.217 0.432 0.000 0.000 0.825 0.455 0.000 0.119 0.049 1.464 0.397 0.000 0.000 1.217 0.492 0.157 
0 test1dax_consistent right_hidden
0.000 2.922 0.000 0.000 0.284 0.000 0.000 0.000 0.192 0.418 0.000 5.061 0.000 0.000 0.880 0.000 0.000 0.000 3.950 0.000 
---
1 test1dax_inconsistent left_hidden
0.000 1.423 0.259 0.099 0.217 0.432 0.000 0.000 0.825 0.455 0.000 0.119 0.049 1.464 0.397 0.000 0.000 1.217 0.492 0.157 
1 test1dax_inconsistent right_hidden
0.000 0.198 0.000 0.106 0.353 0.223 0.000 0.010 0.000 0.000 0.340 1.915 0.131 0.165 1.442 0.000 0.000 0.000 0.432 0.000 
---
0 test1dax_consistent left_hidden
0.000 0.000 0.084 0.000 0.000 0.000 0.000 0.901 0.095 0.127 0.895 1.501 0.110 0.022 0.075 0.181 1.671 0.849 0.976 0.000 
0 test1dax_consistent right_hidden
2.691 1.623 0.000 0.000 1.554 1.095 0.000 0.000 0.124 0.554 0.000 3.594 1.854 0.064 2.640 1.362 0.000 2.405 0.000 1.703 
---
1 test1dax_inconsistent left_hidden
0.000 0.000 0.084 0.000 0.000 0.000 0.000 0.901 0.095 0.127 0.895 1.501 0.110 0.022 0.075 0.181 1.671 0.849 0.976 0.000 
1 test1dax_inconsistent right_hidden
0.628 0.112 0.000 0.000 0.931 0.417 0.000 0.000 0.093 0.396 0.000 0.245 0.436 0.247 0.264 0.791 0.216 0.354 0.814 0.275 
---
0 test1dax_consistent left_hidden
0.000 0.000 0.215 0.925 0.000 1.319 1.673 0.000 0.000 0.262 0.045 0.102 1.635 0.230 0.410 0.000 0.000 0.000 0.157 0.000 
0 test1dax_consistent right_hidden
0.000 0.000 1.488 0.824 0.000 0.683 0.082 0.000 1.065 0.000 1.893 0.000 4.393 2.368 2.286 0.000 0.000 0.575 1.175 0.000 
---
1 test1dax_inconsistent left_hidden
0.000 0.000 0.215 0.925 0.000 1.319 1.673 0.000 0.000 0.262 0.045 0.102 1.635 0.230 0.410 0.000 0.000 0.000 0.157 0.000 
1 test1dax_inconsistent right_hidden
0.000 0.000 0.000 0.000 0.000 0.333 0.000 0.037 0.000 0.309 1.265 0.000 0.265 1.096 0.059 0.104 0.338 0.577 0.273 0.657 
---
0 test1dax_consistent left_hidden
0.000 0.000 1.576 0.000 0.000 0.000 0.012 1.464 0.312 1.109 0.993 0.465 0.008 0.023 0.000 0.000 0.000 0.978 0.099 0.000 
0 test1dax_consistent right_hidden
0.000 0.000 0.000 0.000 0.000 0.000 4.425 0.000 0.000 0.000 0.000 0.000 0.000 3.992 0.055 0.410 0.057 0.000 0.664 0.000 
---
1 test1dax_inconsistent left_hidden
0.000 0.000 1.576 0.000 0.000 0.000 0.012 1.464 0.312 1.109 0.993 0.465 0.008 0.023 0.000 0.000 0.000 0.978 0.099 0.000 
1 test1dax_inconsistent right_hidden
0.348 0.000 0.701 0.000 0.000 0.000 0.575 0.000 0.463 0.000 0.000 0.745 0.000 0.439 0.531 0.700 0.000 0.000 0.080 0.229 
---
0 test1dax_consistent left_hidden
0.209 0.000 0.000 1.606 0.000 0.000 0.000 0.000 0.040 1.231 0.274 1.134 0.732 0.004 0.000 0.000 1.072 0.348 0.023 0.116 
0 test1dax_consistent right_hidden
1.504 0.000 4.283 0.504 1.187 0.064 0.000 1.235 0.000 0.134 0.062 0.846 5.968 2.051 0.000 0.000 0.000 0.000 0.174 0.000 
---
1 test1dax_inconsistent left_hidden
0.209 0.000 0.000 1.606 0.000 0.000 0.000 0.000 0.040 1.231 0.274 1.134 0.732 0.004 0.000 0.000 1.072 0.348 0.023 0.116 
1 test1dax_inconsistent right_hidden
1.329 0.030 0.517 0.000 0.000 0.000 0.000 0.533 0.000 0.000 0.447 0.301 2.295 0.000 0.000 0.022 0.000 0.319 0.322 0.000 
---
0 test1dax_consistent left_hidden
0.000 0.000 0.303 1.300 0.000 0.041 0.016 0.889 1.193 0.722 0.433 0.923 0.391 0.000 0.000 0.000 0.327 0.000 0.891 0.122 
0 test1dax_consistent right_hidden
0.090 0.000 0.000 1.903 0.000 0.000 0.000 4.671 0.000 0.000 0.024 2.803 2.104 2.773 0.000 0.338 0.000 0.000 3.532 0.000 
---
1 test1dax_inconsistent left_hidden
0.000 0.000 0.303 1.300 0.000 0.041 0.016 0.889 1.193 0.722 0.433 0.923 0.391 0.000 0.000 0.000 0.327 0.000 0.891 0.122 
1 test1dax_inconsistent right_hidden
1.022 0.000 0.000 1.017 0.054 0.000 0.000 1.622 0.000 0.000 0.138 0.220 1.068 1.043 0.063 0.000 0.139 0.152 0.424 0.000 
---
0 test1dax_consistent left_hidden
0.259 0.000 0.000 0.000 0.706 0.820 0.850 0.328 0.000 0.000 1.294 0.099 0.000 0.000 0.000 0.000 1.466 0.229 1.534 0.326 
0 test1dax_consistent right_hidden
3.171 0.000 0.000 0.000 3.235 0.000 0.000 0.000 0.000 0.111 0.000 3.575 0.000 0.000 2.235 1.179 1.433 0.298 1.025 0.000 
---
1 test1dax_inconsistent left_hidden
0.259 0.000 0.000 0.000 0.706 0.820 0.850 0.328 0.000 0.000 1.294 0.099 0.000 0.000 0.000 0.000 1.466 0.229 1.534 0.326 
1 test1dax_inconsistent right_hidden
0.605 0.000 0.000 0.011 0.349 0.415 0.000 0.000 0.183 0.557 0.000 1.081 0.000 0.000 0.000 0.000 0.713 1.068 0.870 0.155 
---
0 test1dax_consistent left_hidden
0.000 1.537 0.679 0.177 1.055 0.000 0.000 0.674 0.000 0.000 0.910 0.435 0.000 0.000 0.000 0.414 1.743 0.027 0.000 0.794 
0 test1dax_consistent right_hidden
3.684 2.987 0.151 3.085 0.536 0.000 0.000 0.000 1.081 0.030 0.881 0.000 0.000 0.222 3.221 0.363 0.000 3.351 0.000 1.423 
---
1 test1dax_inconsistent left_hidden
0.000 1.537 0.679 0.177 1.055 0.000 0.000 0.674 0.000 0.000 0.910 0.435 0.000 0.000 0.000 0.414 1.743 0.027 0.000 0.794 
1 test1dax_inconsistent right_hidden
1.426 0.505 0.369 0.704 0.000 0.000 0.090 0.234 0.671 0.000 0.881 0.070 0.051 0.079 0.011 0.336 0.000 0.645 0.000 0.802 
---
0 test1dax_consistent left_hidden
0.000 0.846 0.000 0.000 0.023 0.000 0.000 0.571 0.106 0.243 1.955 0.145 1.810 0.000 0.203 0.000 0.973 0.762 0.000 0.003 
0 test1dax_consistent right_hidden
0.000 0.000 0.000 0.000 1.072 0.000 0.932 0.000 4.059 0.000 0.000 0.372 0.000 0.140 1.803 0.000 3.228 3.591 0.000 0.000 
---
1 test1dax_inconsistent left_hidden
0.000 0.846 0.000 0.000 0.023 0.000 0.000 0.571 0.106 0.243 1.955 0.145 1.810 0.000 0.203 0.000 0.973 0.762 0.000 0.003 
1 test1dax_inconsistent right_hidden
0.000 0.000 0.000 0.000 0.000 0.000 0.329 0.000 0.303 0.000 0.235 0.407 0.000 0.000 0.458 0.000 1.592 0.477 0.000 0.000 
---
0 test1dax_consistent left_hidden
0.000 0.000 0.516 0.000 1.301 0.064 0.000 0.072 0.000 0.170 1.678 1.094 0.529 0.000 0.000 0.000 0.000 1.721 0.000 0.046 
0 test1dax_consistent right_hidden
0.000 0.000 0.000 1.895 0.000 0.000 0.000 5.946 0.000 2.576 2.404 0.000 0.593 0.301 0.000 0.000 0.000 0.000 3.523 0.000 
---
1 test1dax_inconsistent left_hidden
0.000 0.000 0.516 0.000 1.301 0.064 0.000 0.072 0.000 0.170 1.678 1.094 0.529 0.000 0.000 0.000 0.000 1.721 0.000 0.046 
1 test1dax_inconsistent right_hidden
0.025 0.000 0.000 0.009 0.303 0.092 0.007 1.763 0.000 0.993 0.885 0.384 0.949 0.658 0.000 0.000 0.334 0.000 0.626 0.000 
---
0 test1dax_consistent left_hidden
0.000 0.000 1.477 0.000 0.000 0.246 0.649 1.859 0.306 0.000 0.035 0.402 0.154 0.258 0.017 1.602 0.000 0.000 0.825 0.000 
0 test1dax_consistent right_hidden
0.000 0.000 0.000 0.000 0.566 0.000 0.000 3.884 1.569 0.531 0.530 3.349 0.000 0.000 0.000 0.000 0.000 0.000 2.823 3.407 
---
1 test1dax_inconsistent left_hidden
0.000 0.000 1.477 0.000 0.000 0.246 0.649 1.859 0.306 0.000 0.035 0.402 0.154 0.258 0.017 1.602 0.000 0.000 0.825 0.000 
1 test1dax_inconsistent right_hidden
0.000 0.000 0.851 0.128 0.303 0.067 0.359 1.220 0.095 0.000 0.069 0.094 0.632 0.000 0.000 0.000 0.083 0.000 0.340 1.498 
---
0 test1dax_consistent left_hidden
2.138 0.000 0.000 0.000 1.203 0.000 0.000 0.000 0.656 0.120 0.124 0.000 0.240 0.000 0.940 1.244 1.500 1.122 0.000 0.000 
0 test1dax_consistent right_hidden
1.234 0.000 1.139 0.000 0.000 0.294 0.000 0.000 0.000 0.000 0.000 0.000 1.573 0.000 2.090 1.617 4.017 3.721 0.000 0.000 
---
1 test1dax_inconsistent left_hidden
2.138 0.000 0.000 0.000 1.203 0.000 0.000 0.000 0.656 0.120 0.124 0.000 0.240 0.000 0.940 1.244 1.500 1.122 0.000 0.000 
1 test1dax_inconsistent right_hidden
0.125 0.345 0.000 0.000 0.000 0.645 0.000 0.000 0.305 0.099 0.000 0.000 1.108 0.011 0.265 0.000 1.401 0.411 0.000 0.128 
---
0 test1dax_consistent left_hidden
0.000 0.977 0.000 0.475 0.149 0.000 0.895 0.265 0.000 0.188 0.257 0.390 0.446 0.000 0.907 2.360 0.000 0.000 0.030 0.078 
0 test1dax_consistent right_hidden
0.000 0.000 0.000 0.145 2.393 0.000 0.546 3.203 0.000 0.486 0.250 0.043 1.314 3.479 2.930 0.000 0.000 0.000 0.000 2.418 
---
1 test1dax_inconsistent left_hidden
0.000 0.977 0.000 0.475 0.149 0.000 0.895 0.265 0.000 0.188 0.257 0.390 0.446 0.000 0.907 2.360 0.000 0.000 0.030 0.078 
1 test1dax_inconsistent right_hidden
0.000 0.000 0.000 0.824 1.135 0.000 0.488 0.818 0.000 0.380 0.000 0.232 0.000 0.893 0.406 0.000 0.000 0.000 0.011 1.050 
---
0 test1dax_consistent left_hidden
0.000 0.000 0.963 0.981 0.143 0.000 0.447 0.368 0.585 0.000 0.000 1.669 0.000 0.000 1.134 1.048 0.573 0.113 0.000 0.000 
0 test1dax_consistent right_hidden
0.000 0.000 0.000 6.920 0.000 0.000 0.000 0.000 0.000 0.000 1.211 0.000 0.000 0.000 0.000 0.260 0.000 3.902 0.000 0.000 
---
1 test1dax_inconsistent left_hidden
0.000 0.000 0.963 0.981 0.143 0.000 0.447 0.368 0.585 0.000 0.000 1.669 0.000 0.000 1.134 1.048 0.573 0.113 0.000 0.000 
1 test1dax_inconsistent right_hidden
0.000 0.000 0.000 1.767 0.000 0.000 0.000 0.000 0.215 0.000 0.000 0.000 0.000 0.166 0.169 0.000 0.000 3.245 0.000 0.000 
---
0 test1dax_consistent left_hidden
0.273 1.195 1.235 0.282 0.215 0.000 0.296 0.000 0.271 0.651 0.000 0.431 0.000 1.030 0.000 0.955 0.181 0.000 0.242 1.193 
0 test1dax_consistent right_hidden
0.000 0.000 0.557 2.273 3.462 0.000 0.000 0.000 0.164 4.085 1.620 0.000 0.000 2.594 3.405 0.000 0.000 0.000 1.275 0.000 
---
1 test1dax_inconsistent left_hidden
0.273 1.195 1.235 0.282 0.215 0.000 0.296 0.000 0.271 0.651 0.000 0.431 0.000 1.030 0.000 0.955 0.181 0.000 0.242 1.193 
1 test1dax_inconsistent right_hidden
0.000 0.000 1.404 0.786 0.552 0.074 0.000 0.000 0.267 0.997 0.835 0.000 0.049 0.572 0.623 0.400 0.000 0.000 0.989 0.000 
---
0 test1dax_consistent left_hidden
0.266 0.000 0.000 0.787 0.073 0.982 0.000 0.000 1.592 0.000 0.000 0.634 0.136 0.000 0.305 0.972 0.000 0.178 0.000 0.000 
0 test1dax_consistent right_hidden
0.000 0.000 0.000 0.070 0.000 0.000 0.000 0.000 1.186 0.000 0.000 2.465 6.459 0.810 1.844 3.126 0.000 0.000 0.000 0.000 
---
1 test1dax_inconsistent left_hidden
0.266 0.000 0.000 0.787 0.073 0.982 0.000 0.000 1.592 0.000 0.000 0.634 0.136 0.000 0.305 0.972 0.000 0.178 0.000 0.000 
1 test1dax_inconsistent right_hidden
0.040 0.000 0.446 0.658 0.768 0.000 0.103 0.000 0.275 0.000 0.000 1.349 1.677 0.575 0.000 0.646 0.000 0.000 0.202 0.149 
---
0 test1dax_consistent left_hidden
0.000 0.000 0.398 1.067 1.576 0.000 0.691 0.000 0.000 0.000 0.000 0.324 0.054 0.046 0.688 0.000 2.445 0.000 0.000 0.126 
0 test1dax_consistent right_hidden
3.111 3.703 2.337 1.591 2.200 0.000 3.430 0.000 2.099 0.000 0.000 0.880 1.992 0.000 0.265 0.000 0.032 1.491 0.021 0.043 
---
1 test1dax_inconsistent left_hidden
0.000 0.000 0.398 1.067 1.576 0.000 0.691 0.000 0.000 0.000 0.000 0.324 0.054 0.046 0.688 0.000 2.445 0.000 0.000 0.126 
1 test1dax_inconsistent right_hidden
1.215 0.807 0.234 0.257 0.545 0.032 0.598 0.000 0.454 0.000 0.000 0.548 0.503 0.000 0.398 0.000 0.688 0.118 0.003 0.000 
---
0 test1dax_consistent left_hidden
0.000 0.049 0.047 0.536 0.000 0.057 0.000 0.000 0.000 0.000 0.722 1.045 0.417 0.000 0.000 0.000 0.000 1.217 2.049 0.047 
0 test1dax_consistent right_hidden
3.074 0.000 0.000 1.114 0.000 3.687 0.000 0.000 0.000 0.000 3.688 4.770 0.000 0.000 0.000 0.000 2.181 0.026 0.000 0.000 
---
1 test1dax_inconsistent left_hidden
0.000 0.049 0.047 0.536 0.000 0.057 0.000 0.000 0.000 0.000 0.722 1.045 0.417 0.000 0.000 0.000 0.000 1.217 2.049 0.047 
1 test1dax_inconsistent right_hidden
1.054 0.000 0.000 0.000 0.000 0.617 0.000 0.000 0.000 0.000 2.062 0.737 0.000 0.000 0.000 0.735 0.971 0.000 0.000 0.040 
---
0 test1dax_consistent left_hidden
0.000 0.882 0.000 0.000 0.723 0.050 0.236 0.020 0.000 0.004 0.462 0.325 0.369 0.000 0.000 0.000 1.090 0.000 2.323 0.377 
0 test1dax_consistent right_hidden
0.000 0.002 5.007 1.695 3.002 0.000 1.837 0.000 0.000 1.242 0.386 0.000 0.000 2.719 0.000 0.000 2.825 0.000 0.287 0.000 
---
1 test1dax_inconsistent left_hidden
0.000 0.882 0.000 0.000 0.723 0.050 0.236 0.020 0.000 0.004 0.462 0.325 0.369 0.000 0.000 0.000 1.090 0.000 2.323 0.377 
1 test1dax_inconsistent right_hidden
0.000 0.330 1.132 0.985 1.830 0.000 0.000 0.000 0.000 0.000 0.412 0.000 0.286 0.626 0.000 0.000 0.000 0.372 0.432 0.000 
---
0 test1dax_consistent left_hidden
0.787 0.194 0.868 1.317 0.000 0.000 0.469 0.299 0.557 0.649 0.648 0.622 0.326 0.000 0.000 0.000 0.864 0.760 0.000 0.390 
0 test1dax_consistent right_hidden
0.000 1.209 0.433 0.000 0.000 2.455 0.249 0.000 0.000 1.967 0.243 0.000 1.507 0.000 0.000 0.000 0.144 0.780 0.000 4.578 
---
1 test1dax_inconsistent left_hidden
0.787 0.194 0.868 1.317 0.000 0.000 0.469 0.299 0.557 0.649 0.648 0.622 0.326 0.000 0.000 0.000 0.864 0.760 0.000 0.390 
1 test1dax_inconsistent right_hidden
0.000 1.263 0.484 0.000 0.000 0.425 0.640 0.000 0.000 0.038 0.000 0.000 0.000 0.006 0.000 0.116 0.000 0.248 0.000 1.351 
---
0 test1dax_consistent left_hidden
0.000 0.000 0.000 1.787 0.000 0.000 0.163 0.000 0.000 0.020 0.000 0.000 1.748 0.000 1.266 1.577 0.879 0.202 0.045 0.081 
0 test1dax_consistent right_hidden
0.000 0.000 0.000 2.527 0.079 0.221 0.000 0.000 0.000 1.769 4.186 0.000 0.000 0.000 0.000 0.000 1.091 3.480 1.010 0.000 
---
1 test1dax_inconsistent left_hidden
0.000 0.000 0.000 1.787 0.000 0.000 0.163 0.000 0.000 0.020 0.000 0.000 1.748 0.000 1.266 1.577 0.879 0.202 0.045 0.081 
1 test1dax_inconsistent right_hidden
0.000 0.095 0.000 0.602 0.000 0.000 0.000 0.000 0.468 1.534 0.309 0.023 0.000 0.000 0.500 0.000 1.018 0.000 0.000 0.000 
---
0 test1dax_consistent left_hidden
0.000 0.816 0.047 0.617 1.601 0.000 0.424 0.000 0.959 0.000 0.000 0.066 0.000 1.541 1.354 0.873 0.000 0.294 1.134 0.000 
0 test1dax_consistent right_hidden
0.000 0.000 0.000 0.000 4.942 0.000 0.000 0.017 3.160 0.000 0.000 0.000 0.179 0.000 0.000 0.000 1.879 0.000 0.000 0.000 
---
1 test1dax_inconsistent left_hidden
0.000 0.816 0.047 0.617 1.601 0.000 0.424 0.000 0.959 0.000 0.000 0.066 0.000 1.541 1.354 0.873 0.000 0.294 1.134 0.000 
1 test1dax_inconsistent right_hidden
0.075 0.005 0.000 0.000 0.117 0.000 0.000 0.000 0.924 0.000 0.000 0.000 0.000 0.274 0.000 0.586 1.416 0.000 0.448 0.000 
---
0 test1dax_consistent left_hidden
0.000 0.571 0.000 0.000 0.000 0.000 0.184 1.310 0.000 0.000 0.052 0.144 0.000 0.000 1.301 0.658 0.230 0.343 0.000 1.902 
0 test1dax_consistent right_hidden
0.000 0.913 0.408 3.931 0.000 2.049 0.000 0.237 2.502 0.000 0.109 0.000 0.000 0.000 0.000 0.000 0.066 1.837 3.338 1.703 
---
1 test1dax_inconsistent left_hidden
0.000 0.571 0.000 0.000 0.000 0.000 0.184 1.310 0.000 0.000 0.052 0.144 0.000 0.000 1.301 0.658 0.230 0.343 0.000 1.902 
1 test1dax_inconsistent right_hidden
0.000 0.908 0.000 0.954 0.050 0.000 0.075 0.000 0.630 0.000 0.403 0.000 0.000 0.000 0.778 0.426 0.632 0.000 0.891 0.000 
---
0 test1dax_consistent left_hidden
0.794 0.000 0.856 0.063 1.534 1.189 0.000 0.398 0.326 0.039 0.000 0.031 0.000 0.000 0.000 0.000 0.031 1.676 0.000 0.000 
0 test1dax_consistent right_hidden
0.000 0.000 4.919 5.666 2.033 0.000 0.000 0.000 0.000 1.181 0.000 0.000 0.735 0.000 0.000 0.581 0.000 0.000 0.000 0.000 
---
1 test1dax_inconsistent left_hidden
0.794 0.000 0.856 0.063 1.534 1.189 0.000 0.398 0.326 0.039 0.000 0.031 0.000 0.000 0.000 0.000 0.031 1.676 0.000 0.000 
1 test1dax_inconsistent right_hidden
0.000 0.000 1.020 1.678 0.000 0.000 0.000 0.000 0.009 1.335 0.000 0.633 0.973 0.432 0.000 0.226 0.000 0.529 0.013 0.000 
---
0 test1dax_consistent left_hidden
0.000 0.000 0.000 0.097 0.222 0.000 0.700 1.005 1.611 0.066 0.015 0.379 0.000 1.029 0.148 0.085 0.085 1.193 0.300 0.271 
0 test1dax_consistent right_hidden
0.000 0.000 0.000 1.266 0.000 0.081 1.119 0.000 5.500 0.000 0.000 0.000 0.842 0.938 0.000 0.389 3.361 0.580 0.000 1.167 
---
1 test1dax_inconsistent left_hidden
0.000 0.000 0.000 0.097 0.222 0.000 0.700 1.005 1.611 0.066 0.015 0.379 0.000 1.029 0.148 0.085 0.085 1.193 0.300 0.271 
1 test1dax_inconsistent right_hidden
0.000 0.000 0.000 0.596 0.048 0.011 1.750 0.190 0.857 0.161 0.000 0.000 0.020 0.000 0.000 0.024 1.958 0.000 0.000 1.044 
---
0 test1dax_consistent left_hidden
1.234 0.706 1.206 0.000 0.298 0.894 0.000 0.014 0.396 0.534 0.162 0.000 0.108 0.483 0.091 0.000 0.309 0.303 1.226 0.956 
0 test1dax_consistent right_hidden
0.000 0.000 2.208 0.000 1.116 5.198 0.393 0.000 1.027 0.034 2.907 0.000 0.004 0.000 0.000 0.000 0.000 2.913 0.000 0.000 
---
1 test1dax_inconsistent left_hidden
1.234 0.706 1.206 0.000 0.298 0.894 0.000 0.014 0.396 0.534 0.162 0.000 0.108 0.483 0.091 0.000 0.309 0.303 1.226 0.956 
1 test1dax_inconsistent right_hidden
0.000 0.000 1.244 0.000 0.000 0.741 0.537 0.000 0.307 0.717 1.470 0.000 0.333 0.000 0.000 0.000 0.000 0.282 0.066 0.188 
---
0 test1dax_consistent left_hidden
0.443 0.000 0.000 0.766 0.000 0.522 0.707 0.568 0.000 0.000 0.000 1.244 1.359 0.234 1.015 0.800 0.000 0.000 0.741 0.000 
0 test1dax_consistent right_hidden
0.000 1.485 0.000 2.791 0.553 0.465 5.405 2.123 1.701 0.565 0.000 1.178 0.000 0.000 0.000 1.852 0.734 0.000 0.830 0.000 
---
1 test1dax_inconsistent left_hidden
0.443 0.000 0.000 0.766 0.000 0.522 0.707 0.568 0.000 0.000 0.000 1.244 1.359 0.234 1.015 0.800 0.000 0.000 0.741 0.000 
1 test1dax_inconsistent right_hidden
0.152 0.902 0.000 0.094 0.000 0.094 1.620 0.109 0.304 0.123 0.000 0.871 0.409 0.000 0.435 0.199 0.456 0.330 0.000 0.000 
---
0 test1dax_consistent left_hidden
0.000 1.770 0.000 0.091 0.000 0.000 1.847 1.128 0.416 0.000 0.142 0.000 0.000 0.702 0.128 0.000 0.127 0.038 0.000 0.715 
0 test1dax_consistent right_hidden
0.000 2.294 0.033 0.000 0.000 0.735 0.000 3.056 0.000 0.000 0.521 1.312 0.000 1.167 0.000 0.000 0.305 0.000 0.000 5.891 
---
1 test1dax_inconsistent left_hidden
0.000 1.770 0.000 0.091 0.000 0.000 1.847 1.128 0.416 0.000 0.142 0.000 0.000 0.702 0.128 0.000 0.127 0.038 0.000 0.715 
1 test1dax_inconsistent right_hidden
0.000 2.333 0.000 0.237 0.000 0.162 0.000 0.074 0.000 0.105 0.286 0.729 0.000 0.000 0.000 0.000 0.848 0.252 0.034 1.437 
---
0 test1dax_consistent left_hidden
0.667 0.545 0.418 0.157 0.000 1.268 0.438 0.000 0.323 0.206 0.323 0.143 1.062 0.000 0.571 0.709 1.047 0.951 0.042 0.857 
0 test1dax_consistent right_hidden
0.000 1.579 1.314 0.853 0.000 0.517 0.000 0.000 0.000 1.257 2.666 3.624 0.325 0.520 0.798 1.417 1.842 0.000 0.000 2.396 
---
1 test1dax_inconsistent left_hidden
0.667 0.545 0.418 0.157 0.000 1.268 0.438 0.000 0.323 0.206 0.323 0.143 1.062 0.000 0.571 0.709 1.047 0.951 0.042 0.857 
1 test1dax_inconsistent right_hidden
0.169 0.028 0.000 0.000 0.000 0.155 0.000 0.000 0.000 0.734 0.188 0.088 0.361 0.000 0.000 0.015 1.358 0.000 0.000 0.393 
---
0 test1dax_consistent left_hidden
0.000 0.000 1.005 0.000 0.275 0.022 1.109 0.614 0.577 0.000 0.155 2.051 0.000 0.818 0.000 0.177 0.000 0.421 0.000 0.000 
0 test1dax_consistent right_hidden
0.045 1.863 0.000 2.708 0.000 4.179 2.193 4.434 0.000 0.000 0.000 1.853 0.000 0.000 0.000 2.378 0.000 1.009 0.000 0.000 
---
1 test1dax_inconsistent left_hidden
0.000 0.000 1.005 0.000 0.275 0.022 1.109 0.614 0.577 0.000 0.155 2.051 0.000 0.818 0.000 0.177 0.000 0.421 0.000 0.000 
1 test1dax_inconsistent right_hidden
0.283 0.832 0.081 0.548 0.761 1.662 0.736 1.201 0.000 0.000 0.000 0.000 0.458 0.249 0.307 0.363 0.000 0.018 0.000 0.000 
---
0 test1dax_consistent left_hidden
0.058 0.062 0.276 0.000 0.000 0.000 0.152 0.000 0.103 0.097 0.000 0.099 1.956 0.058 0.017 1.644 0.327 0.000 0.173 1.462 
0 test1dax_consistent right_hidden
0.022 2.513 4.030 0.000 0.977 1.103 0.669 0.194 0.000 1.775 0.000 1.144 0.000 0.222 0.000 3.368 0.000 0.000 0.000 3.050 
---
1 test1dax_inconsistent left_hidden
0.058 0.062 0.276 0.000 0.000 0.000 0.152 0.000 0.103 0.097 0.000 0.099 1.956 0.058 0.017 1.644 0.327 0.000 0.173 1.462 
1 test1dax_inconsistent right_hidden
0.622 0.943 0.503 0.000 0.267 0.544 0.867 0.000 0.000 0.778 0.000 0.899 0.174 0.000 0.000 0.502 0.000 0.034 0.000 0.504 
---
0 test1dax_consistent left_hidden
0.320 0.009 0.000 0.622 0.196 0.000 0.000 0.260 0.470 0.195 0.000 0.000 1.978 0.159 0.451 0.773 1.642 0.028 1.195 0.013 
0 test1dax_consistent right_hidden
0.000 0.000 0.000 0.000 2.833 0.000 0.332 3.393 0.563 0.000 0.000 0.000 0.000 0.301 2.644 0.000 3.232 0.191 1.803 3.635 
---
1 test1dax_inconsistent left_hidden
0.320 0.009 0.000 0.622 0.196 0.000 0.000 0.260 0.470 0.195 0.000 0.000 1.978 0.159 0.451 0.773 1.642 0.028 1.195 0.013 
1 test1dax_inconsistent right_hidden
0.000 0.000 0.000 0.000 1.333 0.000 0.000 0.131 0.895 0.725 0.000 0.000 0.530 0.199 0.914 0.000 0.532 0.251 0.556 1.031 
---
0 test1dax_consistent left_hidden
0.006 0.661 0.000 0.666 0.000 0.946 0.000 0.730 0.157 0.276 0.000 2.186 0.000 0.036 0.057 0.000 0.124 1.655 0.000 0.413 
0 test1dax_consistent right_hidden
0.000 2.960 2.259 0.000 0.176 4.014 0.000 0.000 0.000 0.000 0.000 0.594 3.156 0.000 0.000 0.000 0.481 0.000 0.000 2.168 
---
1 test1dax_inconsistent left_hidden
0.006 0.661 0.000 0.666 0.000 0.946 0.000 0.730 0.157 0.276 0.000 2.186 0.000 0.036 0.057 0.000 0.124 1.655 0.000 0.413 
1 test1dax_inconsistent right_hidden
0.000 0.000 0.188 0.273 0.028 1.229 0.000 0.048 0.000 0.000 0.000 1.238 0.347 0.000 0.162 0.000 0.734 0.305 0.000 0.620 
---
0 test1dax_consistent left_hidden
0.700 0.000 0.652 0.446 0.271 0.395 0.649 0.080 0.000 1.145 1.592 0.479 0.304 0.000 0.000 0.700 0.199 0.980 1.137 0.000 
0 test1dax_consistent right_hidden
0.000 0.000 0.000 0.000 0.960 0.000 1.530 0.000 6.592 0.000 1.308 0.367 1.302 0.000 0.000 0.000 0.278 0.000 0.000 1.993 
---
1 test1dax_inconsistent left_hidden
0.700 0.000 0.652 0.446 0.271 0.395 0.649 0.080 0.000 1.145 1.592 0.479 0.304 0.000 0.000 0.700 0.199 0.980 1.137 0.000 
1 test1dax_inconsistent right_hidden
0.000 0.000 0.000 0.000 0.000 0.079 1.071 0.000 1.391 0.000 0.201 0.159 1.230 0.073 0.000 0.000 0.719 0.000 0.000 1.400 
---
0 test1dax_consistent left_hidden
0.000 0.000 0.000 0.000 0.000 0.000 0.898 2.112 0.000 0.000 0.075 0.000 0.000 0.000 1.306 0.000 1.242 0.000 0.671 0.234 
0 test1dax_consistent right_hidden
0.000 4.605 4.586 0.000 0.000 0.000 0.000 1.939 0.000 0.000 0.000 0.000 0.000 3.686 2.588 0.000 0.000 0.000 0.000 2.340 
---
1 test1dax_inconsistent left_hidden
0.000 0.000 0.000 0.000 0.000 0.000 0.898 2.112 0.000 0.000 0.075 0.000 0.000 0.000 1.306 0.000 1.242 0.000 0.671 0.234 
1 test1dax_inconsistent right_hidden
0.000 1.360 1.442 0.000 0.135 0.000 0.011 0.000 0.000 0.000 0.027 0.000 0.540 1.834 0.357 0.000 1.299 0.000 0.000 0.469 
---
0 test1dax_consistent left_hidden
1.523 1.240 0.000 0.811 0.440 0.000 0.237 0.870 0.000 1.518 0.179 0.000 0.112 0.000 0.755 0.000 0.000 0.000 1.208 0.000 
0 test1dax_consistent right_hidden
0.000 1.818 0.361 0.298 3.279 0.000 0.000 4.528 0.000 0.565 2.596 0.000 0.000 0.000 0.000 0.000 0.000 0.000 0.000 0.193 
---
1 test1dax_inconsistent left_hidden
1.523 1.240 0.000 0.811 0.440 0.000 0.237 0.870 0.000 1.518 0.179 0.000 0.112 0.000 0.755 0.000 0.000 0.000 1.208 0.000 
1 test1dax_inconsistent right_hidden
0.000 0.142 0.000 1.322 2.082 0.000 0.000 1.284 0.000 0.000 0.000 0.000 0.000 0.000 0.000 0.066 0.000 0.000 0.000 0.000 
---
0 test1dax_consistent left_hidden
0.000 0.377 0.000 0.128 1.726 1.475 0.914 0.000 0.000 0.000 0.000 1.291 0.570 1.422 0.000 0.000 0.000 0.000 0.000 0.134 
0 test1dax_consistent right_hidden
0.000 0.000 0.000 4.372 4.031 2.336 2.444 1.571 2.272 0.000 0.000 0.564 1.118 0.000 0.000 0.000 0.000 0.442 0.000 0.000 
---
1 test1dax_inconsistent left_hidden
0.000 0.377 0.000 0.128 1.726 1.475 0.914 0.000 0.000 0.000 0.000 1.291 0.570 1.422 0.000 0.000 0.000 0.000 0.000 0.134 
1 test1dax_inconsistent right_hidden
0.000 0.163 0.000 1.261 0.927 0.214 0.295 1.130 0.895 0.000 0.000 0.475 0.479 0.603 0.000 0.000 0.000 0.105 0.143 0.127 
---
0 test1dax_consistent left_hidden
0.449 1.073 0.366 0.813 0.000 1.369 0.000 1.235 0.103 0.000 0.023 0.000 0.000 1.405 0.046 0.000 0.000 1.420 0.147 0.276 
0 test1dax_consistent right_hidden
2.238 0.000 0.844 0.000 0.000 0.000 1.235 0.439 1.734 0.000 0.000 0.000 0.000 0.000 0.002 3.360 0.000 0.000 2.172 4.774 
---
1 test1dax_inconsistent left_hidden
0.449 1.073 0.366 0.813 0.000 1.369 0.000 1.235 0.103 0.000 0.023 0.000 0.000 1.405 0.046 0.000 0.000 1.420 0.147 0.276 
1 test1dax_inconsistent right_hidden
0.707 0.000 0.567 0.009 0.014 0.402 1.010 0.516 1.467 0.000 0.000 0.000 0.000 0.000 0.019 0.577 0.000 0.000 1.252 0.552 
---
0 test1dax_consistent left_hidden
0.000 0.000 0.295 0.000 0.625 0.000 0.000 1.109 0.000 0.000 0.011 0.000 1.527 0.000 0.000 2.442 0.000 0.000 0.000 0.136 
0 test1dax_consistent right_hidden
0.000 0.000 0.000 0.000 0.000 0.000 1.194 2.557 1.730 0.000 0.000 0.000 1.481 0.000 2.370 3.737 0.000 0.000 1.298 4.252 
---
1 test1dax_inconsistent left_hidden
0.000 0.000 0.295 0.000 0.625 0.000 0.000 1.109 0.000 0.000 0.011 0.000 1.527 0.000 0.000 2.442 0.000 0.000 0.000 0.136 
1 test1dax_inconsistent right_hidden
0.000 0.000 0.000 0.165 0.000 0.264 0.000 2.224 0.313 0.000 0.000 0.000 0.771 0.000 1.273 0.980 0.202 0.000 0.000 0.415 
---
0 test1dax_consistent left_hidden
0.842 0.000 0.000 0.000 0.000 0.000 0.452 1.128 0.585 0.000 0.354 2.393 0.000 0.275 0.887 0.747 0.000 0.097 0.471 0.011 
0 test1dax_consistent right_hidden
1.295 0.000 0.614 1.459 0.064 1.799 0.000 0.000 0.000 0.000 2.753 0.322 1.129 2.701 3.918 1.395 1.598 0.000 0.000 0.973 
---
1 test1dax_inconsistent left_hidden
0.842 0.000 0.000 0.000 0.000 0.000 0.452 1.128 0.585 0.000 0.354 2.393 0.000 0.275 0.887 0.747 0.000 0.097 0.471 0.011 
1 test1dax_inconsistent right_hidden
0.833 0.000 0.190 0.224 0.409 0.565 0.000 0.874 0.000 0.050 0.447 0.029 0.172 0.299 0.766 0.156 0.517 0.378 0.000 0.440 
---
0 test1dax_consistent left_hidden
0.498 0.041 0.000 0.000 0.000 0.771 0.729 1.243 0.399 0.090 0.874 1.244 0.445 0.621 0.202 0.000 0.000 0.000 0.000 1.035 
0 test1dax_consistent right_hidden
0.000 0.000 1.744 0.000 3.487 0.000 0.000 1.819 0.000 0.524 2.438 0.103 0.000 0.000 2.980 1.986 3.115 1.543 0.125 1.856 
---
1 test1dax_inconsistent left_hidden
0.498 0.041 0.000 0.000 0.000 0.771 0.729 1.243 0.399 0.090 0.874 1.244 0.445 0.621 0.202 0.000 0.000 0.000 0.000 1.035 
1 test1dax_inconsistent right_hidden
0.216 0.000 0.389 0.000 0.456 0.000 0.256 0.264 0.054 0.931 0.500 0.000 0.759 0.012 1.202 0.000 0.287 0.574 0.478 0.232 
---
0 test1dax_consistent left_hidden
0.000 0.603 0.000 1.150 0.000 1.070 0.267 1.253 0.074 0.297 0.000 0.470 0.000 0.632 1.315 0.254 1.327 0.198 0.000 0.000 
0 test1dax_consistent right_hidden
0.753 0.000 0.000 0.000 0.000 0.762 0.000 0.479 0.214 2.835 0.000 1.531 0.000 0.000 0.000 0.000 1.777 1.631 0.000 4.165 
---
1 test1dax_inconsistent left_hidden
0.000 0.603 0.000 1.150 0.000 1.070 0.267 1.253 0.074 0.297 0.000 0.470 0.000 0.632 1.315 0.254 1.327 0.198 0.000 0.000 
1 test1dax_inconsistent right_hidden
1.007 0.000 0.234 0.000 0.000 1.024 0.113 0.596 0.348 1.551 0.000 0.000 0.000 0.000 0.000 0.000 0.000 0.868 0.000 0.546 
---
0 test1dax_consistent left_hidden
0.000 0.229 0.144 1.700 0.000 0.089 0.000 0.000 0.000 0.479 0.000 0.000 0.069 0.000 0.338 1.079 1.042 0.000 0.414 0.458 
0 test1dax_consistent right_hidden
2.665 0.000 0.000 0.000 0.106 0.278 0.000 0.735 0.952 0.000 0.202 0.000 0.000 1.200 2.975 3.400 0.060 0.000 3.704 0.000 
---
1 test1dax_inconsistent left_hidden
0.000 0.229 0.144 1.700 0.000 0.089 0.000 0.000 0.000 0.479 0.000 0.000 0.069 0.000 0.338 1.079 1.042 0.000 0.414 0.458 
1 test1dax_inconsistent right_hidden
0.874 0.081 0.079 0.092 0.432 0.379 0.337 0.666 0.575 0.190 0.842 0.000 0.000 0.880 0.550 0.220 0.001 0.000 0.223 0.194 
---
0 test1dax_consistent left_hidden
0.575 0.059 0.216 0.479 0.683 0.892 1.113 0.000 0.492 0.202 0.000 0.000 0.840 0.000 1.386 0.000 0.000 0.000 1.150 0.000 
0 test1dax_consistent right_hidden
0.000 0.000 1.965 0.837 5.871 0.000 1.906 0.000 0.000 1.371 0.000 1.225 0.000 0.050 0.000 0.000 1.493 0.873 1.034 0.000 
---
1 test1dax_inconsistent left_hidden
0.575 0.059 0.216 0.479 0.683 0.892 1.113 0.000 0.492 0.202 0.000 0.000 0.840 0.000 1.386 0.000 0.000 0.000 1.150 0.000 
1 test1dax_inconsistent right_hidden
0.000 0.144 0.649 0.175 1.314 0.000 0.000 0.000 0.000 0.052 0.007 0.300 0.000 0.000 0.019 0.014 0.682 0.891 1.323 0.000 
---
0 test1dax_consistent left_hidden
0.226 0.000 0.506 1.075 1.105 1.258 1.301 0.000 0.075 0.000 0.676 0.035 0.000 0.000 0.597 0.351 1.158 0.000 0.116 1.439 
0 test1dax_consistent right_hidden
0.000 0.000 0.668 0.000 1.308 2.177 0.348 3.897 0.000 0.000 3.884 0.176 2.595 0.055 0.507 0.000 0.181 0.000 0.000 1.624 
---
1 test1dax_inconsistent left_hidden
0.226 0.000 0.506 1.075 1.105 1.258 1.301 0.000 0.075 0.000 0.676 0.035 0.000 0.000 0.597 0.351 1.158 0.000 0.116 1.439 
1 test1dax_inconsistent right_hidden
0.300 0.000 0.508 0.029 0.390 0.892 0.000 0.694 0.000 0.000 0.526 0.253 0.143 0.373 0.347 0.343 0.000 0.000 0.000 0.481 
---
0 test1dax_consistent left_hidden
0.000 1.223 0.254 0.000 0.110 1.289 0.000 0.000 0.620 0.000 0.000 2.017 0.057 0.000 0.123 0.000 0.041 0.000 0.141 1.275 
0 test1dax_consistent right_hidden
2.274 0.948 0.000 0.961 0.000 1.675 0.000 0.000 0.000 0.032 1.173 0.000 0.000 0.000 0.000 0.000 4.157 0.000 0.492 4.182 
---
1 test1dax_inconsistent left_hidden
0.000 1.223 0.254 0.000 0.110 1.289 0.000 0.000 0.620 0.000 0.000 2.017 0.057 0.000 0.123 0.000 0.041 0.000 0.141 1.275 
1 test1dax_inconsistent right_hidden
0.075 0.707 0.000 1.020 0.000 0.259 0.368 0.000 0.000 0.093 0.016 0.000 0.000 0.256 0.148 0.201 0.717 0.000 0.611 1.403 
---
0 test1dax_consistent left_hidden
0.267 0.638 1.187 0.200 0.000 0.315 0.925 0.363 0.000 0.072 0.050 0.855 1.216 0.000 0.677 0.607 0.162 0.821 0.000 0.036 
0 test1dax_consistent right_hidden
0.000 1.137 0.075 0.000 0.000 0.000 0.000 2.060 0.000 1.373 0.362 0.763 0.308 0.000 6.281 0.000 0.854 3.528 0.000 0.000 
---
1 test1dax_inconsistent left_hidden
0.267 0.638 1.187 0.200 0.000 0.315 0.925 0.363 0.000 0.072 0.050 0.855 1.216 0.000 0.677 0.607 0.162 0.821 0.000 0.036 
1 test1dax_inconsistent right_hidden
0.000 0.074 0.538 0.271 0.000 0.000 0.105 0.987 0.000 0.322 0.262 0.000 0.450 0.089 1.448 0.000 0.915 1.248 0.000 0.000 
---
