0 test2fip_consistent 2.218 0.425 0.000 2.364 0.389 1.699 0.855 0.000 0.100 2.317 0.000 0.000 0.420 2.120 0.000 0.967 0.000 0.000 1.519 0.000 0.000 2.531 0.000 0.000 0.000 2.169 2.703 0.000 0.917 0.000 0.000 1.208 0.000 0.000 0.000 0.071 0.000 0.000 2.667 0.000 
1 test2fip_inconsistent 2.218 0.425 0.000 2.364 0.389 1.699 0.855 0.000 0.100 2.317 0.000 0.000 0.420 2.120 0.000 0.967 0.000 0.000 1.519 0.000 1.939 0.379 0.000 0.346 0.000 4.008 2.640 0.000 0.210 2.588 0.000 1.071 0.247 2.833 0.000 0.000 0.000 0.044 3.389 0.000 
0 test2fip_consistent 0.000 0.000 0.336 1.084 0.035 1.302 0.912 0.000 0.000 0.000 0.000 2.472 3.759 1.545 0.034 1.745 0.000 2.372 0.000 0.000 0.119 0.000 0.000 2.324 0.415 0.825 0.015 0.000 3.128 0.047 0.000 0.000 1.272 1.242 0.308 0.000 0.567 0.007 0.328 0.000 
1 test2fip_inconsistent 0.000 0.000 0.336 1.084 0.035 1.302 0.912 0.000 0.000 0.000 0.000 2.472 3.759 1.545 0.034 1.745 0.000 2.372 0.000 0.000 0.000 0.000 0.000 0.766 2.955 0.732 0.000 0.000 1.440 0.000 0.000 2.853 2.672 0.686 0.339 1.273 0.519 0.870 0.000 0.000 
0 test2fip_consistent 0.893 2.612 0.202 0.000 0.000 0.318 0.997 0.000 0.273 0.000 0.211 0.000 1.312 1.178 2.727 2.618 0.000 0.867 2.040 0.000 0.000 0.261 3.104 0.000 0.548 0.000 0.000 0.000 1.941 0.000 0.000 0.000 0.850 0.000 0.000 0.982 0.000 2.273 0.000 0.964 
1 test2fip_inconsistent 0.893 2.612 0.202 0.000 0.000 0.318 0.997 0.000 0.273 0.000 0.211 0.000 1.312 1.178 2.727 2.618 0.000 0.867 2.040 0.000 0.810 1.227 2.708 0.000 0.000 0.594 0.560 0.000 0.923 0.000 0.000 0.000 0.857 0.000 2.642 3.403 0.000 2.927 1.640 0.000 
0 test2fip_consistent 0.000 0.248 0.406 3.946 0.000 1.413 1.918 0.000 0.000 0.000 0.000 2.844 1.742 0.000 0.000 1.623 0.000 0.347 0.259 0.000 0.000 0.000 0.000 0.000 0.000 2.064 0.039 0.000 0.000 0.000 0.000 0.019 2.881 0.000 0.274 0.000 0.042 0.000 2.281 0.000 
1 test2fip_inconsistent 0.000 0.248 0.406 3.946 0.000 1.413 1.918 0.000 0.000 0.000 0.000 2.844 1.742 0.000 0.000 1.623 0.000 0.347 0.259 0.000 0.235 0.000 0.463 3.561 0.000 1.688 0.000 0.000 0.217 0.000 0.000 3.192 3.317 0.000 0.403 0.981 0.000 0.000 1.148 0.030 
0 test2fip_consistent 0.282 0.000 0.358 2.458 2.171 1.408 0.000 0.000 0.000 0.702 0.000 0.000 0.723 3.799 0.000 0.294 0.000 2.135 0.000 0.000 0.000 0.000 0.000 0.000 0.000 0.748 3.210 0.000 0.000 0.462 0.000 0.000 0.000 0.172 0.000 0.000 0.000 2.210 2.621 1.879 
1 test2fip_inconsistent 0.282 0.000 0.358 2.458 2.171 1.408 0.000 0.000 0.000 0.702 0.000 0.000 0.723 3.799 0.000 0.294 0.000 2.135 0.000 0.000 0.000 0.000 0.383 1.617 0.423 1.718 2.925 0.000 0.000 0.725 0.000 0.000 0.000 4.665 0.000 0.000 0.000 3.071 1.053 0.386 
0 test2fip_consistent 4.497 0.893 0.000 0.000 0.000 0.000 0.000 3.048 0.464 1.293 0.267 0.000 0.000 0.300 1.656 1.144 0.000 0.000 0.000 0.000 0.379 1.907 0.000 0.000 0.000 0.000 0.000 0.000 1.450 0.000 0.000 0.000 0.000 4.009 0.208 0.000 0.000 0.015 0.000 0.000 
1 test2fip_inconsistent 4.497 0.893 0.000 0.000 0.000 0.000 0.000 3.048 0.464 1.293 0.267 0.000 0.000 0.300 1.656 1.144 0.000 0.000 0.000 0.000 5.370 1.378 0.000 0.000 0.000 0.000 0.000 1.004 0.847 0.388 0.000 0.000 0.000 3.176 1.829 0.000 0.000 0.000 0.000 0.000 
0 test2fip_consistent 1.200 0.121 1.593 1.191 0.000 0.000 1.007 0.000 0.000 0.000 0.000 3.428 0.000 1.119 0.000 0.000 0.000 0.860 0.000 2.381 0.000 0.000 2.325 0.341 0.000 0.000 0.000 0.000 3.883 0.000 0.000 0.000 0.025 0.007 0.000 0.000 0.000 0.000 0.779 0.848 
1 test2fip_inconsistent 1.200 0.121 1.593 1.191 0.000 0.000 1.007 0.000 0.000 0.000 0.000 3.428 0.000 1.119 0.000 0.000 0.000 0.860 0.000 2.381 0.000 0.000 2.126 1.153 1.470 0.000 2.528 0.000 1.960 0.000 0.000 3.241 0.000 1.363 0.000 0.000 0.000 0.000 0.214 2.712 
0 test2fip_consistent 1.513 0.262 0.000 1.116 2.305 0.577 0.000 0.999 0.265 0.447 0.898 1.849 0.034 1.842 0.958 0.000 2.817 1.506 1.696 0.626 0.106 0.172 0.000 1.256 0.268 2.035 0.000 1.380 1.463 0.348 1.036 0.915 2.384 0.151 0.887 0.000 0.126 0.918 0.226 0.000 
1 test2fip_inconsistent 1.513 0.262 0.000 1.116 2.305 0.577 0.000 0.999 0.265 0.447 0.898 1.849 0.034 1.842 0.958 0.000 2.817 1.506 1.696 0.626 0.000 0.000 0.000 1.110 3.036 0.904 0.000 1.196 0.925 0.000 0.934 2.749 1.695 2.959 0.575 0.000 2.239 1.724 0.380 0.449 
0 test2fip_consistent 0.000 1.271 2.894 0.000 0.000 0.000 0.793 0.046 1.172 0.000 0.000 0.555 2.281 0.000 2.289 0.630 0.000 0.000 0.000 0.000 0.000 0.000 0.000 1.326 2.524 0.000 0.000 1.491 0.000 0.000 0.000 0.000 0.428 0.000 0.000 2.719 0.000 1.501 0.000 0.000 
1 test2fip_inconsistent 0.000 1.271 2.894 0.000 0.000 0.000 0.793 0.046 1.172 0.000 0.000 0.555 2.281 0.000 2.289 0.630 0.000 0.000 0.000 0.000 0.239 2.145 3.087 0.824 1.092 0.000 0.436 1.135 2.020 0.000 0.000 0.000 0.538 0.000 2.402 1.792 0.000 0.950 0.177 0.000 
0 test2fip_consistent 0.548 1.190 0.000 0.000 0.000 0.000 0.181 0.821 0.000 0.000 0.710 0.000 0.000 0.305 0.000 1.730 0.000 0.000 0.000 4.602 0.000 2.410 0.000 1.227 3.500 0.000 0.000 0.542 0.000 0.000 0.000 0.851 1.474 0.514 0.000 0.362 0.000 0.000 0.000 0.000 
1 test2fip_inconsistent 0.548 1.190 0.000 0.000 0.000 0.000 0.181 0.821 0.000 0.000 0.710 0.000 0.000 0.305 0.000 1.730 0.000 0.000 0.000 4.602 1.836 2.758 0.000 0.735 2.395 0.000 0.000 0.954 0.000 0.000 0.000 0.000 0.569 0.000 0.000 1.647 0.000 0.000 0.000 3.734 
0 test2fip_consistent 2.291 4.078 0.000 0.321 0.000 0.349 0.000 0.000 1.094 1.694 0.000 0.000 0.000 1.716 0.639 2.293 1.902 0.000 0.000 0.000 0.000 2.142 0.266 0.000 0.000 0.000 0.000 0.034 0.000 0.000 0.291 0.000 2.920 0.097 4.598 0.000 0.000 0.000 0.000 0.000 
1 test2fip_inconsistent 2.291 4.078 0.000 0.321 0.000 0.349 0.000 0.000 1.094 1.694 0.000 0.000 0.000 1.716 0.639 2.293 1.902 0.000 0.000 0.000 0.000 4.700 0.149 0.000 0.000 0.485 0.000 0.000 0.000 1.014 0.100 0.000 0.000 3.206 4.411 2.434 0.000 0.000 0.000 0.000 
0 test2fip_consistent 1.852 0.000 0.984 1.605 0.625 2.212 0.000 0.000 0.000 0.084 0.000 2.764 0.000 0.003 0.000 3.542 0.000 1.446 0.116 0.655 0.000 0.000 0.349 1.232 0.671 0.000 0.608 0.000 0.000 2.230 0.000 0.000 2.672 2.431 0.000 0.307 0.000 0.054 0.000 0.000 
1 test2fip_inconsistent 1.852 0.000 0.984 1.605 0.625 2.212 0.000 0.000 0.000 0.084 0.000 2.764 0.000 0.003 0.000 3.542 0.000 1.446 0.116 0.655 1.257 0.000 0.685 1.204 1.554 2.358 0.357 0.000 0.000 1.218 0.000 0.394 0.496 2.009 0.000 3.623 0.000 0.980 0.000 0.000 
0 test2fip_consistent 0.000 0.000 0.000 0.000 0.000 0.000 1.321 0.000 0.000 5.232 1.136 1.440 1.169 0.000 0.000 0.000 0.741 0.000 0.000 0.000 0.000 0.022 1.164 0.000 0.000 1.734 0.414 0.000 0.000 0.506 0.697 0.081 0.000 0.065 0.000 1.093 4.897 0.000 0.000 0.000 
1 test2fip_inconsistent 0.000 0.000 0.000 0.000 0.000 0.000 1.321 0.000 0.000 5.232 1.136 1.440 1.169 0.000 0.000 0.000 0.741 0.000 0.000 0.000 0.000 0.000 0.000 0.000 0.000 2.225 0.000 0.000 0.000 4.866 1.956 1.731 0.000 0.000 0.000 1.384 4.025 0.000 0.000 0.000 
0 test2fip_consistent 0.000 0.097 0.645 0.215 0.000 2.232 1.289 0.405 1.624 2.360 0.550 0.000 0.000 2.584 0.000 0.000 2.669 0.000 0.000 0.000 0.000 0.000 2.292 3.716 0.000 0.574 0.000 0.313 0.000 0.341 1.380 1.522 0.000 0.000 0.000 0.000 0.000 0.000 0.000 0.000 
1 test2fip_inconsistent 0.000 0.097 0.645 0.215 0.000 2.232 1.289 0.405 1.624 2.360 0.550 0.000 0.000 2.584 0.000 0.000 2.669 0.000 0.000 0.000 0.000 0.000 1.671 1.895 0.000 2.114 0.125 1.339 0.366 3.547 0.524 2.391 0.000 2.720 0.000 0.000 0.642 0.000 0.000 0.000 
0 test2fip_consistent 0.000 0.608 0.000 0.159 0.000 0.000 0.265 1.711 0.026 0.746 0.000 1.976 0.509 0.000 2.045 1.820 2.140 2.048 2.264 0.000 0.000 1.078 0.000 0.000 0.000 0.112 0.406 0.000 0.000 2.206 1.725 0.000 0.045 0.000 0.000 0.000 2.983 0.758 0.000 0.000 
1 test2fip_inconsistent 0.000 0.608 0.000 0.159 0.000 0.000 0.265 1.711 0.026 0.746 0.000 1.976 0.509 0.000 2.045 1.820 2.140 2.048 2.264 0.000 0.000 0.623 0.000 0.000 0.000 0.000 0.020 1.974 0.000 0.996 0.000 1.917 0.921 0.000 1.723 1.311 3.887 2.125 1.632 0.000 
0 test2fip_consistent 0.282 0.000 0.000 0.294 0.000 0.000 3.516 0.000 0.000 1.115 0.479 0.000 3.474 0.000 2.057 1.630 1.920 0.387 0.155 0.000 2.294 0.000 2.345 0.810 0.000 0.000 1.135 0.000 0.000 0.000 0.271 0.000 0.000 1.462 0.000 1.200 0.000 0.000 1.886 0.000 
1 test2fip_inconsistent 0.282 0.000 0.000 0.294 0.000 0.000 3.516 0.000 0.000 1.115 0.479 0.000 3.474 0.000 2.057 1.630 1.920 0.387 0.155 0.000 0.236 0.000 0.000 0.585 0.000 0.000 2.183 0.000 0.000 1.612 2.773 0.000 1.425 0.018 0.301 1.960 3.617 0.000 0.776 0.000 
0 test2fip_consistent 0.000 0.139 0.223 0.000 2.215 0.053 1.082 0.000 0.000 0.000 0.000 0.536 1.197 1.632 2.109 0.202 1.589 2.574 1.198 0.000 0.603 0.000 0.069 0.097 0.000 0.230 3.678 0.903 0.000 0.000 0.009 0.371 0.655 0.000 0.347 1.839 0.673 0.049 0.241 1.202 
1 test2fip_inconsistent 0.000 0.139 0.223 0.000 2.215 0.053 1.082 0.000 0.000 0.000 0.000 0.536 1.197 1.632 2.109 0.202 1.589 2.574 1.198 0.000 0.000 0.000 0.000 0.000 2.651 1.134 3.109 0.000 0.000 0.000 0.833 0.512 0.476 1.489 0.696 0.654 2.753 3.032 0.865 0.301 
0 test2fip_consistent 0.054 0.380 0.000 0.504 0.000 0.418 0.286 2.861 0.000 0.667 2.881 0.000 0.000 0.000 0.000 1.782 0.000 3.219 1.198 0.000 0.000 1.437 0.000 2.170 0.000 0.000 2.293 0.760 2.615 0.000 0.000 0.000 0.056 0.000 0.183 0.000 0.000 0.301 3.213 0.000 
1 test2fip_inconsistent 0.054 0.380 0.000 0.504 0.000 0.418 0.286 2.861 0.000 0.667 2.881 0.000 0.000 0.000 0.000 1.782 0.000 3.219 1.198 0.000 0.000 0.908 0.000 0.861 0.000 0.000 1.706 1.262 2.884 0.416 2.667 0.000 0.000 0.000 0.000 1.816 0.000 2.061 4.053 0.338 
0 test2fip_consistent 0.000 0.651 0.198 0.000 0.000 0.000 0.036 3.372 2.105 0.000 0.000 0.077 0.000 0.000 0.000 2.746 0.000 2.182 2.270 0.000 0.000 0.000 3.026 0.000 0.000 0.643 0.000 1.602 1.212 0.000 0.452 0.845 0.000 0.000 0.000 0.000 0.000 0.000 0.000 3.058 
1 test2fip_inconsistent 0.000 0.651 0.198 0.000 0.000 0.000 0.036 3.372 2.105 0.000 0.000 0.077 0.000 0.000 0.000 2.746 0.000 2.182 2.270 0.000 0.000 0.000 1.694 0.000 0.000 0.325 0.000 3.835 3.763 0.718 0.921 0.840 0.000 0.000 0.000 0.369 0.000 3.153 2.422 1.134 
0 test2fip_consistent 0.000 0.000 0.189 0.000 0.957 0.663 0.394 1.975 1.658 0.000 0.000 0.000 0.000 0.989 3.906 0.000 0.125 0.000 0.218 1.646 0.000 0.000 0.589 0.000 0.000 0.310 0.080 1.401 1.823 0.000 0.000 0.000 0.000 0.363 0.520 0.000 3.630 0.000 2.416 0.004 
1 test2fip_inconsistent 0.000 0.000 0.189 0.000 0.957 0.663 0.394 1.975 1.658 0.000 0.000 0.000 0.000 0.989 3.906 0.000 0.125 0.000 0.218 1.646 0.000 0.000 0.000 0.000 0.000 0.328 1.537 3.033 1.228 0.000 0.000 0.000 0.000 0.495 5.437 0.000 2.679 0.000 1.478 0.886 
0 test2fip_consistent 2.827 1.233 1.021 0.000 0.000 1.309 2.303 1.693 1.100 0.116 0.000 1.417 2.611 0.000 0.000 0.000 0.162 0.000 0.000 1.913 0.000 0.000 0.869 0.000 0.000 0.000 0.903 0.000 0.000 3.080 0.314 0.000 0.737 0.000 0.000 0.000 0.431 0.000 0.141 2.173 
1 test2fip_inconsistent 2.827 1.233 1.021 0.000 0.000 1.309 2.303 1.693 1.100 0.116 0.000 1.417 2.611 0.000 0.000 0.000 0.162 0.000 0.000 1.913 0.423 2.356 1.603 0.000 0.000 2.643 2.413 0.000 1.598 2.048 0.487 1.362 2.649 0.000 0.000 0.000 0.000 0.000 0.000 2.609 
0 test2fip_consistent 2.689 0.742 0.008 0.000 1.033 0.000 2.258 1.688 0.000 0.391 1.760 0.000 1.485 2.168 0.084 0.000 1.905 0.007 0.000 0.000 1.402 0.000 2.250 0.000 0.000 0.733 0.000 2.073 0.000 0.000 0.000 0.000 0.374 0.000 3.482 0.000 0.000 1.580 0.000 0.000 
1 test2fip_inconsistent 2.689 0.742 0.008 0.000 1.033 0.000 2.258 1.688 0.000 0.391 1.760 0.000 1.485 2.168 0.084 0.000 1.905 0.007 0.000 0.000 3.160 0.000 1.879 0.000 0.383 0.512 2.925 2.576 0.000 0.000 0.828 0.000 0.000 0.697 2.368 0.000 2.441 0.323 0.000 0.000 
0 test2fip_consistent 0.000 0.000 2.516 1.988 0.000 0.806 0.000 0.139 2.252 1.622 1.513 0.000 0.000 0.000 0.000 2.432 0.000 0.097 2.006 0.414 0.000 0.000 2.582 0.000 0.000 0.787 1.436 0.000 0.235 0.000 2.025 0.000 0.002 0.147 0.000 0.000 0.000 1.495 2.849 0.000 
1 test2fip_inconsistent 0.000 0.000 2.516 1.988 0.000 0.806 0.000 0.139 2.252 1.622 1.513 0.000 0.000 0.000 0.000 2.432 0.000 0.097 2.006 0.414 0.000 0.054 3.102 2.428 0.000 0.568 0.916 0.000 3.359 0.000 1.163 0.000 0.000 0.000 0.000 2.858 0.000 0.000 3.901 0.000 
0 test2fip_consistent 0.000 0.000 0.185 0.218 0.000 1.013 0.264 0.642 0.000 0.000 1.634 0.541 0.000 0.000 0.000 2.106 4.752 0.000 1.779 0.000 0.000 0.000 0.000 1.429 2.857 0.000 2.274 2.646 0.000 0.323 0.018 2.315 0.000 0.339 0.000 0.094 0.000 0.000 0.000 0.000 
1 test2fip_inconsistent 0.000 0.000 0.185 0.218 0.000 1.013 0.264 0.642 0.000 0.000 1.634 0.541 0.000 0.000 0.000 2.106 4.752 0.000 1.779 0.000 0.000 0.000 0.000 0.814 1.387 0.084 1.628 2.830 0.000 0.000 2.173 1.865 0.000 0.000 0.000 1.569 4.281 0.000 0.000 0.000 
0 test2fip_consistent 0.000 0.000 2.489 4.078 0.000 1.500 0.572 0.000 1.069 0.000 0.000 0.115 0.000 0.194 0.000 2.643 0.000 0.549 0.000 0.000 0.000 0.367 2.535 0.989 0.000 0.000 0.801 0.000 0.302 0.000 0.906 1.155 0.000 2.409 0.000 0.000 0.000 0.040 0.000 2.882 
1 test2fip_inconsistent 0.000 0.000 2.489 4.078 0.000 1.500 0.572 0.000 1.069 0.000 0.000 0.115 0.000 0.194 0.000 2.643 0.000 0.549 0.000 0.000 0.000 0.278 2.791 3.935 0.000 0.369 0.083 0.000 2.033 0.000 0.257 0.945 0.000 1.809 0.000 2.848 0.000 1.880 0.000 1.266 
0 test2fip_consistent 0.000 2.337 0.000 0.000 0.000 1.085 0.000 0.000 0.000 0.000 0.000 0.516 0.000 1.714 1.354 1.860 1.836 0.000 3.028 0.000 0.000 0.343 0.000 0.000 0.000 0.143 0.000 3.035 0.000 0.000 0.000 0.000 0.000 2.071 0.000 1.224 2.820 2.362 0.000 0.000 
1 test2fip_inconsistent 0.000 2.337 0.000 0.000 0.000 1.085 0.000 0.000 0.000 0.000 0.000 0.516 0.000 1.714 1.354 1.860 1.836 0.000 3.028 0.000 0.000 1.773 0.000 0.000 0.096 0.000 0.000 1.224 0.000 0.000 0.000 0.000 0.000 2.275 1.956 1.210 4.562 1.112 3.517 0.000 
0 test2fip_consistent 0.000 2.523 1.287 0.000 0.000 0.000 0.000 0.000 0.019 1.751 0.363 0.809 2.461 0.089 0.000 0.000 1.231 2.086 2.067 0.123 1.346 0.000 1.601 0.000 0.000 1.798 0.000 0.000 0.000 0.671 0.000 0.000 0.039 0.000 0.000 3.631 0.000 0.000 0.951 0.886 
1 test2fip_inconsistent 0.000 2.523 1.287 0.000 0.000 0.000 0.000 0.000 0.019 1.751 0.363 0.809 2.461 0.089 0.000 0.000 1.231 2.086 2.067 0.123 0.888 1.595 1.319 0.000 0.091 0.198 0.461 0.000 0.000 2.544 0.781 0.635 3.279 0.000 0.000 2.574 0.556 0.961 0.450 0.838 
0 test2fip_consistent 0.000 3.007 0.000 2.150 0.000 0.000 0.074 0.295 0.165 0.000 0.000 2.257 0.000 0.359 2.226 0.016 2.826 0.000 0.477 0.676 0.026 1.001 0.221 0.000 0.646 0.000 0.000 0.000 0.000 1.963 0.000 0.000 1.978 1.595 0.373 1.998 0.169 0.109 0.161 1.675 
1 test2fip_inconsistent 0.000 3.007 0.000 2.150 0.000 0.000 0.074 0.295 0.165 0.000 0.000 2.257 0.000 0.359 2.226 0.016 2.826 0.000 0.477 0.676 0.000 1.679 0.000 3.645 0.000 0.000 0.000 0.000 0.000 0.880 0.000 0.001 0.000 0.648 2.913 0.981 1.723 0.000 1.804 2.357 
0 test2fip_consistent 1.199 0.700 0.000 0.000 0.038 0.000 1.557 0.000 0.000 0.000 3.021 3.438 0.000 0.000 0.001 0.000 2.313 0.249 0.000 0.465 0.000 0.000 0.000 0.000 2.106 0.000 0.044 2.405 0.000 0.000 2.085 0.000 0.000 3.641 0.000 0.000 0.000 0.000 0.000 1.914 
1 test2fip_inconsistent 1.199 0.700 0.000 0.000 0.038 0.000 1.557 0.000 0.000 0.000 3.021 3.438 0.000 0.000 0.001 0.000 2.313 0.249 0.000 0.465 2.665 0.000 0.000 0.000 1.396 0.000 2.250 0.831 0.000 0.000 3.983 1.977 0.000 2.174 0.000 0.000 2.167 0.000 0.000 1.196 
0 test2fip_consistent 0.000 0.000 0.026 0.000 0.000 3.040 3.123 0.155 2.522 0.000 1.628 0.000 0.000 0.000 0.000 0.000 1.909 0.520 1.678 0.000 0.956 1.515 0.000 0.000 1.072 1.458 0.000 0.000 0.361 2.440 0.007 0.000 0.000 2.604 0.000 0.000 0.000 0.000 0.000 0.000 
1 test2fip_inconsistent 0.000 0.000 0.026 0.000 0.000 3.040 3.123 0.155 2.522 0.000 1.628 0.000 0.000 0.000 0.000 0.000 1.909 0.520 1.678 0.000 0.000 0.570 0.000 0.146 0.000 4.025 3.352 0.000 1.129 1.355 0.840 0.000 0.000 2.146 0.492 0.000 2.074 0.000 0.773 0.000 
0 test2fip_consistent 0.000 0.000 0.788 0.000 0.000 2.653 0.000 1.633 0.350 0.000 1.037 0.000 2.414 0.000 0.000 1.954 0.000 2.924 1.837 0.000 0.000 0.000 2.657 1.081 0.006 2.509 0.000 0.007 3.031 0.000 0.000 0.000 0.000 0.000 0.000 0.000 0.000 0.726 0.000 0.000 
1 test2fip_inconsistent 0.000 0.000 0.788 0.000 0.000 2.653 0.000 1.633 0.350 0.000 1.037 0.000 2.414 0.000 0.000 1.954 0.000 2.924 1.837 0.000 0.739 0.000 1.469 0.000 0.000 3.709 0.000 0.339 1.530 0.000 0.000 0.000 0.588 0.000 0.000 3.775 0.000 2.248 0.000 0.000 
0 test2fip_consistent 0.000 0.000 3.343 0.000 0.000 0.000 0.000 0.000 3.391 0.000 0.417 2.750 0.000 1.148 0.000 0.003 0.000 3.298 0.000 0.056 0.000 0.000 3.209 0.000 1.289 0.000 2.038 0.000 0.000 3.643 0.000 0.000 0.071 0.000 0.000 0.153 0.000 0.045 0.000 1.528 
1 test2fip_inconsistent 0.000 0.000 3.343 0.000 0.000 0.000 0.000 0.000 3.391 0.000 0.417 2.750 0.000 1.148 0.000 0.003 0.000 3.298 0.000 0.056 0.148 0.000 5.823 0.000 0.374 0.000 0.943 0.000 4.759 1.985 0.000 0.000 0.000 0.000 0.000 1.103 0.000 0.079 0.000 1.098 
0 test2fip_consistent 0.000 0.000 0.181 0.000 0.356 0.000 1.043 0.000 0.000 0.881 1.374 1.084 2.809 1.162 0.000 0.000 0.987 3.028 0.000 2.492 0.000 0.000 3.527 0.000 0.098 0.000 0.000 0.000 0.000 1.110 0.000 0.000 0.273 0.000 0.000 2.118 0.692 1.028 0.000 1.695 
1 test2fip_inconsistent 0.000 0.000 0.181 0.000 0.356 0.000 1.043 0.000 0.000 0.881 1.374 1.084 2.809 1.162 0.000 0.000 0.987 3.028 0.000 2.492 0.000 0.000 1.292 0.000 0.000 0.000 1.079 0.000 0.000 0.499 0.000 0.518 3.479 0.000 0.000 1.216 0.000 3.412 0.000 3.934 
0 test2fip_consistent 1.044 0.237 0.000 0.504 1.648 2.863 0.704 0.000 0.000 2.003 1.622 1.415 2.283 2.111 0.000 1.918 0.101 0.000 0.392 0.132 3.289 0.000 0.286 0.000 0.469 1.715 0.016 0.571 0.000 0.000 0.000 0.000 0.106 0.000 0.000 0.000 0.107 0.160 0.000 0.000 
1 test2fip_inconsistent 1.044 0.237 0.000 0.504 1.648 2.863 0.704 0.000 0.000 2.003 1.622 1.415 2.283 2.111 0.000 1.918 0.101 0.000 0.392 0.132 2.763 0.000 0.000 0.000 2.276 1.412 1.036 1.031 0.000 1.186 0.570 1.894 2.005 0.000 0.000 1.600 0.037 0.000 1.407 0.000 
0 test2fip_consistent 0.000 0.000 0.000 0.000 0.000 0.000 0.000 0.006 0.000 2.014 0.000 0.000 2.733 0.269 0.000 3.365 1.078 1.451 0.000 1.835 0.000 2.392 0.000 2.435 0.000 0.000 0.000 2.476 0.000 3.038 0.000 0.000 0.000 0.000 0.000 0.639 0.000 1.062 0.000 0.000 
1 test2fip_inconsistent 0.000 0.000 0.000 0.000 0.000 0.000 0.000 0.006 0.000 2.014 0.000 0.000 2.733 0.269 0.000 3.365 1.078 1.451 0.000 1.835 0.000 0.000 0.000 0.779 0.000 0.000 0.000 2.366 0.000 1.492 0.000 0.000 3.982 1.010 0.000 4.299 0.000 2.638 0.000 0.754 
0 test2fip_consistent 0.000 0.006 2.038 0.098 0.000 0.000 0.000 0.000 0.000 0.000 0.292 0.721 0.000 0.000 1.175 0.000 0.000 4.764 1.228 0.000 0.000 0.013 0.000 0.945 1.326 1.244 0.000 1.792 2.282 0.000 0.000 2.393 0.000 0.000 0.703 0.947 0.000 0.000 0.106 0.140 
1 test2fip_inconsistent 0.000 0.006 2.038 0.098 0.000 0.000 0.000 0.000 0.000 0.000 0.292 0.721 0.000 0.000 1.175 0.000 0.000 4.764 1.228 0.000 0.000 0.012 3.043 2.579 0.973 0.888 0.000 0.815 0.993 0.000 0.812 0.816 0.000 0.713 2.062 0.000 0.000 2.838 1.094 0.177 
0 test2fip_consistent 0.173 0.928 1.990 0.000 3.088 0.000 0.322 0.000 1.377 0.954 0.000 2.572 0.000 0.000 0.033 1.003 0.000 1.153 1.732 0.787 0.580 0.442 0.000 1.777 2.027 0.113 1.998 2.087 0.000 0.000 0.000 0.004 0.000 0.000 0.000 0.000 0.000 0.000 0.000 1.398 
1 test2fip_inconsistent 0.173 0.928 1.990 0.000 3.088 0.000 0.322 0.000 1.377 0.954 0.000 2.572 0.000 0.000 0.033 1.003 0.000 1.153 1.732 0.787 0.221 1.348 1.027 1.267 3.878 0.000 0.072 0.741 0.502 0.000 0.000 3.764 0.000 0.000 0.000 0.461 0.000 0.825 0.700 0.621 
0 test2fip_consistent 0.477 0.000 0.000 0.000 0.112 2.401 0.797 0.000 3.631 0.000 2.528 0.797 0.000 0.000 0.165 1.223 0.000 0.052 0.000 0.943 0.000 0.000 0.000 0.000 0.000 0.000 2.982 0.000 0.000 0.000 1.191 0.000 0.000 0.000 3.527 0.915 0.000 0.045 0.000 2.155 
1 test2fip_inconsistent 0.477 0.000 0.000 0.000 0.112 2.401 0.797 0.000 3.631 0.000 2.528 0.797 0.000 0.000 0.165 1.223 0.000 0.052 0.000 0.943 0.511 0.000 0.000 0.000 0.000 0.000 3.112 0.000 3.130 0.000 1.346 4.049 0.000 1.082 1.643 0.186 0.236 0.008 0.000 2.135 
0 test2fip_consistent 1.578 2.284 1.458 1.070 0.000 1.258 0.000 0.000 1.488 0.030 0.722 0.209 1.217 0.000 0.000 0.926 0.000 0.636 0.045 3.963 0.608 0.831 0.000 0.662 0.000 1.006 0.623 0.000 2.631 0.364 0.934 1.040 2.323 1.607 0.166 0.870 0.736 0.000 0.116 0.000 
1 test2fip_inconsistent 1.578 2.284 1.458 1.070 0.000 1.258 0.000 0.000 1.488 0.030 0.722 0.209 1.217 0.000 0.000 0.926 0.000 0.636 0.045 3.963 1.967 1.610 0.000 2.539 0.974 2.838 0.000 0.000 2.798 0.941 1.011 0.564 0.383 1.063 0.390 0.722 0.000 0.000 0.000 2.341 
0 test2fip_consistent 0.000 0.000 0.000 0.000 2.490 0.000 0.000 2.615 0.000 0.000 0.000 2.950 0.060 0.000 1.543 3.674 0.000 0.000 0.443 0.000 0.000 1.473 2.109 0.000 0.516 1.010 0.230 0.780 0.000 3.915 1.271 0.000 0.000 0.000 0.000 0.159 0.168 0.000 1.019 0.000 
1 test2fip_inconsistent 0.000 0.000 0.000 0.000 2.490 0.000 0.000 2.615 0.000 0.000 0.000 2.950 0.060 0.000 1.543 3.674 0.000 0.000 0.443 0.000 0.000 0.787 1.368 0.000 3.412 0.308 0.249 2.836 0.000 1.383 0.000 0.000 0.000 0.017 0.000 3.785 0.000 1.021 1.282 0.000 
0 test2fip_consistent 0.000 0.805 0.810 0.380 2.181 0.000 0.000 0.000 4.663 0.000 0.000 0.000 0.000 3.656 0.000 1.252 0.000 1.057 0.000 0.000 0.000 0.000 0.000 0.492 1.333 3.835 0.000 0.684 0.000 0.000 0.000 0.000 0.000 1.502 0.000 2.088 2.379 0.000 0.000 0.000 
1 test2fip_inconsistent 0.000 0.805 0.810 0.380 2.181 0.000 0.000 0.000 4.663 0.000 0.000 0.000 0.000 3.656 0.000 1.252 0.000 1.057 0.000 0.000 0.000 0.000 0.000 0.174 1.140 2.634 0.000 0.497 3.113 0.000 0.000 0.000 0.000 5.618 0.000 1.895 1.728 0.987 0.000 0.000 
0 test2fip_consistent 0.000 0.848 1.348 3.755 1.518 0.179 0.000 0.000 0.000 0.000 0.000 0.000 0.000 1.632 0.926 0.705 0.000 3.716 0.189 0.000 0.000 0.000 0.000 0.407 2.230 0.000 0.000 0.000 1.213 3.479 0.000 0.000 0.000 0.000 0.089 0.680 0.571 0.000 1.652 0.919 
1 test2fip_inconsistent 0.000 0.848 1.348 3.755 1.518 0.179 0.000 0.000 0.000 0.000 0.000 0.000 0.000 1.632 0.926 0.705 0.000 3.716 0.189 0.000 0.000 0.000 1.198 5.331 2.166 0.000 0.000 0.000 0.437 2.406 0.000 0.000 0.000 0.000 0.674 0.000 0.006 1.702 1.448 0.444 
0 test2fip_consistent 0.000 0.268 0.000 1.249 0.714 0.000 0.000 0.174 0.000 0.000 0.191 0.000 0.000 1.836 2.897 2.474 1.948 2.680 0.300 0.000 3.360 2.494 0.000 0.000 0.000 0.401 0.000 0.000 0.000 0.000 0.857 1.869 0.000 1.483 1.065 1.008 0.000 0.000 1.667 0.000 
1 test2fip_inconsistent 0.000 0.268 0.000 1.249 0.714 0.000 0.000 0.174 0.000 0.000 0.191 0.000 0.000 1.836 2.897 2.474 1.948 2.680 0.300 0.000 2.552 2.448 0.000 1.443 0.000 0.000 0.000 0.000 0.000 0.000 0.547 1.380 0.000 1.972 1.134 4.971 2.107 1.337 1.368 0.000 
0 test2fip_consistent 0.440 1.625 1.144 0.519 0.735 0.018 0.612 0.000 0.371 3.446 1.784 1.184 0.000 0.060 0.299 0.000 0.193 2.258 1.010 2.194 0.000 1.083 0.052 0.000 0.000 2.462 2.052 0.000 1.500 0.944 0.000 0.000 0.488 0.000 0.150 0.000 0.817 0.000 0.000 0.000 
1 test2fip_inconsistent 0.440 1.625 1.144 0.519 0.735 0.018 0.612 0.000 0.371 3.446 1.784 1.184 0.000 0.060 0.299 0.000 0.193 2.258 1.010 2.194 0.000 2.077 0.630 0.228 0.000 1.791 1.520 0.000 0.667 4.894 1.673 0.182 0.642 0.000 0.000 0.000 0.000 0.000 0.413 1.473 
0 test2fip_consistent 0.000 0.000 0.270 0.000 0.075 0.000 1.727 0.070 0.000 0.000 0.000 2.282 1.154 0.000 1.328 0.000 0.008 3.021 0.000 3.303 0.372 1.090 0.000 0.079 1.673 0.082 0.000 3.949 0.000 0.000 0.000 1.767 0.000 0.000 0.000 0.000 1.683 0.000 0.000 1.399 
1 test2fip_inconsistent 0.000 0.000 0.270 0.000 0.075 0.000 1.727 0.070 0.000 0.000 0.000 2.282 1.154 0.000 1.328 0.000 0.008 3.021 0.000 3.303 0.868 0.000 0.117 0.695 2.224 0.000 0.244 3.534 0.000 0.000 0.000 2.765 0.000 0.000 1.448 0.000 0.916 2.641 0.000 4.313 
0 test2fip_consistent 0.550 1.065 0.000 0.000 0.210 0.922 0.000 0.000 2.604 2.400 0.852 0.000 0.964 0.738 2.654 0.913 0.833 1.884 0.000 1.509 0.000 1.281 0.000 2.985 1.770 2.665 0.000 0.000 0.605 0.000 0.000 0.000 1.350 0.000 0.000 0.000 0.000 0.906 0.000 0.750 
1 test2fip_inconsistent 0.550 1.065 0.000 0.000 0.210 0.922 0.000 0.000 2.604 2.400 0.852 0.000 0.964 0.738 2.654 0.913 0.833 1.884 0.000 1.509 0.000 0.375 0.000 1.411 1.345 1.387 0.000 0.000 1.810 1.678 0.033 0.000 2.029 0.000 1.678 0.125 0.896 3.347 0.000 2.627 
0 test2fip_consistent 0.000 1.428 0.000 0.000 3.121 0.000 0.117 3.447 0.000 0.952 0.000 0.000 1.838 0.000 0.000 0.458 0.000 1.251 0.000 2.468 1.972 0.000 0.000 0.000 0.000 0.000 0.000 2.152 0.055 0.584 2.277 1.250 1.039 0.000 0.000 0.000 0.000 0.000 0.000 0.000 
1 test2fip_inconsistent 0.000 1.428 0.000 0.000 3.121 0.000 0.117 3.447 0.000 0.952 0.000 0.000 1.838 0.000 0.000 0.458 0.000 1.251 0.000 2.468 0.287 1.719 0.000 0.000 3.534 0.000 0.000 4.188 0.000 2.743 1.549 0.199 0.428 0.000 0.000 0.000 0.036 0.039 0.000 0.891 
0 test2fip_consistent 0.852 0.000 0.000 2.587 1.317 4.389 1.077 0.081 0.000 0.018 0.000 0.000 0.000 0.349 0.000 0.423 1.930 0.000 0.000 1.228 0.000 0.000 0.000 0.000 2.024 0.541 0.000 3.994 0.659 0.000 0.000 0.000 0.000 1.664 0.000 0.000 0.000 0.000 0.000 0.000 
1 test2fip_inconsistent 0.852 0.000 0.000 2.587 1.317 4.389 1.077 0.081 0.000 0.018 0.000 0.000 0.000 0.349 0.000 0.423 1.930 0.000 0.000 1.228 0.000 0.000 0.000 2.470 0.166 3.490 2.061 3.455 0.972 0.000 0.000 0.000 0.000 1.283 0.000 0.437 1.453 0.000 0.000 1.178 
0 test2fip_consistent 0.209 1.535 0.000 0.547 2.986 0.116 0.000 0.658 1.329 3.573 0.574 0.000 0.000 0.000 0.238 0.000 0.000 1.038 1.874 0.000 3.178 0.243 0.000 0.000 0.164 0.024 0.000 0.350 1.239 0.465 1.592 0.000 0.000 1.046 1.223 1.979 0.221 0.000 0.248 0.514 
1 test2fip_inconsistent 0.209 1.535 0.000 0.547 2.986 0.116 0.000 0.658 1.329 3.573 0.574 0.000 0.000 0.000 0.238 0.000 0.000 1.038 1.874 0.000 2.362 3.027 0.000 0.000 2.313 0.198 0.000 1.751 0.974 3.445 1.686 0.000 0.000 0.517 0.763 0.501 0.000 0.000 2.231 0.000 
0 test2fip_consistent 0.000 0.244 0.784 2.039 0.000 0.000 0.000 0.000 4.450 3.095 0.000 0.000 0.000 1.072 0.000 0.339 0.000 0.000 0.063 0.000 0.000 0.000 0.000 1.183 4.556 0.036 0.000 0.000 0.482 0.000 1.013 0.000 0.000 0.000 0.000 0.000 0.000 0.000 0.000 0.000 
1 test2fip_inconsistent 0.000 0.244 0.784 2.039 0.000 0.000 0.000 0.000 4.450 3.095 0.000 0.000 0.000 1.072 0.000 0.339 0.000 0.000 0.063 0.000 0.000 0.751 2.336 0.000 2.748 0.000 0.000 0.000 3.765 2.597 2.399 0.000 0.000 0.000 0.000 0.000 0.000 0.000 0.000 0.000 
0 test2fip_consistent 1.486 1.771 3.006 0.000 0.000 1.650 0.000 0.000 0.023 0.477 0.995 0.000 0.753 1.133 0.334 1.322 0.000 0.581 3.455 0.082 0.000 0.000 0.799 0.000 0.296 0.000 0.000 1.004 0.000 1.328 0.000 2.058 0.000 0.000 0.000 0.000 0.232 0.000 0.085 2.346 
1 test2fip_inconsistent 1.486 1.771 3.006 0.000 0.000 1.650 0.000 0.000 0.023 0.477 0.995 0.000 0.753 1.133 0.334 1.322 0.000 0.581 3.455 0.082 0.010 0.000 2.869 0.000 0.011 1.198 0.000 0.720 0.000 0.000 0.125 1.503 0.000 0.197 0.000 0.907 0.061 0.000 4.099 0.974 
0 test2fip_consistent 1.856 0.000 0.993 0.000 0.639 2.529 0.038 2.158 1.874 0.000 4.485 0.000 0.000 0.000 0.000 0.000 0.000 0.000 2.066 0.000 0.868 0.047 0.000 0.372 0.000 0.000 2.844 0.000 0.109 0.000 0.292 2.573 0.000 0.000 0.000 0.000 0.755 0.000 1.965 0.000 
1 test2fip_inconsistent 1.856 0.000 0.993 0.000 0.639 2.529 0.038 2.158 1.874 0.000 4.485 0.000 0.000 0.000 0.000 0.000 0.000 0.000 2.066 0.000 1.276 0.000 1.425 0.000 0.000 0.194 1.241 2.361 1.627 0.000 4.257 0.292 0.000 0.000 0.000 0.000 1.266 0.000 4.073 0.000 
0 test2fip_consistent 1.663 0.000 2.464 0.000 3.653 0.000 0.000 0.492 3.200 1.185 0.191 0.000 0.000 0.000 0.259 0.000 0.000 0.520 1.345 0.000 0.000 0.000 0.789 0.000 0.275 0.000 0.000 2.249 0.127 0.491 2.030 0.000 0.000 0.391 2.400 2.918 0.000 0.000 0.000 0.788 
1 test2fip_inconsistent 1.663 0.000 2.464 0.000 3.653 0.000 0.000 0.492 3.200 1.185 0.191 0.000 0.000 0.000 0.259 0.000 0.000 0.520 1.345 0.000 0.109 0.000 4.122 0.096 0.988 0.000 0.000 0.742 2.544 2.374 0.638 0.000 0.000 0.829 2.733 2.047 0.000 1.086 0.096 1.453 
0 test2fip_consistent 0.000 0.000 2.249 0.000 0.704 0.000 0.790 0.000 1.480 0.000 0.000 2.227 1.157 0.945 0.000 1.468 0.964 2.819 2.506 0.000 0.000 0.000 0.120 0.000 2.208 0.000 0.000 0.000 0.000 0.000 2.172 0.000 1.222 0.268 0.880 0.000 0.000 3.230 0.000 0.000 
1 test2fip_inconsistent 0.000 0.000 2.249 0.000 0.704 0.000 0.790 0.000 1.480 0.000 0.000 2.227 1.157 0.945 0.000 1.468 0.964 2.819 2.506 0.000 0.000 0.000 3.076 0.000 0.340 0.000 0.000 0.003 0.000 0.000 0.192 1.375 0.960 1.248 0.000 2.012 0.000 4.045 1.342 0.000 
0 test2fip_consistent 0.000 1.237 0.000 1.133 0.058 0.599 1.386 0.853 0.000 0.000 0.000 4.170 0.000 1.414 0.000 0.065 2.384 0.000 0.000 0.000 2.406 1.620 0.000 0.000 0.000 2.259 0.000 0.000 1.594 0.000 1.577 0.022 0.000 0.000 0.000 0.000 0.000 0.000 0.000 0.000 
1 test2fip_inconsistent 0.000 1.237 0.000 1.133 0.058 0.599 1.386 0.853 0.000 0.000 0.000 4.170 0.000 1.414 0.000 0.065 2.384 0.000 0.000 0.000 2.007 2.939 0.000 0.000 0.483 0.889 0.546 0.000 0.979 0.000 0.937 4.934 0.000 0.000 0.000 0.000 1.823 0.000 0.000 0.000 
0 test2fip_consistent 2.525 0.000 1.179 0.000 0.000 0.000 0.000 0.000 1.653 0.537 0.000 0.000 0.979 2.198 1.197 1.009 0.922 2.485 0.000 1.198 0.000 1.519 0.563 0.927 0.000 0.000 0.000 0.441 1.503 0.000 0.000 2.569 0.310 0.000 0.000 0.000 0.450 0.000 0.000 1.644 
1 test2fip_inconsistent 2.525 0.000 1.179 0.000 0.000 0.000 0.000 0.000 1.653 0.537 0.000 0.000 0.979 2.198 1.197 1.009 0.922 2.485 0.000 1.198 2.975 1.480 0.752 0.757 0.000 0.000 0.000 0.000 1.996 0.298 0.000 1.749 1.242 0.457 0.000 0.000 0.350 3.731 0.000 1.745 
0 test2fip_consistent 0.000 1.104 0.717 2.639 1.644 0.916 1.216 0.000 0.290 0.013 0.000 1.740 0.521 3.825 0.597 0.123 0.000 0.700 0.000 0.004 0.000 0.128 0.000 0.000 0.571 1.426 0.930 0.000 1.458 2.581 1.768 0.473 0.000 0.000 0.828 0.000 0.000 1.333 0.000 2.666 
1 test2fip_inconsistent 0.000 1.104 0.717 2.639 1.644 0.916 1.216 0.000 0.290 0.013 0.000 1.740 0.521 3.825 0.597 0.123 0.000 0.700 0.000 0.004 0.000 0.351 0.340 1.627 0.307 2.673 1.056 0.000 0.747 2.040 1.168 1.650 0.000 2.797 0.330 1.149 0.000 0.162 0.000 1.863 
0 test2fip_consistent 1.096 0.000 0.000 0.406 3.203 1.601 0.201 0.000 0.592 0.000 1.705 1.094 1.114 0.000 1.390 0.000 2.500 0.000 0.917 1.326 0.000 0.000 0.000 2.585 0.112 0.000 1.324 0.000 3.435 0.000 1.171 1.075 0.000 0.000 0.000 0.000 0.856 0.000 0.000 0.000 
1 test2fip_inconsistent 1.096 0.000 0.000 0.406 3.203 1.601 0.201 0.000 0.592 0.000 1.705 1.094 1.114 0.000 1.390 0.000 2.500 0.000 0.917 1.326 0.000 0.000 0.000 1.680 2.919 1.982 0.599 0.000 2.411 0.000 2.975 0.670 0.378 0.000 0.079 0.000 2.870 0.000 1.635 0.573 
0 test2fip_consistent 0.000 0.000 0.091 5.113 0.000 1.813 0.000 0.400 0.031 0.000 0.000 0.000 0.000 0.000 0.000 0.000 0.000 0.742 0.000 0.873 0.000 0.000 0.000 1.049 0.000 0.000 0.000 0.369 1.278 3.348 0.000 0.000 0.000 2.376 0.000 0.807 0.000 0.000 1.369 0.000 
1 test2fip_inconsistent 0.000 0.000 0.091 5.113 0.000 1.813 0.000 0.400 0.031 0.000 0.000 0.000 0.000 0.000 0.000 0.000 0.000 0.742 0.000 0.873 0.000 0.000 0.000 6.918 0.000 0.169 0.000 0.000 1.131 1.664 0.000 0.012 0.000 0.441 0.000 0.388 0.000 0.000 0.862 0.528 
0 test2fip_consistent 0.000 0.000 0.890 1.236 1.955 0.000 3.099 3.371 0.000 0.000 0.000 1.520 0.607 0.819 0.870 2.198 0.000 0.409 0.000 0.000 0.000 0.201 2.350 0.000 0.000 0.000 0.927 0.000 0.000 0.000 0.000 0.000 1.366 1.659 1.860 0.569 0.485 0.792 0.000 0.000 
1 test2fip_inconsistent 0.000 0.000 0.890 1.236 1.955 0.000 3.099 3.371 0.000 0.000 0.000 1.520 0.607 0.819 0.870 2.198 0.000 0.409 0.000 0.000 0.000 0.165 0.549 0.912 2.181 0.000 3.497 2.030 0.000 0.000 0.000 0.000 1.195 0.000 1.837 2.680 0.000 0.105 0.000 0.000 
0 test2fip_consistent 0.000 1.996 0.304 0.000 0.000 1.236 0.000 0.000 2.998 0.000 0.000 0.000 0.532 0.100 0.000 0.513 0.000 1.295 0.034 4.019 0.000 0.000 0.000 0.892 0.000 0.000 0.000 0.000 0.000 0.000 0.140 0.000 1.580 3.675 0.000 0.000 0.000 1.817 1.299 0.000 
1 test2fip_inconsistent 0.000 1.996 0.304 0.000 0.000 1.236 0.000 0.000 2.998 0.000 0.000 0.000 0.532 0.100 0.000 0.513 0.000 1.295 0.034 4.019 0.000 0.357 0.000 0.485 0.000 1.797 0.000 0.000 1.079 0.000 0.000 0.000 3.394 1.614 0.000 0.601 0.000 2.686 1.360 3.159 
0 test2fip_consistent 0.720 0.000 0.000 0.074 0.988 0.000 0.000 3.631 0.000 0.972 0.000 0.000 1.295 0.000 3.173 0.000 0.776 0.000 0.000 0.185 0.000 0.536 1.277 0.000 1.718 0.000 0.000 1.319 0.000 0.027 1.521 1.808 0.000 2.089 0.000 0.000 0.000 0.016 1.266 2.153 
1 test2fip_inconsistent 0.720 0.000 0.000 0.074 0.988 0.000 0.000 3.631 0.000 0.972 0.000 0.000 1.295 0.000 3.173 0.000 0.776 0.000 0.000 0.185 0.000 0.000 0.885 0.000 1.510 0.000 0.000 4.587 0.174 0.000 0.109 0.304 0.996 1.304 2.327 0.000 0.687 0.000 1.072 2.014 
0 test2fip_consistent 0.000 0.000 0.002 0.000 0.000 0.000 0.000 0.000 0.000 0.000 0.083 0.000 0.000 0.000 3.639 5.084 0.000 0.000 0.000 0.298 0.000 1.146 0.000 0.000 0.001 0.093 0.000 1.094 0.000 0.000 0.000 0.000 0.000 0.000 0.000 1.485 0.000 0.000 0.000 5.355 
1 test2fip_inconsistent 0.000 0.000 0.002 0.000 0.000 0.000 0.000 0.000 0.000 0.000 0.083 0.000 0.000 0.000 3.639 5.084 0.000 0.000 0.000 0.298 0.000 0.000 0.000 0.000 0.000 0.000 0.000 0.132 0.000 0.000 0.000 0.000 0.000 0.000 0.000 6.795 0.000 0.000 0.000 3.663 
0 test2fip_consistent 0.000 0.406 4.345 0.000 0.397 0.708 1.398 0.000 0.112 1.179 0.000 0.000 1.926 0.664 0.927 0.086 1.539 0.000 0.000 0.000 0.000 2.533 0.000 0.000 1.407 0.000 0.000 0.400 2.746 0.156 0.000 0.000 1.224 0.581 0.222 0.000 0.858 1.306 0.000 0.996 
1 test2fip_inconsistent 0.000 0.406 4.345 0.000 0.397 0.708 1.398 0.000 0.112 1.179 0.000 0.000 1.926 0.664 0.927 0.086 1.539 0.000 0.000 0.000 0.000 1.747 3.357 0.275 1.276 0.000 1.702 0.404 2.569 1.153 0.000 0.000 0.000 0.171 0.867 0.000 1.342 0.023 0.000 0.000 
0 test2fip_consistent 0.313 0.000 0.000 0.000 0.000 2.445 1.705 0.000 2.359 2.438 0.000 0.000 0.000 0.990 0.000 2.616 0.354 0.000 2.959 0.000 0.000 0.000 0.000 0.014 0.000 1.006 1.103 0.000 0.000 1.322 3.487 0.276 0.000 1.565 1.139 0.000 0.241 0.000 0.000 0.509 
1 test2fip_inconsistent 0.313 0.000 0.000 0.000 0.000 2.445 1.705 0.000 2.359 2.438 0.000 0.000 0.000 0.990 0.000 2.616 0.354 0.000 2.959 0.000 0.000 0.000 0.000 0.000 0.000 1.409 1.026 0.000 1.511 2.914 2.131 0.000 0.000 2.602 0.674 1.945 0.000 0.000 2.827 0.267 
0 test2fip_consistent 0.000 1.451 1.060 1.355 0.000 2.692 0.153 0.000 2.396 0.223 0.161 0.706 2.132 0.000 0.000 0.484 0.891 0.041 1.796 0.072 1.083 1.470 1.117 0.000 0.000 0.000 1.407 0.000 0.000 2.329 0.000 0.000 0.293 0.000 0.000 0.000 1.384 0.860 1.907 0.000 
1 test2fip_inconsistent 0.000 1.451 1.060 1.355 0.000 2.692 0.153 0.000 2.396 0.223 0.161 0.706 2.132 0.000 0.000 0.484 0.891 0.041 1.796 0.072 0.141 2.384 0.292 0.564 0.000 3.091 2.677 0.000 2.707 1.639 0.000 0.000 2.325 0.000 0.000 0.420 2.348 0.068 0.252 0.000 
0 test2fip_consistent 0.000 0.413 0.711 0.252 0.000 1.276 0.000 4.084 0.000 0.000 0.000 0.000 1.781 0.867 1.132 0.833 0.225 1.689 0.180 0.719 0.000 0.000 0.796 2.072 0.000 0.000 0.000 0.000 1.523 0.000 1.116 0.000 0.000 0.000 2.487 0.002 2.040 0.035 0.880 1.482 
1 test2fip_inconsistent 0.000 0.413 0.711 0.252 0.000 1.276 0.000 4.084 0.000 0.000 0.000 0.000 1.781 0.867 1.132 0.833 0.225 1.689 0.180 0.719 0.000 0.000 1.308 0.279 0.000 0.801 0.000 4.195 3.062 0.000 0.744 0.000 0.200 0.120 1.831 1.521 1.513 1.412 0.515 2.384 
0 test2fip_consistent 1.122 0.000 0.609 2.308 0.279 0.000 2.033 0.000 0.000 0.000 0.002 0.000 1.177 0.084 3.359 0.000 0.762 1.917 0.551 1.936 2.512 1.105 1.726 0.000 1.098 0.000 0.000 0.547 0.000 0.952 0.000 0.000 0.000 0.000 0.000 0.054 1.356 0.000 2.169 0.000 
1 test2fip_inconsistent 1.122 0.000 0.609 2.308 0.279 0.000 2.033 0.000 0.000 0.000 0.002 0.000 1.177 0.084 3.359 0.000 0.762 1.917 0.551 1.936 1.638 0.064 2.271 1.554 0.817 0.000 1.652 0.000 0.000 0.000 0.000 0.000 0.261 0.000 1.233 0.000 1.440 0.104 1.769 2.369 
0 test2fip_consistent 4.076 0.000 2.024 0.000 0.043 0.000 1.292 0.006 0.925 1.351 0.000 2.559 0.000 0.000 0.239 0.168 0.000 0.000 2.131 0.000 0.856 0.000 0.000 0.000 0.678 1.991 0.000 3.122 0.569 0.781 0.000 0.000 0.000 1.222 0.000 1.758 0.000 0.000 0.069 0.711 
1 test2fip_inconsistent 4.076 0.000 2.024 0.000 0.043 0.000 1.292 0.006 0.925 1.351 0.000 2.559 0.000 0.000 0.239 0.168 0.000 0.000 2.131 0.000 4.573 0.000 1.897 0.000 0.437 2.585 0.009 0.414 1.181 0.000 0.000 2.065 0.000 0.835 0.000 0.630 0.000 0.000 1.160 0.299 
0 test2fip_consistent 1.128 0.004 3.010 2.727 0.000 0.000 0.000 2.703 0.000 0.000 0.251 0.000 0.000 0.000 0.000 0.011 0.000 2.071 0.000 0.000 1.539 0.000 0.118 0.000 0.000 0.000 0.000 0.000 2.018 0.039 0.000 2.233 0.000 0.000 0.000 0.610 0.000 2.366 0.852 1.792 
1 test2fip_inconsistent 1.128 0.004 3.010 2.727 0.000 0.000 0.000 2.703 0.000 0.000 0.251 0.000 0.000 0.000 0.000 0.011 0.000 2.071 0.000 0.000 3.282 0.000 3.129 2.426 0.000 0.000 0.000 1.573 0.675 0.616 0.000 0.176 0.000 0.000 0.000 0.000 0.000 3.209 0.016 0.471 
0 test2fip_consistent 0.000 0.803 0.000 2.282 0.000 0.000 0.000 0.000 0.060 2.443 0.165 1.793 0.075 0.000 0.896 0.000 0.268 3.157 2.383 0.000 0.390 0.000 0.000 0.000 0.000 0.485 0.035 0.632 1.497 0.928 0.906 0.000 0.720 0.318 1.906 2.672 0.604 0.000 0.567 0.000 
1 test2fip_inconsistent 0.000 0.803 0.000 2.282 0.000 0.000 0.000 0.000 0.060 2.443 0.165 1.793 0.075 0.000 0.896 0.000 0.268 3.157 2.383 0.000 0.203 0.293 0.014 0.101 0.000 0.000 0.000 0.000 1.366 4.004 0.015 2.335 0.000 0.094 2.425 0.795 1.374 3.305 2.084 0.000 
0 test2fip_consistent 0.000 0.318 0.000 3.597 0.000 0.363 0.000 1.106 0.282 0.000 0.000 0.000 0.000 0.000 0.002 0.000 0.000 5.295 0.467 0.000 0.041 0.000 0.000 0.840 0.243 1.895 0.716 0.000 0.000 0.000 0.000 0.000 0.000 0.000 0.000 0.000 0.000 0.177 2.328 4.798 
1 test2fip_inconsistent 0.000 0.318 0.000 3.597 0.000 0.363 0.000 1.106 0.282 0.000 0.000 0.000 0.000 0.000 0.002 0.000 0.000 5.295 0.467 0.000 0.000 0.000 0.000 3.596 0.170 2.074 1.581 0.000 0.000 0.000 0.000 0.000 0.000 0.000 0.000 0.000 0.000 5.055 2.572 2.494 
0 test2fip_consistent 0.265 0.444 1.339 0.000 2.036 0.000 1.236 0.335 0.000 0.000 3.957 0.595 0.000 0.000 0.000 1.988 1.583 1.291 0.000 0.000 0.000 2.332 0.230 0.021 0.079 0.000 0.000 0.000 0.314 0.000 2.600 0.039 0.000 0.000 0.000 0.144 1.582 0.002 0.000 3.104 
1 test2fip_inconsistent 0.265 0.444 1.339 0.000 2.036 0.000 1.236 0.335 0.000 0.000 3.957 0.595 0.000 0.000 0.000 1.988 1.583 1.291 0.000 0.000 0.000 0.819 0.251 2.619 2.269 0.000 0.390 0.000 0.000 0.000 5.317 0.320 0.000 0.000 0.000 2.351 1.220 0.707 0.000 2.475 
0 test2fip_consistent 0.000 0.981 0.129 0.000 1.029 0.000 0.745 0.000 0.000 0.000 0.614 0.560 1.806 0.000 3.343 2.416 0.163 1.682 2.040 0.002 1.413 1.114 0.000 1.255 0.000 0.000 0.749 0.000 2.634 0.000 0.762 0.000 2.151 0.757 0.266 0.000 0.018 0.000 0.000 0.000 
1 test2fip_inconsistent 0.000 0.981 0.129 0.000 1.029 0.000 0.745 0.000 0.000 0.000 0.614 0.560 1.806 0.000 3.343 2.416 0.163 1.682 2.040 0.002 0.209 0.232 0.000 0.117 0.350 0.000 2.525 0.000 1.599 0.000 0.000 2.119 2.481 0.000 1.867 3.882 0.000 0.241 1.270 0.000 
0 test2fip_consistent 0.000 0.000 0.865 1.877 0.714 0.000 0.000 2.381 0.765 4.032 0.358 0.000 1.232 1.514 0.301 0.004 1.605 0.000 0.311 0.000 0.000 0.000 0.007 0.000 0.220 1.585 0.000 0.626 0.845 0.143 0.000 2.018 0.000 0.502 2.685 0.540 0.124 0.410 0.000 0.191 
1 test2fip_inconsistent 0.000 0.000 0.865 1.877 0.714 0.000 0.000 2.381 0.765 4.032 0.358 0.000 1.232 1.514 0.301 0.004 1.605 0.000 0.311 0.000 0.000 0.000 0.068 0.267 0.182 0.079 0.000 3.648 1.092 4.385 0.000 0.383 0.000 1.149 2.105 0.112 1.589 0.201 0.000 0.000 
0 test2fip_consistent 0.000 0.202 2.783 0.000 0.918 0.000 0.000 0.000 3.955 0.000 0.000 0.000 4.184 0.000 0.197 0.000 0.000 0.000 0.000 0.000 0.000 0.000 0.177 0.000 0.000 3.608 0.000 0.000 0.000 0.000 0.000 0.000 1.375 0.000 0.000 3.116 0.000 0.000 0.000 0.000 
1 test2fip_inconsistent 0.000 0.202 2.783 0.000 0.918 0.000 0.000 0.000 3.955 0.000 0.000 0.000 4.184 0.000 0.197 0.000 0.000 0.000 0.000 0.000 0.000 0.000 1.846 0.000 0.000 2.274 0.000 0.000 4.370 0.000 0.000 0.000 2.994 0.000 0.000 0.944 0.000 0.000 0.247 0.000 
0 test2fip_consistent 0.000 1.695 0.000 1.767 1.017 0.428 2.066 0.000 0.000 0.123 0.000 0.000 0.000 3.287 3.910 0.916 1.135 0.000 0.000 0.432 0.037 0.000 0.338 0.000 0.000 3.111 0.000 0.000 0.000 0.000 0.000 0.000 0.000 1.925 0.000 1.547 1.109 0.000 0.000 0.000 
1 test2fip_inconsistent 0.000 1.695 0.000 1.767 1.017 0.428 2.066 0.000 0.000 0.123 0.000 0.000 0.000 3.287 3.910 0.916 1.135 0.000 0.000 0.432 0.000 1.796 0.214 1.810 0.000 1.595 0.939 0.123 0.000 0.000 0.000 0.000 0.000 2.455 2.530 0.000 2.776 0.000 0.000 0.882 
0 test2fip_consistent 1.791 1.441 0.000 1.104 0.042 0.000 0.953 0.117 0.473 1.785 0.000 1.205 0.155 0.000 0.000 0.000 1.434 1.635 2.888 1.432 0.717 0.000 0.000 0.000 0.000 1.949 2.256 1.452 0.000 0.024 0.000 0.457 2.754 0.311 0.000 0.000 0.719 0.000 0.000 0.000 
1 test2fip_inconsistent 1.791 1.441 0.000 1.104 0.042 0.000 0.953 0.117 0.473 1.785 0.000 1.205 0.155 0.000 0.000 0.000 1.434 1.635 2.888 1.432 0.219 1.423 0.000 2.318 0.000 0.466 3.359 0.621 0.000 1.517 0.487 1.424 0.541 0.000 0.000 0.000 0.000 0.819 1.950 1.407 
0 test2fip_consistent 0.480 0.000 0.000 0.000 3.173 0.000 1.749 0.512 0.000 3.163 0.018 0.429 1.243 0.000 0.107 1.964 1.026 0.000 1.189 0.000 0.000 0.000 0.539 0.000 0.000 0.045 0.000 0.606 0.000 0.000 0.000 0.000 0.779 0.595 0.000 0.000 0.329 0.000 3.549 2.600 
1 test2fip_inconsistent 0.480 0.000 0.000 0.000 3.173 0.000 1.749 0.512 0.000 3.163 0.018 0.429 1.243 0.000 0.107 1.964 1.026 0.000 1.189 0.000 0.000 0.000 0.533 0.000 2.677 0.000 2.293 0.216 0.000 1.439 0.000 0.000 0.363 0.000 0.000 1.706 0.872 0.000 4.146 1.156 
0 test2fip_consistent 0.763 0.000 1.706 0.000 1.580 0.000 1.482 1.549 0.000 2.643 0.072 1.639 0.896 0.852 0.000 2.534 0.000 2.653 0.000 0.000 2.130 0.000 0.000 0.000 3.664 0.000 0.000 0.473 0.000 0.000 0.000 0.000 0.000 0.685 2.383 0.000 0.000 0.256 0.000 0.000 
1 test2fip_inconsistent 0.763 0.000 1.706 0.000 1.580 0.000 1.482 1.549 0.000 2.643 0.072 1.639 0.896 0.852 0.000 2.534 0.000 2.653 0.000 0.000 1.201 0.000 1.154 0.000 2.834 0.000 0.000 0.318 0.000 0.843 0.000 2.200 0.000 0.000 0.724 2.040 0.000 2.536 0.000 0.000 
0 test2fip_consistent 0.000 0.000 0.000 2.782 0.000 0.000 2.335 0.000 0.000 4.838 0.757 0.000 0.000 0.000 0.000 0.000 0.000 0.000 0.180 0.193 0.000 0.153 0.000 0.000 0.000 2.326 0.624 0.000 0.550 1.430 2.787 0.582 0.000 0.000 0.412 1.563 0.000 0.318 0.097 2.098 
1 test2fip_inconsistent 0.000 0.000 0.000 2.782 0.000 0.000 2.335 0.000 0.000 4.838 0.757 0.000 0.000 0.000 0.000 0.000 0.000 0.000 0.180 0.193 0.000 0.476 0.000 2.690 0.000 0.314 1.658 0.835 0.000 5.709 1.812 0.000 0.000 0.042 0.237 0.789 0.000 0.000 1.337 2.630 
0 test2fip_consistent 0.000 0.000 0.000 1.227 0.000 0.000 1.438 0.000 2.443 0.369 5.392 0.000 0.000 0.000 0.000 0.000 0.000 0.388 0.112 0.000 0.000 0.459 0.000 0.077 0.000 0.000 0.000 0.000 1.484 0.000 1.238 0.000 4.119 0.000 2.139 0.000 0.745 0.000 0.000 0.000 
1 test2fip_inconsistent 0.000 0.000 0.000 1.227 0.000 0.000 1.438 0.000 2.443 0.369 5.392 0.000 0.000 0.000 0.000 0.000 0.000 0.388 0.112 0.000 0.185 0.000 0.000 2.637 0.000 0.000 2.861 0.000 1.166 0.000 4.241 0.000 3.002 0.000 0.843 0.000 0.000 0.000 0.000 0.000 
0 test2fip_consistent 1.895 0.535 0.000 1.466 0.201 0.000 3.963 0.000 0.000 0.779 0.491 0.000 2.138 0.462 0.000 1.746 0.000 0.000 1.578 0.021 1.540 0.000 0.000 0.000 0.000 0.000 0.213 0.000 0.000 0.000 0.000 2.654 1.652 0.000 3.796 0.000 0.781 0.000 0.000 1.547 
1 test2fip_inconsistent 1.895 0.535 0.000 1.466 0.201 0.000 3.963 0.000 0.000 0.779 0.491 0.000 2.138 0.462 0.000 1.746 0.000 0.000 1.578 0.021 3.587 0.000 0.000 0.613 1.277 0.000 3.567 0.000 0.000 0.026 0.000 1.136 1.781 0.348 3.198 0.619 0.907 0.000 1.574 0.000 
0 test2fip_consistent 0.000 0.000 1.813 0.242 0.000 0.000 1.783 3.627 0.000 0.000 0.000 0.000 0.067 0.000 0.000 1.365 0.026 1.826 2.715 0.000 1.221 0.000 0.000 1.302 0.000 0.023 0.000 1.583 0.000 0.706 3.339 1.968 0.000 0.000 1.264 0.012 0.523 0.000 0.000 0.125 
1 test2fip_inconsistent 0.000 0.000 1.813 0.242 0.000 0.000 1.783 3.627 0.000 0.000 0.000 0.000 0.067 0.000 0.000 1.365 0.026 1.826 2.715 0.000 0.738 0.000 0.875 0.802 0.000 0.000 1.705 5.500 0.000 0.000 1.159 0.745 0.000 0.000 0.411 1.254 0.000 1.001 0.000 0.000 
0 test2fip_consistent 1.731 2.898 0.000 0.295 0.208 0.000 2.077 0.438 1.096 0.000 0.000 2.031 3.177 0.000 0.000 0.000 1.166 1.110 0.000 0.433 0.000 0.966 0.000 0.000 2.368 1.133 1.683 0.000 1.078 1.084 0.000 0.000 0.000 1.831 1.539 0.000 0.691 0.000 0.000 0.000 
1 test2fip_inconsistent 1.731 2.898 0.000 0.295 0.208 0.000 2.077 0.438 1.096 0.000 0.000 2.031 3.177 0.000 0.000 0.000 1.166 1.110 0.000 0.433 1.387 2.235 0.000 0.000 0.894 0.170 3.550 0.000 0.040 0.000 0.000 0.458 2.823 1.285 0.436 0.000 2.469 0.770 0.000 0.000 
0 test2fip_consistent 2.401 0.499 1.851 0.378 1.052 0.000 2.375 2.419 0.000 0.397 1.965 0.000 0.000 1.727 0.000 0.612 0.000 0.000 0.772 0.643 0.460 0.000 0.000 0.000 0.072 1.275 1.233 0.000 0.148 0.000 3.800 0.000 0.663 0.000 0.000 0.000 0.000 0.000 0.000 0.000 
1 test2fip_inconsistent 2.401 0.499 1.851 0.378 1.052 0.000 2.375 2.419 0.000 0.397 1.965 0.000 0.000 1.727 0.000 0.612 0.000 0.000 0.772 0.643 1.783 1.349 1.426 0.000 0.000 1.039 2.873 3.173 0.696 1.872 3.762 0.000 0.333 0.000 0.000 0.863 0.000 0.000 0.146 0.000 
0 test2fip_consistent 0.295 1.319 0.000 0.658 0.000 0.000 0.000 3.037 4.400 0.000 1.534 0.938 0.000 0.000 0.426 0.000 0.099 0.000 0.514 0.000 0.276 2.176 1.732 3.698 0.000 0.000 0.661 0.000 0.000 1.913 0.000 0.000 0.000 0.000 0.000 0.000 1.635 0.000 2.323 0.000 
1 test2fip_inconsistent 0.295 1.319 0.000 0.658 0.000 0.000 0.000 3.037 4.400 0.000 1.534 0.938 0.000 0.000 0.426 0.000 0.099 0.000 0.514 0.000 1.236 4.926 0.099 2.057 0.000 0.000 0.465 0.000 3.262 1.526 0.000 0.705 0.000 0.000 0.000 0.000 1.306 0.000 1.922 0.000 
0 test2fip_consistent 0.342 0.000 0.277 0.611 0.000 2.013 0.000 1.374 0.000 0.000 2.644 0.000 4.053 0.066 0.301 0.082 0.900 0.000 0.416 0.000 0.000 0.000 0.220 1.871 0.000 0.000 0.048 0.000 0.836 0.000 1.537 0.734 0.000 0.000 0.274 0.919 0.000 0.000 2.478 0.000 
1 test2fip_inconsistent 0.342 0.000 0.277 0.611 0.000 2.013 0.000 1.374 0.000 0.000 2.644 0.000 4.053 0.066 0.301 0.082 0.900 0.000 0.416 0.000 0.000 0.000 1.932 0.118 0.000 1.303 0.029 0.556 0.000 0.000 3.976 0.000 4.250 0.000 0.000 0.136 0.627 0.000 2.262 0.000 
0 test2fip_consistent 0.000 0.096 0.000 1.932 0.000 0.000 1.832 0.026 0.000 1.014 0.000 0.000 0.000 0.720 0.026 4.296 0.365 0.000 0.000 0.729 0.000 0.069 0.000 0.000 1.035 0.000 0.000 0.000 0.000 0.836 0.000 2.245 0.000 0.651 2.088 0.000 0.000 0.000 3.163 1.685 
1 test2fip_inconsistent 0.000 0.096 0.000 1.932 0.000 0.000 1.832 0.026 0.000 1.014 0.000 0.000 0.000 0.720 0.026 4.296 0.365 0.000 0.000 0.729 0.000 0.033 0.000 0.277 1.079 0.000 2.071 0.000 0.000 0.696 0.000 0.000 0.000 2.087 1.775 3.692 0.890 0.000 2.657 3.887 
0 test2fip_consistent 0.000 3.861 0.456 1.761 0.000 1.390 0.000 0.000 0.002 0.000 0.193 0.000 0.633 0.000 0.000 0.000 0.260 0.000 1.809 3.449 0.000 0.677 0.000 0.000 0.947 1.720 0.683 0.000 2.604 0.000 0.000 3.339 0.743 1.066 0.000 0.000 0.000 0.000 0.000 0.000 
1 test2fip_inconsistent 0.000 3.861 0.456 1.761 0.000 1.390 0.000 0.000 0.002 0.000 0.193 0.000 0.633 0.000 0.000 0.000 0.260 0.000 1.809 3.449 0.000 4.203 0.072 0.000 0.377 2.154 0.218 0.000 0.354 0.000 0.225 2.199 0.468 0.000 1.238 0.000 0.000 0.000 0.661 3.317 
0 test2fip_consistent 0.000 0.019 0.000 0.000 3.435 0.000 0.319 1.032 0.000 1.159 0.000 4.508 0.000 3.407 0.000 0.854 0.000 0.000 0.044 0.000 2.491 0.000 0.000 0.000 0.000 0.000 2.573 3.357 0.000 0.000 0.000 0.333 0.000 0.000 0.000 0.374 0.000 0.000 0.000 0.000 
1 test2fip_inconsistent 0.000 0.019 0.000 0.000 3.435 0.000 0.319 1.032 0.000 1.159 0.000 4.508 0.000 3.407 0.000 0.854 0.000 0.000 0.044 0.000 1.602 1.675 0.000 0.000 2.548 0.000 2.239 1.711 0.000 0.000 0.000 4.463 0.000 0.000 0.000 1.483 0.000 0.000 0.000 0.000 
0 test2fip_consistent 2.654 0.000 1.340 0.000 0.064 1.936 0.000 0.387 1.860 3.234 0.000 0.038 0.234 0.000 1.960 0.000 0.000 0.000 0.000 0.532 1.177 0.000 0.000 2.798 0.000 1.689 0.000 0.000 0.185 0.041 0.000 2.969 1.689 1.713 0.403 0.000 0.000 0.000 0.000 0.393 
1 test2fip_inconsistent 2.654 0.000 1.340 0.000 0.064 1.936 0.000 0.387 1.860 3.234 0.000 0.038 0.234 0.000 1.960 0.000 0.000 0.000 0.000 0.532 0.513 0.000 0.000 2.132 0.000 3.388 0.000 0.000 3.028 3.829 0.000 2.118 1.027 0.923 1.176 0.000 0.000 0.000 0.000 0.355 
0 test2fip_consistent 0.000 0.000 1.117 1.423 1.928 0.000 0.000 0.000 2.121 4.015 0.000 0.000 0.000 2.207 0.764 0.000 0.000 0.032 2.558 0.000 0.000 0.000 4.039 1.559 0.000 0.000 0.000 0.000 0.000 0.437 0.000 0.828 2.286 0.162 0.380 0.021 0.000 0.650 0.000 0.000 
1 test2fip_inconsistent 0.000 0.000 1.117 1.423 1.928 0.000 0.000 0.000 2.121 4.015 0.000 0.000 0.000 2.207 0.764 0.000 0.000 0.032 2.558 0.000 0.000 0.000 3.342 1.129 0.716 0.000 0.000 0.000 2.748 2.960 0.000 0.569 1.135 3.587 1.093 0.000 0.000 0.718 1.089 0.000 
0 test2fip_consistent 0.000 0.000 0.000 0.000 0.107 0.000 1.393 0.834 0.000 0.000 4.030 0.209 0.000 2.950 0.000 0.227 0.000 0.335 2.657 0.917 1.806 0.000 0.000 0.000 1.828 0.974 0.000 0.000 0.000 0.000 1.308 0.000 0.539 0.100 0.000 2.996 1.273 0.946 0.000 0.278 
1 test2fip_inconsistent 0.000 0.000 0.000 0.000 0.107 0.000 1.393 0.834 0.000 0.000 4.030 0.209 0.000 2.950 0.000 0.227 0.000 0.335 2.657 0.917 0.260 0.000 0.000 0.000 1.343 2.202 0.701 0.189 0.000 0.000 5.072 0.000 0.367 2.860 0.000 2.085 0.000 0.720 0.571 0.584 
0 test2fip_consistent 0.587 1.169 0.000 0.000 1.417 0.000 0.000 0.000 0.227 0.000 0.702 0.585 2.288 1.733 0.000 0.000 1.693 0.000 0.000 3.849 0.000 0.057 0.000 0.000 0.000 0.000 0.000 0.804 4.320 0.000 0.000 0.146 2.375 0.000 0.000 0.000 0.000 0.000 0.000 0.000 
1 test2fip_inconsistent 0.587 1.169 0.000 0.000 1.417 0.000 0.000 0.000 0.227 0.000 0.702 0.585 2.288 1.733 0.000 0.000 1.693 0.000 0.000 3.849 1.721 0.859 0.000 0.000 0.000 0.000 0.000 0.000 3.375 0.000 1.132 1.267 1.446 2.420 0.000 0.000 0.000 0.000 0.000 2.942 
0 test2fip_consistent 2.200 0.381 3.474 0.000 0.000 0.000 1.218 0.000 0.000 0.000 0.286 0.000 0.132 1.680 2.609 0.000 0.000 0.391 1.482 1.216 2.474 1.379 0.000 0.000 0.000 0.000 1.667 0.000 0.000 0.000 1.222 0.000 1.635 1.914 0.000 0.000 0.041 3.219 0.314 0.139 
1 test2fip_inconsistent 2.200 0.381 3.474 0.000 0.000 0.000 1.218 0.000 0.000 0.000 0.286 0.000 0.132 1.680 2.609 0.000 0.000 0.391 1.482 1.216 3.975 1.467 3.549 0.000 0.000 0.000 3.134 0.000 0.000 0.000 0.076 0.000 1.236 2.845 2.910 0.000 0.000 1.493 0.000 0.000 
0 test2fip_consistent 2.708 2.577 0.882 1.766 0.166 1.217 0.000 0.000 0.491 0.688 0.600 0.000 2.233 0.576 0.000 0.258 0.000 1.007 0.357 0.000 0.265 0.903 0.000 0.000 0.000 0.000 0.000 0.000 2.038 1.805 2.381 0.000 0.000 0.000 0.000 2.277 0.000 1.788 2.340 0.000 
1 test2fip_inconsistent 2.708 2.577 0.882 1.766 0.166 1.217 0.000 0.000 0.491 0.688 0.600 0.000 2.233 0.576 0.000 0.258 0.000 1.007 0.357 0.000 4.322 3.748 0.000 0.799 0.000 0.183 0.000 0.000 1.011 1.325 2.117 0.000 0.281 0.000 0.000 1.450 0.000 2.483 0.145 0.000 
0 test2fip_consistent 1.523 1.032 0.000 0.000 0.000 1.450 0.076 0.000 5.823 0.000 0.000 0.127 0.000 0.000 0.000 0.246 0.000 0.000 0.000 0.683 3.365 0.000 0.306 0.000 0.000 0.000 2.144 0.000 1.363 0.000 0.000 0.000 0.037 0.000 0.000 3.311 0.000 1.283 0.022 1.229 
1 test2fip_inconsistent 1.523 1.032 0.000 0.000 0.000 1.450 0.076 0.000 5.823 0.000 0.000 0.127 0.000 0.000 0.000 0.246 0.000 0.000 0.000 0.683 1.841 0.000 0.203 0.000 0.000 2.772 1.589 0.000 6.067 0.000 0.000 0.000 0.000 0.000 0.000 2.052 0.000 0.749 0.000 0.636 
0 test2fip_consistent 1.470 1.172 0.000 0.098 0.000 1.650 1.109 0.000 1.634 0.000 2.943 0.213 0.000 1.621 0.000 1.860 0.000 0.000 0.220 3.085 1.711 0.106 0.000 0.000 0.000 0.000 0.127 0.000 0.233 0.000 0.297 0.000 0.373 2.447 0.000 0.746 0.000 2.243 0.000 0.450 
1 test2fip_inconsistent 1.470 1.172 0.000 0.098 0.000 1.650 1.109 0.000 1.634 0.000 2.943 0.213 0.000 1.621 0.000 1.860 0.000 0.000 0.220 3.085 2.223 1.345 0.000 0.000 0.000 0.000 2.263 0.000 1.477 0.000 4.350 0.000 0.000 2.862 0.000 1.141 0.000 0.507 0.421 2.654 
0 test2fip_consistent 3.199 0.000 1.539 0.000 0.000 0.000 0.000 0.962 0.000 1.641 0.075 0.000 0.000 0.000 2.462 0.000 0.000 0.000 2.225 2.693 0.345 0.000 2.201 0.000 0.000 0.003 0.940 0.614 0.000 0.000 1.072 0.879 3.775 0.000 0.000 0.000 0.000 0.000 0.000 0.000 
1 test2fip_inconsistent 3.199 0.000 1.539 0.000 0.000 0.000 0.000 0.962 0.000 1.641 0.075 0.000 0.000 0.000 2.462 0.000 0.000 0.000 2.225 2.693 4.114 0.000 2.327 0.000 0.000 0.000 0.034 0.583 0.000 0.000 0.188 0.791 2.467 0.000 2.211 0.000 0.000 0.000 0.473 2.542 
